0 2 1.5684 1.97907
0 2 1.52161 1.97907
0 2 1.55385 1.97907
0 2 1.57347 1.97907
0 2 0.687765 1.97907
0 2 0.692379 1.97907
0 2 1.53728 1.97907
0 2 0.694007 1.97907
0 2 0.689549 1.97907
0 2 0.710969 1.97907
0 2 0.701306 1.97907
0 2 0.700834 1.97907
0 2 0.728901 1.97907
0 2 0.698183 1.97907
0 2 0.605153 1.97907
0 5 0.969521 1.97907
0 2 2.70023 1.97907
0 2 1.55467 1.97907
0 5 0.668885 1.97907
0 2 0.664161 1.97907
0 2 0.567468 1.97907
0 5 0.790486 1.97907
0 2 0.708745 1.97907
0 2 0.704821 1.97907
0 5 0.781933 1.97907
0 2 0.576597 1.97907
0 2 2.69795 1.97907
0 2 0.571172 1.97907
0 2 0.57238 1.97907
0 5 1.07741 1.97907
0 2 0.677755 1.97907
0 5 0.87137 1.97907
0 2 1.55247 1.97907
0 2 0.713703 1.97907
0 5 0.870186 1.97907
0 2 2.81042 1.97907
0 2 0.703923 1.97907
0 2 0.628727 1.97907
0 5 1.11657 1.97907
0 2 0.725813 1.97907
0 2 0.679214 1.97907
0 5 1.05421 1.97907
0 2 0.572438 1.97907
0 2 0.635753 1.97907
0 5 1.28107 1.97907
0 2 0.575517 1.97907
0 5 0.962135 1.97907
0 2 1.58141 1.97907
0 2 0.579191 1.97907
0 5 0.67554 1.97907
0 2 0.664183 1.97907
0 2 0.612426 1.97907
0 2 2.8827 1.97907
0 5 1.05694 1.97907
0 2 0.662535 1.97907
0 2 0.624908 1.97907
0 5 0.922306 1.97907
0 2 0.660445 1.97907
0 2 0.696958 1.97907
0 5 1.05741 1.97907
0 2 0.67278 1.97907
0 2 0.611987 1.97907
0 5 0.790055 1.97907
0 2 0.679041 1.97907
0 2 0.568394 1.97907
0 5 0.65915 1.97907
0 2 1.59046 1.97907
0 2 0.669719 1.97907
0 5 0.829 1.97907
0 2 0.625873 1.97907
0 2 0.660683 1.97907
0 5 1.07606 1.97907
0 2 0.630651 1.97907
0 2 0.707994 1.97907
0 5 0.95909 1.97907
0 2 0.573336 1.97907
0 2 0.666949 1.97907
0 5 1.14774 1.97907
0 2 0.705568 1.97907
0 5 0.813945 1.97907
0 2 0.575609 1.97907
0 2 1.68618 1.97907
0 5 0.895094 1.97907
0 2 0.577349 1.97907
0 2 1.5747 1.97907
0 5 0.67094 1.97907
0 2 0.569514 1.97907
0 2 0.59507 1.97907
0 5 0.677089 1.97907
0 2 0.678312 1.97907
0 2 0.625623 1.97907
0 2 0.658255 1.97907
0 5 0.683762 1.97907
0 2 0.667796 1.97907
0 2 0.723364 1.97907
0 2 0.664066 1.97907
0 5 0.686136 1.97907
0 2 0.562475 1.97907
0 5 0.995111 1.97907
0 2 0.684832 1.97907
0 2 1.58539 1.97907
0 2 0.669091 1.97907
0 5 0.973827 1.97907
0 2 0.654004 1.97907
0 2 2.75099 1.97907
0 5 0.95923 1.97907
0 2 0.572033 1.97907
0 2 0.662847 1.97907
0 5 1.07306 1.97907
0 2 0.599806 1.97907
0 5 0.963276 1.97907
0 2 1.53887 1.97907
0 2 0.701114 1.97907
0 5 0.810536 1.97907
0 2 0.573261 1.97907
0 2 1.58513 1.97907
0 5 0.984416 1.97907
0 2 1.56464 1.97907
0 2 0.677391 1.97907
0 5 1.01329 1.97907
0 2 0.57244 1.97907
0 2 0.707181 1.97907
0 5 1.15207 1.97907
0 2 0.642576 1.97907
0 2 1.5548 1.97907
0 5 1.03897 1.97907
0 2 0.67077 1.97907
0 2 0.703091 1.97907
0 5 0.828399 1.97907
0 2 0.567797 1.97907
0 5 0.864478 1.97907
0 2 1.54574 1.97907
0 2 2.82502 1.97907
0 2 0.6568 1.97907
0 2 0.693353 1.97907
0 5 0.877202 1.97907
0 2 0.609405 1.97907
0 2 0.574072 1.97907
0 5 0.973235 1.97907
0 2 0.628411 1.97907
0 5 0.853615 1.97907
0 2 1.5794 1.97907
1 2 0.73547 16.3027
1 2 0.615967 16.3027
0 5 0.835892 1.97907
1 2 0.712334 16.3027
0 5 1.07948 1.97907
1 2 1.59234 16.3027
1 2 0.680514 16.3027
1 2 0.779377 16.3027
0 5 0.825649 1.97907
1 2 0.620886 16.3027
0 5 0.849842 1.97907
1 2 2.88377 16.3027
1 2 0.701571 16.3027
1 2 0.781891 16.3027
0 5 1.07891 1.97907
1 2 0.705572 16.3027
1 2 0.619288 16.3027
0 5 0.957265 1.97907
1 2 0.729263 16.3027
1 2 0.745835 16.3027
0 5 1.04643 1.97907
1 2 0.687743 16.3027
0 5 0.662399 1.97907
1 2 0.766998 16.3027
1 2 1.60335 16.3027
0 5 0.654098 1.97907
1 2 0.767782 16.3027
1 2 1.58216 16.3027
0 5 0.662064 1.97907
1 2 0.755239 16.3027
1 2 1.59753 16.3027
0 5 0.940962 1.97907
1 2 0.761763 16.3027
1 2 0.710484 16.3027
1 2 2.84742 16.3027
0 5 1.08808 1.97907
1 2 0.620544 16.3027
0 5 1.01934 1.97907
1 2 0.712313 16.3027
0 5 0.666039 1.97907
1 2 0.721608 16.3027
1 2 1.63418 16.3027
0 5 0.657999 1.97907
1 2 0.716009 16.3027
1 2 2.88198 16.3027
1 2 0.731276 16.3027
0 5 0.976537 1.97907
1 2 0.670338 16.3027
1 2 1.58864 16.3027
0 5 0.834333 1.97907
1 2 0.673061 16.3027
1 2 1.55782 16.3027
0 5 0.755111 1.97907
1 2 0.733127 16.3027
1 2 0.770703 16.3027
0 5 0.783066 1.97907
1 2 0.653421 16.3027
1 2 0.763022 16.3027
0 5 1.1109 1.97907
1 2 0.62175 16.3027
1 2 0.763808 16.3027
0 5 0.948438 1.97907
1 2 0.619572 16.3027
0 5 0.66517 1.97907
1 2 0.701513 16.3027
1 2 0.629266 16.3027
0 5 0.991363 1.97907
1 2 0.623718 16.3027
1 2 2.88242 16.3027
0 5 1.17785 1.97907
1 2 0.627957 16.3027
0 5 0.996755 1.97907
1 2 0.622403 16.3027
1 2 2.86879 16.3027
1 2 0.708537 16.3027
0 5 0.652812 1.97907
0 5 0.936306 1.97907
2 2 2.88821 -2.33515
2 2 0.707864 -2.33515
2 2 0.643108 -2.33515
0 5 0.796486 1.97907
2 2 0.649597 -2.33515
2 2 0.608915 -2.33515
0 5 0.971 1.97907
2 2 0.607908 -2.33515
2 2 0.767507 -2.33515
0 5 1.13931 1.97907
2 2 0.649844 -2.33515
0 5 0.985613 1.97907
2 2 1.6234 -2.33515
2 2 0.607515 -2.33515
0 5 0.684218 1.97907
2 2 0.741572 -2.33515
2 2 0.5977 -2.33515
0 5 0.676572 1.97907
2 2 2.8919 -2.33515
2 2 0.602895 -2.33515
0 5 0.99282 1.97907
2 2 0.738909 -2.33515
2 2 1.58918 -2.33515
0 5 0.704873 1.97907
2 2 0.742485 -2.33515
2 2 1.59416 -2.33515
0 5 0.703677 1.97907
2 2 2.87885 -2.33515
2 2 1.56011 -2.33515
0 5 1.00446 1.97907
2 2 0.767865 -2.33515
2 2 0.6005 -2.33515
0 5 1.03184 1.97907
2 2 2.84537 -2.33515
2 2 0.722961 -2.33515
0 5 1.08648 1.97907
2 2 1.56843 -2.33515
2 2 0.695393 -2.33515
2 2 0.609649 -2.33515
2 2 0.740729 -2.33515
0 5 1.09514 1.97907
2 2 0.692859 -2.33515
0 5 1.03473 1.97907
2 2 0.704541 -2.33515
0 5 1.01842 1.97907
2 2 0.699939 -2.33515
2 2 2.9089 -2.33515
0 5 1.00389 1.97907
2 2 0.688673 -2.33515
2 2 0.732191 -2.33515
0 5 1.03699 1.97907
2 2 0.669903 -2.33515
2 2 0.594425 -2.33515
0 5 1.08168 1.97907
2 2 0.600852 -2.33515
2 2 1.60197 -2.33515
0 5 1.13512 1.97907
2 2 0.59552 -2.33515
2 2 1.58831 -2.33515
2 2 0.593595 -2.33515
0 5 1.02541 1.97907
2 2 0.730133 -2.33515
2 2 0.678011 -2.33515
0 5 1.04923 1.97907
2 2 0.682099 -2.33515
2 2 0.698179 -2.33515
0 5 1.13494 1.97907
2 2 0.60381 -2.33515
2 2 0.659468 -2.33515
0 5 0.956905 1.97907
2 2 0.596256 -2.33515
0 5 0.991379 1.97907
2 2 0.726082 -2.33515
2 2 0.6054 -2.33515
0 5 0.655158 1.97907
3 2 0.689458 202.555
0 5 0.824586 1.97907
3 2 0.630367 202.555
3 2 0.575422 202.555
0 5 0.992011 1.97907
3 2 0.583185 202.555
3 2 0.733072 202.555
0 5 0.762296 1.97907
3 2 0.578979 202.555
3 2 0.695926 202.555
0 5 1.07722 1.97907
3 2 0.7039 202.555
3 2 0.574538 202.555
0 5 0.977878 1.97907
3 2 1.55708 202.555
3 2 0.58179 202.555
0 5 0.681906 1.97907
3 2 1.569 202.555
3 2 0.657644 202.555
1 5 0.686792 16.3027
3 2 0.709023 202.555
3 2 0.584117 202.555
1 5 0.969217 16.3027
3 2 0.56977 202.555
3 2 0.578115 202.555
3 2 0.687336 202.555
1 5 1.00963 16.3027
3 2 0.615939 202.555
1 5 0.690112 16.3027
3 2 1.56506 202.555
3 2 0.581108 202.555
1 5 0.686673 16.3027
3 2 0.705286 202.555
3 2 0.579271 202.555
3 2 0.633352 202.555
1 5 1.02279 16.3027
3 2 0.707229 202.555
3 2 0.607747 202.555
1 5 0.685024 16.3027
3 2 0.705002 202.555
3 2 0.638019 202.555
1 5 0.705794 16.3027
3 2 0.613092 202.555
3 2 2.77593 202.555
1 5 1.03431 16.3027
3 2 0.653144 202.555
3 2 0.652302 202.555
3 2 0.704563 202.555
1 5 0.993575 16.3027
3 2 0.759975 202.555
1 5 1.05434 16.3027
3 2 0.634746 202.555
3 2 0.681087 202.555
1 5 1.05207 16.3027
3 2 1.59575 202.555
3 2 0.589183 202.555
1 5 0.68611 16.3027
3 2 1.55318 202.555
3 2 0.644292 202.555
1 5 0.667987 16.3027
3 2 1.60371 202.555
3 2 0.655024 202.555
1 5 0.846243 16.3027
3 2 0.707402 202.555
3 2 0.652936 202.555
1 5 0.685177 16.3027
3 2 0.678943 202.555
3 2 0.580858 202.555
1 5 0.775535 16.3027
3 2 0.70204 202.555
1 5 0.98707 16.3027
3 2 0.694069 202.555
3 2 2.7426 202.555
3 2 1.56747 202.555
1 5 0.752337 16.3027
4 2 0.685047 9.75058
4 2 0.573143 9.75058
4 2 2.79331 9.75058
1 5 0.803686 16.3027
4 2 1.56274 9.75058
4 2 0.571158 9.75058
1 5 0.680633 16.3027
4 2 0.66493 9.75058
4 2 0.572845 9.75058
1 5 0.982747 16.3027
4 2 0.677599 9.75058
4 2 0.713466 9.75058
1 5 1.01479 16.3027
4 2 0.613826 9.75058
4 2 2.8778 9.75058
1 5 1.0553 16.3027
4 2 1.68175 9.75058
4 2 0.58013 9.75058
4 2 0.702602 9.75058
1 5 1.09477 16.3027
1 5 0.990417 16.3027
4 2 0.654004 9.75058
4 2 1.56155 9.75058
1 5 0.684175 16.3027
4 2 2.67398 9.75058
4 2 1.56411 9.75058
4 2 0.564478 9.75058
1 5 0.680076 16.3027
4 2 0.593237 9.75058
4 2 2.90348 9.75058
1 5 1.1137 16.3027
4 2 0.578972 9.75058
4 2 0.654519 9.75058
1 5 1.1289 16.3027
4 2 0.65508 9.75058
1 5 1.02159 16.3027
4 2 0.572365 9.75058
4 2 1.52904 9.75058
1 5 0.817475 16.3027
4 2 0.629466 9.75058
4 2 2.6625 9.75058
4 2 0.63584 9.75058
1 5 0.707803 16.3027
4 2 0.66582 9.75058
4 2 1.53725 9.75058
1 5 0.977354 16.3027
4 2 0.606196 9.75058
4 2 0.563502 9.75058
1 5 0.799485 16.3027
4 2 1.53891 9.75058
4 2 2.67463 9.75058
1 5 0.766905 16.3027
4 2 0.577894 9.75058
4 2 0.627264 9.75058
1 5 1.04195 16.3027
4 2 0.566159 9.75058
4 2 0.583838 9.75058
4 2 0.585796 9.75058
1 5 0.755004 16.3027
4 2 0.641575 9.75058
1 5 0.968653 16.3027
4 2 0.561652 9.75058
4 2 0.610949 9.75058
1 5 0.997825 16.3027
4 2 0.566547 9.75058
4 2 0.572575 9.75058
4 2 0.568067 9.75058
1 5 0.952398 16.3027
4 2 0.581745 9.75058
4 2 0.66215 9.75058
1 5 0.829334 16.3027
4 2 0.569042 9.75058
4 2 0.680907 9.75058
1 5 1.02888 16.3027
1 5 0.986498 16.3027
1 5 1.00608 16.3027
1 5 0.692003 16.3027
1 5 0.817418 16.3027
1 5 1.01628 16.3027
1 5 0.892151 16.3027
1 5 0.890711 16.3027
2 5 0.927347 -0.514578
2 5 0.904751 -0.514578
2 5 0.937505 -0.514578
2 5 0.885597 -0.514578
2 5 0.876042 -0.514578
2 5 0.948386 -0.514578
2 5 0.663648 -0.514578
5 2 55.9133 24.8545
2 5 1.14814 -0.514578
5 2 58.1004 24.8545
2 5 0.924651 -0.514578
2 5 0.646388 -0.514578
2 5 0.659354 -0.514578
2 5 0.669721 -0.514578
2 5 0.673696 -0.514578
2 5 0.927781 -0.514578
2 5 0.931876 -0.514578
2 5 0.939326 -0.514578
5 2 57.8516 24.8545
2 5 1.03058 -0.514578
2 5 0.663885 -0.514578
2 5 0.933111 -0.514578
2 5 0.958337 -0.514578
2 5 1.03112 -0.514578
2 5 0.739624 -0.514578
2 5 1.01638 -0.514578
5 2 57.0962 24.8545
2 5 1.07119 -0.514578
2 5 1.08618 -0.514578
2 5 1.01184 -0.514578
2 5 1.13383 -0.514578
2 5 0.919995 -0.514578
2 5 1.10947 -0.514578
5 2 55.9091 24.8545
2 5 1.01831 -0.514578
2 5 0.991705 -0.514578
2 5 0.936909 -0.514578
2 5 0.946781 -0.514578
2 5 0.966939 -0.514578
2 5 0.950344 -0.514578
2 5 0.945406 -0.514578
2 5 0.652939 -0.514578
5 2 57.2254 24.8545
2 5 0.942684 -0.514578
5 2 57.552 24.8545
2 5 0.967177 -0.514578
2 5 1.02158 -0.514578
2 5 1.09204 -0.514578
2 5 1.0913 -0.514578
2 5 1.1392 -0.514578
2 5 1.1405 -0.514578
2 5 1.16675 -0.514578
2 5 1.07424 -0.514578
5 2 58.0731 24.8545
2 5 1.14631 -0.514578
2 5 1.06845 -0.514578
2 5 1.10729 -0.514578
2 5 1.14998 -0.514578
3 5 1.22293 202.555
3 5 0.77331 202.555
3 5 0.680995 202.555
5 2 56.9632 24.8545
3 5 0.986143 202.555
3 5 0.857103 202.555
3 5 1.07292 202.555
3 5 0.971149 202.555
3 5 0.684156 202.555
3 5 0.68415 202.555
5 2 55.8907 24.8545
3 5 0.767644 202.555
3 5 1.01391 202.555
3 5 1.09764 202.555
3 5 0.685065 202.555
5 2 57.4194 24.8545
3 5 0.832959 202.555
3 5 1.07131 202.555
3 5 1.07164 202.555
3 5 0.978192 202.555
3 5 1.05131 202.555
3 5 0.83128 202.555
5 2 57.0474 24.8545
3 5 1.08733 202.555
3 5 1.03979 202.555
3 5 1.00329 202.555
5 2 57.7673 24.8545
3 5 0.876589 202.555
3 5 0.692933 202.555
3 5 0.888398 202.555
3 5 1.11451 202.555
3 5 0.803705 202.555
3 5 0.82797 202.555
5 2 58.4377 24.8545
5 2 56.8816 24.8545
3 5 1.05716 202.555
3 5 0.803015 202.555
3 5 1.0133 202.555
3 5 0.993664 202.555
3 5 0.994089 202.555
3 5 0.679808 202.555
3 5 0.682542 202.555
3 5 1.08428 202.555
5 2 57.4264 24.8545
3 5 1.09688 202.555
3 5 0.821407 202.555
3 5 1.01542 202.555
3 5 1.07829 202.555
3 5 1.08147 202.555
5 2 57.0545 24.8545
3 5 1.08134 202.555
3 5 0.67316 202.555
3 5 0.811091 202.555
5 2 57.3905 24.8545
3 5 0.844114 202.555
3 5 0.833846 202.555
3 5 0.8028 202.555
3 5 0.886361 202.555
3 5 0.877464 202.555
3 5 0.686151 202.555
5 2 57.3823 24.8545
4 5 1.04113 9.75058
4 5 0.874458 9.75058
4 5 1.02464 9.75058
4 5 0.993098 9.75058
5 2 59.7154 24.8545
4 5 0.700504 9.75058
4 5 0.686791 9.75058
4 5 0.686198 9.75058
4 5 0.765812 9.75058
5 2 57.6648 24.8545
4 5 0.801359 9.75058
4 5 0.779593 9.75058
4 5 0.667467 9.75058
4 5 0.773045 9.75058
5 2 55.8982 24.8545
4 5 1.0308 9.75058
4 5 0.801268 9.75058
4 5 0.690229 9.75058
4 5 0.673365 9.75058
4 5 0.668334 9.75058
4 5 0.963837 9.75058
5 2 57.5486 24.8545
4 5 1.057 9.75058
4 5 1.09876 9.75058
4 5 1.10043 9.75058
4 5 1.01219 9.75058
4 5 0.997057 9.75058
4 5 1.02733 9.75058
5 2 57.3061 24.8545
4 5 0.99937 9.75058
4 5 0.670746 9.75058
5 2 58.553 24.8545
4 5 0.664648 9.75058
4 5 0.98492 9.75058
4 5 0.997383 9.75058
4 5 0.672034 9.75058
4 5 0.777673 9.75058
4 5 0.67214 9.75058
5 2 57.4774 24.8545
4 5 0.677999 9.75058
4 5 1.12806 9.75058
4 5 0.682227 9.75058
4 5 1.13262 9.75058
4 5 0.980351 9.75058
5 2 59.6951 24.8545
4 5 0.989987 9.75058
4 5 0.671373 9.75058
4 5 0.67406 9.75058
4 5 0.706609 9.75058
5 2 56.9133 24.8545
4 5 0.686764 9.75058
4 5 1.19345 9.75058
4 5 0.805759 9.75058
4 5 1.09267 9.75058
4 5 0.785029 9.75058
4 5 0.69312 9.75058
5 2 57.4626 24.8545
4 5 0.848802 9.75058
4 5 0.689633 9.75058
4 5 0.772933 9.75058
5 2 57.855 24.8545
5 5 14.5273 24.8545
5 2 58.2735 24.8545
5 5 14.7452 24.8545
5 2 58.5105 24.8545
5 5 14.4317 24.8545
5 2 57.3618 24.8545
5 5 14.5356 24.8545
5 2 57.1266 24.8545
5 5 14.5254 24.8545
5 2 55.9183 24.8545
5 5 14.7551 24.8545
5 2 57.4761 24.8545
5 5 14.5006 24.8545
5 2 57.6141 24.8545
5 5 14.4963 24.8545
5 2 57.394 24.8545
5 5 14.5854 24.8545
5 5 14.786 24.8545
5 2 59.5767 24.8545
5 2 57.6467 24.8545
5 5 14.4778 24.8545
5 5 14.4867 24.8545
5 2 57.2494 24.8545
5 2 57.7299 24.8545
5 5 14.7912 24.8545
5 2 57.4296 24.8545
5 5 14.4487 24.8545
5 2 58.2267 24.8545
5 5 14.4808 24.8545
5 2 55.8924 24.8545
5 5 14.7641 24.8545
5 2 57.5822 24.8545
5 5 14.5144 24.8545
5 2 56.9533 24.8545
5 5 14.5014 24.8545
5 2 56.9897 24.8545
5 5 14.4421 24.8545
5 2 58.2579 24.8545
0 3 0.367403 1.97907
5 5 14.7543 24.8545
0 3 0.360349 1.97907
5 2 57.4031 24.8545
0 3 0.914844 1.97907
5 5 14.5387 24.8545
0 3 0.363676 1.97907
0 3 0.374667 1.97907
5 5 14.5814 24.8545
0 3 0.363314 1.97907
0 3 0.373797 1.97907
0 3 1.01634 1.97907
5 5 14.8332 24.8545
0 3 0.358792 1.97907
0 3 0.368529 1.97907
5 5 14.5838 24.8545
0 3 0.37673 1.97907
0 3 0.936182 1.97907
0 3 0.905275 1.97907
5 5 14.5742 24.8545
0 3 0.37435 1.97907
0 3 0.363252 1.97907
0 3 0.362764 1.97907
5 5 14.5418 24.8545
0 3 0.915237 1.97907
0 3 0.364404 1.97907
5 5 14.3583 24.8545
0 3 0.364039 1.97907
0 3 0.378578 1.97907
0 3 0.941797 1.97907
5 5 14.7867 24.8545
0 3 0.912796 1.97907
0 3 0.914334 1.97907
0 3 0.365768 1.97907
5 5 14.5549 24.8545
0 3 0.930079 1.97907
0 3 0.363754 1.97907
0 3 0.97758 1.97907
0 3 0.910649 1.97907
5 5 14.4721 24.8545
0 3 0.362277 1.97907
0 3 0.919229 1.97907
0 3 1.03038 1.97907
0 3 0.375779 1.97907
0 3 0.934632 1.97907
5 5 14.8187 24.8545
0 3 1.02251 1.97907
0 3 1.04939 1.97907
0 3 1.00215 1.97907
0 3 0.937246 1.97907
5 5 14.5088 24.8545
0 3 0.929923 1.97907
0 3 1.02 1.97907
0 3 0.368454 1.97907
0 3 0.36186 1.97907
0 3 1.02037 1.97907
5 5 14.8168 24.8545
0 3 0.915624 1.97907
0 3 1.0409 1.97907
0 3 0.95675 1.97907
0 3 1.03408 1.97907
0 3 1.03014 1.97907
5 5 14.4702 24.8545
0 3 0.407819 1.97907
0 3 0.406635 1.97907
0 3 0.921749 1.97907
0 3 0.36997 1.97907
0 3 0.932807 1.97907
0 3 0.42285 1.97907
5 5 14.4498 24.8545
0 3 0.423961 1.97907
0 3 0.919512 1.97907
0 3 0.947034 1.97907
0 3 0.933535 1.97907
0 3 0.419705 1.97907
5 5 14.4586 24.8545
0 3 1.11965 1.97907
0 3 0.434903 1.97907
0 3 0.931623 1.97907
0 3 0.928064 1.97907
0 3 0.42457 1.97907
5 5 14.4326 24.8545
0 3 0.934756 1.97907
0 3 0.932349 1.97907
0 3 0.36001 1.97907
0 3 1.15741 1.97907
0 3 0.370149 1.97907
0 3 0.935933 1.97907
0 3 0.893745 1.97907
0 3 0.368124 1.97907
0 3 0.371012 1.97907
0 3 0.430627 1.97907
0 3 0.460068 1.97907
0 3 0.436584 1.97907
0 3 0.437065 1.97907
0 3 1.05273 1.97907
0 3 0.939875 1.97907
0 3 0.375558 1.97907
0 3 0.92136 1.97907
0 3 0.925875 1.97907
0 3 1.02961 1.97907
0 3 0.374056 1.97907
0 3 0.907038 1.97907
0 3 1.25653 1.97907
0 3 0.44184 1.97907
5 5 14.724 24.8545
0 3 0.359794 1.97907
0 3 0.369804 1.97907
0 3 0.913727 1.97907
0 3 0.373661 1.97907
0 3 0.3675 1.97907
0 3 0.371416 1.97907
0 3 0.448349 1.97907
0 3 0.929741 1.97907
0 3 0.367069 1.97907
0 3 0.914031 1.97907
0 3 0.93482 1.97907
0 3 0.919528 1.97907
0 3 0.359819 1.97907
0 3 0.453406 1.97907
1 3 0.391206 16.3027
1 3 0.476949 16.3027
1 3 0.391324 16.3027
1 3 0.479862 16.3027
1 3 0.385538 16.3027
1 3 1.07065 16.3027
5 5 14.7743 24.8545
1 3 0.494182 16.3027
1 3 0.924831 16.3027
1 3 0.396586 16.3027
1 3 0.970333 16.3027
1 3 0.921004 16.3027
1 3 0.385174 16.3027
1 3 0.551634 16.3027
1 3 0.387281 16.3027
1 3 1.13801 16.3027
1 3 0.397019 16.3027
1 3 0.956003 16.3027
1 3 0.490791 16.3027
1 3 0.489842 16.3027
1 3 1.06704 16.3027
5 5 14.4938 24.8545
1 3 0.484423 16.3027
1 3 0.951678 16.3027
1 3 0.480831 16.3027
1 3 0.940191 16.3027
1 3 0.469364 16.3027
5 5 14.5755 24.8545
1 3 0.960027 16.3027
1 3 1.0614 16.3027
1 3 1.11063 16.3027
1 3 0.392394 16.3027
1 3 0.463259 16.3027
1 3 0.39382 16.3027
1 3 2.05313 16.3027
1 3 1.07464 16.3027
1 3 1.12984 16.3027
1 3 0.465748 16.3027
1 3 1.10844 16.3027
1 3 0.460956 16.3027
5 5 14.526 24.8545
1 3 1.05906 16.3027
1 3 2.11976 16.3027
1 3 0.954506 16.3027
1 3 0.944002 16.3027
1 3 0.46151 16.3027
1 3 1.11048 16.3027
1 3 2.32212 16.3027
1 3 0.974903 16.3027
1 3 1.98282 16.3027
1 3 0.512737 16.3027
5 5 14.5014 24.8545
1 3 1.09489 16.3027
1 3 0.938949 16.3027
1 3 3.32054 16.3027
2 3 1.14849 -2.33515
2 3 0.34891 -2.33515
2 3 1.29407 -2.33515
2 3 3.75822 -2.33515
2 3 0.422511 -2.33515
2 3 0.91709 -2.33515
2 3 0.34292 -2.33515
2 3 1.58496 -2.33515
2 3 1.09934 -2.33515
5 5 14.4454 24.8545
2 3 0.389819 -2.33515
2 3 2.24711 -2.33515
2 3 0.902042 -2.33515
2 3 1.04631 -2.33515
2 3 2.3082 -2.33515
2 3 1.04676 -2.33515
2 3 0.905387 -2.33515
2 3 1.13938 -2.33515
2 3 1.04649 -2.33515
2 3 1.12394 -2.33515
5 5 14.4984 24.8545
2 3 0.879321 -2.33515
2 3 1.07017 -2.33515
2 3 0.94845 -2.33515
2 3 1.0898 -2.33515
2 3 0.900015 -2.33515
2 3 0.394169 -2.33515
2 3 0.416422 -2.33515
2 3 0.962433 -2.33515
2 3 1.07319 -2.33515
2 3 1.84722 -2.33515
2 3 0.959164 -2.33515
5 5 14.4363 24.8545
2 3 2.73756 -2.33515
2 3 0.337458 -2.33515
2 3 0.908445 -2.33515
2 3 0.395253 -2.33515
2 3 3.26096 -2.33515
2 3 1.83563 -2.33515
2 3 1.01164 -2.33515
2 3 0.404698 -2.33515
2 3 0.421246 -2.33515
2 3 0.897271 -2.33515
2 3 0.901893 -2.33515
5 5 14.463 24.8545
2 3 1.10861 -2.33515
2 3 3.58861 -2.33515
2 3 1.12909 -2.33515
2 3 3.28801 -2.33515
2 3 0.923803 -2.33515
2 3 0.407066 -2.33515
2 3 0.913496 -2.33515
2 3 1.79397 -2.33515
2 3 0.871648 -2.33515
3 3 0.9437 202.555
3 3 1.15808 202.555
3 3 0.467478 202.555
3 3 0.948498 202.555
5 5 14.5136 24.8545
3 3 1.26692 202.555
3 3 0.457913 202.555
3 3 1.85006 202.555
3 3 0.381861 202.555
3 3 1.0437 202.555
3 3 2.76538 202.555
3 3 1.08826 202.555
5 5 14.7828 24.8545
3 3 0.461805 202.555
3 3 0.989244 202.555
3 3 1.08926 202.555
3 3 2.01522 202.555
3 3 0.46035 202.555
3 3 1.14649 202.555
3 3 0.94486 202.555
3 3 0.3872 202.555
3 3 1.12977 202.555
3 3 1.53812 202.555
3 3 0.943875 202.555
3 3 3.10907 202.555
3 3 0.949246 202.555
5 5 14.4702 24.8545
3 3 0.464461 202.555
3 3 1.15915 202.555
3 3 2.61945 202.555
3 3 1.86134 202.555
3 3 0.94479 202.555
3 3 0.377295 202.555
3 3 0.464201 202.555
3 3 0.996336 202.555
3 3 1.09803 202.555
3 3 1.57305 202.555
3 3 0.387846 202.555
3 3 1.62351 202.555
3 3 1.1016 202.555
3 3 1.17516 202.555
3 3 2.48239 202.555
3 3 1.93054 202.555
3 3 1.15624 202.555
3 3 0.456912 202.555
3 3 1.00441 202.555
3 3 1.23497 202.555
3 3 2.03477 202.555
3 3 1.1741 202.555
3 3 1.53572 202.555
3 3 0.955088 202.555
3 3 1.08818 202.555
4 3 0.38414 9.75058
3 3 1.84941 202.555
4 3 0.471053 9.75058
4 3 1.26623 9.75058
4 3 0.453276 9.75058
4 3 0.487577 9.75058
4 3 3.34752 9.75058
4 3 1.83274 9.75058
4 3 0.450143 9.75058
4 3 1.19415 9.75058
4 3 0.952911 9.75058
4 3 1.85789 9.75058
4 3 1.16047 9.75058
4 3 0.490114 9.75058
4 3 1.25291 9.75058
4 3 1.04924 9.75058
4 3 1.12258 9.75058
4 3 0.387174 9.75058
4 3 0.472267 9.75058
4 3 1.53982 9.75058
4 3 1.67427 9.75058
4 3 0.93561 9.75058
4 3 0.47214 9.75058
4 3 0.453246 9.75058
4 3 0.371383 9.75058
4 3 0.449086 9.75058
4 3 1.84543 9.75058
4 3 0.944835 9.75058
4 3 0.470928 9.75058
4 3 1.1157 9.75058
4 3 0.927611 9.75058
4 3 4.07527 9.75058
4 3 1.23079 9.75058
4 3 1.14779 9.75058
4 3 1.06709 9.75058
4 3 1.27321 9.75058
4 3 0.458022 9.75058
4 3 3.44398 9.75058
4 3 1.53202 9.75058
4 3 1.19817 9.75058
4 3 0.382929 9.75058
4 3 1.07507 9.75058
4 3 1.8681 9.75058
4 3 0.937641 9.75058
4 3 0.45422 9.75058
4 3 1.11303 9.75058
4 3 0.48822 9.75058
4 3 1.57965 9.75058
4 3 1.13142 9.75058
4 3 1.2587 9.75058
4 3 1.05883 9.75058
5 3 29.0495 24.8545
5 3 29.7031 24.8545
5 3 30.0076 24.8545
5 3 44.2526 24.8545
5 3 28.0358 24.8545
5 3 29.6826 24.8545
5 3 28.919 24.8545
5 3 28.9074 24.8545
5 3 29.1937 24.8545
5 3 29.2181 24.8545
5 3 29.4646 24.8545
5 3 29.8858 24.8545
5 3 29.2795 24.8545
5 3 29.5051 24.8545
5 3 29.6885 24.8545
5 3 28.0092 24.8545
5 3 28.9712 24.8545
5 3 29.6412 24.8545
5 3 29.1134 24.8545
5 3 28.6385 24.8545
5 3 31.955 24.8545
5 3 29.1493 24.8545
5 3 29.3577 24.8545
5 3 29.8934 24.8545
5 3 27.9827 24.8545
5 3 29.9381 24.8545
5 3 29.6684 24.8545
5 3 29.4089 24.8545
5 3 29.9426 24.8545
5 3 31.8486 24.8545
5 3 30.0751 24.8545
5 3 28.1529 24.8545
5 3 30.2825 24.8545
5 3 29.9225 24.8545
5 3 32.037 24.8545
5 3 29.9008 24.8545
5 3 28.154 24.8545
5 3 29.2005 24.8545
5 3 28.8427 24.8545
5 3 28.0125 24.8545
5 3 29.2692 24.8545
5 3 28.8261 24.8545
5 3 29.7792 24.8545
5 3 29.1512 24.8545
5 3 27.9992 24.8545
5 3 28.1606 24.8545
5 3 29.8234 24.8545
5 3 29.2117 24.8545
5 3 29.1728 24.8545
5 3 28.7464 24.8545
0 31 2.72155 1.97907
0 31 2.69466 1.97907
0 31 2.78602 1.97907
0 31 2.80914 1.97907
0 31 2.8831 1.97907
0 31 2.79372 1.97907
0 31 2.74887 1.97907
0 31 2.74194 1.97907
0 31 2.70998 1.97907
0 31 2.83514 1.97907
0 31 2.88126 1.97907
0 31 2.94846 1.97907
0 31 2.87101 1.97907
0 31 2.85943 1.97907
0 31 2.7486 1.97907
0 31 2.73141 1.97907
0 31 2.75373 1.97907
0 31 2.64201 1.97907
0 31 2.69008 1.97907
0 31 2.67826 1.97907
0 31 2.87245 1.97907
0 31 2.73393 1.97907
0 31 2.90328 1.97907
0 31 2.73729 1.97907
0 31 2.8329 1.97907
0 31 2.81008 1.97907
0 31 2.8063 1.97907
0 31 2.78615 1.97907
0 31 2.83925 1.97907
0 31 2.76969 1.97907
0 31 2.86933 1.97907
0 31 2.82863 1.97907
0 31 2.76899 1.97907
0 31 2.69703 1.97907
0 31 2.74125 1.97907
0 31 2.79522 1.97907
0 31 2.74536 1.97907
0 31 3.02213 1.97907
0 31 2.84575 1.97907
0 31 2.68968 1.97907
0 31 2.988 1.97907
0 31 2.78426 1.97907
0 31 2.85817 1.97907
0 31 2.72117 1.97907
0 31 2.73252 1.97907
0 31 2.78877 1.97907
0 31 2.82735 1.97907
0 31 2.77911 1.97907
0 31 2.74304 1.97907
0 31 2.85738 1.97907
0 31 2.78614 1.97907
0 31 2.70148 1.97907
0 31 2.76075 1.97907
0 31 2.83484 1.97907
0 31 2.70603 1.97907
0 31 2.89661 1.97907
0 31 2.82579 1.97907
0 31 2.67295 1.97907
0 31 2.65511 1.97907
0 31 2.84104 1.97907
0 31 2.73469 1.97907
0 31 2.74392 1.97907
0 31 2.77016 1.97907
0 31 2.65789 1.97907
0 31 2.71388 1.97907
0 31 2.67768 1.97907
0 31 2.7445 1.97907
0 31 2.77961 1.97907
0 31 2.66207 1.97907
0 31 2.73637 1.97907
0 31 2.8849 1.97907
0 31 2.70856 1.97907
0 31 2.77686 1.97907
0 31 2.7766 1.97907
0 31 2.78166 1.97907
0 31 2.77345 1.97907
0 31 3.08143 1.97907
0 31 2.84326 1.97907
0 31 2.90031 1.97907
0 31 2.687 1.97907
0 31 2.85462 1.97907
0 31 2.76071 1.97907
0 31 2.78049 1.97907
0 31 2.7412 1.97907
0 31 2.75857 1.97907
0 31 2.93982 1.97907
0 31 2.6901 1.97907
0 31 2.75764 1.97907
0 31 2.83424 1.97907
0 31 2.72971 1.97907
0 31 2.85821 1.97907
0 31 2.7398 1.97907
0 31 2.77774 1.97907
0 31 2.76643 1.97907
0 31 2.71793 1.97907
0 31 2.75672 1.97907
0 31 2.7076 1.97907
0 31 2.84093 1.97907
0 31 2.82877 1.97907
0 31 2.70951 1.97907
1 31 2.89259 16.3027
1 31 2.76153 16.3027
1 31 2.84087 16.3027
1 31 2.85744 16.3027
1 31 2.74606 16.3027
1 31 2.81425 16.3027
1 31 2.64345 16.3027
1 31 2.95341 16.3027
1 31 2.84372 16.3027
1 31 2.8079 16.3027
1 31 2.69943 16.3027
1 31 2.73417 16.3027
1 31 2.78429 16.3027
1 31 2.82929 16.3027
1 31 2.74654 16.3027
1 31 2.86748 16.3027
1 31 2.82192 16.3027
1 31 2.91508 16.3027
1 31 2.76306 16.3027
1 31 2.73456 16.3027
1 31 2.83475 16.3027
1 31 2.80228 16.3027
1 31 2.76436 16.3027
1 31 2.81359 16.3027
1 31 2.83055 16.3027
1 31 2.71365 16.3027
1 31 2.73126 16.3027
1 31 2.68525 16.3027
1 31 2.8315 16.3027
1 31 2.67503 16.3027
1 31 2.68466 16.3027
1 31 2.81566 16.3027
1 31 2.75681 16.3027
1 31 2.8574 16.3027
1 31 2.74838 16.3027
1 31 2.90426 16.3027
1 31 2.89365 16.3027
1 31 2.77929 16.3027
1 31 2.84749 16.3027
1 31 2.91518 16.3027
1 31 2.8057 16.3027
1 31 2.76549 16.3027
1 31 2.86415 16.3027
1 31 2.73814 16.3027
1 31 2.91113 16.3027
1 31 2.76087 16.3027
1 31 2.73013 16.3027
1 31 2.82879 16.3027
1 31 2.91467 16.3027
1 31 2.81164 16.3027
2 31 2.87689 -0.139506
2 31 2.82284 -0.139506
2 31 2.74706 -0.139506
2 31 2.83234 -0.139506
2 31 2.76403 -0.139506
2 31 2.86693 -0.139506
2 31 2.80503 -0.139506
2 31 3.01179 -0.139506
2 31 2.89601 -0.139506
2 31 2.63916 -0.139506
2 31 2.7932 -0.139506
2 31 2.76695 -0.139506
2 31 2.84205 -0.139506
2 31 2.78336 -0.139506
2 31 2.9778 -0.139506
2 31 2.85353 -0.139506
2 31 2.73167 -0.139506
2 31 2.74058 -0.139506
2 31 2.76043 -0.139506
2 31 2.94932 -0.139506
2 31 2.66303 -0.139506
2 31 2.77161 -0.139506
2 31 2.74642 -0.139506
2 31 2.7012 -0.139506
2 31 2.70256 -0.139506
2 31 2.80266 -0.139506
2 31 0.926718 -0.139506
2 31 0.875457 -0.139506
2 31 2.7458 -0.139506
2 31 0.932013 -0.139506
2 31 0.94903 -0.139506
2 31 0.928971 -0.139506
2 31 1.02116 -0.139506
2 31 2.86492 -0.139506
2 31 0.910809 -0.139506
2 31 0.94445 -0.139506
2 31 0.931744 -0.139506
2 31 2.73814 -0.139506
2 31 0.948782 -0.139506
2 31 0.926816 -0.139506
2 31 0.918887 -0.139506
2 31 2.89133 -0.139506
2 31 0.888282 -0.139506
2 31 2.76307 -0.139506
2 31 0.88932 -0.139506
2 31 0.937041 -0.139506
2 31 0.929139 -0.139506
2 31 2.77328 -0.139506
2 31 0.951918 -0.139506
2 31 0.930086 -0.139506
3 31 0.90802 202.555
3 31 0.880947 202.555
3 31 0.911467 202.555
3 31 0.928017 202.555
3 31 2.73746 202.555
3 31 0.895192 202.555
3 31 0.919706 202.555
3 31 2.74783 202.555
3 31 0.875474 202.555
3 31 0.914068 202.555
3 31 0.90238 202.555
3 31 0.927742 202.555
3 31 0.909932 202.555
3 31 0.932791 202.555
3 31 2.8798 202.555
3 31 0.934832 202.555
3 31 2.88716 202.555
3 31 0.888573 202.555
3 31 0.907066 202.555
3 31 2.69424 202.555
3 31 0.918379 202.555
3 31 0.913779 202.555
3 31 0.907864 202.555
3 31 2.80605 202.555
3 31 0.894382 202.555
3 31 0.905511 202.555
3 31 0.901842 202.555
3 31 0.865454 202.555
3 31 2.6828 202.555
3 31 0.96527 202.555
3 31 0.896428 202.555
3 31 0.915435 202.555
3 31 0.893753 202.555
3 31 2.75939 202.555
3 31 0.930224 202.555
3 31 0.908184 202.555
3 31 0.899751 202.555
3 31 0.928458 202.555
3 31 2.78982 202.555
3 31 0.910372 202.555
3 31 2.8591 202.555
3 31 0.915202 202.555
3 31 0.890317 202.555
3 31 2.72491 202.555
3 31 0.931841 202.555
3 31 0.889901 202.555
3 31 2.69239 202.555
3 31 0.935845 202.555
3 31 0.929272 202.555
3 31 2.6687 202.555
4 31 0.910171 9.75058
4 31 0.933607 9.75058
4 31 2.70181 9.75058
4 31 0.899065 9.75058
4 31 0.932636 9.75058
4 31 0.913386 9.75058
4 31 2.78217 9.75058
4 31 0.938769 9.75058
4 31 0.908992 9.75058
4 31 2.74224 9.75058
4 31 0.893174 9.75058
4 31 0.884377 9.75058
4 31 0.908161 9.75058
4 31 0.913037 9.75058
4 31 0.88511 9.75058
4 31 0.896771 9.75058
4 31 2.66541 9.75058
4 31 2.75859 9.75058
4 31 2.80821 9.75058
4 31 2.73093 9.75058
4 31 2.65414 9.75058
4 31 2.81889 9.75058
4 31 2.91041 9.75058
4 31 2.75064 9.75058
4 31 2.8322 9.75058
4 31 2.73499 9.75058
4 31 2.7475 9.75058
4 31 2.67736 9.75058
4 31 2.71195 9.75058
4 31 2.74032 9.75058
4 31 2.7456 9.75058
4 31 2.94302 9.75058
4 31 2.82044 9.75058
4 31 2.84003 9.75058
4 31 2.64901 9.75058
4 31 3.06382 9.75058
4 31 2.70404 9.75058
4 31 2.90342 9.75058
4 31 2.72706 9.75058
4 31 2.69321 9.75058
4 31 2.69478 9.75058
4 31 2.70463 9.75058
4 31 0.925925 9.75058
4 31 2.74131 9.75058
4 31 0.915453 9.75058
4 31 2.74053 9.75058
4 31 2.67496 9.75058
4 31 2.67207 9.75058
4 31 2.82082 9.75058
5 31 1.94759 24.8545
4 31 2.80706 9.75058
5 31 1.92587 24.8545
5 31 1.94332 24.8545
5 31 1.94401 24.8545
5 31 1.95044 24.8545
5 31 1.93996 24.8545
5 31 1.94522 24.8545
5 31 1.94717 24.8545
5 31 1.94221 24.8545
5 31 1.94191 24.8545
5 31 1.98629 24.8545
5 31 1.9429 24.8545
5 31 1.94152 24.8545
5 31 1.92828 24.8545
5 31 1.92935 24.8545
5 31 1.93823 24.8545
5 31 1.98754 24.8545
5 31 1.94563 24.8545
5 31 1.94641 24.8545
5 31 1.94589 24.8545
5 31 1.95191 24.8545
5 31 1.94313 24.8545
5 31 1.93649 24.8545
5 31 1.9378 24.8545
5 31 1.94405 24.8545
5 31 1.94699 24.8545
5 31 1.94928 24.8545
5 31 1.94587 24.8545
5 31 1.94427 24.8545
5 31 1.93958 24.8545
5 31 1.94175 24.8545
5 31 1.9409 24.8545
5 31 1.94541 24.8545
5 31 1.9403 24.8545
5 31 1.94192 24.8545
5 31 1.94558 24.8545
5 31 1.99352 24.8545
5 31 1.94788 24.8545
5 31 1.94277 24.8545
5 31 1.94212 24.8545
5 31 1.94541 24.8545
5 31 1.93966 24.8545
5 31 1.94438 24.8545
5 31 1.93693 24.8545
5 31 1.94823 24.8545
5 31 1.94344 24.8545
5 31 1.94508 24.8545
5 31 1.94434 24.8545
5 31 1.94135 24.8545
5 31 1.93717 24.8545
0 32 0.908626 1.97907
0 32 0.936888 1.97907
0 32 0.934079 1.97907
0 32 0.912643 1.97907
0 32 0.939672 1.97907
0 32 0.93295 1.97907
0 32 0.929263 1.97907
0 32 0.875651 1.97907
0 32 0.908379 1.97907
0 32 0.932249 1.97907
0 32 0.943011 1.97907
0 32 0.915287 1.97907
0 32 0.912013 1.97907
0 32 0.938544 1.97907
0 32 0.930272 1.97907
0 32 0.931645 1.97907
0 32 0.923848 1.97907
0 32 0.943457 1.97907
0 32 0.907304 1.97907
0 32 0.93286 1.97907
0 32 0.914254 1.97907
0 32 0.9123 1.97907
0 32 0.928456 1.97907
0 32 0.929546 1.97907
0 32 0.927482 1.97907
0 32 0.927643 1.97907
0 32 0.924332 1.97907
0 32 0.90769 1.97907
0 32 0.916068 1.97907
0 32 0.927096 1.97907
0 32 0.917408 1.97907
0 32 0.937903 1.97907
0 32 0.918804 1.97907
0 32 0.937461 1.97907
0 32 0.930494 1.97907
0 32 0.921698 1.97907
0 32 0.926923 1.97907
0 32 0.913606 1.97907
0 32 0.931996 1.97907
0 32 0.922273 1.97907
0 32 0.931735 1.97907
0 32 0.925736 1.97907
0 32 0.914717 1.97907
0 7 0.628156 1.97907
0 32 0.927618 1.97907
0 7 0.635616 1.97907
0 32 0.933951 1.97907
0 7 0.621994 1.97907
0 32 0.937882 1.97907
0 7 0.663629 1.97907
0 32 0.925721 1.97907
0 7 0.6708 1.97907
0 32 0.898946 1.97907
0 7 0.674433 1.97907
0 32 0.928181 1.97907
0 7 0.65394 1.97907
0 32 0.920095 1.97907
0 7 0.631417 1.97907
0 32 0.915376 1.97907
0 7 0.648761 1.97907
0 7 0.635324 1.97907
0 32 0.93017 1.97907
0 7 0.646444 1.97907
0 32 0.914155 1.97907
0 7 0.63398 1.97907
0 32 0.923659 1.97907
0 7 0.670852 1.97907
0 32 0.928094 1.97907
0 7 0.649296 1.97907
0 32 0.919402 1.97907
0 7 0.678464 1.97907
0 32 0.914669 1.97907
0 7 0.675156 1.97907
0 32 0.926749 1.97907
0 7 0.649184 1.97907
0 32 0.921519 1.97907
0 7 0.652391 1.97907
0 32 0.935757 1.97907
0 7 0.675709 1.97907
0 32 0.919309 1.97907
0 7 0.663635 1.97907
0 32 0.994881 1.97907
0 7 0.666675 1.97907
0 32 0.917811 1.97907
0 7 0.646264 1.97907
0 32 0.924813 1.97907
0 7 0.649229 1.97907
0 32 0.929281 1.97907
0 7 0.670577 1.97907
0 32 0.924756 1.97907
0 7 0.632072 1.97907
0 32 0.933222 1.97907
0 7 0.688879 1.97907
0 7 0.695528 1.97907
0 32 0.930175 1.97907
0 7 0.654114 1.97907
0 32 0.914358 1.97907
0 7 0.677304 1.97907
0 32 0.891973 1.97907
0 7 0.664054 1.97907
0 32 0.93281 1.97907
0 7 0.648732 1.97907
0 32 0.911217 1.97907
0 7 0.683481 1.97907
0 32 0.92993 1.97907
0 7 0.683744 1.97907
0 32 0.922022 1.97907
0 7 0.625905 1.97907
0 32 0.922765 1.97907
0 7 0.645496 1.97907
0 32 0.936285 1.97907
0 7 0.630761 1.97907
0 32 0.935805 1.97907
0 7 0.648834 1.97907
0 32 0.87575 1.97907
0 7 0.688847 1.97907
0 32 0.930744 1.97907
0 7 0.645008 1.97907
0 32 0.930413 1.97907
0 7 0.642486 1.97907
0 32 0.933537 1.97907
0 7 0.676494 1.97907
0 32 0.92732 1.97907
0 7 0.636995 1.97907
0 32 0.908542 1.97907
0 7 0.694081 1.97907
0 32 0.909032 1.97907
0 7 0.63414 1.97907
0 32 0.927394 1.97907
0 7 0.64998 1.97907
0 32 0.908586 1.97907
0 7 0.645851 1.97907
0 32 0.927641 1.97907
0 7 0.624396 1.97907
0 32 0.914887 1.97907
0 7 0.64929 1.97907
0 32 0.926867 1.97907
0 7 0.634754 1.97907
0 7 0.650777 1.97907
0 32 0.937224 1.97907
0 7 0.640486 1.97907
0 32 0.928415 1.97907
0 7 0.679747 1.97907
0 32 0.931445 1.97907
0 7 0.63726 1.97907
0 32 0.93855 1.97907
0 7 0.677105 1.97907
0 32 0.934254 1.97907
0 7 0.681237 1.97907
0 32 2.84793 1.97907
0 32 2.86497 1.97907
0 32 2.89881 1.97907
0 7 0.648353 1.97907
0 32 2.91949 1.97907
0 32 2.72587 1.97907
0 7 0.637664 1.97907
0 32 0.92284 1.97907
1 32 0.928205 16.3027
0 7 0.646743 1.97907
1 32 2.99525 16.3027
1 32 2.90955 16.3027
1 32 0.915649 16.3027
0 7 0.668484 1.97907
1 32 2.76869 16.3027
1 32 2.72514 16.3027
0 7 0.684881 1.97907
1 32 0.905736 16.3027
1 32 0.91735 16.3027
0 7 0.649106 1.97907
1 32 2.78866 16.3027
1 32 2.92549 16.3027
0 7 0.645954 1.97907
1 32 2.7715 16.3027
1 32 2.82621 16.3027
0 7 0.645988 1.97907
1 32 0.914151 16.3027
1 32 0.936119 16.3027
0 7 0.685101 1.97907
1 32 2.96811 16.3027
1 32 2.97196 16.3027
1 32 2.74574 16.3027
0 7 0.64931 1.97907
1 32 2.87466 16.3027
1 32 2.81537 16.3027
0 7 0.655087 1.97907
1 32 0.901645 16.3027
1 32 0.939568 16.3027
0 7 0.647176 1.97907
1 32 2.85338 16.3027
1 32 2.75111 16.3027
0 7 0.682155 1.97907
1 32 2.84151 16.3027
1 32 2.83365 16.3027
1 32 2.71452 16.3027
0 7 0.681448 1.97907
1 32 2.87916 16.3027
1 32 0.89672 16.3027
0 7 0.687705 1.97907
1 32 2.89043 16.3027
1 32 2.72606 16.3027
0 7 0.652665 1.97907
1 32 2.76573 16.3027
1 32 0.926774 16.3027
0 7 0.644298 1.97907
1 32 2.88564 16.3027
0 7 0.667188 1.97907
1 32 2.9071 16.3027
1 32 2.82998 16.3027
1 32 0.927424 16.3027
0 7 0.647065 1.97907
1 32 2.88271 16.3027
1 32 0.909114 16.3027
0 7 0.666202 1.97907
1 32 2.73999 16.3027
1 32 2.91271 16.3027
0 7 0.639937 1.97907
1 32 2.87187 16.3027
1 32 0.921504 16.3027
1 32 2.75456 16.3027
0 7 0.677478 1.97907
1 32 0.929455 16.3027
1 32 0.903861 16.3027
0 7 0.675271 1.97907
1 32 2.85657 16.3027
1 32 2.90836 16.3027
1 32 0.924616 16.3027
0 7 0.661549 1.97907
1 32 2.88238 16.3027
0 7 0.650072 1.97907
1 32 3.01791 16.3027
2 32 0.9548 -0.139506
2 32 0.932112 -0.139506
0 7 0.68127 1.97907
2 32 2.86032 -0.139506
2 32 2.85827 -0.139506
0 7 1.61369 1.97907
2 32 0.931181 -0.139506
0 7 0.683536 1.97907
2 32 2.89423 -0.139506
2 32 0.938115 -0.139506
0 7 0.634756 1.97907
2 32 0.920749 -0.139506
0 7 1.65996 1.97907
2 32 3.00221 -0.139506
0 7 0.650344 1.97907
2 32 0.911576 -0.139506
0 7 0.671271 1.97907
2 32 2.70609 -0.139506
0 7 0.635916 1.97907
2 32 2.9966 -0.139506
0 7 0.660251 1.97907
2 32 2.75156 -0.139506
0 7 0.638984 1.97907
2 32 0.930427 -0.139506
0 7 0.648409 1.97907
2 32 2.69089 -0.139506
2 32 0.953995 -0.139506
0 7 0.649758 1.97907
2 32 2.95573 -0.139506
0 7 0.676241 1.97907
2 32 2.87894 -0.139506
0 7 0.670527 1.97907
2 32 0.939661 -0.139506
0 7 0.644971 1.97907
2 32 0.935677 -0.139506
0 7 0.668714 1.97907
2 32 0.951252 -0.139506
2 32 2.85205 -0.139506
0 7 0.677404 1.97907
2 32 0.942148 -0.139506
0 7 0.647655 1.97907
2 32 2.71809 -0.139506
0 7 0.675521 1.97907
2 32 0.942563 -0.139506
0 7 0.687944 1.97907
2 32 0.924391 -0.139506
1 7 0.697088 16.3027
2 32 2.73106 -0.139506
1 7 0.697982 16.3027
2 32 2.99005 -0.139506
2 32 0.919592 -0.139506
1 7 0.694664 16.3027
1 7 0.690227 16.3027
2 32 2.88038 -0.139506
2 32 2.80552 -0.139506
1 7 0.68301 16.3027
2 32 0.936433 -0.139506
1 7 0.685685 16.3027
2 32 0.933938 -0.139506
1 7 0.677823 16.3027
2 32 2.94164 -0.139506
2 32 0.947588 -0.139506
1 7 0.662698 16.3027
1 7 0.669274 16.3027
2 32 2.73735 -0.139506
2 32 2.90091 -0.139506
1 7 1.57644 16.3027
2 32 2.79915 -0.139506
1 7 1.60893 16.3027
2 32 0.934687 -0.139506
1 7 0.685375 16.3027
2 32 2.89005 -0.139506
1 7 1.6223 16.3027
2 32 2.78974 -0.139506
1 7 0.681982 16.3027
2 32 2.79318 -0.139506
2 32 2.85162 -0.139506
1 7 0.681339 16.3027
2 32 2.79572 -0.139506
1 7 1.62666 16.3027
2 32 0.952368 -0.139506
1 7 0.720559 16.3027
2 32 2.84541 -0.139506
1 7 0.728483 16.3027
2 32 2.93106 -0.139506
2 32 0.948601 -0.139506
1 7 0.683508 16.3027
2 32 2.8273 -0.139506
1 7 0.725758 16.3027
2 32 2.89757 -0.139506
1 7 0.691866 16.3027
3 32 0.922459 202.555
1 7 1.59561 16.3027
3 32 0.909942 202.555
1 7 0.716433 16.3027
3 32 2.82977 202.555
3 32 0.924322 202.555
1 7 0.696691 16.3027
3 32 2.90045 202.555
1 7 0.708199 16.3027
3 32 0.922953 202.555
1 7 0.682219 16.3027
3 32 2.76665 202.555
1 7 0.741535 16.3027
3 32 3.0312 202.555
1 7 1.60575 16.3027
3 32 2.78572 202.555
1 7 0.672314 16.3027
3 32 0.925274 202.555
3 32 0.942961 202.555
1 7 0.689984 16.3027
1 7 0.73766 16.3027
3 32 2.93419 202.555
3 32 2.74034 202.555
1 7 0.700351 16.3027
3 32 0.918911 202.555
1 7 0.737091 16.3027
3 32 2.77702 202.555
1 7 0.69886 16.3027
3 32 2.82789 202.555
3 32 0.936192 202.555
1 7 0.692342 16.3027
3 32 0.941892 202.555
1 7 0.73219 16.3027
3 32 2.71431 202.555
1 7 0.721302 16.3027
3 32 0.940644 202.555
1 7 0.681335 16.3027
3 32 0.914816 202.555
1 7 0.687143 16.3027
3 32 2.92713 202.555
3 32 0.937841 202.555
1 7 0.680797 16.3027
3 32 0.907464 202.555
1 7 0.729549 16.3027
3 32 2.82239 202.555
1 7 0.672484 16.3027
3 32 2.90049 202.555
1 7 0.6858 16.3027
3 32 0.912493 202.555
1 7 0.69758 16.3027
3 32 2.89002 202.555
3 32 0.912308 202.555
1 7 0.699586 16.3027
3 32 0.916578 202.555
1 7 0.719745 16.3027
3 32 0.93869 202.555
1 7 1.61237 16.3027
3 32 2.8175 202.555
3 32 2.82079 202.555
3 32 2.72718 202.555
1 7 1.62566 16.3027
3 32 2.73936 202.555
3 32 2.80551 202.555
3 32 0.939526 202.555
1 7 1.60161 16.3027
3 32 0.938574 202.555
1 7 0.683209 16.3027
3 32 0.935877 202.555
2 7 0.624538 -0.514578
3 32 2.78094 202.555
2 7 0.616826 -0.514578
3 32 0.935413 202.555
2 7 0.621547 -0.514578
3 32 2.82715 202.555
3 32 2.81365 202.555
2 7 1.77865 -0.514578
3 32 0.901347 202.555
2 7 0.647942 -0.514578
3 32 0.931776 202.555
2 7 0.639849 -0.514578
3 32 2.74386 202.555
2 7 0.602008 -0.514578
3 32 2.84153 202.555
2 7 0.607933 -0.514578
3 32 2.86093 202.555
3 32 2.80579 202.555
2 7 0.617709 -0.514578
3 32 0.916395 202.555
2 7 0.618593 -0.514578
4 32 0.93852 9.75058
2 7 1.58912 -0.514578
4 32 0.927173 9.75058
2 7 1.69786 -0.514578
4 32 2.81836 9.75058
2 7 0.618543 -0.514578
4 32 2.89681 9.75058
4 32 2.87446 9.75058
2 7 0.579845 -0.514578
4 32 2.91589 9.75058
2 7 0.604834 -0.514578
4 32 3.0048 9.75058
2 7 0.601469 -0.514578
4 32 0.930927 9.75058
2 7 1.6236 -0.514578
4 32 2.9537 9.75058
4 32 0.910799 9.75058
2 7 0.612064 -0.514578
2 7 0.60701 -0.514578
4 32 3.00837 9.75058
4 32 2.83076 9.75058
2 7 0.563747 -0.514578
4 32 0.939765 9.75058
4 32 0.938485 9.75058
2 7 1.69358 -0.514578
2 7 0.655143 -0.514578
4 32 2.96648 9.75058
4 32 2.89619 9.75058
2 7 0.625704 -0.514578
4 32 0.901835 9.75058
2 7 0.629856 -0.514578
4 32 0.903688 9.75058
2 7 0.628342 -0.514578
4 32 2.70982 9.75058
4 32 0.934008 9.75058
2 7 0.630845 -0.514578
4 32 0.946019 9.75058
2 7 0.613731 -0.514578
2 7 0.62412 -0.514578
4 32 2.97894 9.75058
2 7 1.56342 -0.514578
4 32 0.928082 9.75058
2 7 1.78149 -0.514578
4 32 0.873576 9.75058
2 7 0.700482 -0.514578
4 32 2.90482 9.75058
2 7 0.585475 -0.514578
4 32 2.9303 9.75058
4 32 0.930082 9.75058
2 7 0.6233 -0.514578
4 32 0.942063 9.75058
2 7 1.63115 -0.514578
4 32 2.80631 9.75058
2 7 1.63657 -0.514578
4 32 2.76077 9.75058
2 7 1.71579 -0.514578
4 32 2.87603 9.75058
4 32 2.88368 9.75058
2 7 1.82372 -0.514578
4 32 0.930381 9.75058
2 7 0.667328 -0.514578
4 32 0.929773 9.75058
2 7 0.611843 -0.514578
4 32 2.83938 9.75058
2 7 0.594661 -0.514578
4 32 2.81764 9.75058
2 7 0.604377 -0.514578
4 32 2.83871 9.75058
4 32 2.84091 9.75058
2 7 0.600203 -0.514578
4 32 0.93024 9.75058
2 7 0.599047 -0.514578
4 32 0.927901 9.75058
2 7 0.610558 -0.514578
4 32 2.85837 9.75058
2 7 0.591707 -0.514578
4 32 2.86258 9.75058
2 7 0.590275 -0.514578
4 32 2.81195 9.75058
4 32 2.85835 9.75058
2 7 0.633778 -0.514578
4 32 2.81894 9.75058
2 7 0.616398 -0.514578
4 32 0.931839 9.75058
2 7 0.623295 -0.514578
4 32 2.77763 9.75058
2 7 0.649162 -0.514578
4 32 2.8304 9.75058
4 32 0.923171 9.75058
3 7 0.715957 202.555
4 32 2.80125 9.75058
3 7 0.665116 202.555
5 32 1.93793 24.8545
3 7 0.680199 202.555
5 32 1.92758 24.8545
3 7 0.674045 202.555
5 32 1.87825 24.8545
3 7 0.672226 202.555
5 32 1.87772 24.8545
3 7 0.673239 202.555
5 32 1.87467 24.8545
3 7 0.701872 202.555
5 32 1.88067 24.8545
3 7 0.70772 202.555
5 32 1.87477 24.8545
3 7 0.698154 202.555
5 32 1.87571 24.8545
3 7 0.665649 202.555
5 32 1.87748 24.8545
3 7 0.679485 202.555
5 32 1.93597 24.8545
3 7 0.677952 202.555
5 32 1.87997 24.8545
3 7 0.713451 202.555
5 32 1.87847 24.8545
3 7 0.683128 202.555
5 32 1.87608 24.8545
5 32 1.87906 24.8545
3 7 0.712122 202.555
5 32 1.92853 24.8545
3 7 0.688771 202.555
5 32 1.87571 24.8545
3 7 0.716008 202.555
5 32 1.88181 24.8545
3 7 1.7174 202.555
5 32 1.88186 24.8545
3 7 0.682406 202.555
5 32 1.93581 24.8545
3 7 0.720564 202.555
5 32 1.87925 24.8545
3 7 0.693022 202.555
5 32 1.92463 24.8545
3 7 0.679639 202.555
5 32 1.87899 24.8545
3 7 0.676776 202.555
5 32 1.88482 24.8545
3 7 0.675844 202.555
5 32 1.93894 24.8545
5 32 1.87584 24.8545
3 7 1.61771 202.555
5 32 1.87938 24.8545
3 7 1.55704 202.555
5 32 1.96279 24.8545
3 7 0.681213 202.555
5 32 1.88047 24.8545
3 7 0.682301 202.555
5 32 1.88097 24.8545
3 7 1.62361 202.555
5 32 1.87547 24.8545
3 7 0.705233 202.555
5 32 1.88211 24.8545
3 7 0.67591 202.555
5 32 1.94239 24.8545
3 7 0.708254 202.555
5 32 1.87695 24.8545
3 7 0.686414 202.555
5 32 1.87216 24.8545
3 7 1.65 202.555
5 32 1.94009 24.8545
3 7 0.740002 202.555
5 32 1.8855 24.8545
3 7 0.727984 202.555
5 32 1.87866 24.8545
3 7 1.62657 202.555
5 32 1.95723 24.8545
3 7 0.69473 202.555
5 32 1.88313 24.8545
3 7 0.711217 202.555
5 32 1.88045 24.8545
3 7 0.710643 202.555
5 32 1.88003 24.8545
5 32 1.94137 24.8545
3 7 1.57723 202.555
3 7 0.684296 202.555
5 32 1.88295 24.8545
5 32 1.87877 24.8545
3 7 0.67513 202.555
5 32 1.93535 24.8545
3 7 0.713852 202.555
5 32 1.9379 24.8545
3 7 0.689942 202.555
5 32 1.94726 24.8545
5 32 1.94455 24.8545
3 7 0.676196 202.555
5 32 1.92497 24.8545
3 7 0.708818 202.555
5 32 1.92805 24.8545
3 7 0.711497 202.555
3 7 0.704683 202.555
3 7 0.704612 202.555
4 7 0.701073 9.75058
0 33 2.86571 1.97907
4 7 1.61281 9.75058
0 33 1.0391 1.97907
4 7 0.692784 9.75058
0 33 2.87354 1.97907
4 7 0.699228 9.75058
0 33 2.89167 1.97907
0 33 2.86342 1.97907
4 7 0.693531 9.75058
0 33 1.03714 1.97907
4 7 0.692229 9.75058
0 33 1.03804 1.97907
4 7 0.679434 9.75058
0 33 2.90412 1.97907
4 7 0.681529 9.75058
0 33 2.80582 1.97907
4 7 0.696083 9.75058
0 33 2.90156 1.97907
0 33 1.02885 1.97907
4 7 0.665221 9.75058
0 33 1.02445 1.97907
4 7 0.664613 9.75058
0 33 2.82807 1.97907
4 7 0.707132 9.75058
0 33 2.89709 1.97907
4 7 0.665094 9.75058
0 33 2.86511 1.97907
4 7 0.670448 9.75058
0 33 2.85247 1.97907
0 33 1.02393 1.97907
4 7 0.671481 9.75058
4 7 0.682232 9.75058
0 33 2.83445 1.97907
0 33 1.02669 1.97907
4 7 1.5957 9.75058
0 33 2.89969 1.97907
4 7 0.723492 9.75058
0 33 1.03004 1.97907
4 7 0.700504 9.75058
0 33 2.82217 1.97907
4 7 0.675695 9.75058
0 33 2.90982 1.97907
4 7 0.679679 9.75058
0 33 2.86919 1.97907
0 33 2.94458 1.97907
4 7 0.672651 9.75058
0 33 2.86895 1.97907
4 7 0.658191 9.75058
0 33 1.03769 1.97907
4 7 0.700045 9.75058
0 33 3.01652 1.97907
4 7 0.69725 9.75058
0 33 3.00982 1.97907
4 7 0.694023 9.75058
0 33 2.8825 1.97907
0 33 2.82901 1.97907
4 7 0.676567 9.75058
0 33 1.0363 1.97907
4 7 0.669444 9.75058
0 33 2.82728 1.97907
4 7 0.673532 9.75058
0 33 2.94138 1.97907
4 7 0.676234 9.75058
0 33 3.01238 1.97907
0 33 2.85102 1.97907
4 7 1.60917 9.75058
0 33 1.02941 1.97907
4 7 0.706222 9.75058
0 33 2.87922 1.97907
4 7 0.717773 9.75058
0 33 2.99673 1.97907
4 7 0.686995 9.75058
0 33 2.97274 1.97907
4 7 0.683589 9.75058
0 33 2.82394 1.97907
0 33 1.02887 1.97907
4 7 0.671031 9.75058
0 33 1.02748 1.97907
4 7 0.667021 9.75058
0 33 2.85465 1.97907
4 7 1.6287 9.75058
0 33 2.78023 1.97907
4 7 0.67517 9.75058
0 33 2.87482 1.97907
0 33 3.00582 1.97907
4 7 0.676353 9.75058
0 33 3.04795 1.97907
4 7 0.673693 9.75058
0 33 1.02183 1.97907
4 7 0.675284 9.75058
0 33 2.73831 1.97907
4 7 1.63115 9.75058
0 33 3.01008 1.97907
4 7 0.664263 9.75058
0 33 2.91026 1.97907
0 33 1.03628 1.97907
4 7 0.699625 9.75058
0 33 1.03391 1.97907
4 7 0.671772 9.75058
0 33 2.99011 1.97907
4 7 0.676442 9.75058
0 33 2.73963 1.97907
4 7 0.695472 9.75058
0 33 1.03513 1.97907
4 7 0.674331 9.75058
0 33 1.03177 1.97907
4 7 0.676079 9.75058
0 33 3.02856 1.97907
0 33 3.00047 1.97907
0 33 2.89205 1.97907
0 33 1.03044 1.97907
5 7 9.50139 24.8545
0 33 1.02884 1.97907
0 33 2.84981 1.97907
0 33 1.02767 1.97907
0 33 3.15426 1.97907
5 7 9.72908 24.8545
0 33 1.0379 1.97907
0 33 2.96356 1.97907
0 33 2.8256 1.97907
0 33 2.9539 1.97907
5 7 9.41495 24.8545
0 33 2.79668 1.97907
0 33 1.04613 1.97907
0 33 1.0275 1.97907
0 33 2.83974 1.97907
0 33 2.8166 1.97907
0 33 2.85684 1.97907
0 33 2.93291 1.97907
0 33 1.02725 1.97907
5 7 9.47199 24.8545
0 33 2.8606 1.97907
0 33 2.84781 1.97907
0 33 1.0327 1.97907
0 33 1.02903 1.97907
0 33 2.89881 1.97907
0 33 1.03209 1.97907
5 7 9.47256 24.8545
0 33 2.83692 1.97907
0 33 1.02078 1.97907
0 33 2.95755 1.97907
0 33 1.02971 1.97907
0 33 2.79289 1.97907
0 33 2.85872 1.97907
0 33 2.86495 1.97907
0 33 1.0357 1.97907
5 7 9.47617 24.8545
0 33 1.03621 1.97907
0 33 2.94204 1.97907
0 33 1.02484 1.97907
0 33 2.86772 1.97907
0 33 2.88152 1.97907
0 33 1.02771 1.97907
0 33 2.81217 1.97907
0 33 1.01763 1.97907
5 7 9.50561 24.8545
1 33 2.86396 16.3027
1 33 1.05445 16.3027
1 33 2.92381 16.3027
1 33 3.03813 16.3027
1 33 2.99913 16.3027
1 33 2.89034 16.3027
1 33 1.05611 16.3027
5 7 9.47433 24.8545
1 33 2.87838 16.3027
1 33 2.86399 16.3027
1 33 3.00496 16.3027
1 33 2.87902 16.3027
1 33 1.0592 16.3027
1 33 2.85934 16.3027
1 33 1.04839 16.3027
5 7 9.47223 24.8545
1 33 2.84956 16.3027
1 33 1.05802 16.3027
1 33 3.07557 16.3027
1 33 1.05594 16.3027
1 33 2.81021 16.3027
1 33 2.83299 16.3027
1 33 1.04306 16.3027
1 33 2.91447 16.3027
5 7 9.46781 24.8545
1 33 1.04284 16.3027
1 33 2.99932 16.3027
1 33 2.93166 16.3027
1 33 1.06068 16.3027
1 33 2.89366 16.3027
1 33 2.8455 16.3027
1 33 2.89625 16.3027
5 7 9.49524 24.8545
1 33 2.87562 16.3027
1 33 1.15237 16.3027
1 33 2.88892 16.3027
1 33 1.04576 16.3027
1 33 2.82352 16.3027
1 33 1.04911 16.3027
1 33 2.83494 16.3027
1 33 1.04643 16.3027
5 7 9.47256 24.8545
1 33 1.1395 16.3027
1 33 2.96495 16.3027
1 33 2.75228 16.3027
1 33 2.81424 16.3027
1 33 2.88862 16.3027
1 33 2.9847 16.3027
1 33 1.0462 16.3027
1 33 1.04415 16.3027
5 7 9.47546 24.8545
1 33 2.96841 16.3027
1 33 1.05595 16.3027
1 33 2.88543 16.3027
1 33 1.06016 16.3027
1 33 3.05418 16.3027
2 33 2.96168 -0.139506
2 33 2.863 -0.139506
2 33 0.989177 -0.139506
2 33 2.75962 -0.139506
2 33 2.93039 -0.139506
2 33 0.980759 -0.139506
5 7 9.4999 24.8545
2 33 0.998857 -0.139506
2 33 2.84172 -0.139506
2 33 0.991917 -0.139506
2 33 2.82722 -0.139506
2 33 0.991898 -0.139506
2 33 2.93247 -0.139506
2 33 2.78713 -0.139506
5 7 9.47024 24.8545
2 33 3.00826 -0.139506
2 33 2.75065 -0.139506
2 33 3.04871 -0.139506
2 33 2.83844 -0.139506
2 33 2.90994 -0.139506
2 33 2.79499 -0.139506
2 33 2.82578 -0.139506
2 33 2.87562 -0.139506
5 7 9.4734 24.8545
2 33 1.01326 -0.139506
2 33 2.89498 -0.139506
2 33 2.95127 -0.139506
2 33 3.05963 -0.139506
2 33 2.87637 -0.139506
2 33 2.78338 -0.139506
2 33 0.987336 -0.139506
5 7 9.51088 24.8545
2 33 0.988226 -0.139506
2 33 2.98899 -0.139506
2 33 0.990039 -0.139506
2 33 2.86088 -0.139506
2 33 0.981999 -0.139506
2 33 1.00091 -0.139506
2 33 0.988874 -0.139506
5 7 9.49691 24.8545
2 33 2.88937 -0.139506
2 33 2.90264 -0.139506
2 33 0.988069 -0.139506
2 33 0.993434 -0.139506
2 33 2.89473 -0.139506
2 33 2.80474 -0.139506
2 33 2.9211 -0.139506
2 33 2.83533 -0.139506
5 7 9.46628 24.8545
2 33 0.985213 -0.139506
2 33 2.78938 -0.139506
2 33 2.90189 -0.139506
2 33 2.87004 -0.139506
2 33 2.9879 -0.139506
2 33 2.88066 -0.139506
2 33 1.00086 -0.139506
5 7 9.46844 24.8545
3 33 2.74024 202.555
3 33 2.84799 202.555
3 33 2.9894 202.555
3 33 1.04894 202.555
3 33 1.04907 202.555
3 33 1.04377 202.555
3 33 2.83054 202.555
3 33 2.82498 202.555
5 7 9.49508 24.8545
3 33 3.0373 202.555
3 33 3.01675 202.555
3 33 1.04855 202.555
3 33 2.81439 202.555
3 33 2.85525 202.555
3 33 2.79212 202.555
3 33 1.05429 202.555
3 33 1.04854 202.555
5 7 9.46769 24.8545
3 33 2.89066 202.555
3 33 2.91112 202.555
3 33 2.88375 202.555
3 33 2.89014 202.555
3 33 1.05111 202.555
3 33 1.05849 202.555
3 33 2.88543 202.555
5 7 9.47221 24.8545
3 33 2.97153 202.555
3 33 2.92462 202.555
3 33 1.04741 202.555
3 33 2.91569 202.555
3 33 1.04511 202.555
3 33 2.98489 202.555
3 33 1.05035 202.555
3 33 1.04226 202.555
5 7 9.50655 24.8545
3 33 2.9667 202.555
3 33 2.88175 202.555
3 33 2.93862 202.555
3 33 2.74715 202.555
3 33 1.04935 202.555
3 33 1.05927 202.555
3 33 2.99767 202.555
5 7 9.47209 24.8545
3 33 2.81639 202.555
3 33 2.86425 202.555
3 33 1.05097 202.555
3 33 1.05267 202.555
3 33 2.94805 202.555
3 33 2.93792 202.555
3 33 2.82599 202.555
3 33 1.0613 202.555
5 7 9.47083 24.8545
3 33 1.04168 202.555
3 33 2.8986 202.555
3 33 2.93619 202.555
3 33 2.91014 202.555
4 33 3.19431 9.75058
4 33 1.06734 9.75058
4 33 2.92698 9.75058
5 7 9.46847 24.8545
4 33 2.9439 9.75058
4 33 2.82948 9.75058
4 33 2.78274 9.75058
4 33 1.04955 9.75058
4 33 1.04204 9.75058
4 33 2.91807 9.75058
4 33 1.04242 9.75058
5 7 9.4981 24.8545
4 33 2.87017 9.75058
4 33 1.04098 9.75058
4 33 2.90908 9.75058
4 33 1.05074 9.75058
4 33 2.85119 9.75058
4 33 1.04948 9.75058
4 33 1.04401 9.75058
4 33 2.94405 9.75058
5 7 9.47217 24.8545
4 33 2.87591 9.75058
4 33 1.04466 9.75058
4 33 2.89588 9.75058
4 33 1.04995 9.75058
4 33 3.02112 9.75058
5 7 9.4763 24.8545
5 7 9.50289 24.8545
5 7 9.45445 24.8545
5 7 9.4636 24.8545
4 33 3.04477 9.75058
4 33 3.04446 9.75058
5 7 9.50581 24.8545
4 33 2.88294 9.75058
4 33 2.87171 9.75058
4 33 2.91477 9.75058
4 33 1.05371 9.75058
4 33 1.04404 9.75058
4 33 2.99257 9.75058
5 7 9.46929 24.8545
4 33 1.04633 9.75058
4 33 2.79236 9.75058
4 33 2.99946 9.75058
4 33 1.04448 9.75058
4 33 2.92094 9.75058
4 33 2.85391 9.75058
4 33 2.87311 9.75058
4 33 2.94696 9.75058
5 7 9.46176 24.8545
4 33 2.85306 9.75058
4 33 1.04489 9.75058
4 33 1.04323 9.75058
4 33 2.77956 9.75058
4 33 2.93547 9.75058
4 33 3.00572 9.75058
4 33 1.03861 9.75058
4 33 1.04514 9.75058
5 7 9.46804 24.8545
4 33 2.88082 9.75058
4 33 3.00493 9.75058
4 33 2.79111 9.75058
5 33 1.89457 24.8545
5 33 1.81823 24.8545
5 33 1.81927 24.8545
5 33 1.91227 24.8545
5 7 9.49782 24.8545
5 33 1.81922 24.8545
5 33 1.82205 24.8545
5 33 1.89839 24.8545
5 33 1.82369 24.8545
5 33 1.81783 24.8545
5 33 1.89841 24.8545
5 33 1.82181 24.8545
5 7 9.48904 24.8545
5 33 1.82224 24.8545
5 33 1.90603 24.8545
5 33 1.81399 24.8545
5 33 1.81863 24.8545
5 33 1.89571 24.8545
5 33 1.82078 24.8545
5 33 1.82578 24.8545
5 7 9.46887 24.8545
5 33 1.90315 24.8545
5 33 1.82434 24.8545
5 33 1.81761 24.8545
5 33 1.81726 24.8545
5 33 1.81183 24.8545
5 33 1.90238 24.8545
5 33 1.82008 24.8545
5 33 1.81919 24.8545
5 7 9.4747 24.8545
5 33 1.90421 24.8545
5 33 1.82029 24.8545
5 33 1.82396 24.8545
5 33 1.89569 24.8545
5 33 1.81904 24.8545
5 33 1.81959 24.8545
5 33 1.90789 24.8545
5 7 9.49718 24.8545
5 33 1.82266 24.8545
5 33 1.82817 24.8545
5 33 1.90986 24.8545
5 33 1.81151 24.8545
5 33 1.82167 24.8545
5 33 1.90098 24.8545
5 33 1.82267 24.8545
5 7 9.47555 24.8545
5 33 1.81925 24.8545
5 33 1.81445 24.8545
5 33 1.90505 24.8545
5 33 1.82101 24.8545
5 33 1.81599 24.8545
5 33 1.90949 24.8545
5 33 1.8202 24.8545
5 33 1.81589 24.8545
5 7 9.46877 24.8545
5 33 1.90389 24.8545
5 33 1.8184 24.8545
5 7 9.51283 24.8545
5 7 9.47241 24.8545
5 7 9.4641 24.8545
5 7 9.48135 24.8545
5 7 9.47132 24.8545
5 7 9.46881 24.8545
0 8 0.657449 1.97907
0 8 0.647494 1.97907
0 8 0.669465 1.97907
0 8 0.658236 1.97907
0 8 0.680745 1.97907
0 8 0.7046 1.97907
0 8 0.668272 1.97907
0 8 0.667366 1.97907
0 8 0.661709 1.97907
0 8 0.662133 1.97907
0 8 0.671935 1.97907
0 8 0.6614 1.97907
0 8 0.649749 1.97907
0 8 0.670889 1.97907
0 8 0.689971 1.97907
0 8 0.678512 1.97907
0 8 0.670613 1.97907
0 8 0.683334 1.97907
0 8 0.669297 1.97907
0 8 0.657343 1.97907
0 8 0.651857 1.97907
0 8 0.64683 1.97907
0 8 0.672712 1.97907
0 8 0.650195 1.97907
0 8 0.656103 1.97907
0 8 0.665407 1.97907
0 8 1.71634 1.97907
0 8 0.689146 1.97907
0 8 0.692827 1.97907
0 8 0.682988 1.97907
0 8 0.666791 1.97907
0 8 0.644413 1.97907
0 8 0.643801 1.97907
0 8 0.630638 1.97907
0 8 0.655968 1.97907
0 8 0.651601 1.97907
0 8 1.6999 1.97907
0 8 0.634616 1.97907
0 8 0.651896 1.97907
0 8 0.656473 1.97907
0 8 0.661474 1.97907
0 8 0.672787 1.97907
0 8 0.65668 1.97907
0 8 1.67642 1.97907
0 8 0.650003 1.97907
0 8 0.664753 1.97907
0 8 0.652345 1.97907
0 8 0.669727 1.97907
0 8 0.649629 1.97907
0 8 0.658547 1.97907
0 8 0.652119 1.97907
0 8 0.655134 1.97907
0 8 0.658566 1.97907
0 8 0.676275 1.97907
0 8 0.670926 1.97907
0 8 0.6987 1.97907
0 8 0.658755 1.97907
0 8 1.57579 1.97907
0 8 0.69698 1.97907
0 8 0.666967 1.97907
0 8 0.656618 1.97907
0 8 0.675949 1.97907
0 8 0.65542 1.97907
0 8 0.663794 1.97907
0 8 0.659845 1.97907
0 8 0.657076 1.97907
0 8 0.635641 1.97907
0 8 0.657807 1.97907
0 8 0.655287 1.97907
0 8 0.680495 1.97907
0 8 0.654522 1.97907
0 8 1.72477 1.97907
0 8 0.689775 1.97907
0 8 0.64497 1.97907
0 8 0.659784 1.97907
0 8 0.685309 1.97907
0 8 0.673002 1.97907
0 8 0.659769 1.97907
0 8 0.669391 1.97907
0 8 0.665724 1.97907
0 8 0.687406 1.97907
0 8 0.671659 1.97907
0 8 1.71359 1.97907
0 8 0.668737 1.97907
0 8 0.693093 1.97907
0 8 0.675591 1.97907
0 8 0.697406 1.97907
0 8 0.677212 1.97907
0 8 0.652296 1.97907
0 8 0.660802 1.97907
0 8 0.648138 1.97907
0 8 0.645113 1.97907
0 8 0.661878 1.97907
0 8 1.7564 1.97907
0 8 0.65244 1.97907
0 8 1.64144 1.97907
0 8 0.648227 1.97907
0 8 0.663585 1.97907
0 8 0.691658 1.97907
0 8 0.670561 1.97907
1 8 0.693569 16.3027
1 8 0.711134 16.3027
1 8 0.741352 16.3027
1 8 0.716769 16.3027
1 8 0.716354 16.3027
1 8 0.71173 16.3027
1 8 0.713878 16.3027
1 8 0.703468 16.3027
1 8 0.704168 16.3027
1 8 0.7159 16.3027
1 8 1.80553 16.3027
1 8 0.693159 16.3027
1 8 0.722042 16.3027
1 8 0.706419 16.3027
1 8 0.692827 16.3027
1 8 0.701446 16.3027
1 8 0.709055 16.3027
1 8 0.687854 16.3027
1 8 0.693477 16.3027
1 8 1.57995 16.3027
1 8 1.67467 16.3027
1 8 0.720962 16.3027
1 8 0.729773 16.3027
1 8 0.707579 16.3027
1 8 0.721068 16.3027
1 8 0.711659 16.3027
1 8 0.696799 16.3027
1 8 1.69932 16.3027
1 8 0.723612 16.3027
1 8 0.704617 16.3027
1 8 0.737617 16.3027
1 8 0.732487 16.3027
1 8 0.712288 16.3027
1 8 0.717242 16.3027
1 8 0.699439 16.3027
1 8 0.687138 16.3027
1 8 0.702573 16.3027
1 8 0.709819 16.3027
1 8 0.70985 16.3027
1 8 0.741249 16.3027
1 8 0.693616 16.3027
1 8 0.683166 16.3027
1 8 0.699764 16.3027
1 8 0.699495 16.3027
1 8 0.691513 16.3027
1 8 0.697847 16.3027
1 8 0.747758 16.3027
1 8 0.718109 16.3027
1 8 0.713232 16.3027
1 8 0.712361 16.3027
2 8 0.688746 -0.514578
2 8 0.747072 -0.514578
2 8 0.611101 -0.514578
2 8 0.685759 -0.514578
2 8 0.641922 -0.514578
2 8 0.673769 -0.514578
2 8 0.758063 -0.514578
2 8 1.72622 -0.514578
2 8 0.771761 -0.514578
2 8 0.671896 -0.514578
2 8 0.622859 -0.514578
2 8 0.738765 -0.514578
2 8 0.744938 -0.514578
2 8 0.73544 -0.514578
2 8 0.70092 -0.514578
2 8 0.773966 -0.514578
2 8 0.638414 -0.514578
2 8 0.708676 -0.514578
2 8 0.685683 -0.514578
2 8 0.767872 -0.514578
2 8 0.78583 -0.514578
2 8 1.60823 -0.514578
2 8 0.781907 -0.514578
2 8 0.800084 -0.514578
2 8 0.687733 -0.514578
2 8 0.685589 -0.514578
2 8 0.738529 -0.514578
2 8 0.641071 -0.514578
2 8 0.725612 -0.514578
2 8 0.690394 -0.514578
2 8 0.746213 -0.514578
2 8 0.698102 -0.514578
2 8 1.71137 -0.514578
2 8 0.762096 -0.514578
2 8 0.694468 -0.514578
2 8 0.633442 -0.514578
2 8 0.628326 -0.514578
2 8 0.626611 -0.514578
2 8 0.649885 -0.514578
2 8 1.86978 -0.514578
2 8 0.787219 -0.514578
2 8 0.732159 -0.514578
2 8 0.751506 -0.514578
2 8 0.75941 -0.514578
2 8 0.777279 -0.514578
2 8 0.688249 -0.514578
2 8 0.628244 -0.514578
2 8 0.627282 -0.514578
2 8 0.731046 -0.514578
2 8 0.615794 -0.514578
3 8 0.691146 202.555
3 8 0.692704 202.555
3 8 0.689626 202.555
3 8 0.68204 202.555
3 8 1.72354 202.555
3 8 1.78925 202.555
3 8 0.699238 202.555
3 8 0.6945 202.555
3 8 0.730694 202.555
3 8 0.706396 202.555
3 8 0.711211 202.555
3 8 1.69494 202.555
3 8 0.696929 202.555
3 8 0.711764 202.555
3 8 0.70575 202.555
3 8 0.700291 202.555
3 8 0.706495 202.555
3 8 0.692509 202.555
3 8 1.58498 202.555
3 8 0.696059 202.555
3 8 0.691849 202.555
3 8 0.726082 202.555
3 8 0.678752 202.555
3 8 0.670701 202.555
3 8 0.686329 202.555
3 8 1.59164 202.555
3 8 0.680017 202.555
3 8 0.724993 202.555
3 8 1.76729 202.555
3 8 1.67745 202.555
3 8 1.76523 202.555
3 8 1.75465 202.555
3 8 1.74999 202.555
3 8 0.674091 202.555
3 8 0.72252 202.555
3 8 0.664388 202.555
3 8 0.703468 202.555
3 8 1.58685 202.555
3 8 1.56971 202.555
3 8 0.72693 202.555
3 8 1.72188 202.555
3 8 1.6894 202.555
3 8 0.720187 202.555
3 8 0.700099 202.555
3 8 0.706511 202.555
3 8 0.689113 202.555
3 8 1.63805 202.555
3 8 1.66531 202.555
3 8 1.6793 202.555
3 8 1.67277 202.555
4 8 0.670022 9.75058
4 8 0.684137 9.75058
4 8 0.703728 9.75058
4 8 0.686761 9.75058
4 8 0.679186 9.75058
4 8 0.693785 9.75058
4 8 1.61346 9.75058
4 8 1.50175 9.75058
4 8 0.676817 9.75058
4 8 0.679953 9.75058
4 8 1.7832 9.75058
4 8 1.67184 9.75058
4 8 1.66569 9.75058
4 8 0.680728 9.75058
4 8 0.688927 9.75058
4 8 0.700223 9.75058
4 8 0.699369 9.75058
4 8 0.702725 9.75058
4 8 0.688054 9.75058
4 8 0.681268 9.75058
4 8 0.683287 9.75058
4 8 0.682528 9.75058
4 8 1.62565 9.75058
4 8 0.68945 9.75058
4 8 0.717629 9.75058
4 8 0.702744 9.75058
4 8 0.716361 9.75058
4 8 1.59334 9.75058
4 8 0.676774 9.75058
4 8 0.698025 9.75058
4 8 0.674791 9.75058
4 8 0.679656 9.75058
4 8 0.688769 9.75058
4 8 1.68712 9.75058
4 8 1.6884 9.75058
4 8 1.71059 9.75058
4 8 1.68497 9.75058
4 8 1.72406 9.75058
4 8 0.712925 9.75058
4 8 0.68255 9.75058
4 8 0.685621 9.75058
4 8 0.711718 9.75058
4 8 0.708587 9.75058
4 8 0.689711 9.75058
4 8 1.71445 9.75058
4 8 1.6695 9.75058
4 8 1.68694 9.75058
4 8 0.70154 9.75058
4 8 0.70173 9.75058
4 8 1.72509 9.75058
5 8 8.12836 24.8545
5 8 8.13069 24.8545
5 8 8.34098 24.8545
5 8 8.13053 24.8545
5 8 8.10838 24.8545
5 8 8.1262 24.8545
5 8 8.33273 24.8545
5 8 8.14521 24.8545
5 8 8.41617 24.8545
5 8 8.14718 24.8545
5 8 8.11018 24.8545
5 8 8.37086 24.8545
5 8 8.12305 24.8545
5 8 8.14871 24.8545
5 8 8.2799 24.8545
5 8 8.16025 24.8545
5 8 8.10736 24.8545
5 8 8.34867 24.8545
5 8 8.1341 24.8545
5 8 8.13614 24.8545
5 8 8.38555 24.8545
5 8 8.12016 24.8545
5 8 8.10695 24.8545
5 8 8.35197 24.8545
5 8 8.16622 24.8545
5 8 8.13691 24.8545
5 8 8.37102 24.8545
5 8 8.11062 24.8545
5 8 8.12349 24.8545
5 8 8.34729 24.8545
5 8 8.10919 24.8545
5 8 8.36112 24.8545
5 8 8.12404 24.8545
5 8 8.13794 24.8545
5 8 8.39196 24.8545
5 8 8.16028 24.8545
5 8 8.1098 24.8545
5 8 8.14141 24.8545
5 8 8.36468 24.8545
5 8 8.13676 24.8545
5 8 8.12499 24.8545
5 8 8.33728 24.8545
5 8 8.10995 24.8545
5 8 8.12955 24.8545
5 8 8.42513 24.8545
5 8 8.13113 24.8545
5 8 8.16083 24.8545
5 8 8.37203 24.8545
5 8 8.07684 24.8545
5 8 8.12075 24.8545
0 9 0.640248 1.97907
0 9 0.652349 1.97907
0 9 0.644375 1.97907
0 9 0.639962 1.97907
0 9 0.685636 1.97907
0 9 0.688907 1.97907
0 9 0.637599 1.97907
0 9 0.639081 1.97907
0 9 0.641915 1.97907
0 9 0.643604 1.97907
0 9 0.633462 1.97907
0 9 0.647444 1.97907
0 9 0.677571 1.97907
0 9 0.646661 1.97907
0 9 0.673729 1.97907
0 9 0.664365 1.97907
0 9 0.648161 1.97907
0 9 0.672405 1.97907
0 9 0.639475 1.97907
0 9 0.634734 1.97907
0 9 0.713548 1.97907
0 9 0.642787 1.97907
0 9 0.650314 1.97907
0 9 0.639213 1.97907
0 9 0.653823 1.97907
0 9 0.636718 1.97907
0 9 0.647269 1.97907
0 9 0.67223 1.97907
0 9 0.668291 1.97907
0 9 0.633302 1.97907
0 9 0.64516 1.97907
0 9 0.638824 1.97907
0 9 0.66347 1.97907
0 9 0.667263 1.97907
0 9 0.64958 1.97907
0 9 0.648483 1.97907
0 9 0.644388 1.97907
0 9 0.649688 1.97907
0 9 0.633217 1.97907
0 9 0.672977 1.97907
0 9 0.641916 1.97907
0 9 0.665075 1.97907
0 9 0.646733 1.97907
0 9 0.646085 1.97907
0 9 0.63545 1.97907
0 9 0.64417 1.97907
0 9 0.635843 1.97907
0 9 0.646489 1.97907
0 9 0.642834 1.97907
0 9 0.639458 1.97907
0 9 0.675039 1.97907
0 9 0.63824 1.97907
0 9 0.633936 1.97907
0 9 0.636994 1.97907
0 9 0.642232 1.97907
0 9 0.681762 1.97907
0 9 0.632371 1.97907
0 9 0.681484 1.97907
0 9 0.64866 1.97907
0 9 0.649416 1.97907
0 9 0.638887 1.97907
0 9 0.6411 1.97907
0 9 0.666285 1.97907
0 9 0.640963 1.97907
0 9 0.672547 1.97907
0 9 0.679472 1.97907
0 9 0.675517 1.97907
0 9 0.673595 1.97907
0 9 0.681691 1.97907
0 9 0.639564 1.97907
0 9 0.672654 1.97907
0 9 0.643831 1.97907
0 9 0.634219 1.97907
0 9 0.672999 1.97907
0 9 0.634262 1.97907
0 9 0.666084 1.97907
0 9 0.631055 1.97907
0 9 0.667188 1.97907
0 9 0.672709 1.97907
0 9 0.638141 1.97907
0 9 0.631704 1.97907
0 9 0.635553 1.97907
0 9 0.637071 1.97907
0 9 0.63669 1.97907
0 9 0.644035 1.97907
0 9 0.638788 1.97907
0 9 0.638368 1.97907
0 9 0.675038 1.97907
0 9 0.640151 1.97907
0 9 0.676986 1.97907
0 9 0.635385 1.97907
0 9 0.683132 1.97907
0 9 0.632589 1.97907
0 9 0.646265 1.97907
0 9 0.655734 1.97907
0 9 0.643432 1.97907
0 9 0.668024 1.97907
0 9 0.63446 1.97907
0 9 0.649699 1.97907
0 9 0.648204 1.97907
1 9 0.67877 16.3027
1 9 0.720884 16.3027
1 9 0.721678 16.3027
1 9 0.717661 16.3027
1 9 0.687649 16.3027
1 9 0.674244 16.3027
1 9 0.687627 16.3027
1 9 0.684724 16.3027
1 9 0.699024 16.3027
1 9 0.684821 16.3027
1 9 0.734878 16.3027
1 9 0.720975 16.3027
1 9 0.682546 16.3027
1 9 0.679485 16.3027
1 9 0.687123 16.3027
1 9 0.682503 16.3027
1 9 0.698941 16.3027
1 9 0.684582 16.3027
1 9 0.676969 16.3027
1 9 0.70115 16.3027
0 4 0.833081 1.97907
0 4 0.831463 1.97907
0 4 0.971457 1.97907
0 4 0.964154 1.97907
0 4 0.957579 1.97907
0 4 1.15045 1.97907
0 4 0.975426 1.97907
0 4 0.377541 1.97907
0 4 0.805876 1.97907
0 4 0.975219 1.97907
0 4 1.01085 1.97907
0 4 0.815673 1.97907
0 4 0.69948 1.97907
0 4 0.97442 1.97907
0 4 0.811568 1.97907
0 4 0.375885 1.97907
0 4 0.985162 1.97907
0 4 1.02488 1.97907
0 4 0.377403 1.97907
0 4 0.377069 1.97907
0 4 0.971248 1.97907
0 4 0.822656 1.97907
0 4 0.375491 1.97907
0 4 0.384275 1.97907
0 4 0.975485 1.97907
0 4 0.385175 1.97907
0 4 0.826689 1.97907
0 4 0.381694 1.97907
0 4 0.784688 1.97907
0 4 1.0145 1.97907
0 4 0.354666 1.97907
0 4 1.01695 1.97907
0 4 0.817875 1.97907
0 4 0.693851 1.97907
0 4 1.02782 1.97907
0 4 0.701749 1.97907
0 4 0.364255 1.97907
0 4 1.40651 1.97907
0 4 0.775825 1.97907
0 4 0.813652 1.97907
0 4 1.05183 1.97907
0 4 0.971394 1.97907
0 4 0.764581 1.97907
0 4 0.954547 1.97907
0 4 0.826939 1.97907
0 4 0.376353 1.97907
0 4 0.830011 1.97907
0 4 0.376732 1.97907
0 4 1.56894 1.97907
0 4 0.686782 1.97907
0 4 0.379549 1.97907
0 4 1.05831 1.97907
0 4 0.930676 1.97907
0 4 1.18804 1.97907
0 4 0.37671 1.97907
0 4 0.780492 1.97907
0 4 1.11578 1.97907
0 4 0.367499 1.97907
0 4 0.767556 1.97907
0 4 1.09195 1.97907
0 4 0.371861 1.97907
0 4 0.377042 1.97907
0 4 0.383046 1.97907
0 4 0.422255 1.97907
0 4 0.690439 1.97907
0 4 0.38161 1.97907
0 4 0.368206 1.97907
0 4 0.383597 1.97907
0 4 0.965589 1.97907
0 4 0.380119 1.97907
0 4 1.14085 1.97907
0 4 0.417305 1.97907
0 4 0.378069 1.97907
0 4 0.371026 1.97907
0 4 0.422026 1.97907
0 4 0.379062 1.97907
0 4 0.365242 1.97907
0 4 0.429891 1.97907
0 4 1.04433 1.97907
0 4 0.692084 1.97907
0 4 0.376811 1.97907
0 4 0.827423 1.97907
0 4 0.424715 1.97907
0 4 1.4953 1.97907
0 4 1.03352 1.97907
0 4 0.378006 1.97907
0 4 0.836901 1.97907
0 4 0.696086 1.97907
0 4 0.959173 1.97907
0 4 0.378199 1.97907
0 4 0.777828 1.97907
0 4 0.370899 1.97907
0 4 0.377843 1.97907
0 4 0.373416 1.97907
0 4 0.399555 1.97907
0 4 0.699162 1.97907
0 4 1.01433 1.97907
0 4 1.37508 1.97907
0 4 0.389146 1.97907
0 4 0.828595 1.97907
1 4 0.384363 16.3027
1 4 0.702892 16.3027
1 4 0.839808 16.3027
1 4 0.401691 16.3027
1 4 0.384581 16.3027
1 4 0.831823 16.3027
1 4 0.390208 16.3027
1 4 0.455344 16.3027
1 4 0.790563 16.3027
1 4 0.859898 16.3027
1 4 0.410742 16.3027
1 4 0.402173 16.3027
1 4 0.852643 16.3027
1 4 0.394983 16.3027
1 4 0.796294 16.3027
1 4 0.452949 16.3027
1 4 0.994323 16.3027
1 4 0.406214 16.3027
1 4 0.70397 16.3027
1 4 0.964046 16.3027
1 4 0.781618 16.3027
1 4 0.700239 16.3027
1 4 0.983457 16.3027
1 4 0.782862 16.3027
1 4 0.397938 16.3027
1 4 0.455546 16.3027
1 4 1.00654 16.3027
1 4 0.977355 16.3027
1 4 1.09214 16.3027
1 4 0.47561 16.3027
1 4 0.463478 16.3027
1 4 0.755931 16.3027
1 4 1.91213 16.3027
1 4 0.387599 16.3027
1 4 0.400565 16.3027
1 4 1.07054 16.3027
1 4 0.836565 16.3027
1 4 1.06455 16.3027
1 4 0.402285 16.3027
1 4 1.12928 16.3027
1 4 1.51746 16.3027
1 4 0.457139 16.3027
1 4 0.455918 16.3027
1 4 0.846168 16.3027
1 4 0.401695 16.3027
1 4 1.11656 16.3027
1 4 1.75499 16.3027
1 4 0.775955 16.3027
1 4 0.838768 16.3027
1 4 0.969409 16.3027
2 4 0.336982 -2.33515
2 4 0.329136 -2.33515
2 4 0.406673 -2.33515
2 4 0.383942 -2.33515
2 4 0.337075 -2.33515
2 4 1.84912 -2.33515
2 4 0.32665 -2.33515
2 4 0.668481 -2.33515
2 4 0.757815 -2.33515
2 4 0.351478 -2.33515
2 4 1.6712 -2.33515
2 4 0.390066 -2.33515
2 4 1.46684 -2.33515
2 4 0.328044 -2.33515
2 4 0.659304 -2.33515
2 4 0.986231 -2.33515
2 4 0.378721 -2.33515
2 4 0.334867 -2.33515
2 4 0.74054 -2.33515
2 4 0.336682 -2.33515
2 4 1.5485 -2.33515
2 4 0.804645 -2.33515
2 4 0.390755 -2.33515
2 4 1.03613 -2.33515
2 4 0.328758 -2.33515
2 4 0.346968 -2.33515
2 4 0.938906 -2.33515
2 4 1.67639 -2.33515
2 4 1.02095 -2.33515
2 4 1.15978 -2.33515
2 4 0.997476 -2.33515
2 4 0.337986 -2.33515
2 4 0.391809 -2.33515
2 4 1.10767 -2.33515
2 4 0.336304 -2.33515
2 4 1.34681 -2.33515
2 4 1.74647 -2.33515
2 4 1.17291 -2.33515
2 4 0.387286 -2.33515
2 4 0.33149 -2.33515
2 4 0.730182 -2.33515
2 4 1.50737 -2.33515
2 4 1.54681 -2.33515
2 4 0.756055 -2.33515
2 4 0.833601 -2.33515
2 4 0.328438 -2.33515
2 4 0.665556 -2.33515
2 4 1.8145 -2.33515
2 4 0.331664 -2.33515
2 4 1.65072 -2.33515
3 4 0.922968 202.555
3 4 0.452574 202.555
3 4 0.931839 202.555
3 4 0.446934 202.555
3 4 1.05536 202.555
3 4 0.380211 202.555
3 4 0.393823 202.555
3 4 0.390168 202.555
3 4 0.459827 202.555
3 4 0.861002 202.555
3 4 1.02152 202.555
3 4 0.388785 202.555
3 4 0.753427 202.555
3 4 1.53212 202.555
3 4 1.12172 202.555
3 4 0.460546 202.555
3 4 1.43209 202.555
3 4 0.753538 202.555
3 4 1.02519 202.555
3 4 0.387301 202.555
3 4 1.09643 202.555
3 4 0.371161 202.555
3 4 0.376067 202.555
3 4 0.380657 202.555
3 4 0.460819 202.555
3 4 0.716651 202.555
3 4 0.823915 202.555
3 4 0.401093 202.555
3 4 0.454511 202.555
3 4 1.64478 202.555
3 4 1.4166 202.555
3 4 0.395017 202.555
3 4 1.5114 202.555
3 4 0.784018 202.555
3 4 0.398452 202.555
3 4 0.379898 202.555
3 4 0.421933 202.555
3 4 0.921005 202.555
3 4 0.376274 202.555
3 4 0.385397 202.555
3 4 1.03908 202.555
3 4 0.391012 202.555
3 4 0.436308 202.555
3 4 1.51903 202.555
3 4 0.924559 202.555
3 4 1.37166 202.555
3 4 0.388019 202.555
3 4 0.382954 202.555
4 4 0.414663 9.75058
3 4 1.67117 202.555
3 4 1.03792 202.555
4 4 1.06651 9.75058
4 4 0.372219 9.75058
4 4 0.396076 9.75058
4 4 1.54218 9.75058
4 4 0.929631 9.75058
4 4 0.388339 9.75058
4 4 0.763502 9.75058
4 4 0.408776 9.75058
4 4 1.02592 9.75058
4 4 0.385063 9.75058
4 4 0.414558 9.75058
4 4 0.923412 9.75058
4 4 0.405345 9.75058
4 4 0.389832 9.75058
4 4 0.418887 9.75058
4 4 1.08624 9.75058
4 4 0.381499 9.75058
4 4 0.449767 9.75058
4 4 0.387258 9.75058
4 4 0.384282 9.75058
4 4 1.53775 9.75058
4 4 0.719857 9.75058
4 4 1.63631 9.75058
4 4 0.91398 9.75058
4 4 0.395371 9.75058
4 4 0.394482 9.75058
4 4 0.381248 9.75058
4 4 1.54209 9.75058
4 4 1.58424 9.75058
4 4 1.7915 9.75058
4 4 0.915478 9.75058
4 4 0.37356 9.75058
4 4 1.06027 9.75058
4 4 0.393847 9.75058
4 4 1.48243 9.75058
4 4 1.59476 9.75058
4 4 0.711151 9.75058
4 4 0.976843 9.75058
4 4 0.391848 9.75058
4 4 0.3814 9.75058
4 4 0.826099 9.75058
4 4 1.11679 9.75058
4 4 0.385337 9.75058
4 4 0.445814 9.75058
4 4 0.749391 9.75058
4 4 0.41352 9.75058
4 4 1.45959 9.75058
4 4 0.991186 9.75058
4 4 0.901016 9.75058
5 4 19.0725 24.8545
5 4 19.5954 24.8545
5 4 19.4945 24.8545
5 4 19.1536 24.8545
5 4 20.453 24.8545
5 4 19.008 24.8545
5 4 19.1563 24.8545
5 4 19.32 24.8545
5 4 19.5162 24.8545
5 4 19.5773 24.8545
5 4 19.066 24.8545
5 4 19.2298 24.8545
5 4 18.6066 24.8545
5 4 19.0544 24.8545
5 4 18.5997 24.8545
5 4 19.6627 24.8545
5 4 19.7571 24.8545
5 4 19.3083 24.8545
5 4 20.3704 24.8545
5 4 20.1759 24.8545
5 4 19.1257 24.8545
5 4 19.5063 24.8545
5 4 19.9965 24.8545
5 4 18.6173 24.8545
5 4 18.619 24.8545
5 4 18.9981 24.8545
5 4 19.2279 24.8545
5 4 19.2389 24.8545
5 4 19.5017 24.8545
5 4 19.6072 24.8545
5 4 19.6515 24.8545
5 4 19.7343 24.8545
5 4 19.2141 24.8545
5 4 20.1329 24.8545
5 4 20.3044 24.8545
5 4 19.5378 24.8545
5 4 19.1878 24.8545
5 4 19.6206 24.8545
5 4 19.9343 24.8545
5 4 19.0593 24.8545
5 4 19.071 24.8545
5 4 19.0735 24.8545
5 4 19.0992 24.8545
5 4 19.213 24.8545
5 4 19.4189 24.8545
5 4 19.6601 24.8545
5 4 19.6938 24.8545
5 4 20.003 24.8545
5 4 19.5611 24.8545
5 4 20.0484 24.8545
1 9 1.08753 16.3027
1 9 1.02497 16.3027
1 9 1.06358 16.3027
1 9 1.04704 16.3027
1 9 1.05748 16.3027
1 9 1.08413 16.3027
1 9 1.11854 16.3027
1 9 1.05903 16.3027
1 9 1.10374 16.3027
1 9 1.04281 16.3027
1 9 1.07515 16.3027
1 9 1.05696 16.3027
1 9 1.0805 16.3027
1 9 1.08877 16.3027
1 9 1.06353 16.3027
1 9 1.04014 16.3027
1 9 1.06547 16.3027
1 9 1.06863 16.3027
1 9 1.05467 16.3027
1 9 1.03359 16.3027
1 9 1.07741 16.3027
1 9 1.07829 16.3027
1 9 1.02633 16.3027
1 9 1.02794 16.3027
1 9 1.04632 16.3027
1 9 1.05246 16.3027
1 9 1.05735 16.3027
1 9 1.01444 16.3027
1 9 1.07857 16.3027
1 9 1.07348 16.3027
2 9 1.02876 -0.514578
2 9 1.13242 -0.514578
2 9 0.990194 -0.514578
2 9 0.995066 -0.514578
2 9 1.00111 -0.514578
2 9 1.04399 -0.514578
2 9 1.0227 -0.514578
2 9 1.13655 -0.514578
2 9 0.997608 -0.514578
2 9 0.99135 -0.514578
2 9 0.983693 -0.514578
2 9 1.08 -0.514578
2 9 1.0016 -0.514578
2 9 0.992145 -0.514578
2 9 0.992886 -0.514578
2 9 0.991075 -0.514578
2 9 0.991066 -0.514578
2 9 0.99382 -0.514578
2 9 1.6038 -0.514578
2 9 1.3183 -0.514578
2 9 1.53071 -0.514578
2 9 1.23361 -0.514578
2 9 1.49237 -0.514578
2 9 1.25797 -0.514578
2 9 1.5603 -0.514578
2 9 1.46325 -0.514578
2 9 1.53533 -0.514578
2 9 1.23856 -0.514578
2 9 1.36604 -0.514578
2 9 1.56192 -0.514578
2 9 1.82256 -0.514578
2 9 0.861569 -0.514578
2 9 1.82154 -0.514578
2 9 1.31831 -0.514578
2 9 0.974533 -0.514578
2 9 1.45518 -0.514578
2 9 1.43076 -0.514578
2 9 1.32253 -0.514578
2 9 1.96726 -0.514578
2 9 1.54287 -0.514578
2 9 1.39965 -0.514578
2 9 1.36947 -0.514578
2 9 1.53751 -0.514578
2 9 1.52618 -0.514578
2 9 1.27762 -0.514578
2 9 1.19113 -0.514578
2 9 1.07167 -0.514578
2 9 1.55679 -0.514578
2 9 1.22564 -0.514578
2 9 1.78561 -0.514578
3 9 1.23057 202.555
3 9 1.42538 202.555
3 9 1.02471 202.555
3 9 1.73022 202.555
3 9 1.54066 202.555
3 9 0.891958 202.555
3 9 1.53447 202.555
3 9 1.49092 202.555
3 9 0.973365 202.555
3 9 1.34737 202.555
3 9 1.38556 202.555
3 9 1.56045 202.555
3 9 1.36133 202.555
3 9 1.3606 202.555
3 9 1.76448 202.555
3 9 1.42225 202.555
3 9 1.40751 202.555
3 9 0.90608 202.555
3 9 1.55518 202.555
3 9 1.38267 202.555
3 9 0.916151 202.555
3 9 1.62471 202.555
3 9 1.69634 202.555
3 9 1.4334 202.555
3 9 1.27678 202.555
3 9 1.59949 202.555
3 9 1.52254 202.555
3 9 1.47954 202.555
3 9 1.29213 202.555
3 9 1.57987 202.555
3 9 1.03884 202.555
3 9 1.49516 202.555
3 9 1.2893 202.555
3 9 0.889152 202.555
3 9 1.01336 202.555
3 9 1.32511 202.555
3 9 1.18545 202.555
3 9 1.30335 202.555
3 9 1.01183 202.555
3 9 1.42136 202.555
3 9 1.19415 202.555
3 9 1.02452 202.555
3 9 1.35135 202.555
3 9 1.39167 202.555
3 9 1.44307 202.555
3 9 1.57785 202.555
3 9 1.26217 202.555
3 9 1.26367 202.555
3 9 1.51932 202.555
3 9 1.80768 202.555
4 9 1.29516 9.75058
4 9 1.47588 9.75058
4 9 0.972919 9.75058
4 9 1.38249 9.75058
4 9 1.40193 9.75058
4 9 1.40993 9.75058
4 9 0.89239 9.75058
4 9 1.50689 9.75058
4 9 1.32125 9.75058
4 9 1.34766 9.75058
4 9 1.27512 9.75058
4 9 1.20564 9.75058
4 9 1.4376 9.75058
4 9 1.40334 9.75058
4 9 1.01983 9.75058
4 9 1.24758 9.75058
4 9 1.51157 9.75058
4 9 0.976275 9.75058
4 9 0.889329 9.75058
4 9 1.36205 9.75058
4 9 1.45009 9.75058
4 9 0.975037 9.75058
4 9 1.44833 9.75058
4 9 1.38386 9.75058
4 9 1.47976 9.75058
4 9 1.28321 9.75058
4 9 1.1712 9.75058
4 9 1.02369 9.75058
4 9 1.34732 9.75058
4 9 1.31789 9.75058
4 9 1.22463 9.75058
4 9 1.52198 9.75058
4 9 1.35633 9.75058
4 9 1.42665 9.75058
4 9 0.904651 9.75058
4 9 1.45862 9.75058
4 9 1.32934 9.75058
4 9 1.3543 9.75058
4 9 1.72912 9.75058
4 9 1.24977 9.75058
4 9 0.897759 9.75058
4 9 1.51011 9.75058
4 9 1.54245 9.75058
4 9 1.25264 9.75058
4 9 1.48903 9.75058
4 9 1.36791 9.75058
4 9 1.48189 9.75058
4 9 1.35246 9.75058
4 9 1.76787 9.75058
4 9 1.27517 9.75058
5 9 7.6103 24.8545
5 9 7.49844 24.8545
5 9 7.49919 24.8545
5 9 7.55419 24.8545
5 9 7.6214 24.8545
5 9 7.3631 24.8545
5 9 7.47605 24.8545
5 9 7.50167 24.8545
5 9 7.50045 24.8545
5 9 7.48807 24.8545
5 9 7.55439 24.8545
5 9 7.57845 24.8545
5 9 7.49105 24.8545
5 9 7.44937 24.8545
5 9 7.60661 24.8545
5 9 7.66866 24.8545
5 9 7.50676 24.8545
5 9 7.35909 24.8545
5 9 7.51414 24.8545
5 9 7.57454 24.8545
5 9 7.46956 24.8545
5 9 7.37259 24.8545
5 9 7.52009 24.8545
5 9 7.4747 24.8545
5 9 7.37721 24.8545
5 9 7.613 24.8545
5 9 7.5316 24.8545
5 9 7.50169 24.8545
5 9 7.36804 24.8545
5 9 7.96553 24.8545
5 9 7.46086 24.8545
5 9 7.37009 24.8545
5 9 7.62791 24.8545
5 9 7.48893 24.8545
5 9 7.47763 24.8545
5 9 7.38182 24.8545
5 9 7.6104 24.8545
5 9 7.51368 24.8545
5 9 7.50719 24.8545
5 9 7.3624 24.8545
5 9 7.59896 24.8545
5 9 7.53088 24.8545
5 9 7.51228 24.8545
5 9 7.50963 24.8545
5 9 7.53635 24.8545
5 9 7.35224 24.8545
5 9 7.59213 24.8545
5 9 7.50616 24.8545
5 9 7.4767 24.8545
5 9 7.37865 24.8545
0 15 1.58933 1.97907
0 15 1.49708 1.97907
0 15 1.00979 1.97907
0 15 1.22372 1.97907
0 15 1.61416 1.97907
0 15 1.76217 1.97907
0 15 1.40059 1.97907
0 15 0.934801 1.97907
0 15 1.65588 1.97907
0 15 0.932211 1.97907
0 15 1.58348 1.97907
0 15 1.40553 1.97907
0 15 1.49872 1.97907
0 15 1.92445 1.97907
0 15 1.22211 1.97907
0 15 0.934604 1.97907
0 15 1.20693 1.97907
0 15 1.23646 1.97907
0 15 1.6663 1.97907
0 15 1.65698 1.97907
0 15 1.32079 1.97907
0 15 1.26446 1.97907
0 15 1.74843 1.97907
0 15 1.38506 1.97907
0 15 1.30114 1.97907
0 15 0.963963 1.97907
0 15 1.28937 1.97907
0 15 1.04472 1.97907
0 15 1.65776 1.97907
0 15 1.02513 1.97907
0 15 1.62511 1.97907
0 15 1.40292 1.97907
0 15 1.26808 1.97907
0 15 1.28576 1.97907
0 15 0.999496 1.97907
0 15 1.89588 1.97907
0 15 1.40912 1.97907
0 15 1.21619 1.97907
0 15 1.01761 1.97907
0 15 1.25872 1.97907
0 15 1.44969 1.97907
0 15 0.921921 1.97907
0 15 1.6219 1.97907
0 15 1.22513 1.97907
0 15 1.23868 1.97907
0 15 1.53064 1.97907
0 15 1.12564 1.97907
0 15 1.52636 1.97907
0 15 1.00982 1.97907
0 15 1.24566 1.97907
0 15 0.934994 1.97907
0 15 1.27052 1.97907
0 15 1.51901 1.97907
0 15 1.36823 1.97907
0 15 1.58011 1.97907
0 15 1.37161 1.97907
0 15 1.44325 1.97907
0 15 1.45576 1.97907
0 15 1.35051 1.97907
0 15 1.37966 1.97907
0 15 1.0637 1.97907
0 15 1.25279 1.97907
0 15 1.28613 1.97907
0 15 1.0404 1.97907
0 15 1.39081 1.97907
0 15 1.37434 1.97907
0 15 1.64615 1.97907
0 15 1.21825 1.97907
0 15 1.56509 1.97907
0 15 1.70915 1.97907
0 15 1.07666 1.97907
0 15 1.57418 1.97907
0 15 1.30435 1.97907
0 15 1.48871 1.97907
0 15 0.99837 1.97907
0 15 1.25564 1.97907
0 15 1.24023 1.97907
0 15 1.07462 1.97907
0 15 1.22739 1.97907
0 15 1.06769 1.97907
0 15 1.24687 1.97907
0 15 1.51087 1.97907
0 15 1.70268 1.97907
0 15 1.60937 1.97907
0 15 1.49419 1.97907
0 15 1.5872 1.97907
0 15 1.31603 1.97907
0 15 1.54113 1.97907
0 15 1.56002 1.97907
0 15 1.29908 1.97907
0 15 1.41382 1.97907
0 15 0.942655 1.97907
0 15 1.58465 1.97907
0 15 1.35999 1.97907
0 15 1.63794 1.97907
0 15 1.36964 1.97907
0 15 0.952845 1.97907
0 15 1.38066 1.97907
0 15 0.935774 1.97907
0 15 1.13839 1.97907
1 15 0.933493 16.3027
1 15 1.03486 16.3027
1 15 0.925426 16.3027
1 15 1.90682 16.3027
1 15 1.37425 16.3027
1 15 1.61216 16.3027
1 15 1.29423 16.3027
1 15 1.29581 16.3027
1 15 1.37019 16.3027
1 15 0.924774 16.3027
1 15 1.66692 16.3027
1 15 1.06357 16.3027
1 15 1.39985 16.3027
1 15 1.04852 16.3027
1 15 0.920326 16.3027
1 15 1.59304 16.3027
1 15 0.96831 16.3027
1 15 1.65792 16.3027
1 15 1.30222 16.3027
1 15 1.61928 16.3027
1 15 1.3617 16.3027
1 15 1.54123 16.3027
1 15 1.37636 16.3027
1 15 1.51516 16.3027
1 15 1.25735 16.3027
1 15 1.6169 16.3027
1 15 1.29464 16.3027
1 15 1.35903 16.3027
1 15 1.44666 16.3027
1 15 1.23549 16.3027
1 15 1.58613 16.3027
1 15 1.23445 16.3027
1 15 1.53014 16.3027
1 15 0.972634 16.3027
1 15 1.71818 16.3027
1 15 1.84325 16.3027
1 15 1.27883 16.3027
1 15 1.01535 16.3027
1 15 1.35739 16.3027
1 15 0.980531 16.3027
1 15 1.31042 16.3027
1 15 1.07975 16.3027
1 15 1.4065 16.3027
1 15 1.31198 16.3027
1 15 1.54971 16.3027
1 15 1.33703 16.3027
1 15 1.01735 16.3027
1 15 1.35727 16.3027
1 15 1.28077 16.3027
1 15 1.37271 16.3027
2 15 1.31147 -0.194765
2 15 1.5953 -0.194765
2 15 1.00864 -0.194765
2 15 1.35808 -0.194765
2 15 1.41942 -0.194765
2 15 1.57646 -0.194765
2 15 0.956745 -0.194765
2 15 0.917391 -0.194765
2 15 1.33269 -0.194765
2 15 0.933042 -0.194765
2 15 1.01201 -0.194765
2 15 1.59679 -0.194765
2 15 1.34662 -0.194765
2 15 1.45663 -0.194765
2 15 1.2436 -0.194765
2 15 1.70853 -0.194765
2 15 0.901575 -0.194765
2 15 1.39797 -0.194765
2 15 0.935042 -0.194765
2 15 1.58273 -0.194765
2 15 1.26574 -0.194765
2 15 1.38227 -0.194765
2 15 1.49092 -0.194765
2 15 1.61604 -0.194765
2 15 0.970725 -0.194765
2 15 1.20735 -0.194765
2 15 0.985176 -0.194765
2 15 1.42891 -0.194765
2 15 1.21414 -0.194765
2 15 1.25878 -0.194765
2 15 0.910785 -0.194765
2 15 1.43066 -0.194765
2 15 0.973796 -0.194765
2 15 1.39996 -0.194765
2 15 1.63997 -0.194765
2 15 1.59092 -0.194765
2 15 1.33685 -0.194765
2 15 1.35932 -0.194765
2 15 1.34053 -0.194765
2 15 1.02024 -0.194765
2 15 1.27115 -0.194765
2 15 1.508 -0.194765
2 15 1.26341 -0.194765
2 15 1.59714 -0.194765
2 15 1.56242 -0.194765
2 15 1.25038 -0.194765
2 15 1.0236 -0.194765
2 15 1.65202 -0.194765
2 15 0.924179 -0.194765
2 15 1.23161 -0.194765
3 15 1.62332 202.555
3 15 1.42102 202.555
3 15 1.71267 202.555
3 15 1.89832 202.555
3 15 1.38957 202.555
3 15 0.998624 202.555
3 15 1.3483 202.555
3 15 1.55449 202.555
3 15 1.47341 202.555
3 15 1.34731 202.555
3 15 0.906184 202.555
3 15 0.990931 202.555
3 15 0.960258 202.555
3 15 1.33279 202.555
3 15 0.910193 202.555
3 15 1.31697 202.555
3 15 1.55235 202.555
3 15 0.920432 202.555
3 15 1.59743 202.555
3 15 1.2809 202.555
3 15 1.41851 202.555
3 15 1.37896 202.555
3 15 1.0006 202.555
3 15 1.30373 202.555
3 15 1.01174 202.555
3 15 1.76139 202.555
3 15 1.16443 202.555
3 15 1.56743 202.555
3 15 1.42543 202.555
3 15 1.28145 202.555
3 15 1.02175 202.555
3 15 1.82371 202.555
3 15 1.28683 202.555
3 15 1.88269 202.555
3 15 1.00552 202.555
3 15 1.3805 202.555
3 15 1.27882 202.555
3 15 1.33531 202.555
3 15 1.47338 202.555
3 15 1.67336 202.555
3 15 1.26207 202.555
3 15 1.5904 202.555
3 15 1.01802 202.555
3 15 1.45683 202.555
3 15 1.68186 202.555
3 15 1.51932 202.555
3 15 1.43739 202.555
3 15 1.36654 202.555
3 15 0.991396 202.555
3 15 1.45046 202.555
4 15 1.20997 9.75058
4 15 1.41621 9.75058
4 15 1.02877 9.75058
4 15 1.21906 9.75058
4 15 1.02219 9.75058
4 15 1.28253 9.75058
4 15 1.63909 9.75058
4 15 0.923604 9.75058
4 15 1.56642 9.75058
4 15 0.91722 9.75058
4 15 1.55725 9.75058
4 15 1.30713 9.75058
4 15 1.1971 9.75058
4 15 1.28433 9.75058
4 15 1.61362 9.75058
4 15 1.34274 9.75058
4 15 1.0357 9.75058
4 15 1.79815 9.75058
4 15 1.53493 9.75058
4 15 1.50958 9.75058
4 15 1.26425 9.75058
4 15 1.19798 9.75058
4 15 1.56343 9.75058
4 15 1.17165 9.75058
4 15 0.902456 9.75058
4 15 1.2109 9.75058
4 15 0.895557 9.75058
4 15 1.03365 9.75058
4 15 1.34028 9.75058
4 15 1.66533 9.75058
4 15 0.878628 9.75058
4 15 1.61257 9.75058
4 15 1.40615 9.75058
4 15 1.3941 9.75058
4 15 0.890473 9.75058
4 15 0.901649 9.75058
4 15 1.57238 9.75058
4 15 0.894478 9.75058
4 15 1.54202 9.75058
4 15 1.95029 9.75058
4 15 1.44382 9.75058
4 15 1.34001 9.75058
4 15 1.16069 9.75058
4 15 1.31026 9.75058
4 15 1.7952 9.75058
4 15 1.26612 9.75058
4 15 1.52974 9.75058
4 15 1.2559 9.75058
4 15 1.04011 9.75058
4 15 1.21715 9.75058
5 15 4.30979 24.8545
5 15 4.28644 24.8545
5 15 4.30942 24.8545
5 15 4.28029 24.8545
5 15 4.34338 24.8545
5 15 4.22554 24.8545
5 15 4.29884 24.8545
5 15 4.23641 24.8545
5 15 4.23545 24.8545
5 15 4.31879 24.8545
5 15 4.32999 24.8545
5 15 4.29121 24.8545
5 15 4.32152 24.8545
5 15 4.3469 24.8545
5 15 4.27748 24.8545
5 15 4.24265 24.8545
5 15 4.22884 24.8545
5 15 4.30745 24.8545
5 15 4.3196 24.8545
5 15 4.30496 24.8545
5 15 4.3385 24.8545
5 15 4.23369 24.8545
5 15 4.29366 24.8545
5 15 4.34902 24.8545
5 15 4.31665 24.8545
5 15 4.30738 24.8545
5 15 4.36473 24.8545
5 15 4.28435 24.8545
5 15 4.35688 24.8545
5 15 4.22585 24.8545
5 15 4.23713 24.8545
5 15 4.3099 24.8545
5 15 4.3205 24.8545
5 15 4.3118 24.8545
5 15 4.30856 24.8545
5 15 4.28272 24.8545
5 15 4.35814 24.8545
5 15 4.22709 24.8545
5 15 4.2406 24.8545
5 15 4.33713 24.8545
5 15 4.29955 24.8545
5 15 4.29803 24.8545
5 15 4.32043 24.8545
5 15 4.33477 24.8545
5 15 4.34486 24.8545
5 15 4.22529 24.8545
5 15 4.29595 24.8545
5 15 4.31771 24.8545
5 15 4.28934 24.8545
5 15 4.30465 24.8545
0 16 1.0971 1.97907
0 16 1.04629 1.97907
0 16 1.0118 1.97907
0 16 1.3957 1.97907
0 16 1.39536 1.97907
0 16 1.50105 1.97907
0 16 1.06394 1.97907
0 16 1.04849 1.97907
0 16 1.41321 1.97907
0 16 1.07289 1.97907
0 16 1.49616 1.97907
0 16 1.00043 1.97907
0 16 0.971438 1.97907
0 16 0.895601 1.97907
0 16 1.02044 1.97907
0 16 1.04067 1.97907
0 16 1.06795 1.97907
0 16 1.06216 1.97907
0 16 1.40533 1.97907
0 16 1.41488 1.97907
0 16 0.897726 1.97907
0 16 1.73271 1.97907
0 16 0.8959 1.97907
0 16 0.972779 1.97907
0 16 0.987199 1.97907
0 16 0.898919 1.97907
0 16 1.46981 1.97907
0 16 0.899267 1.97907
0 16 1.39913 1.97907
0 16 0.893489 1.97907
0 16 1.02708 1.97907
0 16 1.45096 1.97907
0 16 1.66837 1.97907
0 16 1.491 1.97907
0 16 0.961373 1.97907
0 16 1.52434 1.97907
0 16 0.936322 1.97907
0 16 1.05668 1.97907
0 16 1.44285 1.97907
0 16 1.11537 1.97907
0 16 1.55758 1.97907
0 16 1.04804 1.97907
0 16 1.04128 1.97907
0 16 0.965821 1.97907
0 16 1.05849 1.97907
0 16 1.38296 1.97907
0 16 0.938165 1.97907
0 16 1.4642 1.97907
0 16 1.53554 1.97907
0 16 1.00584 1.97907
0 16 1.1582 1.97907
0 16 0.907193 1.97907
0 16 1.01001 1.97907
0 16 0.910499 1.97907
0 16 1.0717 1.97907
0 16 0.912273 1.97907
0 16 1.37927 1.97907
0 16 1.05638 1.97907
0 16 0.909407 1.97907
0 16 1.01512 1.97907
0 16 1.36858 1.97907
0 16 1.44741 1.97907
0 16 1.0459 1.97907
0 16 1.48309 1.97907
0 16 1.02841 1.97907
0 16 1.49283 1.97907
0 16 1.05748 1.97907
0 16 1.24056 1.97907
0 16 1.41976 1.97907
0 16 0.896075 1.97907
0 16 1.49686 1.97907
0 16 1.06796 1.97907
0 16 1.43621 1.97907
0 16 1.15762 1.97907
0 16 1.48018 1.97907
0 16 1.4037 1.97907
0 16 1.37766 1.97907
0 16 1.12037 1.97907
0 16 1.25048 1.97907
0 16 1.06232 1.97907
0 16 1.00492 1.97907
0 16 1.14029 1.97907
0 16 1.57422 1.97907
0 16 0.905117 1.97907
0 16 0.956686 1.97907
0 16 1.52536 1.97907
0 16 1.04535 1.97907
0 16 0.995964 1.97907
0 16 0.94751 1.97907
0 16 1.00587 1.97907
0 16 1.4209 1.97907
0 16 1.39601 1.97907
0 16 1.04281 1.97907
0 16 0.947122 1.97907
0 16 1.02188 1.97907
0 16 1.31185 1.97907
0 16 1.59929 1.97907
0 16 1.06686 1.97907
0 16 0.978913 1.97907
0 16 1.50743 1.97907
1 16 0.899624 16.3027
1 16 1.47131 16.3027
1 16 1.11513 16.3027
1 16 1.23253 16.3027
1 16 0.955428 16.3027
1 16 0.888073 16.3027
1 16 1.22335 16.3027
1 16 1.66337 16.3027
1 16 1.01431 16.3027
1 16 1.04256 16.3027
1 16 1.6265 16.3027
1 16 1.05495 16.3027
1 16 1.37497 16.3027
1 16 0.96019 16.3027
1 16 1.02335 16.3027
1 16 1.00062 16.3027
1 16 1.02878 16.3027
1 16 1.38607 16.3027
1 16 0.891462 16.3027
1 16 1.4992 16.3027
1 16 0.897867 16.3027
1 16 1.22031 16.3027
1 16 0.886812 16.3027
1 16 1.02573 16.3027
1 16 0.88309 16.3027
1 16 1.11227 16.3027
1 16 1.05774 16.3027
1 16 1.48093 16.3027
1 16 1.04527 16.3027
1 16 1.45429 16.3027
1 16 1.21683 16.3027
1 16 0.98789 16.3027
1 16 1.07462 16.3027
1 16 0.884977 16.3027
1 16 1.44821 16.3027
1 16 0.887804 16.3027
1 16 1.34178 16.3027
1 16 0.898103 16.3027
1 16 1.03585 16.3027
1 16 0.966617 16.3027
1 16 1.00597 16.3027
1 16 1.05701 16.3027
1 16 1.35469 16.3027
1 16 1.43829 16.3027
1 16 0.971985 16.3027
1 16 1.3735 16.3027
1 16 0.891764 16.3027
1 16 1.39297 16.3027
1 16 1.56461 16.3027
1 16 1.24595 16.3027
2 16 1.17549 -0.194765
2 16 1.42051 -0.194765
2 16 0.928891 -0.194765
2 16 0.960144 -0.194765
2 16 1.56979 -0.194765
2 16 1.38691 -0.194765
2 16 1.17439 -0.194765
2 16 0.953464 -0.194765
2 16 1.08914 -0.194765
2 16 0.952989 -0.194765
2 16 1.42767 -0.194765
2 16 0.90839 -0.194765
2 16 1.39505 -0.194765
2 16 1.41709 -0.194765
2 16 1.23822 -0.194765
2 16 1.1483 -0.194765
2 16 0.911538 -0.194765
2 16 1.36947 -0.194765
2 16 0.898233 -0.194765
2 16 1.24336 -0.194765
2 16 0.960433 -0.194765
2 16 1.02195 -0.194765
2 16 1.57856 -0.194765
2 16 0.966671 -0.194765
2 16 1.24538 -0.194765
2 16 1.53036 -0.194765
2 16 0.977874 -0.194765
2 16 1.15649 -0.194765
2 16 1.47544 -0.194765
2 16 1.44001 -0.194765
2 16 1.0265 -0.194765
2 16 1.16284 -0.194765
2 16 0.973047 -0.194765
2 16 1.37507 -0.194765
2 16 1.38562 -0.194765
2 16 0.965464 -0.194765
2 16 0.948139 -0.194765
2 16 1.07777 -0.194765
2 16 0.943077 -0.194765
2 16 1.00277 -0.194765
2 16 0.894394 -0.194765
2 16 1.36638 -0.194765
2 16 1.39835 -0.194765
2 16 1.02076 -0.194765
2 16 1.07868 -0.194765
2 16 1.05974 -0.194765
2 16 1.43069 -0.194765
2 16 0.950944 -0.194765
2 16 1.03635 -0.194765
2 16 1.1132 -0.194765
3 16 1.3343 202.555
3 16 1.05289 202.555
3 16 1.2783 202.555
3 16 0.966121 202.555
3 16 1.06014 202.555
3 16 1.16526 202.555
3 16 1.5819 202.555
3 16 1.05603 202.555
3 16 1.40873 202.555
3 16 1.00491 202.555
3 16 1.43507 202.555
3 16 1.01203 202.555
3 16 1.39736 202.555
3 16 1.01478 202.555
3 16 0.996057 202.555
3 16 1.41614 202.555
3 16 1.05128 202.555
3 16 0.978235 202.555
3 16 1.21391 202.555
3 16 1.45608 202.555
3 16 0.896153 202.555
3 16 1.42668 202.555
3 16 1.45631 202.555
3 16 1.46937 202.555
3 16 1.37158 202.555
3 16 1.44746 202.555
3 16 1.42442 202.555
3 16 0.997617 202.555
3 16 0.966661 202.555
3 16 1.39998 202.555
3 16 1.00987 202.555
3 16 1.46795 202.555
3 16 1.0295 202.555
3 16 0.904711 202.555
3 16 0.941546 202.555
3 16 0.888381 202.555
3 16 1.50182 202.555
3 16 1.50473 202.555
3 16 1.03477 202.555
3 16 1.47511 202.555
3 16 1.50756 202.555
3 16 0.942522 202.555
3 16 0.992672 202.555
3 16 1.03737 202.555
3 16 1.4159 202.555
3 16 1.11659 202.555
3 16 1.0797 202.555
3 16 0.90901 202.555
3 16 1.3438 202.555
3 16 0.897396 202.555
4 16 1.19644 9.75058
4 16 1.60511 9.75058
4 16 1.01704 9.75058
4 16 1.48228 9.75058
4 16 1.524 9.75058
4 16 1.02289 9.75058
4 16 0.977243 9.75058
4 16 1.1306 9.75058
4 16 0.995023 9.75058
4 16 2.00282 9.75058
4 16 0.913924 9.75058
4 16 0.969328 9.75058
4 16 1.34174 9.75058
4 16 1.32949 9.75058
4 16 1.00497 9.75058
4 16 0.912115 9.75058
4 16 1.50572 9.75058
4 16 1.12593 9.75058
4 16 0.974163 9.75058
4 16 1.03046 9.75058
4 16 1.26593 9.75058
4 16 1.03277 9.75058
4 16 1.11964 9.75058
4 16 1.03652 9.75058
4 16 1.21231 9.75058
4 16 1.44963 9.75058
4 16 0.992338 9.75058
4 16 1.5576 9.75058
4 16 0.904737 9.75058
4 16 1.48526 9.75058
4 16 1.09278 9.75058
4 16 0.903764 9.75058
4 16 1.50027 9.75058
4 16 1.12858 9.75058
4 16 0.971266 9.75058
4 16 1.5308 9.75058
4 16 1.1108 9.75058
4 16 1.48482 9.75058
4 16 1.45036 9.75058
4 16 1.46295 9.75058
4 16 0.90261 9.75058
4 16 1.6872 9.75058
4 16 1.04592 9.75058
4 16 1.10171 9.75058
4 16 1.06383 9.75058
4 16 1.59641 9.75058
4 16 0.990544 9.75058
4 16 1.134 9.75058
4 16 1.03017 9.75058
4 16 1.45229 9.75058
5 16 3.93441 24.8545
5 16 4.00708 24.8545
5 16 4.0395 24.8545
5 16 3.95895 24.8545
5 16 4.0324 24.8545
5 16 3.9354 24.8545
5 16 4.00477 24.8545
5 16 4.09502 24.8545
5 16 4.05403 24.8545
5 16 4.034 24.8545
5 16 4.06317 24.8545
5 16 3.98694 24.8545
5 16 3.98638 24.8545
5 16 3.94619 24.8545
5 16 3.98609 24.8545
5 16 4.02633 24.8545
5 16 3.93471 24.8545
5 16 3.95312 24.8545
5 16 3.98574 24.8545
5 16 3.99331 24.8545
5 16 4.02449 24.8545
5 16 3.9705 24.8545
5 16 4.03707 24.8545
5 16 3.95676 24.8545
5 16 4.06329 24.8545
5 16 4.04289 24.8545
5 16 3.98073 24.8545
5 16 3.97793 24.8545
5 16 3.93834 24.8545
5 16 3.9597 24.8545
5 16 3.98456 24.8545
5 16 4.05847 24.8545
5 16 4.06682 24.8545
5 16 4.05665 24.8545
5 16 4.08294 24.8545
5 16 4.07718 24.8545
5 16 4.06364 24.8545
5 16 3.96838 24.8545
5 16 3.9555 24.8545
5 16 4.04788 24.8545
5 16 4.06459 24.8545
5 16 3.97073 24.8545
5 16 3.94685 24.8545
5 16 3.96878 24.8545
5 16 3.94791 24.8545
5 16 3.96923 24.8545
5 16 3.95011 24.8545
5 16 4.01697 24.8545
5 16 3.98189 24.8545
5 16 4.06929 24.8545
0 17 1.38036 1.97907
0 17 1.39807 1.97907
0 17 0.946921 1.97907
0 17 1.07594 1.97907
0 17 1.1103 1.97907
0 17 0.916269 1.97907
0 17 1.42181 1.97907
0 17 1.0429 1.97907
0 17 0.884711 1.97907
0 17 0.98563 1.97907
0 17 0.966499 1.97907
0 17 0.905209 1.97907
0 17 1.0281 1.97907
0 17 1.47717 1.97907
0 17 1.02558 1.97907
0 17 0.959799 1.97907
0 17 1.02471 1.97907
0 17 1.03228 1.97907
0 17 1.47548 1.97907
0 17 1.02184 1.97907
0 17 1.4454 1.97907
0 17 1.01789 1.97907
0 17 1.45907 1.97907
0 17 0.92224 1.97907
0 17 1.52586 1.97907
0 17 1.19838 1.97907
0 17 1.0272 1.97907
0 17 1.00896 1.97907
0 17 0.933979 1.97907
0 17 1.05905 1.97907
0 17 1.0361 1.97907
0 17 1.11937 1.97907
0 17 0.915486 1.97907
0 17 1.09251 1.97907
0 17 1.05495 1.97907
0 17 1.42504 1.97907
0 17 1.50509 1.97907
0 17 0.87488 1.97907
0 17 1.49452 1.97907
0 17 1.12605 1.97907
0 17 1.46052 1.97907
0 17 0.968444 1.97907
0 17 1.05047 1.97907
0 17 1.00411 1.97907
0 17 1.13367 1.97907
0 17 1.48197 1.97907
0 17 0.993473 1.97907
0 17 1.13972 1.97907
0 17 1.01554 1.97907
0 17 1.13211 1.97907
0 17 1.0217 1.97907
0 17 1.0485 1.97907
0 17 0.938343 1.97907
0 17 1.07227 1.97907
0 17 1.03337 1.97907
0 17 1.08064 1.97907
0 17 0.907705 1.97907
0 17 1.21227 1.97907
0 17 0.983138 1.97907
0 17 1.43927 1.97907
0 17 0.974975 1.97907
0 17 1.11899 1.97907
0 17 1.00794 1.97907
0 17 1.14924 1.97907
0 17 0.967629 1.97907
0 17 1.52485 1.97907
0 17 1.03873 1.97907
0 17 1.71295 1.97907
0 17 0.950843 1.97907
0 17 1.59537 1.97907
0 17 1.04171 1.97907
0 17 1.71697 1.97907
0 17 0.988209 1.97907
0 17 1.54585 1.97907
0 17 1.43548 1.97907
0 17 1.4898 1.97907
0 17 1.00828 1.97907
0 17 1.15357 1.97907
0 17 0.944066 1.97907
0 17 1.04057 1.97907
0 17 1.49693 1.97907
0 17 1.47099 1.97907
0 17 0.935835 1.97907
0 17 1.47809 1.97907
0 17 1.04001 1.97907
0 17 1.42822 1.97907
0 17 1.42682 1.97907
0 17 0.978889 1.97907
0 17 1.15608 1.97907
0 17 1.01838 1.97907
0 17 0.961837 1.97907
0 17 1.53907 1.97907
0 17 1.04879 1.97907
0 17 0.92364 1.97907
0 17 0.980819 1.97907
0 17 1.17246 1.97907
0 17 1.54656 1.97907
0 17 1.49921 1.97907
0 17 1.0534 1.97907
0 17 1.43579 1.97907
1 17 1.02911 16.3027
1 17 1.47644 16.3027
1 17 1.55323 16.3027
1 17 1.04111 16.3027
1 17 1.03257 16.3027
1 17 1.03112 16.3027
1 17 1.10023 16.3027
1 17 0.887883 16.3027
1 17 1.04074 16.3027
1 17 0.929414 16.3027
1 17 1.55474 16.3027
1 17 0.92433 16.3027
1 17 0.996637 16.3027
1 17 0.980197 16.3027
1 17 1.01437 16.3027
1 17 0.935968 16.3027
1 17 1.48037 16.3027
1 17 1.1032 16.3027
1 17 1.50464 16.3027
1 17 1.10399 16.3027
1 17 0.906374 16.3027
1 17 1.03845 16.3027
1 17 1.14919 16.3027
1 17 1.1805 16.3027
1 17 0.929532 16.3027
1 17 1.10364 16.3027
1 17 1.05876 16.3027
1 17 1.12438 16.3027
1 17 1.01379 16.3027
1 17 1.06889 16.3027
1 17 0.998213 16.3027
1 17 1.18957 16.3027
1 17 0.961553 16.3027
1 17 1.17532 16.3027
1 17 1.02317 16.3027
1 17 0.980475 16.3027
1 17 1.03443 16.3027
1 17 1.00464 16.3027
1 17 1.50873 16.3027
1 17 1.11518 16.3027
1 17 0.931198 16.3027
1 17 1.53638 16.3027
1 17 1.05184 16.3027
1 17 1.12447 16.3027
1 17 0.882722 16.3027
1 17 1.00553 16.3027
1 17 1.47497 16.3027
1 17 1.00362 16.3027
1 17 0.879085 16.3027
1 17 1.50084 16.3027
2 17 0.915764 -0.194765
2 17 1.37249 -0.194765
2 17 1.17145 -0.194765
2 17 1.36653 -0.194765
2 17 1.04648 -0.194765
2 17 1.03761 -0.194765
2 17 1.09506 -0.194765
2 17 1.37159 -0.194765
2 17 1.48259 -0.194765
2 17 0.955354 -0.194765
2 17 1.39012 -0.194765
2 17 0.923824 -0.194765
2 17 1.42644 -0.194765
2 17 1.10383 -0.194765
2 17 1.36194 -0.194765
2 17 1.43728 -0.194765
2 17 0.959011 -0.194765
2 17 1.01051 -0.194765
2 17 0.911176 -0.194765
2 17 1.46608 -0.194765
2 17 0.940884 -0.194765
2 17 1.05384 -0.194765
2 17 0.966865 -0.194765
2 17 1.15957 -0.194765
2 17 1.361 -0.194765
2 17 1.20285 -0.194765
2 17 1.06418 -0.194765
2 17 0.95134 -0.194765
2 17 0.923671 -0.194765
2 17 0.908167 -0.194765
2 17 0.884862 -0.194765
2 17 0.980079 -0.194765
2 17 1.07754 -0.194765
2 17 0.965947 -0.194765
2 17 0.989902 -0.194765
2 17 1.344 -0.194765
2 17 1.05693 -0.194765
2 17 0.916586 -0.194765
2 17 1.17385 -0.194765
2 17 1.46964 -0.194765
2 17 1.18169 -0.194765
2 17 1.04167 -0.194765
2 17 0.968522 -0.194765
2 17 1.01872 -0.194765
2 17 0.876712 -0.194765
2 17 1.43873 -0.194765
2 17 1.11163 -0.194765
2 17 0.939702 -0.194765
2 17 1.05281 -0.194765
2 17 0.851091 -0.194765
3 17 0.976157 202.555
3 17 1.173 202.555
3 17 0.971633 202.555
3 17 1.01059 202.555
3 17 0.948972 202.555
3 17 0.84937 202.555
3 17 1.02997 202.555
3 17 0.93256 202.555
3 17 0.997819 202.555
3 17 0.861545 202.555
3 17 1.01051 202.555
3 17 0.891105 202.555
3 17 0.996917 202.555
3 17 1.08395 202.555
3 17 1.10403 202.555
3 17 0.995099 202.555
3 17 0.966781 202.555
3 17 1.12062 202.555
3 17 1.51847 202.555
3 17 1.08153 202.555
3 17 2.00042 202.555
3 17 1.01656 202.555
3 17 1.49468 202.555
3 17 1.1762 202.555
3 17 1.47157 202.555
3 17 0.85517 202.555
3 17 1.47683 202.555
3 17 0.8546 202.555
3 17 1.04245 202.555
3 17 0.895548 202.555
3 17 1.78804 202.555
3 17 1.12926 202.555
3 17 1.11318 202.555
3 17 1.00909 202.555
3 17 1.10886 202.555
3 17 0.86423 202.555
3 17 1.19289 202.555
3 17 0.876766 202.555
3 17 1.20647 202.555
3 17 1.45657 202.555
3 17 1.96262 202.555
3 17 1.12708 202.555
3 17 1.47861 202.555
3 17 1.215 202.555
3 17 1.50709 202.555
3 17 0.880176 202.555
3 17 1.49796 202.555
3 17 0.994434 202.555
3 17 1.47284 202.555
3 17 0.966784 202.555
4 17 0.898577 9.75058
4 17 0.96601 9.75058
4 17 0.880145 9.75058
4 17 0.986012 9.75058
4 17 0.877521 9.75058
4 17 1.02161 9.75058
4 17 0.896167 9.75058
4 17 1.02474 9.75058
4 17 0.987019 9.75058
4 17 1.46496 9.75058
4 17 0.874093 9.75058
4 17 1.01899 9.75058
4 17 0.85745 9.75058
4 17 0.945198 9.75058
4 17 1.09506 9.75058
4 17 0.886754 9.75058
4 17 1.11131 9.75058
4 17 0.99045 9.75058
4 17 1.10797 9.75058
4 17 1.13885 9.75058
4 17 0.985459 9.75058
4 17 1.11995 9.75058
4 17 0.97927 9.75058
4 17 1.1174 9.75058
4 17 1.45252 9.75058
4 17 1.09891 9.75058
4 17 1.48726 9.75058
4 17 1.02573 9.75058
4 17 1.51588 9.75058
4 17 0.967397 9.75058
4 17 1.64917 9.75058
4 17 0.98548 9.75058
4 17 1.0386 9.75058
4 17 1.49549 9.75058
4 17 1.04097 9.75058
4 17 1.09046 9.75058
4 17 0.991026 9.75058
4 17 1.09704 9.75058
4 17 1.04244 9.75058
4 17 1.17182 9.75058
4 17 1.06944 9.75058
4 17 0.880388 9.75058
4 17 1.99163 9.75058
4 17 1.01498 9.75058
4 17 1.49973 9.75058
4 17 1.17338 9.75058
4 17 1.5145 9.75058
4 17 1.01665 9.75058
4 17 1.55501 9.75058
4 17 1.18052 9.75058
5 17 3.82038 24.8545
5 17 3.72215 24.8545
5 17 3.71228 24.8545
5 17 3.83787 24.8545
5 17 3.82818 24.8545
5 17 3.73125 24.8545
5 17 3.70806 24.8545
5 17 3.82075 24.8545
5 17 3.69635 24.8545
5 17 3.74544 24.8545
5 17 3.71507 24.8545
5 17 3.80421 24.8545
5 17 3.7094 24.8545
5 17 3.73402 24.8545
5 17 3.70236 24.8545
5 17 3.7683 24.8545
5 17 3.71685 24.8545
5 17 3.82796 24.8545
5 17 3.81994 24.8545
5 17 3.71553 24.8545
5 17 3.72771 24.8545
5 17 3.72382 24.8545
5 17 3.70808 24.8545
5 17 3.74031 24.8545
5 17 3.83557 24.8545
5 17 3.86204 24.8545
5 17 3.82249 24.8545
5 17 3.84177 24.8545
5 17 3.81284 24.8545
5 17 3.70867 24.8545
5 17 3.72224 24.8545
5 17 3.74515 24.8545
5 17 3.71084 24.8545
5 17 3.70298 24.8545
5 17 3.80638 24.8545
5 17 3.74035 24.8545
5 17 3.82154 24.8545
5 17 3.7112 24.8545
5 17 3.80862 24.8545
5 17 3.8053 24.8545
5 17 3.73759 24.8545
5 17 3.75853 24.8545
5 17 3.70914 24.8545
5 17 3.81621 24.8545
5 17 3.70992 24.8545
5 17 3.72369 24.8545
5 17 3.72277 24.8545
5 17 3.70479 24.8545
5 17 3.74355 24.8545
5 17 3.73602 24.8545
