0 3 0.063005 2.04198
0 3 0.0573092 2.04198
0 3 0.0666106 2.04198
0 3 0.0628367 2.04198
0 3 0.068091 2.04198
0 3 0.0592913 2.04198
0 3 0.0683893 2.04198
0 3 0.052536 2.04198
0 3 0.062163 2.04198
0 3 0.0696404 2.04198
0 3 0.0647553 2.04198
0 3 0.0556682 2.04198
0 3 0.0666461 2.04198
0 3 0.0674213 2.04198
0 3 0.0625625 2.04198
0 3 0.0636393 2.04198
0 3 0.0664786 2.04198
0 3 0.0639335 2.04198
0 3 0.0705433 2.04198
0 3 0.0509819 2.04198
0 3 0.0667555 2.04198
0 3 0.0664996 2.04198
0 3 0.0685794 2.04198
0 3 0.0577699 2.04198
0 3 0.0621268 2.04198
0 3 0.0522965 2.04198
0 3 0.0685548 2.04198
0 3 0.0681576 2.04198
0 3 0.0700473 2.04198
0 3 0.0665412 2.04198
0 3 0.0672359 2.04198
0 3 0.0679128 2.04198
0 3 0.0687302 2.04198
0 3 0.0518006 2.04198
0 3 0.0607253 2.04198
0 3 0.0662891 2.04198
0 3 0.06565 2.04198
0 3 0.0675744 2.04198
0 3 0.0634629 2.04198
0 3 0.0604151 2.04198
0 3 0.0571142 2.04198
0 3 0.0515083 2.04198
0 3 0.0704691 2.04198
0 3 0.0618094 2.04198
0 3 0.063361 2.04198
0 3 0.054478 2.04198
0 3 0.0517695 2.04198
0 3 0.0701653 2.04198
0 3 0.0745635 2.04198
0 3 0.0594645 2.04198
0 3 0.0700694 2.04198
0 3 0.0602083 2.04198
0 3 0.0660797 2.04198
0 3 0.052822 2.04198
0 3 0.0676894 2.04198
0 3 0.0619981 2.04198
0 3 0.0603717 2.04198
0 3 0.0636572 2.04198
0 3 0.0661227 2.04198
0 3 0.0661709 2.04198
0 3 0.0619609 2.04198
0 3 0.0652489 2.04198
0 3 0.0648694 2.04198
0 3 0.0514346 2.04198
0 3 0.0635737 2.04198
0 3 0.059736 2.04198
0 3 0.0627871 2.04198
0 3 0.0539601 2.04198
0 3 0.0559894 2.04198
0 3 0.0634741 2.04198
0 3 0.0684535 2.04198
0 3 0.0701198 2.04198
0 3 0.0678316 2.04198
0 3 0.0677324 2.04198
0 3 0.0621685 2.04198
0 3 0.0648175 2.04198
0 3 0.0536897 2.04198
0 3 0.0671831 2.04198
0 3 0.0640823 2.04198
0 3 0.0618385 2.04198
0 3 0.0640177 2.04198
0 3 0.0590775 2.04198
0 3 0.0617666 2.04198
0 3 0.0533996 2.04198
0 3 0.0648601 2.04198
0 3 0.0648602 2.04198
0 3 0.0624492 2.04198
0 3 0.0513072 2.04198
0 3 0.0512977 2.04198
0 3 0.051723 2.04198
0 3 0.0617478 2.04198
0 3 0.0579049 2.04198
0 3 0.066854 2.04198
0 3 0.0628676 2.04198
0 3 0.0632302 2.04198
0 3 0.0655211 2.04198
0 3 0.0630483 2.04198
0 3 0.0604313 2.04198
0 3 0.0548311 2.04198
0 3 0.0657027 2.04198
1 3 0.0724401 16.6528
1 3 0.0940391 16.6528
1 3 0.0762396 16.6528
1 3 0.0738913 16.6528
1 3 0.0931949 16.6528
1 3 0.0877336 16.6528
1 3 0.0894611 16.6528
1 3 0.0728353 16.6528
1 3 0.0812735 16.6528
1 3 0.0900301 16.6528
1 3 0.0928125 16.6528
1 3 0.0829132 16.6528
1 3 0.0738306 16.6528
1 3 0.0959489 16.6528
1 3 0.0884469 16.6528
1 3 0.0723125 16.6528
1 3 0.0897109 16.6528
1 3 0.0726242 16.6528
1 3 0.0835923 16.6528
1 3 0.089084 16.6528
1 3 0.0915287 16.6528
1 3 0.0871398 16.6528
1 3 0.086499 16.6528
1 3 0.10812 16.6528
1 3 0.0724369 16.6528
1 3 0.0759771 16.6528
1 3 0.0907959 16.6528
1 3 0.0887374 16.6528
1 3 0.0756987 16.6528
1 3 0.0902682 16.6528
1 3 0.0886493 16.6528
1 3 0.0886297 16.6528
1 3 0.087412 16.6528
1 3 0.0778133 16.6528
1 3 0.0875371 16.6528
1 3 0.0884104 16.6528
1 3 0.0760643 16.6528
1 3 0.100847 16.6528
1 3 0.0777694 16.6528
1 3 0.0972226 16.6528
1 3 0.0911496 16.6528
1 3 0.072446 16.6528
1 3 0.0733574 16.6528
1 3 0.0851943 16.6528
1 3 0.0878657 16.6528
1 3 0.0759581 16.6528
1 3 0.0902288 16.6528
1 3 0.0799876 16.6528
1 3 0.0902767 16.6528
1 3 0.0729436 16.6528
2 3 0.22639 -7.10571e-31
2 3 0.236138 -7.10571e-31
2 3 0.222347 -7.10571e-31
2 3 0.210121 -7.10571e-31
2 3 0.212667 -7.10571e-31
2 3 0.227256 -7.10571e-31
2 3 0.265236 -7.10571e-31
2 3 0.225582 -7.10571e-31
2 3 0.216647 -7.10571e-31
2 3 0.216565 -7.10571e-31
2 3 0.227441 -7.10571e-31
2 3 0.226152 -7.10571e-31
2 3 0.229549 -7.10571e-31
2 3 0.239767 -7.10571e-31
2 3 0.228038 -7.10571e-31
2 3 0.221167 -7.10571e-31
2 3 0.256587 -7.10571e-31
2 3 0.21218 -7.10571e-31
2 3 0.213164 -7.10571e-31
2 3 0.227582 -7.10571e-31
2 3 0.23175 -7.10571e-31
2 3 0.229238 -7.10571e-31
2 3 0.221813 -7.10571e-31
2 3 0.226943 -7.10571e-31
2 3 0.228397 -7.10571e-31
2 3 0.224461 -7.10571e-31
2 3 0.224609 -7.10571e-31
2 3 0.229706 -7.10571e-31
2 3 0.219722 -7.10571e-31
2 3 0.226026 -7.10571e-31
2 3 0.254049 -7.10571e-31
2 3 0.220695 -7.10571e-31
2 3 0.231699 -7.10571e-31
2 3 0.221846 -7.10571e-31
2 3 0.216572 -7.10571e-31
2 3 0.225666 -7.10571e-31
2 3 0.241866 -7.10571e-31
2 3 0.21703 -7.10571e-31
2 3 0.222163 -7.10571e-31
2 3 0.237565 -7.10571e-31
2 3 0.227584 -7.10571e-31
2 3 0.236117 -7.10571e-31
2 3 0.22936 -7.10571e-31
2 3 0.230739 -7.10571e-31
2 3 0.235408 -7.10571e-31
2 3 0.231793 -7.10571e-31
2 3 0.229779 -7.10571e-31
3 3 0.0792653 211.426
2 3 0.22815 -7.10571e-31
2 3 0.212207 -7.10571e-31
2 3 0.224676 -7.10571e-31
3 3 0.0761932 211.426
3 3 0.075385 211.426
3 3 0.0881902 211.426
3 3 0.0812524 211.426
3 3 0.0634852 211.426
3 3 0.0808978 211.426
3 3 0.0785125 211.426
3 3 0.0793923 211.426
3 3 0.0645352 211.426
3 3 0.0631356 211.426
3 3 0.0846317 211.426
3 3 0.069609 211.426
3 3 0.0622924 211.426
3 3 0.0772645 211.426
3 3 0.0881642 211.426
3 3 0.0784453 211.426
3 3 0.0701487 211.426
3 3 0.0764885 211.426
3 3 0.0653309 211.426
3 3 0.0815719 211.426
3 3 0.0721229 211.426
3 3 0.079933 211.426
3 3 0.07574 211.426
3 3 0.0655022 211.426
3 3 0.0718479 211.426
3 3 0.07867 211.426
3 3 0.0799656 211.426
3 3 0.0796831 211.426
3 3 0.0805848 211.426
3 3 0.0753173 211.426
3 3 0.0829483 211.426
3 3 0.0654575 211.426
3 3 0.089854 211.426
3 3 0.0790183 211.426
3 3 0.0784986 211.426
3 3 0.081025 211.426
3 3 0.079748 211.426
3 3 0.0830613 211.426
3 3 0.0799844 211.426
3 3 0.0628788 211.426
3 3 0.078684 211.426
3 3 0.0649422 211.426
3 3 0.0636756 211.426
3 3 0.0904093 211.426
3 3 0.0712615 211.426
3 3 0.083267 211.426
3 3 0.0711297 211.426
3 3 0.0627774 211.426
3 3 0.083136 211.426
4 3 0.0714311 9.99273
4 3 0.0696923 9.99273
4 3 0.0553648 9.99273
4 3 0.0680526 9.99273
4 3 0.0688175 9.99273
4 3 0.0547865 9.99273
4 3 0.0619432 9.99273
4 3 0.0648515 9.99273
4 3 0.0735047 9.99273
4 3 0.0664941 9.99273
4 3 0.071577 9.99273
4 3 0.0671582 9.99273
4 3 0.0545988 9.99273
4 3 0.0552567 9.99273
4 3 0.0704105 9.99273
4 3 0.0671793 9.99273
4 3 0.0685288 9.99273
4 3 0.0628726 9.99273
4 3 0.0653207 9.99273
4 3 0.0685112 9.99273
4 3 0.0659436 9.99273
4 3 0.0550147 9.99273
4 3 0.0542339 9.99273
4 3 0.0733866 9.99273
4 3 0.0572097 9.99273
4 3 0.0683594 9.99273
4 3 0.0670922 9.99273
4 3 0.0569163 9.99273
4 3 0.0713436 9.99273
4 3 0.0770257 9.99273
4 3 0.0675824 9.99273
4 3 0.0694703 9.99273
4 3 0.0721149 9.99273
4 3 0.0676475 9.99273
4 3 0.0694003 9.99273
4 3 0.0655005 9.99273
4 3 0.065343 9.99273
4 3 0.0730837 9.99273
4 3 0.0710848 9.99273
4 3 0.0547329 9.99273
4 3 0.0558796 9.99273
4 3 0.0704857 9.99273
4 3 0.0545738 9.99273
4 3 0.0666149 9.99273
4 3 0.0550128 9.99273
4 3 0.0687492 9.99273
4 3 0.0731419 9.99273
4 3 0.0679988 9.99273
4 3 0.0691036 9.99273
4 3 0.0658619 9.99273
5 3 18.5092 25.0222
5 3 18.6516 25.0222
5 3 18.6566 25.0222
5 3 18.4399 25.0222
5 3 18.5579 25.0222
5 3 18.5044 25.0222
5 3 18.4393 25.0222
5 3 18.4982 25.0222
5 3 18.1393 25.0222
5 3 18.4638 25.0222
5 3 18.1353 25.0222
5 3 18.537 25.0222
5 3 18.1431 25.0222
5 3 18.5337 25.0222
5 3 18.1547 25.0222
5 3 18.995 25.0222
5 3 18.5193 25.0222
5 3 18.5207 25.0222
5 3 18.4827 25.0222
5 3 18.5918 25.0222
5 3 18.2025 25.0222
5 3 18.454 25.0222
5 3 18.1426 25.0222
5 3 18.4478 25.0222
5 3 18.4614 25.0222
5 3 18.666 25.0222
5 3 18.4995 25.0222
5 3 18.4503 25.0222
5 3 18.4162 25.0222
5 3 18.7063 25.0222
5 3 18.1265 25.0222
5 3 18.5429 25.0222
5 3 18.1465 25.0222
5 3 18.5627 25.0222
5 3 18.1359 25.0222
5 3 18.5314 25.0222
5 3 18.4845 25.0222
5 3 18.4472 25.0222
5 3 18.8617 25.0222
5 3 18.6386 25.0222
5 3 18.5277 25.0222
5 3 18.1978 25.0222
5 3 18.1411 25.0222
5 3 18.6411 25.0222
5 3 18.5421 25.0222
5 3 18.4576 25.0222
5 3 18.15 25.0222
5 3 18.5507 25.0222
5 3 18.5462 25.0222
5 3 18.46 25.0222
0 4 0.0553641 2.04198
0 4 0.0548174 2.04198
0 4 0.049556 2.04198
0 4 0.041067 2.04198
0 4 0.0458512 2.04198
0 4 0.041566 2.04198
0 4 0.0396415 2.04198
0 4 0.0447824 2.04198
0 4 0.0498133 2.04198
0 4 0.0488499 2.04198
0 4 0.04338 2.04198
0 4 0.0591377 2.04198
0 4 0.0434395 2.04198
0 4 0.0442785 2.04198
0 4 0.052329 2.04198
0 4 0.042151 2.04198
0 4 0.0454202 2.04198
0 4 0.0412991 2.04198
0 4 0.0424504 2.04198
0 4 0.0493296 2.04198
0 4 0.045488 2.04198
0 4 0.0412974 2.04198
0 4 0.0425622 2.04198
0 4 0.0458603 2.04198
0 4 0.0403073 2.04198
0 4 0.0426106 2.04198
0 4 0.0418865 2.04198
0 4 0.0482819 2.04198
0 4 0.0437207 2.04198
0 4 0.0455464 2.04198
0 4 0.0444898 2.04198
0 4 0.048175 2.04198
0 4 0.0530137 2.04198
0 4 0.0434949 2.04198
0 4 0.0485571 2.04198
0 4 0.0441585 2.04198
0 4 0.0440565 2.04198
0 4 0.0463265 2.04198
0 4 0.0460833 2.04198
0 4 0.060756 2.04198
0 4 0.0431737 2.04198
0 4 0.0436227 2.04198
0 4 0.0519592 2.04198
0 4 0.0480651 2.04198
0 4 0.0480992 2.04198
0 4 0.0442289 2.04198
0 4 0.0471667 2.04198
0 4 0.0426908 2.04198
0 4 0.0429985 2.04198
0 4 0.0439669 2.04198
0 4 0.0458726 2.04198
0 4 0.0466461 2.04198
0 4 0.0493576 2.04198
0 4 0.0429054 2.04198
0 4 0.0430039 2.04198
0 4 0.0483148 2.04198
0 4 0.0469661 2.04198
0 4 0.0445753 2.04198
0 4 0.0463893 2.04198
0 4 0.0431226 2.04198
0 4 0.0485628 2.04198
0 4 0.0459918 2.04198
0 4 0.0425801 2.04198
0 4 0.045257 2.04198
0 4 0.0521576 2.04198
0 4 0.0412573 2.04198
0 4 0.0485053 2.04198
0 4 0.0411893 2.04198
0 4 0.0549565 2.04198
0 4 0.0430128 2.04198
0 4 0.0487424 2.04198
0 4 0.044318 2.04198
0 4 0.0451146 2.04198
0 4 0.0439253 2.04198
0 4 0.056083 2.04198
0 4 0.0409157 2.04198
0 4 0.0437703 2.04198
0 4 0.0414598 2.04198
0 4 0.0461027 2.04198
0 4 0.0531298 2.04198
0 4 0.0570615 2.04198
0 4 0.0434787 2.04198
0 4 0.0517965 2.04198
0 4 0.0495387 2.04198
0 4 0.0489435 2.04198
0 4 0.0434551 2.04198
0 4 0.0408785 2.04198
0 4 0.0491243 2.04198
0 4 0.0434363 2.04198
0 4 0.0452494 2.04198
0 4 0.0409043 2.04198
0 4 0.0414274 2.04198
0 4 0.0596367 2.04198
0 4 0.0456146 2.04198
0 4 0.0436664 2.04198
0 4 0.0431191 2.04198
0 4 0.0472233 2.04198
0 4 0.0563243 2.04198
0 4 0.0426565 2.04198
0 4 0.0398159 2.04198
1 4 0.0632759 16.6528
1 4 0.0675485 16.6528
1 4 0.0653924 16.6528
1 4 0.0641927 16.6528
1 4 0.0642181 16.6528
1 4 0.0669922 16.6528
1 4 0.0606136 16.6528
1 4 0.0658931 16.6528
1 4 0.0760135 16.6528
1 4 0.0733201 16.6528
1 4 0.0677396 16.6528
1 4 0.0623932 16.6528
1 4 0.0694254 16.6528
1 4 0.0702467 16.6528
1 4 0.0700645 16.6528
1 4 0.0639634 16.6528
1 4 0.0643337 16.6528
1 4 0.0653324 16.6528
1 4 0.0576042 16.6528
1 4 0.0636912 16.6528
1 4 0.0674873 16.6528
1 4 0.103645 16.6528
1 4 0.0886726 16.6528
1 4 0.0607813 16.6528
1 4 0.0673024 16.6528
1 4 0.066787 16.6528
1 4 0.0712 16.6528
1 4 0.070721 16.6528
1 4 0.0652907 16.6528
1 4 0.0573082 16.6528
1 4 0.0678179 16.6528
1 4 0.0632001 16.6528
1 4 0.0595016 16.6528
1 4 0.0661651 16.6528
1 4 0.0776051 16.6528
1 4 0.0605865 16.6528
1 4 0.0629244 16.6528
1 4 0.0993712 16.6528
1 4 0.0605446 16.6528
1 4 0.0657536 16.6528
1 4 0.0685274 16.6528
1 4 0.0605739 16.6528
1 4 0.0651939 16.6528
1 4 0.0614523 16.6528
1 4 0.05974 16.6528
1 4 0.0676267 16.6528
1 4 0.0678981 16.6528
1 4 0.0752851 16.6528
1 4 0.0686022 16.6528
1 4 0.0606144 16.6528
2 4 0.112178 -0
2 4 0.117673 -0
2 4 0.125357 -0
2 4 0.117672 -0
2 4 0.120526 -0
2 4 0.112716 -0
2 4 0.110563 -0
2 4 0.112452 -0
2 4 0.114809 -0
2 4 0.131139 -0
2 4 0.107848 -0
2 4 0.122685 -0
2 4 0.120046 -0
2 4 0.12698 -0
2 4 0.11298 -0
2 4 0.128094 -0
2 4 0.128801 -0
2 4 0.123185 -0
2 4 0.120834 -0
2 4 0.109657 -0
2 4 0.13563 -0
2 4 0.118902 -0
2 4 0.121262 -0
2 4 0.107533 -0
2 4 0.124739 -0
2 4 0.123246 -0
2 4 0.129022 -0
2 4 0.119614 -0
2 4 0.110256 -0
2 4 0.121574 -0
2 4 0.121364 -0
2 4 0.118581 -0
2 4 0.116834 -0
2 4 0.12906 -0
2 4 0.108093 -0
2 4 0.122199 -0
2 4 0.121756 -0
2 4 0.109004 -0
2 4 0.111144 -0
2 4 0.129085 -0
2 4 0.129803 -0
2 4 0.120729 -0
2 4 0.12882 -0
2 4 0.112378 -0
2 4 0.120745 -0
2 4 0.118053 -0
2 4 0.133851 -0
2 4 0.115582 -0
2 4 0.124389 -0
2 4 0.119628 -0
3 4 0.0571241 211.426
3 4 0.0575597 211.426
3 4 0.0539939 211.426
3 4 0.0532505 211.426
3 4 0.0603523 211.426
3 4 0.0519301 211.426
3 4 0.0550502 211.426
3 4 0.0576482 211.426
3 4 0.0526811 211.426
3 4 0.0571907 211.426
3 4 0.0562341 211.426
3 4 0.0522719 211.426
3 4 0.0568657 211.426
3 4 0.0512687 211.426
3 4 0.0577501 211.426
3 4 0.0551597 211.426
3 4 0.0645515 211.426
3 4 0.0576653 211.426
3 4 0.0566675 211.426
3 4 0.0508951 211.426
3 4 0.0550633 211.426
3 4 0.0523244 211.426
3 4 0.0574211 211.426
3 4 0.0506787 211.426
3 4 0.0566903 211.426
3 4 0.0518509 211.426
3 4 0.0583708 211.426
3 4 0.0511828 211.426
3 4 0.0548827 211.426
3 4 0.0558697 211.426
3 4 0.064415 211.426
3 4 0.059164 211.426
3 4 0.0565526 211.426
3 4 0.0672447 211.426
3 4 0.0551523 211.426
3 4 0.0487623 211.426
3 4 0.0594862 211.426
3 4 0.0520665 211.426
3 4 0.0540887 211.426
3 4 0.0589407 211.426
3 4 0.055025 211.426
3 4 0.0553016 211.426
3 4 0.0532058 211.426
3 4 0.0543977 211.426
3 4 0.0542355 211.426
3 4 0.0586291 211.426
3 4 0.0566676 211.426
3 4 0.0596214 211.426
3 4 0.0506878 211.426
3 4 0.0546079 211.426
4 4 0.0527558 9.99778
4 4 0.0531452 9.99778
4 4 0.0542166 9.99778
4 4 0.0516231 9.99778
4 4 0.0552995 9.99778
4 4 0.0529786 9.99778
4 4 0.0492479 9.99778
4 4 0.051605 9.99778
4 4 0.0514036 9.99778
4 4 0.0531289 9.99778
4 4 0.0460331 9.99778
4 4 0.0566564 9.99778
4 4 0.0538059 9.99778
4 4 0.0537183 9.99778
4 4 0.0459284 9.99778
4 4 0.0455621 9.99778
4 4 0.0460514 9.99778
4 4 0.0484058 9.99778
4 4 0.0535725 9.99778
4 4 0.0512832 9.99778
4 4 0.0543697 9.99778
4 4 0.0509587 9.99778
4 4 0.056316 9.99778
4 4 0.0513827 9.99778
4 4 0.0471509 9.99778
4 4 0.0523507 9.99778
4 4 0.0488495 9.99778
4 4 0.0532928 9.99778
4 4 0.0513714 9.99778
4 4 0.0513026 9.99778
4 4 0.0444091 9.99778
4 4 0.0554712 9.99778
4 4 0.0529659 9.99778
4 4 0.0485213 9.99778
4 4 0.0541847 9.99778
4 4 0.0480755 9.99778
4 4 0.0507948 9.99778
4 4 0.0480705 9.99778
4 4 0.0482789 9.99778
4 4 0.0567337 9.99778
4 4 0.0483631 9.99778
4 4 0.0488745 9.99778
4 4 0.0477287 9.99778
4 4 0.0487562 9.99778
4 4 0.0503737 9.99778
4 4 0.0513585 9.99778
4 4 0.0463347 9.99778
4 4 0.0469689 9.99778
4 4 0.0494314 9.99778
4 4 0.0467307 9.99778
5 4 14.081 25.0222
5 4 13.9885 25.0222
5 4 13.9927 25.0222
5 4 14.0828 25.0222
5 4 14.1012 25.0222
5 4 13.9693 25.0222
5 4 14.1117 25.0222
5 4 13.9937 25.0222
5 4 14.0382 25.0222
5 4 14.0756 25.0222
5 4 14.0778 25.0222
5 4 13.9952 25.0222
5 4 14.0543 25.0222
5 4 14.1627 25.0222
5 4 14.0793 25.0222
5 4 14.0065 25.0222
5 4 14.0747 25.0222
5 4 14.0371 25.0222
5 4 14.0577 25.0222
5 4 14.1198 25.0222
5 4 14.118 25.0222
5 4 14.0878 25.0222
5 4 14.0908 25.0222
5 4 14.0626 25.0222
5 4 14.1014 25.0222
5 4 14.1112 25.0222
5 4 14.0289 25.0222
5 4 14.1 25.0222
5 4 14.1129 25.0222
5 4 14.159 25.0222
5 4 14.0911 25.0222
5 4 14.0922 25.0222
5 4 14.1203 25.0222
5 4 14.0261 25.0222
5 4 14.0817 25.0222
5 4 13.9721 25.0222
5 4 14.1326 25.0222
5 4 14.1157 25.0222
5 4 13.9907 25.0222
5 4 14.0135 25.0222
5 4 14.1455 25.0222
5 4 14.1507 25.0222
5 4 14.1173 25.0222
5 4 14.0216 25.0222
5 4 14.0833 25.0222
5 4 13.9564 25.0222
5 4 14.1992 25.0222
5 4 14.1805 25.0222
5 4 14.1853 25.0222
5 4 14.0812 25.0222
0 5 0.0361401 2.04198
0 5 0.0558243 2.04198
0 5 0.0371655 2.04198
0 5 0.0426919 2.04198
0 5 0.0606411 2.04198
0 5 0.0559179 2.04198
0 5 0.0508849 2.04198
0 5 0.0599194 2.04198
0 5 0.0564722 2.04198
0 5 0.038119 2.04198
0 5 0.0551457 2.04198
0 5 0.0564194 2.04198
0 5 0.0368694 2.04198
0 5 0.0454866 2.04198
0 5 0.0401331 2.04198
0 5 0.0425456 2.04198
0 5 0.0374463 2.04198
0 5 0.055879 2.04198
0 5 0.0559962 2.04198
0 5 0.038651 2.04198
0 5 0.0557605 2.04198
0 5 0.0557248 2.04198
0 5 0.0386216 2.04198
0 5 0.0342477 2.04198
0 5 0.0556078 2.04198
0 5 0.0554748 2.04198
0 5 0.0367179 2.04198
0 5 0.0554277 2.04198
0 5 0.0552375 2.04198
0 5 0.0533279 2.04198
0 5 0.0331312 2.04198
0 5 0.0378023 2.04198
0 5 0.0339412 2.04198
0 5 0.040208 2.04198
0 5 0.0336961 2.04198
0 5 0.0598294 2.04198
0 5 0.0499255 2.04198
0 5 0.0397676 2.04198
0 5 0.0474075 2.04198
0 5 0.0556357 2.04198
0 5 0.0417318 2.04198
0 5 0.0578723 2.04198
0 5 0.047732 2.04198
0 5 0.0602214 2.04198
0 5 0.0367875 2.04198
0 5 0.0562379 2.04198
0 5 0.0599209 2.04198
0 5 0.0565248 2.04198
0 5 0.0553167 2.04198
0 5 0.0444886 2.04198
0 5 0.0554225 2.04198
0 5 0.0551302 2.04198
0 5 0.0408973 2.04198
0 5 0.0380435 2.04198
0 5 0.0592084 2.04198
0 5 0.0553276 2.04198
0 5 0.0409571 2.04198
0 5 0.0327266 2.04198
0 5 0.0585386 2.04198
0 5 0.0552982 2.04198
0 5 0.0596819 2.04198
0 5 0.0611036 2.04198
0 5 0.0617054 2.04198
0 5 0.0597816 2.04198
0 5 0.0613485 2.04198
0 5 0.0552459 2.04198
0 5 0.0552442 2.04198
0 5 0.0602604 2.04198
0 5 0.0372591 2.04198
0 5 0.0554333 2.04198
0 5 0.0598803 2.04198
0 5 0.0384568 2.04198
0 5 0.0546797 2.04198
0 5 0.0599599 2.04198
0 5 0.0358253 2.04198
0 5 0.0556167 2.04198
0 5 0.0613884 2.04198
0 5 0.0573051 2.04198
0 5 0.0592274 2.04198
0 5 0.0557313 2.04198
0 5 0.0617727 2.04198
0 5 0.0582042 2.04198
0 5 0.060841 2.04198
0 5 0.0558113 2.04198
0 5 0.0530779 2.04198
0 5 0.0399323 2.04198
0 5 0.0553554 2.04198
0 5 0.0402209 2.04198
0 5 0.056522 2.04198
0 5 0.0556113 2.04198
0 5 0.0554732 2.04198
0 5 0.059596 2.04198
0 5 0.0601188 2.04198
0 5 0.0437497 2.04198
0 5 0.0609144 2.04198
0 5 0.0608916 2.04198
0 5 0.0530249 2.04198
0 5 0.0553446 2.04198
0 5 0.0602942 2.04198
0 5 0.044739 2.04198
1 5 0.0477057 16.6528
1 5 0.0843107 16.6528
1 5 0.0838046 16.6528
1 5 0.0702476 16.6528
1 5 0.084642 16.6528
1 5 0.058418 16.6528
1 5 0.0486016 16.6528
1 5 0.0848323 16.6528
1 5 0.0495357 16.6528
1 5 0.0862151 16.6528
1 5 0.0510205 16.6528
1 5 0.0854116 16.6528
1 5 0.0478906 16.6528
1 5 0.0781027 16.6528
1 5 0.0777312 16.6528
1 5 0.0623978 16.6528
1 5 0.0653954 16.6528
1 5 0.0474953 16.6528
1 5 0.0863749 16.6528
1 5 0.0507782 16.6528
1 5 0.0827843 16.6528
1 5 0.0629643 16.6528
1 5 0.0857981 16.6528
1 5 0.059073 16.6528
1 5 0.0480057 16.6528
1 5 0.0856484 16.6528
1 5 0.049367 16.6528
1 5 0.0857144 16.6528
1 5 0.04795 16.6528
1 5 0.085425 16.6528
1 5 0.0773846 16.6528
1 5 0.0546445 16.6528
1 5 0.0854431 16.6528
1 5 0.0475562 16.6528
1 5 0.0867616 16.6528
1 5 0.0810072 16.6528
1 5 0.0864647 16.6528
1 5 0.0505326 16.6528
1 5 0.0506757 16.6528
1 5 0.0849401 16.6528
1 5 0.047592 16.6528
1 5 0.0832131 16.6528
1 5 0.0783618 16.6528
1 5 0.0665047 16.6528
1 5 0.0834837 16.6528
1 5 0.0525028 16.6528
1 5 0.0853706 16.6528
1 5 0.0849665 16.6528
1 5 0.0496347 16.6528
1 5 0.0655109 16.6528
2 5 0.233474 -2.01644e-31
2 5 0.139154 -2.01644e-31
2 5 0.232601 -2.01644e-31
2 5 0.143634 -2.01644e-31
2 5 0.233326 -2.01644e-31
2 5 0.210985 -2.01644e-31
2 5 0.149715 -2.01644e-31
2 5 0.211042 -2.01644e-31
2 5 0.14059 -2.01644e-31
2 5 0.144065 -2.01644e-31
2 5 0.215055 -2.01644e-31
2 5 0.150064 -2.01644e-31
2 5 0.210989 -2.01644e-31
2 5 0.233957 -2.01644e-31
2 5 0.139679 -2.01644e-31
2 5 0.234104 -2.01644e-31
2 5 0.139143 -2.01644e-31
2 5 0.232816 -2.01644e-31
2 5 0.234581 -2.01644e-31
2 5 0.149845 -2.01644e-31
2 5 0.139919 -2.01644e-31
2 5 0.21119 -2.01644e-31
2 5 0.137496 -2.01644e-31
2 5 0.205609 -2.01644e-31
2 5 0.145227 -2.01644e-31
2 5 0.21016 -2.01644e-31
2 5 0.146425 -2.01644e-31
2 5 0.23451 -2.01644e-31
2 5 0.234309 -2.01644e-31
2 5 0.2357 -2.01644e-31
2 5 0.140708 -2.01644e-31
2 5 0.144874 -2.01644e-31
2 5 0.20596 -2.01644e-31
2 5 0.235438 -2.01644e-31
2 5 0.233722 -2.01644e-31
2 5 0.141007 -2.01644e-31
2 5 0.211127 -2.01644e-31
2 5 0.137644 -2.01644e-31
2 5 0.207769 -2.01644e-31
2 5 0.14697 -2.01644e-31
2 5 0.149207 -2.01644e-31
2 5 0.139836 -2.01644e-31
2 5 0.232154 -2.01644e-31
2 5 0.231946 -2.01644e-31
2 5 0.211156 -2.01644e-31
2 5 0.211222 -2.01644e-31
2 5 0.233001 -2.01644e-31
2 5 0.232081 -2.01644e-31
2 5 0.232284 -2.01644e-31
2 5 0.232556 -2.01644e-31
3 5 0.0730237 211.426
3 5 0.0412801 211.426
3 5 0.0573128 211.426
3 5 0.0735131 211.426
3 5 0.0431078 211.426
3 5 0.0724624 211.426
3 5 0.0435269 211.426
3 5 0.0725978 211.426
3 5 0.0723953 211.426
3 5 0.0410626 211.426
3 5 0.0438728 211.426
3 5 0.0723313 211.426
3 5 0.0730909 211.426
3 5 0.0508457 211.426
3 5 0.0426448 211.426
3 5 0.0669411 211.426
3 5 0.0442943 211.426
3 5 0.0831398 211.426
3 5 0.044659 211.426
3 5 0.0414476 211.426
3 5 0.0732654 211.426
3 5 0.0512683 211.426
3 5 0.072846 211.426
3 5 0.0670826 211.426
3 5 0.0445372 211.426
3 5 0.0540573 211.426
3 5 0.0729094 211.426
3 5 0.0500743 211.426
3 5 0.0735569 211.426
3 5 0.0735042 211.426
3 5 0.0459205 211.426
3 5 0.0409997 211.426
3 5 0.0733559 211.426
3 5 0.044258 211.426
3 5 0.0736075 211.426
3 5 0.0543558 211.426
3 5 0.0428239 211.426
3 5 0.0733613 211.426
3 5 0.0411637 211.426
3 5 0.0671813 211.426
3 5 0.0418105 211.426
3 5 0.0434427 211.426
3 5 0.0453748 211.426
3 5 0.0487285 211.426
3 5 0.073104 211.426
3 5 0.0718373 211.426
3 5 0.0503007 211.426
3 5 0.0457012 211.426
3 5 0.0727675 211.426
3 5 0.0414424 211.426
4 5 0.0691984 9.99755
4 5 0.0671012 9.99755
4 5 0.0402244 9.99755
4 5 0.0624179 9.99755
4 5 0.0667897 9.99755
4 5 0.0629812 9.99755
4 5 0.0411452 9.99755
4 5 0.0690709 9.99755
4 5 0.0687988 9.99755
4 5 0.0383109 9.99755
4 5 0.0629322 9.99755
4 5 0.0761846 9.99755
4 5 0.0413549 9.99755
4 5 0.0377968 9.99755
4 5 0.0682534 9.99755
4 5 0.0431473 9.99755
4 5 0.0669303 9.99755
4 5 0.0693586 9.99755
4 5 0.0637629 9.99755
4 5 0.0679044 9.99755
4 5 0.0688945 9.99755
4 5 0.0622 9.99755
4 5 0.0621415 9.99755
4 5 0.0686284 9.99755
4 5 0.0686863 9.99755
4 5 0.0408711 9.99755
4 5 0.0400152 9.99755
4 5 0.070176 9.99755
4 5 0.062648 9.99755
4 5 0.0690368 9.99755
4 5 0.0395447 9.99755
4 5 0.0693211 9.99755
4 5 0.0422596 9.99755
4 5 0.0385727 9.99755
4 5 0.0628553 9.99755
4 5 0.0685325 9.99755
4 5 0.0405054 9.99755
4 5 0.0673626 9.99755
4 5 0.0667675 9.99755
4 5 0.0395803 9.99755
4 5 0.0687595 9.99755
4 5 0.0391009 9.99755
4 5 0.0406696 9.99755
4 5 0.0693992 9.99755
4 5 0.0374173 9.99755
4 5 0.0675129 9.99755
4 5 0.0415753 9.99755
4 5 0.0687215 9.99755
4 5 0.0420803 9.99755
4 5 0.066737 9.99755
5 5 11.1759 25.0222
5 5 11.1682 25.0222
5 5 11.1655 25.0222
5 5 11.1785 25.0222
5 5 11.2347 25.0222
5 5 11.1621 25.0222
5 5 11.1733 25.0222
5 5 11.2698 25.0222
5 5 11.0299 25.0222
5 5 11.1666 25.0222
5 5 11.0398 25.0222
5 5 11.1673 25.0222
5 5 11.027 25.0222
5 5 11.1771 25.0222
5 5 11.0272 25.0222
5 5 12.1399 25.0222
5 5 11.1726 25.0222
5 5 11.1705 25.0222
5 5 12.147 25.0222
5 5 11.1672 25.0222
5 5 12.1253 25.0222
5 5 11.1832 25.0222
5 5 12.1395 25.0222
5 5 11.174 25.0222
5 5 11.3281 25.0222
5 5 11.3323 25.0222
5 5 11.3147 25.0222
5 5 11.348 25.0222
5 5 11.323 25.0222
5 5 11.3217 25.0222
5 5 11.3048 25.0222
5 5 11.3402 25.0222
5 5 11.3396 25.0222
5 5 11.3146 25.0222
5 5 11.2446 25.0222
5 5 11.3246 25.0222
5 5 11.327 25.0222
5 5 11.3245 25.0222
5 5 11.3058 25.0222
5 5 11.2843 25.0222
5 5 11.3172 25.0222
5 5 11.3042 25.0222
5 5 11.3234 25.0222
5 5 11.3229 25.0222
5 5 11.259 25.0222
5 5 11.2323 25.0222
5 5 11.2489 25.0222
5 5 11.2772 25.0222
5 5 11.2386 25.0222
5 5 11.2769 25.0222
0 7 0.0213881 2.02223
0 7 0.020547 2.02223
0 7 0.0226243 2.02223
0 7 0.0209683 2.02223
0 7 0.0239955 2.02223
0 7 0.0213321 2.02223
0 7 0.0203065 2.02223
0 7 0.0214756 2.02223
0 7 0.0202767 2.02223
0 7 0.0220819 2.02223
0 7 0.0238051 2.02223
0 7 0.0205252 2.02223
0 7 0.0197124 2.02223
0 7 0.0208292 2.02223
0 7 0.022478 2.02223
0 7 0.0210218 2.02223
0 7 0.0296036 2.02223
0 7 0.0204082 2.02223
0 7 0.0213924 2.02223
0 7 0.0233438 2.02223
0 7 0.0228396 2.02223
0 7 0.0200593 2.02223
0 7 0.0247048 2.02223
0 7 0.0234913 2.02223
0 7 0.0170996 2.02223
0 7 0.0211523 2.02223
0 7 0.0219164 2.02223
0 7 0.0226206 2.02223
0 7 0.0215491 2.02223
0 7 0.02214 2.02223
0 7 0.0202273 2.02223
0 7 0.0182339 2.02223
0 7 0.0208567 2.02223
0 7 0.0201261 2.02223
0 7 0.0235452 2.02223
0 7 0.0213094 2.02223
0 7 0.0228415 2.02223
0 7 0.0246279 2.02223
0 7 0.0209365 2.02223
0 7 0.0211215 2.02223
0 7 0.0223333 2.02223
0 7 0.0219436 2.02223
0 7 0.0215609 2.02223
0 7 0.0206514 2.02223
0 7 0.0210143 2.02223
0 7 0.0244744 2.02223
0 7 0.0225454 2.02223
0 7 0.0190702 2.02223
0 7 0.0214715 2.02223
0 7 0.0216294 2.02223
0 7 0.0213261 2.02223
0 7 0.0217715 2.02223
0 7 0.0211693 2.02223
0 7 0.0216924 2.02223
0 7 0.0199325 2.02223
0 7 0.0214344 2.02223
0 7 0.0211526 2.02223
0 7 0.0215391 2.02223
0 7 0.0211118 2.02223
0 7 0.0201655 2.02223
0 7 0.0197862 2.02223
0 7 0.0170326 2.02223
0 7 0.0216051 2.02223
0 7 0.0233181 2.02223
0 7 0.0240612 2.02223
0 7 0.0219826 2.02223
0 7 0.0248346 2.02223
0 7 0.0215191 2.02223
0 7 0.0219502 2.02223
0 7 0.023114 2.02223
0 7 0.0221669 2.02223
0 7 0.0210403 2.02223
0 7 0.0195857 2.02223
0 7 0.0221474 2.02223
0 7 0.0204846 2.02223
0 7 0.0200119 2.02223
0 7 0.0212333 2.02223
0 7 0.0201806 2.02223
0 7 0.0176451 2.02223
0 7 0.019558 2.02223
0 7 0.0243518 2.02223
0 7 0.0225066 2.02223
0 7 0.0208773 2.02223
0 7 0.0220988 2.02223
0 7 0.0214594 2.02223
0 7 0.021139 2.02223
0 7 0.0219396 2.02223
0 7 0.0200379 2.02223
0 7 0.0205562 2.02223
0 7 0.0194316 2.02223
0 7 0.0201717 2.02223
0 7 0.0201908 2.02223
0 7 0.0207315 2.02223
1 7 0.0372113 16.6528
0 7 0.0215489 2.02223
0 7 0.0202582 2.02223
0 7 0.0198422 2.02223
0 7 0.0223131 2.02223
0 7 0.0204026 2.02223
1 7 0.0364006 16.6528
0 7 0.0218253 2.02223
1 7 0.0387947 16.6528
1 7 0.0353587 16.6528
1 7 0.0440736 16.6528
1 7 0.0373329 16.6528
1 7 0.0503079 16.6528
1 7 0.0374931 16.6528
1 7 0.044399 16.6528
1 7 0.0500953 16.6528
1 7 0.0519553 16.6528
1 7 0.0490101 16.6528
1 7 0.0491683 16.6528
1 7 0.0331016 16.6528
1 7 0.0359222 16.6528
1 7 0.0438869 16.6528
0 7 0.0224477 2.02223
1 7 0.0518856 16.6528
1 7 0.0349545 16.6528
1 7 0.0377428 16.6528
1 7 0.0500563 16.6528
1 7 0.0385541 16.6528
1 7 0.0435965 16.6528
1 7 0.0385944 16.6528
1 7 0.0388208 16.6528
1 7 0.0509874 16.6528
1 7 0.0367834 16.6528
1 7 0.0589743 16.6528
1 7 0.0442357 16.6528
1 7 0.0384975 16.6528
1 7 0.0341248 16.6528
1 7 0.0468255 16.6528
1 7 0.0471169 16.6528
1 7 0.063432 16.6528
2 7 0.109518 -4.09887e-18
1 7 0.0443881 16.6528
1 7 0.0373944 16.6528
1 7 0.057771 16.6528
1 7 0.0391122 16.6528
1 7 0.0355199 16.6528
1 7 0.0371365 16.6528
1 7 0.0399285 16.6528
1 7 0.0531156 16.6528
1 7 0.0386052 16.6528
1 7 0.0376443 16.6528
1 7 0.0395903 16.6528
1 7 0.0364414 16.6528
1 7 0.0386034 16.6528
1 7 0.0379418 16.6528
2 7 0.106422 -4.09887e-18
2 7 0.10719 -4.09887e-18
1 7 0.0385621 16.6528
1 7 0.0460048 16.6528
1 7 0.0436207 16.6528
2 7 0.108404 -4.09887e-18
2 7 0.121245 -4.09887e-18
2 7 0.123154 -4.09887e-18
2 7 0.0918754 -4.09887e-18
2 7 0.101374 -4.09887e-18
2 7 0.106882 -4.09887e-18
2 7 0.098664 -4.09887e-18
2 7 0.0976398 -4.09887e-18
2 7 0.105642 -4.09887e-18
2 7 0.096772 -4.09887e-18
2 7 0.0972979 -4.09887e-18
2 7 0.0995661 -4.09887e-18
2 7 0.116494 -4.09887e-18
2 7 0.105699 -4.09887e-18
2 7 0.100443 -4.09887e-18
2 7 0.0979902 -4.09887e-18
2 7 0.133877 -4.09887e-18
2 7 0.108109 -4.09887e-18
2 7 0.0943729 -4.09887e-18
2 7 0.114131 -4.09887e-18
2 7 0.0996967 -4.09887e-18
2 7 0.125045 -4.09887e-18
2 7 0.0954377 -4.09887e-18
2 7 0.104921 -4.09887e-18
2 7 0.103483 -4.09887e-18
2 7 0.0931965 -4.09887e-18
2 7 0.117637 -4.09887e-18
2 7 0.097948 -4.09887e-18
2 7 0.109527 -4.09887e-18
2 7 0.104125 -4.09887e-18
2 7 0.114578 -4.09887e-18
2 7 0.095716 -4.09887e-18
2 7 0.0996437 -4.09887e-18
2 7 0.0990084 -4.09887e-18
2 7 0.0984961 -4.09887e-18
2 7 0.101334 -4.09887e-18
2 7 0.11464 -4.09887e-18
2 7 0.108201 -4.09887e-18
2 7 0.0940428 -4.09887e-18
2 7 0.0984006 -4.09887e-18
3 7 0.0342219 211.426
3 7 0.0343566 211.426
3 7 0.0340761 211.426
3 7 0.0339468 211.426
2 7 0.1141 -4.09887e-18
2 7 0.106731 -4.09887e-18
3 7 0.034177 211.426
2 7 0.0928029 -4.09887e-18
2 7 0.0935664 -4.09887e-18
2 7 0.108093 -4.09887e-18
3 7 0.0463704 211.426
3 7 0.033161 211.426
3 7 0.0380479 211.426
3 7 0.0428034 211.426
3 7 0.0325014 211.426
3 7 0.0317803 211.426
3 7 0.0364331 211.426
3 7 0.044254 211.426
3 7 0.032029 211.426
3 7 0.0379122 211.426
3 7 0.0345938 211.426
3 7 0.0393679 211.426
3 7 0.0359136 211.426
3 7 0.0364881 211.426
3 7 0.0418417 211.426
2 7 0.116957 -4.09887e-18
3 7 0.0476903 211.426
2 7 0.111314 -4.09887e-18
3 7 0.0341534 211.426
3 7 0.0325903 211.426
3 7 0.0328444 211.426
3 7 0.0435325 211.426
3 7 0.0443997 211.426
3 7 0.0339392 211.426
3 7 0.0349017 211.426
3 7 0.0332435 211.426
3 7 0.0354878 211.426
3 7 0.0351459 211.426
3 7 0.0331864 211.426
3 7 0.0357709 211.426
3 7 0.0306585 211.426
3 7 0.0341947 211.426
3 7 0.032757 211.426
3 7 0.0316257 211.426
3 7 0.038384 211.426
3 7 0.0447191 211.426
3 7 0.043524 211.426
3 7 0.0331007 211.426
3 7 0.0328355 211.426
3 7 0.0327845 211.426
3 7 0.0361636 211.426
3 7 0.0417767 211.426
3 7 0.0357894 211.426
3 7 0.0376321 211.426
3 7 0.0360254 211.426
4 7 0.0245649 9.9869
3 7 0.0461522 211.426
3 7 0.0450834 211.426
4 7 0.0267032 9.9869
4 7 0.027574 9.9869
4 7 0.0302409 9.9869
4 7 0.0301369 9.9869
4 7 0.0290501 9.9869
4 7 0.0281508 9.9869
4 7 0.028015 9.9869
4 7 0.029836 9.9869
4 7 0.0285247 9.9869
4 7 0.0281556 9.9869
4 7 0.0266341 9.9869
4 7 0.0299376 9.9869
4 7 0.0260475 9.9869
4 7 0.0285209 9.9869
4 7 0.0284046 9.9869
4 7 0.0276982 9.9869
4 7 0.0279002 9.9869
4 7 0.0273456 9.9869
4 7 0.0267464 9.9869
4 7 0.0273963 9.9869
4 7 0.0279392 9.9869
4 7 0.0296676 9.9869
4 7 0.0303288 9.9869
4 7 0.0286927 9.9869
4 7 0.0318647 9.9869
4 7 0.0274282 9.9869
4 7 0.0268366 9.9869
4 7 0.0279863 9.9869
4 7 0.0279384 9.9869
4 7 0.0260982 9.9869
4 7 0.0286558 9.9869
4 7 0.0290391 9.9869
4 7 0.025813 9.9869
4 7 0.0255209 9.9869
4 7 0.027114 9.9869
4 7 0.0290373 9.9869
4 7 0.029162 9.9869
4 7 0.0260782 9.9869
4 7 0.0269629 9.9869
4 7 0.0309664 9.9869
4 7 0.0265847 9.9869
4 7 0.0266668 9.9869
4 7 0.0274605 9.9869
4 7 0.0296209 9.9869
4 7 0.0267257 9.9869
4 7 0.0258106 9.9869
4 7 0.0282283 9.9869
4 7 0.0302756 9.9869
4 7 0.0264921 9.9869
5 7 7.83181 25.0222
5 7 7.84325 25.0222
5 7 7.81941 25.0222
5 7 7.84346 25.0222
5 7 7.83133 25.0222
5 7 7.82948 25.0222
5 7 7.87577 25.0222
5 7 7.80526 25.0222
5 7 7.82989 25.0222
5 7 7.81375 25.0222
5 7 7.84377 25.0222
5 7 7.80565 25.0222
5 7 7.83293 25.0222
5 7 7.82937 25.0222
5 7 7.84094 25.0222
5 7 7.8367 25.0222
5 7 7.81971 25.0222
5 7 7.8303 25.0222
5 7 7.84569 25.0222
5 7 7.82719 25.0222
5 7 7.81259 25.0222
5 7 7.82837 25.0222
5 7 7.79958 25.0222
5 7 7.8275 25.0222
5 7 7.84344 25.0222
5 7 7.82554 25.0222
5 7 7.82546 25.0222
5 7 7.8383 25.0222
5 7 7.82825 25.0222
5 7 7.82751 25.0222
5 7 7.83131 25.0222
5 7 7.85139 25.0222
5 7 7.8247 25.0222
5 7 7.85375 25.0222
5 7 7.81105 25.0222
5 7 7.83571 25.0222
5 7 7.8428 25.0222
5 7 7.81356 25.0222
5 7 7.85285 25.0222
5 7 7.8281 25.0222
5 7 7.83125 25.0222
5 7 7.85597 25.0222
5 7 8.07655 25.0222
5 7 7.79972 25.0222
5 7 7.82644 25.0222
5 7 7.81505 25.0222
5 7 7.81587 25.0222
5 7 7.84888 25.0222
5 7 7.82861 25.0222
5 7 7.82167 25.0222
0 8 0.0219166 2.04198
0 8 0.0194622 2.04198
0 8 0.0220404 2.04198
0 8 0.0298054 2.04198
0 8 0.0269757 2.04198
0 8 0.0293111 2.04198
0 8 0.0308917 2.04198
0 8 0.0207923 2.04198
0 8 0.0279382 2.04198
0 8 0.0231147 2.04198
0 8 0.024735 2.04198
0 8 0.0227642 2.04198
0 8 0.0216193 2.04198
0 8 0.0282271 2.04198
0 8 0.0252387 2.04198
0 8 0.0215748 2.04198
0 8 0.025376 2.04198
0 8 0.0237439 2.04198
0 8 0.024786 2.04198
0 8 0.0297737 2.04198
0 8 0.0242456 2.04198
0 8 0.0287508 2.04198
0 8 0.0199394 2.04198
0 8 0.0234636 2.04198
0 8 0.0215207 2.04198
0 8 0.0350273 2.04198
0 8 0.0268163 2.04198
0 8 0.0203332 2.04198
0 8 0.0275912 2.04198
0 8 0.0298611 2.04198
0 8 0.0212661 2.04198
0 8 0.0260633 2.04198
0 8 0.0268429 2.04198
0 8 0.0293082 2.04198
0 8 0.0215041 2.04198
0 8 0.0277835 2.04198
0 8 0.0201484 2.04198
0 8 0.02077 2.04198
0 8 0.0247169 2.04198
0 8 0.020448 2.04198
0 8 0.0331712 2.04198
0 8 0.0249378 2.04198
0 8 0.032909 2.04198
0 8 0.0221985 2.04198
0 8 0.0202122 2.04198
0 8 0.0206382 2.04198
0 8 0.0343868 2.04198
0 8 0.0229072 2.04198
0 8 0.0306159 2.04198
0 8 0.0239536 2.04198
0 8 0.0213875 2.04198
0 8 0.0196968 2.04198
0 8 0.0193479 2.04198
0 8 0.0212819 2.04198
0 8 0.0308457 2.04198
0 8 0.0232081 2.04198
0 8 0.0360674 2.04198
0 8 0.0217849 2.04198
0 8 0.0237715 2.04198
0 8 0.0214349 2.04198
0 8 0.0225039 2.04198
0 8 0.0310464 2.04198
0 8 0.0201315 2.04198
0 8 0.0216115 2.04198
0 8 0.0206314 2.04198
0 8 0.0280062 2.04198
0 8 0.0308551 2.04198
0 8 0.0294988 2.04198
0 8 0.030324 2.04198
0 8 0.0219102 2.04198
0 8 0.0232708 2.04198
0 8 0.0224961 2.04198
0 8 0.0269592 2.04198
0 8 0.0216921 2.04198
0 8 0.0335594 2.04198
0 8 0.0288586 2.04198
0 8 0.0325749 2.04198
0 8 0.0323939 2.04198
0 8 0.029745 2.04198
0 8 0.0231444 2.04198
0 8 0.0275802 2.04198
0 8 0.029615 2.04198
0 8 0.032524 2.04198
0 8 0.0249943 2.04198
0 8 0.0236607 2.04198
0 8 0.0216723 2.04198
0 8 0.019191 2.04198
0 8 0.0288367 2.04198
0 8 0.0211718 2.04198
0 8 0.0286836 2.04198
0 8 0.0342882 2.04198
0 8 0.0217222 2.04198
0 8 0.0338976 2.04198
1 8 0.0352999 16.6528
0 8 0.0291415 2.04198
1 8 0.0355474 16.6528
0 8 0.0353332 2.04198
0 8 0.0198042 2.04198
0 8 0.0205124 2.04198
0 8 0.0194348 2.04198
0 8 0.0279738 2.04198
1 8 0.034493 16.6528
1 8 0.036952 16.6528
0 8 0.0206523 2.04198
1 8 0.03436 16.6528
1 8 0.0323261 16.6528
1 8 0.0354085 16.6528
1 8 0.0354625 16.6528
1 8 0.0370751 16.6528
1 8 0.0394287 16.6528
1 8 0.0338388 16.6528
1 8 0.0369429 16.6528
1 8 0.0391183 16.6528
1 8 0.0338558 16.6528
1 8 0.0358546 16.6528
1 8 0.0336497 16.6528
1 8 0.0347974 16.6528
1 8 0.0332296 16.6528
1 8 0.0355297 16.6528
1 8 0.0379135 16.6528
1 8 0.0329144 16.6528
1 8 0.0358311 16.6528
1 8 0.0340038 16.6528
1 8 0.0374908 16.6528
1 8 0.0367184 16.6528
1 8 0.0368873 16.6528
1 8 0.0330655 16.6528
1 8 0.0338021 16.6528
1 8 0.0350183 16.6528
1 8 0.0372462 16.6528
1 8 0.0347966 16.6528
1 8 0.0358891 16.6528
1 8 0.0334066 16.6528
1 8 0.0371192 16.6528
1 8 0.0364498 16.6528
1 8 0.0315126 16.6528
1 8 0.0336865 16.6528
1 8 0.0303407 16.6528
1 8 0.0352037 16.6528
1 8 0.0335187 16.6528
1 8 0.0317152 16.6528
1 8 0.0327393 16.6528
1 8 0.0335629 16.6528
1 8 0.0358192 16.6528
2 8 0.0589732 -7.73124e-18
2 8 0.0566181 -7.73124e-18
1 8 0.0334931 16.6528
1 8 0.0353114 16.6528
2 8 0.0606775 -7.73124e-18
1 8 0.0368678 16.6528
2 8 0.0593996 -7.73124e-18
1 8 0.0338646 16.6528
2 8 0.0536284 -7.73124e-18
2 8 0.0575858 -7.73124e-18
2 8 0.0750812 -7.73124e-18
1 8 0.0330923 16.6528
1 8 0.0337499 16.6528
2 8 0.0578515 -7.73124e-18
2 8 0.0570579 -7.73124e-18
2 8 0.0628956 -7.73124e-18
2 8 0.055379 -7.73124e-18
2 8 0.0617875 -7.73124e-18
2 8 0.0633714 -7.73124e-18
2 8 0.0599829 -7.73124e-18
2 8 0.0589468 -7.73124e-18
2 8 0.0613475 -7.73124e-18
2 8 0.0654903 -7.73124e-18
2 8 0.0648588 -7.73124e-18
2 8 0.0620962 -7.73124e-18
2 8 0.0588487 -7.73124e-18
2 8 0.0752051 -7.73124e-18
2 8 0.0598373 -7.73124e-18
2 8 0.0728405 -7.73124e-18
2 8 0.0591542 -7.73124e-18
2 8 0.0649673 -7.73124e-18
2 8 0.0518091 -7.73124e-18
2 8 0.0598999 -7.73124e-18
2 8 0.0757383 -7.73124e-18
2 8 0.0578829 -7.73124e-18
2 8 0.0721203 -7.73124e-18
2 8 0.0573548 -7.73124e-18
2 8 0.0601577 -7.73124e-18
2 8 0.0714569 -7.73124e-18
2 8 0.0615393 -7.73124e-18
2 8 0.0625475 -7.73124e-18
2 8 0.0724601 -7.73124e-18
2 8 0.0565248 -7.73124e-18
2 8 0.0597575 -7.73124e-18
2 8 0.0595069 -7.73124e-18
2 8 0.0563029 -7.73124e-18
3 8 0.0289659 211.406
3 8 0.0284649 211.406
3 8 0.0291833 211.406
2 8 0.0593426 -7.73124e-18
3 8 0.0300125 211.406
3 8 0.0307939 211.406
2 8 0.056854 -7.73124e-18
2 8 0.0584436 -7.73124e-18
3 8 0.0317609 211.406
3 8 0.0291022 211.406
3 8 0.0285455 211.406
3 8 0.030309 211.406
3 8 0.0305417 211.406
3 8 0.0245076 211.406
2 8 0.0619683 -7.73124e-18
2 8 0.0576522 -7.73124e-18
3 8 0.0303889 211.406
2 8 0.0665336 -7.73124e-18
3 8 0.0292297 211.406
3 8 0.0328313 211.406
3 8 0.0286423 211.406
2 8 0.0557332 -7.73124e-18
3 8 0.0290101 211.406
3 8 0.0308214 211.406
3 8 0.0306479 211.406
3 8 0.0291051 211.406
3 8 0.0283299 211.406
3 8 0.0297617 211.406
3 8 0.0298597 211.406
3 8 0.0278816 211.406
3 8 0.0315345 211.406
3 8 0.0300612 211.406
3 8 0.0306602 211.406
2 8 0.0646377 -7.73124e-18
3 8 0.0328313 211.406
3 8 0.0306041 211.406
3 8 0.031111 211.406
2 8 0.0685295 -7.73124e-18
3 8 0.0321908 211.406
2 8 0.0783427 -7.73124e-18
3 8 0.0281551 211.406
3 8 0.0285345 211.406
3 8 0.0309531 211.406
3 8 0.0308076 211.406
3 8 0.0322274 211.406
3 8 0.0288702 211.406
3 8 0.0311227 211.406
3 8 0.0295795 211.406
3 8 0.0300956 211.406
3 8 0.0328618 211.406
3 8 0.0340817 211.406
3 8 0.0314872 211.406
3 8 0.0278047 211.406
3 8 0.0288645 211.406
3 8 0.0300261 211.406
3 8 0.0281377 211.406
3 8 0.0304793 211.406
3 8 0.0290479 211.406
4 8 0.0238777 9.98285
4 8 0.0248011 9.98285
4 8 0.0293121 9.98285
4 8 0.0258989 9.98285
4 8 0.0268944 9.98285
4 8 0.0279619 9.98285
4 8 0.0267796 9.98285
4 8 0.0247311 9.98285
4 8 0.0255554 9.98285
4 8 0.0305796 9.98285
3 8 0.0302711 211.406
4 8 0.0274204 9.98285
3 8 0.0309029 211.406
4 8 0.0281129 9.98285
4 8 0.026361 9.98285
4 8 0.0257851 9.98285
4 8 0.0268564 9.98285
4 8 0.02601 9.98285
4 8 0.0271493 9.98285
4 8 0.0234946 9.98285
4 8 0.0293339 9.98285
4 8 0.0254169 9.98285
4 8 0.0263058 9.98285
4 8 0.0235844 9.98285
4 8 0.0280788 9.98285
4 8 0.0268318 9.98285
4 8 0.0262697 9.98285
4 8 0.0273354 9.98285
4 8 0.0257745 9.98285
4 8 0.0259976 9.98285
4 8 0.0224608 9.98285
4 8 0.027452 9.98285
4 8 0.0262077 9.98285
4 8 0.0278183 9.98285
4 8 0.0267685 9.98285
4 8 0.0273049 9.98285
4 8 0.0271479 9.98285
4 8 0.0257085 9.98285
4 8 0.0243377 9.98285
4 8 0.0280779 9.98285
4 8 0.0266747 9.98285
4 8 0.0239131 9.98285
4 8 0.0284671 9.98285
4 8 0.0253392 9.98285
4 8 0.0275751 9.98285
4 8 0.0253059 9.98285
4 8 0.0247397 9.98285
4 8 0.0260515 9.98285
4 8 0.0243215 9.98285
4 8 0.0273047 9.98285
4 8 0.0247958 9.98285
5 8 6.72568 25.0221
5 8 6.68936 25.0221
5 8 6.73839 25.0221
5 8 6.70894 25.0221
5 8 6.71031 25.0221
5 8 6.70316 25.0221
5 8 6.71266 25.0221
5 8 6.91866 25.0221
5 8 6.72377 25.0221
5 8 6.71429 25.0221
5 8 6.70601 25.0221
5 8 6.71573 25.0221
5 8 6.69637 25.0221
5 8 6.71258 25.0221
5 8 6.70297 25.0221
5 8 6.72041 25.0221
5 8 6.72768 25.0221
5 8 6.72973 25.0221
5 8 6.70879 25.0221
5 8 6.75867 25.0221
5 8 6.874 25.0221
5 8 6.72117 25.0221
5 8 6.71678 25.0221
5 8 6.71555 25.0221
5 8 6.71501 25.0221
5 8 6.69913 25.0221
5 8 6.7839 25.0221
5 8 6.69926 25.0221
5 8 6.71939 25.0221
5 8 6.68607 25.0221
5 8 6.70345 25.0221
5 8 6.71695 25.0221
5 8 6.71137 25.0221
5 8 6.71511 25.0221
5 8 6.6989 25.0221
5 8 6.68488 25.0221
5 8 6.70178 25.0221
5 8 6.69768 25.0221
5 8 6.69989 25.0221
5 8 6.69289 25.0221
5 8 6.70239 25.0221
5 8 6.69555 25.0221
5 8 6.71548 25.0221
5 8 6.70033 25.0221
5 8 6.70517 25.0221
5 8 6.70025 25.0221
5 8 6.70295 25.0221
5 8 6.69857 25.0221
5 8 6.72026 25.0221
5 8 6.75869 25.0221
0 9 0.0217842 2.04198
0 9 0.0232504 2.04198
0 9 0.0279649 2.04198
0 9 0.0280952 2.04198
0 9 0.0255942 2.04198
0 9 0.0297863 2.04198
0 9 0.0243894 2.04198
0 9 0.0214112 2.04198
0 9 0.0264133 2.04198
0 9 0.0213429 2.04198
0 9 0.018459 2.04198
0 9 0.0247473 2.04198
0 9 0.0330617 2.04198
0 9 0.0215344 2.04198
0 9 0.0288925 2.04198
0 9 0.0210574 2.04198
0 9 0.022039 2.04198
0 9 0.025656 2.04198
0 9 0.0278723 2.04198
0 9 0.0268739 2.04198
0 9 0.0253205 2.04198
0 9 0.0223753 2.04198
0 9 0.022956 2.04198
0 9 0.0264428 2.04198
0 9 0.0228554 2.04198
0 9 0.0250972 2.04198
0 9 0.027281 2.04198
0 9 0.0218668 2.04198
0 9 0.0248736 2.04198
0 9 0.0252457 2.04198
0 9 0.0270581 2.04198
0 9 0.0258439 2.04198
0 9 0.0234436 2.04198
0 9 0.0259162 2.04198
0 9 0.0317281 2.04198
0 9 0.0256913 2.04198
0 9 0.0234566 2.04198
0 9 0.0268225 2.04198
0 9 0.0289239 2.04198
0 9 0.0267206 2.04198
0 9 0.0205592 2.04198
0 9 0.0276231 2.04198
0 9 0.0241915 2.04198
0 9 0.0333108 2.04198
0 9 0.0228704 2.04198
0 9 0.0234985 2.04198
0 9 0.0272461 2.04198
0 9 0.0212853 2.04198
0 9 0.0303202 2.04198
0 9 0.021511 2.04198
0 9 0.0272834 2.04198
0 9 0.0323157 2.04198
0 9 0.0205232 2.04198
0 9 0.0311445 2.04198
0 9 0.0218494 2.04198
0 9 0.0235956 2.04198
0 9 0.0248587 2.04198
0 9 0.0297676 2.04198
0 9 0.030058 2.04198
0 9 0.0274384 2.04198
0 9 0.0242182 2.04198
0 9 0.0194706 2.04198
0 9 0.030489 2.04198
0 9 0.0246338 2.04198
0 9 0.0227546 2.04198
0 9 0.0203664 2.04198
0 9 0.0232836 2.04198
0 9 0.0231213 2.04198
0 9 0.020557 2.04198
0 9 0.0222908 2.04198
0 9 0.0220471 2.04198
0 9 0.0256013 2.04198
0 9 0.0220395 2.04198
0 9 0.0211816 2.04198
0 9 0.032379 2.04198
0 9 0.0321287 2.04198
0 9 0.0249368 2.04198
0 9 0.0241842 2.04198
0 9 0.0282161 2.04198
0 9 0.0279838 2.04198
0 9 0.0204174 2.04198
0 9 0.0315877 2.04198
0 9 0.0205259 2.04198
0 9 0.0220316 2.04198
0 9 0.0301272 2.04198
0 9 0.0289615 2.04198
0 9 0.0238911 2.04198
0 9 0.0315105 2.04198
0 9 0.0307654 2.04198
0 9 0.0242105 2.04198
0 9 0.0311902 2.04198
1 9 0.0339563 16.6528
1 9 0.0385107 16.6528
0 9 0.0258191 2.04198
0 9 0.0243668 2.04198
0 9 0.0222643 2.04198
0 9 0.0308083 2.04198
1 9 0.0351991 16.6528
1 9 0.0331472 16.6528
1 9 0.0292889 16.6528
0 9 0.0253958 2.04198
0 9 0.0288866 2.04198
1 9 0.034717 16.6528
0 9 0.0358391 2.04198
1 9 0.0311346 16.6528
1 9 0.0297951 16.6528
1 9 0.0364546 16.6528
1 9 0.0353699 16.6528
1 9 0.0342577 16.6528
1 9 0.0358031 16.6528
1 9 0.0303089 16.6528
1 9 0.0339697 16.6528
1 9 0.0373663 16.6528
1 9 0.0351754 16.6528
1 9 0.0351484 16.6528
1 9 0.0314459 16.6528
1 9 0.0331295 16.6528
0 9 0.0228998 2.04198
1 9 0.0329936 16.6528
1 9 0.0360235 16.6528
1 9 0.0352833 16.6528
1 9 0.0350705 16.6528
1 9 0.0313273 16.6528
1 9 0.0306172 16.6528
1 9 0.0335901 16.6528
1 9 0.0294826 16.6528
1 9 0.0348475 16.6528
1 9 0.0295511 16.6528
1 9 0.0332663 16.6528
1 9 0.0382745 16.6528
1 9 0.0331234 16.6528
1 9 0.0287711 16.6528
1 9 0.027729 16.6528
1 9 0.031442 16.6528
1 9 0.0332332 16.6528
1 9 0.0373204 16.6528
1 9 0.0387503 16.6528
1 9 0.0318626 16.6528
1 9 0.035425 16.6528
1 9 0.0321111 16.6528
1 9 0.0350206 16.6528
1 9 0.0365693 16.6528
1 9 0.0344838 16.6528
2 9 0.0258225 -0
2 9 0.0375958 -0
2 9 0.0271855 -0
1 9 0.034133 16.6528
2 9 0.0305934 -0
1 9 0.0353148 16.6528
2 9 0.0325561 -0
2 9 0.0381021 -0
2 9 0.0434181 -0
2 9 0.0251576 -0
2 9 0.0291635 -0
2 9 0.0305603 -0
2 9 0.0379364 -0
2 9 0.0273662 -0
2 9 0.0387834 -0
2 9 0.0370383 -0
2 9 0.0268814 -0
2 9 0.0381114 -0
2 9 0.0369347 -0
2 9 0.0364165 -0
2 9 0.0291193 -0
2 9 0.038333 -0
2 9 0.022404 -0
2 9 0.0183382 -0
2 9 0.0215192 -0
2 9 0.0367361 -0
2 9 0.0241213 -0
2 9 0.0278677 -0
2 9 0.0227518 -0
2 9 0.0370551 -0
2 9 0.0251213 -0
2 9 0.028182 -0
2 9 0.0275315 -0
2 9 0.0386254 -0
2 9 0.0284101 -0
2 9 0.0261404 -0
1 9 0.0334168 16.6528
1 9 0.0318138 16.6528
1 9 0.0293439 16.6528
1 9 0.0334437 16.6528
2 9 0.0260877 -0
2 9 0.0302413 -0
2 9 0.037015 -0
2 9 0.0373453 -0
2 9 0.0216997 -0
2 9 0.0268739 -0
2 9 0.0306152 -0
2 9 0.0357666 -0
2 9 0.0341538 -0
2 9 0.0412108 -0
2 9 0.025165 -0
2 9 0.0206519 -0
2 9 0.0259684 -0
2 9 0.0418505 -0
2 9 0.0374818 -0
3 9 0.029263 211.426
3 9 0.028024 211.426
3 9 0.0319113 211.426
3 9 0.0288781 211.426
3 9 0.0316335 211.426
2 9 0.0369543 -0
3 9 0.0264152 211.426
3 9 0.0253281 211.426
3 9 0.0381687 211.426
3 9 0.0282508 211.426
3 9 0.0280136 211.426
3 9 0.0295859 211.426
3 9 0.0303088 211.426
3 9 0.0313669 211.426
3 9 0.0280584 211.426
3 9 0.0313461 211.426
3 9 0.031829 211.426
3 9 0.0392795 211.426
3 9 0.0283023 211.426
3 9 0.0290037 211.426
3 9 0.0411061 211.426
3 9 0.0279556 211.426
3 9 0.0372962 211.426
3 9 0.030061 211.426
3 9 0.0281411 211.426
3 9 0.0282391 211.426
3 9 0.0293266 211.426
3 9 0.0281237 211.426
3 9 0.0375326 211.426
3 9 0.0269731 211.426
3 9 0.0302746 211.426
3 9 0.029227 211.426
3 9 0.0333411 211.426
3 9 0.0290642 211.426
3 9 0.0304377 211.426
3 9 0.0304696 211.426
3 9 0.0240329 211.426
3 9 0.0335001 211.426
3 9 0.0285225 211.426
3 9 0.0311334 211.426
3 9 0.028925 211.426
3 9 0.039446 211.426
3 9 0.0342235 211.426
3 9 0.0287699 211.426
4 9 0.0254357 9.99521
3 9 0.0269136 211.426
3 9 0.0398719 211.426
3 9 0.0392431 211.426
3 9 0.0369448 211.426
3 9 0.0358798 211.426
4 9 0.0267676 9.99521
4 9 0.0254744 9.99521
4 9 0.0275816 9.99521
3 9 0.0296259 211.426
4 9 0.02643 9.99521
4 9 0.0284329 9.99521
3 9 0.0273613 211.426
4 9 0.029121 9.99521
4 9 0.0268332 9.99521
4 9 0.0254296 9.99521
4 9 0.0269404 9.99521
4 9 0.0260083 9.99521
4 9 0.0288768 9.99521
4 9 0.0261883 9.99521
4 9 0.0298614 9.99521
4 9 0.028052 9.99521
4 9 0.0289977 9.99521
4 9 0.0253165 9.99521
4 9 0.0259409 9.99521
4 9 0.027202 9.99521
4 9 0.0283019 9.99521
4 9 0.0292013 9.99521
4 9 0.0288081 9.99521
4 9 0.0266087 9.99521
4 9 0.0321495 9.99521
4 9 0.028731 9.99521
4 9 0.0282906 9.99521
4 9 0.0263919 9.99521
4 9 0.0238484 9.99521
4 9 0.0274095 9.99521
4 9 0.0316679 9.99521
4 9 0.0294939 9.99521
4 9 0.0269716 9.99521
4 9 0.0274058 9.99521
4 9 0.0293084 9.99521
4 9 0.0260452 9.99521
4 9 0.0296233 9.99521
4 9 0.0289625 9.99521
4 9 0.0278081 9.99521
4 9 0.0278828 9.99521
4 9 0.0298933 9.99521
4 9 0.0300901 9.99521
4 9 0.0304316 9.99521
4 9 0.0265266 9.99521
4 9 0.0283756 9.99521
4 9 0.0275383 9.99521
4 9 0.0273185 9.99521
4 9 0.0282363 9.99521
4 9 0.027572 9.99521
4 9 0.0258087 9.99521
4 9 0.0256213 9.99521
5 9 6.15518 25.0222
5 9 6.17282 25.0222
5 9 6.16948 25.0222
5 9 6.12928 25.0222
5 9 6.15391 25.0222
5 9 6.15268 25.0222
5 9 6.13525 25.0222
5 9 6.1507 25.0222
5 9 6.15108 25.0222
5 9 6.15458 25.0222
5 9 6.16312 25.0222
5 9 6.14566 25.0222
5 9 6.14796 25.0222
5 9 6.13485 25.0222
5 9 6.17366 25.0222
5 9 6.14829 25.0222
5 9 6.19787 25.0222
5 9 6.13699 25.0222
5 9 6.15241 25.0222
5 9 6.149 25.0222
5 9 6.15103 25.0222
5 9 6.15543 25.0222
5 9 6.15476 25.0222
5 9 6.22711 25.0222
5 9 6.18211 25.0222
5 9 6.14931 25.0222
5 9 6.16528 25.0222
5 9 6.17998 25.0222
5 9 6.15067 25.0222
5 9 6.1493 25.0222
5 9 6.13691 25.0222
5 9 6.1434 25.0222
5 9 6.16983 25.0222
5 9 6.20263 25.0222
5 9 6.13393 25.0222
5 9 6.14199 25.0222
5 9 6.15992 25.0222
5 9 6.14974 25.0222
5 9 6.15129 25.0222
5 9 6.13949 25.0222
5 9 6.14599 25.0222
5 9 6.1564 25.0222
5 9 6.1561 25.0222
5 9 6.15773 25.0222
5 9 6.16513 25.0222
5 9 6.18392 25.0222
5 9 6.13636 25.0222
5 9 6.14217 25.0222
5 9 6.14137 25.0222
5 9 6.14549 25.0222
0 15 0.0133585 2.04198
0 15 0.0144615 2.04198
0 15 0.0134976 2.04198
0 15 0.0147966 2.04198
0 15 0.0173362 2.04198
0 15 0.0161021 2.04198
0 15 0.0149383 2.04198
0 15 0.0141095 2.04198
0 15 0.0162595 2.04198
0 15 0.0156496 2.04198
0 15 0.0151318 2.04198
0 15 0.0142907 2.04198
0 15 0.0209455 2.04198
0 15 0.0224754 2.04198
0 15 0.0181619 2.04198
0 15 0.024655 2.04198
0 15 0.026776 2.04198
0 15 0.014853 2.04198
0 15 0.0163001 2.04198
0 15 0.013984 2.04198
0 15 0.0176587 2.04198
0 15 0.0156616 2.04198
0 15 0.018174 2.04198
0 15 0.0266718 2.04198
0 15 0.0189005 2.04198
0 15 0.0132394 2.04198
0 15 0.0208363 2.04198
0 15 0.0166145 2.04198
0 15 0.0248024 2.04198
0 15 0.013574 2.04198
0 15 0.0188927 2.04198
0 15 0.0164964 2.04198
0 15 0.0185859 2.04198
0 15 0.0169412 2.04198
0 15 0.0171505 2.04198
0 15 0.0134026 2.04198
0 15 0.0223235 2.04198
0 15 0.0158188 2.04198
0 15 0.0132568 2.04198
0 15 0.0156427 2.04198
0 15 0.0189391 2.04198
0 15 0.0225446 2.04198
0 15 0.0152039 2.04198
0 15 0.0160918 2.04198
0 15 0.0181552 2.04198
0 15 0.0194603 2.04198
0 15 0.0132838 2.04198
0 15 0.0140636 2.04198
0 15 0.0134028 2.04198
0 15 0.0175459 2.04198
0 15 0.0154093 2.04198
0 15 0.0136016 2.04198
0 15 0.0125151 2.04198
0 15 0.0161831 2.04198
0 15 0.0181217 2.04198
0 15 0.015502 2.04198
0 15 0.0156776 2.04198
0 15 0.0142841 2.04198
0 15 0.0145909 2.04198
0 15 0.0150883 2.04198
0 15 0.0193044 2.04198
0 15 0.0148326 2.04198
0 15 0.0164034 2.04198
0 15 0.0151455 2.04198
0 15 0.017015 2.04198
0 15 0.0230828 2.04198
0 15 0.0184039 2.04198
0 15 0.017675 2.04198
0 15 0.0253392 2.04198
0 15 0.0203679 2.04198
0 15 0.0207124 2.04198
0 15 0.0161324 2.04198
0 15 0.0161884 2.04198
0 15 0.021285 2.04198
0 15 0.0149101 2.04198
0 15 0.0153044 2.04198
0 15 0.0152376 2.04198
0 15 0.0172861 2.04198
0 15 0.0147297 2.04198
0 15 0.0155826 2.04198
0 15 0.0145245 2.04198
0 15 0.0167275 2.04198
0 15 0.0187036 2.04198
0 15 0.0156002 2.04198
0 15 0.0246683 2.04198
0 15 0.0165688 2.04198
0 15 0.0200545 2.04198
0 15 0.0188915 2.04198
0 15 0.0188065 2.04198
0 15 0.0150348 2.04198
0 15 0.0168655 2.04198
0 15 0.0123564 2.04198
0 15 0.0201167 2.04198
1 15 0.016109 16.6522
0 15 0.01496 2.04198
2
0 15 0.0157718 2.04198
0 15 0.0171544 2.04198
0 15 0.0178706 2.04198
0 15 0.0158911 2.04198
0 15 0.0263121 2.04198
1 15 0.0193387 16.6522
1 15 0.0210036 16.6522
1 15 0.0197516 16.6522
1 15 0.0200281 16.6522
1 15 0.0197922 16.6522
1 15 0.0206131 16.6522
1 15 0.0185322 16.6522
1 15 0.0214904 16.6522
1 15 0.017494 16.6522
1 15 0.0211172 16.6522
1 15 0.0191891 16.6522
1 15 0.0187412 16.6522
1 15 0.0186293 16.6522
1 15 0.0194684 16.6522
1 15 0.0221302 16.6522
1 15 0.018561 16.6522
1 15 0.0210919 16.6522
1 15 0.0200217 16.6522
1 15 0.0231302 16.6522
1 15 0.0203361 16.6522
1 15 0.0177906 16.6522
1 15 0.0234604 16.6522
1 15 0.0238335 16.6522
1 15 0.0182295 16.6522
1 15 0.021158 16.6522
1 15 0.0198594 16.6522
1 15 0.0218021 16.6522
1 15 0.0220502 16.6522
1 15 0.0174144 16.6522
1 15 0.0222916 16.6522
1 15 0.0199699 16.6522
1 15 0.0216213 16.6522
1 15 0.0200699 16.6522
1 15 0.0209927 16.6522
1 15 0.0182978 16.6522
1 15 0.0172102 16.6522
1 15 0.0209603 16.6522
1 15 0.0204716 16.6522
1 15 0.0234602 16.6522
1 15 0.0201791 16.6522
1 15 0.0195535 16.6522
1 15 0.0192456 16.6522
1 15 0.0194654 16.6522
1 15 0.0142201 16.6522
1 15 0.0175137 16.6522
1 15 0.022448 16.6522
1 15 0.0196226 16.6522
2 15 0.0312527 -5.19097e-16
1 15 0.0185958 16.6522
2 15 0.0265269 -5.19097e-16
2 15 0.0237057 -5.19097e-16
2 15 0.0285472 -5.19097e-16
2 15 0.0255111 -5.19097e-16
2 15 0.0250133 -5.19097e-16
2 15 0.029617 -5.19097e-16
2 15 0.0310401 -5.19097e-16
2 15 0.0350466 -5.19097e-16
2 15 0.0223369 -5.19097e-16
2 15 0.028209 -5.19097e-16
2 15 0.0233696 -5.19097e-16
2 15 0.0228819 -5.19097e-16
2 15 0.0255686 -5.19097e-16
2 15 0.0333265 -5.19097e-16
2 15 0.035418 -5.19097e-16
2 15 0.0236169 -5.19097e-16
2 15 0.0298107 -5.19097e-16
2 15 0.0303851 -5.19097e-16
2 15 0.0253946 -5.19097e-16
2 15 0.0257203 -5.19097e-16
2 15 0.0258983 -5.19097e-16
2 15 0.0291096 -5.19097e-16
2 15 0.0272991 -5.19097e-16
2 15 0.0301541 -5.19097e-16
2 15 0.0238541 -5.19097e-16
2 15 0.0212761 -5.19097e-16
2 15 0.0263547 -5.19097e-16
2 15 0.0253993 -5.19097e-16
2 15 0.0239446 -5.19097e-16
2 15 0.0231279 -5.19097e-16
2 15 0.0269077 -5.19097e-16
2 15 0.0257673 -5.19097e-16
2 15 0.0316359 -5.19097e-16
2 15 0.0235854 -5.19097e-16
2 15 0.0233409 -5.19097e-16
2 15 0.0314368 -5.19097e-16
2 15 0.0234312 -5.19097e-16
2 15 0.0229896 -5.19097e-16
2 15 0.0323446 -5.19097e-16
2 15 0.0310654 -5.19097e-16
2 15 0.0238375 -5.19097e-16
2 15 0.025882 -5.19097e-16
2 15 0.0309656 -5.19097e-16
2 15 0.0267017 -5.19097e-16
2 15 0.0306855 -5.19097e-16
3 15 0.016926 211.422
2 15 0.0247272 -5.19097e-16
2 15 0.0255674 -5.19097e-16
3 15 0.0172978 211.422
3 15 0.0240463 211.422
3 15 0.0299073 211.422
3 15 0.0176277 211.422
3 15 0.0179366 211.422
3 15 0.0182887 211.422
3 15 0.0205489 211.422
3 15 0.0228538 211.422
3 15 0.0302993 211.422
3 15 0.0196479 211.422
3 15 0.0293003 211.422
2 15 0.0254993 -5.19097e-16
2 15 0.0311967 -5.19097e-16
3 15 0.0212772 211.422
3 15 0.0195489 211.422
3 15 0.0252972 211.422
3 15 0.0181489 211.422
3 15 0.0253403 211.422
3 15 0.0167594 211.422
3 15 0.0271885 211.422
3 15 0.0266488 211.422
3 15 0.0219733 211.422
3 15 0.0196233 211.422
3 15 0.021952 211.422
3 15 0.0237931 211.422
3 15 0.0176697 211.422
3 15 0.0209563 211.422
3 15 0.017447 211.422
3 15 0.0203399 211.422
3 15 0.0201961 211.422
3 15 0.0285939 211.422
3 15 0.0171622 211.422
3 15 0.0217363 211.422
3 15 0.016465 211.422
3 15 0.0184429 211.422
3 15 0.0204233 211.422
3 15 0.0181768 211.422
3 15 0.0180863 211.422
3 15 0.0243953 211.422
3 15 0.0314773 211.422
3 15 0.0273114 211.422
3 15 0.0226638 211.422
3 15 0.025413 211.422
3 15 0.027908 211.422
3 15 0.0172533 211.422
3 15 0.0284759 211.422
3 15 0.0173014 211.422
3 15 0.0290199 211.422
3 15 0.0179654 211.422
4 15 0.0178731 9.99521
3 15 0.0246872 211.422
4 15 0.0240819 9.99521
4 15 0.0182205 9.99521
4 15 0.0221956 9.99521
4 15 0.0182994 9.99521
4 15 0.0211357 9.99521
4 15 0.0239937 9.99521
4 15 0.024145 9.99521
3 15 0.0202232 211.422
4 15 0.0169651 9.99521
4 15 0.0276753 9.99521
4 15 0.0267966 9.99521
4 15 0.0248907 9.99521
4 15 0.0186778 9.99521
4 15 0.0244494 9.99521
4 15 0.0197791 9.99521
4 15 0.0236915 9.99521
4 15 0.0184005 9.99521
4 15 0.0242423 9.99521
4 15 0.0209908 9.99521
4 15 0.0310539 9.99521
4 15 0.0281728 9.99521
4 15 0.0124495 9.99521
4 15 0.0193157 9.99521
4 15 0.0278852 9.99521
4 15 0.0242694 9.99521
4 15 0.0181865 9.99521
4 15 0.0178898 9.99521
4 15 0.025534 9.99521
4 15 0.0224204 9.99521
4 15 0.0234726 9.99521
4 15 0.0290111 9.99521
4 15 0.0176615 9.99521
4 15 0.0166554 9.99521
4 15 0.0256009 9.99521
4 15 0.0172569 9.99521
4 15 0.0183854 9.99521
4 15 0.0167772 9.99521
4 15 0.0166175 9.99521
4 15 0.0240928 9.99521
4 15 0.0223861 9.99521
4 15 0.0236963 9.99521
4 15 0.0197383 9.99521
4 15 0.0249363 9.99521
4 15 0.0195813 9.99521
4 15 0.0273965 9.99521
4 15 0.0231801 9.99521
4 15 0.023455 9.99521
4 15 0.0290771 9.99521
4 15 0.0240372 9.99521
4 15 0.019644 9.99521
5 15 3.40091 25.0222
5 15 3.36927 25.0222
5 15 3.36211 25.0222
5 15 3.36195 25.0222
5 15 3.37868 25.0222
5 15 3.38185 25.0222
5 15 3.37184 25.0222
5 15 3.37514 25.0222
5 15 3.36457 25.0222
5 15 3.36555 25.0222
5 15 3.35711 25.0222
5 15 3.35984 25.0222
5 15 3.35327 25.0222
5 15 3.35968 25.0222
5 15 3.37529 25.0222
5 15 3.38953 25.0222
5 15 3.37046 25.0222
5 15 3.36267 25.0222
5 15 3.35854 25.0222
5 15 3.37426 25.0222
5 15 3.35944 25.0222
5 15 3.37438 25.0222
5 15 3.35396 25.0222
5 15 3.36084 25.0222
5 15 3.36848 25.0222
5 15 3.3644 25.0222
5 15 3.37347 25.0222
5 15 3.36027 25.0222
5 15 3.37219 25.0222
5 15 3.38301 25.0222
5 15 3.35378 25.0222
5 15 3.36231 25.0222
5 15 3.35789 25.0222
5 15 3.36823 25.0222
5 15 3.38158 25.0222
5 15 3.36105 25.0222
5 15 3.35746 25.0222
5 15 3.3629 25.0222
5 15 3.37151 25.0222
5 15 3.37393 25.0222
5 15 3.38509 25.0222
5 15 3.36683 25.0222
5 15 3.36337 25.0222
5 15 3.37336 25.0222
5 15 3.36552 25.0222
5 15 3.36072 25.0222
5 15 3.36685 25.0222
5 15 3.39361 25.0222
0 16 0.0132631 2.04198
0 16 0.0175144 2.04198
0 16 0.0146311 2.04198
0 16 0.0122018 2.04198
0 16 0.0137383 2.04198
0 16 0.0129442 2.04198
0 16 0.0154682 2.04198
0 16 0.0149871 2.04198
0 16 0.0162735 2.04198
0 16 0.0133865 2.04198
0 16 0.0150132 2.04198
0 16 0.0152632 2.04198
0 16 0.0186533 2.04198
0 16 0.0153225 2.04198
0 16 0.0134414 2.04198
0 16 0.0167432 2.04198
0 16 0.0114221 2.04198
0 16 0.0125769 2.04198
0 16 0.0141986 2.04198
0 16 0.0166801 2.04198
0 16 0.0164189 2.04198
0 16 0.0201836 2.04198
0 16 0.0163643 2.04198
0 16 0.0155168 2.04198
0 16 0.0192519 2.04198
0 16 0.015603 2.04198
0 16 0.0163354 2.04198
0 16 0.0199049 2.04198
0 16 0.0212563 2.04198
0 16 0.0177518 2.04198
0 16 0.0213657 2.04198
0 16 0.0121893 2.04198
0 16 0.0171704 2.04198
0 16 0.023502 2.04198
0 16 0.0155803 2.04198
0 16 0.0165559 2.04198
0 16 0.0147331 2.04198
0 16 0.0156406 2.04198
0 16 0.0216027 2.04198
0 16 0.0160401 2.04198
0 16 0.0184888 2.04198
0 16 0.0161391 2.04198
0 16 0.01459 2.04198
0 16 0.0111988 2.04198
0 16 0.0162349 2.04198
0 16 0.0189788 2.04198
0 16 0.0148646 2.04198
0 16 0.0149498 2.04198
0 16 0.0154058 2.04198
0 16 0.0150531 2.04198
0 16 0.0170852 2.04198
0 16 0.0176429 2.04198
0 16 0.0167297 2.04198
0 16 0.0172927 2.04198
0 16 0.0162562 2.04198
0 16 0.0150896 2.04198
0 16 0.0203199 2.04198
0 16 0.0193403 2.04198
0 16 0.0144654 2.04198
0 16 0.0254064 2.04198
0 16 0.016421 2.04198
0 16 0.015406 2.04198
0 16 0.0183232 2.04198
0 16 0.0213986 2.04198
0 16 0.0178963 2.04198
0 16 0.021661 2.04198
0 16 0.015009 2.04198
0 16 0.01651 2.04198
0 16 0.0174488 2.04198
0 16 0.0193271 2.04198
0 16 0.0177572 2.04198
0 16 0.0246073 2.04198
0 16 0.0157114 2.04198
0 16 0.0145676 2.04198
0 16 0.0161773 2.04198
0 16 0.0153018 2.04198
0 16 0.016185 2.04198
0 16 0.0188009 2.04198
0 16 0.0197438 2.04198
0 16 0.0175164 2.04198
0 16 0.0151253 2.04198
0 16 0.0173861 2.04198
0 16 0.0204925 2.04198
0 16 0.0219572 2.04198
0 16 0.02153 2.04198
0 16 0.0166468 2.04198
0 16 0.0180595 2.04198
0 16 0.016483 2.04198
0 16 0.0172206 2.04198
0 16 0.0162715 2.04198
0 16 0.024127 2.04198
0 16 0.0137503 2.04198
0 16 0.0175984 2.04198
1 16 0.0196707 16.6522
0 16 0.0135464 2.04198
0 16 0.0139894 2.04198
0 16 0.0139398 2.04198
0 16 0.0196095 2.04198
0 16 0.016162 2.04198
0 16 0.0204212 2.04198
1 16 0.0182584 16.6522
1 16 0.0192796 16.6522
0 16 0.0218983 2.04198
1 16 0.0201005 16.6522
1 16 0.0184351 16.6522
1 16 0.0190941 16.6522
1 16 0.0191035 16.6522
1 16 0.0192411 16.6522
1 16 0.0181471 16.6522
1 16 0.0196215 16.6522
1 16 0.0213116 16.6522
1 16 0.0184908 16.6522
1 16 0.0198388 16.6522
1 16 0.0218912 16.6522
1 16 0.0203563 16.6522
1 16 0.0219665 16.6522
1 16 0.0224211 16.6522
1 16 0.0183306 16.6522
1 16 0.0195454 16.6522
1 16 0.0217109 16.6522
1 16 0.0228709 16.6522
1 16 0.0185767 16.6522
1 16 0.0202851 16.6522
1 16 0.0202043 16.6522
1 16 0.0193502 16.6522
1 16 0.0199835 16.6522
1 16 0.0211854 16.6522
1 16 0.0197317 16.6522
1 16 0.0196811 16.6522
1 16 0.0203468 16.6522
1 16 0.0232152 16.6522
1 16 0.0183208 16.6522
1 16 0.0180051 16.6522
1 16 0.0182834 16.6522
1 16 0.0208524 16.6522
1 16 0.0221215 16.6522
1 16 0.021603 16.6522
1 16 0.0198519 16.6522
1 16 0.0213374 16.6522
1 16 0.0172061 16.6522
1 16 0.0226451 16.6522
1 16 0.0203018 16.6522
1 16 0.0198959 16.6522
1 16 0.0203367 16.6522
1 16 0.0186243 16.6522
1 16 0.0196477 16.6522
1 16 0.0205349 16.6522
2 16 0.0299175 -5.19097e-16
2 16 0.0356178 -5.19097e-16
2 16 0.0349451 -5.19097e-16
2 16 0.0254681 -5.19097e-16
2 16 0.0237512 -5.19097e-16
2 16 0.0235815 -5.19097e-16
2 16 0.0328299 -5.19097e-16
1 16 0.0207752 16.6522
2 16 0.0249609 -5.19097e-16
1 16 0.0217575 16.6522
2 16 0.0230874 -5.19097e-16
2 16 0.0281962 -5.19097e-16
2 16 0.0324543 -5.19097e-16
2 16 0.0344533 -5.19097e-16
2 16 0.0292533 -5.19097e-16
2 16 0.0299864 -5.19097e-16
2 16 0.02982 -5.19097e-16
2 16 0.0304191 -5.19097e-16
2 16 0.0241329 -5.19097e-16
2 16 0.025716 -5.19097e-16
2 16 0.0226733 -5.19097e-16
2 16 0.0241461 -5.19097e-16
2 16 0.0290096 -5.19097e-16
2 16 0.0278652 -5.19097e-16
2 16 0.0272707 -5.19097e-16
2 16 0.0260965 -5.19097e-16
2 16 0.0241441 -5.19097e-16
2 16 0.0220656 -5.19097e-16
2 16 0.028719 -5.19097e-16
2 16 0.033393 -5.19097e-16
2 16 0.0220242 -5.19097e-16
2 16 0.0235658 -5.19097e-16
2 16 0.0242167 -5.19097e-16
2 16 0.0352991 -5.19097e-16
2 16 0.0261734 -5.19097e-16
2 16 0.0284114 -5.19097e-16
2 16 0.0370994 -5.19097e-16
2 16 0.0242322 -5.19097e-16
2 16 0.030337 -5.19097e-16
2 16 0.037728 -5.19097e-16
2 16 0.0288978 -5.19097e-16
2 16 0.0257667 -5.19097e-16
2 16 0.0240784 -5.19097e-16
3 16 0.0231509 211.422
3 16 0.0291916 211.422
2 16 0.026523 -5.19097e-16
2 16 0.0234937 -5.19097e-16
2 16 0.0237862 -5.19097e-16
2 16 0.0249603 -5.19097e-16
2 16 0.025368 -5.19097e-16
2 16 0.0228098 -5.19097e-16
2 16 0.0364634 -5.19097e-16
2 16 0.0322391 -5.19097e-16
3 16 0.020128 211.422
3 16 0.0273959 211.422
3 16 0.0176358 211.422
3 16 0.029298 211.422
3 16 0.0311474 211.422
3 16 0.0215362 211.422
3 16 0.0286003 211.422
3 16 0.0292587 211.422
3 16 0.0193686 211.422
3 16 0.0186973 211.422
3 16 0.0174637 211.422
3 16 0.0307988 211.422
3 16 0.0300015 211.422
3 16 0.0188728 211.422
3 16 0.0183502 211.422
3 16 0.0176258 211.422
3 16 0.0201367 211.422
3 16 0.021458 211.422
3 16 0.0179576 211.422
3 16 0.0304131 211.422
3 16 0.0182235 211.422
3 16 0.0209024 211.422
3 16 0.0178828 211.422
3 16 0.0265106 211.422
3 16 0.0281575 211.422
3 16 0.0187797 211.422
3 16 0.0182357 211.422
3 16 0.0246165 211.422
3 16 0.0190039 211.422
3 16 0.0249881 211.422
3 16 0.0277657 211.422
3 16 0.0233423 211.422
3 16 0.0205576 211.422
3 16 0.0166222 211.422
3 16 0.0169344 211.422
3 16 0.0296709 211.422
3 16 0.0292957 211.422
3 16 0.0177908 211.422
4 16 0.0165726 9.99521
4 16 0.0192536 9.99521
3 16 0.0327574 211.422
3 16 0.020033 211.422
4 16 0.0204214 9.99521
3 16 0.0172542 211.422
3 16 0.0208937 211.422
3 16 0.0242198 211.422
4 16 0.0230681 9.99521
3 16 0.0183337 211.422
3 16 0.0292537 211.422
4 16 0.0260495 9.99521
3 16 0.0195789 211.422
4 16 0.0191688 9.99521
3 16 0.0294122 211.422
4 16 0.0133023 9.99521
4 16 0.0271905 9.99521
4 16 0.024246 9.99521
4 16 0.0245205 9.99521
4 16 0.0177929 9.99521
4 16 0.0177252 9.99521
4 16 0.0220038 9.99521
4 16 0.0159649 9.99521
4 16 0.0148185 9.99521
4 16 0.0161257 9.99521
4 16 0.0241914 9.99521
4 16 0.0188882 9.99521
4 16 0.0192464 9.99521
4 16 0.0214371 9.99521
4 16 0.0236694 9.99521
4 16 0.0242627 9.99521
4 16 0.0240642 9.99521
4 16 0.0176888 9.99521
4 16 0.0236156 9.99521
4 16 0.0263896 9.99521
4 16 0.0254048 9.99521
4 16 0.0181686 9.99521
4 16 0.0214503 9.99521
4 16 0.0192805 9.99521
4 16 0.0202332 9.99521
4 16 0.0232941 9.99521
4 16 0.02498 9.99521
4 16 0.0176235 9.99521
4 16 0.017145 9.99521
4 16 0.0245847 9.99521
4 16 0.0202655 9.99521
4 16 0.0237466 9.99521
4 16 0.0264499 9.99521
4 16 0.0253153 9.99521
4 16 0.0242327 9.99521
4 16 0.0182166 9.99521
4 16 0.0184116 9.99521
4 16 0.032146 9.99521
4 16 0.0209159 9.99521
4 16 0.0271597 9.99521
4 16 0.0178515 9.99521
4 16 0.0325621 9.99521
4 16 0.0193201 9.99521
4 16 0.0235482 9.99521
5 16 3.36845 25.0222
5 16 3.36343 25.0222
5 16 3.41375 25.0222
5 16 3.35965 25.0222
5 16 3.36823 25.0222
5 16 3.3771 25.0222
5 16 3.38799 25.0222
5 16 3.35341 25.0222
5 16 3.36734 25.0222
5 16 3.40764 25.0222
5 16 3.39232 25.0222
5 16 3.35798 25.0222
5 16 3.38099 25.0222
5 16 3.35587 25.0222
5 16 3.3692 25.0222
5 16 3.35999 25.0222
5 16 3.36607 25.0222
5 16 3.3701 25.0222
5 16 3.35965 25.0222
5 16 3.35989 25.0222
5 16 3.36298 25.0222
5 16 3.36461 25.0222
5 16 3.36501 25.0222
5 16 3.35557 25.0222
5 16 3.36071 25.0222
5 16 3.3626 25.0222
5 16 3.35631 25.0222
5 16 3.35479 25.0222
5 16 3.36585 25.0222
5 16 3.35813 25.0222
5 16 3.36621 25.0222
5 16 3.35378 25.0222
5 16 3.35655 25.0222
5 16 3.35514 25.0222
5 16 3.36911 25.0222
5 16 3.37432 25.0222
5 16 3.35606 25.0222
5 16 3.36265 25.0222
5 16 3.3604 25.0222
5 16 3.36304 25.0222
5 16 3.37272 25.0222
5 16 3.35855 25.0222
5 16 3.36118 25.0222
5 16 3.39546 25.0222
5 16 3.35024 25.0222
5 16 3.35054 25.0222
5 16 3.36179 25.0222
5 16 3.39571 25.0222
5 16 3.36165 25.0222
5 16 3.36271 25.0222
0 17 0.0222469 2.04198
0 17 0.0156037 2.04198
0 17 0.0189487 2.04198
0 17 0.0160208 2.04198
0 17 0.0161725 2.04198
0 17 0.0193064 2.04198
0 17 0.0128346 2.04198
0 17 0.0196861 2.04198
0 17 0.0161261 2.04198
0 17 0.0144283 2.04198
0 17 0.0149958 2.04198
0 17 0.022311 2.04198
0 17 0.017963 2.04198
0 17 0.0139964 2.04198
0 17 0.0221739 2.04198
0 17 0.0158162 2.04198
0 17 0.0147518 2.04198
0 17 0.0152533 2.04198
0 17 0.0145168 2.04198
0 17 0.0154609 2.04198
0 17 0.0291357 2.04198
0 17 0.0228006 2.04198
0 17 0.0152026 2.04198
0 17 0.0141883 2.04198
0 17 0.0189427 2.04198
0 17 0.015005 2.04198
0 17 0.0159871 2.04198
0 17 0.02183 2.04198
0 17 0.0255387 2.04198
0 17 0.0154629 2.04198
0 17 0.0195496 2.04198
0 17 0.0124785 2.04198
0 17 0.0146047 2.04198
0 17 0.0211282 2.04198
0 17 0.0164705 2.04198
0 17 0.0138957 2.04198
0 17 0.0153737 2.04198
0 17 0.0158331 2.04198
0 17 0.0213013 2.04198
0 17 0.0212154 2.04198
0 17 0.022536 2.04198
0 17 0.0224303 2.04198
0 17 0.0149416 2.04198
0 17 0.0148938 2.04198
0 17 0.0223906 2.04198
0 17 0.0202906 2.04198
0 17 0.0144959 2.04198
0 17 0.0165155 2.04198
0 17 0.0193523 2.04198
0 17 0.0195157 2.04198
0 17 0.0156586 2.04198
0 17 0.018484 2.04198
0 17 0.0236657 2.04198
0 17 0.0202495 2.04198
0 17 0.0129683 2.04198
0 17 0.0204971 2.04198
0 17 0.0203672 2.04198
0 17 0.0169575 2.04198
0 17 0.014946 2.04198
0 17 0.018959 2.04198
0 17 0.0145822 2.04198
0 17 0.0212503 2.04198
0 17 0.0173753 2.04198
0 17 0.0152735 2.04198
0 17 0.0214462 2.04198
0 17 0.0221725 2.04198
0 17 0.0193517 2.04198
0 17 0.0198013 2.04198
0 17 0.0152078 2.04198
0 17 0.0205153 2.04198
0 17 0.0184039 2.04198
0 17 0.019017 2.04198
0 17 0.0215455 2.04198
0 17 0.0163511 2.04198
0 17 0.022596 2.04198
0 17 0.0222758 2.04198
0 17 0.0225241 2.04198
0 17 0.0212582 2.04198
0 17 0.0131732 2.04198
0 17 0.0225444 2.04198
0 17 0.0132653 2.04198
0 17 0.0139772 2.04198
0 17 0.0226796 2.04198
0 17 0.0157674 2.04198
0 17 0.0145056 2.04198
0 17 0.0225968 2.04198
0 17 0.0143386 2.04198
0 17 0.0235338 2.04198
0 17 0.0176872 2.04198
0 17 0.0109618 2.04198
0 17 0.0254842 2.04198
0 17 0.0158472 2.04198
0 17 0.0140179 2.04198
0 17 0.0184202 2.04198
0 17 0.0220512 2.04198
0 17 0.0155727 2.04198
0 17 0.0163935 2.04198
0 17 0.019905 2.04198
0 17 0.0149424 2.04198
0 17 0.0188718 2.04198
1 17 0.0175472 16.6509
1 17 0.0167111 16.6509
1 17 0.0202866 16.6509
1 17 0.0189423 16.6509
1 17 0.0207911 16.6509
1 17 0.0189493 16.6509
1 17 0.0201713 16.6509
1 17 0.0167403 16.6509
1 17 0.0132249 16.6509
1 17 0.0177711 16.6509
1 17 0.0203175 16.6509
1 17 0.0183978 16.6509
1 17 0.0172772 16.6509
1 17 0.0204257 16.6509
1 17 0.0203905 16.6509
1 17 0.0169751 16.6509
1 17 0.0195423 16.6509
1 17 0.0189266 16.6509
1 17 0.0207217 16.6509
1 17 0.0195242 16.6509
1 17 0.0183222 16.6509
1 17 0.0172369 16.6509
1 17 0.0211529 16.6509
1 17 0.0186074 16.6509
1 17 0.0197987 16.6509
1 17 0.0176998 16.6509
1 17 0.0158636 16.6509
1 17 0.0194286 16.6509
1 17 0.017082 16.6509
1 17 0.0169225 16.6509
1 17 0.0187666 16.6509
1 17 0.0219942 16.6509
1 17 0.0173838 16.6509
1 17 0.0183593 16.6509
1 17 0.0151377 16.6509
1 17 0.0172685 16.6509
1 17 0.0171027 16.6509
1 17 0.0180373 16.6509
1 17 0.0177331 16.6509
1 17 0.0197918 16.6509
1 17 0.0160331 16.6509
1 17 0.0192793 16.6509
1 17 0.0208146 16.6509
1 17 0.0166742 16.6509
1 17 0.0161121 16.6509
1 17 0.0196637 16.6509
1 17 0.0188375 16.6509
2 17 0.025878 -5.98164e-17
2 17 0.0355422 -5.98164e-17
2 17 0.0253954 -5.98164e-17
2 17 0.0252064 -5.98164e-17
2 17 0.0359709 -5.98164e-17
2 17 0.0287915 -5.98164e-17
2 17 0.0293249 -5.98164e-17
2 17 0.0475511 -5.98164e-17
2 17 0.0352662 -5.98164e-17
2 17 0.0399518 -5.98164e-17
2 17 0.0373864 -5.98164e-17
2 17 0.0250449 -5.98164e-17
2 17 0.035788 -5.98164e-17
2 17 0.0393541 -5.98164e-17
2 17 0.0362934 -5.98164e-17
2 17 0.0383856 -5.98164e-17
2 17 0.0368901 -5.98164e-17
2 17 0.0269738 -5.98164e-17
2 17 0.024585 -5.98164e-17
2 17 0.0247244 -5.98164e-17
2 17 0.0341088 -5.98164e-17
2 17 0.0329123 -5.98164e-17
2 17 0.0312716 -5.98164e-17
2 17 0.0257708 -5.98164e-17
2 17 0.0245846 -5.98164e-17
2 17 0.030906 -5.98164e-17
2 17 0.0290671 -5.98164e-17
2 17 0.0337673 -5.98164e-17
2 17 0.0321531 -5.98164e-17
2 17 0.034167 -5.98164e-17
2 17 0.0338306 -5.98164e-17
2 17 0.0315291 -5.98164e-17
2 17 0.0324065 -5.98164e-17
2 17 0.0267436 -5.98164e-17
2 17 0.0252972 -5.98164e-17
2 17 0.0279699 -5.98164e-17
2 17 0.0279669 -5.98164e-17
2 17 0.0358162 -5.98164e-17
2 17 0.0299369 -5.98164e-17
2 17 0.0458326 -5.98164e-17
2 17 0.0275717 -5.98164e-17
2 17 0.0303421 -5.98164e-17
2 17 0.0303906 -5.98164e-17
2 17 0.0373226 -5.98164e-17
2 17 0.0325604 -5.98164e-17
2 17 0.037242 -5.98164e-17
2 17 0.036569 -5.98164e-17
3 17 0.0155659 211.385
3 17 0.0177621 211.385
3 17 0.0190872 211.385
2 17 0.0387767 -5.98164e-17
3 17 0.0178312 211.385
2 17 0.0329012 -5.98164e-17
3 17 0.0173053 211.385
3 17 0.0179167 211.385
3 17 0.0217208 211.385
3 17 0.0214257 211.385
3 17 0.0172067 211.385
3 17 0.0153382 211.385
3 17 0.0148947 211.385
2 17 0.0268344 -5.98164e-17
3 17 0.0130925 211.385
3 17 0.0176105 211.385
3 17 0.0166965 211.385
3 17 0.0151589 211.385
3 17 0.0184588 211.385
3 17 0.0152638 211.385
3 17 0.0187381 211.385
3 17 0.0183214 211.385
3 17 0.0154502 211.385
3 17 0.0184529 211.385
3 17 0.0177261 211.385
3 17 0.0176144 211.385
3 17 0.0174832 211.385
3 17 0.0184958 211.385
3 17 0.0138979 211.385
3 17 0.0165263 211.385
3 17 0.0153857 211.385
3 17 0.0158926 211.385
3 17 0.0149655 211.385
3 17 0.0167765 211.385
3 17 0.0158415 211.385
3 17 0.0146816 211.385
3 17 0.0173721 211.385
3 17 0.0149015 211.385
3 17 0.018761 211.385
3 17 0.0144449 211.385
3 17 0.0136942 211.385
3 17 0.0189784 211.385
3 17 0.0168749 211.385
3 17 0.0164174 211.385
3 17 0.017399 211.385
3 17 0.0177724 211.385
3 17 0.0163258 211.385
3 17 0.0156549 211.385
3 17 0.0168024 211.385
3 17 0.0175005 211.385
3 17 0.0175428 211.385
3 17 0.01698 211.385
3 17 0.0145247 211.385
1 17 0.0143346 16.6509
4 17 0.015947 9.94585
4 17 0.0154536 9.94585
4 17 0.0242401 9.94585
4 17 0.0257238 9.94585
4 17 0.014579 9.94585
4 17 0.0161314 9.94585
4 17 0.022801 9.94585
4 17 0.0158255 9.94585
4 17 0.0195608 9.94585
4 17 0.0207722 9.94585
4 17 0.0200309 9.94585
4 17 0.0154557 9.94585
4 17 0.015465 9.94585
4 17 0.0241271 9.94585
4 17 0.0197663 9.94585
4 17 0.0165241 9.94585
4 17 0.0252151 9.94585
4 17 0.0153687 9.94585
4 17 0.0225965 9.94585
4 17 0.0153589 9.94585
4 17 0.0159782 9.94585
4 17 0.0209126 9.94585
4 17 0.0161814 9.94585
4 17 0.0222373 9.94585
4 17 0.0220366 9.94585
4 17 0.0154658 9.94585
4 17 0.022001 9.94585
4 17 0.0190581 9.94585
4 17 0.0252348 9.94585
4 17 0.0249265 9.94585
4 17 0.024629 9.94585
4 17 0.0206993 9.94585
4 17 0.0182832 9.94585
4 17 0.0188567 9.94585
4 17 0.0167045 9.94585
4 17 0.016842 9.94585
4 17 0.017372 9.94585
4 17 0.0149096 9.94585
4 17 0.0162437 9.94585
4 17 0.0239672 9.94585
4 17 0.0200198 9.94585
4 17 0.0152896 9.94585
4 17 0.0239662 9.94585
4 17 0.0153132 9.94585
4 17 0.0172625 9.94585
4 17 0.0169805 9.94585
4 17 0.0193953 9.94585
4 17 0.0154859 9.94585
4 17 0.0198879 9.94585
5 17 2.8132 25.0222
5 17 2.82511 25.0222
5 17 2.8103 25.0222
5 17 2.81319 25.0222
5 17 2.81097 25.0222
5 17 2.81305 25.0222
5 17 2.80128 25.0222
5 17 2.81293 25.0222
5 17 2.8 25.0222
5 17 2.80078 25.0222
5 17 2.80506 25.0222
5 17 2.80534 25.0222
5 17 2.80444 25.0222
5 17 2.79487 25.0222
5 17 2.80062 25.0222
5 17 2.79817 25.0222
5 17 2.80183 25.0222
5 17 2.79912 25.0222
5 17 2.79684 25.0222
5 17 2.79193 25.0222
5 17 2.80028 25.0222
5 17 2.79416 25.0222
5 17 2.80318 25.0222
5 17 2.79869 25.0222
5 17 2.79715 25.0222
5 17 2.8031 25.0222
5 17 2.80555 25.0222
5 17 2.8052 25.0222
5 17 2.81062 25.0222
5 17 2.79478 25.0222
5 17 2.79756 25.0222
5 17 2.80646 25.0222
5 17 2.81596 25.0222
5 17 2.79467 25.0222
5 17 2.82703 25.0222
5 17 2.80675 25.0222
5 17 2.80923 25.0222
5 17 2.80057 25.0222
5 17 2.8116 25.0222
5 17 2.79483 25.0222
5 17 2.80629 25.0222
5 17 2.80391 25.0222
5 17 2.80222 25.0222
5 17 2.80042 25.0222
5 17 2.79912 25.0222
5 17 2.81206 25.0222
5 17 2.79641 25.0222
5 17 2.81328 25.0222
5 17 2.8088 25.0222
5 15 3.35896 25.0222
0 32 0.0125201 2.04198
0 32 0.0116257 2.04198
0 32 0.020629 2.04198
0 32 0.0143587 2.04198
0 32 0.01783 2.04198
0 32 0.0107878 2.04198
0 32 0.0103727 2.04198
0 32 0.0192678 2.04198
0 32 0.0121132 2.04198
0 32 0.0132807 2.04198
0 32 0.0158443 2.04198
0 32 0.0138261 2.04198
0 32 0.0138951 2.04198
0 32 0.0104306 2.04198
0 32 0.0144581 2.04198
0 32 0.0116099 2.04198
0 32 0.0108611 2.04198
0 32 0.00814375 2.04198
0 32 0.012927 2.04198
0 32 0.0180561 2.04198
0 32 0.0183299 2.04198
0 32 0.0150352 2.04198
0 32 0.0104955 2.04198
0 32 0.014467 2.04198
0 32 0.0125222 2.04198
0 32 0.00844979 2.04198
0 32 0.011907 2.04198
0 32 0.0098525 2.04198
0 32 0.0176737 2.04198
0 32 0.0157036 2.04198
0 32 0.0111318 2.04198
0 32 0.0182563 2.04198
0 32 0.0181268 2.04198
0 32 0.0152713 2.04198
0 32 0.0158224 2.04198
0 32 0.0120474 2.04198
0 32 0.00936311 2.04198
0 32 0.011569 2.04198
0 32 0.016189 2.04198
0 32 0.0162243 2.04198
0 32 0.0173185 2.04198
0 32 0.0111891 2.04198
0 32 0.0183173 2.04198
0 32 0.013351 2.04198
0 32 0.0130919 2.04198
0 32 0.0163005 2.04198
0 32 0.0107769 2.04198
0 32 0.0123474 2.04198
0 32 0.0156359 2.04198
0 32 0.0145369 2.04198
0 32 0.0185399 2.04198
0 32 0.0127794 2.04198
0 32 0.0165178 2.04198
0 32 0.0110063 2.04198
0 32 0.0125475 2.04198
0 32 0.010331 2.04198
0 32 0.0159375 2.04198
0 32 0.0133693 2.04198
0 32 0.0108444 2.04198
0 32 0.0187529 2.04198
0 32 0.0137555 2.04198
0 32 0.0120263 2.04198
0 32 0.0162805 2.04198
0 32 0.0170805 2.04198
0 32 0.0102374 2.04198
0 32 0.0103075 2.04198
0 32 0.011308 2.04198
0 32 0.0207048 2.04198
0 32 0.0158214 2.04198
0 32 0.00893293 2.04198
0 32 0.01023 2.04198
0 32 0.0117628 2.04198
0 32 0.0145244 2.04198
0 32 0.0101152 2.04198
0 32 0.0162492 2.04198
0 32 0.0150035 2.04198
0 32 0.0169601 2.04198
0 32 0.0167827 2.04198
0 32 0.0184706 2.04198
0 32 0.0164993 2.04198
0 32 0.0128597 2.04198
0 32 0.0137905 2.04198
0 32 0.0148151 2.04198
0 32 0.0143122 2.04198
0 32 0.0103399 2.04198
0 32 0.0101815 2.04198
0 32 0.0137402 2.04198
0 32 0.0188417 2.04198
0 32 0.0158411 2.04198
0 32 0.0108824 2.04198
0 32 0.0130677 2.04198
0 32 0.0193328 2.04198
0 32 0.0126224 2.04198
0 32 0.0101763 2.04198
0 32 0.0129496 2.04198
0 32 0.010231 2.04198
0 32 0.0168306 2.04198
0 32 0.0119489 2.04198
0 32 0.0167076 2.04198
1 32 0.0128552 16.6519
1 32 0.0127088 16.6519
1 32 0.0115275 16.6519
1 32 0.0129092 16.6519
1 32 0.0136832 16.6519
0 32 0.0176353 2.04198
1 32 0.0143887 16.6519
1 32 0.0134696 16.6519
1 32 0.0123722 16.6519
1 32 0.0132264 16.6519
1 32 0.0138168 16.6519
1 32 0.0114859 16.6519
1 32 0.0152098 16.6519
1 32 0.0135573 16.6519
1 32 0.0100674 16.6519
1 32 0.0132107 16.6519
1 32 0.0123022 16.6519
1 32 0.0119289 16.6519
1 32 0.013326 16.6519
1 32 0.0124611 16.6519
1 32 0.0117729 16.6519
1 32 0.0103112 16.6519
1 32 0.0129326 16.6519
1 32 0.0146437 16.6519
1 32 0.0126748 16.6519
1 32 0.0152301 16.6519
1 32 0.0144921 16.6519
1 32 0.0135476 16.6519
1 32 0.0140602 16.6519
1 32 0.0156652 16.6519
1 32 0.0143306 16.6519
1 32 0.0131437 16.6519
1 32 0.0131375 16.6519
1 32 0.0131188 16.6519
1 32 0.0147105 16.6519
1 32 0.0124346 16.6519
1 32 0.0139349 16.6519
1 32 0.015147 16.6519
1 32 0.00870673 16.6519
1 32 0.0154003 16.6519
1 32 0.0115463 16.6519
1 32 0.00946132 16.6519
1 32 0.0133485 16.6519
2 32 0.0219957 -4.03196e-16
1 32 0.0128341 16.6519
1 32 0.012495 16.6519
2 32 0.025319 -4.03196e-16
1 32 0.0134709 16.6519
1 32 0.0131098 16.6519
2 32 0.0253034 -4.03196e-16
2 32 0.0237897 -4.03196e-16
1 32 0.0116445 16.6519
2 32 0.026165 -4.03196e-16
1 32 0.0120213 16.6519
2 32 0.0169103 -4.03196e-16
2 32 0.018593 -4.03196e-16
1 32 0.0146409 16.6519
2 32 0.0212427 -4.03196e-16
2 32 0.0214791 -4.03196e-16
2 32 0.0186821 -4.03196e-16
2 32 0.0212934 -4.03196e-16
2 32 0.0262597 -4.03196e-16
2 32 0.0249925 -4.03196e-16
2 32 0.0217865 -4.03196e-16
2 32 0.0253163 -4.03196e-16
2 32 0.020258 -4.03196e-16
2 32 0.0270395 -4.03196e-16
2 32 0.0191981 -4.03196e-16
2 32 0.0209357 -4.03196e-16
2 32 0.026655 -4.03196e-16
2 32 0.0249806 -4.03196e-16
2 32 0.0236446 -4.03196e-16
2 32 0.0249936 -4.03196e-16
2 32 0.024224 -4.03196e-16
2 32 0.0203992 -4.03196e-16
2 32 0.02796 -4.03196e-16
2 32 0.0246156 -4.03196e-16
2 32 0.0269633 -4.03196e-16
2 32 0.0186976 -4.03196e-16
2 32 0.0198017 -4.03196e-16
2 32 0.0287024 -4.03196e-16
2 32 0.0184679 -4.03196e-16
2 32 0.0242315 -4.03196e-16
2 32 0.0206709 -4.03196e-16
2 32 0.0252178 -4.03196e-16
2 32 0.0246646 -4.03196e-16
2 32 0.0261804 -4.03196e-16
2 32 0.0242331 -4.03196e-16
2 32 0.0187328 -4.03196e-16
2 32 0.0276349 -4.03196e-16
2 32 0.0256502 -4.03196e-16
2 32 0.024453 -4.03196e-16
2 32 0.0228588 -4.03196e-16
2 32 0.024365 -4.03196e-16
2 32 0.0286459 -4.03196e-16
3 32 0.0116291 211.098
2 32 0.0189592 -4.03196e-16
2 32 0.0192931 -4.03196e-16
3 32 0.00824477 211.098
2 32 0.0256085 -4.03196e-16
3 32 0.0130623 211.098
3 32 0.0123418 211.098
3 32 0.011941 211.098
3 32 0.0149842 211.098
3 32 0.0125584 211.098
3 32 0.0130826 211.098
3 32 0.0111502 211.098
3 32 0.0132781 211.098
3 32 0.00831553 211.098
3 32 0.0116079 211.098
3 32 0.0129697 211.098
3 32 0.0136788 211.098
3 32 0.0130229 211.098
3 32 0.011476 211.098
3 32 0.0129899 211.098
3 32 0.0113531 211.098
3 32 0.0132029 211.098
3 32 0.0128643 211.098
3 32 0.0105026 211.098
3 32 0.0119112 211.098
3 32 0.01488 211.098
3 32 0.0134465 211.098
3 32 0.0143361 211.098
3 32 0.0124307 211.098
3 32 0.0114575 211.098
3 32 0.012828 211.098
3 32 0.0131878 211.098
3 32 0.011898 211.098
3 32 0.0143137 211.098
3 32 0.0143953 211.098
3 32 0.0124061 211.098
3 32 0.0129612 211.098
3 32 0.0149281 211.098
3 32 0.0133435 211.098
3 32 0.014117 211.098
3 32 0.0130664 211.098
3 32 0.0128406 211.098
3 32 0.0135315 211.098
3 32 0.0139688 211.098
3 32 0.0124439 211.098
3 32 0.0135943 211.098
3 32 0.0117742 211.098
3 32 0.0133534 211.098
3 32 0.0139338 211.098
3 32 0.0119278 211.098
4 32 0.00990857 9.98959
4 32 0.0100504 9.98959
4 32 0.0111511 9.98959
3 32 0.0132942 211.098
4 32 0.0100918 9.98959
4 32 0.010981 9.98959
4 32 0.0114902 9.98959
4 32 0.0100173 9.98959
4 32 0.0124045 9.98959
4 32 0.00994471 9.98959
4 32 0.0103301 9.98959
4 32 0.0102831 9.98959
4 32 0.0106463 9.98959
4 32 0.0105478 9.98959
4 32 0.00995344 9.98959
4 32 0.00743414 9.98959
3 32 0.00821206 211.098
4 32 0.00899966 9.98959
4 32 0.0108482 9.98959
4 32 0.00674903 9.98959
4 32 0.00937131 9.98959
4 32 0.008591 9.98959
4 32 0.0102488 9.98959
4 32 0.0109298 9.98959
4 32 0.0103232 9.98959
4 32 0.0106885 9.98959
4 32 0.0100564 9.98959
4 32 0.00982409 9.98959
4 32 0.010364 9.98959
4 32 0.0100803 9.98959
4 32 0.00993028 9.98959
4 32 0.0127488 9.98959
4 32 0.0102782 9.98959
4 32 0.0066317 9.98959
4 32 0.00894487 9.98959
4 32 0.0105754 9.98959
4 32 0.0100697 9.98959
4 32 0.0105495 9.98959
4 32 0.0110852 9.98959
4 32 0.010036 9.98959
4 32 0.0105066 9.98959
4 32 0.0102223 9.98959
4 32 0.006368 9.98959
4 32 0.0101571 9.98959
4 32 0.0112764 9.98959
4 32 0.00910153 9.98959
4 32 0.0119672 9.98959
4 32 0.00939448 9.98959
4 32 0.0110381 9.98959
4 32 0.00924619 9.98959
4 32 0.0108088 9.98959
4 32 0.0108206 9.98959
5 32 1.68764 25.0222
5 32 1.69153 25.0222
5 32 1.69255 25.0222
5 32 1.69442 25.0222
5 32 1.69285 25.0222
5 32 1.6857 25.0222
5 32 1.6904 25.0222
5 32 1.69485 25.0222
5 32 1.68778 25.0222
5 32 1.68123 25.0222
5 32 1.69028 25.0222
5 32 1.6929 25.0222
5 32 1.69063 25.0222
5 32 1.69125 25.0222
5 32 1.68259 25.0222
5 32 1.68086 25.0222
5 32 1.69194 25.0222
5 32 1.68906 25.0222
5 32 1.69348 25.0222
5 32 1.71398 25.0222
5 32 1.69437 25.0222
5 32 1.693 25.0222
5 32 1.6846 25.0222
5 32 1.68849 25.0222
5 32 1.70653 25.0222
5 32 1.68268 25.0222
5 32 1.68517 25.0222
5 32 1.68627 25.0222
5 32 1.68762 25.0222
5 32 1.67994 25.0222
5 32 1.68823 25.0222
5 32 1.7009 25.0222
5 32 1.68917 25.0222
5 32 1.68901 25.0222
5 32 1.68589 25.0222
5 32 1.68831 25.0222
5 32 1.69023 25.0222
5 32 1.72251 25.0222
5 32 1.68646 25.0222
5 32 1.71449 25.0222
5 32 1.6861 25.0222
5 32 1.69235 25.0222
5 32 1.73442 25.0222
5 32 1.68967 25.0222
5 32 1.68734 25.0222
5 32 1.69241 25.0222
5 32 1.69032 25.0222
5 32 1.68721 25.0222
5 32 1.6894 25.0222
5 32 1.68909 25.0222
0 33 0.0110114 2.04198
0 33 0.0140658 2.04198
0 33 0.011086 2.04198
0 33 0.0147927 2.04198
0 33 0.0089256 2.04198
0 33 0.0185749 2.04198
0 33 0.00956187 2.04198
0 33 0.015091 2.04198
0 33 0.0100627 2.04198
0 33 0.0105143 2.04198
0 33 0.0136706 2.04198
0 33 0.0105289 2.04198
0 33 0.0163971 2.04198
0 33 0.0158409 2.04198
0 33 0.0146597 2.04198
0 33 0.0139691 2.04198
0 33 0.0168892 2.04198
0 33 0.0113393 2.04198
0 33 0.0143188 2.04198
0 33 0.0101727 2.04198
0 33 0.0156209 2.04198
0 33 0.0162612 2.04198
0 33 0.0128483 2.04198
0 33 0.0203384 2.04198
0 33 0.0105665 2.04198
0 33 0.0108103 2.04198
0 33 0.0109658 2.04198
0 33 0.0127189 2.04198
0 33 0.0155218 2.04198
0 33 0.0149101 2.04198
0 33 0.0182829 2.04198
0 33 0.0141581 2.04198
0 33 0.0142292 2.04198
0 33 0.014514 2.04198
0 33 0.0159016 2.04198
0 33 0.0166636 2.04198
0 33 0.0162294 2.04198
0 33 0.0168779 2.04198
0 33 0.0125877 2.04198
0 33 0.0142774 2.04198
0 33 0.0136038 2.04198
0 33 0.0135439 2.04198
0 33 0.0141853 2.04198
0 33 0.0106212 2.04198
0 33 0.0162731 2.04198
0 33 0.0113923 2.04198
0 33 0.0101535 2.04198
0 33 0.0143222 2.04198
0 33 0.0160008 2.04198
0 33 0.0107122 2.04198
0 33 0.010517 2.04198
0 33 0.0172479 2.04198
0 33 0.0142708 2.04198
0 33 0.00958897 2.04198
0 33 0.018977 2.04198
0 33 0.0144223 2.04198
0 33 0.0108113 2.04198
0 33 0.0165114 2.04198
0 33 0.0101696 2.04198
0 33 0.015997 2.04198
0 33 0.0172484 2.04198
0 33 0.0142197 2.04198
0 33 0.0139564 2.04198
0 33 0.020532 2.04198
0 33 0.0119573 2.04198
0 33 0.0105257 2.04198
0 33 0.0104362 2.04198
0 33 0.0127558 2.04198
0 33 0.0124553 2.04198
0 33 0.0155774 2.04198
0 33 0.0143261 2.04198
0 33 0.0133819 2.04198
0 33 0.0168163 2.04198
0 33 0.0158521 2.04198
0 33 0.00918229 2.04198
0 33 0.00923777 2.04198
0 33 0.0200429 2.04198
0 33 0.0124978 2.04198
0 33 0.0135863 2.04198
0 33 0.0148455 2.04198
0 33 0.0104456 2.04198
0 33 0.0138419 2.04198
0 33 0.0140291 2.04198
0 33 0.0139299 2.04198
0 33 0.0139832 2.04198
0 33 0.0157713 2.04198
0 33 0.0135838 2.04198
0 33 0.0112377 2.04198
0 33 0.0172318 2.04198
0 33 0.0122705 2.04198
0 33 0.0102977 2.04198
0 33 0.0162835 2.04198
0 33 0.0140855 2.04198
0 33 0.0156043 2.04198
0 33 0.0137013 2.04198
0 33 0.0149319 2.04198
0 33 0.0116132 2.04198
0 33 0.0189609 2.04198
1 33 0.0119567 16.6519
0 31 0.0154349 2.04198
0 31 0.0101037 2.04198
0 31 0.0136803 2.04198
0 31 0.0135997 2.04198
0 31 0.0133678 2.04198
0 31 0.0135683 2.04198
0 31 0.0141092 2.04198
0 31 0.0102024 2.04198
0 31 0.0144653 2.04198
1 33 0.0141271 16.6519
1 33 0.0129028 16.6519
1 33 0.0130302 16.6519
0 31 0.0142575 2.04198
0 31 0.0137136 2.04198
1 33 0.0117353 16.6519
0 31 0.0104314 2.04198
0 31 0.0110111 2.04198
1 33 0.0119254 16.6519
0 31 0.0137825 2.04198
0 31 0.0144135 2.04198
0 31 0.0101891 2.04198
0 31 0.0160534 2.04198
1 33 0.013372 16.6519
0 31 0.0141268 2.04198
0 31 0.0153079 2.04198
0 31 0.0144678 2.04198
1 33 0.0124776 16.6519
1 33 0.0139997 16.6519
1 33 0.0130216 16.6519
0 31 0.0103855 2.04198
0 31 0.0157592 2.04198
0 31 0.0158621 2.04198
0 31 0.0138967 2.04198
0 31 0.0184064 2.04198
0 31 0.015349 2.04198
0 31 0.0166869 2.04198
0 31 0.00624146 2.04198
0 31 0.0132652 2.04198
0 31 0.0188859 2.04198
1 33 0.0131285 16.6519
1 33 0.0130325 16.6519
0 31 0.0173595 2.04198
1 33 0.0115353 16.6519
0 31 0.0158543 2.04198
0 31 0.0104269 2.04198
0 31 0.0144291 2.04198
1 33 0.0104159 16.6519
0 31 0.0113361 2.04198
0 31 0.0162203 2.04198
0 31 0.010928 2.04198
0 33 0.0130109 2.04198
1 33 0.0118773 16.6519
0 31 0.0129353 2.04198
0 31 0.017733 2.04198
1 33 0.0131324 16.6519
0 31 0.0115702 2.04198
0 31 0.0142946 2.04198
0 31 0.0148221 2.04198
1 33 0.0137388 16.6519
0 31 0.0191202 2.04198
0 31 0.0173976 2.04198
1 33 0.0119006 16.6519
0 31 0.0103183 2.04198
0 31 0.0147243 2.04198
1 33 0.0124805 16.6519
0 31 0.0164209 2.04198
0 31 0.0170306 2.04198
0 31 0.0205525 2.04198
0 31 0.0141447 2.04198
1 33 0.0123148 16.6519
0 31 0.010228 2.04198
1 33 0.0137911 16.6519
1 33 0.0131269 16.6519
0 31 0.0211146 2.04198
0 31 0.0162894 2.04198
0 31 0.0208028 2.04198
1 33 0.0122401 16.6519
0 31 0.0120715 2.04198
1 33 0.0133549 16.6519
0 31 0.0143828 2.04198
0 31 0.0107842 2.04198
0 31 0.0110078 2.04198
0 31 0.0148606 2.04198
0 31 0.0109142 2.04198
1 33 0.0111896 16.6519
0 31 0.0108052 2.04198
1 33 0.0124541 16.6519
1 33 0.0131775 16.6519
0 31 0.0137867 2.04198
0 31 0.0159639 2.04198
0 31 0.00606005 2.04198
1 33 0.0133942 16.6519
0 31 0.01519 2.04198
1 33 0.0108187 16.6519
0 31 0.0164567 2.04198
0 31 0.0124151 2.04198
0 31 0.0183656 2.04198
1 33 0.0125446 16.6519
0 31 0.014803 2.04198
0 31 0.014338 2.04198
0 31 0.0140227 2.04198
0 31 0.0130802 2.04198
1 33 0.0132954 16.6519
1 33 0.0145095 16.6519
0 31 0.0103356 2.04198
0 31 0.0158657 2.04198
0 31 0.0163421 2.04198
1 33 0.013 16.6519
0 31 0.0107944 2.04198
0 31 0.0161026 2.04198
0 31 0.00895717 2.04198
0 31 0.0165998 2.04198
0 31 0.0159901 2.04198
0 31 0.00908409 2.04198
0 31 0.0157757 2.04198
0 31 0.0103129 2.04198
1 31 0.00892582 16.6519
0 31 0.0111045 2.04198
0 31 0.0188339 2.04198
0 31 0.0164283 2.04198
1 31 0.0136709 16.6519
0 31 0.0110954 2.04198
0 31 0.0100044 2.04198
0 31 0.00608981 2.04198
1 31 0.0120536 16.6519
1 31 0.0132147 16.6519
1 31 0.0120359 16.6519
1 31 0.0122491 16.6519
0 31 0.00990675 2.04198
0 31 0.0108242 2.04198
1 31 0.0131583 16.6519
1 31 0.0144983 16.6519
1 31 0.014109 16.6519
0 31 0.0104347 2.04198
1 31 0.0106012 16.6519
1 31 0.0133525 16.6519
1 31 0.0116864 16.6519
0 31 0.01066 2.04198
0 31 0.0103774 2.04198
1 33 0.0141276 16.6519
0 31 0.0148623 2.04198
1 31 0.013336 16.6519
0 31 0.00770228 2.04198
1 31 0.0125302 16.6519
1 31 0.010976 16.6519
1 33 0.0125191 16.6519
0 31 0.0157166 2.04198
1 31 0.0146213 16.6519
1 31 0.0117889 16.6519
1 31 0.00929229 16.6519
0 31 0.0112436 2.04198
1 33 0.0143347 16.6519
1 31 0.0124068 16.6519
1 31 0.0125757 16.6519
1 31 0.0112218 16.6519
0 31 0.0108301 2.04198
1 31 0.0107141 16.6519
1 31 0.0078847 16.6519
1 31 0.0121161 16.6519
1 31 0.0133541 16.6519
1 31 0.0136502 16.6519
1 31 0.0112321 16.6519
1 31 0.0136436 16.6519
1 33 0.0115147 16.6519
1 31 0.0123452 16.6519
1 31 0.0143982 16.6519
1 31 0.0150136 16.6519
1 31 0.0111666 16.6519
1 31 0.0116993 16.6519
1 31 0.0115074 16.6519
1 31 0.0117467 16.6519
1 31 0.0131041 16.6519
1 33 0.0132044 16.6519
1 31 0.014057 16.6519
1 31 0.0130995 16.6519
2 31 0.0271294 -4.03196e-16
1 33 0.0102013 16.6519
2 31 0.0243177 -4.03196e-16
2 31 0.0254335 -4.03196e-16
2 31 0.0191007 -4.03196e-16
1 31 0.0120214 16.6519
2 31 0.0253007 -4.03196e-16
2 31 0.023948 -4.03196e-16
1 31 0.0135557 16.6519
2 31 0.026085 -4.03196e-16
1 31 0.0132157 16.6519
e-16
2 31 0.0200941 -4.03196e-16
1 31 0.0129174 16.6519
2 31 0.0177583 -4.03196e-16
1 31 0.0133789 16.6519
2 31 0.0211971 -4.03196e-16
1 31 0.0150811 16.6519
1 31 0.0137906 16.6519
1 31 0.0107662 16.6519
1 31 0.0165249 16.6519
1 31 0.0154264 16.6519
2 31 0.0252088 -4.03196e-16
1 31 0.0132961 16.6519
2 31 0.0191686 -4.03196e-16
2 31 0.0177247 -4.03196e-16
2 31 0.0243328 -4.03196e-16
2 31 0.0255532 -4.03196e-16
2 31 0.0272858 -4.03196e-16
1 31 0.0147288 16.6519
2 31 0.0224149 -4.03196e-16
1 33 0.0142152 16.6519
2 31 0.0257862 -4.03196e-16
2 31 0.0234543 -4.03196e-16
2 31 0.0262859 -4.03196e-16
2 31 0.0237303 -4.03196e-16
2 31 0.0260875 -4.03196e-16
2 31 0.0179815 -4.03196e-16
2 31 0.0176981 -4.03196e-16
2 31 0.020158 -4.03196e-16
1 33 0.0131226 16.6519
2 31 0.0167385 -4.03196e-16
2 31 0.0219355 -4.03196e-16
1 33 0.0117766 16.6519
2 31 0.0266238 -4.03196e-16
2 31 0.0202701 -4.03196e-16
2 31 0.0268441 -4.03196e-16
2 31 0.0243182 -4.03196e-16
2 31 0.0256711 -4.03196e-16
2 31 0.02391 -4.03196e-16
2 31 0.025137 -4.03196e-16

2 31 0.0159798 -4.03196e-16
2 31 0.0279868 -4.03196e-16
2 31 0.0191687 -4.03196e-16
2 31 0.0257138 -4.03196e-16
2 31 0.0239246 -4.03196e-16
2 31 0.0186006 -4.03196e-16
2 31 0.0186089 -4.03196e-16
2 31 0.0191767 -4.03196e-16
2 31 0.0290669 -4.03196e-16
3 31 0.0131741 211.098
3 31 0.00872383 211.098
2 31 0.0262574 -4.03196e-16
3 31 0.0138558 211.098
3 31 0.0134924 211.098
2 31 0.0208387 -4.03196e-16
2 31 0.0183433 -4.03196e-16
2 31 0.0191648 -4.03196e-16
3 31 0.0155567 211.098
3 31 0.0124079 211.098
1 33 0.0128649 16.6519
3 31 0.0114453 211.098
2 31 0.0182954 -4.03196e-16
1 33 0.0120223 16.6519
3 31 0.0131523 211.098
3 31 0.0117572 211.098
3 31 0.0129003 211.098
3 31 0.0147688 211.098
3 31 0.0130276 211.098
3 31 0.0128661 211.098
3 31 0.0119323 211.098
3 31 0.0148039 211.098
3 31 0.0112141 211.098
3 31 0.0117198 211.098
1 33 0.0118567 16.6519
3 31 0.01327 211.098
3 31 0.0135813 211.098
3 31 0.0131517 211.098
3 31 0.0124022 211.098
3 31 0.0136551 211.098
3 31 0.0131114 211.098
3 31 0.0128818 211.098
1 33 0.0132471 16.6519
3 31 0.0132972 211.098
3 31 0.0127979 211.098
3 31 0.00893678 211.098
3 31 0.0131635 211.098
1 33 0.0155302 16.6519
3 31 0.00791688 211.098
3 31 0.0114233 211.098
3 31 0.00959652 211.098
3 31 0.0134254 211.098
3 31 0.00950924 211.098
3 31 0.0133117 211.098
3 31 0.010679 211.098
3 31 0.0141057 211.098
3 31 0.0112724 211.098
3 31 0.011129 211.098
3 31 0.0114448 211.098
3 31 0.0120007 211.098
3 31 0.0142722 211.098
3 31 0.0132057 211.098
3 31 0.01381 211.098
4 31 0.0109048 9.98959
3 31 0.0127219 211.098
3 31 0.013134 211.098
3 31 0.012246 211.098
3 31 0.0122367 211.098
3 31 0.0133812 211.098
3 31 0.0131373 211.098
4 31 0.0101202 9.98959
4 31 0.0119479 9.98959
4 31 0.0118137 9.98959
3 31 0.0108111 211.098
4 31 0.0100692 9.98959
4 31 0.00993147 9.98959
4 31 0.00881149 9.98959
4 31 0.00995525 9.98959
1 33 0.0148054 16.6519
4 31 0.0118129 9.98959
4 31 0.00991659 9.98959
4 31 0.0100929 9.98959
1 33 0.0110441 16.6519
4 31 0.0100066 9.98959
4 31 0.010045 9.98959
4 31 0.0110409 9.98959
4 31 0.0101193 9.98959
4 31 0.0123287 9.98959
4 31 0.0103548 9.98959
4 31 0.0114923 9.98959
4 31 0.0117175 9.98959
4 31 0.0101983 9.98959
4 31 0.0100878 9.98959

4 31 0.00865599 9.98959
4 31 0.0110696 9.98959
1 33 0.0133737 16.6519
4 31 0.0120026 9.98959
4 31 0.0115375 9.98959
4 31 0.010555 9.98959
4 31 0.0104883 9.98959
4 31 0.0116432 9.98959
4 31 0.0110025 9.98959
4 31 0.0102865 9.98959
4 31 0.00910639 9.98959
4 31 0.00690659 9.98959
4 31 0.0100239 9.98959
4 31 0.0112149 9.98959
4 31 0.0106627 9.98959
4 31 0.0109059 9.98959
2 33 0.0207603 -4.03196e-16
4 31 0.0114801 9.98959
4 31 0.0103881 9.98959
4 31 0.00994316 9.98959
4 31 0.0117134 9.98959
4 31 0.010676 9.98959
4 31 0.0112535 9.98959
4 31 0.0125782 9.98959
4 31 0.00830313 9.98959
4 31 0.0100886 9.98959
4 31 0.00995801 9.98959
2 33 0.0173551 -4.03196e-16
2 33 0.0183901 -4.03196e-16
2 33 0.0226645 -4.03196e-16
4 31 0.00969924 9.98959
4 31 0.0108422 9.98959
4 31 0.0107769 9.98959
5 31 1.69131 25.0222
5 31 1.68754 25.0222
5 31 1.69867 25.0222
5 31 1.70646 25.0222
2 33 0.0193194 -4.03196e-16
5 31 1.68835 25.0222
5 31 1.68392 25.0222
5 31 1.69104 25.0222
5 31 1.69377 25.0222
5 31 1.69303 25.0222
5 31 1.69431 25.0222
5 31 1.69279 25.0222
5 31 1.69038 25.0222
5 31 1.68612 25.0222
5 31 1.69057 25.0222
5 31 1.68805 25.0222
5 31 1.69034 25.0222
5 31 1.69132 25.0222
5 31 1.69768 25.0222
5 31 1.6869 25.0222
5 31 1.68594 25.0222
5 31 1.68759 25.0222
5 31 1.69061 25.0222
5 31 1.6917 25.0222
5 31 1.70223 25.0222
5 31 1.68701 25.0222
5 31 1.68858 25.0222
5 31 1.69213 25.0222
5 31 1.6883 25.0222
5 31 1.69292 25.0222
5 31 1.69873 25.0222
5 31 1.71335 25.0222
5 31 1.68598 25.0222
5 31 1.69694 25.0222
5 31 1.71129 25.0222
5 31 1.68924 25.0222
5 31 1.69123 25.0222
5 31 1.6808 25.0222
5 31 1.69037 25.0222
5 31 1.69117 25.0222
5 31 1.69013 25.0222
2 33 0.0269514 -4.03196e-16
2 33 0.0278862 -4.03196e-16
5 31 1.69 25.0222
5 31 1.7021 25.0222
5 31 1.68237 25.0222
2 33 0.03342 -4.03196e-16
5 31 1.68834 25.0222
5 31 1.68482 25.0222
5 31 1.69012 25.0222
5 31 1.68145 25.0222
5 31 1.68362 25.0222
2 33 0.0261067 -4.03196e-16
5 31 1.68448 25.0222
5 31 1.68425 25.0222
2 33 0.018655 -4.03196e-16
2 33 0.0230391 -4.03196e-16
2 33 0.0235572 -4.03196e-16
2 33 0.0217612 -4.03196e-16
2 33 0.020678 -4.03196e-16
2 33 0.0275375 -4.03196e-16
2 33 0.0189152 -4.03196e-16
2 33 0.0203681 -4.03196e-16
2 33 0.0176767 -4.03196e-16
2 33 0.0262819 -4.03196e-16
2 33 0.0253646 -4.03196e-16
2 33 0.0250142 -4.03196e-16
2 33 0.0262809 -4.03196e-16
2 33 0.0205694 -4.03196e-16
2 33 0.0285322 -4.03196e-16
2 33 0.0276316 -4.03196e-16
2 33 0.0192994 -4.03196e-16
2 33 0.0210059 -4.03196e-16
2 33 0.0248593 -4.03196e-16
2 33 0.0175093 -4.03196e-16
2 33 0.0229105 -4.03196e-16
2 33 0.0264185 -4.03196e-16
2 33 0.0262277 -4.03196e-16
2 33 0.0209666 -4.03196e-16
2 33 0.0275088 -4.03196e-16
2 33 0.0182166 -4.03196e-16
2 33 0.0216082 -4.03196e-16
2 33 0.0268491 -4.03196e-16
2 33 0.0259072 -4.03196e-16
2 33 0.0249962 -4.03196e-16
2 33 0.0291449 -4.03196e-16
2 33 0.0223676 -4.03196e-16
2 33 0.0259546 -4.03196e-16
2 33 0.0190238 -4.03196e-16
2 33 0.0259004 -4.03196e-16
2 33 0.0247476 -4.03196e-16
2 33 0.0222232 -4.03196e-16
2 33 0.0185242 -4.03196e-16
2 33 0.0291242 -4.03196e-16
2 33 0.0165784 -4.03196e-16
3 33 0.0140466 211.098
2 33 0.0232429 -4.03196e-16
3 33 0.0133001 211.098
3 33 0.0109993 211.098
3 33 0.014047 211.098
3 33 0.0115682 211.098
3 33 0.0124819 211.098
3 33 0.0149323 211.098
3 33 0.011996 211.098
3 33 0.0133302 211.098
3 33 0.0132863 211.098
3 33 0.0129242 211.098
3 33 0.0141606 211.098
3 33 0.0136373 211.098
3 33 0.0123604 211.098
3 33 0.0128126 211.098
3 33 0.0135557 211.098
3 33 0.010585 211.098
3 33 0.0106113 211.098
3 33 0.0124778 211.098
3 33 0.010223 211.098
3 33 0.0149462 211.098
3 33 0.0106186 211.098
3 33 0.0130194 211.098
3 33 0.0107785 211.098
3 33 0.0147495 211.098
3 33 0.0132951 211.098
3 33 0.0132142 211.098
3 33 0.0141287 211.098
3 33 0.0132388 211.098
3 33 0.0131955 211.098
3 33 0.0146542 211.098
3 33 0.0109129 211.098
3 33 0.015086 211.098
3 33 0.0107641 211.098
3 33 0.012872 211.098
3 33 0.0148019 211.098
3 33 0.012643 211.098
3 33 0.0144357 211.098
3 33 0.0130785 211.098
3 33 0.0133159 211.098
3 33 0.012994 211.098
3 33 0.0139272 211.098
3 33 0.0131863 211.098
3 33 0.0132307 211.098
3 33 0.014173 211.098
3 33 0.0131695 211.098
3 33 0.013092 211.098
4 33 0.0119312 9.98959
3 33 0.0133938 211.098
3 33 0.0121843 211.098
4 33 0.00936128 9.98959
3 33 0.0130437 211.098
4 33 0.00867509 9.98959
4 33 0.0100743 9.98959
4 33 0.00999018 9.98959
4 33 0.00985806 9.98959
4 33 0.0099044 9.98959
4 33 0.00986101 9.98959
4 33 0.0117264 9.98959
4 33 0.00937451 9.98959
4 33 0.0065068 9.98959
4 33 0.0109422 9.98959
4 33 0.0113555 9.98959
4 33 0.00987092 9.98959
4 33 0.009973 9.98959
4 33 0.010139 9.98959
4 33 0.0112162 9.98959
4 33 0.0100554 9.98959
4 33 0.00988428 9.98959
4 33 0.0100101 9.98959
4 33 0.0109241 9.98959
4 33 0.0114491 9.98959
4 33 0.0111573 9.98959
4 33 0.00732694 9.98959
4 33 0.00968744 9.98959
4 33 0.00970062 9.98959
4 33 0.00981791 9.98959
4 33 0.0103164 9.98959
4 33 0.00900845 9.98959
4 33 0.0066504 9.98959
4 33 0.00913692 9.98959
4 33 0.0102129 9.98959
4 33 0.00976233 9.98959
4 33 0.00998344 9.98959
4 33 0.0100133 9.98959
4 33 0.0121095 9.98959
4 33 0.0115942 9.98959
4 33 0.00783618 9.98959
4 33 0.0102207 9.98959
4 33 0.00729077 9.98959
4 33 0.0117198 9.98959
4 33 0.0106627 9.98959
4 33 0.00969724 9.98959
4 33 0.0114603 9.98959
4 33 0.00984935 9.98959
4 33 0.0101734 9.98959
4 33 0.00986419 9.98959
4 33 0.0108451 9.98959
5 33 1.68448 25.0222
5 33 1.6873 25.0222
5 33 1.69022 25.0222
5 33 1.68545 25.0222
5 33 1.68709 25.0222
5 33 1.68225 25.0222
5 33 1.68489 25.0222
5 33 1.69409 25.0222
5 33 1.68632 25.0222
5 33 1.6845 25.0222
5 33 1.68346 25.0222
5 33 1.68828 25.0222
5 33 1.68975 25.0222
4 33 0.0120142 9.98959
5 33 1.69007 25.0222
4 33 0.00990915 9.98959
5 33 1.68427 25.0222
5 33 1.68306 25.0222
5 33 1.68603 25.0222
5 33 1.6869 25.0222
5 33 1.68627 25.0222
5 33 1.68694 25.0222
5 33 1.68482 25.0222
5 33 1.68068 25.0222
5 33 1.70184 25.0222
5 33 1.68727 25.0222
5 33 1.68143 25.0222
5 33 1.68203 25.0222
5 33 1.68516 25.0222
5 33 1.6889 25.0222
5 33 1.68955 25.0222
5 33 1.68851 25.0222
5 33 1.68674 25.0222
5 33 1.69036 25.0222
5 33 1.68175 25.0222
5 33 1.68109 25.0222
5 33 1.68724 25.0222
5 33 1.68844 25.0222
5 33 1.68951 25.0222
5 33 1.69125 25.0222
5 33 1.69799 25.0222
5 33 1.69619 25.0222
5 33 1.69077 25.0222
5 33 1.69024 25.0222
5 33 1.68491 25.0222
5 33 1.68097 25.0222
5 33 1.6875 25.0222
5 33 1.68315 25.0222
5 33 1.68913 25.0222
5 33 1.69835 25.0222
5 33 1.6937 25.0222
