0.0 3.0 0.348489 2.04134
0.0 3.0 0.344636 2.04196
0.0 3.0 0.331678 2.03814
0.0 3.0 0.347114 2.03695
0.0 3.0 0.359686 2.04197
0.0 3.0 0.354485 2.04192
0.0 3.0 0.343162 2.04032
0.0 3.0 0.343485 2.03932
0.0 3.0 0.345183 2.0418
0.0 3.0 0.354438 2.04174
0.0 3.0 0.352936 2.04195
0.0 3.0 0.354047 2.04196
0.0 3.0 0.34116 2.03899
0.0 3.0 0.359284 2.04178
0.0 3.0 0.345084 2.04175
0.0 3.0 0.343301 2.03814
0.0 3.0 0.348069 2.03949
0.0 3.0 0.365437 2.04195
0.0 3.0 0.348309 2.0418
0.0 3.0 0.350274 2.02603
0.0 3.0 0.357244 2.01572
0.0 3.0 0.337556 2.04116
0.0 3.0 0.328959 2.02044
0.0 3.0 0.350191 2.04197
0.0 3.0 0.347402 2.0351
0.0 3.0 0.332434 2.02044
0.0 3.0 0.351248 2.0335
0.0 3.0 0.365119 2.04184
0.0 3.0 0.352244 2.02603
0.0 3.0 0.360915 2.04097
0.0 3.0 0.35723 2.04194
0.0 3.0 0.349967 2.04052
0.0 3.0 0.354429 2.0418
0.0 3.0 0.343094 2.04188
0.0 3.0 0.365517 2.04152
0.0 3.0 0.369987 2.04198
0.0 3.0 0.350478 2.02603
0.0 3.0 0.369032 2.04168
0.0 3.0 0.354432 2.0418
0.0 3.0 0.358349 2.04169
0.0 3.0 0.326308 2.02068
0.0 3.0 0.355612 2.02044
0.0 3.0 0.360082 2.04196
0.0 3.0 0.358111 2.03728
0.0 3.0 0.368035 2.04197
0.0 3.0 0.371059 2.04143
0.0 3.0 0.357114 2.04168
0.0 3.0 0.360671 2.04197
0.0 3.0 0.340754 2.03774
0.0 3.0 0.352676 2.02044
0.0 4.0 0.359259 2.01724
0.0 4.0 0.714069 2.04171
0.0 4.0 0.69425 2.02676
0.0 4.0 0.913369 2.0164
0.0 4.0 0.362879 2.0164
0.0 4.0 0.925003 2.04032
0.0 4.0 0.675616 2.04088
0.0 4.0 0.374405 2.04172
0.0 4.0 0.806009 2.04007
0.0 4.0 0.70105 2.04159
0.0 4.0 0.806427 2.04177
0.0 4.0 0.703587 2.03636
0.0 4.0 0.367603 2.04138
0.0 4.0 0.356478 2.03779
0.0 4.0 0.353775 2.03471
0.0 4.0 0.719915 2.04172
0.0 4.0 0.356748 2.02986
0.0 4.0 0.366677 2.04159
0.0 4.0 0.364248 2.04196
0.0 4.0 0.786816 2.03778
0.0 4.0 0.82436 2.03987
0.0 4.0 0.31856 2.03292
0.0 4.0 0.367862 2.04193
0.0 4.0 0.733719 2.02086
0.0 4.0 0.346818 2.04136
0.0 4.0 0.366062 2.03798
0.0 4.0 0.350198 2.03998
0.0 4.0 0.351577 2.04197
0.0 4.0 0.347322 2.02712
0.0 4.0 0.78284 2.04097
0.0 4.0 0.354424 2.02155
0.0 4.0 0.362375 2.01901
0.0 4.0 0.804012 2.03291
0.0 4.0 0.896418 2.04038
0.0 4.0 0.804991 2.03848
0.0 4.0 0.34826 2.04184
0.0 4.0 0.36516 2.04081
0.0 4.0 0.347535 2.04163
0.0 4.0 0.334952 2.02608
0.0 4.0 0.694788 2.04064
0.0 4.0 0.32814 2.04187
0.0 4.0 0.364554 2.03131
0.0 4.0 0.71721 2.03335
0.0 4.0 0.341402 2.04184
0.0 4.0 0.77448 2.03956
0.0 4.0 0.361825 2.01481
0.0 4.0 0.687292 2.0412
0.0 4.0 0.780295 2.04197
0.0 4.0 0.335947 2.04032
0.0 4.0 0.885575 2.03824
0.0 5.0 0.542373 2.04189
0.0 5.0 0.587056 2.04197
0.0 5.0 0.531904 2.0418
0.0 5.0 0.550341 2.04146
0.0 5.0 0.618642 2.03916
0.0 5.0 0.63027 2.04197
0.0 5.0 1.22791 2.02223
0.0 5.0 0.552363 2.02843
0.0 5.0 0.539621 2.03573
0.0 5.0 0.573044 2.02161
0.0 5.0 0.620517 2.04163
0.0 5.0 1.1422 2.01958
0.0 5.0 0.665162 2.03462
0.0 5.0 0.693904 2.02216
0.0 5.0 0.723609 2.04055
0.0 5.0 0.620983 2.03813
0.0 5.0 0.58604 2.01889
0.0 5.0 0.61152 2.02094
0.0 5.0 0.633746 2.03548
0.0 5.0 1.29036 2.03092
0.0 5.0 1.32179 2.02382
0.0 5.0 0.747429 2.0164
0.0 5.0 0.580004 2.04138
0.0 5.0 0.622165 2.04197
0.0 5.0 0.564861 2.04119
0.0 5.0 0.541728 2.04195
0.0 5.0 0.536684 2.02433
0.0 5.0 1.22912 2.03193
0.0 5.0 1.44988 2.03901
0.0 5.0 1.26764 2.0172
0.0 5.0 0.587522 2.02433
0.0 5.0 0.600069 2.04195
0.0 5.0 0.600749 2.03871
0.0 5.0 0.681449 2.04144
0.0 5.0 0.540211 2.03165
0.0 5.0 0.550388 2.04101
0.0 5.0 0.646049 2.04171
0.0 5.0 0.583698 2.04161
0.0 5.0 0.59297 2.04113
0.0 5.0 0.564135 2.04106
0.0 5.0 0.879152 2.04197
0.0 5.0 0.544158 2.04136
0.0 5.0 0.580331 2.03572
0.0 5.0 0.63909 2.03573
0.0 5.0 0.651081 2.04197
0.0 5.0 0.666331 2.04196
0.0 5.0 0.613041 2.0224
0.0 5.0 0.659995 2.04179
0.0 5.0 0.823453 2.0219
0.0 5.0 0.593322 2.04136
0.0 7.0 0.60426 2.01476
0.0 7.0 0.612165 2.04188
0.0 7.0 0.609895 2.04166
0.0 7.0 0.60848 2.03871
0.0 7.0 0.675757 2.03626
0.0 7.0 0.627026 2.03561
0.0 7.0 0.612798 2.04147
0.0 7.0 0.670159 2.01376
0.0 7.0 0.602466 2.02601
0.0 7.0 0.600811 2.01949
0.0 7.0 0.637177 2.0224
0.0 7.0 0.6342 2.04197
0.0 7.0 0.653573 2.02167
0.0 7.0 0.608617 2.02937
0.0 7.0 0.605701 2.01481
0.0 7.0 0.666061 2.0399
0.0 7.0 0.619267 2.04127
0.0 7.0 0.612576 2.03808
0.0 7.0 0.610709 2.0213
0.0 7.0 0.647817 2.04197
0.0 7.0 0.611527 2.04193
0.0 7.0 0.609051 2.04196
0.0 7.0 0.614533 2.04197
0.0 7.0 0.633527 2.02921
0.0 7.0 0.657616 2.02089
0.0 7.0 0.582622 2.04032
0.0 7.0 0.614389 2.04141
0.0 7.0 0.605138 2.01474
0.0 7.0 0.722165 2.01887
0.0 7.0 0.596956 2.02385
0.0 7.0 0.664228 2.04143
0.0 7.0 0.607201 2.0148
0.0 7.0 0.569776 2.04184
0.0 7.0 0.65142 2.03967
0.0 7.0 0.615103 2.04186
0.0 7.0 0.600406 2.01935
0.0 7.0 0.68666 2.02096
0.0 7.0 0.605861 2.03743
0.0 7.0 0.649188 2.01651
0.0 7.0 0.632191 2.04197
0.0 7.0 0.645541 2.01481
0.0 7.0 0.647352 2.01989
0.0 7.0 1.53571 2.03991
0.0 7.0 0.621241 2.04166
0.0 7.0 1.57762 2.04019
0.0 7.0 0.611445 2.02073
0.0 7.0 1.63403 2.03978
0.0 7.0 0.612286 2.04172
0.0 7.0 0.634606 2.01481
0.0 7.0 1.65374 2.03666
0.0 8.0 0.563418 2.041
0.0 8.0 0.555914 2.03595
0.0 8.0 0.601596 2.04184
0.0 8.0 0.556961 2.03192
0.0 8.0 0.570276 2.01655
0.0 8.0 0.579673 2.01481
0.0 8.0 1.02 2.01607
0.0 8.0 0.566172 2.04079
0.0 8.0 0.560134 2.01564
0.0 8.0 0.570397 2.02153
0.0 8.0 0.571425 2.04101
0.0 8.0 0.567915 2.01863
0.0 8.0 0.62572 2.0125
0.0 8.0 0.599199 2.03739
0.0 8.0 0.631913 2.03316
0.0 8.0 0.631786 2.03791
0.0 8.0 0.764181 2.04189
0.0 8.0 0.577298 2.03967
0.0 8.0 0.636078 2.04166
0.0 8.0 0.727203 2.04181
0.0 8.0 0.576462 2.02241
0.0 8.0 0.576797 2.01376
0.0 8.0 0.560062 2.03881
0.0 8.0 0.566819 2.04134
0.0 8.0 0.582821 2.04182
0.0 8.0 0.561839 2.01481
0.0 8.0 0.587588 2.04197
0.0 8.0 0.560662 2.01455
0.0 8.0 0.765044 2.04018
0.0 8.0 0.612673 2.02183
0.0 8.0 0.562847 2.03896
0.0 8.0 0.810291 2.03875
0.0 8.0 0.57615 2.04197
0.0 8.0 0.566029 2.01896
0.0 8.0 0.562489 2.04184
0.0 8.0 0.591353 2.01371
0.0 8.0 0.563004 2.03375
0.0 8.0 0.562508 2.04197
0.0 8.0 0.612701 2.04198
0.0 8.0 0.561527 2.02919
0.0 8.0 0.566793 2.04172
0.0 8.0 0.569991 2.03321
0.0 8.0 0.565885 2.04183
0.0 8.0 1.07811 2.02109
0.0 8.0 0.624316 2.01879
0.0 8.0 0.562673 2.03748
0.0 8.0 0.563937 2.03332
0.0 8.0 0.612263 2.04183
0.0 8.0 0.608023 2.03809
0.0 8.0 0.558856 2.0216
0.0 9.0 0.835264 2.041
0.0 9.0 0.834224 2.04157
0.0 9.0 0.834613 2.03225
0.0 9.0 0.831947 2.04182
0.0 9.0 0.812957 2.0154
0.0 9.0 0.70232 2.04193
0.0 9.0 0.711663 2.03763
0.0 9.0 0.801325 2.03805
0.0 9.0 0.753846 2.04195
0.0 9.0 0.703556 2.01435
0.0 9.0 0.719972 2.04031
0.0 9.0 0.694746 2.04188
0.0 9.0 0.690991 2.04194
0.0 9.0 0.72042 2.01065
0.0 9.0 0.713025 2.0418
0.0 9.0 1.06741 2.04153
0.0 9.0 0.860405 2.0148
0.0 9.0 0.696577 2.0405
0.0 9.0 0.791364 2.04184
0.0 9.0 0.754817 2.04117
0.0 9.0 0.695448 2.00813
0.0 9.0 1.15743 2.01473
0.0 9.0 0.726127 2.04152
0.0 9.0 0.692384 2.04187
0.0 9.0 0.769898 2.0408
0.0 9.0 0.685969 2.04189
0.0 9.0 0.711463 2.0416
0.0 9.0 0.853784 2.01827
0.0 9.0 0.968318 2.04197
0.0 9.0 0.782596 2.01808
0.0 9.0 0.732809 2.02086
0.0 9.0 0.75831 2.02806
0.0 9.0 0.867279 2.03347
0.0 9.0 0.779179 2.04168
0.0 9.0 0.855453 2.03404
0.0 9.0 0.792771 2.01379
0.0 9.0 0.811469 2.04159
0.0 9.0 0.84701 2.01803
0.0 9.0 0.784677 2.04112
0.0 9.0 0.777185 2.04165
0.0 9.0 0.974971 2.04197
0.0 9.0 0.780445 2.02162
0.0 9.0 0.95098 2.04191
0.0 9.0 0.688659 2.04187
0.0 9.0 0.7796 2.04062
0.0 9.0 0.691867 2.04038
0.0 9.0 0.697803 2.04166
0.0 9.0 0.686942 2.01262
0.0 9.0 0.710197 2.04187
0.0 9.0 0.687972 2.0201
0.0 15.0 0.775029 2.04032
0.0 15.0 0.780474 2.04175
0.0 15.0 0.780828 2.00803
0.0 15.0 0.843918 2.04181
0.0 15.0 0.748202 2.04181
0.0 15.0 0.817283 2.04143
0.0 15.0 0.747451 2.04192
0.0 15.0 0.857141 2.01813
0.0 15.0 0.806056 2.04109
0.0 15.0 0.846644 2.04197
0.0 15.0 0.790774 2.01851
0.0 15.0 0.813651 2.01389
0.0 15.0 0.881093 2.04175
0.0 15.0 0.833088 2.01065
0.0 15.0 0.75713 2.04188
0.0 15.0 0.820055 2.02061
0.0 15.0 0.779614 2.02631
0.0 15.0 0.875991 2.03977
0.0 15.0 0.804637 2.04169
0.0 15.0 0.88238 2.04142
0.0 15.0 0.777821 2.04189
0.0 15.0 0.748645 2.04093
0.0 15.0 0.775639 2.04009
0.0 15.0 0.875629 2.0419
0.0 15.0 0.780934 2.02152
0.0 15.0 0.869446 2.04116
0.0 15.0 0.832544 2.01481
0.0 15.0 0.773934 2.03998
0.0 15.0 0.744158 2.04147
0.0 15.0 0.753827 2.03225
0.0 15.0 0.745211 2.04143
0.0 15.0 0.80988 2.02114
0.0 15.0 0.747069 2.04198
0.0 15.0 0.822156 2.04182
0.0 15.0 0.753789 2.02067
0.0 15.0 0.736792 2.03928
0.0 15.0 0.773377 2.03027
0.0 15.0 0.793831 2.01684
0.0 15.0 0.768946 2.03805
0.0 15.0 0.754884 2.02223
0.0 15.0 0.755176 2.0404
0.0 15.0 0.767301 2.04032
0.0 15.0 0.725897 2.04115
0.0 15.0 0.749678 2.01264
0.0 15.0 0.757972 2.04164
0.0 15.0 0.77745 2.04101
0.0 15.0 0.788892 2.03478
0.0 15.0 0.941977 2.0383
0.0 15.0 0.778806 2.04058
0.0 15.0 0.812305 2.0257
0.0 16.0 0.764819 2.02826
0.0 16.0 0.754311 2.02121
0.0 16.0 0.76524 2.03845
0.0 16.0 0.76673 2.04154
0.0 16.0 0.796149 2.03644
0.0 16.0 0.7545 2.02691
0.0 16.0 0.744767 2.04175
0.0 16.0 0.750088 2.0401
0.0 16.0 0.758167 2.03875
0.0 16.0 0.794992 2.01481
0.0 16.0 0.757442 2.02085
0.0 16.0 0.730828 2.01476
0.0 16.0 0.742447 2.01371
0.0 16.0 0.780983 2.02221
0.0 16.0 0.785769 2.0295
0.0 16.0 0.754692 2.02547
0.0 16.0 0.768507 2.01464
0.0 16.0 0.761485 2.03891
0.0 16.0 0.939794 2.0419
0.0 16.0 0.792449 2.02631
0.0 16.0 0.779483 2.03821
0.0 16.0 0.748254 2.04143
0.0 16.0 0.733338 2.04197
0.0 16.0 0.762998 2.03028
0.0 16.0 0.784414 2.02912
0.0 16.0 0.744229 2.04049
0.0 16.0 0.742732 2.04189
0.0 16.0 0.753394 2.04148
0.0 16.0 0.79453 2.041
0.0 16.0 0.769101 2.01481
0.0 16.0 0.767873 2.02215
0.0 16.0 0.755714 2.04198
0.0 16.0 0.767708 2.01253
0.0 16.0 0.743993 2.04183
0.0 16.0 0.777319 2.00246
0.0 16.0 0.749431 2.03072
0.0 16.0 0.756072 2.02911
0.0 16.0 0.757098 2.04002
0.0 16.0 0.788162 2.03161
0.0 16.0 0.755741 2.03836
0.0 16.0 0.767142 2.0175
0.0 16.0 0.733084 2.03701
0.0 16.0 0.746563 2.02854
0.0 16.0 0.765841 2.03992
0.0 16.0 0.767913 2.02543
0.0 16.0 0.759839 2.04195
0.0 16.0 0.766028 2.04187
0.0 16.0 0.765827 2.01466
0.0 16.0 0.771627 2.01055
0.0 16.0 0.76695 2.04144
0.0 17.0 0.799795 2.04182
0.0 17.0 0.948189 2.03818
0.0 17.0 1.20893 2.0383
0.0 17.0 0.942048 2.04164
0.0 17.0 0.94682 2.02742
0.0 17.0 1.21233 2.03523
0.0 17.0 1.1665 2.03864
0.0 17.0 0.793371 2.04192
0.0 17.0 1.22296 2.0363
0.0 17.0 0.963345 2.04159
0.0 17.0 0.842567 2.0206
0.0 17.0 0.980589 2.03737
0.0 17.0 1.2018 2.03005
0.0 17.0 1.36329 2.01481
0.0 17.0 0.981493 2.02385
0.0 17.0 0.838063 2.04197
0.0 17.0 1.33511 2.04181
0.0 17.0 0.857534 2.04113
0.0 17.0 0.83445 2.04082
0.0 17.0 0.802042 2.01797
0.0 17.0 0.976241 2.04165
0.0 17.0 1.20971 2.04161
0.0 17.0 1.2048 2.02134
0.0 17.0 0.791942 2.04188
0.0 17.0 0.917137 2.04197
0.0 17.0 1.58592 2.03853
0.0 17.0 0.880688 2.04037
0.0 17.0 0.798771 2.04147
0.0 17.0 0.999861 2.03636
0.0 17.0 1.30679 2.01473
0.0 17.0 0.958285 2.04162
0.0 17.0 1.11814 2.04192
0.0 17.0 1.3541 2.03764
0.0 17.0 1.12772 2.03639
0.0 17.0 0.918426 2.01769
0.0 17.0 1.3222 2.03885
0.0 17.0 0.83341 2.01481
0.0 17.0 0.869357 2.0219
0.0 17.0 0.849711 2.04073
0.0 17.0 0.840977 2.04037
0.0 17.0 1.1944 2.03784
0.0 17.0 1.34378 2.04038
0.0 17.0 0.836244 2.04191
0.0 17.0 0.893404 2.04198
0.0 17.0 1.25387 2.04198
0.0 17.0 1.17288 2.03694
0.0 17.0 1.38953 2.04159
0.0 17.0 0.892781 2.03892
0.0 17.0 0.839069 2.01263
0.0 17.0 1.24124 2.01478
0.0 31.0 0.926345 2.04194
0.0 31.0 0.816036 2.03545
0.0 31.0 0.843264 2.03668
0.0 31.0 0.920678 2.04172
0.0 31.0 0.826546 2.03373
0.0 31.0 0.929056 2.01923
0.0 31.0 0.832056 2.04088
0.0 31.0 0.840998 2.04129
0.0 31.0 0.925066 2.04041
0.0 31.0 0.965611 2.04194
0.0 31.0 0.851132 2.02194
0.0 31.0 0.879692 2.03573
0.0 31.0 0.926516 2.0219
0.0 31.0 0.911464 2.04141
0.0 31.0 0.85642 2.03347
0.0 31.0 0.927956 2.0148
0.0 31.0 0.923751 2.01958
0.0 31.0 0.802585 2.04136
0.0 31.0 0.974446 2.04113
0.0 31.0 0.795951 2.0418
0.0 31.0 0.903324 2.04164
0.0 31.0 0.834793 2.01802
0.0 31.0 0.824967 2.00247
0.0 31.0 0.93544 2.03745
0.0 31.0 0.9325 2.04189
0.0 31.0 0.875213 2.01481
0.0 31.0 0.921159 2.0251
0.0 31.0 0.946752 2.01734
0.0 31.0 0.94053 2.0416
0.0 31.0 0.881665 2.03794
0.0 31.0 0.943823 2.04157
0.0 31.0 0.827059 2.04071
0.0 31.0 1.25136 2.04163
0.0 31.0 0.845808 2.02953
0.0 31.0 0.820642 2.01717
0.0 31.0 0.938409 2.04056
0.0 31.0 0.826463 2.0327
0.0 31.0 0.850543 2.03252
0.0 31.0 0.93257 2.01816
0.0 31.0 0.901007 2.02055
0.0 31.0 0.836184 2.04137
0.0 31.0 0.884526 2.04079
0.0 31.0 0.901191 2.04187
0.0 31.0 0.941271 2.00547
0.0 31.0 1.29626 2.04195
0.0 31.0 0.811169 2.01138
0.0 31.0 0.830772 2.04198
0.0 31.0 0.84978 2.04042
0.0 31.0 0.934391 2.0412
0.0 31.0 0.939417 2.04169
0.0 32.0 0.934958 2.0321
0.0 32.0 0.907612 2.02037
0.0 32.0 1.01046 2.01927
0.0 32.0 1.29842 2.01065
0.0 32.0 0.949695 2.04131
0.0 32.0 1.25927 2.02205
0.0 32.0 0.988034 2.04136
0.0 32.0 0.930131 2.04194
0.0 32.0 1.38096 2.04196
0.0 32.0 0.944791 2.04142
0.0 32.0 0.92753 2.04179
0.0 32.0 0.936371 2.04144
0.0 32.0 0.944458 2.03448
0.0 32.0 1.28062 2.03267
0.0 32.0 0.931283 2.04064
0.0 32.0 1.2786 2.04186
0.0 32.0 0.949793 2.03988
0.0 32.0 1.28095 2.04161
0.0 32.0 0.93508 2.03952
0.0 32.0 0.900276 2.0419
0.0 32.0 0.916993 2.04135
0.0 32.0 0.852872 2.04025
0.0 32.0 1.2938 2.04188
0.0 32.0 0.942444 2.02788
0.0 32.0 1.27598 2.04189
0.0 32.0 1.2864 2.0164
0.0 32.0 0.930584 2.02385
0.0 32.0 0.92923 2.01952
0.0 32.0 0.93941 2.04079
0.0 32.0 0.94579 2.04071
0.0 32.0 0.948047 2.04119
0.0 32.0 0.930233 2.0316
0.0 32.0 0.933627 2.04105
0.0 32.0 0.9256 2.01731
0.0 32.0 1.34335 2.00372
0.0 32.0 0.950285 2.0164
0.0 32.0 0.929281 2.0417
0.0 32.0 0.94047 2.04197
0.0 32.0 0.933549 2.02037
0.0 32.0 1.32979 2.01757
0.0 32.0 0.950986 2.02159
0.0 32.0 0.933617 2.0159
0.0 32.0 0.934739 2.0399
0.0 32.0 0.934878 2.02385
0.0 32.0 0.931702 2.04143
0.0 32.0 1.44351 2.03775
0.0 32.0 0.948045 2.01617
0.0 32.0 1.34063 2.02215
0.0 32.0 0.879318 2.03641
0.0 32.0 0.932814 2.04032
0.0 33.0 1.0288 2.021
0.0 33.0 1.02725 2.0148
0.0 33.0 0.935831 2.03627
0.0 33.0 0.993431 2.03673
0.0 33.0 1.41263 2.02376
0.0 33.0 1.02252 2.04133
0.0 33.0 1.01692 2.03514
0.0 33.0 1.23136 2.0164
0.0 33.0 0.927081 2.03864
0.0 33.0 1.43036 2.03797
0.0 33.0 1.4576 2.0386
0.0 33.0 1.24551 2.04182
0.0 33.0 1.02005 2.04142
0.0 33.0 1.0258 2.04163
0.0 33.0 1.00124 2.02674
0.0 33.0 1.01686 2.04134
0.0 33.0 0.890349 2.04185
0.0 33.0 1.09346 2.02385
0.0 33.0 1.30957 2.04188
0.0 33.0 1.47136 2.03708
0.0 33.0 0.861009 2.04124
0.0 33.0 0.889776 2.04029
0.0 33.0 0.90331 2.04141
0.0 33.0 0.913094 2.02019
0.0 33.0 0.882445 2.04161
0.0 33.0 0.893052 2.04174
0.0 33.0 0.992447 2.0387
0.0 33.0 0.99459 2.0401
0.0 33.0 0.991514 2.04056
0.0 33.0 0.899549 2.01996
0.0 33.0 1.35953 2.0164
0.0 33.0 1.40833 2.04175
0.0 33.0 0.900235 2.03986
0.0 33.0 0.966088 2.04191
0.0 33.0 0.903706 2.04195
0.0 33.0 0.986047 2.03004
0.0 33.0 0.862323 2.04077
0.0 33.0 1.02094 2.04188
0.0 33.0 0.897338 2.04181
0.0 33.0 1.30821 2.04135
0.0 33.0 1.37913 2.04101
0.0 33.0 1.30278 2.04142
0.0 33.0 1.45033 2.02149
0.0 33.0 0.904465 2.04193
0.0 33.0 0.869821 2.04197
0.0 33.0 0.887332 2.01596
0.0 33.0 1.02669 2.04017
0.0 33.0 1.02616 2.04084
0.0 33.0 1.21787 2.04187
0.0 33.0 1.33816 2.0403
1.0 3.0 0.416516 16.6512
1.0 3.0 0.415908 16.6514
1.0 3.0 0.416072 16.6507
1.0 3.0 0.417715 16.6518
1.0 3.0 0.417542 16.6526
1.0 3.0 0.423836 16.6511
1.0 3.0 0.424524 16.6453
1.0 3.0 0.419666 16.6499
1.0 3.0 0.417954 16.5298
1.0 3.0 0.415575 16.6487
1.0 3.0 0.426519 16.63
1.0 3.0 0.421546 16.6045
1.0 3.0 0.421071 16.6501
1.0 3.0 0.482679 16.6517
1.0 3.0 0.41992 16.6212
1.0 3.0 0.404829 16.6439
1.0 3.0 0.421778 16.5716
1.0 3.0 0.419198 16.651
1.0 3.0 0.39473 16.649
1.0 3.0 0.426956 16.6481
1.0 3.0 0.404731 16.6509
1.0 3.0 0.42057 16.6515
1.0 3.0 0.419214 16.6509
1.0 3.0 0.418106 16.6527
1.0 3.0 0.406796 16.6428
1.0 3.0 0.432868 16.6509
1.0 3.0 0.429823 16.6519
1.0 3.0 0.397933 16.6356
1.0 3.0 0.42609 16.6212
1.0 3.0 0.42451 16.6481
1.0 3.0 0.407641 16.6145
1.0 3.0 0.398835 16.6491
1.0 3.0 0.403351 16.59
1.0 3.0 0.397301 16.6128
1.0 3.0 0.414127 16.6525
1.0 3.0 0.438622 16.6511
1.0 3.0 0.422693 16.5473
1.0 3.0 0.455787 16.652
1.0 3.0 0.419964 16.6519
1.0 3.0 0.408323 16.562
1.0 3.0 0.419754 16.5262
1.0 3.0 0.412063 16.649
1.0 3.0 0.400288 16.6517
1.0 3.0 0.422755 16.6528
1.0 3.0 0.41709 16.6351
1.0 3.0 0.428879 16.6212
1.0 3.0 0.42024 16.6331
1.0 3.0 0.424456 16.65
1.0 3.0 0.392299 16.6489
1.0 3.0 0.396899 16.6479
1.0 4.0 0.34934 16.6368
1.0 4.0 0.336777 16.6426
1.0 4.0 0.354556 16.6528
1.0 4.0 0.35834 16.6303
1.0 4.0 0.76505 16.6526
1.0 4.0 0.352328 16.6413
1.0 4.0 0.757962 16.6063
1.0 4.0 0.332917 16.6455
1.0 4.0 0.77929 16.644
1.0 4.0 0.355735 16.6484
1.0 4.0 0.766493 16.5262
1.0 4.0 0.897742 16.6365
1.0 4.0 0.356332 16.6516
1.0 4.0 0.690671 16.6507
1.0 4.0 0.773548 16.6471
1.0 4.0 0.334142 16.6311
1.0 4.0 0.759728 16.6528
1.0 4.0 0.765928 16.6316
1.0 4.0 0.894346 16.6462
1.0 4.0 0.35924 16.6287
1.0 4.0 0.33292 16.6492
1.0 4.0 0.3672 16.6473
1.0 4.0 0.776052 16.6478
1.0 4.0 0.372657 16.6489
1.0 4.0 0.71432 16.6515
1.0 4.0 0.361302 16.6518
1.0 4.0 0.889907 16.6462
1.0 4.0 0.368288 16.6496
1.0 4.0 0.36881 16.6528
1.0 4.0 0.370146 16.5421
1.0 4.0 0.378196 16.6476
1.0 4.0 0.380726 16.6519
1.0 4.0 0.390494 16.6486
1.0 4.0 0.733768 16.649
1.0 4.0 0.368123 16.6375
1.0 4.0 0.331871 16.6488
1.0 4.0 0.892743 16.6119
1.0 4.0 0.671956 16.6369
1.0 4.0 0.339867 16.6518
1.0 4.0 0.753362 16.6528
1.0 4.0 0.907912 16.6395
1.0 4.0 0.73126 16.6498
1.0 4.0 0.687683 16.6018
1.0 4.0 0.744875 16.6484
1.0 4.0 0.376716 16.6506
1.0 4.0 0.754315 16.6511
1.0 4.0 0.739947 16.6126
1.0 4.0 0.681509 16.6492
1.0 4.0 0.381374 16.6457
1.0 4.0 0.394092 16.6514
1.0 5.0 0.620958 16.6481
1.0 5.0 1.12748 16.5933
1.0 5.0 0.728034 16.6406
1.0 5.0 0.670569 16.6528
1.0 5.0 0.715569 16.633
1.0 5.0 0.736297 16.6042
1.0 5.0 1.22359 16.6527
1.0 5.0 0.619098 16.6516
1.0 5.0 0.545259 16.6513
1.0 5.0 0.544809 16.6509
1.0 5.0 0.552472 16.6509
1.0 5.0 0.605426 16.6235
1.0 5.0 0.537787 16.6508
1.0 5.0 0.73445 16.6526
1.0 5.0 0.618544 16.5387
1.0 5.0 0.620616 16.5547
1.0 5.0 1.20428 16.6528
1.0 5.0 0.680471 16.6278
1.0 5.0 0.596601 16.6459
1.0 5.0 0.549178 16.652
1.0 5.0 0.563414 16.5973
1.0 5.0 0.615798 16.6497
1.0 5.0 0.616734 16.6509
1.0 5.0 0.61575 16.6465
1.0 5.0 0.636162 16.6528
1.0 5.0 0.594214 16.6231
1.0 5.0 0.851604 16.6402
1.0 5.0 0.855995 16.6522
1.0 5.0 0.553453 16.6443
1.0 5.0 0.737838 16.6527
1.0 5.0 0.730408 16.6331
1.0 5.0 0.851606 16.5112
1.0 5.0 0.689518 16.6517
1.0 5.0 0.53972 16.5882
1.0 5.0 0.548796 16.6456
1.0 5.0 0.601933 16.562
1.0 5.0 0.84755 16.6394
1.0 5.0 0.850096 16.6168
1.0 5.0 0.845526 16.6452
1.0 5.0 0.549236 16.6513
1.0 5.0 0.606753 16.648
1.0 5.0 0.559908 16.651
1.0 5.0 1.20298 16.6513
1.0 5.0 0.79219 16.6479
1.0 5.0 0.875167 16.6483
1.0 5.0 0.69049 16.6528
1.0 5.0 0.870389 16.6474
1.0 5.0 0.553497 16.6507
1.0 5.0 0.679373 16.6491
1.0 5.0 0.65067 16.6525
1.0 7.0 0.65172 16.605
1.0 7.0 1.57811 16.6268
1.0 7.0 0.604711 16.6527
1.0 7.0 1.59621 16.5435
1.0 7.0 1.602 16.6072
1.0 7.0 0.664314 16.6528
1.0 7.0 0.646504 16.643
1.0 7.0 1.60379 16.6487
1.0 7.0 1.57376 16.6283
1.0 7.0 1.56108 16.6204
1.0 7.0 1.62096 16.6181
1.0 7.0 0.679042 16.5913
1.0 7.0 0.656219 16.6324
1.0 7.0 0.63266 16.6528
1.0 7.0 1.68368 16.5774
1.0 7.0 0.629438 16.6486
1.0 7.0 0.720693 16.6508
1.0 7.0 0.627896 16.6412
1.0 7.0 0.633148 16.6527
1.0 7.0 0.630557 16.6492
1.0 7.0 1.58797 16.6508
1.0 7.0 0.627154 16.6522
1.0 7.0 1.59658 16.6515
1.0 7.0 1.54542 16.6348
1.0 7.0 0.6263 16.5962
1.0 7.0 0.632926 16.6464
1.0 7.0 0.619192 16.6525
1.0 7.0 1.59162 16.6457
1.0 7.0 1.53512 16.5434
1.0 7.0 1.58888 16.6378
1.0 7.0 0.889367 16.6126
1.0 7.0 1.61922 16.6523
1.0 7.0 0.626268 16.6335
1.0 7.0 0.638646 16.6457
1.0 7.0 0.91207 16.5746
1.0 7.0 0.642038 16.6327
1.0 7.0 0.645768 16.6526
1.0 7.0 0.651777 16.6464
1.0 7.0 0.848154 16.652
1.0 7.0 0.648026 16.6527
1.0 7.0 0.597707 16.6362
1.0 7.0 1.65384 16.6061
1.0 7.0 1.60013 16.6501
1.0 7.0 0.634389 16.6509
1.0 7.0 0.624371 16.6516
1.0 7.0 0.684202 16.6331
1.0 7.0 0.627971 16.6528
1.0 7.0 0.587908 16.6263
1.0 7.0 0.58785 16.6487
1.0 7.0 1.57911 16.6521
1.0 8.0 0.570074 16.6368
1.0 8.0 0.574051 16.6504
1.0 8.0 0.619977 16.6517
1.0 8.0 0.569873 16.598
1.0 8.0 0.571249 16.6461
1.0 8.0 0.666965 16.6478
1.0 8.0 0.645637 16.6465
1.0 8.0 0.570626 16.6489
1.0 8.0 0.57916 16.643
1.0 8.0 0.614421 16.6425
1.0 8.0 0.568887 16.6517
1.0 8.0 0.567988 16.627
1.0 8.0 0.574095 16.6445
1.0 8.0 0.601682 16.6528
1.0 8.0 0.61129 16.6303
1.0 8.0 0.563419 16.6327
1.0 8.0 0.610494 16.6247
1.0 8.0 0.607098 16.5703
1.0 8.0 0.588204 16.6485
1.0 8.0 0.617773 16.6515
1.0 8.0 0.618045 16.6374
1.0 8.0 2.1425 16.6526
1.0 8.0 0.568243 16.6507
1.0 8.0 0.563922 16.6414
1.0 8.0 0.575652 16.6513
1.0 8.0 0.571167 16.6394
1.0 8.0 0.572074 16.6523
1.0 8.0 0.5689 16.6445
1.0 8.0 0.599577 16.6316
1.0 8.0 1.60742 16.6524
1.0 8.0 0.612295 16.6353
1.0 8.0 0.613446 16.6456
1.0 8.0 0.578458 16.5935
1.0 8.0 0.57951 16.6369
1.0 8.0 0.579073 16.5271
1.0 8.0 0.571047 16.6426
1.0 8.0 0.567384 16.5902
1.0 8.0 0.687311 16.6518
1.0 8.0 0.569061 16.648
1.0 8.0 0.574252 16.6195
1.0 8.0 0.616293 16.598
1.0 8.0 0.572198 16.6445
1.0 8.0 0.577061 16.6476
1.0 8.0 0.573811 16.6442
1.0 8.0 0.608358 16.6473
1.0 8.0 0.611875 16.6432
1.0 8.0 0.690624 16.625
1.0 8.0 0.680457 16.6252
1.0 8.0 0.618984 16.6515
1.0 8.0 0.610621 16.648
1.0 9.0 0.701763 16.6524
1.0 9.0 0.705252 16.638
1.0 9.0 0.70489 16.6517
1.0 9.0 0.697375 16.6515
1.0 9.0 0.697505 16.6487
1.0 9.0 0.870719 16.6508
1.0 9.0 0.878003 16.6379
1.0 9.0 0.694314 16.6527
1.0 9.0 0.714609 16.6274
1.0 9.0 0.664049 16.6122
1.0 9.0 0.764323 16.6527
1.0 9.0 0.720449 16.6341
1.0 9.0 0.771536 16.6446
1.0 9.0 0.936483 16.6369
1.0 9.0 0.69951 16.6526
1.0 9.0 0.697393 16.6505
1.0 9.0 0.688199 16.6528
1.0 9.0 0.715075 16.6466
1.0 9.0 0.751567 16.6517
1.0 9.0 0.705544 16.6408
1.0 9.0 0.707321 16.6223
1.0 9.0 0.822016 16.6484
1.0 9.0 1.3706 16.6417
1.0 9.0 0.655806 16.6498
1.0 9.0 1.1094 16.6311
1.0 9.0 0.716173 16.6528
1.0 9.0 0.773376 16.6217
1.0 9.0 0.695542 16.5651
1.0 9.0 0.768626 16.575
1.0 9.0 0.778572 16.648
1.0 9.0 0.702444 16.6461
1.0 9.0 0.85533 16.6122
1.0 9.0 1.17245 16.5912
1.0 9.0 0.769933 16.6326
1.0 9.0 0.672864 16.6052
1.0 9.0 0.842518 16.5883
1.0 9.0 0.780961 16.6306
1.0 9.0 0.696115 16.649
1.0 9.0 0.707634 16.5518
1.0 9.0 0.988845 16.6515
1.0 9.0 0.70629 16.6483
1.0 9.0 0.67305 16.6421
1.0 9.0 0.701164 16.652
1.0 9.0 0.696706 16.6473
1.0 9.0 0.92971 16.6396
1.0 9.0 0.710362 16.6527
1.0 9.0 0.704249 16.6297
1.0 9.0 0.70036 16.6396
1.0 9.0 0.782726 16.648
1.0 9.0 0.861372 16.5949
1.0 15.0 0.781177 16.6521
1.0 15.0 0.765889 16.6527
1.0 15.0 0.822103 16.6033
1.0 15.0 0.818605 16.6332
1.0 15.0 0.825226 16.6446
1.0 15.0 0.902715 16.6412
1.0 15.0 0.735269 16.6431
1.0 15.0 0.760315 16.6505
1.0 15.0 0.763384 16.6341
1.0 15.0 0.821035 16.6483
1.0 15.0 0.84646 16.6493
1.0 15.0 0.932926 16.6449
1.0 15.0 0.823717 16.6491
1.0 15.0 0.749411 16.6473
1.0 15.0 0.723339 16.6396
1.0 15.0 0.758545 16.6505
1.0 15.0 0.768165 16.6526
1.0 15.0 0.751433 16.5262
1.0 15.0 0.80505 16.6527
1.0 15.0 0.751679 16.6478
1.0 15.0 0.910429 16.647
1.0 15.0 1.25152 16.6491
1.0 15.0 0.75444 16.6331
1.0 15.0 0.763444 16.6527
1.0 15.0 0.748887 16.6402
1.0 15.0 0.89474 16.6517
1.0 15.0 0.769181 16.6436
1.0 15.0 0.749538 16.6466
1.0 15.0 0.75298 16.6164
1.0 15.0 0.752757 16.6504
1.0 15.0 0.876413 16.6499
1.0 15.0 0.744325 16.6462
1.0 15.0 0.752956 16.6247
1.0 15.0 0.730008 16.5756
1.0 15.0 0.757983 16.6363
1.0 15.0 0.810766 16.6356
1.0 15.0 0.74651 16.6311
1.0 15.0 0.768208 16.643
1.0 15.0 0.766707 16.5933
1.0 15.0 0.760697 16.6522
1.0 15.0 0.739709 16.5442
1.0 15.0 0.769933 16.6459
1.0 15.0 0.825412 16.647
1.0 15.0 0.743967 16.647
1.0 15.0 0.771731 16.6181
1.0 15.0 0.742608 16.6405
1.0 15.0 0.747291 16.6122
1.0 15.0 1.04944 16.6311
1.0 15.0 0.749234 16.6468
1.0 15.0 0.896017 16.6523
1.0 16.0 0.764376 16.6375
1.0 16.0 0.788835 16.6136
1.0 16.0 0.750976 16.648
1.0 16.0 0.75395 16.649
1.0 16.0 0.767361 16.647
1.0 16.0 0.75643 16.6396
1.0 16.0 0.746833 16.6526
1.0 16.0 0.825807 16.6428
1.0 16.0 0.752307 16.6497
1.0 16.0 0.758125 16.6019
1.0 16.0 0.78041 16.6526
1.0 16.0 0.767388 16.6516
1.0 16.0 0.757851 16.6474
1.0 16.0 0.765132 16.6427
1.0 16.0 0.793201 16.6507
1.0 16.0 0.755263 16.6526
1.0 16.0 0.76228 16.6435
1.0 16.0 0.795406 16.6479
1.0 16.0 0.781228 16.6467
1.0 16.0 0.740517 16.6441
1.0 16.0 0.762639 16.6321
1.0 16.0 0.734574 16.6528
1.0 16.0 0.753265 16.6425
1.0 16.0 0.856636 16.6521
1.0 16.0 0.930096 16.63
1.0 16.0 0.953983 16.6391
1.0 16.0 0.907028 16.6359
1.0 16.0 0.722342 16.6507
1.0 16.0 0.763687 16.642
1.0 16.0 0.759913 16.6466
1.0 16.0 0.754513 16.5262
1.0 16.0 0.749671 16.644
1.0 16.0 0.753863 16.6437
1.0 16.0 0.767819 16.6036
1.0 16.0 0.786243 16.6321
1.0 16.0 0.748771 16.6319
1.0 16.0 0.730863 16.5972
1.0 16.0 0.760075 16.6406
1.0 16.0 0.772566 16.6431
1.0 16.0 0.836637 16.6479
1.0 16.0 0.909223 16.6036
1.0 16.0 0.754736 16.6517
1.0 16.0 0.759175 16.6508
1.0 16.0 0.758268 16.627
1.0 16.0 0.839416 16.6501
1.0 16.0 0.746292 16.6515
1.0 16.0 0.773945 16.6476
1.0 16.0 0.76403 16.6475
1.0 16.0 0.76403 16.6475
1.0 16.0 0.76403 16.6475
1.0 17.0 0.80445 16.6528
1.0 17.0 0.852187 16.63
1.0 17.0 1.18784 16.649
1.0 17.0 0.860462 16.6514
1.0 17.0 0.990295 16.6525
1.0 17.0 0.992762 16.6446
1.0 17.0 0.84077 16.647
1.0 17.0 1.35854 16.6396
1.0 17.0 0.837803 16.6349
1.0 17.0 0.895642 16.5262
1.0 17.0 1.32971 16.649
1.0 17.0 0.942277 16.6462
1.0 17.0 0.966358 16.6513
1.0 17.0 0.778264 16.6451
1.0 17.0 0.776385 16.6517
1.0 17.0 1.21396 16.6517
1.0 17.0 0.809344 16.6374
1.0 17.0 0.897586 16.6479
1.0 17.0 0.766934 16.6457
1.0 17.0 0.807326 16.6445
1.0 17.0 0.782441 16.6526
1.0 17.0 0.818163 16.6483
1.0 17.0 0.831425 16.6153
1.0 17.0 0.832726 16.6509
1.0 17.0 0.804532 16.6391
1.0 17.0 0.824044 16.6464
1.0 17.0 0.899655 16.6526
1.0 17.0 0.855427 16.6521
1.0 17.0 0.803005 16.5975
1.0 17.0 1.20036 16.6519
1.0 17.0 0.902366 16.6001
1.0 17.0 0.94468 16.6448
1.0 17.0 1.19352 16.5262
1.0 17.0 1.18574 16.648
1.0 17.0 0.783378 16.641
1.0 17.0 0.82042 16.6436
1.0 17.0 0.86008 16.6236
1.0 17.0 0.832814 16.651
1.0 17.0 1.1825 16.6516
1.0 17.0 0.772394 16.6454
1.0 17.0 1.17427 16.6513
1.0 17.0 1.10815 16.6476
1.0 17.0 1.24655 16.6521
1.0 17.0 1.23426 16.6291
1.0 17.0 0.958088 16.6523
1.0 17.0 1.14743 16.6507
1.0 17.0 0.887491 16.644
1.0 17.0 1.26316 16.6252
1.0 17.0 1.28245 16.6466
1.0 17.0 1.39336 16.6311
1.0 31.0 0.893642 16.6526
1.0 31.0 0.925495 16.6524
1.0 31.0 0.869308 16.6517
1.0 31.0 0.811395 16.62
1.0 31.0 0.922608 16.6019
1.0 31.0 0.828976 16.6328
1.0 31.0 0.827985 16.6506
1.0 31.0 0.861912 16.6517
1.0 31.0 0.878084 16.6419
1.0 31.0 0.810814 16.6512
1.0 31.0 0.925329 16.6437
1.0 31.0 0.816826 16.6378
1.0 31.0 0.821927 16.5537
1.0 31.0 0.910685 16.65
1.0 31.0 0.923924 16.6528
1.0 31.0 0.920112 16.63
1.0 31.0 0.827743 16.6503
1.0 31.0 0.838911 16.647
1.0 31.0 0.879783 16.6144
1.0 31.0 0.908728 16.6413
1.0 31.0 0.951529 16.6526
1.0 31.0 1.18322 16.6488
1.0 31.0 0.791276 16.649
1.0 31.0 0.802666 16.6476
1.0 31.0 0.922777 16.6527
1.0 31.0 0.922286 16.6506
1.0 31.0 0.950063 16.6177
1.0 31.0 0.904877 16.6524
1.0 31.0 0.827251 16.6512
1.0 31.0 0.922042 16.6517
1.0 31.0 0.820989 16.6227
1.0 31.0 0.898198 16.6519
1.0 31.0 0.888599 16.6524
1.0 31.0 0.922766 16.651
1.0 31.0 0.820932 16.6498
1.0 31.0 0.81623 16.6367
1.0 31.0 0.95921 16.5947
1.0 31.0 0.817081 16.6437
1.0 31.0 0.897634 16.6476
1.0 31.0 0.881238 16.651
1.0 31.0 0.870147 16.6513
1.0 31.0 0.908529 16.6369
1.0 31.0 0.828299 16.651
1.0 31.0 0.786098 16.6469
1.0 31.0 0.932166 16.6457
1.0 31.0 0.940554 16.6491
1.0 31.0 0.812875 16.5935
1.0 31.0 0.825107 16.6501
1.0 31.0 0.895065 16.6155
1.0 31.0 0.895065 16.6155
1.0 32.0 0.929399 16.637
1.0 32.0 1.34045 16.6445
1.0 32.0 0.931281 16.6524
1.0 32.0 1.37672 16.6453
1.0 32.0 0.945832 16.6516
1.0 32.0 0.927072 16.6381
1.0 32.0 0.930601 16.607
1.0 32.0 0.921249 16.5724
1.0 32.0 0.940303 16.6315
1.0 32.0 1.33538 16.6517
1.0 32.0 0.935018 16.6502
1.0 32.0 0.920444 16.6515
1.0 32.0 0.916874 16.6493
1.0 32.0 0.923953 16.6415
1.0 32.0 1.33112 16.6476
1.0 32.0 0.94907 16.6507
1.0 32.0 0.932625 16.595
1.0 32.0 0.920025 16.6516
1.0 32.0 1.36307 16.6518
1.0 32.0 0.933451 16.6516
1.0 32.0 0.920925 16.6516
1.0 32.0 0.931053 16.6476
1.0 32.0 0.921514 16.5587
1.0 32.0 0.938526 16.6479
1.0 32.0 1.34823 16.6352
1.0 32.0 0.925386 16.6524
1.0 32.0 0.92807 16.5877
1.0 32.0 0.926707 16.6516
1.0 32.0 1.01128 16.6329
1.0 32.0 0.928631 16.6368
1.0 32.0 0.988536 16.4313
1.0 32.0 0.928023 16.6419
1.0 32.0 1.35569 16.6469
1.0 32.0 0.933208 16.6078
1.0 32.0 0.931641 16.6517
1.0 32.0 0.935534 16.6454
1.0 32.0 1.37038 16.6267
1.0 32.0 0.98717 16.6162
1.0 32.0 0.888387 16.6408
1.0 32.0 1.34518 16.6497
1.0 32.0 0.920074 16.6528
1.0 32.0 0.935366 16.6396
1.0 32.0 0.934813 16.6234
1.0 32.0 1.34271 16.651
1.0 32.0 0.933925 16.6526
1.0 32.0 0.915218 16.6395
1.0 32.0 0.896685 16.6518
1.0 32.0 0.93204 16.6467
1.0 32.0 1.35296 16.6396
1.0 32.0 0.928909 16.6049
1.0 33.0 0.862014 16.6526
1.0 33.0 0.989692 16.5262
1.0 33.0 1.35239 16.6365
1.0 33.0 0.935404 16.6427
1.0 33.0 1.02574 16.6528
1.0 33.0 1.30101 16.6528
1.0 33.0 0.879301 16.6515
1.0 33.0 0.896772 16.6174
1.0 33.0 1.25785 16.5796
1.0 33.0 1.26853 16.6482
1.0 33.0 0.98784 16.6392
1.0 33.0 1.42957 16.6487
1.0 33.0 1.38179 16.6426
1.0 33.0 0.99217 16.625
1.0 33.0 1.06227 16.6476
1.0 33.0 0.883269 16.6136
1.0 33.0 0.857044 16.6528
1.0 33.0 1.02581 16.6527
1.0 33.0 0.933612 16.5918
1.0 33.0 1.24586 16.6033
1.0 33.0 0.996304 16.6507
1.0 33.0 1.04773 16.6453
1.0 33.0 1.34101 16.6501
1.0 33.0 0.888975 16.6509
1.0 33.0 0.886433 16.6517
1.0 33.0 0.99531 16.6515
1.0 33.0 0.993674 16.6359
1.0 33.0 1.33664 16.5913
1.0 33.0 0.992547 16.6096
1.0 33.0 1.42318 16.6517
1.0 33.0 0.953089 16.6506
1.0 33.0 1.05005 16.6526
1.0 33.0 1.01257 16.6503
1.0 33.0 0.864266 16.6504
1.0 33.0 1.32655 16.6527
1.0 33.0 0.981632 16.6521
1.0 33.0 0.87397 16.6483
1.0 33.0 0.889848 16.6313
1.0 33.0 1.00779 16.6486
1.0 33.0 0.876323 16.6068
1.0 33.0 1.44596 16.6409
1.0 33.0 1.04143 16.6498
1.0 33.0 1.2722 16.6525
1.0 33.0 0.891829 16.6274
1.0 33.0 0.886869 16.648
1.0 33.0 0.888128 16.6445
1.0 33.0 1.02073 16.6096
1.0 33.0 0.889516 16.6391
1.0 33.0 1.03279 16.6391
1.0 33.0 1.03279 16.6391
2.0 3.0 0.365982 -1.06054e-08
2.0 3.0 0.387754 -3.20395e-06
2.0 3.0 0.409326 -6.41847e-07
2.0 3.0 0.362828 -1.07745e-11
2.0 3.0 0.37466 -1.3533e-08
2.0 3.0 0.386142 -1.29258e-05
2.0 3.0 0.335496 -6.34292e-07
2.0 3.0 0.36088 -2.40519e-11
2.0 3.0 0.368835 -4.32861e-08
2.0 3.0 0.384804 -8.81858e-14
2.0 3.0 0.364779 -2.20525e-06
2.0 3.0 1.08299 -5.87383e-08
2.0 3.0 0.419899 -2.21566e-06
2.0 3.0 0.401171 -1.76672e-08
2.0 3.0 0.40417 -1.70193e-07
2.0 3.0 0.425263 -8.88931e-10
2.0 3.0 0.384489 -6.5032e-06
2.0 3.0 0.368557 -4.77138e-10
2.0 3.0 0.404536 -7.15437e-05
2.0 3.0 0.431324 -3.05045e-06
2.0 3.0 0.369855 -7.02088e-09
2.0 3.0 0.411377 -3.98849e-14
2.0 3.0 0.331505 -2.26559e-06
2.0 3.0 0.377221 -2.2813e-07
2.0 3.0 0.372227 -4.58325e-07
2.0 3.0 1.0831 -2.13315e-05
2.0 3.0 1.09477 -6.20504e-09
2.0 3.0 0.452659 -1.01989e-20
2.0 3.0 0.360992 -3.73968e-15
2.0 3.0 0.382919 -1.3533e-08
2.0 3.0 1.097 -1.48966e-07
2.0 3.0 1.0848 -6.43241e-15
2.0 3.0 1.08185 -1.47709e-06
2.0 3.0 0.423449 -3.57993e-09
2.0 3.0 0.343685 -2.57027e-12
2.0 3.0 0.392472 -2.12208e-07
2.0 3.0 0.33218 -3.69608e-06
2.0 3.0 0.975726 -4.13794e-06
2.0 3.0 0.397097 -4.48441e-08
2.0 3.0 0.381656 -3.756e-11
2.0 3.0 0.940888 -2.94407e-10
2.0 3.0 1.10646 -1.23623e-08
2.0 3.0 1.04015 -1.67994e-11
2.0 3.0 1.09211 -4.02493e-11
2.0 3.0 0.395972 -1.3533e-08
2.0 3.0 0.345068 -4.99033e-12
2.0 3.0 1.39629 -5.26215e-17
2.0 3.0 0.418598 -2.92414e-07
2.0 3.0 0.940597 -9.3504e-07
2.0 3.0 0.400589 -3.1353e-06
2.0 4.0 0.736728 -7.24082e-07
2.0 4.0 0.360322 -3.57809e-06
2.0 4.0 0.431652 -4.66524e-07
2.0 4.0 0.736344 -2.29305e-07
2.0 4.0 0.672499 -6.10146e-06
2.0 4.0 0.374468 -1.91783e-07
2.0 4.0 0.324323 -1.52221e-09
2.0 4.0 0.751664 -7.82643e-08
2.0 4.0 0.793687 -2.73321e-07
2.0 4.0 0.362375 -9.46663e-08
2.0 4.0 0.440413 -1.43662e-06
2.0 4.0 0.358453 -2.0341e-10
2.0 4.0 0.385586 -5.51679e-06
2.0 4.0 0.375207 -1.97699e-07
2.0 4.0 0.320652 -2.80785e-08
2.0 4.0 0.370446 -3.47866e-06
2.0 4.0 0.322692 -6.31121e-10
2.0 4.0 0.811067 -4.85371e-09
2.0 4.0 0.907641 -1.27057e-11
2.0 4.0 0.730603 -6.63845e-07
2.0 4.0 0.383264 -1.61045e-10
2.0 4.0 0.379903 -5.16887e-11
2.0 4.0 0.698245 -1.54559e-08
2.0 4.0 0.391319 -4.81492e-07
2.0 4.0 0.944364 -3.25432e-17
2.0 4.0 0.38904 -1.69796e-08
2.0 4.0 0.374386 -2.02587e-07
2.0 4.0 0.723549 -6.73645e-06
2.0 4.0 0.386235 -1.49448e-09
2.0 4.0 0.792904 -1.80145e-06
2.0 4.0 0.719086 -1.49968e-07
2.0 4.0 0.791639 -1.38627e-07
2.0 4.0 0.383801 -6.91277e-07
2.0 4.0 0.370527 -2.50641e-06
2.0 4.0 0.348546 -1.17457e-09
2.0 4.0 0.357364 -2.45031e-09
2.0 4.0 0.893068 -3.41816e-07
2.0 4.0 0.691374 -3.1229e-09
2.0 4.0 0.689202 -4.24545e-08
2.0 4.0 0.396881 -4.58929e-06
2.0 4.0 0.765516 -7.05148e-06
2.0 4.0 0.79335 -1.27097e-06
2.0 4.0 0.385423 -5.17798e-08
2.0 4.0 0.326458 -6.04654e-06
2.0 4.0 0.798557 -1.06714e-06
2.0 4.0 0.367022 -1.26945e-08
2.0 4.0 0.700175 -2.53876e-06
2.0 4.0 0.799802 -1.6812e-11
2.0 4.0 0.783935 -8.1546e-06
2.0 4.0 0.359495 -2.69965e-10
2.0 5.0 0.804971 -3.72287e-08
2.0 5.0 0.597895 -1.58519e-09
2.0 5.0 0.718108 -2.80234e-08
2.0 5.0 0.561831 -6.68131e-09
2.0 5.0 0.650029 -3.44079e-12
2.0 5.0 0.54625 -1.7048e-08
2.0 5.0 0.82082 -2.41157e-08
2.0 5.0 0.932389 -4.05812e-07
2.0 5.0 0.534073 -4.5792e-06
2.0 5.0 1.18274 -2.2346e-06
2.0 5.0 0.64115 -1.94039e-06
2.0 5.0 0.867637 -3.72168e-05
2.0 5.0 0.543898 -3.96589e-08
2.0 5.0 0.540325 -2.74386e-06
2.0 5.0 0.812513 -4.73517e-13
2.0 5.0 0.5416 -4.45805e-07
2.0 5.0 0.607213 -7.67946e-07
2.0 5.0 0.537863 -2.85584e-19
2.0 5.0 0.832994 -2.34724e-07
2.0 5.0 0.583066 -9.89039e-09
2.0 5.0 0.542239 -6.85556e-07
2.0 5.0 0.914828 -1.15295e-06
2.0 5.0 0.603395 -2.95225e-07
2.0 5.0 0.648045 -2.10616e-10
2.0 5.0 0.536893 -5.23109e-06
2.0 5.0 0.639139 -1.48702e-06
2.0 5.0 0.688654 -6.11506e-06
2.0 5.0 0.543908 -8.86409e-08
2.0 5.0 0.663295 -3.92841e-08
2.0 5.0 0.662962 -3.36455e-12
2.0 5.0 0.878202 -3.13283e-07
2.0 5.0 0.663519 -1.47832e-07
2.0 5.0 0.590275 -2.03175e-10
2.0 5.0 0.550633 -3.59907e-06
2.0 5.0 0.640807 -4.62156e-12
2.0 5.0 0.571629 -2.26769e-06
2.0 5.0 0.588422 -5.91578e-06
2.0 5.0 0.874898 -2.63314e-06
2.0 5.0 0.705661 -1.24166e-08
2.0 5.0 0.555539 -1.94331e-08
2.0 5.0 0.55974 -1.56294e-08
2.0 5.0 0.818677 -1.8255e-06
2.0 5.0 0.62236 -3.44161e-08
2.0 5.0 0.816651 -8.10317e-15
2.0 5.0 0.762729 -1.91818e-09
2.0 5.0 0.817342 -1.00025e-14
2.0 5.0 0.595501 -5.73973e-10
2.0 5.0 1.30467 -2.39161e-08
2.0 5.0 0.594039 -2.05341e-09
2.0 5.0 0.578503 -5.0907e-08
2.0 7.0 0.882986 -6.6641e-08
2.0 7.0 0.572512 -3.73276e-09
2.0 7.0 0.572286 -1.04802e-06
2.0 7.0 1.57584 -3.87458e-09
2.0 7.0 0.568148 -3.3171e-06
2.0 7.0 0.649084 -4.48412e-06
2.0 7.0 0.818238 -4.22495e-06
2.0 7.0 0.749342 -1.95211e-07
2.0 7.0 0.84662 -2.67992e-06
2.0 7.0 0.577924 -9.67415e-10
2.0 7.0 0.620276 -3.76723e-08
2.0 7.0 0.721833 -7.0554e-06
2.0 7.0 0.848493 -5.64045e-07
2.0 7.0 0.611194 -2.10539e-08
2.0 7.0 0.579584 -1.79033e-08
2.0 7.0 0.71268 -4.38086e-06
2.0 7.0 0.583853 -9.14709e-07
2.0 7.0 0.819987 -1.11298e-06
2.0 7.0 0.558613 -4.23355e-06
2.0 7.0 0.72831 -1.37512e-05
2.0 7.0 0.571058 -1.67081e-12
2.0 7.0 0.5675 -7.69714e-07
2.0 7.0 0.560455 -5.14959e-07
2.0 7.0 0.721053 -3.24474e-16
2.0 7.0 1.62664 -4.71214e-06
2.0 7.0 0.867111 -1.21238e-06
2.0 7.0 0.61183 -8.80294e-10
2.0 7.0 0.726236 -1.38226e-08
2.0 7.0 0.637564 -5.64417e-07
2.0 7.0 1.58184 -6.40552e-13
2.0 7.0 0.611604 -4.88759e-08
2.0 7.0 0.565782 -1.81403e-14
2.0 7.0 0.856237 -6.55602e-07
2.0 7.0 0.714903 -1.5922e-09
2.0 7.0 1.63381 -3.11204e-09
2.0 7.0 0.588528 -1.11309e-05
2.0 7.0 0.884932 -3.18683e-07
2.0 7.0 0.656265 -4.72832e-07
2.0 7.0 0.570126 -3.10371e-09
2.0 7.0 1.54324 -1.45947e-05
2.0 7.0 0.880309 -4.6114e-08
2.0 7.0 0.618957 -1.11899e-05
2.0 7.0 0.565251 -2.17806e-16
2.0 7.0 0.567297 -1.65409e-07
2.0 7.0 0.567094 -4.15195e-07
2.0 7.0 0.892473 -3.50761e-07
2.0 7.0 0.891651 -2.39205e-07
2.0 7.0 0.627078 -3.97823e-10
2.0 7.0 0.61722 -7.4765e-14
2.0 7.0 0.620661 -2.6531e-07
2.0 8.0 0.594268 -2.24483e-08
2.0 8.0 0.558188 -2.17929e-08
2.0 8.0 0.562213 -1.20637e-07
2.0 8.0 0.804037 -1.81574e-08
2.0 8.0 0.582574 -8.28376e-17
2.0 8.0 0.565302 -6.01435e-08
2.0 8.0 0.601722 -1.49759e-07
2.0 8.0 0.600826 -1.45936e-05
2.0 8.0 0.556936 -8.6464e-07
2.0 8.0 0.577522 -6.4569e-09
2.0 8.0 0.609195 -1.0364e-05
2.0 8.0 0.564972 -1.61049e-11
2.0 8.0 0.608788 -3.74014e-08
2.0 8.0 0.568615 -4.09059e-10
2.0 8.0 0.594536 -1.01589e-09
2.0 8.0 0.609956 -4.27016e-11
2.0 8.0 0.574269 -1.4795e-16
2.0 8.0 0.581235 -7.04637e-07
2.0 8.0 0.592386 -4.46163e-06
2.0 8.0 0.598244 -2.35558e-07
2.0 8.0 0.562408 -1.12715e-05
2.0 8.0 0.569282 -4.30889e-06
2.0 8.0 0.57176 -3.58085e-07
2.0 8.0 0.570894 -6.9494e-08
2.0 8.0 0.779222 -4.29992e-07
2.0 8.0 0.791325 -2.91887e-06
2.0 8.0 0.605297 -6.02695e-12
2.0 8.0 0.604862 -4.81198e-06
2.0 8.0 0.560528 -1.82556e-05
2.0 8.0 0.635023 -3.39857e-07
2.0 8.0 0.564999 -9.00988e-07
2.0 8.0 1.02917 -2.78065e-10
2.0 8.0 0.569096 -1.38624e-07
2.0 8.0 0.561127 -1.99639e-08
2.0 8.0 0.560944 -9.38146e-13
2.0 8.0 0.569501 -4.41842e-08
2.0 8.0 0.598601 -6.08472e-16
2.0 8.0 0.606171 -1.49985e-06
2.0 8.0 0.598639 -1.57124e-13
2.0 8.0 0.580113 -2.92871e-07
2.0 8.0 0.576 -2.72969e-07
2.0 8.0 0.610752 -1.68204e-11
2.0 8.0 0.566478 -1.17137e-10
2.0 8.0 0.575551 -9.95358e-07
2.0 8.0 0.609651 -1.30017e-18
2.0 8.0 0.693159 -4.79629e-11
2.0 8.0 0.560588 -8.06276e-06
2.0 8.0 0.559593 -6.35018e-09
2.0 8.0 0.600852 -1.01463e-05
2.0 8.0 0.600852 -1.01463e-05
2.0 9.0 0.703166 -9.17446e-08
2.0 9.0 0.810538 -1.38665e-14
2.0 9.0 0.8377 -7.45461e-09
2.0 9.0 0.776377 -7.16852e-06
2.0 9.0 0.855082 -1.76745e-06
2.0 9.0 0.708499 -1.93114e-07
2.0 9.0 1.22075 -5.35537e-07
2.0 9.0 0.656403 -2.76284e-09
2.0 9.0 0.708632 -1.98975e-08
2.0 9.0 0.698957 -3.78257e-07
2.0 9.0 0.716148 -6.32432e-06
2.0 9.0 0.717358 -1.31842e-07
2.0 9.0 0.94157 -2.74357e-06
2.0 9.0 0.697007 -1.09504e-09
2.0 9.0 0.756533 -1.48249e-10
2.0 9.0 0.704663 -3.27102e-17
2.0 9.0 0.728728 -2.26305e-07
2.0 9.0 0.742346 -4.48152e-07
2.0 9.0 0.803334 -4.3791e-05
2.0 9.0 0.792972 -3.13182e-06
2.0 9.0 0.833 -4.0452e-07
2.0 9.0 0.747368 -7.24128e-09
2.0 9.0 0.709477 -5.82112e-06
2.0 9.0 0.675965 -3.51261e-14
2.0 9.0 0.707968 -1.54706e-07
2.0 9.0 0.854837 -5.96031e-07
2.0 9.0 0.681156 -2.71073e-09
2.0 9.0 0.787741 -1.30606e-07
2.0 9.0 0.985214 -1.47384e-07
2.0 9.0 0.822307 -1.34299e-09
2.0 9.0 0.96506 -2.63471e-06
2.0 9.0 0.799793 -3.79982e-08
2.0 9.0 1.03345 -1.35728e-06
2.0 9.0 0.748463 -5.89138e-09
2.0 9.0 0.699609 -7.97678e-10
2.0 9.0 0.71684 -5.04853e-06
2.0 9.0 0.697485 -7.41328e-16
2.0 9.0 0.718379 -3.60716e-06
2.0 9.0 0.782099 -2.12404e-08
2.0 9.0 0.724379 -3.57023e-06
2.0 9.0 0.718282 -2.81334e-06
2.0 9.0 0.773113 -3.23959e-08
2.0 9.0 0.699632 -3.61685e-06
2.0 9.0 0.729181 -4.8659e-17
2.0 9.0 1.14678 -3.48364e-10
2.0 9.0 0.765141 -1.24503e-07
2.0 9.0 0.779 -5.46402e-07
2.0 9.0 0.654259 -3.29392e-06
2.0 9.0 0.787245 -1.52752e-06
2.0 9.0 0.670907 -2.92548e-06
2.0 15.0 0.753084 -1.6673e-10
2.0 15.0 0.75502 -7.70448e-08
2.0 15.0 0.767006 -1.46584e-06
2.0 15.0 0.825212 -5.50774e-06
2.0 15.0 0.822946 -1.62116e-06
2.0 15.0 0.812501 -7.60748e-06
2.0 15.0 0.766196 -6.07462e-06
2.0 15.0 0.846212 -5.27762e-08
2.0 15.0 1.15039 -1.88117e-06
2.0 15.0 0.747825 -7.23731e-07
2.0 15.0 1.07127 -8.73643e-10
2.0 15.0 0.773336 -1.36576e-07
2.0 15.0 1.2534 -1.01164e-07
2.0 15.0 0.762662 -8.68191e-15
2.0 15.0 0.730114 -1.40138e-09
2.0 15.0 0.762833 -3.36283e-06
2.0 15.0 0.753667 -1.24593e-06
2.0 15.0 0.765937 -3.07733e-06
2.0 15.0 0.770697 -2.70936e-13
2.0 15.0 0.744068 -2.23833e-10
2.0 15.0 0.747467 -2.3724e-06
2.0 15.0 0.75511 -2.9652e-07
2.0 15.0 0.842977 -2.18226e-07
2.0 15.0 0.755885 -1.49598e-06
2.0 15.0 0.772467 -6.34977e-09
2.0 15.0 0.829263 -3.69055e-15
2.0 15.0 0.838577 -8.27931e-15
2.0 15.0 0.769077 -8.31193e-07
2.0 15.0 0.765251 -1.97924e-07
2.0 15.0 0.771622 -1.45287e-09
2.0 15.0 0.773731 -5.8331e-08
2.0 15.0 0.769052 -1.07693e-06
2.0 15.0 1.04665 -3.56471e-12
2.0 15.0 0.879473 -2.20595e-09
2.0 15.0 0.76229 -9.09364e-06
2.0 15.0 0.84454 -9.7953e-11
2.0 15.0 0.745968 -4.37784e-14
2.0 15.0 0.749938 -3.02882e-10
2.0 15.0 0.756722 -2.47945e-09
2.0 15.0 0.770837 -1.00975e-13
2.0 15.0 0.842359 -1.71042e-08
2.0 15.0 0.757207 -1.58795e-08
2.0 15.0 0.750585 -4.69442e-07
2.0 15.0 0.755477 -1.1816e-07
2.0 15.0 0.767299 -1.11823e-06
2.0 15.0 0.772902 -8.19689e-08
2.0 15.0 0.764696 -1.07111e-06
2.0 15.0 0.778538 -6.26807e-05
2.0 15.0 0.778538 -6.26807e-05
2.0 15.0 0.778538 -6.26807e-05
2.0 16.0 0.773269 -1.15757e-06
2.0 16.0 0.750934 -6.9454e-07
2.0 16.0 0.756372 -1.15178e-05
2.0 16.0 1.01147 -4.80749e-06
2.0 16.0 0.764294 -3.65233e-10
2.0 16.0 0.781636 -2.47215e-11
2.0 16.0 0.766171 -8.34099e-08
2.0 16.0 0.751306 -5.19408e-07
2.0 16.0 0.753003 -1.58408e-06
2.0 16.0 0.764949 -3.28961e-07
2.0 16.0 0.840328 -2.08262e-07
2.0 16.0 0.740966 -6.97225e-06
2.0 16.0 0.860433 -9.1939e-09
2.0 16.0 0.768689 -2.41945e-09
2.0 16.0 0.760441 -6.44566e-17
2.0 16.0 0.740981 -5.15305e-11
2.0 16.0 0.751737 -1.35146e-10
2.0 16.0 0.758516 -3.97978e-14
2.0 16.0 0.773527 -5.16979e-07
2.0 16.0 0.766323 -2.83593e-10
2.0 16.0 0.756788 -2.05895e-07
2.0 16.0 0.978009 -4.11785e-06
2.0 16.0 0.749949 -1.0088e-06
2.0 16.0 0.716864 -4.24912e-07
2.0 16.0 0.752518 -3.47033e-08
2.0 16.0 0.774472 -3.26791e-15
2.0 16.0 0.748614 -2.49475e-07
2.0 16.0 0.755831 -3.14056e-09
2.0 16.0 0.859482 -6.54828e-14
2.0 16.0 0.754018 -1.93769e-09
2.0 16.0 0.732195 -1.04773e-05
2.0 16.0 0.755609 -4.25027e-10
2.0 16.0 0.758989 -1.75205e-06
2.0 16.0 0.767457 -2.77137e-08
2.0 16.0 0.757077 -1.16258e-05
2.0 16.0 0.748906 -5.48253e-07
2.0 16.0 0.766109 -2.29467e-14
2.0 16.0 0.752093 -7.47109e-06
2.0 16.0 0.758006 -1.6768e-15
2.0 16.0 0.764667 -2.61668e-15
2.0 16.0 0.821673 -3.76731e-10
2.0 16.0 0.8421 -2.78618e-07
2.0 16.0 0.754815 -9.49558e-09
2.0 16.0 0.765347 -1.0493e-16
2.0 16.0 0.751263 -2.96657e-06
2.0 16.0 0.748135 -1.26716e-07
2.0 16.0 0.75763 -3.47047e-05
2.0 16.0 0.74982 -3.25265e-08
2.0 16.0 0.763235 -1.14451e-11
2.0 16.0 0.827178 -1.36896e-05
2.0 17.0 0.846571 -5.75527e-07
2.0 17.0 0.843634 -8.61922e-07
2.0 17.0 0.783605 -1.60966e-07
2.0 17.0 0.798881 -9.61451e-13
2.0 17.0 1.2929 -8.78542e-09
2.0 17.0 0.891147 -4.27528e-07
2.0 17.0 0.961314 -1.22517e-07
2.0 17.0 1.34925 -2.68254e-07
2.0 17.0 1.07547 -2.95239e-06
2.0 17.0 1.10012 -2.25584e-06
2.0 17.0 0.870157 -2.01485e-07
2.0 17.0 0.839931 -2.64403e-11
2.0 17.0 0.881049 -9.23262e-08
2.0 17.0 0.86132 -6.80188e-06
2.0 17.0 0.831585 -1.14392e-18
2.0 17.0 0.964723 -9.22492e-07
2.0 17.0 0.977549 -1.82488e-08
2.0 17.0 1.24428 -2.28429e-08
2.0 17.0 1.074 -1.75101e-08
2.0 17.0 0.842133 -1.99451e-05
2.0 17.0 0.870639 -3.05716e-07
2.0 17.0 0.953251 -1.10157e-06
2.0 17.0 0.938679 -1.48385e-06
2.0 17.0 1.34702 -1.70398e-17
2.0 17.0 1.24406 -3.74019e-09
2.0 17.0 1.27556 -9.20894e-14
2.0 17.0 0.819612 -3.61948e-07
2.0 17.0 0.813365 -1.12655e-12
2.0 17.0 0.863735 -1.29577e-06
2.0 17.0 0.819829 -6.72255e-08
2.0 17.0 0.810941 -1.10824e-05
2.0 17.0 0.945526 -1.05519e-06
2.0 17.0 0.983125 -4.02682e-05
2.0 17.0 1.15329 -2.9367e-07
2.0 17.0 0.872739 -4.59273e-13
2.0 17.0 0.941867 -2.93725e-08
2.0 17.0 0.817199 -2.63595e-06
2.0 17.0 0.871071 -5.13332e-06
2.0 17.0 0.764083 -7.59382e-10
2.0 17.0 0.949574 -3.4527e-06
2.0 17.0 0.78118 -3.88421e-12
2.0 17.0 0.859338 -4.52582e-10
2.0 17.0 1.15387 -2.1534e-06
2.0 17.0 0.779797 -9.70337e-11
2.0 17.0 0.873027 -1.4675e-09
2.0 17.0 0.908512 -2.34007e-07
2.0 17.0 0.932216 -7.3806e-07
2.0 17.0 0.991535 -4.45648e-06
2.0 17.0 1.13915 -1.83456e-05
2.0 17.0 1.18028 -3.62348e-17
2.0 31.0 0.814537 -2.26433e-08
2.0 31.0 0.77412 -2.3808e-06
2.0 31.0 0.87001 -1.41339e-11
2.0 31.0 0.884826 -5.17553e-09
2.0 31.0 0.920765 -4.68536e-07
2.0 31.0 0.824796 -4.68131e-08
2.0 31.0 0.908944 -5.43418e-07
2.0 31.0 0.922831 -2.96597e-06
2.0 31.0 0.825499 -4.13043e-07
2.0 31.0 0.877867 -1.0738e-05
2.0 31.0 1.3246 -6.86136e-07
2.0 31.0 0.94343 -2.69912e-05
2.0 31.0 0.846441 -6.37226e-06
2.0 31.0 0.878769 -2.48707e-05
2.0 31.0 0.827834 -9.55674e-07
2.0 31.0 0.875186 -5.11558e-06
2.0 31.0 0.920389 -1.26652e-09
2.0 31.0 0.817855 -1.83265e-08
2.0 31.0 0.911076 -3.52292e-06
2.0 31.0 0.820016 -1.0946e-06
2.0 31.0 0.828025 -1.57356e-15
2.0 31.0 0.825862 -4.13433e-07
2.0 31.0 0.947547 -1.58489e-06
2.0 31.0 0.845413 -5.14929e-08
2.0 31.0 0.920531 -5.18972e-09
2.0 31.0 1.20322 -4.33605e-07
2.0 31.0 0.824476 -4.62975e-07
2.0 31.0 0.877581 -4.2531e-07
2.0 31.0 0.920852 -8.49271e-06
2.0 31.0 0.824681 -6.72576e-07
2.0 31.0 0.87364 -6.51583e-06
2.0 31.0 1.00939 -1.82172e-07
2.0 31.0 0.856544 -1.73424e-09
2.0 31.0 0.973466 -4.96846e-09
2.0 31.0 0.869323 -2.16909e-05
2.0 31.0 0.941327 -1.0697e-06
2.0 31.0 0.905606 -7.12395e-07
2.0 31.0 0.939304 -1.53922e-06
2.0 31.0 0.780225 -9.51222e-10
2.0 31.0 0.937902 -2.93589e-07
2.0 31.0 0.946261 -2.14141e-07
2.0 31.0 0.947142 -1.37635e-06
2.0 31.0 0.939008 -3.36008e-07
2.0 31.0 0.896317 -8.79749e-08
2.0 31.0 0.873514 -8.12652e-11
2.0 31.0 0.8779 -9.37246e-09
2.0 31.0 0.886858 -1.62127e-11
2.0 31.0 0.819171 -1.26293e-06
2.0 31.0 0.929469 -3.89735e-06
2.0 31.0 0.896325 -1.05777e-06
2.0 32.0 1.36077 -3.28632e-08
2.0 32.0 0.916464 -2.3339e-06
2.0 32.0 0.94119 -3.38668e-07
2.0 32.0 1.32723 -1.40141e-05
2.0 32.0 0.942893 -6.76397e-07
2.0 32.0 0.949623 -4.87368e-05
2.0 32.0 1.28504 -4.85962e-07
2.0 32.0 0.932884 -1.23156e-08
2.0 32.0 0.933105 -8.62425e-10
2.0 32.0 1.33761 -2.69447e-07
2.0 32.0 0.926622 -8.26635e-06
2.0 32.0 1.3471 -4.92305e-05
2.0 32.0 0.928633 -2.72887e-06
2.0 32.0 0.919263 -1.7906e-09
2.0 32.0 1.34738 -2.74638e-05
2.0 32.0 0.94179 -7.0075e-09
2.0 32.0 0.931128 -8.48121e-07
2.0 32.0 1.34063 -1.66629e-06
2.0 32.0 0.961295 -2.19166e-13
2.0 32.0 0.93759 -3.81191e-06
2.0 32.0 0.928088 -6.08833e-19
2.0 32.0 0.93315 -4.06833e-08
2.0 32.0 1.45791 -1.53929e-22
2.0 32.0 1.34147 -1.63491e-17
2.0 32.0 1.32902 -5.60723e-08
2.0 32.0 1.35735 -5.85338e-09
2.0 32.0 0.920996 -4.04596e-08
2.0 32.0 0.925815 -2.3546e-06
2.0 32.0 1.3485 -4.48508e-09
2.0 32.0 1.34884 -6.28384e-10
2.0 32.0 0.895048 -1.27564e-09
2.0 32.0 1.34104 -2.57594e-07
2.0 32.0 0.933349 -4.23577e-06
2.0 32.0 0.941091 -7.48364e-15
2.0 32.0 1.34057 -8.92104e-06
2.0 32.0 0.853679 -3.31194e-06
2.0 32.0 1.33304 -4.473e-09
2.0 32.0 1.36202 -3.57597e-07
2.0 32.0 0.930548 -5.91744e-08
2.0 32.0 1.4546 -7.02759e-13
2.0 32.0 0.939732 -5.17358e-06
2.0 32.0 0.937005 -3.15326e-06
2.0 32.0 0.931829 -6.26118e-07
2.0 32.0 0.925418 -5.10656e-09
2.0 32.0 1.3553 -1.04281e-08
2.0 32.0 0.938554 -2.07171e-07
2.0 32.0 0.935792 -1.93596e-07
2.0 32.0 0.936852 -3.5615e-16
2.0 32.0 0.928748 -9.46774e-09
2.0 32.0 0.94909 -1.0757e-05
2.0 33.0 0.873267 -4.68492e-07
2.0 33.0 1.01317 -8.34579e-06
2.0 33.0 1.34568 -2.17444e-07
2.0 33.0 1.35069 -3.91272e-06
2.0 33.0 0.897975 -8.43858e-07
2.0 33.0 0.878413 -2.12102e-07
2.0 33.0 0.904733 -1.03672e-08
2.0 33.0 0.871156 -1.64399e-06
2.0 33.0 0.994745 -4.26926e-09
2.0 33.0 0.995348 -1.40342e-05
2.0 33.0 0.994075 -7.5845e-10
2.0 33.0 0.904339 -4.39169e-08
2.0 33.0 0.88112 -2.19836e-08
2.0 33.0 1.35076 -2.57409e-06
2.0 33.0 0.989492 -2.39292e-08
2.0 33.0 0.885973 -4.17019e-09
2.0 33.0 1.03067 -1.68031e-10
2.0 33.0 1.00844 -5.75537e-07
2.0 33.0 0.963637 -7.81507e-06
2.0 33.0 1.25039 -1.90023e-05
2.0 33.0 1.30817 -4.67741e-09
2.0 33.0 1.02809 -2.23209e-06
2.0 33.0 1.32211 -5.33985e-10
2.0 33.0 0.858795 -4.85127e-06
2.0 33.0 1.39036 -2.26258e-06
2.0 33.0 1.34047 -1.41506e-07
2.0 33.0 0.901305 -1.34104e-07
2.0 33.0 1.01199 -6.58371e-07
2.0 33.0 0.979711 -5.89545e-09
2.0 33.0 0.898856 -2.12526e-14
2.0 33.0 0.891407 -1.36891e-06
2.0 33.0 1.30398 -8.36146e-06
2.0 33.0 1.12456 -3.9282e-06
2.0 33.0 0.965217 -5.81148e-06
2.0 33.0 1.07348 -2.14981e-06
2.0 33.0 1.39684 -1.74616e-06
2.0 33.0 0.943723 -1.69727e-06
2.0 33.0 0.88895 -4.94214e-08
2.0 33.0 0.906401 -1.33379e-09
2.0 33.0 1.25357 -1.1157e-06
2.0 33.0 1.33934 -6.73614e-12
2.0 33.0 1.01845 -1.21265e-05
2.0 33.0 0.887621 -3.14969e-08
2.0 33.0 0.890807 -1.36414e-12
2.0 33.0 0.901168 -1.32944e-11
2.0 33.0 1.26592 -4.7147e-08
2.0 33.0 0.861201 -3.75128e-09
2.0 33.0 0.998715 -1.53154e-11
2.0 33.0 1.68938 -2.91104e-08
2.0 33.0 0.987363 -3.06781e-07
3.0 3.0 0.365177 211.384
3.0 3.0 0.354116 209.544
3.0 3.0 0.914762 207.137
3.0 3.0 1.4538 211.334
3.0 3.0 0.402813 211.412
3.0 3.0 1.02222 211.403
3.0 3.0 0.967765 211.386
3.0 3.0 1.02729 208.364
3.0 3.0 0.915204 211.392
3.0 3.0 0.427816 211.419
3.0 3.0 0.386828 211.394
3.0 3.0 0.413688 211.094
3.0 3.0 0.348361 211.403
3.0 3.0 0.346142 211.337
3.0 3.0 0.413088 211.417
3.0 3.0 0.351954 211.403
3.0 3.0 1.03101 210.706
3.0 3.0 0.345934 211.3
3.0 3.0 1.4079 211.412
3.0 3.0 1.05989 210.362
3.0 3.0 1.07898 211.345
3.0 3.0 0.418517 211.394
3.0 3.0 1.04823 211.092
3.0 3.0 0.347756 211.262
3.0 3.0 0.411846 211.417
3.0 3.0 0.347884 211.286
3.0 3.0 0.366162 211.157
3.0 3.0 1.38665 211.303
3.0 3.0 1.10813 211.069
3.0 3.0 0.350995 210.773
3.0 3.0 0.391971 211.264
3.0 3.0 1.0739 211.296
3.0 3.0 0.437605 211.354
3.0 3.0 1.07331 211.318
3.0 3.0 0.432706 209.741
3.0 3.0 1.05106 211.093
3.0 3.0 1.09705 211.3
3.0 3.0 0.378473 210.409
3.0 3.0 0.460793 211.01
3.0 3.0 1.4805 210.197
3.0 3.0 0.979866 210.935
3.0 3.0 0.390677 209.906
3.0 3.0 0.354582 211.325
3.0 3.0 1.07186 210.929
3.0 3.0 0.462 211.097
3.0 3.0 1.38849 211.214
3.0 3.0 1.09654 211.161
3.0 3.0 0.914551 210.123
3.0 3.0 0.961959 210.311
3.0 3.0 1.36659 211.194
3.0 4.0 0.371079 210.282
3.0 4.0 0.684124 210.997
3.0 4.0 0.682231 211.426
3.0 4.0 0.361474 204.225
3.0 4.0 0.719872 210.164
3.0 4.0 0.386091 211.416
3.0 4.0 0.358885 207.903
3.0 4.0 0.707249 211.206
3.0 4.0 0.338797 209.333
3.0 4.0 0.711456 210.537
3.0 4.0 0.820836 211.41
3.0 4.0 0.769274 211.278
3.0 4.0 0.375409 211.278
3.0 4.0 0.341834 211.2
3.0 4.0 0.699373 205.672
3.0 4.0 0.340927 211.262
3.0 4.0 0.78735 208.395
3.0 4.0 0.773253 211.228
3.0 4.0 0.354482 211.403
3.0 4.0 0.336269 211.392
3.0 4.0 0.358591 209.227
3.0 4.0 0.77817 210.21
3.0 4.0 0.332599 211.01
3.0 4.0 0.694416 210.394
3.0 4.0 0.382822 211.398
3.0 4.0 0.818925 211.397
3.0 4.0 0.737121 211.064
3.0 4.0 0.385147 211.425
3.0 4.0 0.925414 211.412
3.0 4.0 0.898249 210.989
3.0 4.0 0.372123 211.132
3.0 4.0 0.390945 211.375
3.0 4.0 0.741445 210.943
3.0 4.0 0.744598 211.349
3.0 4.0 0.678643 211.104
3.0 4.0 0.741645 211.038
3.0 4.0 0.800659 210.062
3.0 4.0 0.363222 209.145
3.0 4.0 0.398963 211.069
3.0 4.0 0.331257 211.086
3.0 4.0 0.692833 211.139
3.0 4.0 0.365854 211.069
3.0 4.0 0.73915 210.582
3.0 4.0 0.69522 211.402
3.0 4.0 0.754626 211.319
3.0 4.0 0.384419 210.171
3.0 4.0 0.36821 211.229
3.0 4.0 0.797531 211.205
3.0 4.0 0.388616 211.397
3.0 4.0 0.753513 211.284
3.0 5.0 0.591344 210.652
3.0 5.0 0.667347 211.289
3.0 5.0 0.565362 210.707
3.0 5.0 1.23186 211.083
3.0 5.0 0.605047 211.332
3.0 5.0 0.60079 211.426
3.0 5.0 0.813573 210.047
3.0 5.0 0.585761 207.004
3.0 5.0 0.824375 211.397
3.0 5.0 0.760705 206.001
3.0 5.0 0.834702 210.54
3.0 5.0 0.85777 211.422
3.0 5.0 0.563488 210.937
3.0 5.0 0.54061 211.375
3.0 5.0 0.594812 211.42
3.0 5.0 0.861642 211.397
3.0 5.0 0.655974 211.175
3.0 5.0 0.675223 211.426
3.0 5.0 0.669813 211.42
3.0 5.0 0.648199 210.629
3.0 5.0 0.566802 211.229
3.0 5.0 0.639252 211.302
3.0 5.0 0.60882 211.247
3.0 5.0 0.797646 211.202
3.0 5.0 0.647719 211.239
3.0 5.0 0.592005 211.392
3.0 5.0 0.553697 211.369
3.0 5.0 0.53715 211.069
3.0 5.0 0.587407 211.349
3.0 5.0 0.553751 209.555
3.0 5.0 0.669584 211.425
3.0 5.0 0.547453 211.41
3.0 5.0 1.25943 211.349
3.0 5.0 0.837847 211.205
3.0 5.0 1.48297 211.375
3.0 5.0 0.540856 210.94
3.0 5.0 0.859995 211.397
3.0 5.0 0.659982 211.316
3.0 5.0 1.44429 210.578
3.0 5.0 0.661424 211.384
3.0 5.0 0.840493 208.303
3.0 5.0 0.674276 209.745
3.0 5.0 1.69681 210.509
3.0 5.0 0.628129 210.509
3.0 5.0 0.836534 211.392
3.0 5.0 0.560566 210.627
3.0 5.0 0.652531 211.42
3.0 5.0 0.643483 210.955
3.0 5.0 0.701764 210.969
3.0 5.0 0.534358 211.152
3.0 7.0 0.634483 211.332
3.0 7.0 0.614704 211.03
3.0 7.0 0.646746 211.42
3.0 7.0 1.70392 208.724
3.0 7.0 0.602001 211.214
3.0 7.0 0.607307 211.38
3.0 7.0 0.612449 211.146
3.0 7.0 0.902082 210.969
3.0 7.0 0.613675 211.247
3.0 7.0 0.611098 211.3
3.0 7.0 0.562744 210.205
3.0 7.0 0.890239 211.015
3.0 7.0 0.581171 211.278
3.0 7.0 0.629532 211.426
3.0 7.0 0.627015 210.576
3.0 7.0 0.638792 210.913
3.0 7.0 0.680245 210.712
3.0 7.0 0.646842 211.385
3.0 7.0 0.610379 211.213
3.0 7.0 0.624847 211.408
3.0 7.0 0.590703 210.825
3.0 7.0 0.635951 211.316
3.0 7.0 0.844074 211.302
3.0 7.0 0.571338 210.8
3.0 7.0 0.681979 211.399
3.0 7.0 1.51876 211.332
3.0 7.0 0.665883 211.392
3.0 7.0 0.873008 211.06
3.0 7.0 1.64448 211.412
3.0 7.0 0.626187 210.943
3.0 7.0 0.618317 211.097
3.0 7.0 0.644785 209.893
3.0 7.0 0.594577 211.123
3.0 7.0 1.64173 211.069
3.0 7.0 0.582371 211.419
3.0 7.0 0.613078 211.202
3.0 7.0 0.632705 210.158
3.0 7.0 0.584735 211.146
3.0 7.0 0.589832 210.604
3.0 7.0 0.918291 211.134
3.0 7.0 0.844431 210.075
3.0 7.0 0.590026 208.011
3.0 7.0 1.55646 211.205
3.0 7.0 0.612995 211.237
3.0 7.0 0.578504 210.798
3.0 7.0 0.653003 208.775
3.0 7.0 0.597361 211.208
3.0 7.0 0.581519 210.882
3.0 7.0 0.581602 209.418
3.0 7.0 0.601589 211.413
3.0 8.0 0.561897 211.369
3.0 8.0 0.574046 211.301
3.0 8.0 0.583962 211.018
3.0 8.0 0.563683 210.825
3.0 8.0 0.596077 211.27
3.0 8.0 0.565056 211.03
3.0 8.0 0.613191 211.22
3.0 8.0 0.56503 210.747
3.0 8.0 0.573179 211.03
3.0 8.0 0.576429 210.969
3.0 8.0 0.559937 209.393
3.0 8.0 0.562999 211.345
3.0 8.0 0.563699 211.42
3.0 8.0 0.623732 211.194
3.0 8.0 0.605883 210.662
3.0 8.0 1.99664 211.089
3.0 8.0 0.57217 210.654
3.0 8.0 0.565438 210.894
3.0 8.0 0.638186 206.688
3.0 8.0 0.56652 211.182
3.0 8.0 0.563921 211.212
3.0 8.0 0.610681 210.831
3.0 8.0 0.599464 210.649
3.0 8.0 0.566737 211.191
3.0 8.0 0.567194 211.354
3.0 8.0 0.563744 210.205
3.0 8.0 0.600594 211.085
3.0 8.0 0.62102 208.59
3.0 8.0 0.810049 210.945
3.0 8.0 0.593177 211.402
3.0 8.0 0.591939 211.423
3.0 8.0 0.595098 207.631
3.0 8.0 0.571828 211.353
3.0 8.0 0.560452 211.089
3.0 8.0 0.564658 211.203
3.0 8.0 0.580227 211.224
3.0 8.0 0.570781 211.046
3.0 8.0 0.605364 210.206
3.0 8.0 0.558613 210.94
3.0 8.0 0.563298 210.959
3.0 8.0 0.561731 210.57
3.0 8.0 0.579949 211.264
3.0 8.0 0.610132 211.369
3.0 8.0 0.602906 210.523
3.0 8.0 0.815084 211.41
3.0 8.0 0.562139 211.313
3.0 8.0 0.56442 210.877
3.0 8.0 0.569393 211.376
3.0 8.0 0.706599 210.51
3.0 8.0 1.57669 208.012
3.0 9.0 0.69748 211.403
3.0 9.0 0.686703 211.376
3.0 9.0 0.832379 210.739
3.0 9.0 0.719761 211.412
3.0 9.0 0.819938 210.497
3.0 9.0 0.778684 211.345
3.0 9.0 0.702535 210.825
3.0 9.0 0.789616 211.188
3.0 9.0 0.700443 208.939
3.0 9.0 0.685823 211.086
3.0 9.0 0.699433 210.597
3.0 9.0 0.718249 210.19
3.0 9.0 0.736116 210.136
3.0 9.0 0.737158 209.801
3.0 9.0 0.81698 211.42
3.0 9.0 0.942033 210.785
3.0 9.0 0.710506 211.42
3.0 9.0 0.713377 211.348
3.0 9.0 0.73452 211.349
3.0 9.0 0.762936 211.412
3.0 9.0 0.699719 211.304
3.0 9.0 0.767571 211.418
3.0 9.0 1.15368 211.364
3.0 9.0 0.713396 211.042
3.0 9.0 1.12532 211.262
3.0 9.0 0.683453 210.301
3.0 9.0 0.693099 211.382
3.0 9.0 0.699323 211.39
3.0 9.0 0.77002 210.089
3.0 9.0 0.762376 211.403
3.0 9.0 0.792402 211.239
3.0 9.0 1.11324 210.08
3.0 9.0 0.690823 210.784
3.0 9.0 0.681714 210.14
3.0 9.0 0.701306 211.069
3.0 9.0 0.700501 211.348
3.0 9.0 0.711636 211.266
3.0 9.0 0.860732 209.472
3.0 9.0 0.758821 209.832
3.0 9.0 1.15929 210.997
3.0 9.0 0.777224 211.412
3.0 9.0 0.901736 211.211
3.0 9.0 0.827186 211.354
3.0 9.0 0.818774 210.233
3.0 9.0 0.713524 207.698
3.0 9.0 0.690597 211.319
3.0 9.0 0.695397 210.969
3.0 9.0 0.695167 210.51
3.0 9.0 0.735202 211.407
3.0 9.0 0.813868 210.795
3.0 15.0 0.758319 211.175
3.0 15.0 0.760762 209.489
3.0 15.0 0.756024 211.144
3.0 15.0 0.833376 210.814
3.0 15.0 0.750732 210.716
3.0 15.0 0.761517 211.067
3.0 15.0 0.770862 210.191
3.0 15.0 1.29856 211.289
3.0 15.0 0.748852 211.369
3.0 15.0 0.754299 210.951
3.0 15.0 0.814666 211.289
3.0 15.0 0.898521 211.138
3.0 15.0 0.722276 209.548
3.0 15.0 0.744893 211.214
3.0 15.0 0.836506 211.403
3.0 15.0 0.764158 211.279
3.0 15.0 0.755379 211.365
3.0 15.0 0.766223 210.571
3.0 15.0 0.748285 211.001
3.0 15.0 0.841051 211.245
3.0 15.0 0.911437 211.069
3.0 15.0 0.725142 211.397
3.0 15.0 0.756635 211.339
3.0 15.0 0.764396 206.17
3.0 15.0 0.875911 211.133
3.0 15.0 0.890296 211.231
3.0 15.0 0.764589 211.001
3.0 15.0 0.751538 211.37
3.0 15.0 0.77093 210.114
3.0 15.0 0.767491 210.51
3.0 15.0 0.751315 211.413
3.0 15.0 0.74777 211.214
3.0 15.0 0.754637 211.104
3.0 15.0 0.766085 211.376
3.0 15.0 0.834527 208.886
3.0 15.0 0.914353 211.105
3.0 15.0 0.820095 210.372
3.0 15.0 0.846105 210.171
3.0 15.0 0.77497 211.412
3.0 15.0 0.802437 210.716
3.0 15.0 0.735809 211.286
3.0 15.0 0.772701 210.725
3.0 15.0 0.795046 210.908
3.0 15.0 1.14101 208.683
3.0 15.0 0.839414 211.392
3.0 15.0 0.758634 210.752
3.0 15.0 0.821959 210.346
3.0 15.0 0.825834 209.673
3.0 15.0 0.750241 211.375
3.0 15.0 0.761794 210.197
3.0 16.0 0.780389 211.397
3.0 16.0 0.789532 211.269
3.0 16.0 0.763791 211.334
3.0 16.0 0.752468 211.42
3.0 16.0 0.764732 210.197
3.0 16.0 0.771737 208.875
3.0 16.0 0.765095 210.66
3.0 16.0 0.767755 211.342
3.0 16.0 0.750798 211.193
3.0 16.0 0.76102 211.382
3.0 16.0 0.750073 210.012
3.0 16.0 0.733028 211.265
3.0 16.0 0.772466 210.688
3.0 16.0 0.757451 211.037
3.0 16.0 0.720267 211.42
3.0 16.0 0.766905 211.255
3.0 16.0 0.834107 207.968
3.0 16.0 0.744073 209.793
3.0 16.0 0.775451 210.888
3.0 16.0 1.46294 210.921
3.0 16.0 0.761444 211.143
3.0 16.0 0.775556 211.001
3.0 16.0 0.764002 211.112
3.0 16.0 0.955457 211.425
3.0 16.0 0.759229 210.379
3.0 16.0 0.735131 211.064
3.0 16.0 0.758049 210.913
3.0 16.0 0.756562 211.287
3.0 16.0 0.762503 211.215
3.0 16.0 0.7563 211.37
3.0 16.0 0.745881 211.403
3.0 16.0 0.771337 210.819
3.0 16.0 0.743484 211.42
3.0 16.0 0.763692 210.21
3.0 16.0 0.869539 210.819
3.0 16.0 0.905602 210.892
3.0 16.0 0.764058 211.413
3.0 16.0 0.724982 211.412
3.0 16.0 0.763608 211.32
3.0 16.0 0.751581 211.188
3.0 16.0 0.753089 211.426
3.0 16.0 0.856418 211.194
3.0 16.0 0.756845 211.069
3.0 16.0 0.752211 211.349
3.0 16.0 0.751648 211.394
3.0 16.0 0.74753 211.426
3.0 16.0 0.88027 211.098
3.0 16.0 0.752178 211.001
3.0 16.0 0.868045 211.417
3.0 16.0 1.54466 210.362
3.0 17.0 0.986502 210.386
3.0 17.0 0.811816 211.398
3.0 17.0 0.763066 210.171
3.0 17.0 0.81035 210.904
3.0 17.0 1.22514 211.42
3.0 17.0 1.33439 211.413
3.0 17.0 0.890424 211.408
3.0 17.0 0.93711 211.289
3.0 17.0 0.913479 211.424
3.0 17.0 0.825794 210.392
3.0 17.0 0.77444 211.247
3.0 17.0 0.840476 211.393
3.0 17.0 0.858389 211.261
3.0 17.0 0.910564 209.919
3.0 17.0 0.826688 211.357
3.0 17.0 0.828699 210.171
3.0 17.0 0.849383 211.134
3.0 17.0 0.922442 210.946
3.0 17.0 1.17908 211.269
3.0 17.0 1.35566 211.345
3.0 17.0 0.984303 211.042
3.0 17.0 0.877521 211.211
3.0 17.0 0.973587 211.403
3.0 17.0 0.927075 211.421
3.0 17.0 1.31289 211.019
3.0 17.0 1.29332 211.069
3.0 17.0 0.851714 210.617
3.0 17.0 0.880901 211.021
3.0 17.0 1.49493 210.348
3.0 17.0 0.951475 211.319
3.0 17.0 1.26583 211.289
3.0 17.0 0.791717 211.089
3.0 17.0 0.865823 211.083
3.0 17.0 0.838792 211.309
3.0 17.0 0.878599 210.6
3.0 17.0 0.884561 210.543
3.0 17.0 0.835545 211.262
3.0 17.0 0.783834 209.563
3.0 17.0 0.783426 211.365
3.0 17.0 1.14082 210.526
3.0 17.0 0.985864 211.386
3.0 17.0 1.00017 210.1
3.0 17.0 0.815055 211.188
3.0 17.0 0.904445 210.502
3.0 17.0 0.867783 210.592
3.0 17.0 1.13729 211.396
3.0 17.0 1.23213 210.012
3.0 17.0 0.884419 211.426
3.0 17.0 0.823815 211.177
3.0 17.0 1.29014 211.001
3.0 31.0 1.00036 211.403
3.0 31.0 0.822047 211.23
3.0 31.0 0.89343 211.33
3.0 31.0 0.945444 211.408
3.0 31.0 0.812104 211.42
3.0 31.0 0.925545 211.152
3.0 31.0 1.11833 210.926
3.0 31.0 1.21214 211.293
3.0 31.0 0.920699 208.764
3.0 31.0 0.964152 210.871
3.0 31.0 0.803225 211.408
3.0 31.0 0.876376 211.067
3.0 31.0 0.930707 209.461
3.0 31.0 0.929143 209.811
3.0 31.0 0.820613 211.333
3.0 31.0 0.879814 211.286
3.0 31.0 0.819491 211.423
3.0 31.0 0.820832 211.234
3.0 31.0 0.805815 211.402
3.0 31.0 0.824497 210.087
3.0 31.0 0.824813 211.365
3.0 31.0 0.818172 210.742
3.0 31.0 0.887398 211.264
3.0 31.0 0.947164 211.358
3.0 31.0 1.01725 206.037
3.0 31.0 0.941726 209.583
3.0 31.0 0.837489 211.097
3.0 31.0 1.05271 211.302
3.0 31.0 0.956976 211.369
3.0 31.0 0.806913 211.223
3.0 31.0 0.887446 211.421
3.0 31.0 0.830654 211.244
3.0 31.0 0.827763 210.171
3.0 31.0 0.876404 211.41
3.0 31.0 0.817595 211.321
3.0 31.0 0.922183 211.42
3.0 31.0 0.870316 211.394
3.0 31.0 0.82107 211.258
3.0 31.0 1.00301 211.406
3.0 31.0 0.815959 211.375
3.0 31.0 0.921597 211.42
3.0 31.0 0.871802 211.418
3.0 31.0 0.894854 211.207
3.0 31.0 0.927383 211.2
3.0 31.0 0.82863 211.273
3.0 31.0 1.25791 210.577
3.0 31.0 0.828398 211.422
3.0 31.0 0.82544 211.347
3.0 31.0 0.888836 211.272
3.0 31.0 0.882829 211.157
3.0 32.0 0.906252 211.421
3.0 32.0 1.3393 207.196
3.0 32.0 1.37961 209.143
3.0 32.0 0.844946 211.401
3.0 32.0 1.34188 211.246
3.0 32.0 1.35516 211.118
3.0 32.0 0.918028 211.278
3.0 32.0 1.34473 207.996
3.0 32.0 0.908343 211.194
3.0 32.0 0.913561 211.104
3.0 32.0 1.3232 211.35
3.0 32.0 0.899807 208.958
3.0 32.0 0.909794 211.126
3.0 32.0 0.915301 211.196
3.0 32.0 0.903289 211.214
3.0 32.0 1.34396 211.22
3.0 32.0 0.929609 211.39
3.0 32.0 1.33649 211.246
3.0 32.0 1.33944 211.32
3.0 32.0 0.926752 211.265
3.0 32.0 0.934395 209.516
3.0 32.0 0.942469 211.03
3.0 32.0 0.938908 209.535
3.0 32.0 0.925462 211.41
3.0 32.0 1.48405 208.682
3.0 32.0 0.927309 210.94
3.0 32.0 0.90444 211.128
3.0 32.0 0.930095 211.035
3.0 32.0 0.901171 209.975
3.0 32.0 1.34146 210.712
3.0 32.0 0.924141 210.589
3.0 32.0 0.927255 211.424
3.0 32.0 0.926981 210.746
3.0 32.0 0.922097 210.716
3.0 32.0 1.34416 211.001
3.0 32.0 0.936764 211.069
3.0 32.0 1.47692 210.819
3.0 32.0 1.33397 211.142
3.0 32.0 0.929048 211.412
3.0 32.0 0.931285 209.611
3.0 32.0 0.909446 211.248
3.0 32.0 0.950907 211.2
3.0 32.0 0.928355 211.398
3.0 32.0 0.93023 211.327
3.0 32.0 1.33537 211.317
3.0 32.0 1.41849 211.043
3.0 32.0 0.933108 210.379
3.0 32.0 0.952739 211.408
3.0 32.0 0.914859 209.741
3.0 32.0 0.926311 211.207
3.0 33.0 0.883072 211.177
3.0 33.0 0.887117 211.426
3.0 33.0 1.35826 211.345
3.0 33.0 0.993827 210.245
3.0 33.0 0.86335 211.072
3.0 33.0 0.890907 210.838
3.0 33.0 0.99366 211.087
3.0 33.0 0.859823 211.376
3.0 33.0 1.01226 211.197
3.0 33.0 1.03074 211.27
3.0 33.0 1.23281 211.375
3.0 33.0 0.880948 211.298
3.0 33.0 0.879846 211.175
3.0 33.0 0.853323 210.114
3.0 33.0 0.892053 210.175
3.0 33.0 0.993305 211.426
3.0 33.0 0.892794 211.211
3.0 33.0 0.995386 210.99
3.0 33.0 1.25261 211.412
3.0 33.0 1.36636 209.178
3.0 33.0 0.887433 211.376
3.0 33.0 0.892234 211.299
3.0 33.0 0.982294 210.909
3.0 33.0 0.867582 211.375
3.0 33.0 1.02216 211.405
3.0 33.0 0.949846 211.225
3.0 33.0 0.992337 211.175
3.0 33.0 0.894568 211.409
3.0 33.0 0.898521 211.196
3.0 33.0 0.896727 210.266
3.0 33.0 0.962976 211.376
3.0 33.0 1.00568 211.369
3.0 33.0 1.02664 211.223
3.0 33.0 1.35078 210.785
3.0 33.0 0.948236 210.437
3.0 33.0 0.960293 210.778
3.0 33.0 0.993788 211.289
3.0 33.0 1.4315 210.325
3.0 33.0 1.19661 210.548
3.0 33.0 1.32493 211.069
3.0 33.0 1.34132 210.804
3.0 33.0 1.35499 211.289
3.0 33.0 0.884591 211.053
3.0 33.0 0.990707 211.352
3.0 33.0 0.882083 211.392
3.0 33.0 1.01647 211.346
3.0 33.0 1.4053 210.526
3.0 33.0 1.33734 211.128
3.0 33.0 1.46538 210.929
3.0 33.0 1.46538 210.929
4.0 3.0 0.317103 9.85795
4.0 3.0 0.908637 9.92107
4.0 3.0 1.08799 9.97666
4.0 3.0 0.324768 9.92504
4.0 3.0 0.928551 9.8545
4.0 3.0 0.372791 9.92734
4.0 3.0 0.408306 9.97807
4.0 3.0 0.404546 9.85722
4.0 3.0 0.402548 9.99138
4.0 3.0 0.326405 9.77779
4.0 3.0 0.369013 9.97339
4.0 3.0 1.02313 9.86595
4.0 3.0 0.324573 9.97692
4.0 3.0 1.05364 9.99549
4.0 3.0 1.14816 9.95262
4.0 3.0 0.319382 9.82762
4.0 3.0 0.385599 9.8964
4.0 3.0 0.967521 9.89817
4.0 3.0 0.383046 9.92107
4.0 3.0 0.94693 9.80688
4.0 3.0 0.351988 9.95576
4.0 3.0 0.378634 9.97499
4.0 3.0 1.13057 9.98154
4.0 3.0 0.324776 9.77779
4.0 3.0 1.03203 9.94218
4.0 3.0 0.319255 9.98725
4.0 3.0 0.910571 9.95574
4.0 3.0 0.412462 9.98579
4.0 3.0 0.328976 9.96822
4.0 3.0 0.327847 9.99521
4.0 3.0 1.03933 9.98818
4.0 3.0 0.32887 9.96421
4.0 3.0 1.11185 9.96493
4.0 3.0 0.412226 9.99606
4.0 3.0 1.28894 9.97537
4.0 3.0 0.369901 9.82276
4.0 3.0 1.14587 9.94275
4.0 3.0 0.99969 9.99747
4.0 3.0 0.382 9.99618
4.0 3.0 0.32663 9.96113
4.0 3.0 0.911807 9.92107
4.0 3.0 1.15351 9.96727
4.0 3.0 0.97032 9.96307
4.0 3.0 0.371774 9.99188
4.0 3.0 0.382563 9.77779
4.0 3.0 0.318137 9.81982
4.0 3.0 0.328547 9.98622
4.0 3.0 0.322478 9.88437
4.0 3.0 0.436328 9.95419
4.0 3.0 0.32828 9.98388
4.0 4.0 0.414981 9.95921
4.0 4.0 0.371956 9.9519
4.0 4.0 0.358019 9.99595
4.0 4.0 0.787838 9.90364
4.0 4.0 0.360213 9.99124
4.0 4.0 0.388566 9.99138
4.0 4.0 0.333498 9.99138
4.0 4.0 0.385079 9.95306
4.0 4.0 0.385784 9.89728
4.0 4.0 0.71148 9.93384
4.0 4.0 0.809718 9.99273
4.0 4.0 0.791611 9.96054
4.0 4.0 0.365795 9.8387
4.0 4.0 0.395201 9.98866
4.0 4.0 0.887503 9.99311
4.0 4.0 0.803749 9.92107
4.0 4.0 0.350457 9.89798
4.0 4.0 0.357319 9.9529
4.0 4.0 0.676562 9.95552
4.0 4.0 0.799626 9.89817
4.0 4.0 0.364296 9.96093
4.0 4.0 0.405789 9.97526
4.0 4.0 0.800514 9.9057
4.0 4.0 0.893328 9.99555
4.0 4.0 0.370287 9.9911
4.0 4.0 0.37238 9.87944
4.0 4.0 0.895631 9.98919
4.0 4.0 0.802761 9.99528
4.0 4.0 0.320344 9.95943
4.0 4.0 0.390342 9.96236
4.0 4.0 0.784734 9.91597
4.0 4.0 0.68873 9.85587
4.0 4.0 0.745463 9.92672
4.0 4.0 0.392961 9.93302
4.0 4.0 0.682792 9.99496
4.0 4.0 0.802792 9.92107
4.0 4.0 0.323461 9.99317
4.0 4.0 0.387426 9.92107
4.0 4.0 0.803514 9.96666
4.0 4.0 0.68836 9.7814
4.0 4.0 0.913763 9.98236
4.0 4.0 0.784419 9.90316
4.0 4.0 0.683856 9.77779
4.0 4.0 0.8405 9.89868
4.0 4.0 0.358199 9.9817
4.0 4.0 0.902921 9.98937
4.0 4.0 0.790473 9.98296
4.0 4.0 0.3639 9.77779
4.0 4.0 0.363533 9.91752
4.0 4.0 0.815755 9.97032
4.0 5.0 0.53417 9.99183
4.0 5.0 0.570746 9.97753
4.0 5.0 0.651399 9.98579
4.0 5.0 0.56141 9.98866
4.0 5.0 0.863825 9.97915
4.0 5.0 0.540025 9.95401
4.0 5.0 0.581377 9.99994
4.0 5.0 0.568162 9.99043
4.0 5.0 0.534032 9.99016
4.0 5.0 0.552852 9.99041
4.0 5.0 0.527251 9.9486
4.0 5.0 0.710165 9.96503
4.0 5.0 0.57981 9.89817
4.0 5.0 0.57245 9.98255
4.0 5.0 0.5732 9.93499
4.0 5.0 0.554098 9.98707
4.0 5.0 1.19924 9.97684
4.0 5.0 0.662213 9.92107
4.0 5.0 0.856962 9.92107
4.0 5.0 0.69967 9.98106
4.0 5.0 0.533979 9.92107
4.0 5.0 0.575412 9.96352
4.0 5.0 0.570585 9.99558
4.0 5.0 0.550645 9.96451
4.0 5.0 0.637768 9.98217
4.0 5.0 0.561708 9.98637
4.0 5.0 0.640012 9.95281
4.0 5.0 1.18369 9.98906
4.0 5.0 0.541235 9.96751
4.0 5.0 0.667808 9.98196
4.0 5.0 0.690331 9.84463
4.0 5.0 0.811764 9.89817
4.0 5.0 1.33583 9.98687
4.0 5.0 0.572995 9.98701
4.0 5.0 0.676685 9.92107
4.0 5.0 0.598378 9.97808
4.0 5.0 0.570934 9.99824
4.0 5.0 0.836365 9.9977
4.0 5.0 0.668066 9.96288
4.0 5.0 1.22989 9.96261
4.0 5.0 0.568344 9.97988
4.0 5.0 0.588465 9.99161
4.0 5.0 0.552184 9.99552
4.0 5.0 0.614868 9.99138
4.0 5.0 0.588482 9.96413
4.0 5.0 0.643079 9.96235
4.0 5.0 0.579833 9.97605
4.0 5.0 0.698778 9.99225
4.0 5.0 0.573178 9.95483
4.0 5.0 0.534365 9.98932
4.0 7.0 0.671319 9.94879
4.0 7.0 0.600102 9.97988
4.0 7.0 0.59965 9.96861
4.0 7.0 0.607782 9.98846
4.0 7.0 0.613571 9.96812
4.0 7.0 0.670997 9.99521
4.0 7.0 0.659378 9.98714
4.0 7.0 0.662086 9.84345
4.0 7.0 0.664776 9.99138
4.0 7.0 0.646803 9.98619
4.0 7.0 0.580484 9.95011
4.0 7.0 0.617016 9.92107
4.0 7.0 0.653783 9.93665
4.0 7.0 0.764723 9.97988
4.0 7.0 0.685419 9.96643
4.0 7.0 0.661828 9.98587
4.0 7.0 0.722192 9.99388
4.0 7.0 0.562333 9.96979
4.0 7.0 0.557582 9.92107
4.0 7.0 0.55998 9.97988
4.0 7.0 0.56761 9.98881
4.0 7.0 0.558754 9.99612
4.0 7.0 0.712491 9.83401
4.0 7.0 0.557303 9.92107
4.0 7.0 0.717511 9.96907
4.0 7.0 0.751161 9.99702
4.0 7.0 0.566023 9.99326
4.0 7.0 0.700589 9.97932
4.0 7.0 0.564959 9.96113
4.0 7.0 0.574131 9.92107
4.0 7.0 0.559456 9.86368
4.0 7.0 0.60825 9.95382
4.0 7.0 0.717448 9.98187
4.0 7.0 0.765816 9.96992
4.0 7.0 0.860951 9.96774
4.0 7.0 0.761841 9.92107
4.0 7.0 0.759917 9.92107
4.0 7.0 0.796411 9.8191
4.0 7.0 0.638673 9.9777
4.0 7.0 0.918967 9.92371
4.0 7.0 1.17636 9.95382
4.0 7.0 0.552479 9.92107
4.0 7.0 0.720774 9.89014
4.0 7.0 0.56431 9.98307
4.0 7.0 0.720161 9.99367
4.0 7.0 0.562517 9.97893
4.0 7.0 0.576341 9.97062
4.0 7.0 0.614966 9.92107
4.0 7.0 0.781962 9.98524
4.0 7.0 0.727781 9.98866
4.0 8.0 0.578552 9.96147
4.0 8.0 0.566047 9.98367
4.0 8.0 0.58062 9.99162
4.0 8.0 0.567314 9.81121
4.0 8.0 0.641002 9.98386
4.0 8.0 0.565339 9.93878
4.0 8.0 0.559434 9.9905
4.0 8.0 0.57347 9.77779
4.0 8.0 0.557403 9.9269
4.0 8.0 0.567695 9.92107
4.0 8.0 0.566893 9.97808
4.0 8.0 0.576459 9.99521
4.0 8.0 0.549862 9.89282
4.0 8.0 0.591796 9.99821
4.0 8.0 0.56142 9.92707
4.0 8.0 0.617269 9.971
4.0 8.0 0.564694 9.98285
4.0 8.0 0.561116 9.9419
4.0 8.0 0.566063 9.94905
4.0 8.0 0.80035 9.97111
4.0 8.0 0.715446 9.87698
4.0 8.0 0.567578 9.98356
4.0 8.0 0.566897 9.95874
4.0 8.0 0.575439 9.97891
4.0 8.0 0.560656 9.87448
4.0 8.0 0.562353 9.99118
4.0 8.0 0.57866 9.93749
4.0 8.0 0.631881 9.98585
4.0 8.0 0.614858 9.9905
4.0 8.0 0.559288 9.93912
4.0 8.0 0.58143 9.96127
4.0 8.0 0.591485 9.77779
4.0 8.0 0.600411 9.98273
4.0 8.0 2.07943 9.79138
4.0 8.0 0.606061 9.99532
4.0 8.0 0.562145 9.95302
4.0 8.0 0.560335 9.97769
4.0 8.0 0.574679 9.90521
4.0 8.0 0.564178 9.99438
4.0 8.0 0.554996 9.99291
4.0 8.0 0.572363 9.9796
4.0 8.0 1.57438 9.77779
4.0 8.0 0.572345 9.97827
4.0 8.0 0.581045 9.99702
4.0 8.0 0.603699 9.99124
4.0 8.0 0.959962 9.95491
4.0 8.0 0.569351 9.92443
4.0 8.0 0.556833 9.96503
4.0 8.0 0.571187 9.94893
4.0 8.0 0.571187 9.94893
4.0 9.0 0.706141 9.99521
4.0 9.0 0.773279 9.94347
4.0 9.0 0.676472 9.99965
4.0 9.0 0.971823 9.77779
4.0 9.0 0.710502 9.99647
4.0 9.0 0.970094 9.95353
4.0 9.0 0.652826 9.90431
4.0 9.0 0.695782 9.93175
4.0 9.0 1.21726 9.99273
4.0 9.0 0.802264 9.89282
4.0 9.0 0.799022 9.96363
4.0 9.0 0.761148 9.85007
4.0 9.0 0.716171 9.99833
4.0 9.0 1.1448 9.96011
4.0 9.0 0.756716 9.96183
4.0 9.0 0.690437 9.99084
4.0 9.0 0.699041 9.98455
4.0 9.0 0.776002 9.97752
4.0 9.0 0.703315 9.9075
4.0 9.0 0.705458 9.96982
4.0 9.0 0.823943 9.82074
4.0 9.0 0.675092 9.98544
4.0 9.0 0.694913 9.95422
4.0 9.0 0.710446 9.9714
4.0 9.0 0.839582 9.99225
4.0 9.0 0.757529 9.94564
4.0 9.0 0.685141 9.97499
4.0 9.0 0.773477 9.88804
4.0 9.0 0.809047 9.77984
4.0 9.0 0.947103 9.9817
4.0 9.0 0.710503 9.97988
4.0 9.0 0.792914 9.93809
4.0 9.0 0.781981 9.93088
4.0 9.0 0.787264 9.99233
4.0 9.0 0.717991 9.87698
4.0 9.0 1.02037 9.98519
4.0 9.0 0.708918 9.93227
4.0 9.0 0.877532 9.98356
4.0 9.0 0.943918 9.94218
4.0 9.0 0.69622 9.99498
4.0 9.0 0.851868 9.98369
4.0 9.0 0.709163 9.87722
4.0 9.0 0.701425 9.77779
4.0 9.0 0.746972 9.92689
4.0 9.0 0.84051 9.99598
4.0 9.0 0.728026 9.95164
4.0 9.0 0.695117 9.89685
4.0 9.0 0.662515 9.98433
4.0 9.0 0.890576 9.99933
4.0 9.0 1.02248 9.83783
4.0 15.0 0.755833 9.99169
4.0 15.0 0.748666 9.99174
4.0 15.0 0.932426 9.96446
4.0 15.0 0.804344 9.97988
4.0 15.0 0.811012 9.99545
4.0 15.0 0.758869 9.77779
4.0 15.0 0.766797 9.99714
4.0 15.0 0.843421 9.99702
4.0 15.0 0.755053 9.9817
4.0 15.0 0.892476 9.99077
4.0 15.0 0.836719 9.99931
4.0 15.0 0.755013 9.98324
4.0 15.0 0.825336 9.99169
4.0 15.0 0.74656 9.98498
4.0 15.0 0.761655 9.9834
4.0 15.0 1.09085 9.94514
4.0 15.0 0.798918 9.97458
4.0 15.0 0.767388 9.94352
4.0 15.0 0.76238 9.99084
4.0 15.0 0.870243 9.95874
4.0 15.0 0.754044 9.96158
4.0 15.0 0.774889 9.95388
4.0 15.0 0.791394 9.77779
4.0 15.0 1.5318 9.92716
4.0 15.0 0.759354 9.92107
4.0 15.0 0.774467 9.92312
4.0 15.0 0.974203 9.98292
4.0 15.0 0.726766 9.93079
4.0 15.0 0.858331 9.98294
4.0 15.0 0.762576 9.98593
4.0 15.0 0.770712 9.94195
4.0 15.0 0.832897 9.97353
4.0 15.0 0.905553 9.9075
4.0 15.0 0.77371 9.99529
4.0 15.0 0.75976 9.95302
4.0 15.0 0.749094 9.92935
4.0 15.0 0.777007 9.85529
4.0 15.0 0.755976 9.94623
4.0 15.0 0.764698 9.99495
4.0 15.0 0.84271 9.91266
4.0 15.0 0.808215 9.96449
4.0 15.0 0.770372 9.98639
4.0 15.0 0.76115 9.98592
4.0 15.0 0.771182 9.96432
4.0 15.0 0.753755 9.99265
4.0 15.0 0.763866 9.99138
4.0 15.0 0.83092 9.89782
4.0 15.0 1.22388 9.97859
4.0 15.0 0.763152 9.96972
4.0 15.0 0.769871 9.85007
4.0 16.0 0.76723 9.99751
4.0 16.0 0.767075 9.96994
4.0 16.0 0.779746 9.98603
4.0 16.0 0.773522 9.98541
4.0 16.0 0.773183 9.99148
4.0 16.0 0.751811 9.98585
4.0 16.0 0.778574 9.98787
4.0 16.0 1.05375 9.95556
4.0 16.0 0.782653 9.93854
4.0 16.0 0.762127 9.94218
4.0 16.0 0.770125 9.99702
4.0 16.0 0.845697 9.84279
4.0 16.0 0.739193 9.96062
4.0 16.0 0.759816 9.953
4.0 16.0 0.780894 9.99288
4.0 16.0 0.784435 9.92107
4.0 16.0 0.752612 9.88813
4.0 16.0 0.772841 9.98356
4.0 16.0 0.773458 9.97273
4.0 16.0 0.759322 9.95534
4.0 16.0 0.767269 9.9656
4.0 16.0 0.76088 9.87442
4.0 16.0 0.742046 9.87114
4.0 16.0 1.48121 9.99003
4.0 16.0 1.59223 9.97692
4.0 16.0 0.75409 9.9801
4.0 16.0 0.752777 9.99121
4.0 16.0 0.758664 9.93104
4.0 16.0 0.760282 9.98196
4.0 16.0 0.82849 9.98196
4.0 16.0 0.799111 9.99316
4.0 16.0 0.79555 9.93658
4.0 16.0 0.752837 9.95059
4.0 16.0 0.761066 9.95045
4.0 16.0 1.51777 9.98285
4.0 16.0 0.776642 9.82262
4.0 16.0 0.867585 9.89145
4.0 16.0 0.739701 9.99923
4.0 16.0 0.867294 9.96741
4.0 16.0 0.762737 9.99355
4.0 16.0 0.744923 9.98356
4.0 16.0 0.756511 9.96
4.0 16.0 0.760943 9.93806
4.0 16.0 0.931518 9.95364
4.0 16.0 0.768186 9.90571
4.0 16.0 0.754772 9.92863
4.0 16.0 0.756458 9.98932
4.0 16.0 0.752704 9.94218
4.0 16.0 0.747584 9.93138
4.0 16.0 0.771366 9.99702
4.0 17.0 0.796988 9.99654
4.0 17.0 0.829975 9.99521
4.0 17.0 0.946435 9.92136
4.0 17.0 1.2283 9.92983
4.0 17.0 0.835983 9.93484
4.0 17.0 1.36757 9.98941
4.0 17.0 0.771916 9.9643
4.0 17.0 0.818604 9.91063
4.0 17.0 0.787721 9.92107
4.0 17.0 0.945261 9.98818
4.0 17.0 0.940573 9.95138
4.0 17.0 0.939131 9.99051
4.0 17.0 0.935123 9.99124
4.0 17.0 1.36291 9.97666
4.0 17.0 1.39548 9.92284
4.0 17.0 1.23901 9.97644
4.0 17.0 1.13836 9.98196
4.0 17.0 0.806341 9.99238
4.0 17.0 0.788308 9.89701
4.0 17.0 0.937562 9.97065
4.0 17.0 0.832392 9.99647
4.0 17.0 0.912377 9.9375
4.0 17.0 0.876969 9.98525
4.0 17.0 1.15388 9.97666
4.0 17.0 1.36726 9.99272
4.0 17.0 0.873633 9.96536
4.0 17.0 0.905901 9.98707
4.0 17.0 0.770984 9.96873
4.0 17.0 0.784375 9.93041
4.0 17.0 0.826346 9.99871
4.0 17.0 0.942119 9.98327
4.0 17.0 0.930335 9.92918
4.0 17.0 0.878366 9.99767
4.0 17.0 0.903075 9.96884
4.0 17.0 1.16421 9.98069
4.0 17.0 0.8695 9.97086
4.0 17.0 1.14239 9.87722
4.0 17.0 0.820188 9.98121
4.0 17.0 0.810446 9.94694
4.0 17.0 0.849839 9.9741
4.0 17.0 0.948418 9.99697
4.0 17.0 0.841588 9.99696
4.0 17.0 1.21894 9.99521
4.0 17.0 1.20932 9.99702
4.0 17.0 0.77911 9.96261
4.0 17.0 0.879218 9.99118
4.0 17.0 0.888313 9.98737
4.0 17.0 1.147 9.98158
4.0 17.0 1.17648 9.97943
4.0 17.0 1.20433 9.94218
4.0 31.0 0.880065 9.98552
4.0 31.0 0.891344 9.99209
4.0 31.0 0.911962 9.97978
4.0 31.0 1.29892 9.88701
4.0 31.0 0.880397 9.98984
4.0 31.0 0.948062 9.98519
4.0 31.0 0.9383 9.98196
4.0 31.0 0.964688 9.96345
4.0 31.0 0.826872 9.99256
4.0 31.0 0.902085 9.99273
4.0 31.0 0.940862 9.97797
4.0 31.0 0.869533 9.96884
4.0 31.0 0.929975 9.98866
4.0 31.0 0.935781 9.99426
4.0 31.0 0.930987 9.92977
4.0 31.0 0.841734 9.92181
4.0 31.0 0.839678 9.99702
4.0 31.0 0.87729 9.96466
4.0 31.0 0.938155 9.87698
4.0 31.0 0.926783 9.97563
4.0 31.0 0.9116 9.99209
4.0 31.0 0.927016 9.98818
4.0 31.0 1.0207 9.9946
4.0 31.0 0.893191 9.98435
4.0 31.0 0.913825 9.98335
4.0 31.0 0.838987 9.90966
4.0 31.0 0.931958 9.98365
4.0 31.0 0.948618 9.86419
4.0 31.0 1.01846 9.98974
4.0 31.0 0.927287 9.94905
4.0 31.0 0.898619 9.94028
4.0 31.0 1.19796 9.9949
4.0 31.0 0.829881 9.99647
4.0 31.0 1.02786 9.99273
4.0 31.0 0.833633 9.97721
4.0 31.0 0.927483 9.99311
4.0 31.0 0.930731 9.95438
4.0 31.0 0.918594 9.97636
4.0 31.0 0.872009 9.96149
4.0 31.0 0.926278 9.94218
4.0 31.0 0.944357 9.97942
4.0 31.0 0.944423 9.84201
4.0 31.0 0.828604 9.93757
4.0 31.0 0.939335 9.9014
4.0 31.0 0.947996 9.99483
4.0 31.0 0.954987 9.99326
4.0 31.0 0.806986 9.86181
4.0 31.0 0.93837 9.87166
4.0 31.0 0.922533 9.92505
4.0 31.0 0.851805 9.99095
4.0 32.0 1.49089 9.97157
4.0 32.0 0.941857 9.99482
4.0 32.0 1.34226 9.81935
4.0 32.0 0.944914 9.94827
4.0 32.0 0.930123 9.95309
4.0 32.0 0.932693 9.97912
4.0 32.0 0.930744 9.98991
4.0 32.0 1.33834 9.89758
4.0 32.0 0.9327 9.94574
4.0 32.0 0.932481 9.96961
4.0 32.0 0.940856 9.95889
4.0 32.0 0.939807 9.9462
4.0 32.0 0.954559 9.90507
4.0 32.0 0.932184 9.95167
4.0 32.0 0.936792 9.9417
4.0 32.0 0.932288 9.94218
4.0 32.0 1.48772 9.98874
4.0 32.0 0.921562 9.98583
4.0 32.0 1.44941 9.78039
4.0 32.0 0.92965 9.93749
4.0 32.0 1.33357 9.94575
4.0 32.0 0.928882 9.82417
4.0 32.0 0.9355 9.93538
4.0 32.0 0.844386 9.91797
4.0 32.0 0.98602 9.98639
4.0 32.0 1.20807 9.952
4.0 32.0 1.34925 9.97716
4.0 32.0 0.930356 9.98356
4.0 32.0 0.91419 9.84395
4.0 32.0 0.93355 9.94356
4.0 32.0 0.881795 9.95686
4.0 32.0 1.32638 9.99308
4.0 32.0 0.868146 9.96307
4.0 32.0 0.859286 9.97051
4.0 32.0 0.948973 9.93755
4.0 32.0 1.24601 9.99616
4.0 32.0 0.924083 9.97108
4.0 32.0 0.928778 9.95855
4.0 32.0 0.823186 9.90273
4.0 32.0 1.28567 9.93757
4.0 32.0 0.946922 9.92107
4.0 32.0 0.900096 9.86581
4.0 32.0 0.94394 9.98547
4.0 32.0 0.903681 9.92821
4.0 32.0 1.34493 9.92575
4.0 32.0 1.22119 9.98308
4.0 32.0 1.3612 9.90704
4.0 32.0 0.872622 9.99118
4.0 32.0 0.932171 9.97993
4.0 32.0 0.930072 9.97132
4.0 33.0 0.903863 9.9801
4.0 33.0 0.875976 9.91419
4.0 33.0 1.35625 9.98819
4.0 33.0 0.894148 9.94352
4.0 33.0 0.881409 9.94842
4.0 33.0 1.03386 9.77779
4.0 33.0 0.913068 9.91163
4.0 33.0 1.37957 9.97536
4.0 33.0 1.27557 9.95466
4.0 33.0 1.32263 9.9877
4.0 33.0 0.88888 9.99062
4.0 33.0 1.02624 9.94218
4.0 33.0 0.894969 9.97222
4.0 33.0 0.887932 9.99265
4.0 33.0 1.02596 9.89282
4.0 33.0 0.989371 9.93183
4.0 33.0 1.29758 9.98324
4.0 33.0 1.01469 9.96216
4.0 33.0 0.873067 9.925
4.0 33.0 0.92147 9.99204
4.0 33.0 0.887106 9.99273
4.0 33.0 0.985763 9.97793
4.0 33.0 1.04574 9.94514
4.0 33.0 0.992088 9.99342
4.0 33.0 0.892383 9.99607
4.0 33.0 1.02474 9.77779
4.0 33.0 0.890299 9.86527
4.0 33.0 0.901408 9.77779
4.0 33.0 1.02408 9.99002
4.0 33.0 1.01584 9.96113
4.0 33.0 1.2288 9.88246
4.0 33.0 0.977773 9.97808
4.0 33.0 1.35926 9.98986
4.0 33.0 1.40254 9.89346
4.0 33.0 0.906579 9.94514
4.0 33.0 0.951143 9.96008
4.0 33.0 1.03283 9.99693
4.0 33.0 1.06677 9.94218
4.0 33.0 1.36184 9.92107
4.0 33.0 1.4157 9.9963
4.0 33.0 0.887929 9.95055
4.0 33.0 0.905491 9.9411
4.0 33.0 1.01173 9.96392
4.0 33.0 0.888386 9.93427
4.0 33.0 0.988609 9.8871
4.0 33.0 0.897621 9.97808
4.0 33.0 0.903488 9.99067
4.0 33.0 0.988008 9.85053
4.0 33.0 1.31021 9.98393
4.0 33.0 1.31021 9.98393
5.0 3.0 28.8605 25.0222
5.0 3.0 27.896 25.0188
5.0 3.0 28.9556 25.0027
5.0 3.0 29.3985 25.0221
5.0 3.0 29.1331 25.0218
5.0 3.0 28.7464 25.0217
5.0 3.0 28.9782 25.0221
5.0 3.0 29.3384 25.0176
5.0 3.0 27.8489 25.0222
5.0 3.0 29.129 25.0218
5.0 3.0 28.9024 25.0222
5.0 3.0 27.8778 25.0216
5.0 3.0 29.4039 25.0222
5.0 3.0 29.393 25.022
5.0 3.0 28.8959 25.0203
5.0 3.0 29.4269 25.0221
5.0 3.0 28.778 25.0214
5.0 3.0 29.4356 25.0222
5.0 3.0 28.935 25.0222
5.0 3.0 28.9456 25.0218
5.0 3.0 28.9982 25.0221
5.0 3.0 28.8319 25.0193
5.0 3.0 27.879 25.0222
5.0 3.0 27.8744 25.0123
5.0 3.0 29.3404 24.9886
5.0 3.0 27.875 24.9929
5.0 3.0 28.9363 25.0222
5.0 3.0 29.2443 25.0221
5.0 3.0 28.9412 25.0222
5.0 3.0 29.2504 25.0222
5.0 3.0 27.8678 25.0221
5.0 3.0 29.1347 25.021
5.0 3.0 29.1005 25.0181
5.0 3.0 29.448 25.0215
5.0 3.0 28.9089 25.0221
5.0 3.0 27.9042 25.022
5.0 3.0 29.0185 25.0211
5.0 3.0 29.1242 25.0208
5.0 3.0 28.6584 25.0171
5.0 3.0 29.2979 25.0222
5.0 3.0 28.8349 25.0202
5.0 3.0 29.0873 25.0214
5.0 3.0 29.4918 25.0221
5.0 3.0 28.8904 25.0222
5.0 3.0 28.9203 25.0222
5.0 3.0 27.8613 25.0215
5.0 3.0 27.8699 24.9886
5.0 3.0 27.9788 25.0145
5.0 3.0 28.917 25.022
5.0 3.0 29.2072 25.0222
5.0 4.0 19.0567 25.0217
5.0 4.0 19.1662 25.0199
5.0 4.0 19.692 25.0221
5.0 4.0 19.7606 25.0222
5.0 4.0 19.1321 25.022
5.0 4.0 19.1485 25.022
5.0 4.0 19.6982 25.0222
5.0 4.0 19.4281 25.0195
5.0 4.0 19.6936 25.0222
5.0 4.0 19.8223 25.0206
5.0 4.0 19.5034 25.0147
5.0 4.0 19.4661 25.0222
5.0 4.0 19.632 25.0097
5.0 4.0 19.1265 25.0222
5.0 4.0 19.2543 25.0222
5.0 4.0 19.6602 25.0221
5.0 4.0 19.4765 25.0218
5.0 4.0 19.6984 25.0221
5.0 4.0 19.2013 25.022
5.0 4.0 19.1296 25.0193
5.0 4.0 19.3772 25.0215
5.0 4.0 19.7693 25.0217
5.0 4.0 19.1055 24.9375
5.0 4.0 19.6058 25.0221
5.0 4.0 19.5268 25.0221
5.0 4.0 19.1515 25.0211
5.0 4.0 19.0805 25.0221
5.0 4.0 19.6126 25.0222
5.0 4.0 19.7214 25.0198
5.0 4.0 19.9828 25.0205
5.0 4.0 19.1351 25.0204
5.0 4.0 19.0928 25.0221
5.0 4.0 19.2346 25.0189
5.0 4.0 19.8404 25.0222
5.0 4.0 19.5012 25.0215
5.0 4.0 19.415 25.0222
5.0 4.0 19.6988 25.0215
5.0 4.0 19.6626 25.0148
5.0 4.0 19.2106 25.022
5.0 4.0 19.2381 25.0219
5.0 4.0 19.6512 25.0219
5.0 4.0 19.5009 25.0219
5.0 4.0 19.6053 25.0218
5.0 4.0 19.2073 25.0213
5.0 4.0 19.6418 25.0104
5.0 4.0 19.7175 25.0215
5.0 4.0 19.5465 25.0023
5.0 4.0 19.6631 25.0222
5.0 4.0 19.5021 25.0214
5.0 4.0 19.158 25.0217
5.0 5.0 14.0898 25.0222
5.0 5.0 14.0585 25.0218
5.0 5.0 14.1354 25.0212
5.0 5.0 14.6293 25.0221
5.0 5.0 14.5049 25.0217
5.0 5.0 14.0684 25.0217
5.0 5.0 14.8256 25.0222
5.0 5.0 14.1381 25.0222
5.0 5.0 14.2765 25.0222
5.0 5.0 14.6182 25.022
5.0 5.0 14.1268 25.0213
5.0 5.0 14.7192 25.0222
5.0 5.0 15.092 25.019
5.0 5.0 14.1062 25.0031
5.0 5.0 14.1352 25.0147
5.0 5.0 14.1358 25.0222
5.0 5.0 14.1092 25.0222
5.0 5.0 14.5443 25.0221
5.0 5.0 14.7005 25.0222
5.0 5.0 14.1255 25.0222
5.0 5.0 14.6623 25.0218
5.0 5.0 14.6372 25.0222
5.0 5.0 14.5301 25.0222
5.0 5.0 14.569 25.0222
5.0 5.0 14.1324 25.0221
5.0 5.0 14.1346 25.0222
5.0 5.0 14.0902 25.0205
5.0 5.0 14.2987 25.0222
5.0 5.0 14.1362 25.0211
5.0 5.0 14.7149 25.0218
5.0 5.0 14.1366 25.0214
5.0 5.0 14.1339 25.0217
5.0 5.0 14.6089 25.0091
5.0 5.0 14.0799 25.0222
5.0 5.0 14.7404 24.9957
5.0 5.0 14.2838 25.0221
5.0 5.0 15.2417 25.0215
5.0 5.0 14.6319 25.0188
5.0 5.0 14.1234 25.022
5.0 5.0 14.2796 25.0222
5.0 5.0 14.0488 25.0222
5.0 5.0 15.1445 25.0221
5.0 5.0 14.6846 24.9374
5.0 5.0 14.2993 25.022
5.0 5.0 14.6866 25.0222
5.0 5.0 14.5869 25.0193
5.0 5.0 14.5601 25.0208
5.0 5.0 14.1435 25.0217
5.0 5.0 14.61 25.0222
5.0 5.0 14.1115 25.0075
5.0 7.0 9.64188 25.0178
5.0 7.0 9.61075 25.022
5.0 7.0 9.80093 25.0222
5.0 7.0 9.71825 25.0222
5.0 7.0 9.72842 25.0211
5.0 7.0 9.67397 25.0222
5.0 7.0 9.83265 25.0222
5.0 7.0 9.67809 25.0222
5.0 7.0 9.63026 25.0158
5.0 7.0 9.64756 25.0215
5.0 7.0 9.65437 25.0131
5.0 7.0 9.59168 25.022
5.0 7.0 9.60436 25.0222
5.0 7.0 9.62522 25.0222
5.0 7.0 9.63314 25.0221
5.0 7.0 9.58599 25.0131
5.0 7.0 9.61005 25.0219
5.0 7.0 9.62124 25.0222
5.0 7.0 9.63346 25.02
5.0 7.0 9.73384 24.9782
5.0 7.0 9.65168 25.0222
5.0 7.0 9.65426 25.0216
5.0 7.0 9.73116 25.0221
5.0 7.0 9.86724 25.0222
5.0 7.0 9.6444 25.0211
5.0 7.0 9.65511 25.0222
5.0 7.0 9.71436 25.0222
5.0 7.0 9.68454 25.0218
5.0 7.0 9.75777 25.0218
5.0 7.0 9.61807 25.017
5.0 7.0 9.70342 25.0208
5.0 7.0 9.674 25.0221
5.0 7.0 9.9497 25.0041
5.0 7.0 9.73504 25.0221
5.0 7.0 9.63445 25.0222
5.0 7.0 9.90781 25.0217
5.0 7.0 9.82048 25.0222
5.0 7.0 9.74893 25.0221
5.0 7.0 9.68294 25.0221
5.0 7.0 9.8234 24.9782
5.0 7.0 9.79849 25.0131
5.0 7.0 9.93014 25.0222
5.0 7.0 9.76431 25.0222
5.0 7.0 9.81544 25.0222
5.0 7.0 9.64493 25.0222
5.0 7.0 9.78606 25.0008
5.0 7.0 9.82294 24.9782
5.0 7.0 9.7346 25.0221
5.0 7.0 9.60473 25.0219
5.0 7.0 9.60473 25.0219
5.0 8.0 8.26022 25.0212
5.0 8.0 8.32546 24.9782
5.0 8.0 8.34747 25.0222
5.0 8.0 8.58771 25.0208
5.0 8.0 8.29781 25.0193
5.0 8.0 8.2942 25.0195
5.0 8.0 8.28807 25.0222
5.0 8.0 8.35165 25.0201
5.0 8.0 8.37413 25.0222
5.0 8.0 8.34009 25.0222
5.0 8.0 8.35348 25.0222
5.0 8.0 8.29184 25.0218
5.0 8.0 8.41884 24.991
5.0 8.0 8.3077 25.0183
5.0 8.0 8.3377 25.0222
5.0 8.0 8.58351 25.0222
5.0 8.0 8.27571 25.0211
5.0 8.0 8.34187 25.0207
5.0 8.0 8.306 24.9976
5.0 8.0 8.28214 25.0221
5.0 8.0 8.29643 25.0218
5.0 8.0 8.33494 25.0196
5.0 8.0 8.33657 25.022
5.0 8.0 8.29809 25.0219
5.0 8.0 8.32077 25.0222
5.0 8.0 8.28562 25.0221
5.0 8.0 8.29663 25.0221
5.0 8.0 8.30156 25.022
5.0 8.0 8.34637 25.0164
5.0 8.0 8.2733 25.022
5.0 8.0 8.32829 25.0222
5.0 8.0 8.3676 25.0222
5.0 8.0 8.29029 25.022
5.0 8.0 8.33425 25.0214
5.0 8.0 8.27532 25.0183
5.0 8.0 8.56098 25.0221
5.0 8.0 8.325 25.022
5.0 8.0 8.34472 25.0222
5.0 8.0 8.36277 25.0222
5.0 8.0 8.27339 25.021
5.0 8.0 8.32549 25.0177
5.0 8.0 8.27669 25.0193
5.0 8.0 8.25846 25.0131
5.0 8.0 8.3452 25.0222
5.0 8.0 8.39787 25.0213
5.0 8.0 8.46311 25.0218
5.0 8.0 8.34017 25.0221
5.0 8.0 8.27789 24.9918
5.0 8.0 8.27743 25.0207
5.0 8.0 8.29651 25.0209
5.0 9.0 7.26857 25.0222
5.0 9.0 7.25573 25.0206
5.0 9.0 7.28443 25.0219
5.0 9.0 7.28509 25.0222
5.0 9.0 7.36913 25.0222
5.0 9.0 7.27734 25.0221
5.0 9.0 7.32143 25.0204
5.0 9.0 7.41277 25.0218
5.0 9.0 7.36256 25.0222
5.0 9.0 7.31399 25.0219
5.0 9.0 7.36234 25.0211
5.0 9.0 7.30937 25.0202
5.0 9.0 7.26948 25.0221
5.0 9.0 7.4138 25.0221
5.0 9.0 7.28025 25.022
5.0 9.0 7.33257 25.0191
5.0 9.0 7.26499 25.0222
5.0 9.0 7.27427 25.0221
5.0 9.0 7.42927 25.0211
5.0 9.0 7.29222 25.0221
5.0 9.0 7.50199 25.0221
5.0 9.0 7.26308 25.0221
5.0 9.0 7.29598 25.0219
5.0 9.0 7.30703 25.0221
5.0 9.0 7.43429 25.0119
5.0 9.0 7.37762 25.022
5.0 9.0 7.26149 25.0221
5.0 9.0 7.2745 24.9782
5.0 9.0 7.36493 25.0185
5.0 9.0 7.47377 25.0222
5.0 9.0 7.36064 25.0221
5.0 9.0 7.35007 25.0193
5.0 9.0 7.41068 25.0212
5.0 9.0 7.26475 25.0222
5.0 9.0 7.28966 25.0222
5.0 9.0 7.46489 25.0222
5.0 9.0 7.31961 25.0221
5.0 9.0 7.38545 25.0217
5.0 9.0 7.339 25.0221
5.0 9.0 7.28062 25.0222
5.0 9.0 7.34779 25.0222
5.0 9.0 7.3922 24.9941
5.0 9.0 7.29694 25.0195
5.0 9.0 7.30151 25.0219
5.0 9.0 7.33022 25.0222
5.0 9.0 7.39671 25.0219
5.0 9.0 7.3535 25.0215
5.0 9.0 7.39958 25.0221
5.0 9.0 7.32906 25.0219
5.0 9.0 7.35727 25.0166
5.0 15.0 4.18 25.0222
5.0 15.0 4.26276 25.0172
5.0 15.0 4.23172 25.0073
5.0 15.0 4.18653 25.0221
5.0 15.0 4.19583 25.0221
5.0 15.0 4.30543 25.0211
5.0 15.0 4.19166 25.0221
5.0 15.0 4.20128 25.0196
5.0 15.0 4.26745 25.0222
5.0 15.0 4.19988 25.02
5.0 15.0 4.19471 25.0122
5.0 15.0 4.19434 25.0221
5.0 15.0 4.18417 25.0221
5.0 15.0 4.18842 25.0168
5.0 15.0 4.19397 25.0222
5.0 15.0 4.18156 25.0131
5.0 15.0 4.21593 25.0131
5.0 15.0 4.19097 25.021
5.0 15.0 4.20759 25.0222
5.0 15.0 4.20234 24.9782
5.0 15.0 4.24255 25.0216
5.0 15.0 4.19548 25.0217
5.0 15.0 4.18628 25.021
5.0 15.0 4.19181 25.0221
5.0 15.0 4.1974 24.9941
5.0 15.0 4.21264 25.021
5.0 15.0 4.24831 25.017
5.0 15.0 4.18721 25.022
5.0 15.0 4.1981 25.0222
5.0 15.0 4.18519 25.0222
5.0 15.0 4.25008 25.022
5.0 15.0 4.35505 24.9782
5.0 15.0 4.22599 25.0209
5.0 15.0 4.18984 25.0222
5.0 15.0 4.23899 25.0222
5.0 15.0 4.20883 25.0222
5.0 15.0 4.19331 25.0221
5.0 15.0 4.24082 25.0221
5.0 15.0 4.18695 25.0221
5.0 15.0 4.18828 25.0205
5.0 15.0 4.19133 25.0197
5.0 15.0 4.26641 25.0216
5.0 15.0 4.24317 25.0217
5.0 15.0 4.19682 25.0219
5.0 15.0 4.20223 25.0222
5.0 15.0 4.20704 25.0222
5.0 15.0 4.19436 25.0197
5.0 15.0 4.19137 25.0208
5.0 15.0 4.35523 25.0221
5.0 15.0 4.19533 25.0222
5.0 16.0 3.92839 25.0216
5.0 16.0 3.92001 25.0222
5.0 16.0 3.91163 25.0213
5.0 16.0 3.91462 25.0204
5.0 16.0 3.9217 25.022
5.0 16.0 3.90858 25.0221
5.0 16.0 3.98324 25.0222
5.0 16.0 3.90506 25.0136
5.0 16.0 3.93876 25.0219
5.0 16.0 3.93408 24.9782
5.0 16.0 4.0254 25.0214
5.0 16.0 3.91818 25.0221
5.0 16.0 3.92048 25.022
5.0 16.0 3.91034 25.0217
5.0 16.0 3.96415 25.0222
5.0 16.0 3.9357 25.0219
5.0 16.0 3.94196 25.0216
5.0 16.0 3.91449 25.0215
5.0 16.0 3.91754 25.0222
5.0 16.0 3.9706 25.0222
5.0 16.0 3.92331 25.022
5.0 16.0 3.92147 25.0222
5.0 16.0 4.00481 25.0221
5.0 16.0 3.91972 25.0219
5.0 16.0 3.92606 25.0159
5.0 16.0 3.93327 25.0185
5.0 16.0 3.91283 25.0222
5.0 16.0 3.91995 25.0184
5.0 16.0 3.93046 25.0222
5.0 16.0 3.91048 25.0222
5.0 16.0 3.92596 25.022
5.0 16.0 3.89946 25.022
5.0 16.0 3.92442 25.0211
5.0 16.0 3.94881 25.0219
5.0 16.0 4.11432 25.0209
5.0 16.0 3.95663 25.0198
5.0 16.0 3.9164 25.0222
5.0 16.0 3.92798 25.0205
5.0 16.0 3.91063 25.0216
5.0 16.0 4.03933 25.0214
5.0 16.0 3.91694 25.0221
5.0 16.0 4.01044 25.0193
5.0 16.0 3.90985 25.0222
5.0 16.0 3.91133 25.022
5.0 16.0 3.91416 25.0214
5.0 16.0 3.90405 25.0221
5.0 16.0 3.94096 25.022
5.0 16.0 3.93068 25.0203
5.0 16.0 3.89748 25.0222
5.0 16.0 3.91957 25.0221
5.0 17.0 3.7124 25.0222
5.0 17.0 3.82666 25.0212
5.0 17.0 3.6937 25.0221
5.0 17.0 3.76645 25.0222
5.0 17.0 3.69882 25.0221
5.0 17.0 3.66716 25.022
5.0 17.0 3.68284 25.0214
5.0 17.0 3.66732 25.0221
5.0 17.0 3.68728 25.0212
5.0 17.0 3.69316 25.0222
5.0 17.0 3.75205 25.013
5.0 17.0 3.67368 25.0221
5.0 17.0 3.68089 25.022
5.0 17.0 3.71558 25.0222
5.0 17.0 3.69334 24.9782
5.0 17.0 3.75745 24.9782
5.0 17.0 3.6932 25.022
5.0 17.0 3.67954 25.0199
5.0 17.0 3.68951 25.022
5.0 17.0 3.7131 25.0111
5.0 17.0 3.70331 25.0222
5.0 17.0 3.70564 25.0134
5.0 17.0 3.72671 25.0219
5.0 17.0 3.67636 25.0103
5.0 17.0 3.77037 25.0131
5.0 17.0 3.72021 25.0221
5.0 17.0 3.67374 25.0222
5.0 17.0 3.68115 25.0206
5.0 17.0 3.68722 25.0217
5.0 17.0 3.70717 25.0209
5.0 17.0 3.70012 25.0222
5.0 17.0 3.68876 25.0222
5.0 17.0 3.706 24.9853
5.0 17.0 3.72632 25.0206
5.0 17.0 3.72021 25.0222
5.0 17.0 3.69263 25.0194
5.0 17.0 3.70377 25.0221
5.0 17.0 3.6859 25.0112
5.0 17.0 3.77364 25.0221
5.0 17.0 3.69314 25.0188
5.0 17.0 3.75722 25.0222
5.0 17.0 3.6763 25.0221
5.0 17.0 3.71646 25.0131
5.0 17.0 3.69704 25.0222
5.0 17.0 3.71871 25.0046
5.0 17.0 3.74501 25.0219
5.0 17.0 3.77992 25.0221
5.0 17.0 3.6714 25.0182
5.0 17.0 3.7602 25.0222
5.0 17.0 3.7271 25.0177
5.0 31.0 1.97734 25.0197
5.0 31.0 1.984 25.0222
5.0 31.0 1.97039 25.0166
5.0 31.0 1.99445 25.0221
5.0 31.0 1.99013 25.0221
5.0 31.0 1.98462 25.0206
5.0 31.0 1.98254 25.0221
5.0 31.0 1.97186 25.0221
5.0 31.0 2.11047 25.0222
5.0 31.0 1.98767 25.0212
5.0 31.0 1.98053 25.0131
5.0 31.0 1.98982 25.0222
5.0 31.0 2.00454 25.0173
5.0 31.0 1.97226 25.0222
5.0 31.0 1.96745 25.0221
5.0 31.0 1.98365 25.0215
5.0 31.0 1.98934 25.0219
5.0 31.0 1.98352 25.0222
5.0 31.0 1.97383 25.0189
5.0 31.0 2.04823 25.022
5.0 31.0 1.99062 25.0221
5.0 31.0 2.00992 25.0222
5.0 31.0 1.97245 25.0221
5.0 31.0 1.98296 25.0218
5.0 31.0 1.97719 25.0221
5.0 31.0 1.98784 25.022
5.0 31.0 1.98031 25.0209
5.0 31.0 1.97294 25.0222
5.0 31.0 1.982 25.0209
5.0 31.0 1.97559 25.0101
5.0 31.0 1.9819 25.0222
5.0 31.0 1.98681 25.0222
5.0 31.0 1.97231 25.0221
5.0 31.0 1.98459 25.0219
5.0 31.0 1.99343 25.0222
5.0 31.0 1.97365 25.0221
5.0 31.0 1.98162 25.0222
5.0 31.0 1.99403 25.0198
5.0 31.0 1.97173 25.0203
5.0 31.0 1.99355 25.0222
5.0 31.0 1.97972 25.013
5.0 31.0 1.98001 25.0207
5.0 31.0 1.99374 25.0155
5.0 31.0 1.98219 25.0219
5.0 31.0 1.99058 25.0221
5.0 31.0 2.03545 25.0221
5.0 31.0 1.98439 25.0129
5.0 31.0 1.98396 25.0222
5.0 31.0 1.99009 25.0181
5.0 31.0 1.97195 25.0209
5.0 32.0 1.97475 25.0068
5.0 32.0 1.94006 25.0221
5.0 32.0 2.01745 25.0137
5.0 32.0 1.94846 25.0221
5.0 32.0 1.90963 25.0222
5.0 32.0 2.25226 25.0131
5.0 32.0 2.33069 25.0221
5.0 32.0 1.91594 25.0221
5.0 32.0 1.91464 25.0221
5.0 32.0 2.01673 25.0222
5.0 32.0 1.92436 25.0221
5.0 32.0 1.95797 25.0222
5.0 32.0 1.93593 25.0222
5.0 32.0 1.94838 25.0221
5.0 32.0 1.91182 25.0222
5.0 32.0 2.06853 25.0214
5.0 32.0 1.92041 25.0188
5.0 32.0 1.92062 25.0222
5.0 32.0 1.93442 25.0219
5.0 32.0 2.15217 25.0221
5.0 32.0 1.90785 25.0221
5.0 32.0 1.92724 25.0218
5.0 32.0 1.92538 25.022
5.0 32.0 1.91193 25.0222
5.0 32.0 1.91398 25.0222
5.0 32.0 2.01973 25.0221
5.0 32.0 1.91379 25.017
5.0 32.0 1.92655 25.0221
5.0 32.0 1.92312 25.0221
5.0 32.0 2.04817 25.0222
5.0 32.0 2.05084 25.0189
5.0 32.0 1.92613 25.0213
5.0 32.0 2.04628 25.0222
5.0 32.0 1.94783 25.0215
5.0 32.0 1.92964 25.0193
5.0 32.0 2.0122 25.0213
5.0 32.0 1.92593 25.0222
5.0 32.0 1.93282 25.0221
5.0 32.0 1.92621 25.0215
5.0 32.0 1.92654 25.022
5.0 32.0 1.92658 25.0221
5.0 32.0 1.93251 25.0221
5.0 32.0 1.9167 25.0222
5.0 32.0 1.9212 25.0222
5.0 32.0 2.0519 24.9782
5.0 32.0 1.96282 25.022
5.0 32.0 2.02911 25.0222
5.0 32.0 1.95277 25.0222
5.0 32.0 1.92868 25.0115
5.0 32.0 1.94253 25.0222
5.0 33.0 1.9577 25.0221
5.0 33.0 1.85247 25.0221
5.0 33.0 1.86946 25.0222
5.0 33.0 1.86724 25.02
5.0 33.0 1.92718 24.9782
5.0 33.0 1.99394 24.9787
5.0 33.0 1.85993 25.0073
5.0 33.0 1.91541 25.0197
5.0 33.0 1.8572 25.0217
5.0 33.0 1.8525 25.0222
5.0 33.0 1.88922 25.0207
5.0 33.0 1.96951 25.0163
5.0 33.0 1.91065 25.0
5.0 33.0 1.86589 25.022
5.0 33.0 1.86637 25.0221
5.0 33.0 1.9045 25.0209
5.0 33.0 1.91141 25.0216
5.0 33.0 1.86356 25.0221
5.0 33.0 1.90822 25.022
5.0 33.0 1.90291 25.0214
5.0 33.0 1.93473 25.0219
5.0 33.0 1.87062 25.0221
5.0 33.0 1.86497 25.0218
5.0 33.0 2.16817 25.0222
5.0 33.0 1.87025 25.0222
5.0 33.0 1.8692 25.0197
5.0 33.0 1.88149 25.0209
5.0 33.0 1.91219 25.0158
5.0 33.0 1.85098 25.0222
5.0 33.0 1.91092 25.0213
5.0 33.0 1.92495 24.9782
5.0 33.0 1.8555 25.0222
5.0 33.0 1.87124 24.9893
5.0 33.0 1.85987 25.0221
5.0 33.0 1.93023 25.0215
5.0 33.0 1.85323 25.0219
5.0 33.0 1.90737 25.0201
5.0 33.0 1.86845 25.0222
5.0 33.0 1.90531 25.0222
5.0 33.0 1.91016 25.0214
5.0 33.0 1.91019 25.0141
5.0 33.0 1.8693 25.0209
5.0 33.0 1.86802 25.0212
5.0 33.0 1.86307 25.0222
5.0 33.0 1.8558 25.0215
5.0 33.0 1.87031 25.0207
5.0 33.0 1.86884 25.0123
5.0 33.0 1.95687 25.0218
5.0 33.0 1.86925 25.022
5.0 33.0 1.86925 25.022
