0.0 3.0 0.394645 2.04197
0.0 3.0 0.390687 2.04198
0.0 3.0 0.384859 2.04197
0.0 3.0 0.385513 2.04197
0.0 3.0 0.397878 2.04197
0.0 3.0 0.393461 2.04198
0.0 3.0 0.399633 2.04197
0.0 3.0 0.38475 2.04197
0.0 3.0 0.381289 2.04197
0.0 3.0 0.390638 2.04198
0.0 3.0 0.387247 2.04197
0.0 3.0 0.389123 2.04197
0.0 3.0 0.394644 2.04197
0.0 3.0 0.389399 2.04198
0.0 3.0 0.410146 2.04197
0.0 3.0 0.39166 2.04198
0.0 3.0 0.414962 2.04198
0.0 3.0 0.408564 2.04198
0.0 3.0 0.393975 2.04198
0.0 3.0 0.378083 2.04198
0.0 3.0 0.41278 2.04197
0.0 3.0 0.403957 2.04198
0.0 3.0 0.40235 2.04198
0.0 3.0 0.417284 2.04198
0.0 3.0 0.400347 2.04198
0.0 3.0 0.410954 2.04197
0.0 3.0 0.401606 2.04198
0.0 3.0 0.418105 2.04197
0.0 3.0 0.410521 2.04198
0.0 3.0 0.409574 2.04198
0.0 3.0 0.407138 2.04197
0.0 3.0 0.401051 2.04197
0.0 3.0 0.410901 2.04198
0.0 3.0 0.403779 2.04198
0.0 3.0 0.405051 2.04198
0.0 3.0 0.424811 2.04198
0.0 3.0 0.407745 2.04198
0.0 3.0 0.408209 2.04197
0.0 3.0 0.403341 2.04198
0.0 3.0 0.412832 2.04197
0.0 3.0 0.415578 2.04198
0.0 3.0 0.383162 2.04197
0.0 3.0 0.406179 2.04198
0.0 3.0 0.393697 2.04198
0.0 3.0 0.402336 2.04198
0.0 3.0 0.401725 2.04197
0.0 3.0 0.42102 2.04198
0.0 3.0 0.412415 2.04197
0.0 3.0 0.408781 2.04198
0.0 3.0 0.402426 2.04197
0.0 4.0 0.381188 2.04198
0.0 4.0 0.424468 2.04198
0.0 4.0 0.419326 2.04198
0.0 4.0 0.443506 2.04197
0.0 4.0 0.390484 2.04198
0.0 4.0 0.430067 2.04198
0.0 4.0 0.42327 2.04197
0.0 4.0 0.473277 2.04198
0.0 4.0 0.385792 2.04197
0.0 4.0 0.411692 2.04197
0.0 4.0 0.432508 2.04197
0.0 4.0 0.411493 2.04198
0.0 4.0 0.958368 2.04197
0.0 4.0 0.425783 2.04197
0.0 4.0 0.848845 2.04198
0.0 4.0 0.38492 2.04197
0.0 4.0 0.833992 2.04198
0.0 4.0 0.796072 2.04198
0.0 4.0 0.409911 2.04197
0.0 4.0 0.835417 2.04198
0.0 4.0 0.737955 2.04197
0.0 4.0 0.840918 2.04197
0.0 4.0 0.428487 2.04197
0.0 4.0 0.847207 2.04198
0.0 4.0 0.827434 2.04198
0.0 4.0 0.420446 2.04197
0.0 4.0 0.841905 2.04197
0.0 4.0 0.948618 2.04197
0.0 4.0 0.880492 2.04198
0.0 4.0 0.405588 2.04198
0.0 4.0 0.380783 2.04198
0.0 4.0 0.823189 2.04198
0.0 4.0 0.829479 2.04198
0.0 4.0 0.416475 2.04198
0.0 4.0 0.835446 2.04197
0.0 4.0 0.777793 2.04197
0.0 4.0 0.378568 2.04198
0.0 4.0 0.432519 2.04198
0.0 4.0 0.380347 2.04198
0.0 4.0 0.3876 2.04198
0.0 4.0 0.396761 2.04198
0.0 4.0 0.863182 2.04198
0.0 4.0 0.405922 2.04198
0.0 4.0 0.380996 2.04197
0.0 4.0 0.783289 2.04198
0.0 4.0 0.437355 2.04197
0.0 4.0 0.829005 2.04198
0.0 4.0 0.43858 2.04197
0.0 4.0 0.856017 2.04198
0.0 4.0 0.828179 2.04197
0.0 5.0 1.32259 2.04197
0.0 5.0 1.4975 2.04198
0.0 5.0 0.721763 2.04197
0.0 5.0 0.783657 2.04197
0.0 5.0 0.671826 2.04198
0.0 5.0 1.38914 2.04197
0.0 5.0 0.719546 2.04198
0.0 5.0 0.668227 2.04197
0.0 5.0 0.758475 2.04197
0.0 5.0 0.765972 2.04197
0.0 5.0 0.749336 2.04198
0.0 5.0 0.693877 2.04197
0.0 5.0 0.668212 2.04198
0.0 5.0 0.698877 2.04197
0.0 5.0 0.731201 2.04197
0.0 5.0 0.681184 2.04198
0.0 5.0 0.663768 2.04198
0.0 5.0 0.696176 2.04197
0.0 5.0 0.764775 2.04197
0.0 5.0 0.675404 2.04198
0.0 5.0 0.710834 2.04198
0.0 5.0 0.703401 2.04197
0.0 5.0 0.797315 2.04197
0.0 5.0 0.821994 2.04198
0.0 5.0 0.694925 2.04198
0.0 5.0 0.684458 2.04197
0.0 5.0 0.681382 2.04197
0.0 5.0 0.794621 2.04198
0.0 5.0 0.723853 2.04198
0.0 5.0 0.733687 2.04197
0.0 5.0 0.782808 2.04197
0.0 5.0 0.762982 2.04197
0.0 5.0 0.677314 2.04197
0.0 5.0 0.732257 2.04197
0.0 5.0 0.696677 2.04197
0.0 5.0 1.52606 2.04197
0.0 5.0 1.53691 2.04198
0.0 5.0 0.763155 2.04198
0.0 5.0 0.773748 2.04197
0.0 5.0 0.740432 2.04198
0.0 5.0 0.86495 2.04197
0.0 5.0 0.75339 2.04198
0.0 5.0 0.702627 2.04197
0.0 5.0 0.689721 2.04197
0.0 5.0 0.702245 2.04198
0.0 5.0 0.721982 2.04198
0.0 5.0 0.777401 2.04197
0.0 5.0 0.721387 2.04198
0.0 5.0 0.810212 2.04198
0.0 5.0 0.897008 2.04198
0.0 7.0 0.72405 2.04198
0.0 7.0 0.705662 2.04198
0.0 7.0 0.760144 2.04197
0.0 7.0 0.757264 2.04198
0.0 7.0 0.726098 2.04197
0.0 7.0 0.691093 2.04197
0.0 7.0 0.760755 2.04197
0.0 7.0 0.720966 2.04197
0.0 7.0 0.769514 2.04197
0.0 7.0 0.734947 2.04198
0.0 7.0 0.727453 2.04198
0.0 7.0 0.72356 2.04197
0.0 7.0 0.731671 2.04198
0.0 7.0 0.728058 2.04197
0.0 7.0 0.714842 2.04197
0.0 7.0 0.725671 2.04198
0.0 7.0 0.746188 2.04198
0.0 7.0 0.740969 2.04198
0.0 7.0 0.759691 2.04198
0.0 7.0 0.709467 2.04198
0.0 7.0 0.727865 2.04197
0.0 7.0 0.715156 2.04198
0.0 7.0 0.77214 2.04197
0.0 7.0 0.707253 2.04198
0.0 7.0 0.769858 2.04198
0.0 7.0 0.720033 2.04198
0.0 7.0 0.765626 2.04197
0.0 7.0 0.72136 2.04197
0.0 7.0 0.757147 2.04198
0.0 7.0 0.753406 2.04198
0.0 7.0 0.741865 2.04198
0.0 7.0 0.733265 2.04197
0.0 7.0 0.750805 2.04198
0.0 7.0 0.722036 2.04197
0.0 7.0 0.768169 2.04197
0.0 7.0 0.707479 2.04198
0.0 7.0 0.711211 2.04197
0.0 7.0 0.717283 2.04198
0.0 7.0 0.741568 2.04198
0.0 7.0 0.732776 2.04197
0.0 7.0 0.726254 2.04198
0.0 7.0 0.757963 2.04197
0.0 7.0 1.5378 2.04197
0.0 7.0 0.741076 2.04198
0.0 7.0 0.726278 2.04198
0.0 7.0 0.762625 2.04197
0.0 7.0 1.53337 2.04197
0.0 7.0 0.735827 2.04197
0.0 7.0 1.56643 2.04197
0.0 7.0 1.62931 2.04197
0.0 8.0 0.624184 2.04197
0.0 8.0 0.635337 2.04197
0.0 8.0 0.634186 2.04197
0.0 8.0 0.660736 2.04197
0.0 8.0 0.62414 2.04197
0.0 8.0 0.631506 2.04197
0.0 8.0 0.623969 2.04197
0.0 8.0 0.638961 2.04198
0.0 8.0 0.646428 2.04197
0.0 8.0 0.629307 2.04197
0.0 8.0 0.629245 2.04198
0.0 8.0 0.647008 2.04198
0.0 8.0 0.633924 2.04197
0.0 8.0 0.639376 2.04197
0.0 8.0 0.785154 2.04197
0.0 8.0 0.866796 2.04198
0.0 8.0 2.06977 2.04198
0.0 8.0 0.800934 2.04197
0.0 8.0 0.674184 2.04197
0.0 8.0 0.6475 2.04197
0.0 8.0 0.622946 2.04197
0.0 8.0 0.661946 2.04197
0.0 8.0 0.619369 2.04197
0.0 8.0 0.618418 2.04198
0.0 8.0 0.646719 2.04197
0.0 8.0 0.625032 2.04197
0.0 8.0 0.674478 2.04197
0.0 8.0 0.66486 2.04197
0.0 8.0 0.655455 2.04198
0.0 8.0 0.65236 2.04197
0.0 8.0 0.632117 2.04198
0.0 8.0 0.657396 2.04197
0.0 8.0 0.626458 2.04197
0.0 8.0 0.630117 2.04197
0.0 8.0 0.650195 2.04197
0.0 8.0 0.633123 2.04197
0.0 8.0 0.651326 2.04197
0.0 8.0 0.620976 2.04197
0.0 8.0 0.618786 2.04198
0.0 8.0 0.641036 2.04197
0.0 8.0 0.62652 2.04197
0.0 8.0 0.631397 2.04198
0.0 8.0 0.655507 2.04197
0.0 8.0 0.866346 2.04197
0.0 8.0 0.651324 2.04198
0.0 8.0 0.703748 2.04197
0.0 8.0 0.750367 2.04197
0.0 8.0 0.683914 2.04198
0.0 8.0 0.621242 2.04197
0.0 8.0 0.654532 2.04197
0.0 9.0 0.811566 2.04197
0.0 9.0 0.877936 2.04198
0.0 9.0 0.815339 2.04198
0.0 9.0 0.797072 2.04197
0.0 9.0 0.813609 2.04197
0.0 9.0 0.671249 2.04197
0.0 9.0 0.679638 2.04197
0.0 9.0 0.784261 2.04197
0.0 9.0 0.661589 2.04197
0.0 9.0 0.879493 2.04197
0.0 9.0 0.669176 2.04197
0.0 9.0 0.836605 2.04198
0.0 9.0 0.693808 2.04198
0.0 9.0 0.683136 2.04198
0.0 9.0 1.19817 2.04197
0.0 9.0 0.936321 2.04197
0.0 9.0 0.712985 2.04198
0.0 9.0 0.67202 2.04198
0.0 9.0 0.686218 2.04198
0.0 9.0 0.797896 2.04198
0.0 9.0 1.25335 2.04197
0.0 9.0 0.675604 2.04197
0.0 9.0 0.744012 2.04197
0.0 9.0 0.756436 2.04197
0.0 9.0 0.755143 2.04198
0.0 9.0 1.22707 2.04197
0.0 9.0 0.729904 2.04197
0.0 9.0 1.02317 2.04198
0.0 9.0 0.900498 2.04197
0.0 9.0 0.669337 2.04197
0.0 9.0 0.677893 2.04197
0.0 9.0 0.782319 2.04198
0.0 9.0 0.732532 2.04197
0.0 9.0 0.736729 2.04197
0.0 9.0 0.771474 2.04197
0.0 9.0 0.780192 2.04198
0.0 9.0 0.800348 2.04197
0.0 9.0 0.839478 2.04197
0.0 9.0 0.753358 2.04197
0.0 9.0 0.750454 2.04197
0.0 9.0 1.01326 2.04197
0.0 9.0 0.89492 2.04197
0.0 9.0 0.901154 2.04197
0.0 9.0 1.02952 2.04198
0.0 9.0 0.75881 2.04197
0.0 9.0 0.67106 2.04197
0.0 9.0 0.666094 2.04197
0.0 9.0 0.676254 2.04198
0.0 9.0 0.766275 2.04197
0.0 9.0 0.671422 2.04198
0.0 15.0 0.822758 2.04197
0.0 15.0 0.835326 2.04197
0.0 15.0 0.817983 2.04198
0.0 15.0 0.928212 2.04198
0.0 15.0 0.819527 2.04197
0.0 15.0 0.783947 2.04197
0.0 15.0 0.786686 2.04198
0.0 15.0 0.818324 2.04198
0.0 15.0 0.805936 2.04197
0.0 15.0 0.794607 2.04197
0.0 15.0 0.846446 2.04197
0.0 15.0 0.804209 2.04198
0.0 15.0 0.774941 2.04198
0.0 15.0 0.802131 2.04198
0.0 15.0 0.880608 2.04197
0.0 15.0 0.804332 2.04197
0.0 15.0 0.877505 2.04197
0.0 15.0 0.804128 2.04198
0.0 15.0 0.868178 2.04197
0.0 15.0 0.816878 2.04198
0.0 15.0 0.815631 2.04198
0.0 15.0 0.824838 2.04198
0.0 15.0 0.837706 2.04198
0.0 15.0 0.814327 2.04198
0.0 15.0 0.831207 2.04197
0.0 15.0 0.804155 2.04197
0.0 15.0 0.856292 2.04197
0.0 15.0 0.790415 2.04198
0.0 15.0 0.780972 2.04197
0.0 15.0 0.769305 2.04198
0.0 15.0 0.76416 2.04197
0.0 15.0 0.743379 2.04198
0.0 15.0 0.767845 2.04197
0.0 15.0 0.730731 2.04198
0.0 15.0 0.751127 2.04198
0.0 15.0 0.743192 2.04198
0.0 15.0 0.753812 2.04197
0.0 15.0 0.779811 2.04197
0.0 15.0 0.764672 2.04197
0.0 15.0 0.881717 2.04198
0.0 15.0 0.868119 2.04197
0.0 15.0 0.733003 2.04198
0.0 15.0 0.750275 2.04198
0.0 15.0 0.775348 2.04197
0.0 15.0 0.778111 2.04197
0.0 15.0 0.800695 2.04197
0.0 15.0 0.74683 2.04198
0.0 15.0 0.759526 2.04198
0.0 15.0 0.810194 2.04197
0.0 15.0 0.749001 2.04197
0.0 16.0 0.773095 2.04198
0.0 16.0 0.829445 2.04197
0.0 16.0 0.807908 2.04197
0.0 16.0 0.754015 2.04198
0.0 16.0 0.763196 2.04197
0.0 16.0 0.843364 2.04197
0.0 16.0 0.753083 2.04198
0.0 16.0 0.758723 2.04197
0.0 16.0 0.744337 2.04197
0.0 16.0 0.752788 2.04197
0.0 16.0 0.841971 2.04198
0.0 16.0 0.778303 2.04198
0.0 16.0 0.744286 2.04197
0.0 16.0 0.782314 2.04198
0.0 16.0 0.737811 2.04197
0.0 16.0 0.811118 2.04198
0.0 16.0 1.45154 2.04197
0.0 16.0 0.761398 2.04198
0.0 16.0 0.831721 2.04198
0.0 16.0 0.748997 2.04197
0.0 16.0 0.848898 2.04197
0.0 16.0 0.794733 2.04198
0.0 16.0 0.79942 2.04197
0.0 16.0 0.85703 2.04198
0.0 16.0 0.8524 2.04198
0.0 16.0 0.743936 2.04198
0.0 16.0 0.810349 2.04197
0.0 16.0 0.776221 2.04198
0.0 16.0 1.0302 2.04197
0.0 16.0 0.775868 2.04197
0.0 16.0 0.787034 2.04197
0.0 16.0 0.779134 2.04198
0.0 16.0 0.791531 2.04197
0.0 16.0 0.813908 2.04197
0.0 16.0 0.757672 2.04198
0.0 16.0 0.739244 2.04197
0.0 16.0 0.758206 2.04197
0.0 16.0 0.799703 2.04198
0.0 16.0 0.770951 2.04197
0.0 16.0 1.02756 2.04197
0.0 16.0 0.779133 2.04197
0.0 16.0 0.822964 2.04197
0.0 16.0 0.757701 2.04198
0.0 16.0 0.74603 2.04197
0.0 16.0 0.771688 2.04198
0.0 16.0 0.771678 2.04197
0.0 16.0 0.847058 2.04198
0.0 16.0 0.808676 2.04198
0.0 16.0 1.37995 2.04197
0.0 16.0 0.75924 2.04197
0.0 17.0 1.20858 2.04197
0.0 17.0 1.1739 2.04198
0.0 17.0 1.40328 2.04198
0.0 17.0 0.856023 2.04197
0.0 17.0 0.814006 2.04198
0.0 17.0 0.858556 2.04197
0.0 17.0 1.02652 2.04198
0.0 17.0 0.870793 2.04198
0.0 17.0 1.18018 2.04197
0.0 17.0 0.813593 2.04198
0.0 17.0 1.40968 2.04197
0.0 17.0 1.22224 2.04197
0.0 17.0 0.843903 2.04197
0.0 17.0 1.15145 2.04197
0.0 17.0 1.21829 2.04197
0.0 17.0 1.15008 2.04197
0.0 17.0 1.08782 2.04198
0.0 17.0 0.866981 2.04197
0.0 17.0 1.13105 2.04197
0.0 17.0 1.38933 2.04197
0.0 17.0 0.951411 2.04198
0.0 17.0 1.09219 2.04197
0.0 17.0 1.39094 2.04197
0.0 17.0 0.835837 2.04197
0.0 17.0 0.929894 2.04198
0.0 17.0 1.19268 2.04197
0.0 17.0 1.23121 2.04197
0.0 17.0 0.858141 2.04198
0.0 17.0 1.22409 2.04197
0.0 17.0 1.2398 2.04197
0.0 17.0 1.22101 2.04198
0.0 17.0 0.875676 2.04197
0.0 17.0 1.21661 2.04197
0.0 17.0 0.798724 2.04197
0.0 17.0 1.06937 2.04197
0.0 17.0 1.03003 2.04197
0.0 17.0 0.951944 2.04197
0.0 17.0 1.18307 2.04197
0.0 17.0 1.24941 2.04197
0.0 17.0 0.809199 2.04198
0.0 17.0 1.18716 2.04197
0.0 17.0 1.427 2.04197
0.0 17.0 0.85684 2.04197
0.0 17.0 0.859504 2.04197
0.0 17.0 1.22319 2.04197
0.0 17.0 0.970818 2.04198
0.0 17.0 0.853828 2.04197
0.0 17.0 1.21062 2.04198
0.0 17.0 1.07256 2.04197
0.0 17.0 1.14909 2.04197
0.0 31.0 0.934686 2.04197
0.0 31.0 0.87818 2.04198
0.0 31.0 0.954233 2.04197
0.0 31.0 0.975118 2.04197
0.0 31.0 0.914992 2.04197
0.0 31.0 0.9703 2.04197
0.0 31.0 0.931163 2.04197
0.0 31.0 0.853244 2.04197
0.0 31.0 1.22693 2.04197
0.0 31.0 0.835955 2.04197
0.0 31.0 0.847669 2.04198
0.0 31.0 0.915581 2.04197
0.0 31.0 0.934235 2.04197
0.0 31.0 0.929458 2.04198
0.0 31.0 0.906032 2.04197
0.0 31.0 0.9629 2.04197
0.0 31.0 0.868123 2.04197
0.0 31.0 0.889064 2.04197
0.0 31.0 0.929423 2.04197
0.0 31.0 0.849413 2.04198
0.0 31.0 1.30711 2.04197
0.0 31.0 0.85967 2.04197
0.0 31.0 0.934677 2.04197
0.0 31.0 0.908995 2.04198
0.0 31.0 0.917464 2.04197
0.0 31.0 0.861913 2.04197
0.0 31.0 0.906001 2.04197
0.0 31.0 0.930223 2.04197
0.0 31.0 0.959312 2.04197
0.0 31.0 0.890371 2.04197
0.0 31.0 0.956304 2.04198
0.0 31.0 0.859294 2.04197
0.0 31.0 0.871917 2.04197
0.0 31.0 0.921764 2.04197
0.0 31.0 0.929294 2.04198
0.0 31.0 0.866284 2.04198
0.0 31.0 0.949812 2.04197
0.0 31.0 0.854475 2.04197
0.0 31.0 0.900109 2.04197
0.0 31.0 0.955082 2.04197
0.0 31.0 0.917942 2.04197
0.0 31.0 0.918503 2.04197
0.0 31.0 0.857801 2.04197
0.0 31.0 0.858313 2.04197
0.0 31.0 0.961766 2.04197
0.0 31.0 0.931522 2.04197
0.0 31.0 0.931557 2.04197
0.0 31.0 0.918183 2.04197
0.0 31.0 0.950868 2.04197
0.0 31.0 0.916566 2.04197
0.0 32.0 1.41606 2.04197
0.0 32.0 0.973627 2.04198
0.0 32.0 1.39102 2.04197
0.0 32.0 0.964058 2.04198
0.0 32.0 0.913052 2.04197
0.0 32.0 0.915712 2.04197
0.0 32.0 0.966186 2.04197
0.0 32.0 1.3778 2.04197
0.0 32.0 0.885354 2.04197
0.0 32.0 0.937225 2.04197
0.0 32.0 1.38988 2.04197
0.0 32.0 0.896065 2.04197
0.0 32.0 1.40673 2.04197
0.0 32.0 0.887017 2.04198
0.0 32.0 0.926494 2.04197
0.0 32.0 1.39196 2.04198
0.0 32.0 0.910649 2.04198
0.0 32.0 0.956734 2.04197
0.0 32.0 0.926389 2.04197
0.0 32.0 1.31125 2.04197
0.0 32.0 0.9148 2.04197
0.0 32.0 0.969833 2.04197
0.0 32.0 0.923522 2.04198
0.0 32.0 0.957198 2.04197
0.0 32.0 0.976251 2.04197
0.0 32.0 0.930442 2.04197
0.0 32.0 1.29681 2.04197
0.0 32.0 1.367 2.04197
0.0 32.0 0.939158 2.04197
0.0 32.0 0.911967 2.04198
0.0 32.0 0.968566 2.04197
0.0 32.0 1.38891 2.04198
0.0 32.0 0.974197 2.04197
0.0 32.0 1.34061 2.04197
0.0 32.0 0.957474 2.04197
0.0 32.0 1.38151 2.04197
0.0 32.0 0.886716 2.04197
0.0 32.0 1.38605 2.04197
0.0 32.0 0.926942 2.04197
0.0 32.0 0.943659 2.04197
0.0 32.0 0.969778 2.04197
0.0 32.0 1.46547 2.04197
0.0 32.0 0.895511 2.04198
0.0 32.0 1.04725 2.04197
0.0 32.0 1.37651 2.04197
0.0 32.0 0.923654 2.04197
0.0 32.0 0.919925 2.04197
0.0 32.0 1.42854 2.04198
0.0 32.0 1.35042 2.04197
0.0 32.0 0.907053 2.04198
0.0 33.0 1.02318 2.04197
0.0 33.0 0.921414 2.04198
0.0 33.0 0.880485 2.04197
0.0 33.0 0.988976 2.04197
0.0 33.0 0.991983 2.04198
0.0 33.0 0.899909 2.04197
0.0 33.0 1.05409 2.04198
0.0 33.0 0.939122 2.04197
0.0 33.0 1.25999 2.04197
0.0 33.0 1.05804 2.04197
0.0 33.0 1.41967 2.04197
0.0 33.0 1.46421 2.04197
0.0 33.0 0.918897 2.04197
0.0 33.0 0.858109 2.04198
0.0 33.0 1.01717 2.04197
0.0 33.0 1.0403 2.04197
0.0 33.0 1.01451 2.04197
0.0 33.0 1.24913 2.04197
0.0 33.0 1.23735 2.04197
0.0 33.0 1.35598 2.04197
0.0 33.0 0.991154 2.04198
0.0 33.0 1.04916 2.04197
0.0 33.0 0.939489 2.04197
0.0 33.0 1.00444 2.04197
0.0 33.0 1.05971 2.04197
0.0 33.0 1.06923 2.04198
0.0 33.0 1.0526 2.04197
0.0 33.0 1.37907 2.04197
0.0 33.0 0.904919 2.04198
0.0 33.0 1.38487 2.04197
0.0 33.0 0.922963 2.04197
0.0 33.0 0.916691 2.04197
0.0 33.0 1.00414 2.04197
0.0 33.0 1.05417 2.04197
0.0 33.0 1.04549 2.04197
0.0 33.0 1.05669 2.04197
0.0 33.0 1.03728 2.04197
0.0 33.0 1.396 2.04198
0.0 33.0 1.26896 2.04197
0.0 33.0 1.43083 2.04197
0.0 33.0 1.29209 2.04197
0.0 33.0 1.49789 2.04197
0.0 33.0 0.908304 2.04197
0.0 33.0 1.01038 2.04197
0.0 33.0 0.941003 2.04197
0.0 33.0 0.906004 2.04197
0.0 33.0 1.02966 2.04197
0.0 33.0 0.936614 2.04197
0.0 33.0 1.05657 2.04197
0.0 33.0 1.00309 2.04198
1.0 3.0 0.408084 16.6528
1.0 3.0 0.43517 16.6528
1.0 3.0 0.418721 16.6528
1.0 3.0 0.405163 16.6528
1.0 3.0 0.41282 16.6528
1.0 3.0 0.413506 16.6528
1.0 3.0 0.43904 16.6528
1.0 3.0 0.435445 16.6528
1.0 3.0 0.436634 16.6528
1.0 3.0 0.41716 16.6528
1.0 3.0 0.413964 16.6528
1.0 3.0 0.433939 16.6528
1.0 3.0 0.435374 16.6528
1.0 3.0 0.445908 16.6528
1.0 3.0 0.424568 16.6528
1.0 3.0 0.417348 16.6528
1.0 3.0 0.435926 16.6528
1.0 3.0 0.440665 16.6528
1.0 3.0 0.440938 16.6528
1.0 3.0 0.415954 16.6528
1.0 3.0 0.427711 16.6528
1.0 3.0 0.440596 16.6528
1.0 3.0 0.434602 16.6528
1.0 3.0 0.440595 16.6528
1.0 3.0 0.430037 16.6528
1.0 3.0 0.404733 16.6528
1.0 3.0 0.438118 16.6528
1.0 3.0 0.428704 16.6528
1.0 3.0 0.445133 16.6528
1.0 3.0 0.444297 16.6528
1.0 3.0 0.413652 16.6528
1.0 3.0 0.435113 16.6528
1.0 3.0 0.413477 16.6527
1.0 3.0 0.436888 16.6528
1.0 3.0 0.437496 16.6528
1.0 3.0 0.429539 16.6528
1.0 3.0 0.424503 16.6528
1.0 3.0 0.439273 16.6528
1.0 3.0 0.464758 16.6528
1.0 3.0 0.435354 16.6527
1.0 3.0 0.438349 16.6528
1.0 3.0 0.407832 16.6528
1.0 3.0 0.43404 16.6528
1.0 3.0 0.439169 16.6528
1.0 3.0 0.406994 16.6528
1.0 3.0 0.418052 16.6528
1.0 3.0 0.436933 16.6528
1.0 3.0 0.415034 16.6528
1.0 3.0 0.41033 16.6528
1.0 3.0 0.431485 16.6528
1.0 4.0 0.823346 16.6528
1.0 4.0 0.976798 16.6528
1.0 4.0 0.827532 16.6528
1.0 4.0 0.748616 16.6528
1.0 4.0 0.425387 16.6528
1.0 4.0 0.388353 16.6528
1.0 4.0 0.828016 16.6528
1.0 4.0 0.422409 16.6528
1.0 4.0 0.803329 16.6527
1.0 4.0 0.826201 16.6528
1.0 4.0 0.385137 16.6528
1.0 4.0 0.838012 16.6528
1.0 4.0 0.425555 16.6528
1.0 4.0 0.78235 16.6527
1.0 4.0 0.421437 16.6528
1.0 4.0 1.00759 16.6528
1.0 4.0 0.408058 16.6528
1.0 4.0 0.753906 16.6528
1.0 4.0 0.775462 16.6528
1.0 4.0 0.837814 16.6528
1.0 4.0 0.835887 16.6528
1.0 4.0 0.416363 16.6528
1.0 4.0 0.431983 16.6528
1.0 4.0 0.831935 16.6528
1.0 4.0 0.853096 16.6528
1.0 4.0 0.436806 16.6528
1.0 4.0 0.832396 16.6528
1.0 4.0 0.808778 16.6528
1.0 4.0 0.983777 16.6528
1.0 4.0 0.840219 16.6528
1.0 4.0 0.435427 16.6528
1.0 4.0 0.428584 16.6528
1.0 4.0 0.411378 16.6528
1.0 4.0 0.819159 16.6528
1.0 4.0 0.791202 16.6528
1.0 4.0 0.805019 16.6528
1.0 4.0 0.44557 16.6528
1.0 4.0 0.776427 16.6528
1.0 4.0 0.439655 16.6528
1.0 4.0 0.427019 16.6528
1.0 4.0 0.434799 16.6528
1.0 4.0 0.409327 16.6528
1.0 4.0 0.386504 16.6528
1.0 4.0 0.43044 16.6528
1.0 4.0 0.808042 16.6528
1.0 4.0 0.78528 16.6528
1.0 4.0 0.863096 16.6528
1.0 4.0 0.818047 16.6528
1.0 4.0 0.440007 16.6528
1.0 4.0 0.45025 16.6528
1.0 5.0 0.765259 16.6528
1.0 5.0 0.741835 16.6528
1.0 5.0 0.77476 16.6528
1.0 5.0 0.73835 16.6528
1.0 5.0 0.913219 16.6528
1.0 5.0 0.783647 16.6527
1.0 5.0 0.716498 16.6528
1.0 5.0 0.696355 16.6528
1.0 5.0 1.21219 16.6528
1.0 5.0 0.785139 16.6528
1.0 5.0 0.913964 16.6528
1.0 5.0 0.741902 16.6528
1.0 5.0 0.746068 16.6528
1.0 5.0 0.750003 16.6528
1.0 5.0 0.770815 16.6528
1.0 5.0 0.698896 16.6527
1.0 5.0 0.929612 16.6528
1.0 5.0 0.750113 16.6528
1.0 5.0 0.708422 16.6528
1.0 5.0 0.830574 16.6528
1.0 5.0 0.773068 16.6528
1.0 5.0 1.34616 16.6528
1.0 5.0 0.748507 16.6528
1.0 5.0 0.73733 16.6528
1.0 5.0 0.686235 16.6528
1.0 5.0 1.50498 16.6528
1.0 5.0 0.699655 16.6528
1.0 5.0 0.778518 16.6528
1.0 5.0 0.738748 16.6528
1.0 5.0 0.915453 16.6528
1.0 5.0 0.689462 16.6528
1.0 5.0 0.694559 16.6528
1.0 5.0 0.713678 16.6528
1.0 5.0 0.801958 16.6528
1.0 5.0 0.870895 16.6528
1.0 5.0 0.698836 16.6528
1.0 5.0 0.724128 16.6528
1.0 5.0 0.733336 16.6528
1.0 5.0 0.774175 16.6528
1.0 5.0 0.800904 16.6527
1.0 5.0 0.695409 16.6528
1.0 5.0 0.769508 16.6528
1.0 5.0 0.710618 16.6528
1.0 5.0 0.704765 16.6528
1.0 5.0 0.775832 16.6528
1.0 5.0 0.71865 16.6528
1.0 5.0 0.808599 16.6528
1.0 5.0 0.820535 16.6528
1.0 5.0 0.746368 16.6528
1.0 5.0 0.707478 16.6528
1.0 7.0 1.59329 16.6528
1.0 7.0 1.53112 16.6526
1.0 7.0 0.734987 16.6528
1.0 7.0 0.779386 16.6528
1.0 7.0 0.739891 16.6528
1.0 7.0 1.4875 16.6528
1.0 7.0 1.51627 16.6528
1.0 7.0 1.52552 16.6526
1.0 7.0 0.737185 16.6528
1.0 7.0 1.51499 16.6526
1.0 7.0 0.772415 16.6528
1.0 7.0 0.732545 16.6528
1.0 7.0 1.51992 16.6528
1.0 7.0 0.737682 16.6528
1.0 7.0 0.734975 16.6528
1.0 7.0 1.55612 16.6527
1.0 7.0 1.52911 16.6526
1.0 7.0 0.731787 16.6528
1.0 7.0 0.677127 16.6528
1.0 7.0 0.637644 16.6528
1.0 7.0 1.53063 16.6527
1.0 7.0 0.777573 16.6528
1.0 7.0 1.48727 16.6527
1.0 7.0 1.52237 16.6527
1.0 7.0 1.49069 16.6527
1.0 7.0 0.738906 16.6528
1.0 7.0 0.682899 16.6528
1.0 7.0 1.50945 16.6526
1.0 7.0 0.743521 16.6528
1.0 7.0 0.841871 16.6528
1.0 7.0 0.871833 16.6527
1.0 7.0 0.777986 16.6528
1.0 7.0 1.57117 16.6526
1.0 7.0 0.778806 16.6528
1.0 7.0 1.45069 16.6526
1.0 7.0 0.696791 16.6526
1.0 7.0 0.706667 16.6527
1.0 7.0 1.51549 16.6527
1.0 7.0 0.728861 16.6528
1.0 7.0 0.64076 16.6528
1.0 7.0 0.743545 16.6528
1.0 7.0 0.638334 16.6528
1.0 7.0 0.732874 16.6527
1.0 7.0 0.640404 16.6528
1.0 7.0 1.61701 16.6528
1.0 7.0 0.687976 16.6528
1.0 7.0 0.621366 16.6527
1.0 7.0 1.51198 16.6526
1.0 7.0 0.700139 16.6528
1.0 7.0 0.61781 16.6528
1.0 8.0 0.65125 16.6528
1.0 8.0 0.636472 16.6528
1.0 8.0 0.623095 16.6528
1.0 8.0 0.67022 16.6527
1.0 8.0 0.642406 16.6528
1.0 8.0 0.651214 16.6528
1.0 8.0 0.630243 16.6528
1.0 8.0 0.64241 16.6528
1.0 8.0 0.669569 16.6528
1.0 8.0 0.699906 16.6528
1.0 8.0 0.791769 16.6526
1.0 8.0 0.632943 16.6528
1.0 8.0 0.627593 16.6528
1.0 8.0 0.640611 16.6528
1.0 8.0 0.627593 16.6528
1.0 8.0 0.764617 16.6528
1.0 8.0 0.663835 16.6528
1.0 8.0 0.658514 16.6528
1.0 8.0 0.675486 16.6526
1.0 8.0 0.672577 16.6527
1.0 8.0 0.663532 16.6528
1.0 8.0 0.698191 16.6528
1.0 8.0 0.661533 16.6528
1.0 8.0 0.666611 16.6528
1.0 8.0 0.634686 16.6528
1.0 8.0 0.62442 16.6527
1.0 8.0 0.634182 16.6528
1.0 8.0 0.635963 16.6527
1.0 8.0 0.642779 16.6527
1.0 8.0 0.861581 16.6528
1.0 8.0 0.668403 16.6528
1.0 8.0 0.661719 16.6528
1.0 8.0 0.630719 16.6527
1.0 8.0 0.632714 16.6528
1.0 8.0 0.626911 16.6528
1.0 8.0 0.638395 16.6527
1.0 8.0 0.631254 16.6528
1.0 8.0 0.644676 16.6528
1.0 8.0 0.625245 16.6527
1.0 8.0 0.645198 16.6528
1.0 8.0 0.66774 16.6528
1.0 8.0 0.852135 16.6528
1.0 8.0 0.621959 16.6528
1.0 8.0 0.641568 16.6528
1.0 8.0 0.726323 16.6528
1.0 8.0 0.63769 16.6528
1.0 8.0 0.641043 16.6528
1.0 8.0 0.629305 16.6528
1.0 8.0 0.645668 16.6528
1.0 8.0 2.01667 16.6528
1.0 9.0 0.670018 16.6528
1.0 9.0 0.729259 16.6526
1.0 9.0 0.658061 16.6528
1.0 9.0 0.667567 16.6528
1.0 9.0 0.72296 16.6526
1.0 9.0 0.66068 16.6527
1.0 9.0 0.755484 16.6528
1.0 9.0 0.665493 16.6526
1.0 9.0 0.683239 16.6527
1.0 9.0 0.684756 16.6527
1.0 9.0 0.667789 16.6528
1.0 9.0 0.923324 16.6528
1.0 9.0 0.806598 16.6528
1.0 9.0 0.662799 16.6528
1.0 9.0 0.733667 16.6528
1.0 9.0 0.942876 16.6528
1.0 9.0 0.908139 16.6528
1.0 9.0 1.0128 16.6528
1.0 9.0 1.14769 16.6528
1.0 9.0 0.668163 16.6528
1.0 9.0 0.747675 16.6528
1.0 9.0 0.716502 16.6528
1.0 9.0 0.914465 16.6528
1.0 9.0 0.669529 16.6528
1.0 9.0 0.667026 16.6528
1.0 9.0 0.741004 16.6528
1.0 9.0 0.703821 16.6528
1.0 9.0 0.788945 16.6528
1.0 9.0 0.837731 16.6528
1.0 9.0 0.88665 16.6528
1.0 9.0 0.916833 16.6528
1.0 9.0 1.26885 16.6526
1.0 9.0 0.664611 16.6528
1.0 9.0 0.717741 16.6528
1.0 9.0 0.736126 16.6526
1.0 9.0 0.759889 16.6526
1.0 9.0 0.669122 16.6528
1.0 9.0 0.672686 16.6528
1.0 9.0 0.793344 16.6527
1.0 9.0 0.748059 16.6527
1.0 9.0 1.05518 16.6528
1.0 9.0 0.657706 16.6528
1.0 9.0 0.854782 16.6527
1.0 9.0 0.959889 16.6528
1.0 9.0 0.856807 16.6528
1.0 9.0 0.909531 16.6528
1.0 9.0 0.911977 16.6528
1.0 9.0 0.664461 16.6528
1.0 9.0 1.12214 16.6526
1.0 9.0 0.899774 16.6528
1.0 15.0 0.750846 16.6528
1.0 15.0 0.734974 16.6528
1.0 15.0 0.759472 16.6528
1.0 15.0 0.796114 16.6527
1.0 15.0 0.732747 16.6528
1.0 15.0 0.744959 16.6528
1.0 15.0 0.735356 16.6528
1.0 15.0 1.27024 16.6528
1.0 15.0 0.751704 16.6528
1.0 15.0 0.838782 16.6528
1.0 15.0 0.878145 16.6527
1.0 15.0 0.886114 16.6528
1.0 15.0 0.748964 16.6528
1.0 15.0 0.944361 16.6528
1.0 15.0 0.774904 16.6528
1.0 15.0 0.748188 16.6528
1.0 15.0 0.773446 16.6528
1.0 15.0 0.779071 16.6528
1.0 15.0 0.813379 16.6528
1.0 15.0 0.821469 16.6528
1.0 15.0 0.917182 16.6526
1.0 15.0 1.12724 16.6528
1.0 15.0 0.80871 16.6528
1.0 15.0 0.826258 16.6528
1.0 15.0 0.767453 16.6528
1.0 15.0 0.812737 16.6528
1.0 15.0 0.885679 16.6526
1.0 15.0 0.797567 16.6528
1.0 15.0 0.756228 16.6528
1.0 15.0 0.801784 16.6527
1.0 15.0 0.864607 16.6528
1.0 15.0 0.750907 16.6528
1.0 15.0 0.730252 16.6528
1.0 15.0 0.764405 16.6528
1.0 15.0 0.738495 16.6528
1.0 15.0 0.815246 16.6528
1.0 15.0 0.749789 16.6528
1.0 15.0 0.770592 16.6528
1.0 15.0 0.876185 16.6526
1.0 15.0 0.737855 16.6528
1.0 15.0 0.826996 16.6526
1.0 15.0 0.841535 16.6528
1.0 15.0 0.898018 16.6528
1.0 15.0 0.891816 16.6528
1.0 15.0 0.839206 16.6528
1.0 15.0 0.726848 16.6527
1.0 15.0 0.833487 16.6528
1.0 15.0 0.766174 16.6528
1.0 15.0 0.814963 16.6528
1.0 15.0 0.803766 16.6528
1.0 16.0 0.757757 16.6528
1.0 16.0 0.807767 16.6528
1.0 16.0 0.784903 16.6528
1.0 16.0 0.80352 16.6528
1.0 16.0 0.858084 16.6528
1.0 16.0 0.828814 16.6528
1.0 16.0 0.781015 16.6528
1.0 16.0 0.789224 16.6528
1.0 16.0 0.789188 16.6528
1.0 16.0 0.760852 16.6528
1.0 16.0 0.811035 16.6528
1.0 16.0 0.750152 16.6528
1.0 16.0 0.850883 16.6528
1.0 16.0 0.77695 16.6528
1.0 16.0 0.794172 16.6528
1.0 16.0 0.839256 16.6527
1.0 16.0 0.753458 16.6528
1.0 16.0 0.782927 16.6527
1.0 16.0 0.844329 16.6528
1.0 16.0 0.785017 16.6528
1.0 16.0 0.775083 16.6528
1.0 16.0 0.796963 16.6528
1.0 16.0 0.821909 16.6528
1.0 16.0 0.801302 16.6527
1.0 16.0 0.87365 16.6528
1.0 16.0 0.945582 16.6528
1.0 16.0 0.827956 16.6528
1.0 16.0 0.837285 16.6528
1.0 16.0 1.64513 16.6528
1.0 16.0 0.750229 16.6528
1.0 16.0 0.803894 16.6528
1.0 16.0 1.00551 16.6528
1.0 16.0 1.73095 16.6528
1.0 16.0 0.810945 16.6528
1.0 16.0 0.762902 16.6528
1.0 16.0 0.840985 16.6528
1.0 16.0 0.802103 16.6528
1.0 16.0 0.798277 16.6528
1.0 16.0 0.836209 16.6528
1.0 16.0 0.849191 16.6528
1.0 16.0 0.815312 16.6527
1.0 16.0 0.841529 16.6528
1.0 16.0 0.933672 16.6528
1.0 16.0 0.785466 16.6528
1.0 16.0 0.81279 16.6528
1.0 16.0 0.780395 16.6528
1.0 16.0 0.83949 16.6528
1.0 16.0 0.783424 16.6528
1.0 16.0 0.792596 16.6528
1.0 16.0 0.788714 16.6528
1.0 17.0 1.03302 16.6528
1.0 17.0 1.22234 16.6527
1.0 17.0 1.21964 16.6528
1.0 17.0 1.02183 16.6528
1.0 17.0 1.02759 16.6528
1.0 17.0 1.42776 16.6528
1.0 17.0 1.05294 16.6528
1.0 17.0 0.853805 16.6528
1.0 17.0 0.861781 16.6528
1.0 17.0 0.877 16.6527
1.0 17.0 0.869059 16.6528
1.0 17.0 1.322 16.6528
1.0 17.0 0.952003 16.6528
1.0 17.0 1.05542 16.6528
1.0 17.0 1.03349 16.6527
1.0 17.0 1.18789 16.6526
1.0 17.0 0.831393 16.6528
1.0 17.0 0.847568 16.6527
1.0 17.0 0.86525 16.6528
1.0 17.0 0.769514 16.6528
1.0 17.0 0.872041 16.6528
1.0 17.0 0.82021 16.6528
1.0 17.0 0.845708 16.6528
1.0 17.0 0.927367 16.6528
1.0 17.0 1.06275 16.6528
1.0 17.0 0.877679 16.6528
1.0 17.0 1.20793 16.6528
1.0 17.0 1.20219 16.6527
1.0 17.0 1.13937 16.6528
1.0 17.0 1.30273 16.6528
1.0 17.0 0.850328 16.6528
1.0 17.0 0.814987 16.6528
1.0 17.0 0.832483 16.6528
1.0 17.0 0.935402 16.6528
1.0 17.0 1.09541 16.6528
1.0 17.0 0.961972 16.6528
1.0 17.0 0.888111 16.6528
1.0 17.0 0.795591 16.6528
1.0 17.0 1.14121 16.6528
1.0 17.0 0.954347 16.6528
1.0 17.0 1.14716 16.6526
1.0 17.0 1.24305 16.6528
1.0 17.0 1.27666 16.6528
1.0 17.0 0.972451 16.6528
1.0 17.0 1.16876 16.6527
1.0 17.0 1.03728 16.6528
1.0 17.0 1.31011 16.6528
1.0 17.0 1.07304 16.6528
1.0 17.0 1.38955 16.6528
1.0 17.0 1.08563 16.6528
1.0 31.0 0.940186 16.6528
1.0 31.0 0.910042 16.6528
1.0 31.0 0.84456 16.6526
1.0 31.0 0.902792 16.6526
1.0 31.0 0.915455 16.6526
1.0 31.0 0.923802 16.6528
1.0 31.0 0.901494 16.6526
1.0 31.0 0.958388 16.6528
1.0 31.0 0.909441 16.6526
1.0 31.0 1.22504 16.6527
1.0 31.0 0.946023 16.6528
1.0 31.0 0.848465 16.6528
1.0 31.0 0.883425 16.6528
1.0 31.0 0.928386 16.6528
1.0 31.0 1.00496 16.6526
1.0 31.0 0.93164 16.6527
1.0 31.0 0.820064 16.6527
1.0 31.0 0.914485 16.6526
1.0 31.0 0.907393 16.6528
1.0 31.0 0.874583 16.6528
1.0 31.0 0.937705 16.6526
1.0 31.0 0.924174 16.6528
1.0 31.0 0.844474 16.6527
1.0 31.0 0.860719 16.6528
1.0 31.0 0.92991 16.6526
1.0 31.0 0.955809 16.6528
1.0 31.0 0.888912 16.6528
1.0 31.0 0.875205 16.6527
1.0 31.0 0.912561 16.6528
1.0 31.0 0.959113 16.6528
1.0 31.0 0.951485 16.6528
1.0 31.0 0.843806 16.6528
1.0 31.0 0.925515 16.6528
1.0 31.0 0.844521 16.6527
1.0 31.0 0.848995 16.6528
1.0 31.0 0.836831 16.6526
1.0 31.0 0.910467 16.6528
1.0 31.0 1.21339 16.6526
1.0 31.0 0.927097 16.6526
1.0 31.0 0.82809 16.6528
1.0 31.0 0.923401 16.6528
1.0 31.0 0.916446 16.6528
1.0 31.0 0.918908 16.6527
1.0 31.0 0.839931 16.6528
1.0 31.0 0.905329 16.6527
1.0 31.0 0.934521 16.6526
1.0 31.0 0.839068 16.6526
1.0 31.0 0.830883 16.6528
1.0 31.0 0.866239 16.6528
1.0 31.0 1.21325 16.6528
1.0 32.0 1.00142 16.6528
1.0 32.0 1.3687 16.6528
1.0 32.0 0.975415 16.6527
1.0 32.0 1.40177 16.6528
1.0 32.0 0.925645 16.6528
1.0 32.0 0.956031 16.6526
1.0 32.0 1.38746 16.6528
1.0 32.0 1.36603 16.6527
1.0 32.0 0.891683 16.6528
1.0 32.0 0.901048 16.6528
1.0 32.0 1.36127 16.6527
1.0 32.0 0.949238 16.6528
1.0 32.0 0.901098 16.6528
1.0 32.0 1.37551 16.6527
1.0 32.0 0.948923 16.6528
1.0 32.0 1.38707 16.6526
1.0 32.0 1.38223 16.6528
1.0 32.0 0.905415 16.6528
1.0 32.0 0.936388 16.6527
1.0 32.0 1.38525 16.6526
1.0 32.0 0.975596 16.6528
1.0 32.0 0.895954 16.6528
1.0 32.0 1.38151 16.6527
1.0 32.0 0.905413 16.6528
1.0 32.0 0.94534 16.6526
1.0 32.0 0.9727 16.6527
1.0 32.0 1.38339 16.6527
1.0 32.0 0.935867 16.6528
1.0 32.0 0.939596 16.6528
1.0 32.0 1.37611 16.6528
1.0 32.0 0.934181 16.6526
1.0 32.0 0.965621 16.6527
1.0 32.0 1.40446 16.6526
1.0 32.0 0.889031 16.6528
1.0 32.0 1.37386 16.6526
1.0 32.0 0.942229 16.6526
1.0 32.0 0.943365 16.6528
1.0 32.0 0.969137 16.6527
1.0 32.0 0.950173 16.6528
1.0 32.0 0.957454 16.6526
1.0 32.0 1.36839 16.6526
1.0 32.0 0.951454 16.6528
1.0 32.0 0.952623 16.6526
1.0 32.0 0.901677 16.6528
1.0 32.0 0.906724 16.6528
1.0 32.0 1.35708 16.6527
1.0 32.0 0.943766 16.6528
1.0 32.0 0.920379 16.6528
1.0 32.0 0.888321 16.6528
1.0 32.0 0.925544 16.6528
1.0 33.0 1.03779 16.6526
1.0 33.0 1.13112 16.6528
1.0 33.0 0.993399 16.6528
1.0 33.0 0.910001 16.6527
1.0 33.0 0.91175 16.6528
1.0 33.0 0.936542 16.6528
1.0 33.0 0.871895 16.6527
1.0 33.0 1.00881 16.6526
1.0 33.0 1.26232 16.6528
1.0 33.0 1.04532 16.6527
1.0 33.0 1.04441 16.6528
1.0 33.0 1.37362 16.6528
1.0 33.0 1.44686 16.6528
1.0 33.0 1.46629 16.6528
1.0 33.0 0.861311 16.6528
1.0 33.0 1.04815 16.6527
1.0 33.0 1.0054 16.6527
1.0 33.0 1.27038 16.6528
1.0 33.0 0.93062 16.6526
1.0 33.0 1.00217 16.6528
1.0 33.0 1.12507 16.6527
1.0 33.0 1.28456 16.6527
1.0 33.0 1.40044 16.6528
1.0 33.0 0.894722 16.6526
1.0 33.0 1.43349 16.6528
1.0 33.0 1.02635 16.6528
1.0 33.0 0.986778 16.6528
1.0 33.0 0.900903 16.6528
1.0 33.0 1.09492 16.6527
1.0 33.0 0.866281 16.6528
1.0 33.0 0.99898 16.6528
1.0 33.0 1.01895 16.6528
1.0 33.0 1.23523 16.6527
1.0 33.0 1.33849 16.6528
1.0 33.0 1.34091 16.6526
1.0 33.0 0.902696 16.6527
1.0 33.0 0.888545 16.6526
1.0 33.0 1.00248 16.6528
1.0 33.0 1.01146 16.6527
1.0 33.0 1.36142 16.6528
1.0 33.0 1.02347 16.6528
1.0 33.0 1.38415 16.6528
1.0 33.0 0.971454 16.6528
1.0 33.0 1.02026 16.6527
1.0 33.0 0.980117 16.6527
1.0 33.0 1.36043 16.6526
1.0 33.0 1.31466 16.6527
1.0 33.0 1.27104 16.6528
1.0 33.0 1.39673 16.6528
1.0 33.0 1.40932 16.6527
2.0 3.0 0.426967 -5.4144e-08
2.0 3.0 0.404563 -3.83135e-09
2.0 3.0 0.395913 -8.34883e-09
2.0 3.0 0.397572 -4.18719e-10
2.0 3.0 0.37695 -1.01326e-06
2.0 3.0 0.415863 -6.14681e-09
2.0 3.0 0.400583 -1.17747e-09
2.0 3.0 0.401836 -8.55213e-11
2.0 3.0 0.385831 -1.74007e-11
2.0 3.0 0.415595 -1.15264e-10
2.0 3.0 0.397905 -1.08571e-08
2.0 3.0 0.517926 -4.81562e-10
2.0 3.0 0.406925 -1.11279e-09
2.0 3.0 0.461953 -2.25754e-08
2.0 3.0 0.407369 -1.29902e-09
2.0 3.0 1.07427 -3.24892e-08
2.0 3.0 0.401655 -4.47889e-09
2.0 3.0 0.404364 -4.51018e-08
2.0 3.0 0.41346 -2.30404e-11
2.0 3.0 0.406192 -5.56544e-09
2.0 3.0 0.404173 -4.84807e-12
2.0 3.0 1.09458 -1.43155e-10
2.0 3.0 0.376547 -1.31549e-10
2.0 3.0 0.40361 -2.32631e-10
2.0 3.0 0.516139 -1.8708e-08
2.0 3.0 1.04038 -1.201e-09
2.0 3.0 1.11248 -5.07237e-09
2.0 3.0 0.403155 -9.23935e-10
2.0 3.0 0.395744 -7.37836e-11
2.0 3.0 0.398329 -2.07497e-10
2.0 3.0 0.408315 -8.98859e-09
2.0 3.0 0.420153 -2.86743e-10
2.0 3.0 0.4305 -1.13209e-09
2.0 3.0 1.05135 -1.04834e-10
2.0 3.0 1.22229 -2.57911e-09
2.0 3.0 0.405854 -3.13536e-11
2.0 3.0 1.04276 -8.22567e-09
2.0 3.0 1.41079 -1.28491e-10
2.0 3.0 1.13896 -3.11576e-09
2.0 3.0 0.382218 -1.20945e-10
2.0 3.0 0.395958 -1.84638e-10
2.0 3.0 0.471128 -3.27594e-09
2.0 3.0 1.352 -6.84206e-11
2.0 3.0 0.456508 -1.34206e-09
2.0 3.0 0.457894 -3.20983e-10
2.0 3.0 1.01416 -1.2222e-09
2.0 3.0 0.482949 -7.25113e-10
2.0 3.0 1.12435 -4.67654e-08
2.0 3.0 0.419251 -8.31229e-11
2.0 3.0 1.38613 -9.83387e-11
2.0 4.0 0.352254 -1.38942e-10
2.0 4.0 0.801688 -3.12207e-08
2.0 4.0 0.791075 -3.21559e-10
2.0 4.0 0.380884 -3.48643e-09
2.0 4.0 0.738568 -1.40336e-08
2.0 4.0 0.727115 -1.42284e-10
2.0 4.0 0.37938 -7.29508e-08
2.0 4.0 0.687616 -1.36321e-10
2.0 4.0 0.756757 -2.94147e-11
2.0 4.0 0.7809 -1.17292e-13
2.0 4.0 0.818831 -1.06076e-09
2.0 4.0 0.382859 -1.65952e-07
2.0 4.0 0.323803 -1.13381e-07
2.0 4.0 0.418011 -3.14792e-11
2.0 4.0 0.423444 -1.35798e-11
2.0 4.0 0.409391 -1.14046e-09
2.0 4.0 0.415009 -6.17856e-09
2.0 4.0 0.364673 -2.86716e-09
2.0 4.0 0.374243 -9.71398e-09
2.0 4.0 0.397605 -4.29027e-08
2.0 4.0 0.838038 -8.08575e-08
2.0 4.0 0.451363 -3.39013e-10
2.0 4.0 0.948871 -3.26558e-10
2.0 4.0 0.410943 -8.86148e-10
2.0 4.0 0.844633 -6.56866e-08
2.0 4.0 0.808857 -1.67012e-08
2.0 4.0 0.798559 -7.13011e-09
2.0 4.0 0.745793 -1.72791e-08
2.0 4.0 0.397941 -1.049e-07
2.0 4.0 0.364676 -9.34667e-13
2.0 4.0 0.380128 -5.47681e-10
2.0 4.0 0.438266 -1.72947e-10
2.0 4.0 0.758313 -4.10161e-09
2.0 4.0 0.409434 -8.01352e-11
2.0 4.0 0.817786 -7.59898e-09
2.0 4.0 0.756157 -6.14634e-09
2.0 4.0 0.405648 -6.12132e-11
2.0 4.0 0.40584 -4.47121e-12
2.0 4.0 0.402438 -4.30164e-07
2.0 4.0 0.751561 -2.37457e-08
2.0 4.0 0.810766 -8.67605e-11
2.0 4.0 0.775336 -2.18657e-08
2.0 4.0 0.365488 -1.06776e-13
2.0 4.0 0.814436 -4.84915e-09
2.0 4.0 0.383887 -1.16355e-08
2.0 4.0 0.434399 -3.45194e-10
2.0 4.0 0.368255 -5.33787e-11
2.0 4.0 0.397434 -3.74905e-10
2.0 4.0 0.413268 -4.39928e-11
2.0 4.0 0.817868 -2.55468e-10
2.0 5.0 0.733091 -5.29823e-10
2.0 5.0 0.73206 -7.06935e-10
2.0 5.0 0.548487 -6.1223e-08
2.0 5.0 0.65885 -6.36398e-09
2.0 5.0 0.882433 -2.68018e-08
2.0 5.0 1.34198 -7.39633e-10
2.0 5.0 0.61844 -2.44231e-10
2.0 5.0 0.84637 -2.33189e-10
2.0 5.0 0.885563 -1.1006e-10
2.0 5.0 0.546191 -5.34154e-09
2.0 5.0 1.19836 -8.86059e-09
2.0 5.0 0.707734 -3.59804e-09
2.0 5.0 0.900606 -4.5335e-10
2.0 5.0 0.71212 -2.5355e-08
2.0 5.0 0.635523 -1.12803e-12
2.0 5.0 0.660019 -4.73923e-10
2.0 5.0 0.751389 -1.05247e-11
2.0 5.0 0.727002 -3.90552e-08
2.0 5.0 0.718422 -2.26738e-08
2.0 5.0 0.863591 -1.29901e-07
2.0 5.0 0.691542 -1.0536e-08
2.0 5.0 0.654952 -9.07245e-11
2.0 5.0 0.682581 -1.04203e-10
2.0 5.0 0.657687 -4.85862e-10
2.0 5.0 0.82284 -3.98557e-10
2.0 5.0 0.729204 -1.91546e-10
2.0 5.0 0.891449 -6.52528e-13
2.0 5.0 0.567164 -2.1046e-09
2.0 5.0 1.22678 -3.89604e-07
2.0 5.0 0.704732 -1.72776e-10
2.0 5.0 0.743606 -9.05961e-09
2.0 5.0 0.601863 -1.41883e-08
2.0 5.0 0.675082 -1.86724e-08
2.0 5.0 0.73116 -3.1958e-09
2.0 5.0 0.658153 -6.62218e-11
2.0 5.0 0.542521 -1.14322e-08
2.0 5.0 0.894486 -1.11672e-09
2.0 5.0 0.816365 -3.73691e-09
2.0 5.0 0.763913 -1.86222e-09
2.0 5.0 0.794599 -6.28424e-08
2.0 5.0 0.858224 -4.9433e-10
2.0 5.0 0.65634 -1.21513e-08
2.0 5.0 0.802453 -1.29853e-10
2.0 5.0 0.713188 -2.35862e-10
2.0 5.0 0.699737 -6.84772e-10
2.0 5.0 0.709154 -5.44005e-10
2.0 5.0 0.659947 -1.57114e-14
2.0 5.0 0.915135 -2.52947e-12
2.0 5.0 1.21409 -7.20758e-11
2.0 5.0 0.656025 -3.57439e-09
2.0 7.0 0.663231 -1.28985e-09
2.0 7.0 0.900659 -6.48716e-09
2.0 7.0 0.626283 -1.49052e-09
2.0 7.0 1.64904 -1.07575e-09
2.0 7.0 1.53457 -3.00994e-09
2.0 7.0 0.818525 -6.05545e-08
2.0 7.0 0.598835 -1.62255e-09
2.0 7.0 0.632391 -5.93517e-08
2.0 7.0 0.584245 -2.10238e-08
2.0 7.0 0.639493 -3.5361e-12
2.0 7.0 0.89763 -3.74628e-08
2.0 7.0 0.574999 -3.92982e-09
2.0 7.0 1.55516 -3.15701e-08
2.0 7.0 1.52859 -2.07318e-09
2.0 7.0 0.863203 -1.65354e-08
2.0 7.0 0.68574 -2.08778e-09
2.0 7.0 0.893094 -5.46538e-08
2.0 7.0 0.592618 -7.9325e-08
2.0 7.0 0.730936 -1.04087e-07
2.0 7.0 0.585161 -7.58336e-11
2.0 7.0 0.735658 -6.50617e-09
2.0 7.0 0.739698 -6.29921e-11
2.0 7.0 0.602817 -5.3428e-09
2.0 7.0 0.586313 -5.19504e-10
2.0 7.0 0.889687 -2.16432e-07
2.0 7.0 0.650494 -1.36246e-10
2.0 7.0 1.63201 -5.49325e-09
2.0 7.0 0.646075 -5.07896e-10
2.0 7.0 0.646989 -4.79425e-08
2.0 7.0 0.6323 -1.35175e-08
2.0 7.0 0.854069 -1.29508e-10
2.0 7.0 0.861201 -1.43394e-07
2.0 7.0 0.596505 -2.16432e-07
2.0 7.0 0.831115 -1.3512e-07
2.0 7.0 0.586489 -3.54478e-08
2.0 7.0 0.836921 -5.15165e-08
2.0 7.0 0.69445 -3.94025e-11
2.0 7.0 0.652995 -9.37119e-10
2.0 7.0 0.845652 -5.3834e-12
2.0 7.0 0.667589 -5.63532e-08
2.0 7.0 0.60881 -5.19507e-09
2.0 7.0 0.637408 -4.43316e-09
2.0 7.0 0.888335 -1.33025e-07
2.0 7.0 0.644293 -1.60944e-08
2.0 7.0 0.636399 -7.67764e-10
2.0 7.0 1.57253 -6.17714e-08
2.0 7.0 0.885155 -7.1371e-09
2.0 7.0 0.912308 -1.26378e-09
2.0 7.0 0.677875 -1.91751e-07
2.0 7.0 1.70738 -9.83851e-08
2.0 8.0 0.646828 -1.31894e-08
2.0 8.0 0.609072 -4.94871e-09
2.0 8.0 0.970304 -1.35939e-09
2.0 8.0 0.606763 -8.19949e-08
2.0 8.0 0.603505 -6.07903e-09
2.0 8.0 0.614653 -1.8825e-08
2.0 8.0 0.573074 -8.20615e-08
2.0 8.0 0.671031 -8.39909e-09
2.0 8.0 0.600655 -5.52437e-08
2.0 8.0 0.62683 -5.68456e-08
2.0 8.0 0.634405 -3.32947e-08
2.0 8.0 0.606092 -5.22772e-08
2.0 8.0 0.572875 -1.76906e-08
2.0 8.0 0.59699 -5.50344e-08
2.0 8.0 0.578722 -2.6238e-11
2.0 8.0 0.61952 -1.97056e-08
2.0 8.0 0.615793 -2.62142e-09
2.0 8.0 0.643706 -8.59151e-10
2.0 8.0 0.810684 -2.98658e-10
2.0 8.0 0.570625 -1.10718e-09
2.0 8.0 0.60609 -1.90172e-08
2.0 8.0 0.621003 -7.89017e-09
2.0 8.0 0.63493 -8.87522e-09
2.0 8.0 0.594706 -5.07941e-08
2.0 8.0 0.6264 -5.23755e-09
2.0 8.0 0.606079 -8.15851e-08
2.0 8.0 0.609622 -7.78373e-09
2.0 8.0 0.623518 -2.64535e-09
2.0 8.0 0.602704 -5.59592e-09
2.0 8.0 1.62037 -3.57567e-08
2.0 8.0 0.577228 -4.16446e-09
2.0 8.0 0.582983 -4.19636e-08
2.0 8.0 0.665814 -1.00766e-08
2.0 8.0 0.582097 -1.22204e-07
2.0 8.0 0.630833 -7.22213e-09
2.0 8.0 0.58666 -5.63247e-11
2.0 8.0 0.662604 -2.2566e-09
2.0 8.0 0.571903 -8.60679e-08
2.0 8.0 0.571064 -2.48279e-09
2.0 8.0 0.611254 -8.22248e-09
2.0 8.0 0.75837 -1.87133e-11
2.0 8.0 0.598115 -2.67873e-10
2.0 8.0 0.610966 -1.79125e-08
2.0 8.0 0.586349 -2.12194e-09
2.0 8.0 0.648952 -4.07483e-08
2.0 8.0 0.587521 -2.52311e-10
2.0 8.0 0.738028 -9.59811e-10
2.0 8.0 0.60248 -8.38284e-10
2.0 8.0 0.576547 -4.12739e-10
2.0 8.0 0.607438 -6.48396e-08
2.0 9.0 0.666752 -1.85098e-08
2.0 9.0 0.669994 -3.55001e-08
2.0 9.0 0.821221 -1.25907e-08
2.0 9.0 0.698695 -1.0539e-08
2.0 9.0 0.787523 -4.15581e-09
2.0 9.0 0.656246 -1.08651e-09
2.0 9.0 0.877273 -3.62844e-09
2.0 9.0 0.703732 -1.54695e-09
2.0 9.0 0.670302 -5.53993e-09
2.0 9.0 0.68581 -5.01898e-08
2.0 9.0 0.701646 -1.68847e-08
2.0 9.0 0.86732 -1.92724e-08
2.0 9.0 1.12939 -3.19812e-08
2.0 9.0 0.693799 -1.28113e-07
2.0 9.0 0.680255 -9.89465e-09
2.0 9.0 0.702473 -8.58608e-10
2.0 9.0 0.797535 -2.56896e-07
2.0 9.0 0.988435 -8.99272e-13
2.0 9.0 0.679048 -4.01191e-08
2.0 9.0 0.713223 -1.19921e-13
2.0 9.0 0.771786 -4.06676e-08
2.0 9.0 0.848495 -1.05133e-08
2.0 9.0 0.757713 -8.66964e-09
2.0 9.0 0.683578 -1.73932e-07
2.0 9.0 0.96009 -2.2931e-10
2.0 9.0 0.692378 -1.65776e-09
2.0 9.0 0.698207 -6.7301e-09
2.0 9.0 0.75535 -4.17378e-08
2.0 9.0 0.682514 -9.20061e-08
2.0 9.0 0.894844 -1.92146e-09
2.0 9.0 0.655867 -2.89346e-08
2.0 9.0 0.755849 -1.66271e-07
2.0 9.0 1.25348 -2.35126e-08
2.0 9.0 0.832166 -1.55293e-07
2.0 9.0 1.46808 -7.10584e-09
2.0 9.0 0.71886 -4.61709e-09
2.0 9.0 0.6792 -1.17387e-07
2.0 9.0 0.697585 -2.77351e-08
2.0 9.0 0.716339 -3.16496e-08
2.0 9.0 0.681196 -2.78432e-09
2.0 9.0 0.95144 -6.67084e-10
2.0 9.0 1.13023 -2.9022e-10
2.0 9.0 0.689713 -1.17582e-07
2.0 9.0 0.822443 -7.81957e-09
2.0 9.0 0.705021 -2.99894e-08
2.0 9.0 0.953165 -5.27852e-10
2.0 9.0 0.705036 -4.18099e-08
2.0 9.0 0.684734 -2.16432e-07
2.0 9.0 0.785665 -1.56179e-09
2.0 9.0 0.70649 -2.63999e-07
2.0 15.0 0.767588 -9.85351e-09
2.0 15.0 0.754685 -1.19341e-08
2.0 15.0 0.754801 -7.34848e-09
2.0 15.0 0.77208 -2.93798e-09
2.0 15.0 0.774875 -2.04829e-09
2.0 15.0 0.867495 -1.08573e-09
2.0 15.0 0.783306 -1.37167e-13
2.0 15.0 0.914433 -8.63559e-08
2.0 15.0 0.83268 -7.66285e-08
2.0 15.0 0.782236 -1.01349e-09
2.0 15.0 0.73154 -1.20986e-08
2.0 15.0 0.781474 -2.41869e-07
2.0 15.0 0.838233 -2.57341e-07
2.0 15.0 0.745486 -4.97503e-09
2.0 15.0 0.796728 -3.19717e-10
2.0 15.0 0.86689 -8.84885e-08
2.0 15.0 0.7325 -4.57951e-09
2.0 15.0 0.738664 -2.79602e-08
2.0 15.0 1.04147 -5.73787e-10
2.0 15.0 1.30173 -1.65612e-10
2.0 15.0 0.766654 -4.05637e-10
2.0 15.0 0.765659 -8.92791e-09
2.0 15.0 0.8161 -8.71162e-10
2.0 15.0 0.758283 -3.14503e-09
2.0 15.0 0.756965 -6.66042e-08
2.0 15.0 0.761915 -1.90709e-08
2.0 15.0 0.764602 -4.73638e-10
2.0 15.0 0.850229 -2.14621e-09
2.0 15.0 0.74897 -4.98514e-10
2.0 15.0 0.770727 -8.95512e-09
2.0 15.0 0.908632 -3.95085e-10
2.0 15.0 0.757184 -4.19072e-09
2.0 15.0 0.739803 -6.21065e-09
2.0 15.0 0.733399 -4.57772e-10
2.0 15.0 0.746354 -2.55054e-08
2.0 15.0 0.785643 -4.85766e-09
2.0 15.0 0.737291 -8.58136e-08
2.0 15.0 0.723863 -8.60493e-09
2.0 15.0 0.72387 -2.48218e-08
2.0 15.0 0.827388 -4.48546e-10
2.0 15.0 0.924275 -8.77495e-09
2.0 15.0 0.891196 -5.59839e-09
2.0 15.0 0.823224 -1.13822e-09
2.0 15.0 0.834952 -2.15333e-08
2.0 15.0 0.855454 -7.43187e-10
2.0 15.0 0.861537 -1.15025e-07
2.0 15.0 0.724409 -1.07033e-09
2.0 15.0 0.782074 -6.1336e-11
2.0 15.0 0.971676 -6.22675e-08
2.0 15.0 0.737336 -8.16016e-08
2.0 16.0 0.780454 -9.23352e-09
2.0 16.0 0.817565 -1.52932e-09
2.0 16.0 0.786007 -5.14158e-09
2.0 16.0 0.818345 -5.76068e-11
2.0 16.0 0.784841 -2.06247e-10
2.0 16.0 0.757121 -1.08373e-11
2.0 16.0 0.759092 -2.44844e-09
2.0 16.0 0.822569 -5.34555e-10
2.0 16.0 0.773562 -1.67755e-07
2.0 16.0 0.78151 -2.66689e-07
2.0 16.0 0.756115 -1.73291e-09
2.0 16.0 0.772669 -1.81829e-09
2.0 16.0 0.795343 -7.74055e-10
2.0 16.0 0.896564 -4.0987e-09
2.0 16.0 0.776737 -8.35134e-08
2.0 16.0 0.764592 -1.46421e-08
2.0 16.0 0.803403 -1.13117e-10
2.0 16.0 0.776693 -3.59183e-09
2.0 16.0 0.75865 -4.87583e-08
2.0 16.0 0.762143 -3.37112e-11
2.0 16.0 0.748814 -1.20486e-09
2.0 16.0 0.749205 -1.09731e-09
2.0 16.0 0.792662 -1.11918e-08
2.0 16.0 0.742405 -1.15499e-09
2.0 16.0 0.784431 -1.81083e-10
2.0 16.0 0.775239 -1.00764e-08
2.0 16.0 0.772011 -1.86094e-09
2.0 16.0 0.775263 -1.72665e-10
2.0 16.0 0.75696 -4.71435e-13
2.0 16.0 0.764154 -4.37618e-11
2.0 16.0 0.804632 -2.76667e-11
2.0 16.0 0.815739 -1.43149e-08
2.0 16.0 0.786128 -5.26688e-09
2.0 16.0 0.778574 -1.93209e-09
2.0 16.0 0.746621 -2.74883e-08
2.0 16.0 0.772931 -8.72712e-14
2.0 16.0 0.815403 -5.78453e-10
2.0 16.0 0.74189 -9.14455e-11
2.0 16.0 0.760078 -2.93431e-10
2.0 16.0 0.805478 -1.73141e-09
2.0 16.0 0.767555 -8.61472e-09
2.0 16.0 1.72435 -8.42847e-09
2.0 16.0 0.827727 -1.61981e-12
2.0 16.0 0.7595 -8.11347e-13
2.0 16.0 0.832299 -6.45791e-09
2.0 16.0 0.759575 -1.44954e-08
2.0 16.0 0.785858 -1.56226e-08
2.0 16.0 0.754357 -1.15499e-08
2.0 16.0 0.816241 -1.97113e-10
2.0 16.0 0.756477 -3.58875e-08
2.0 17.0 0.815009 -3.7719e-11
2.0 17.0 0.804315 -1.24693e-10
2.0 17.0 0.921008 -2.97944e-08
2.0 17.0 1.22235 -1.04338e-09
2.0 17.0 0.889314 -2.0632e-07
2.0 17.0 0.878548 -3.29202e-08
2.0 17.0 1.3264 -1.67063e-09
2.0 17.0 0.856972 -1.64535e-07
2.0 17.0 1.26236 -3.0193e-09
2.0 17.0 0.908105 -5.90718e-08
2.0 17.0 0.839605 -7.80604e-11
2.0 17.0 0.887894 -1.54658e-10
2.0 17.0 0.904206 -1.42393e-08
2.0 17.0 1.27662 -6.41822e-11
2.0 17.0 1.3306 -2.63764e-09
2.0 17.0 0.882232 -4.91303e-10
2.0 17.0 1.36905 -2.8068e-09
2.0 17.0 0.905243 -4.11785e-09
2.0 17.0 1.18377 -1.72282e-08
2.0 17.0 1.00315 -1.82772e-10
2.0 17.0 1.18785 -1.29333e-07
2.0 17.0 0.860668 -2.8474e-10
2.0 17.0 0.954347 -2.15417e-08
2.0 17.0 0.94175 -1.22535e-09
2.0 17.0 0.92817 -6.65593e-07
2.0 17.0 1.17243 -1.34099e-08
2.0 17.0 0.85971 -3.35868e-08
2.0 17.0 0.917982 -3.88324e-13
2.0 17.0 0.913711 -2.95754e-10
2.0 17.0 0.828568 -4.1177e-10
2.0 17.0 0.891614 -7.4824e-08
2.0 17.0 1.02888 -1.95587e-12
2.0 17.0 0.94634 -3.65796e-09
2.0 17.0 1.20963 -2.47102e-10
2.0 17.0 0.919308 -4.58103e-08
2.0 17.0 1.12514 -7.16784e-12
2.0 17.0 1.14255 -1.51464e-07
2.0 17.0 1.06743 -6.81256e-10
2.0 17.0 0.791784 -2.46518e-08
2.0 17.0 0.780135 -8.33967e-09
2.0 17.0 0.860462 -1.63201e-08
2.0 17.0 0.802057 -2.57743e-07
2.0 17.0 0.893285 -1.41643e-08
2.0 17.0 0.958058 -2.15094e-09
2.0 17.0 0.938918 -1.04636e-08
2.0 17.0 1.17141 -8.23727e-10
2.0 17.0 0.885105 -8.61571e-08
2.0 17.0 1.22037 -3.2801e-08
2.0 17.0 1.31058 -3.69803e-09
2.0 17.0 1.51579 -7.8298e-10
2.0 31.0 0.917025 -1.15328e-09
2.0 31.0 0.859181 -2.00065e-08
2.0 31.0 0.900595 -1.99882e-07
2.0 31.0 0.918649 -1.81094e-08
2.0 31.0 0.948893 -7.11636e-09
2.0 31.0 0.861026 -1.22544e-08
2.0 31.0 0.919003 -3.29708e-09
2.0 31.0 0.973937 -1.36282e-07
2.0 31.0 0.841951 -2.478e-09
2.0 31.0 0.845946 -1.72974e-08
2.0 31.0 0.914753 -2.24037e-07
2.0 31.0 0.926267 -3.4571e-09
2.0 31.0 0.907017 -2.48372e-09
2.0 31.0 0.908409 -1.28785e-09
2.0 31.0 0.910651 -8.53251e-08
2.0 31.0 0.937821 -1.36766e-07
2.0 31.0 0.92444 -1.59372e-09
2.0 31.0 0.861619 -9.15298e-08
2.0 31.0 0.858051 -2.18677e-09
2.0 31.0 0.965121 -7.86564e-10
2.0 31.0 0.833104 -2.01853e-09
2.0 31.0 0.861352 -4.47573e-08
2.0 31.0 1.06002 -3.74517e-11
2.0 31.0 0.848483 -7.49758e-09
2.0 31.0 0.910323 -1.20497e-09
2.0 31.0 0.965321 -2.88684e-08
2.0 31.0 0.92577 -4.87457e-08
2.0 31.0 0.908723 -2.69542e-08
2.0 31.0 0.962919 -4.08172e-08
2.0 31.0 0.858053 -3.4568e-12
2.0 31.0 0.848261 -1.45523e-07
2.0 31.0 0.96213 -5.73558e-08
2.0 31.0 0.836016 -6.28211e-09
2.0 31.0 0.849628 -1.42176e-07
2.0 31.0 0.857415 -3.22423e-09
2.0 31.0 0.850442 -2.09407e-08
2.0 31.0 0.963138 -7.06375e-10
2.0 31.0 0.919339 -1.07575e-08
2.0 31.0 0.922438 -7.78853e-09
2.0 31.0 0.851723 -1.20232e-08
2.0 31.0 0.88298 -3.355e-09
2.0 31.0 1.26244 -5.00129e-08
2.0 31.0 0.85825 -1.53558e-08
2.0 31.0 0.833681 -4.27672e-09
2.0 31.0 0.925725 -1.31204e-08
2.0 31.0 0.878366 -1.13923e-08
2.0 31.0 0.863785 -1.31288e-10
2.0 31.0 0.918344 -4.21923e-08
2.0 31.0 0.93946 -1.13442e-09
2.0 31.0 0.850716 -6.76755e-08
2.0 32.0 0.947869 -1.19404e-08
2.0 32.0 0.932447 -4.67663e-08
2.0 32.0 0.958709 -3.51768e-08
2.0 32.0 0.963863 -2.67664e-07
2.0 32.0 0.928165 -1.68244e-08
2.0 32.0 0.961324 -1.96322e-09
2.0 32.0 0.936774 -2.25308e-08
2.0 32.0 0.975353 -2.6875e-08
2.0 32.0 1.30037 -2.29395e-08
2.0 32.0 0.956081 -1.35458e-09
2.0 32.0 0.956294 -3.71541e-07
2.0 32.0 1.37132 -1.10224e-08
2.0 32.0 0.958364 -2.84923e-09
2.0 32.0 1.38835 -4.30726e-08
2.0 32.0 0.960141 -3.38865e-08
2.0 32.0 0.953516 -1.65798e-09
2.0 32.0 0.922895 -9.56454e-11
2.0 32.0 0.963513 -3.05013e-09
2.0 32.0 0.925903 -7.10865e-12
2.0 32.0 1.37638 -3.72827e-09
2.0 32.0 1.32184 -1.59184e-09
2.0 32.0 0.974554 -2.49267e-08
2.0 32.0 0.952701 -2.44867e-08
2.0 32.0 0.919554 -1.27391e-09
2.0 32.0 0.958488 -4.44955e-08
2.0 32.0 0.963011 -2.37597e-08
2.0 32.0 0.973495 -5.09125e-09
2.0 32.0 0.960233 -2.84502e-07
2.0 32.0 0.948886 -1.00842e-09
2.0 32.0 0.940122 -5.10994e-08
2.0 32.0 0.935624 -1.00029e-08
2.0 32.0 0.934348 -1.36877e-11
2.0 32.0 0.95786 -6.7652e-08
2.0 32.0 0.945764 -2.29559e-08
2.0 32.0 1.35469 -9.26739e-10
2.0 32.0 0.927265 -6.04875e-08
2.0 32.0 0.948433 -1.07977e-07
2.0 32.0 0.992869 -2.32763e-09
2.0 32.0 0.964181 -1.72695e-07
2.0 32.0 1.40754 -1.36433e-08
2.0 32.0 0.913826 -1.06773e-10
2.0 32.0 1.37833 -2.50553e-08
2.0 32.0 0.956277 -1.73169e-08
2.0 32.0 0.876314 -4.82659e-09
2.0 32.0 0.95459 -2.04424e-07
2.0 32.0 0.972294 -1.07658e-08
2.0 32.0 0.917866 -1.11992e-07
2.0 32.0 1.39728 -4.65472e-08
2.0 32.0 0.91827 -2.8278e-08
2.0 32.0 0.945435 -1.763e-07
2.0 33.0 0.916747 -1.51438e-07
2.0 33.0 0.938063 -1.76133e-09
2.0 33.0 1.06956 -9.17946e-09
2.0 33.0 0.895958 -1.59801e-09
2.0 33.0 1.02172 -2.44866e-07
2.0 33.0 1.03674 -2.3667e-28
2.0 33.0 0.922458 -1.81947e-08
2.0 33.0 0.917437 -4.84057e-09
2.0 33.0 1.23236 -1.45613e-08
2.0 33.0 0.984322 -1.47756e-07
2.0 33.0 1.07434 -2.09936e-09
2.0 33.0 1.30008 -1.13769e-08
2.0 33.0 1.00698 -4.28971e-10
2.0 33.0 1.34811 -4.7017e-10
2.0 33.0 0.909469 -1.2995e-07
2.0 33.0 0.995703 -1.5222e-10
2.0 33.0 1.04524 -1.24467e-08
2.0 33.0 1.05052 -4.97184e-12
2.0 33.0 1.05368 -1.51993e-09
2.0 33.0 1.23727 -4.18937e-08
2.0 33.0 0.940169 -4.21718e-09
2.0 33.0 1.05108 -3.53982e-08
2.0 33.0 1.26608 -7.70048e-09
2.0 33.0 1.28278 -2.7756e-08
2.0 33.0 0.887252 -3.73468e-08
2.0 33.0 0.872822 -2.54572e-07
2.0 33.0 1.00817 -1.19133e-09
2.0 33.0 0.905049 -6.24024e-09
2.0 33.0 0.944992 -8.06363e-08
2.0 33.0 0.91133 -1.83272e-08
2.0 33.0 1.04085 -3.53993e-08
2.0 33.0 0.907099 -6.79748e-09
2.0 33.0 1.32704 -1.68457e-09
2.0 33.0 1.23678 -7.44547e-09
2.0 33.0 0.953267 -9.76606e-09
2.0 33.0 1.01365 -5.20797e-10
2.0 33.0 1.00524 -8.72699e-11
2.0 33.0 1.03821 -5.08306e-08
2.0 33.0 1.47953 -4.49232e-09
2.0 33.0 1.57509 -2.28285e-09
2.0 33.0 0.916065 -2.01181e-08
2.0 33.0 1.25911 -4.61886e-08
2.0 33.0 1.31658 -3.72972e-08
2.0 33.0 1.3189 -8.37362e-10
2.0 33.0 0.897757 -5.44162e-10
2.0 33.0 1.2797 -3.92983e-11
2.0 33.0 1.33243 -2.09862e-09
2.0 33.0 1.36412 -1.61452e-10
2.0 33.0 1.44536 -1.92833e-08
2.0 33.0 1.0587 -5.94964e-09
3.0 3.0 0.997337 211.423
3.0 3.0 0.391158 211.426
3.0 3.0 1.05199 211.425
3.0 3.0 0.453332 211.426
3.0 3.0 0.385524 211.426
3.0 3.0 0.504537 211.424
3.0 3.0 1.30586 211.425
3.0 3.0 1.02353 211.423
3.0 3.0 0.390763 211.426
3.0 3.0 0.385178 211.426
3.0 3.0 0.394724 211.426
3.0 3.0 1.31658 211.425
3.0 3.0 1.00851 211.424
3.0 3.0 1.10053 211.424
3.0 3.0 0.389721 211.426
3.0 3.0 1.02013 211.426
3.0 3.0 0.978933 211.426
3.0 3.0 0.54112 211.424
3.0 3.0 0.466599 211.423
3.0 3.0 0.971274 211.423
3.0 3.0 0.393522 211.426
3.0 3.0 1.03681 211.423
3.0 3.0 0.408082 211.426
3.0 3.0 1.00879 211.425
3.0 3.0 0.400375 211.426
3.0 3.0 1.08119 211.425
3.0 3.0 1.0368 211.424
3.0 3.0 1.04922 211.426
3.0 3.0 0.389378 211.422
3.0 3.0 0.97155 211.425
3.0 3.0 1.03395 211.424
3.0 3.0 0.393234 211.426
3.0 3.0 0.438362 211.426
3.0 3.0 0.523235 211.424
3.0 3.0 1.00745 211.426
3.0 3.0 0.406182 211.423
3.0 3.0 0.523034 211.425
3.0 3.0 0.49022 211.423
3.0 3.0 1.06581 211.426
3.0 3.0 0.3951 211.422
3.0 3.0 0.439233 211.422
3.0 3.0 0.524904 211.423
3.0 3.0 0.468483 211.422
3.0 3.0 1.09266 211.426
3.0 3.0 0.447434 211.422
3.0 3.0 0.393197 211.425
3.0 3.0 1.03267 211.425
3.0 3.0 0.393383 211.426
3.0 3.0 0.393668 211.423
3.0 3.0 1.07258 211.426
3.0 4.0 0.756845 211.426
3.0 4.0 0.976018 211.426
3.0 4.0 0.436751 211.42
3.0 4.0 0.761018 211.426
3.0 4.0 0.837708 211.424
3.0 4.0 0.434205 211.424
3.0 4.0 0.777517 211.426
3.0 4.0 0.838675 211.424
3.0 4.0 0.75124 211.426
3.0 4.0 0.420449 211.426
3.0 4.0 0.44572 211.426
3.0 4.0 0.425577 211.426
3.0 4.0 0.838451 211.425
3.0 4.0 0.781943 211.423
3.0 4.0 0.83912 211.426
3.0 4.0 0.792193 211.421
3.0 4.0 0.875066 211.426
3.0 4.0 0.778314 211.426
3.0 4.0 0.409802 211.425
3.0 4.0 0.423214 211.426
3.0 4.0 0.799957 211.424
3.0 4.0 0.954368 211.422
3.0 4.0 0.372907 211.426
3.0 4.0 0.438242 211.426
3.0 4.0 0.762131 211.426
3.0 4.0 0.379415 211.424
3.0 4.0 0.449711 211.426
3.0 4.0 0.982565 211.426
3.0 4.0 0.447871 211.422
3.0 4.0 0.78646 211.425
3.0 4.0 0.764346 211.423
3.0 4.0 0.457368 211.423
3.0 4.0 0.425266 211.423
3.0 4.0 0.797513 211.424
3.0 4.0 0.944429 211.424
3.0 4.0 0.450817 211.426
3.0 4.0 0.44103 211.425
3.0 4.0 0.371061 211.426
3.0 4.0 0.891434 211.426
3.0 4.0 0.814065 211.424
3.0 4.0 0.958637 211.426
3.0 4.0 0.445307 211.426
3.0 4.0 0.424836 211.426
3.0 4.0 0.433368 211.425
3.0 4.0 0.902066 211.423
3.0 4.0 0.984989 211.425
3.0 4.0 0.831725 211.425
3.0 4.0 0.383281 211.423
3.0 4.0 0.419991 211.424
3.0 4.0 0.445734 211.424
3.0 5.0 0.755217 211.426
3.0 5.0 1.19664 211.426
3.0 5.0 0.744154 211.422
3.0 5.0 0.911891 211.426
3.0 5.0 0.926744 211.423
3.0 5.0 0.782645 211.425
3.0 5.0 0.739172 211.414
3.0 5.0 0.717103 211.426
3.0 5.0 0.701459 211.425
3.0 5.0 0.705736 211.424
3.0 5.0 0.758971 211.425
3.0 5.0 0.713632 211.424
3.0 5.0 0.732438 211.426
3.0 5.0 0.731794 211.426
3.0 5.0 0.981636 211.423
3.0 5.0 0.703375 211.426
3.0 5.0 0.733496 211.425
3.0 5.0 0.689693 211.426
3.0 5.0 0.701865 211.426
3.0 5.0 0.678071 211.426
3.0 5.0 0.709801 211.426
3.0 5.0 0.790264 211.426
3.0 5.0 0.752932 211.424
3.0 5.0 0.721971 211.426
3.0 5.0 0.754881 211.426
3.0 5.0 0.728412 211.423
3.0 5.0 0.700117 211.413
3.0 5.0 0.721839 211.423
3.0 5.0 1.38857 211.426
3.0 5.0 0.702808 211.425
3.0 5.0 0.725425 211.422
3.0 5.0 0.721639 211.425
3.0 5.0 0.683837 211.422
3.0 5.0 0.741492 211.424
3.0 5.0 0.733765 211.426
3.0 5.0 0.74295 211.425
3.0 5.0 0.716397 211.422
3.0 5.0 0.821344 211.417
3.0 5.0 0.696299 211.424
3.0 5.0 1.55777 211.423
3.0 5.0 1.30798 211.426
3.0 5.0 0.688374 211.424
3.0 5.0 0.7819 211.426
3.0 5.0 0.687006 211.426
3.0 5.0 0.759688 211.425
3.0 5.0 0.982043 211.426
3.0 5.0 0.766802 211.425
3.0 5.0 0.81155 211.426
3.0 5.0 0.794115 211.426
3.0 5.0 0.729567 211.418
3.0 7.0 0.69542 211.422
3.0 7.0 0.599241 211.426
3.0 7.0 0.593557 211.413
3.0 7.0 0.601263 211.422
3.0 7.0 1.54952 211.417
3.0 7.0 0.682369 211.413
3.0 7.0 1.52171 211.418
3.0 7.0 0.707749 211.422
3.0 7.0 1.53268 211.425
3.0 7.0 0.862475 211.426
3.0 7.0 0.663543 211.424
3.0 7.0 0.635921 211.425
3.0 7.0 0.950141 211.425
3.0 7.0 0.62659 211.425
3.0 7.0 0.965656 211.426
3.0 7.0 0.670631 211.425
3.0 7.0 0.731859 211.426
3.0 7.0 0.689225 211.416
3.0 7.0 0.632877 211.425
3.0 7.0 0.710526 211.417
3.0 7.0 0.643187 211.422
3.0 7.0 0.685911 211.426
3.0 7.0 1.48449 211.413
3.0 7.0 0.629758 211.423
3.0 7.0 0.633832 211.425
3.0 7.0 0.597527 211.421
3.0 7.0 0.82832 211.423
3.0 7.0 0.634285 211.421
3.0 7.0 0.690887 211.425
3.0 7.0 1.54804 211.424
3.0 7.0 0.645684 211.418
3.0 7.0 0.644634 211.422
3.0 7.0 0.604675 211.418
3.0 7.0 0.654389 211.426
3.0 7.0 0.905085 211.425
3.0 7.0 0.911479 211.425
3.0 7.0 0.615396 211.416
3.0 7.0 0.624761 211.424
3.0 7.0 0.617279 211.418
3.0 7.0 0.636476 211.425
3.0 7.0 0.730144 211.423
3.0 7.0 0.629538 211.423
3.0 7.0 0.64724 211.421
3.0 7.0 0.708642 211.425
3.0 7.0 0.918102 211.426
3.0 7.0 0.600785 211.413
3.0 7.0 0.680088 211.417
3.0 7.0 0.653485 211.413
3.0 7.0 0.59957 211.418
3.0 7.0 0.649812 211.423
3.0 8.0 0.66079 211.421
3.0 8.0 0.653073 211.425
3.0 8.0 0.640325 211.424
3.0 8.0 0.625666 211.424
3.0 8.0 0.62671 211.421
3.0 8.0 0.644126 211.423
3.0 8.0 0.679373 211.423
3.0 8.0 0.629157 211.424
3.0 8.0 0.902412 211.422
3.0 8.0 0.665192 211.422
3.0 8.0 0.631155 211.424
3.0 8.0 0.637199 211.424
3.0 8.0 0.765691 211.423
3.0 8.0 0.679984 211.416
3.0 8.0 0.664903 211.424
3.0 8.0 0.653858 211.426
3.0 8.0 0.62213 211.425
3.0 8.0 0.652937 211.425
3.0 8.0 0.647773 211.425
3.0 8.0 0.637297 211.423
3.0 8.0 0.619865 211.421
3.0 8.0 0.623874 211.423
3.0 8.0 1.10471 211.426
3.0 8.0 0.642183 211.425
3.0 8.0 0.639061 211.425
3.0 8.0 0.682201 211.423
3.0 8.0 0.63147 211.426
3.0 8.0 0.63414 211.422
3.0 8.0 0.660796 211.424
3.0 8.0 0.637104 211.425
3.0 8.0 0.64025 211.424
3.0 8.0 0.724521 211.425
3.0 8.0 0.685538 211.426
3.0 8.0 0.952084 211.421
3.0 8.0 0.638609 211.425
3.0 8.0 0.632158 211.413
3.0 8.0 0.636702 211.424
3.0 8.0 0.628342 211.426
3.0 8.0 0.630975 211.42
3.0 8.0 0.63535 211.426
3.0 8.0 0.633743 211.423
3.0 8.0 0.657022 211.426
3.0 8.0 0.637726 211.414
3.0 8.0 0.811463 211.419
3.0 8.0 1.0742 211.426
3.0 8.0 0.627789 211.42
3.0 8.0 0.650889 211.425
3.0 8.0 0.675742 211.421
3.0 8.0 0.630759 211.423
3.0 8.0 0.632943 211.423
3.0 9.0 0.665562 211.422
3.0 9.0 0.939898 211.426
3.0 9.0 0.673539 211.426
3.0 9.0 0.738795 211.413
3.0 9.0 0.671977 211.421
3.0 9.0 0.671224 211.421
3.0 9.0 0.726656 211.423
3.0 9.0 1.0692 211.422
3.0 9.0 0.672647 211.426
3.0 9.0 0.659071 211.423
3.0 9.0 0.689233 211.413
3.0 9.0 0.766736 211.42
3.0 9.0 0.733967 211.413
3.0 9.0 0.66573 211.425
3.0 9.0 0.739288 211.425
3.0 9.0 0.673721 211.422
3.0 9.0 0.794837 211.424
3.0 9.0 0.914348 211.426
3.0 9.0 0.873861 211.426
3.0 9.0 1.04052 211.423
3.0 9.0 0.89914 211.423
3.0 9.0 0.992128 211.413
3.0 9.0 0.742101 211.422
3.0 9.0 0.859613 211.426
3.0 9.0 0.900046 211.426
3.0 9.0 0.658523 211.421
3.0 9.0 1.00935 211.424
3.0 9.0 0.660249 211.423
3.0 9.0 0.729567 211.422
3.0 9.0 0.945198 211.425
3.0 9.0 0.657937 211.424
3.0 9.0 0.665544 211.426
3.0 9.0 0.66141 211.426
3.0 9.0 0.786373 211.425
3.0 9.0 0.916208 211.426
3.0 9.0 0.747066 211.413
3.0 9.0 0.752258 211.424
3.0 9.0 0.679714 211.426
3.0 9.0 0.668268 211.424
3.0 9.0 0.742954 211.422
3.0 9.0 0.925601 211.426
3.0 9.0 0.971438 211.413
3.0 9.0 0.815979 211.421
3.0 9.0 1.25083 211.426
3.0 9.0 0.946475 211.425
3.0 9.0 0.670944 211.419
3.0 9.0 0.671979 211.425
3.0 9.0 0.934861 211.423
3.0 9.0 1.01541 211.426
3.0 9.0 0.667196 211.416
3.0 15.0 0.738792 211.426
3.0 15.0 0.842998 211.424
3.0 15.0 0.744685 211.425
3.0 15.0 0.743621 211.422
3.0 15.0 0.80717 211.423
3.0 15.0 0.753142 211.422
3.0 15.0 0.727306 211.423
3.0 15.0 0.788755 211.425
3.0 15.0 0.735742 211.425
3.0 15.0 0.734829 211.426
3.0 15.0 0.788244 211.423
3.0 15.0 0.815242 211.424
3.0 15.0 0.739317 211.426
3.0 15.0 0.737766 211.422
3.0 15.0 0.981473 211.426
3.0 15.0 0.787499 211.426
3.0 15.0 0.751956 211.424
3.0 15.0 0.813051 211.424
3.0 15.0 0.788797 211.426
3.0 15.0 0.875438 211.425
3.0 15.0 0.822553 211.426
3.0 15.0 0.748898 211.426
3.0 15.0 0.735594 211.426
3.0 15.0 0.792919 211.425
3.0 15.0 0.915998 211.423
3.0 15.0 0.74568 211.426
3.0 15.0 0.73734 211.425
3.0 15.0 0.850749 211.42
3.0 15.0 0.742069 211.426
3.0 15.0 0.772314 211.423
3.0 15.0 0.766127 211.425
3.0 15.0 0.740225 211.422
3.0 15.0 0.921164 211.425
3.0 15.0 0.764755 211.425
3.0 15.0 0.768733 211.426
3.0 15.0 1.44529 211.426
3.0 15.0 0.807886 211.426
3.0 15.0 0.926628 211.426
3.0 15.0 1.01844 211.425
3.0 15.0 0.816425 211.416
3.0 15.0 0.765133 211.426
3.0 15.0 0.804204 211.425
3.0 15.0 0.815084 211.426
3.0 15.0 0.759626 211.425
3.0 15.0 0.784693 211.426
3.0 15.0 0.850241 211.423
3.0 15.0 0.737782 211.426
3.0 15.0 0.773009 211.422
3.0 15.0 0.763032 211.424
3.0 15.0 1.29049 211.426
3.0 16.0 0.841751 211.426
3.0 16.0 0.747652 211.421
3.0 16.0 0.750799 211.424
3.0 16.0 0.774417 211.421
3.0 16.0 0.761585 211.42
3.0 16.0 0.912491 211.422
3.0 16.0 0.788556 211.425
3.0 16.0 0.746025 211.426
3.0 16.0 0.78703 211.426
3.0 16.0 0.764948 211.426
3.0 16.0 1.04874 211.422
3.0 16.0 0.772716 211.426
3.0 16.0 0.779309 211.426
3.0 16.0 0.861821 211.425
3.0 16.0 0.769445 211.426
3.0 16.0 0.739571 211.422
3.0 16.0 0.802092 211.423
3.0 16.0 0.834308 211.425
3.0 16.0 0.807434 211.425
3.0 16.0 0.754791 211.426
3.0 16.0 0.779414 211.418
3.0 16.0 0.749457 211.426
3.0 16.0 0.816937 211.425
3.0 16.0 1.03174 211.426
3.0 16.0 0.811775 211.422
3.0 16.0 0.773117 211.421
3.0 16.0 0.79698 211.424
3.0 16.0 0.796238 211.422
3.0 16.0 0.744653 211.424
3.0 16.0 0.836737 211.426
3.0 16.0 1.40089 211.424
3.0 16.0 0.797126 211.426
3.0 16.0 0.760825 211.426
3.0 16.0 0.835774 211.426
3.0 16.0 0.759679 211.426
3.0 16.0 0.807176 211.422
3.0 16.0 0.769799 211.426
3.0 16.0 0.764805 211.426
3.0 16.0 0.836865 211.424
3.0 16.0 0.780869 211.425
3.0 16.0 0.863973 211.426
3.0 16.0 0.998789 211.425
3.0 16.0 0.796488 211.426
3.0 16.0 0.786034 211.426
3.0 16.0 0.810085 211.414
3.0 16.0 0.816159 211.423
3.0 16.0 0.768726 211.426
3.0 16.0 0.750167 211.424
3.0 16.0 0.795046 211.425
3.0 16.0 0.748974 211.426
3.0 17.0 0.965147 211.426
3.0 17.0 0.824008 211.422
3.0 17.0 0.936738 211.425
3.0 17.0 1.07401 211.426
3.0 17.0 1.38954 211.425
3.0 17.0 1.39323 211.426
3.0 17.0 0.856283 211.425
3.0 17.0 1.01013 211.422
3.0 17.0 1.21298 211.413
3.0 17.0 0.86213 211.425
3.0 17.0 0.861324 211.425
3.0 17.0 1.01526 211.426
3.0 17.0 1.32513 211.423
3.0 17.0 0.910425 211.424
3.0 17.0 0.876997 211.423
3.0 17.0 1.17388 211.423
3.0 17.0 1.22891 211.419
3.0 17.0 1.21048 211.413
3.0 17.0 1.28411 211.426
3.0 17.0 1.03006 211.426
3.0 17.0 0.905198 211.423
3.0 17.0 1.17433 211.423
3.0 17.0 1.25126 211.42
3.0 17.0 1.21405 211.415
3.0 17.0 1.36125 211.426
3.0 17.0 1.03458 211.426
3.0 17.0 1.07248 211.426
3.0 17.0 0.83732 211.426
3.0 17.0 0.820577 211.424
3.0 17.0 0.92795 211.426
3.0 17.0 0.878184 211.425
3.0 17.0 0.816485 211.423
3.0 17.0 0.826335 211.413
3.0 17.0 0.765927 211.42
3.0 17.0 0.767715 211.425
3.0 17.0 0.80313 211.426
3.0 17.0 0.766788 211.426
3.0 17.0 0.889497 211.422
3.0 17.0 1.00369 211.423
3.0 17.0 1.01011 211.425
3.0 17.0 1.06 211.426
3.0 17.0 0.865173 211.426
3.0 17.0 0.82159 211.425
3.0 17.0 0.94075 211.415
3.0 17.0 0.931274 211.426
3.0 17.0 1.18453 211.423
3.0 17.0 1.53343 211.426
3.0 17.0 0.850579 211.421
3.0 17.0 0.922866 211.426
3.0 17.0 1.39732 211.426
3.0 31.0 0.965152 211.413
3.0 31.0 0.852216 211.425
3.0 31.0 0.964897 211.423
3.0 31.0 1.03464 211.422
3.0 31.0 0.946682 211.426
3.0 31.0 0.968065 211.422
3.0 31.0 0.921639 211.425
3.0 31.0 0.86747 211.426
3.0 31.0 0.862809 211.426
3.0 31.0 0.95758 211.413
3.0 31.0 0.828225 211.426
3.0 31.0 0.839505 211.426
3.0 31.0 0.959214 211.426
3.0 31.0 0.837125 211.424
3.0 31.0 0.928939 211.423
3.0 31.0 0.835939 211.424
3.0 31.0 0.926654 211.417
3.0 31.0 0.943933 211.425
3.0 31.0 0.90623 211.422
3.0 31.0 1.00804 211.413
3.0 31.0 0.917884 211.421
3.0 31.0 0.960715 211.422
3.0 31.0 0.927934 211.424
3.0 31.0 0.912733 211.426
3.0 31.0 0.913908 211.425
3.0 31.0 0.859715 211.426
3.0 31.0 0.871395 211.426
3.0 31.0 0.898018 211.418
3.0 31.0 0.91921 211.422
3.0 31.0 1.26832 211.418
3.0 31.0 1.01547 211.425
3.0 31.0 0.964795 211.423
3.0 31.0 0.810088 211.426
3.0 31.0 0.955918 211.425
3.0 31.0 0.912552 211.426
3.0 31.0 0.872606 211.425
3.0 31.0 0.847926 211.426
3.0 31.0 0.818901 211.422
3.0 31.0 0.962502 211.413
3.0 31.0 1.19454 211.422
3.0 31.0 0.96207 211.416
3.0 31.0 0.821756 211.417
3.0 31.0 0.840866 211.423
3.0 31.0 0.866967 211.426
3.0 31.0 0.904506 211.424
3.0 31.0 0.848581 211.426
3.0 31.0 0.857787 211.42
3.0 31.0 0.878849 211.425
3.0 31.0 0.922789 211.421
3.0 31.0 1.02333 211.425
3.0 32.0 0.934575 211.413
3.0 32.0 0.961114 211.413
3.0 32.0 0.969683 211.413
3.0 32.0 0.953092 211.419
3.0 32.0 0.962095 211.421
3.0 32.0 1.00296 211.424
3.0 32.0 0.91618 211.413
3.0 32.0 1.30963 211.426
3.0 32.0 0.895918 211.423
3.0 32.0 1.3822 211.426
3.0 32.0 0.890955 211.423
3.0 32.0 0.921334 211.414
3.0 32.0 1.38208 211.413
3.0 32.0 0.966206 211.416
3.0 32.0 0.896926 211.426
3.0 32.0 0.91402 211.426
3.0 32.0 0.906751 211.426
3.0 32.0 0.940612 211.413
3.0 32.0 0.943248 211.422
3.0 32.0 1.39172 211.42
3.0 32.0 1.38807 211.424
3.0 32.0 0.934277 211.416
3.0 32.0 0.97205 211.421
3.0 32.0 0.953922 211.425
3.0 32.0 1.37352 211.426
3.0 32.0 0.954871 211.424
3.0 32.0 1.51539 211.425
3.0 32.0 0.969874 211.413
3.0 32.0 0.915233 211.422
3.0 32.0 0.966746 211.413
3.0 32.0 1.52199 211.423
3.0 32.0 1.39047 211.425
3.0 32.0 0.940448 211.413
3.0 32.0 1.50323 211.423
3.0 32.0 0.898838 211.425
3.0 32.0 0.943535 211.426
3.0 32.0 0.958667 211.424
3.0 32.0 0.913386 211.423
3.0 32.0 1.59066 211.425
3.0 32.0 1.45836 211.413
3.0 32.0 0.953655 211.415
3.0 32.0 1.50516 211.426
3.0 32.0 0.92595 211.415
3.0 32.0 0.887259 211.419
3.0 32.0 0.951028 211.422
3.0 32.0 0.94614 211.426
3.0 32.0 0.900481 211.426
3.0 32.0 1.50029 211.424
3.0 32.0 0.936523 211.425
3.0 32.0 0.887264 211.425
3.0 33.0 1.02407 211.421
3.0 33.0 1.00493 211.421
3.0 33.0 1.46505 211.413
3.0 33.0 1.48062 211.419
3.0 33.0 0.988648 211.413
3.0 33.0 0.86762 211.424
3.0 33.0 1.23473 211.426
3.0 33.0 1.0313 211.422
3.0 33.0 1.04353 211.421
3.0 33.0 1.45042 211.422
3.0 33.0 1.31119 211.426
3.0 33.0 1.29882 211.42
3.0 33.0 1.39186 211.423
3.0 33.0 0.917146 211.413
3.0 33.0 1.02367 211.414
3.0 33.0 1.04365 211.422
3.0 33.0 1.06461 211.426
3.0 33.0 1.29708 211.417
3.0 33.0 1.4511 211.423
3.0 33.0 1.03899 211.421
3.0 33.0 0.920309 211.422
3.0 33.0 1.05487 211.426
3.0 33.0 1.37594 211.42
3.0 33.0 1.54102 211.424
3.0 33.0 1.46701 211.413
3.0 33.0 1.43513 211.413
3.0 33.0 1.44308 211.413
3.0 33.0 0.917707 211.425
3.0 33.0 0.912459 211.42
3.0 33.0 1.01267 211.424
3.0 33.0 0.906114 211.424
3.0 33.0 0.976948 211.426
3.0 33.0 1.00861 211.417
3.0 33.0 1.02343 211.413
3.0 33.0 0.924364 211.426
3.0 33.0 1.05687 211.426
3.0 33.0 1.0851 211.425
3.0 33.0 1.33636 211.425
3.0 33.0 1.01892 211.426
3.0 33.0 0.928613 211.424
3.0 33.0 1.45186 211.425
3.0 33.0 1.42515 211.413
3.0 33.0 0.987596 211.417
3.0 33.0 0.9015 211.415
3.0 33.0 1.04582 211.418
3.0 33.0 0.942462 211.425
3.0 33.0 1.313 211.42
3.0 33.0 1.3185 211.422
3.0 33.0 1.05387 211.423
3.0 33.0 1.26997 211.424
4.0 3.0 0.414383 9.99914
4.0 3.0 0.388014 9.99613
4.0 3.0 0.377703 9.99937
4.0 3.0 0.38032 9.99981
4.0 3.0 0.465354 9.9984
4.0 3.0 1.08353 9.99889
4.0 3.0 0.38448 9.99899
4.0 3.0 0.43058 9.99858
4.0 3.0 0.374862 9.99997
4.0 3.0 0.466374 9.99955
4.0 3.0 0.385354 9.9972
4.0 3.0 1.36243 9.9986
4.0 3.0 1.06596 9.99783
4.0 3.0 0.502139 9.99917
4.0 3.0 0.389176 9.99988
4.0 3.0 1.02225 9.99698
4.0 3.0 0.369262 9.99999
4.0 3.0 1.05644 9.99884
4.0 3.0 1.07388 9.99968
4.0 3.0 1.33459 9.99855
4.0 3.0 0.972047 9.99788
4.0 3.0 0.474559 9.99917
4.0 3.0 1.08675 9.99991
4.0 3.0 1.00019 9.99957
4.0 3.0 0.47563 9.99967
4.0 3.0 1.06 9.99893
4.0 3.0 1.04538 9.99994
4.0 3.0 1.07641 9.99921
4.0 3.0 0.451418 9.9989
4.0 3.0 1.08643 9.99998
4.0 3.0 0.967198 9.99918
4.0 3.0 0.370298 9.99999
4.0 3.0 1.04453 9.99758
4.0 3.0 0.41477 9.99944
4.0 3.0 0.970482 9.99962
4.0 3.0 0.384264 9.9997
4.0 3.0 0.533365 9.99579
4.0 3.0 0.395366 9.9997
4.0 3.0 1.0599 9.99829
4.0 3.0 0.426721 9.9991
4.0 3.0 1.0306 9.99709
4.0 3.0 0.378404 9.99806
4.0 3.0 0.472547 9.99879
4.0 3.0 0.5191 9.998
4.0 3.0 0.470461 9.99984
4.0 3.0 1.09791 9.99801
4.0 3.0 0.495239 9.99915
4.0 3.0 1.11395 9.99919
4.0 3.0 0.468239 9.99952
4.0 3.0 0.385863 9.9996
4.0 4.0 0.814153 9.99723
4.0 4.0 0.814569 9.99851
4.0 4.0 0.940666 9.99536
4.0 4.0 0.415618 9.99939
4.0 4.0 0.824588 9.99728
4.0 4.0 0.860255 9.99811
4.0 4.0 0.458747 9.99778
4.0 4.0 0.8577 9.99832
4.0 4.0 0.837182 9.99919
4.0 4.0 0.457632 9.99978
4.0 4.0 0.432689 9.99783
4.0 4.0 0.948608 9.99818
4.0 4.0 0.461359 9.99868
4.0 4.0 0.828286 9.998
4.0 4.0 0.872005 9.99929
4.0 4.0 0.80426 9.99952
4.0 4.0 0.953966 9.99906
4.0 4.0 0.380972 9.99777
4.0 4.0 0.440629 9.99884
4.0 4.0 0.772057 9.99898
4.0 4.0 0.819985 9.99617
4.0 4.0 0.374742 9.99897
4.0 4.0 0.870042 9.99925
4.0 4.0 0.832793 9.99569
4.0 4.0 0.448588 9.99897
4.0 4.0 0.890561 9.99868
4.0 4.0 0.778341 9.99899
4.0 4.0 0.454992 9.99865
4.0 4.0 0.952776 9.99857
4.0 4.0 0.419913 9.99857
4.0 4.0 0.38147 9.99832
4.0 4.0 0.821437 9.99999
4.0 4.0 0.966697 9.99949
4.0 4.0 0.450964 9.9983
4.0 4.0 0.773009 9.99789
4.0 4.0 0.449009 9.9998
4.0 4.0 0.977472 9.99903
4.0 4.0 0.422936 9.99813
4.0 4.0 0.38862 9.99694
4.0 4.0 0.400394 9.99724
4.0 4.0 0.862529 9.99699
4.0 4.0 0.447403 9.99913
4.0 4.0 0.433009 9.99989
4.0 4.0 0.839304 9.99697
4.0 4.0 0.445091 9.9987
4.0 4.0 0.86989 9.99882
4.0 4.0 0.849473 9.99826
4.0 4.0 0.961569 9.99946
4.0 4.0 0.864436 9.99838
4.0 4.0 0.756437 9.99964
4.0 5.0 0.874101 9.99985
4.0 5.0 0.903018 9.99888
4.0 5.0 0.86932 9.99956
4.0 5.0 0.711249 9.99844
4.0 5.0 0.6974 9.99915
4.0 5.0 0.717376 9.99902
4.0 5.0 0.703949 9.99885
4.0 5.0 0.678197 9.99872
4.0 5.0 0.859197 9.99784
4.0 5.0 0.903592 9.99757
4.0 5.0 0.573851 9.99686
4.0 5.0 0.703666 9.99817
4.0 5.0 0.682016 9.99947
4.0 5.0 0.861341 9.99946
4.0 5.0 0.716537 9.99867
4.0 5.0 0.570208 9.99726
4.0 5.0 0.578502 9.99646
4.0 5.0 0.713177 9.99721
4.0 5.0 1.35567 9.99789
4.0 5.0 0.675559 9.99953
4.0 5.0 0.755519 9.99932
4.0 5.0 0.723091 9.99642
4.0 5.0 0.702809 9.99905
4.0 5.0 0.699702 9.99694
4.0 5.0 0.669454 9.99856
4.0 5.0 0.90052 9.99869
4.0 5.0 0.705493 9.9965
4.0 5.0 0.677257 9.9995
4.0 5.0 0.720861 9.99952
4.0 5.0 0.711787 9.99961
4.0 5.0 0.659629 9.99962
4.0 5.0 0.712276 9.99631
4.0 5.0 0.688606 9.99906
4.0 5.0 0.677428 9.99864
4.0 5.0 0.717502 9.99835
4.0 5.0 0.712058 9.99845
4.0 5.0 0.581902 9.99718
4.0 5.0 0.666795 9.99873
4.0 5.0 0.688742 9.99916
4.0 5.0 0.721261 9.99495
4.0 5.0 0.930536 9.99908
4.0 5.0 0.747062 9.99889
4.0 5.0 0.692001 9.99863
4.0 5.0 0.958223 9.99994
4.0 5.0 0.735649 9.99983
4.0 5.0 0.853692 9.99946
4.0 5.0 0.70495 9.9997
4.0 5.0 0.710063 9.99902
4.0 5.0 0.875919 9.99641
4.0 5.0 0.686401 9.99806
4.0 7.0 0.667604 9.99805
4.0 7.0 0.70762 9.99818
4.0 7.0 0.647999 9.9986
4.0 7.0 0.660666 9.99929
4.0 7.0 0.668845 9.99624
4.0 7.0 0.699215 9.99695
4.0 7.0 0.670481 9.99439
4.0 7.0 0.666238 9.99875
4.0 7.0 0.690937 9.99737
4.0 7.0 0.661583 9.99871
4.0 7.0 0.698373 9.99645
4.0 7.0 0.66136 9.99138
4.0 7.0 0.740046 9.99862
4.0 7.0 0.685157 9.99744
4.0 7.0 0.725177 9.993
4.0 7.0 0.668481 9.99844
4.0 7.0 0.627174 9.99551
4.0 7.0 0.638191 9.9979
4.0 7.0 0.59945 9.99711
4.0 7.0 0.613102 9.99635
4.0 7.0 0.603876 9.99917
4.0 7.0 0.61746 9.99925
4.0 7.0 0.599537 9.99889
4.0 7.0 0.808465 9.99891
4.0 7.0 0.798859 9.99954
4.0 7.0 0.785126 9.99657
4.0 7.0 0.770062 9.99952
4.0 7.0 0.785033 9.99826
4.0 7.0 0.626105 9.99634
4.0 7.0 0.613766 9.99679
4.0 7.0 0.600975 9.99948
4.0 7.0 0.608958 9.996
4.0 7.0 0.623545 9.9944
4.0 7.0 0.826166 9.99889
4.0 7.0 0.631307 9.99875
4.0 7.0 0.827649 9.99883
4.0 7.0 1.59958 9.99874
4.0 7.0 0.939124 9.99825
4.0 7.0 0.793371 9.99974
4.0 7.0 0.727951 9.99903
4.0 7.0 0.663724 9.99575
4.0 7.0 0.605974 9.99551
4.0 7.0 0.804596 9.99902
4.0 7.0 0.590748 9.99804
4.0 7.0 0.799092 9.99974
4.0 7.0 0.805646 9.99668
4.0 7.0 0.802094 9.99943
4.0 7.0 0.790459 9.99936
4.0 7.0 0.789858 9.9954
4.0 7.0 0.855149 9.9965
4.0 8.0 0.645072 9.99374
4.0 8.0 0.623547 9.9978
4.0 8.0 0.616099 9.99938
4.0 8.0 0.863765 9.99842
4.0 8.0 0.631781 9.99612
4.0 8.0 0.619161 9.99634
4.0 8.0 1.69448 9.99828
4.0 8.0 0.626455 9.99818
4.0 8.0 0.621761 9.99998
4.0 8.0 0.638982 9.99961
4.0 8.0 0.65969 9.99913
4.0 8.0 0.627814 9.99872
4.0 8.0 0.650371 9.999
4.0 8.0 0.622349 9.99445
4.0 8.0 0.659789 9.99763
4.0 8.0 0.619581 9.99764
4.0 8.0 0.622167 9.99591
4.0 8.0 0.617458 9.99823
4.0 8.0 0.662772 9.99879
4.0 8.0 0.62213 9.99718
4.0 8.0 0.65027 9.9965
4.0 8.0 1.0703 9.99911
4.0 8.0 0.764976 9.99808
4.0 8.0 0.656106 9.99638
4.0 8.0 1.69405 9.99854
4.0 8.0 0.626086 9.99885
4.0 8.0 1.71199 9.99821
4.0 8.0 0.63871 9.99668
4.0 8.0 0.625439 9.99947
4.0 8.0 0.636304 9.99434
4.0 8.0 0.619315 9.99969
4.0 8.0 0.629474 9.99789
4.0 8.0 0.656663 9.99842
4.0 8.0 0.623848 9.99465
4.0 8.0 0.63687 9.99866
4.0 8.0 0.646434 9.99936
4.0 8.0 0.647877 9.99683
4.0 8.0 0.667923 9.99929
4.0 8.0 0.63164 9.99545
4.0 8.0 0.649832 9.99821
4.0 8.0 0.657058 9.99822
4.0 8.0 0.964292 9.99692
4.0 8.0 0.661398 9.99662
4.0 8.0 0.669642 9.99439
4.0 8.0 0.651638 9.9989
4.0 8.0 0.651268 9.99929
4.0 8.0 0.639033 9.99531
4.0 8.0 0.635017 9.99459
4.0 8.0 1.68765 9.99921
4.0 8.0 1.86397 9.99958
4.0 9.0 0.96393 9.99884
4.0 9.0 0.838333 9.99749
4.0 9.0 0.756108 9.99393
4.0 9.0 0.704704 9.99921
4.0 9.0 0.70822 9.99466
4.0 9.0 0.783825 9.99944
4.0 9.0 0.664573 9.99929
4.0 9.0 0.660483 9.99439
4.0 9.0 0.65961 9.99832
4.0 9.0 0.72496 9.99924
4.0 9.0 0.822534 9.99937
4.0 9.0 0.660793 9.99968
4.0 9.0 0.730196 9.99863
4.0 9.0 0.782959 9.99924
4.0 9.0 0.9593 9.99868
4.0 9.0 0.657676 9.9949
4.0 9.0 0.763497 9.99906
4.0 9.0 0.669598 9.99829
4.0 9.0 0.898158 9.99886
4.0 9.0 1.01613 9.99878
4.0 9.0 0.68331 9.99862
4.0 9.0 0.697608 9.99951
4.0 9.0 0.676707 9.99557
4.0 9.0 0.732728 9.995
4.0 9.0 1.13415 9.9975
4.0 9.0 0.669512 9.99911
4.0 9.0 0.666275 9.99915
4.0 9.0 0.702437 9.99859
4.0 9.0 0.784598 9.99745
4.0 9.0 0.742203 9.99721
4.0 9.0 0.840697 9.99931
4.0 9.0 0.664637 9.99839
4.0 9.0 0.867044 9.99793
4.0 9.0 0.663594 9.99967
4.0 9.0 0.760335 9.99781
4.0 9.0 0.794464 9.99929
4.0 9.0 0.661266 9.99558
4.0 9.0 0.748369 9.99789
4.0 9.0 0.726489 9.99506
4.0 9.0 1.00236 9.9988
4.0 9.0 0.908549 9.99958
4.0 9.0 0.670145 9.99951
4.0 9.0 0.674299 9.99892
4.0 9.0 0.723806 9.9976
4.0 9.0 0.752519 9.99408
4.0 9.0 0.823547 9.99763
4.0 9.0 0.726475 9.99841
4.0 9.0 0.986349 9.99903
4.0 9.0 1.30051 9.99877
4.0 9.0 0.945388 9.99945
4.0 15.0 0.849674 9.99721
4.0 15.0 0.721587 9.9994
4.0 15.0 0.910247 9.9976
4.0 15.0 0.734174 9.99776
4.0 15.0 0.836351 9.99986
4.0 15.0 0.730622 9.99781
4.0 15.0 0.727301 9.99936
4.0 15.0 0.879699 9.99947
4.0 15.0 0.919271 9.99919
4.0 15.0 0.754133 9.99939
4.0 15.0 0.736176 9.99807
4.0 15.0 0.74276 9.99866
4.0 15.0 0.726175 9.99785
4.0 15.0 1.00311 9.99795
4.0 15.0 0.847053 9.99604
4.0 15.0 0.805089 9.99948
4.0 15.0 0.890918 9.99927
4.0 15.0 0.843498 9.99827
4.0 15.0 0.749232 9.99684
4.0 15.0 0.749698 9.99866
4.0 15.0 0.766866 9.99808
4.0 15.0 0.809866 9.99263
4.0 15.0 0.792662 9.99695
4.0 15.0 0.742166 9.99977
4.0 15.0 0.768595 9.99949
4.0 15.0 0.725835 9.99594
4.0 15.0 0.841788 9.9993
4.0 15.0 0.73501 9.99565
4.0 15.0 0.917668 9.99841
4.0 15.0 0.734302 9.99862
4.0 15.0 0.75575 9.99759
4.0 15.0 0.786988 9.9948
4.0 15.0 0.811375 9.99719
4.0 15.0 0.771732 9.99894
4.0 15.0 0.780035 9.99499
4.0 15.0 0.729202 9.99959
4.0 15.0 0.78967 9.9995
4.0 15.0 0.790806 9.99431
4.0 15.0 0.808921 9.99397
4.0 15.0 0.726252 9.99623
4.0 15.0 0.966786 9.99426
4.0 15.0 0.910515 9.99615
4.0 15.0 0.723803 9.99835
4.0 15.0 0.730812 9.99574
4.0 15.0 0.769631 9.99971
4.0 15.0 0.867537 9.99601
4.0 15.0 0.817914 9.99937
4.0 15.0 0.829211 9.99936
4.0 15.0 0.779622 9.99909
4.0 15.0 0.928603 9.99543
4.0 16.0 0.832991 9.99824
4.0 16.0 0.770983 9.9995
4.0 16.0 0.799463 9.9988
4.0 16.0 0.799733 9.9994
4.0 16.0 0.790319 9.99814
4.0 16.0 0.830192 9.99818
4.0 16.0 0.750819 9.9984
4.0 16.0 0.773276 9.99983
4.0 16.0 0.814677 9.99912
4.0 16.0 0.821064 9.99837
4.0 16.0 0.790762 9.9993
4.0 16.0 0.737653 9.99867
4.0 16.0 0.78773 9.99995
4.0 16.0 0.759388 9.99684
4.0 16.0 0.786371 9.99808
4.0 16.0 0.753725 9.99938
4.0 16.0 0.764853 9.99944
4.0 16.0 0.751867 9.9998
4.0 16.0 0.885408 9.99874
4.0 16.0 1.11708 9.9981
4.0 16.0 0.784443 9.99879
4.0 16.0 0.781777 9.99918
4.0 16.0 0.79334 9.99771
4.0 16.0 0.756588 9.9987
4.0 16.0 0.750619 9.99979
4.0 16.0 0.79155 9.99958
4.0 16.0 0.743773 9.99812
4.0 16.0 0.787329 9.9987
4.0 16.0 0.801509 9.99849
4.0 16.0 0.928546 9.99833
4.0 16.0 0.754496 9.99852
4.0 16.0 0.812672 9.999
4.0 16.0 0.790203 9.999
4.0 16.0 0.821937 9.99684
4.0 16.0 1.04626 9.99877
4.0 16.0 0.731198 9.99996
4.0 16.0 0.771261 9.99828
4.0 16.0 0.833685 9.99744
4.0 16.0 0.750652 9.99964
4.0 16.0 0.781462 9.99931
4.0 16.0 0.820325 9.99915
4.0 16.0 0.914961 9.99931
4.0 16.0 0.780647 9.99668
4.0 16.0 0.778197 9.99938
4.0 16.0 1.07882 9.9988
4.0 16.0 0.743532 9.99778
4.0 16.0 0.814153 9.99864
4.0 16.0 0.815768 9.99796
4.0 16.0 0.732046 9.99923
4.0 16.0 0.798557 9.99935
4.0 17.0 0.788583 9.99811
4.0 17.0 0.833709 9.99524
4.0 17.0 0.935934 9.99916
4.0 17.0 1.22008 9.99861
4.0 17.0 1.04593 9.99914
4.0 17.0 0.915719 9.99707
4.0 17.0 0.991268 9.99959
4.0 17.0 0.977357 9.9957
4.0 17.0 1.20574 9.99964
4.0 17.0 0.866394 9.99795
4.0 17.0 0.827194 9.99699
4.0 17.0 0.846695 9.99744
4.0 17.0 1.05104 9.99969
4.0 17.0 1.19466 9.99988
4.0 17.0 1.1776 9.99837
4.0 17.0 1.22142 9.99315
4.0 17.0 1.12865 9.99972
4.0 17.0 0.934054 9.99826
4.0 17.0 0.999957 9.99899
4.0 17.0 1.16577 9.99873
4.0 17.0 1.33161 9.99804
4.0 17.0 0.874942 9.99496
4.0 17.0 0.778022 9.99932
4.0 17.0 0.894103 9.99917
4.0 17.0 0.948618 9.99943
4.0 17.0 1.16395 9.99706
4.0 17.0 1.04734 9.99926
4.0 17.0 0.879062 9.99881
4.0 17.0 0.871435 9.99952
4.0 17.0 0.857574 9.99761
4.0 17.0 0.839599 9.99905
4.0 17.0 1.14816 9.99765
4.0 17.0 1.23523 9.99439
4.0 17.0 1.43065 9.99863
4.0 17.0 0.920986 9.99945
4.0 17.0 0.952034 9.9991
4.0 17.0 1.05702 9.99992
4.0 17.0 0.880379 9.99439
4.0 17.0 0.827125 9.99902
4.0 17.0 0.965353 9.99729
4.0 17.0 0.996796 9.99488
4.0 17.0 1.09197 9.9994
4.0 17.0 0.89552 9.99844
4.0 17.0 1.34567 9.99896
4.0 17.0 0.877086 9.99641
4.0 17.0 1.19593 9.99661
4.0 17.0 1.20493 9.99475
4.0 17.0 1.40728 9.99681
4.0 17.0 1.04307 9.99607
4.0 17.0 0.960501 9.99655
4.0 31.0 0.914862 9.99817
4.0 31.0 0.834301 9.9983
4.0 31.0 0.861548 9.99545
4.0 31.0 0.846578 9.99883
4.0 31.0 0.837154 9.99972
4.0 31.0 0.835375 9.99568
4.0 31.0 0.811267 9.99867
4.0 31.0 0.97954 9.99981
4.0 31.0 0.859083 9.99709
4.0 31.0 0.960191 9.99631
4.0 31.0 0.833907 9.99654
4.0 31.0 0.863749 9.99586
4.0 31.0 0.978794 9.99905
4.0 31.0 0.805517 9.99969
4.0 31.0 0.954578 9.99732
4.0 31.0 0.915698 9.99604
4.0 31.0 0.911585 9.99847
4.0 31.0 0.855236 9.99828
4.0 31.0 1.01784 9.9974
4.0 31.0 0.874415 9.99645
4.0 31.0 0.86028 9.99759
4.0 31.0 0.963424 9.99443
4.0 31.0 1.23104 9.99713
4.0 31.0 0.977214 9.99578
4.0 31.0 0.869766 9.99957
4.0 31.0 0.966971 9.99554
4.0 31.0 0.920283 9.99753
4.0 31.0 0.921161 9.9987
4.0 31.0 0.954813 9.99741
4.0 31.0 0.863664 9.9918
4.0 31.0 0.872722 9.99922
4.0 31.0 1.00779 9.99951
4.0 31.0 0.909706 9.99745
4.0 31.0 0.913955 9.99795
4.0 31.0 0.848377 9.99885
4.0 31.0 0.946213 9.99771
4.0 31.0 0.92189 9.99737
4.0 31.0 0.853518 9.99913
4.0 31.0 0.966099 9.9983
4.0 31.0 0.918405 9.99928
4.0 31.0 0.953191 9.99887
4.0 31.0 0.834533 9.99842
4.0 31.0 0.926511 9.99736
4.0 31.0 0.931533 9.99893
4.0 31.0 0.962435 9.99432
4.0 31.0 1.0248 9.99895
4.0 31.0 0.827604 9.99785
4.0 31.0 0.905848 9.99947
4.0 31.0 0.813892 9.99665
4.0 31.0 0.978476 9.99807
4.0 32.0 0.941681 9.99865
4.0 32.0 0.901163 9.99957
4.0 32.0 1.52491 9.99599
4.0 32.0 1.38672 9.99709
4.0 32.0 0.95853 9.9977
4.0 32.0 1.57395 9.99935
4.0 32.0 1.54442 9.99842
4.0 32.0 0.969216 9.99681
4.0 32.0 1.39738 9.99598
4.0 32.0 0.897447 9.99945
4.0 32.0 0.906426 9.99603
4.0 32.0 0.928315 9.99659
4.0 32.0 0.918319 9.99526
4.0 32.0 0.897607 9.99818
4.0 32.0 0.960746 9.99953
4.0 32.0 0.962516 9.99209
4.0 32.0 1.52055 9.99881
4.0 32.0 1.36387 9.99877
4.0 32.0 0.910543 9.99773
4.0 32.0 1.55516 9.99947
4.0 32.0 1.55191 9.99892
4.0 32.0 1.51941 9.99519
4.0 32.0 0.959691 9.996
4.0 32.0 0.932409 9.99693
4.0 32.0 0.824471 9.99742
4.0 32.0 0.876046 9.99356
4.0 32.0 0.844884 9.99857
4.0 32.0 0.943875 9.99702
4.0 32.0 0.960931 9.99688
4.0 32.0 0.936148 9.99774
4.0 32.0 0.961793 9.99854
4.0 32.0 0.866492 9.99966
4.0 32.0 1.269 9.99607
4.0 32.0 0.945756 9.99772
4.0 32.0 0.919453 9.99906
4.0 32.0 0.891044 9.99854
4.0 32.0 0.881707 9.99921
4.0 32.0 0.828961 9.99733
4.0 32.0 1.34892 9.99464
4.0 32.0 0.921549 9.99776
4.0 32.0 0.900011 9.99703
4.0 32.0 0.945346 9.99709
4.0 32.0 0.872956 9.99225
4.0 32.0 0.916144 9.99861
4.0 32.0 0.839477 9.99962
4.0 32.0 0.941652 9.99665
4.0 32.0 0.96405 9.99945
4.0 32.0 0.912209 9.99865
4.0 32.0 0.91204 9.99752
4.0 32.0 1.03544 9.99993
4.0 33.0 0.955819 9.99545
4.0 33.0 1.04444 9.99579
4.0 33.0 1.04209 9.99671
4.0 33.0 1.47994 9.99865
4.0 33.0 0.896325 9.99906
4.0 33.0 0.98684 9.99843
4.0 33.0 1.01966 9.99806
4.0 33.0 1.24527 9.99782
4.0 33.0 1.28454 9.99739
4.0 33.0 1.3873 9.99439
4.0 33.0 1.3716 9.9945
4.0 33.0 0.994835 9.9978
4.0 33.0 1.06197 9.99265
4.0 33.0 1.05727 9.99679
4.0 33.0 0.896519 9.9985
4.0 33.0 1.03698 9.9951
4.0 33.0 0.936899 9.99617
4.0 33.0 1.02074 9.99572
4.0 33.0 0.937111 9.99683
4.0 33.0 1.02627 9.99224
4.0 33.0 0.927715 9.99894
4.0 33.0 0.915183 9.9985
4.0 33.0 1.03005 9.99664
4.0 33.0 0.921487 9.9961
4.0 33.0 1.05743 9.99778
4.0 33.0 1.08835 9.99872
4.0 33.0 1.35972 9.99641
4.0 33.0 0.990174 9.99805
4.0 33.0 1.46599 9.99905
4.0 33.0 1.11413 9.99882
4.0 33.0 0.996068 9.99815
4.0 33.0 1.05443 9.99887
4.0 33.0 1.04057 9.99687
4.0 33.0 1.29099 9.99739
4.0 33.0 1.33433 9.9967
4.0 33.0 1.32989 9.9952
4.0 33.0 1.3672 9.99952
4.0 33.0 0.997948 9.99791
4.0 33.0 1.39084 9.99962
4.0 33.0 1.29223 9.99138
4.0 33.0 0.924229 9.999
4.0 33.0 1.00327 9.99683
4.0 33.0 1.26303 9.99766
4.0 33.0 0.898325 9.99855
4.0 33.0 1.05547 9.99802
4.0 33.0 0.965604 9.99909
4.0 33.0 1.02606 9.99574
4.0 33.0 0.941111 9.99947
4.0 33.0 0.98729 9.99916
4.0 33.0 0.98729 9.99916
5.0 3.0 29.0278 25.0222
5.0 3.0 29.1545 25.0222
5.0 3.0 29.3076 25.0222
5.0 3.0 27.8878 25.0222
5.0 3.0 28.7209 25.0222
5.0 3.0 28.9984 25.0222
5.0 3.0 27.9043 25.0222
5.0 3.0 29.4217 25.0222
5.0 3.0 28.8321 25.0222
5.0 3.0 28.8694 25.0222
5.0 3.0 29.4222 25.0222
5.0 3.0 29.3417 25.0222
5.0 3.0 28.8418 25.0222
5.0 3.0 27.9309 25.0222
5.0 3.0 27.8694 25.0222
5.0 3.0 29.0794 25.0222
5.0 3.0 27.8836 25.0222
5.0 3.0 27.9206 25.0222
5.0 3.0 29.3349 25.0222
5.0 3.0 29.0641 25.0222
5.0 3.0 29.1385 25.0222
5.0 3.0 29.182 25.0222
5.0 3.0 29.5295 25.0222
5.0 3.0 29.3405 25.0222
5.0 3.0 29.0356 25.0222
5.0 3.0 29.0676 25.0222
5.0 3.0 28.8401 25.0222
5.0 3.0 28.9422 25.0222
5.0 3.0 27.8947 25.0222
5.0 3.0 28.9234 25.0222
5.0 3.0 27.9038 25.0222
5.0 3.0 28.9388 25.0222
5.0 3.0 29.4934 25.0222
5.0 3.0 27.8822 25.0222
5.0 3.0 29.3007 25.0222
5.0 3.0 29.1131 25.0222
5.0 3.0 28.7854 25.0222
5.0 3.0 29.5065 25.0222
5.0 3.0 27.8865 25.0222
5.0 3.0 29.7105 25.0222
5.0 3.0 27.8826 25.0222
5.0 3.0 29.1324 25.0222
5.0 3.0 29.1726 25.0222
5.0 3.0 29.1898 25.0222
5.0 3.0 29.607 25.0222
5.0 3.0 28.8878 25.0222
5.0 3.0 28.7588 25.0222
5.0 3.0 29.2409 25.0222
5.0 3.0 28.9863 25.0222
5.0 3.0 29.3628 25.0222
5.0 4.0 19.1891 25.0222
5.0 4.0 19.6454 25.0222
5.0 4.0 19.2411 25.0222
5.0 4.0 19.4529 25.0222
5.0 4.0 20.0841 25.0222
5.0 4.0 19.1846 25.0222
5.0 4.0 19.6743 25.0222
5.0 4.0 19.3107 25.0222
5.0 4.0 19.1962 25.0222
5.0 4.0 19.2729 25.0222
5.0 4.0 19.1786 25.0222
5.0 4.0 19.1644 25.0222
5.0 4.0 19.4483 25.0222
5.0 4.0 19.1859 25.0222
5.0 4.0 19.7684 25.0222
5.0 4.0 19.1361 25.0222
5.0 4.0 19.6108 25.0222
5.0 4.0 19.247 25.0222
5.0 4.0 19.6083 25.0222
5.0 4.0 19.626 25.0222
5.0 4.0 19.8053 25.0222
5.0 4.0 19.1281 25.0222
5.0 4.0 19.1649 25.0222
5.0 4.0 19.2793 25.0222
5.0 4.0 19.6471 25.0222
5.0 4.0 19.6123 25.0222
5.0 4.0 19.2705 25.0222
5.0 4.0 19.1683 25.0222
5.0 4.0 19.5926 25.0222
5.0 4.0 19.1578 25.0222
5.0 4.0 19.5026 25.0222
5.0 4.0 19.2418 25.0222
5.0 4.0 19.6996 25.0222
5.0 4.0 21.059 25.0222
5.0 4.0 19.1206 25.0222
5.0 4.0 19.7006 25.0222
5.0 4.0 19.2163 25.0222
5.0 4.0 19.5146 25.0222
5.0 4.0 19.6702 25.0222
5.0 4.0 19.2813 25.0222
5.0 4.0 19.6814 25.0222
5.0 4.0 19.5143 25.0222
5.0 4.0 19.2847 25.0222
5.0 4.0 20.1727 25.0222
5.0 4.0 19.1795 25.0222
5.0 4.0 19.6353 25.0222
5.0 4.0 19.2637 25.0222
5.0 4.0 19.1348 25.0222
5.0 4.0 19.1572 25.0222
5.0 4.0 19.7779 25.0222
5.0 5.0 14.5881 25.0222
5.0 5.0 14.7427 25.0222
5.0 5.0 14.4979 25.0222
5.0 5.0 14.6564 25.0222
5.0 5.0 14.6056 25.0222
5.0 5.0 14.1123 25.0222
5.0 5.0 14.6326 25.0222
5.0 5.0 14.1811 25.0222
5.0 5.0 14.1192 25.0222
5.0 5.0 14.156 25.0222
5.0 5.0 14.7534 25.0222
5.0 5.0 14.149 25.0222
5.0 5.0 14.5781 25.0222
5.0 5.0 14.1048 25.0222
5.0 5.0 14.6754 25.0222
5.0 5.0 14.6648 25.0222
5.0 5.0 15.1494 25.0222
5.0 5.0 14.1376 25.0222
5.0 5.0 14.0991 25.0222
5.0 5.0 14.5982 25.0222
5.0 5.0 14.1456 25.0222
5.0 5.0 14.1562 25.0222
5.0 5.0 14.3283 25.0222
5.0 5.0 14.6856 25.0222
5.0 5.0 14.1079 25.0222
5.0 5.0 14.6769 25.0222
5.0 5.0 14.0902 25.0222
5.0 5.0 14.6235 25.0222
5.0 5.0 14.617 25.0222
5.0 5.0 14.6558 25.0222
5.0 5.0 14.1513 25.0222
5.0 5.0 15.2039 25.0222
5.0 5.0 14.1114 25.0222
5.0 5.0 14.643 25.0222
5.0 5.0 14.6948 25.0222
5.0 5.0 14.1601 25.0222
5.0 5.0 14.5755 25.0222
5.0 5.0 14.704 25.0222
5.0 5.0 14.7448 25.0222
5.0 5.0 14.1545 25.0222
5.0 5.0 14.1445 25.0222
5.0 5.0 14.5651 25.0222
5.0 5.0 14.6088 25.0222
5.0 5.0 14.0966 25.0222
5.0 5.0 14.0959 25.0222
5.0 5.0 14.126 25.0222
5.0 5.0 14.739 25.0222
5.0 5.0 14.7162 25.0222
5.0 5.0 14.1535 25.0222
5.0 5.0 15.2055 25.0222
5.0 7.0 9.79967 25.0222
5.0 7.0 9.6128 25.0222
5.0 7.0 9.68739 25.0222
5.0 7.0 9.81677 25.0222
5.0 7.0 9.65741 25.0222
5.0 7.0 9.7797 25.0222
5.0 7.0 9.73391 25.0222
5.0 7.0 9.76063 25.0222
5.0 7.0 10.0043 25.0222
5.0 7.0 9.65239 25.0222
5.0 7.0 9.63899 25.0222
5.0 7.0 9.79085 25.0222
5.0 7.0 9.79629 25.0222
5.0 7.0 9.81017 25.0222
5.0 7.0 9.76178 25.0222
5.0 7.0 9.81198 25.0222
5.0 7.0 9.68826 25.0222
5.0 7.0 9.78401 25.0222
5.0 7.0 9.86332 25.0222
5.0 7.0 9.73362 25.0222
5.0 7.0 9.82432 25.0222
5.0 7.0 9.67638 25.0222
5.0 7.0 9.61833 25.0222
5.0 7.0 9.65359 25.0222
5.0 7.0 9.79051 25.0222
5.0 7.0 9.80257 25.0222
5.0 7.0 9.78689 25.0222
5.0 7.0 9.68792 25.0222
5.0 7.0 9.78241 25.0222
5.0 7.0 9.77652 25.0222
5.0 7.0 9.91684 25.0222
5.0 7.0 9.79596 25.0222
5.0 7.0 9.74398 25.0222
5.0 7.0 9.8267 25.0222
5.0 7.0 9.74294 25.0222
5.0 7.0 9.68143 25.0222
5.0 7.0 9.73816 25.0222
5.0 7.0 9.71786 25.0222
5.0 7.0 9.74177 25.0222
5.0 7.0 9.69677 25.0222
5.0 7.0 9.70322 25.0222
5.0 7.0 9.7909 25.0222
5.0 7.0 9.82361 25.0222
5.0 7.0 9.80008 25.0222
5.0 7.0 9.78751 25.0222
5.0 7.0 9.85397 25.0222
5.0 7.0 9.85305 25.0222
5.0 7.0 9.63092 25.0222
5.0 7.0 9.82381 25.0222
5.0 7.0 9.77036 25.0222
5.0 8.0 8.36354 25.0222
5.0 8.0 8.34878 25.0222
5.0 8.0 8.32643 25.0222
5.0 8.0 8.34881 25.0222
5.0 8.0 8.32023 25.0222
5.0 8.0 8.37201 25.0222
5.0 8.0 8.32971 25.0222
5.0 8.0 8.3297 25.0222
5.0 8.0 8.31943 25.0222
5.0 8.0 8.36512 25.0222
5.0 8.0 8.33194 25.0222
5.0 8.0 8.35919 25.0222
5.0 8.0 8.32083 25.0222
5.0 8.0 8.35846 25.0222
5.0 8.0 8.37102 25.0222
5.0 8.0 8.32816 25.0222
5.0 8.0 8.32832 25.0222
5.0 8.0 8.34982 25.0222
5.0 8.0 8.35148 25.0222
5.0 8.0 8.2965 25.0222
5.0 8.0 8.34288 25.0222
5.0 8.0 8.36695 25.0222
5.0 8.0 8.36394 25.0222
5.0 8.0 8.33009 25.0222
5.0 8.0 8.34239 25.0222
5.0 8.0 8.32148 25.0222
5.0 8.0 8.34742 25.0222
5.0 8.0 8.3477 25.0222
5.0 8.0 8.35174 25.0222
5.0 8.0 8.30779 25.0222
5.0 8.0 8.3106 25.0222
5.0 8.0 8.35929 25.0222
5.0 8.0 8.41753 25.0222
5.0 8.0 8.35499 25.0222
5.0 8.0 8.33237 25.0222
5.0 8.0 8.33868 25.0222
5.0 8.0 8.36573 25.0222
5.0 8.0 8.32847 25.0222
5.0 8.0 8.35908 25.0222
5.0 8.0 8.32838 25.0222
5.0 8.0 8.36442 25.0222
5.0 8.0 8.3286 25.0222
5.0 8.0 8.34662 25.0222
5.0 8.0 8.34075 25.0222
5.0 8.0 8.3586 25.0222
5.0 8.0 8.33815 25.0222
5.0 8.0 8.33506 25.0222
5.0 8.0 8.33432 25.0222
5.0 8.0 8.36866 25.0222
5.0 8.0 8.31632 25.0222
5.0 9.0 7.39756 25.0222
5.0 9.0 7.33869 25.0222
5.0 9.0 7.32708 25.0222
5.0 9.0 7.40618 25.0222
5.0 9.0 7.51323 25.0222
5.0 9.0 7.41224 25.0222
5.0 9.0 7.3367 25.0222
5.0 9.0 7.29059 25.0222
5.0 9.0 7.33825 25.0222
5.0 9.0 7.35902 25.0222
5.0 9.0 7.34914 25.0222
5.0 9.0 7.35226 25.0222
5.0 9.0 7.32986 25.0222
5.0 9.0 7.32547 25.0222
5.0 9.0 7.3534 25.0222
5.0 9.0 7.39548 25.0222
5.0 9.0 7.33387 25.0222
5.0 9.0 7.30981 25.0222
5.0 9.0 7.34185 25.0222
5.0 9.0 7.4094 25.0222
5.0 9.0 7.32349 25.0222
5.0 9.0 7.31117 25.0222
5.0 9.0 7.41184 25.0222
5.0 9.0 7.3227 25.0222
5.0 9.0 7.35381 25.0222
5.0 9.0 7.37217 25.0222
5.0 9.0 7.38418 25.0222
5.0 9.0 7.4584 25.0222
5.0 9.0 7.48696 25.0222
5.0 9.0 7.32698 25.0222
5.0 9.0 7.31277 25.0222
5.0 9.0 7.3474 25.0222
5.0 9.0 7.4336 25.0222
5.0 9.0 7.34051 25.0222
5.0 9.0 7.30394 25.0222
5.0 9.0 7.38764 25.0222
5.0 9.0 7.3101 25.0222
5.0 9.0 7.34784 25.0222
5.0 9.0 7.34684 25.0222
5.0 9.0 7.45795 25.0222
5.0 9.0 7.46139 25.0222
5.0 9.0 7.39194 25.0222
5.0 9.0 7.29429 25.0222
5.0 9.0 7.33558 25.0222
5.0 9.0 7.37033 25.0222
5.0 9.0 7.29082 25.0222
5.0 9.0 7.34684 25.0222
5.0 9.0 7.40386 25.0222
5.0 9.0 7.36664 25.0222
5.0 9.0 7.30272 25.0222
5.0 15.0 4.21942 25.0222
5.0 15.0 4.19852 25.0222
5.0 15.0 4.20209 25.0222
5.0 15.0 4.21196 25.0222
5.0 15.0 4.21866 25.0222
5.0 15.0 4.20035 25.0222
5.0 15.0 4.20879 25.0222
5.0 15.0 4.21514 25.0222
5.0 15.0 4.2045 25.0222
5.0 15.0 4.20303 25.0222
5.0 15.0 4.21378 25.0222
5.0 15.0 4.25039 25.0222
5.0 15.0 4.20142 25.0222
5.0 15.0 4.20687 25.0222
5.0 15.0 4.20285 25.0222
5.0 15.0 4.20998 25.0222
5.0 15.0 4.32857 25.0222
5.0 15.0 4.21413 25.0222
5.0 15.0 4.20208 25.0222
5.0 15.0 4.19723 25.0222
5.0 15.0 4.20799 25.0222
5.0 15.0 4.19996 25.0222
5.0 15.0 4.20194 25.0222
5.0 15.0 4.32381 25.0222
5.0 15.0 4.3129 25.0222
5.0 15.0 4.22404 25.0222
5.0 15.0 4.25362 25.0222
5.0 15.0 4.20755 25.0222
5.0 15.0 4.2169 25.0222
5.0 15.0 4.19797 25.0222
5.0 15.0 4.19645 25.0222
5.0 15.0 4.27198 25.0222
5.0 15.0 4.21013 25.0222
5.0 15.0 4.21344 25.0222
5.0 15.0 4.2458 25.0222
5.0 15.0 4.20377 25.0222
5.0 15.0 4.19595 25.0222
5.0 15.0 4.19662 25.0222
5.0 15.0 4.20117 25.0222
5.0 15.0 4.20922 25.0222
5.0 15.0 4.20388 25.0222
5.0 15.0 4.2031 25.0222
5.0 15.0 4.20589 25.0222
5.0 15.0 4.22395 25.0222
5.0 15.0 4.20316 25.0222
5.0 15.0 4.24757 25.0222
5.0 15.0 4.25283 25.0222
5.0 15.0 4.20613 25.0222
5.0 15.0 4.21153 25.0222
5.0 15.0 4.31203 25.0222
5.0 16.0 3.92423 25.0222
5.0 16.0 3.91921 25.0222
5.0 16.0 3.91316 25.0222
5.0 16.0 3.92151 25.0222
5.0 16.0 3.92569 25.0222
5.0 16.0 3.92324 25.0222
5.0 16.0 4.05645 25.0222
5.0 16.0 3.91934 25.0222
5.0 16.0 3.92103 25.0222
5.0 16.0 3.92988 25.0222
5.0 16.0 3.9365 25.0222
5.0 16.0 3.93809 25.0222
5.0 16.0 3.99913 25.0222
5.0 16.0 3.92136 25.0222
5.0 16.0 3.92401 25.0222
5.0 16.0 3.94483 25.0222
5.0 16.0 4.00276 25.0222
5.0 16.0 3.92623 25.0222
5.0 16.0 3.94138 25.0222
5.0 16.0 3.9219 25.0222
5.0 16.0 3.92676 25.0222
5.0 16.0 4.03749 25.0222
5.0 16.0 3.92336 25.0222
5.0 16.0 3.9202 25.0222
5.0 16.0 3.99773 25.0222
5.0 16.0 3.942 25.0222
5.0 16.0 4.12251 25.0222
5.0 16.0 3.92167 25.0222
5.0 16.0 3.9237 25.0222
5.0 16.0 3.91697 25.0222
5.0 16.0 3.92618 25.0222
5.0 16.0 3.92078 25.0222
5.0 16.0 3.92225 25.0222
5.0 16.0 3.93225 25.0222
5.0 16.0 3.9212 25.0222
5.0 16.0 3.92065 25.0222
5.0 16.0 3.93955 25.0222
5.0 16.0 3.97579 25.0222
5.0 16.0 3.98962 25.0222
5.0 16.0 4.05261 25.0222
5.0 16.0 3.93446 25.0222
5.0 16.0 3.93626 25.0222
5.0 16.0 3.92886 25.0222
5.0 16.0 3.93695 25.0222
5.0 16.0 3.92631 25.0222
5.0 16.0 3.92447 25.0222
5.0 16.0 3.95112 25.0222
5.0 16.0 3.93003 25.0222
5.0 16.0 3.92917 25.0222
5.0 16.0 3.91895 25.0222
5.0 17.0 3.73637 25.0222
5.0 17.0 3.69278 25.0222
5.0 17.0 3.72978 25.0222
5.0 17.0 3.69478 25.0222
5.0 17.0 3.69814 25.0222
5.0 17.0 3.71141 25.0222
5.0 17.0 3.67568 25.0222
5.0 17.0 3.78511 25.0222
5.0 17.0 3.73101 25.0222
5.0 17.0 3.67463 25.0222
5.0 17.0 3.76447 25.0222
5.0 17.0 3.69005 25.0222
5.0 17.0 3.68948 25.0222
5.0 17.0 3.71809 25.0222
5.0 17.0 3.71526 25.0222
5.0 17.0 3.79822 25.0222
5.0 17.0 3.7103 25.0222
5.0 17.0 3.68456 25.0222
5.0 17.0 3.67748 25.0222
5.0 17.0 3.67956 25.0222
5.0 17.0 3.72325 25.0222
5.0 17.0 3.76071 25.0222
5.0 17.0 3.69095 25.0222
5.0 17.0 3.73355 25.0222
5.0 17.0 3.6839 25.0222
5.0 17.0 3.70792 25.0222
5.0 17.0 3.67294 25.0222
5.0 17.0 3.75396 25.0222
5.0 17.0 3.739 25.0222
5.0 17.0 3.82208 25.0222
5.0 17.0 3.80554 25.0222
5.0 17.0 3.69293 25.0222
5.0 17.0 3.72767 25.0222
5.0 17.0 3.69334 25.0222
5.0 17.0 3.72378 25.0222
5.0 17.0 3.67778 25.0222
5.0 17.0 3.68869 25.0222
5.0 17.0 3.68843 25.0222
5.0 17.0 3.70064 25.0222
5.0 17.0 3.67675 25.0222
5.0 17.0 3.68361 25.0222
5.0 17.0 3.76675 25.0222
5.0 17.0 3.67968 25.0222
5.0 17.0 3.68582 25.0222
5.0 17.0 3.682 25.0222
5.0 17.0 3.68152 25.0222
5.0 17.0 3.7883 25.0222
5.0 17.0 3.7113 25.0222
5.0 17.0 3.80747 25.0222
5.0 17.0 3.81103 25.0222
5.0 31.0 1.9919 25.0222
5.0 31.0 1.97966 25.0222
5.0 31.0 1.98766 25.0222
5.0 31.0 1.99699 25.0222
5.0 31.0 1.99024 25.0222
5.0 31.0 1.98458 25.0222
5.0 31.0 1.98439 25.0222
5.0 31.0 1.98984 25.0222
5.0 31.0 1.98379 25.0222
5.0 31.0 1.99447 25.0222
5.0 31.0 1.99567 25.0222
5.0 31.0 1.97589 25.0222
5.0 31.0 1.9713 25.0222
5.0 31.0 1.99319 25.0222
5.0 31.0 1.98955 25.0222
5.0 31.0 1.98336 25.0222
5.0 31.0 2.00794 25.0222
5.0 31.0 1.99244 25.0222
5.0 31.0 1.97375 25.0222
5.0 31.0 1.99281 25.0222
5.0 31.0 1.99053 25.0222
5.0 31.0 1.99463 25.0222
5.0 31.0 1.99674 25.0222
5.0 31.0 1.98571 25.0222
5.0 31.0 1.97245 25.0222
5.0 31.0 1.97847 25.0222
5.0 31.0 1.9823 25.0222
5.0 31.0 1.97609 25.0222
5.0 31.0 1.96942 25.0222
5.0 31.0 1.98329 25.0222
5.0 31.0 1.99218 25.0222
5.0 31.0 2.00886 25.0222
5.0 31.0 1.97912 25.0222
5.0 31.0 1.99042 25.0222
5.0 31.0 1.98219 25.0222
5.0 31.0 1.98843 25.0222
5.0 31.0 1.98497 25.0222
5.0 31.0 1.98484 25.0222
5.0 31.0 1.99001 25.0222
5.0 31.0 1.98503 25.0222
5.0 31.0 1.98842 25.0222
5.0 31.0 1.98636 25.0222
5.0 31.0 1.97745 25.0222
5.0 31.0 1.99649 25.0222
5.0 31.0 1.98816 25.0222
5.0 31.0 1.98635 25.0222
5.0 31.0 1.9994 25.0222
5.0 31.0 2.00924 25.0222
5.0 31.0 1.98546 25.0222
5.0 31.0 1.99839 25.0222
5.0 32.0 1.93086 25.0222
5.0 32.0 1.91377 25.0222
5.0 32.0 1.92431 25.0222
5.0 32.0 1.9193 25.0222
5.0 32.0 1.92476 25.0222
5.0 32.0 2.00507 25.0222
5.0 32.0 1.94368 25.0222
5.0 32.0 1.94043 25.0222
5.0 32.0 1.92175 25.0222
5.0 32.0 2.05175 25.0222
5.0 32.0 2.03696 25.0222
5.0 32.0 1.91561 25.0222
5.0 32.0 1.92808 25.0222
5.0 32.0 1.93173 25.0222
5.0 32.0 1.93151 25.0222
5.0 32.0 1.9288 25.0222
5.0 32.0 1.92549 25.0222
5.0 32.0 1.93019 25.0222
5.0 32.0 1.92992 25.0222
5.0 32.0 1.91079 25.0222
5.0 32.0 2.02603 25.0222
5.0 32.0 1.93306 25.0222
5.0 32.0 1.93238 25.0222
5.0 32.0 1.93363 25.0222
5.0 32.0 1.92982 25.0222
5.0 32.0 1.9377 25.0222
5.0 32.0 2.02703 25.0222
5.0 32.0 1.93252 25.0222
5.0 32.0 1.9145 25.0222
5.0 32.0 1.93015 25.0222
5.0 32.0 2.14233 25.0222
5.0 32.0 2.03498 25.0222
5.0 32.0 2.00346 25.0222
5.0 32.0 1.9364 25.0222
5.0 32.0 1.93147 25.0222
5.0 32.0 1.92863 25.0222
5.0 32.0 1.92483 25.0222
5.0 32.0 1.91894 25.0222
5.0 32.0 1.92049 25.0222
5.0 32.0 1.92775 25.0222
5.0 32.0 1.92729 25.0222
5.0 32.0 1.93144 25.0222
5.0 32.0 1.92915 25.0222
5.0 32.0 1.91762 25.0222
5.0 32.0 1.92581 25.0222
5.0 32.0 1.92738 25.0222
5.0 32.0 1.93102 25.0222
5.0 32.0 1.9357 25.0222
5.0 32.0 1.9327 25.0222
5.0 32.0 2.00071 25.0222
5.0 33.0 1.87376 25.0222
5.0 33.0 1.87037 25.0222
5.0 33.0 1.87747 25.0222
5.0 33.0 1.86851 25.0222
5.0 33.0 1.87294 25.0222
5.0 33.0 1.87479 25.0222
5.0 33.0 1.88693 25.0222
5.0 33.0 1.86414 25.0222
5.0 33.0 2.08219 25.0222
5.0 33.0 1.85648 25.0222
5.0 33.0 1.87639 25.0222
5.0 33.0 1.86611 25.0222
5.0 33.0 1.87636 25.0222
5.0 33.0 1.8785 25.0222
5.0 33.0 1.99257 25.0222
5.0 33.0 1.96903 25.0222
5.0 33.0 1.87405 25.0222
5.0 33.0 1.87167 25.0222
5.0 33.0 1.8673 25.0222
5.0 33.0 1.89818 25.0222
5.0 33.0 1.86916 25.0222
5.0 33.0 1.88112 25.0222
5.0 33.0 1.87103 25.0222
5.0 33.0 1.85956 25.0222
5.0 33.0 1.95953 25.0222
5.0 33.0 2.00767 25.0222
5.0 33.0 1.86469 25.0222
5.0 33.0 1.90339 25.0222
5.0 33.0 1.98392 25.0222
5.0 33.0 2.18298 25.0222
5.0 33.0 1.85821 25.0222
5.0 33.0 1.8689 25.0222
5.0 33.0 1.88156 25.0222
5.0 33.0 1.97761 25.0222
5.0 33.0 1.87326 25.0222
5.0 33.0 1.89086 25.0222
5.0 33.0 2.02234 25.0222
5.0 33.0 1.87538 25.0222
5.0 33.0 1.87264 25.0222
5.0 33.0 1.87166 25.0222
5.0 33.0 1.92086 25.0222
5.0 33.0 1.91617 25.0222
5.0 33.0 1.87358 25.0222
5.0 33.0 1.91521 25.0222
5.0 33.0 1.92234 25.0222
5.0 33.0 1.89234 25.0222
5.0 33.0 1.97148 25.0222
5.0 33.0 1.8714 25.0222
5.0 33.0 1.95105 25.0222
5.0 33.0 1.95105 25.0222
