0.0 3.0 0.0633994 180.724
0.0 3.0 0.0632581 180.724
0.0 3.0 0.0653939 180.724
0.0 3.0 0.0660583 180.724
0.0 3.0 0.062741 180.724
0.0 3.0 0.0632923 180.724
0.0 3.0 0.0653702 180.724
0.0 3.0 0.0627098 180.724
0.0 3.0 0.0748606 180.724
0.0 3.0 0.07078 180.724
0.0 3.0 0.0662098 180.724
0.0 3.0 0.0629108 180.724
0.0 3.0 0.0747894 180.724
0.0 3.0 0.0622161 180.724
0.0 3.0 0.0658354 180.724
0.0 3.0 0.0628241 180.724
0.0 3.0 0.074972 180.724
0.0 3.0 0.0717165 180.724
0.0 3.0 0.0629805 180.724
0.0 3.0 0.0654224 180.724
0.0 3.0 0.0755606 180.724
0.0 3.0 0.0659088 180.724
0.0 3.0 0.0655997 180.724
0.0 3.0 0.0748831 180.724
0.0 3.0 0.0654384 180.724
0.0 3.0 0.0661787 180.724
0.0 3.0 0.0655373 180.724
0.0 3.0 0.065879 180.724
0.0 3.0 0.0658501 180.724
0.0 3.0 0.0629041 180.724
0.0 3.0 0.0629275 180.724
0.0 3.0 0.0628432 180.724
0.0 3.0 0.0627629 180.724
0.0 3.0 0.0716678 180.724
0.0 3.0 0.0627076 180.724
0.0 3.0 0.0626283 180.724
0.0 3.0 0.0653117 180.724
0.0 3.0 0.0663391 180.724
0.0 3.0 0.0682936 180.724
0.0 3.0 0.0630638 180.724
0.0 3.0 0.0627255 180.724
0.0 3.0 0.0659898 180.724
0.0 3.0 0.0666546 180.724
0.0 3.0 0.0664882 180.724
0.0 3.0 0.0660691 180.724
0.0 3.0 0.0630328 180.724
0.0 3.0 0.0628424 180.724
0.0 3.0 0.0630673 180.724
0.0 3.0 0.0660806 180.724
0.0 3.0 0.0656527 180.724
0.0 4.0 0.0493265 180.96
0.0 4.0 0.0500884 180.96
0.0 4.0 0.0521311 180.96
0.0 4.0 0.04986 180.96
0.0 4.0 0.0492437 180.96
0.0 4.0 0.0500226 180.96
0.0 4.0 0.0498999 180.96
0.0 4.0 0.0499347 180.96
0.0 4.0 0.0500044 180.96
0.0 4.0 0.0500118 180.96
0.0 4.0 0.0493735 180.96
0.0 4.0 0.0492424 180.96
0.0 4.0 0.0499358 180.96
0.0 4.0 0.0497487 180.96
0.0 4.0 0.0491875 180.96
0.0 4.0 0.0495489 180.96
0.0 4.0 0.0491898 180.96
0.0 4.0 0.0497461 180.96
0.0 4.0 0.0496375 180.96
0.0 4.0 0.0498157 180.96
0.0 4.0 0.0499102 180.96
0.0 4.0 0.0493959 180.96
0.0 4.0 0.0504332 180.96
0.0 4.0 0.0491623 180.96
0.0 4.0 0.0496262 180.96
0.0 4.0 0.0497856 180.96
0.0 4.0 0.0572905 180.96
0.0 4.0 0.0498523 180.96
0.0 4.0 0.0492347 180.96
0.0 4.0 0.0498373 180.96
0.0 4.0 0.0491421 180.96
0.0 4.0 0.0498614 180.96
0.0 4.0 0.0497302 180.96
0.0 4.0 0.0506412 180.96
0.0 4.0 0.0493017 180.96
0.0 4.0 0.0491596 180.96
0.0 4.0 0.0499392 180.96
0.0 4.0 0.0493254 180.96
0.0 4.0 0.049192 180.96
0.0 4.0 0.0497015 180.96
0.0 4.0 0.0499945 180.96
0.0 4.0 0.0495901 180.96
0.0 4.0 0.0504815 180.96
0.0 4.0 0.0494563 180.96
0.0 4.0 0.0498841 180.96
0.0 4.0 0.0554867 180.96
0.0 4.0 0.0497691 180.96
0.0 4.0 0.0497626 180.96
0.0 4.0 0.0493198 180.96
0.0 4.0 0.0498078 180.96
0.0 5.0 0.0757599 180.62
0.0 5.0 0.0720577 180.62
0.0 5.0 0.0681552 180.62
0.0 5.0 0.0748693 180.62
0.0 5.0 0.0460512 180.62
0.0 5.0 0.0708134 180.62
0.0 5.0 0.0716226 180.62
0.0 5.0 0.0755689 180.62
0.0 5.0 0.0752885 180.62
0.0 5.0 0.0447308 180.62
0.0 5.0 0.0764749 180.62
0.0 5.0 0.0447316 180.62
0.0 5.0 0.0745871 180.62
0.0 5.0 0.0454086 180.62
0.0 5.0 0.0747225 180.62
0.0 5.0 0.070615 180.62
0.0 5.0 0.0479168 180.62
0.0 5.0 0.0466827 180.62
0.0 5.0 0.0707273 180.62
0.0 5.0 0.075935 180.62
0.0 5.0 0.0751647 180.62
0.0 5.0 0.0462642 180.62
0.0 5.0 0.0703431 180.62
0.0 5.0 0.0741903 180.62
0.0 5.0 0.0709137 180.62
0.0 5.0 0.070532 180.62
0.0 5.0 0.067752 180.62
0.0 5.0 0.0702805 180.62
0.0 5.0 0.0707682 180.62
0.0 5.0 0.0526138 180.62
0.0 5.0 0.0748846 180.62
0.0 5.0 0.0470788 180.62
0.0 5.0 0.0755271 180.62
0.0 5.0 0.0750153 180.62
0.0 5.0 0.0753499 180.62
0.0 5.0 0.0489279 180.62
0.0 5.0 0.0709175 180.62
0.0 5.0 0.0763905 180.62
0.0 5.0 0.075014 180.62
0.0 5.0 0.0712226 180.62
0.0 5.0 0.0719204 180.62
0.0 5.0 0.04227 180.62
0.0 5.0 0.0709789 180.62
0.0 5.0 0.0455464 180.62
0.0 5.0 0.0761937 180.62
0.0 5.0 0.0711267 180.62
0.0 5.0 0.075672 180.62
0.0 5.0 0.0752645 180.62
0.0 5.0 0.07569 180.62
0.0 5.0 0.0700395 180.62
0.0 7.0 0.033989 180.063
0.0 7.0 0.0524739 180.063
0.0 7.0 0.0531278 180.063
0.0 7.0 0.0526819 180.063
0.0 7.0 0.0354015 180.063
0.0 7.0 0.0387729 180.063
0.0 7.0 0.0330593 180.063
0.0 7.0 0.0342725 180.063
0.0 7.0 0.0342123 180.063
0.0 7.0 0.0372655 180.063
0.0 7.0 0.0355376 180.063
0.0 7.0 0.0524958 180.063
0.0 7.0 0.0516594 180.063
0.0 7.0 0.0329924 180.063
0.0 7.0 0.0519475 180.063
0.0 7.0 0.0365514 180.063
0.0 7.0 0.0338224 180.063
0.0 7.0 0.0348747 180.063
0.0 7.0 0.0509955 180.063
0.0 7.0 0.0523588 180.063
0.0 7.0 0.0571974 180.063
0.0 7.0 0.0372096 180.063
0.0 7.0 0.0313591 180.063
0.0 7.0 0.0394365 180.063
0.0 7.0 0.0507109 180.063
0.0 7.0 0.0525034 180.063
0.0 7.0 0.0531859 180.063
0.0 7.0 0.0326463 180.063
0.0 7.0 0.0328831 180.063
0.0 7.0 0.034443 180.063
0.0 7.0 0.0534733 180.063
0.0 7.0 0.0372104 180.063
0.0 7.0 0.0355433 180.063
0.0 7.0 0.0341932 180.063
0.0 7.0 0.0330297 180.063
0.0 7.0 0.0314989 180.063
0.0 7.0 0.0370511 180.063
0.0 7.0 0.0416252 180.063
0.0 7.0 0.0327336 180.063
0.0 7.0 0.0509431 180.063
0.0 7.0 0.0338526 180.063
0.0 7.0 0.0357001 180.063
0.0 7.0 0.0392148 180.063
0.0 7.0 0.0541259 180.063
0.0 7.0 0.0520068 180.063
0.0 7.0 0.0379442 180.063
0.0 7.0 0.0524665 180.063
0.0 7.0 0.0377216 180.063
0.0 7.0 0.0381799 180.063
0.0 7.0 0.0400011 180.063
0.0 8.0 0.0284449 180.621
0.0 8.0 0.0417423 180.621
0.0 8.0 0.0274116 180.621
0.0 8.0 0.029632 180.621
0.0 8.0 0.0299639 180.621
0.0 8.0 0.031623 180.621
0.0 8.0 0.028389 180.621
0.0 8.0 0.0285144 180.621
0.0 8.0 0.0413206 180.621
0.0 8.0 0.0443779 180.621
0.0 8.0 0.0434707 180.621
0.0 8.0 0.0249128 180.621
0.0 8.0 0.0294197 180.621
0.0 8.0 0.0332351 180.621
0.0 8.0 0.0283132 180.621
0.0 8.0 0.041785 180.621
0.0 8.0 0.029002 180.621
0.0 8.0 0.029714 180.621
0.0 8.0 0.0403351 180.621
0.0 8.0 0.0312225 180.621
0.0 8.0 0.0264736 180.621
0.0 8.0 0.0443916 180.621
0.0 8.0 0.041108 180.621
0.0 8.0 0.0400883 180.621
0.0 8.0 0.0433755 180.621
0.0 8.0 0.0320471 180.621
0.0 8.0 0.0324544 180.621
0.0 8.0 0.0445037 180.621
0.0 8.0 0.0409935 180.621
0.0 8.0 0.0401965 180.621
0.0 8.0 0.0267331 180.621
0.0 8.0 0.0296051 180.621
0.0 8.0 0.0408637 180.621
0.0 8.0 0.0328695 180.621
0.0 8.0 0.0299649 180.621
0.0 8.0 0.0414603 180.621
0.0 8.0 0.0280504 180.621
0.0 8.0 0.0406841 180.621
0.0 8.0 0.0277702 180.621
0.0 8.0 0.0422473 180.621
0.0 8.0 0.0286104 180.621
0.0 8.0 0.0431883 180.621
0.0 8.0 0.0398093 180.621
0.0 8.0 0.028952 180.621
0.0 8.0 0.0272998 180.621
0.0 8.0 0.0300775 180.621
0.0 8.0 0.0295666 180.621
0.0 8.0 0.0399686 180.621
0.0 8.0 0.0306591 180.621
0.0 8.0 0.0410543 180.621
0.0 9.0 0.0381574 180.938
0.0 9.0 0.0409683 180.938
0.0 9.0 0.0423329 180.938
0.0 9.0 0.0383107 180.938
0.0 9.0 0.038157 180.938
0.0 9.0 0.0291087 180.938
0.0 9.0 0.0458592 180.938
0.0 9.0 0.0322636 180.938
0.0 9.0 0.0389683 180.938
0.0 9.0 0.0386443 180.938
0.0 9.0 0.0281244 180.938
0.0 9.0 0.0270522 180.938
0.0 9.0 0.0382733 180.938
0.0 9.0 0.0409103 180.938
0.0 9.0 0.030374 180.938
0.0 9.0 0.0454103 180.938
0.0 9.0 0.0409477 180.938
0.0 9.0 0.029041 180.938
0.0 9.0 0.0396536 180.938
0.0 9.0 0.028092 180.938
0.0 9.0 0.0409026 180.938
0.0 9.0 0.0415477 180.938
0.0 9.0 0.0409414 180.938
0.0 9.0 0.0389636 180.938
0.0 9.0 0.0386676 180.938
0.0 9.0 0.0304437 180.938
0.0 9.0 0.0272357 180.938
0.0 9.0 0.0277471 180.938
0.0 9.0 0.0362471 180.938
0.0 9.0 0.038716 180.938
0.0 9.0 0.0300137 180.938
0.0 9.0 0.0384889 180.938
0.0 9.0 0.0419268 180.938
0.0 9.0 0.0395597 180.938
0.0 9.0 0.0390658 180.938
0.0 9.0 0.028009 180.938
0.0 9.0 0.0415686 180.938
0.0 9.0 0.027745 180.938
0.0 9.0 0.0267215 180.938
0.0 9.0 0.0393346 180.938
0.0 9.0 0.0385015 180.938
0.0 9.0 0.0241609 180.938
0.0 9.0 0.0415453 180.938
0.0 9.0 0.0412403 180.938
0.0 9.0 0.0411974 180.938
0.0 9.0 0.0382334 180.938
0.0 9.0 0.0385861 180.938
0.0 9.0 0.0406489 180.938
0.0 9.0 0.0258711 180.938
0.0 9.0 0.0256119 180.938
0.0 15.0 0.025498 179.833
0.0 15.0 0.0173937 179.833
0.0 15.0 0.0189538 179.833
0.0 15.0 0.0197907 179.833
0.0 15.0 0.0237198 179.833
0.0 15.0 0.0190073 179.833
0.0 15.0 0.017103 179.833
0.0 15.0 0.0208624 179.833
0.0 15.0 0.0232696 179.833
0.0 15.0 0.0218984 179.833
0.0 15.0 0.020208 179.833
0.0 15.0 0.0193952 179.833
0.0 15.0 0.0176669 179.833
0.0 15.0 0.0181993 179.833
0.0 15.0 0.018056 179.833
0.0 15.0 0.0213606 179.833
0.0 15.0 0.016257 179.833
0.0 15.0 0.0232998 179.833
0.0 15.0 0.0193275 179.833
0.0 15.0 0.0204333 179.833
0.0 15.0 0.0234966 179.833
0.0 15.0 0.0205273 179.833
0.0 15.0 0.0200758 179.833
0.0 15.0 0.0241508 179.833
0.0 15.0 0.0191253 179.833
0.0 15.0 0.0191378 179.833
0.0 15.0 0.0184973 179.833
0.0 15.0 0.0241855 179.833
0.0 15.0 0.0197973 179.833
0.0 15.0 0.0146237 179.833
0.0 15.0 0.0245207 179.833
0.0 15.0 0.0231688 179.833
0.0 15.0 0.0233208 179.833
0.0 15.0 0.023823 179.833
0.0 15.0 0.0188405 179.833
0.0 15.0 0.0169448 179.833
0.0 15.0 0.0172996 179.833
0.0 15.0 0.0193549 179.833
0.0 15.0 0.0182632 179.833
0.0 15.0 0.0170407 179.833
0.0 15.0 0.0187693 179.833
0.0 15.0 0.0169205 179.833
0.0 15.0 0.0174766 179.833
0.0 15.0 0.0186137 179.833
0.0 15.0 0.0186415 179.833
0.0 15.0 0.0196113 179.833
0.0 15.0 0.0231845 179.833
0.0 15.0 0.020089 179.833
0.0 15.0 0.0196244 179.833
0.0 15.0 0.0192664 179.833
0.0 16.0 0.0198946 179.833
0.0 16.0 0.0189254 179.833
0.0 16.0 0.0199518 179.833
0.0 16.0 0.0205968 179.833
0.0 16.0 0.0181387 179.833
0.0 16.0 0.0203628 179.833
0.0 16.0 0.0196108 179.833
0.0 16.0 0.0209053 179.833
0.0 16.0 0.0195961 179.833
0.0 16.0 0.0181978 179.833
0.0 16.0 0.016457 179.833
0.0 16.0 0.0203275 179.833
0.0 16.0 0.0213539 179.833
0.0 16.0 0.0201958 179.833
0.0 16.0 0.0191211 179.833
0.0 16.0 0.0198316 179.833
0.0 16.0 0.0200843 179.833
0.0 16.0 0.018904 179.833
0.0 16.0 0.021123 179.833
0.0 16.0 0.0224292 179.833
0.0 16.0 0.0211262 179.833
0.0 16.0 0.0197177 179.833
0.0 16.0 0.0190585 179.833
0.0 16.0 0.0198084 179.833
0.0 16.0 0.0197509 179.833
0.0 16.0 0.0218819 179.833
0.0 16.0 0.0187044 179.833
0.0 16.0 0.0200588 179.833
0.0 16.0 0.0195503 179.833
0.0 16.0 0.0211027 179.833
0.0 16.0 0.0160324 179.833
0.0 16.0 0.0213983 179.833
0.0 16.0 0.0168773 179.833
0.0 16.0 0.0203834 179.833
0.0 16.0 0.0200317 179.833
0.0 16.0 0.0187666 179.833
0.0 16.0 0.0210855 179.833
0.0 16.0 0.0172511 179.833
0.0 16.0 0.0190216 179.833
0.0 16.0 0.0210159 179.833
0.0 16.0 0.0198805 179.833
0.0 16.0 0.0226746 179.833
0.0 16.0 0.0192342 179.833
0.0 16.0 0.0203573 179.833
0.0 16.0 0.0177726 179.833
0.0 16.0 0.0224634 179.833
0.0 16.0 0.0200905 179.833
0.0 16.0 0.018218 179.833
0.0 16.0 0.0198415 179.833
0.0 16.0 0.0179208 179.833
0.0 17.0 0.0155405 180.143
0.0 17.0 0.0181874 180.143
0.0 17.0 0.0203646 180.143
0.0 17.0 0.0208545 180.143
0.0 17.0 0.0178296 180.143
0.0 17.0 0.0194843 180.143
0.0 17.0 0.0203641 180.143
0.0 17.0 0.0164061 180.143
0.0 17.0 0.0187824 180.143
0.0 17.0 0.0163066 180.143
0.0 17.0 0.0220541 180.143
0.0 17.0 0.0162367 180.143
0.0 17.0 0.0190329 180.143
0.0 17.0 0.0204443 180.143
0.0 17.0 0.0154993 180.143
0.0 17.0 0.0167832 180.143
0.0 17.0 0.0134141 180.143
0.0 17.0 0.0193866 180.143
0.0 17.0 0.0206807 180.143
0.0 17.0 0.0203965 180.143
0.0 17.0 0.0174288 180.143
0.0 17.0 0.0147032 180.143
0.0 17.0 0.015749 180.143
0.0 17.0 0.014791 180.143
0.0 17.0 0.0191231 180.143
0.0 17.0 0.0176591 180.143
0.0 17.0 0.0158928 180.143
0.0 17.0 0.018684 180.143
0.0 17.0 0.0170044 180.143
0.0 17.0 0.0188667 180.143
0.0 17.0 0.0205472 180.143
0.0 17.0 0.0172605 180.143
0.0 17.0 0.0193747 180.143
0.0 17.0 0.0209555 180.143
0.0 17.0 0.0119822 180.143
0.0 17.0 0.0205067 180.143
0.0 17.0 0.016611 180.143
0.0 17.0 0.0192344 180.143
0.0 17.0 0.0194309 180.143
0.0 17.0 0.0164005 180.143
0.0 17.0 0.0174425 180.143
0.0 17.0 0.0146847 180.143
0.0 17.0 0.020569 180.143
0.0 17.0 0.0160299 180.143
0.0 17.0 0.0176098 180.143
0.0 17.0 0.0134404 180.143
0.0 17.0 0.0142797 180.143
0.0 17.0 0.0187494 180.143
0.0 17.0 0.0187361 180.143
0.0 17.0 0.0167852 180.143
0.0 31.0 0.0130992 180.279
0.0 31.0 0.0134018 180.279
0.0 31.0 0.013377 180.279
0.0 31.0 0.0143441 180.279
0.0 31.0 0.0151356 180.279
0.0 31.0 0.0117663 180.279
0.0 31.0 0.0134424 180.279
0.0 31.0 0.0133734 180.279
0.0 31.0 0.0117213 180.279
0.0 31.0 0.0146471 180.279
0.0 31.0 0.013542 180.279
0.0 31.0 0.0125999 180.279
0.0 31.0 0.0130586 180.279
0.0 31.0 0.0124141 180.279
0.0 31.0 0.0139159 180.279
0.0 31.0 0.0118191 180.279
0.0 31.0 0.0132441 180.279
0.0 31.0 0.0103222 180.279
0.0 31.0 0.0133321 180.279
0.0 31.0 0.0109402 180.279
0.0 31.0 0.013147 180.279
0.0 31.0 0.0137479 180.279
0.0 31.0 0.0120332 180.279
0.0 31.0 0.0127136 180.279
0.0 31.0 0.0125783 180.279
0.0 31.0 0.0113586 180.279
0.0 31.0 0.0129292 180.279
0.0 31.0 0.0118444 180.279
0.0 31.0 0.013584 180.279
0.0 31.0 0.0106616 180.279
0.0 31.0 0.0120599 180.279
0.0 31.0 0.0122579 180.279
0.0 31.0 0.0111379 180.279
0.0 31.0 0.0112578 180.279
0.0 31.0 0.0129072 180.279
0.0 31.0 0.0117858 180.279
0.0 31.0 0.013847 180.279
0.0 31.0 0.0108396 180.279
0.0 31.0 0.01093 180.279
0.0 31.0 0.011789 180.279
0.0 31.0 0.0126418 180.279
0.0 31.0 0.0122232 180.279
0.0 31.0 0.0103823 180.279
0.0 31.0 0.0134743 180.279
0.0 31.0 0.0133248 180.279
0.0 31.0 0.0128289 180.279
0.0 31.0 0.0125211 180.279
0.0 31.0 0.0116492 180.279
0.0 31.0 0.0119966 180.279
0.0 31.0 0.0131972 180.279
0.0 32.0 0.0120573 180.279
0.0 32.0 0.0109128 180.279
0.0 32.0 0.0108363 180.279
0.0 32.0 0.010924 180.279
0.0 32.0 0.0109527 180.279
0.0 32.0 0.0107345 180.279
0.0 32.0 0.0111554 180.279
0.0 32.0 0.010691 180.279
0.0 32.0 0.0122835 180.279
0.0 32.0 0.0107672 180.279
0.0 32.0 0.0107869 180.279
0.0 32.0 0.010824 180.279
0.0 32.0 0.0116075 180.279
0.0 32.0 0.0108979 180.279
0.0 32.0 0.0111148 180.279
0.0 32.0 0.0112457 180.279
0.0 32.0 0.0126614 180.279
0.0 32.0 0.0107691 180.279
0.0 32.0 0.0107255 180.279
0.0 32.0 0.0153312 180.279
0.0 32.0 0.0118352 180.279
0.0 32.0 0.0113674 180.279
0.0 32.0 0.0124246 180.279
0.0 32.0 0.0107668 180.279
0.0 32.0 0.0107268 180.279
0.0 32.0 0.0108644 180.279
0.0 32.0 0.0107099 180.279
0.0 32.0 0.0123037 180.279
0.0 32.0 0.0107133 180.279
0.0 32.0 0.0107418 180.279
0.0 32.0 0.0107533 180.279
0.0 32.0 0.0108248 180.279
0.0 32.0 0.0115511 180.279
0.0 32.0 0.0123783 180.279
0.0 32.0 0.0125752 180.279
0.0 32.0 0.0107651 180.279
0.0 32.0 0.0107903 180.279
0.0 32.0 0.0111484 180.279
0.0 32.0 0.0107638 180.279
0.0 32.0 0.0107694 180.279
0.0 32.0 0.0122131 180.279
0.0 32.0 0.0110243 180.279
0.0 32.0 0.0107929 180.279
0.0 32.0 0.0107975 180.279
0.0 32.0 0.0118891 180.279
0.0 32.0 0.0113417 180.279
0.0 32.0 0.0108033 180.279
0.0 32.0 0.0121969 180.279
0.0 32.0 0.0121032 180.279
0.0 32.0 0.0106909 180.279
0.0 33.0 0.0110992 180.279
0.0 33.0 0.0111244 180.279
0.0 33.0 0.0112148 180.279
0.0 33.0 0.0107382 180.279
0.0 33.0 0.0129924 180.279
0.0 33.0 0.0112824 180.279
0.0 33.0 0.0107779 180.279
0.0 33.0 0.0107623 180.279
0.0 33.0 0.0108667 180.279
0.0 33.0 0.0107908 180.279
0.0 33.0 0.0108484 180.279
0.0 33.0 0.0107516 180.279
0.0 33.0 0.0114719 180.279
0.0 33.0 0.0107494 180.279
0.0 33.0 0.0110751 180.279
0.0 33.0 0.0109728 180.279
0.0 33.0 0.0107854 180.279
0.0 33.0 0.0107457 180.279
0.0 33.0 0.0108177 180.279
0.0 33.0 0.010722 180.279
0.0 33.0 0.0110882 180.279
0.0 33.0 0.0107906 180.279
0.0 33.0 0.0107426 180.279
0.0 33.0 0.0108555 180.279
0.0 33.0 0.0107521 180.279
0.0 33.0 0.0108692 180.279
0.0 33.0 0.0111835 180.279
0.0 33.0 0.0108567 180.279
0.0 33.0 0.0107152 180.279
0.0 33.0 0.0107767 180.279
0.0 33.0 0.0107218 180.279
0.0 33.0 0.0110236 180.279
0.0 33.0 0.0110155 180.279
0.0 33.0 0.0109112 180.279
0.0 33.0 0.0110548 180.279
0.0 33.0 0.010796 180.279
0.0 33.0 0.0107732 180.279
0.0 33.0 0.0108225 180.279
0.0 33.0 0.0108622 180.279
0.0 33.0 0.010776 180.279
0.0 33.0 0.0107967 180.279
0.0 33.0 0.0107504 180.279
0.0 33.0 0.0109136 180.279
0.0 33.0 0.0109476 180.279
0.0 33.0 0.0106732 180.279
0.0 33.0 0.0107677 180.279
0.0 33.0 0.0109293 180.279
0.0 33.0 0.0107382 180.279
0.0 33.0 0.01114 180.279
0.0 33.0 0.0107668 180.279
1.0 3.0 0.0742768 19.5926
1.0 3.0 0.0747606 19.5926
1.0 3.0 0.0748607 19.5926
1.0 3.0 0.0743606 19.5926
1.0 3.0 0.0772044 19.5926
1.0 3.0 0.074944 19.5926
1.0 3.0 0.0750093 19.5926
1.0 3.0 0.0775616 19.5926
1.0 3.0 0.0745311 19.5926
1.0 3.0 0.0899111 19.5926
1.0 3.0 0.0777268 19.5926
1.0 3.0 0.074405 19.5926
1.0 3.0 0.0880713 19.5926
1.0 3.0 0.079062 19.5926
1.0 3.0 0.0779792 19.5926
1.0 3.0 0.0769351 19.5926
1.0 3.0 0.0752857 19.5926
1.0 3.0 0.0776936 19.5926
1.0 3.0 0.0892695 19.5926
1.0 3.0 0.0781806 19.5926
1.0 3.0 0.0786403 19.5926
1.0 3.0 0.0774251 19.5926
1.0 3.0 0.0778126 19.5926
1.0 3.0 0.0744701 19.5926
1.0 3.0 0.074802 19.5926
1.0 3.0 0.0775284 19.5926
1.0 3.0 0.0745058 19.5926
1.0 3.0 0.075014 19.5926
1.0 3.0 0.0781889 19.5926
1.0 3.0 0.0780108 19.5926
1.0 3.0 0.0747819 19.5926
1.0 3.0 0.0788057 19.5926
1.0 3.0 0.0759854 19.5926
1.0 3.0 0.0783936 19.5926
1.0 3.0 0.0771379 19.5926
1.0 3.0 0.0745906 19.5926
1.0 3.0 0.0776869 19.5926
1.0 3.0 0.0767347 19.5926
1.0 3.0 0.079119 19.5926
1.0 3.0 0.0745469 19.5926
1.0 3.0 0.0851431 19.5926
1.0 3.0 0.0745847 19.5926
1.0 3.0 0.077378 19.5926
1.0 3.0 0.0793925 19.5926
1.0 3.0 0.0744009 19.5926
1.0 3.0 0.0741105 19.5926
1.0 3.0 0.074624 19.5926
1.0 3.0 0.0790203 19.5926
1.0 3.0 0.0836935 19.5926
1.0 3.0 0.0753242 19.5926
1.0 4.0 0.0639898 19.5946
1.0 4.0 0.0649924 19.5946
1.0 4.0 0.060588 19.5946
1.0 4.0 0.0656351 19.5946
1.0 4.0 0.0621871 19.5946
1.0 4.0 0.0631345 19.5946
1.0 4.0 0.0711212 19.5946
1.0 4.0 0.0660525 19.5946
1.0 4.0 0.0637924 19.5946
1.0 4.0 0.0637657 19.5946
1.0 4.0 0.0605942 19.5946
1.0 4.0 0.0627103 19.5946
1.0 4.0 0.061835 19.5946
1.0 4.0 0.0660804 19.5946
1.0 4.0 0.0698156 19.5946
1.0 4.0 0.0641081 19.5946
1.0 4.0 0.0680838 19.5946
1.0 4.0 0.0656659 19.5946
1.0 4.0 0.0610258 19.5946
1.0 4.0 0.0639632 19.5946
1.0 4.0 0.0602871 19.5946
1.0 4.0 0.0613672 19.5946
1.0 4.0 0.0653199 19.5946
1.0 4.0 0.0625314 19.5946
1.0 4.0 0.0628654 19.5946
1.0 4.0 0.0608906 19.5946
1.0 4.0 0.0673468 19.5946
1.0 4.0 0.0637357 19.5946
1.0 4.0 0.0609096 19.5946
1.0 4.0 0.0607687 19.5946
1.0 4.0 0.0609215 19.5946
1.0 4.0 0.0675718 19.5946
1.0 4.0 0.0606056 19.5946
1.0 4.0 0.0652141 19.5946
1.0 4.0 0.0642535 19.5946
1.0 4.0 0.0601887 19.5946
1.0 4.0 0.0673267 19.5946
1.0 4.0 0.067033 19.5946
1.0 4.0 0.062161 19.5946
1.0 4.0 0.0607334 19.5946
1.0 4.0 0.0659156 19.5946
1.0 4.0 0.0633981 19.5946
1.0 4.0 0.0605402 19.5946
1.0 4.0 0.0603008 19.5946
1.0 4.0 0.0602708 19.5946
1.0 4.0 0.0669571 19.5946
1.0 4.0 0.060176 19.5946
1.0 4.0 0.0607881 19.5946
1.0 4.0 0.0628659 19.5946
1.0 4.0 0.0608818 19.5946
1.0 5.0 0.0853621 19.5926
1.0 5.0 0.0787575 19.5926
1.0 5.0 0.0859659 19.5926
1.0 5.0 0.0872189 19.5926
1.0 5.0 0.083531 19.5926
1.0 5.0 0.0842247 19.5926
1.0 5.0 0.0854112 19.5926
1.0 5.0 0.0781604 19.5926
1.0 5.0 0.0830022 19.5926
1.0 5.0 0.0809723 19.5926
1.0 5.0 0.085 19.5926
1.0 5.0 0.0616225 19.5926
1.0 5.0 0.086254 19.5926
1.0 5.0 0.0862957 19.5926
1.0 5.0 0.0816574 19.5926
1.0 5.0 0.077747 19.5926
1.0 5.0 0.0848701 19.5926
1.0 5.0 0.0843283 19.5926
1.0 5.0 0.0803132 19.5926
1.0 5.0 0.0802584 19.5926
1.0 5.0 0.0830426 19.5926
1.0 5.0 0.0831754 19.5926
1.0 5.0 0.086098 19.5926
1.0 5.0 0.0842973 19.5926
1.0 5.0 0.0849363 19.5926
1.0 5.0 0.080439 19.5926
1.0 5.0 0.0839383 19.5926
1.0 5.0 0.0836813 19.5926
1.0 5.0 0.0788394 19.5926
1.0 5.0 0.0614126 19.5926
1.0 5.0 0.079926 19.5926
1.0 5.0 0.0803284 19.5926
1.0 5.0 0.0796184 19.5926
1.0 5.0 0.0798857 19.5926
1.0 5.0 0.0799326 19.5926
1.0 5.0 0.085751 19.5926
1.0 5.0 0.0817619 19.5926
1.0 5.0 0.0818806 19.5926
1.0 5.0 0.080622 19.5926
1.0 5.0 0.0782841 19.5926
1.0 5.0 0.0776952 19.5926
1.0 5.0 0.0868709 19.5926
1.0 5.0 0.0852021 19.5926
1.0 5.0 0.0862581 19.5926
1.0 5.0 0.0787752 19.5926
1.0 5.0 0.0736711 19.5926
1.0 5.0 0.0792935 19.5926
1.0 5.0 0.0839946 19.5926
1.0 5.0 0.087416 19.5926
1.0 5.0 0.0556999 19.5926
1.0 7.0 0.0582051 19.5912
1.0 7.0 0.0418463 19.5912
1.0 7.0 0.0471703 19.5912
1.0 7.0 0.0378952 19.5912
1.0 7.0 0.0529951 19.5912
1.0 7.0 0.044798 19.5912
1.0 7.0 0.0586008 19.5912
1.0 7.0 0.0381301 19.5912
1.0 7.0 0.0599667 19.5912
1.0 7.0 0.0452435 19.5912
1.0 7.0 0.0610561 19.5912
1.0 7.0 0.0376401 19.5912
1.0 7.0 0.0432658 19.5912
1.0 7.0 0.0447634 19.5912
1.0 7.0 0.0566347 19.5912
1.0 7.0 0.059346 19.5912
1.0 7.0 0.0574419 19.5912
1.0 7.0 0.0434909 19.5912
1.0 7.0 0.0590338 19.5912
1.0 7.0 0.0581696 19.5912
1.0 7.0 0.0577251 19.5912
1.0 7.0 0.0507016 19.5912
1.0 7.0 0.060524 19.5912
1.0 7.0 0.0488612 19.5912
1.0 7.0 0.0440574 19.5912
1.0 7.0 0.0581676 19.5912
1.0 7.0 0.0482318 19.5912
1.0 7.0 0.0560225 19.5912
1.0 7.0 0.0395683 19.5912
1.0 7.0 0.0373549 19.5912
1.0 7.0 0.04997 19.5912
1.0 7.0 0.047199 19.5912
1.0 7.0 0.0575569 19.5912
1.0 7.0 0.050347 19.5912
1.0 7.0 0.0469654 19.5912
1.0 7.0 0.0577793 19.5912
1.0 7.0 0.0455824 19.5912
1.0 7.0 0.0382768 19.5912
1.0 7.0 0.0378122 19.5912
1.0 7.0 0.0577826 19.5912
1.0 7.0 0.0591028 19.5912
1.0 7.0 0.0416674 19.5912
1.0 7.0 0.0375987 19.5912
1.0 7.0 0.0369248 19.5912
1.0 7.0 0.06077 19.5912
1.0 7.0 0.0389477 19.5912
1.0 7.0 0.041318 19.5912
1.0 7.0 0.0530053 19.5912
1.0 7.0 0.0614103 19.5912
1.0 7.0 0.0574046 19.5912
1.0 8.0 0.0379506 19.5949
1.0 8.0 0.0490218 19.5949
1.0 8.0 0.0464444 19.5949
1.0 8.0 0.0539182 19.5949
1.0 8.0 0.0506413 19.5949
1.0 8.0 0.0456814 19.5949
1.0 8.0 0.0356481 19.5949
1.0 8.0 0.0519564 19.5949
1.0 8.0 0.0374778 19.5949
1.0 8.0 0.0533104 19.5949
1.0 8.0 0.0403039 19.5949
1.0 8.0 0.0529669 19.5949
1.0 8.0 0.0462607 19.5949
1.0 8.0 0.037732 19.5949
1.0 8.0 0.0357731 19.5949
1.0 8.0 0.0493291 19.5949
1.0 8.0 0.0357158 19.5949
1.0 8.0 0.048697 19.5949
1.0 8.0 0.0382169 19.5949
1.0 8.0 0.0539012 19.5949
1.0 8.0 0.0488253 19.5949
1.0 8.0 0.0347042 19.5949
1.0 8.0 0.0364259 19.5949
1.0 8.0 0.0448313 19.5949
1.0 8.0 0.0545324 19.5949
1.0 8.0 0.0543662 19.5949
1.0 8.0 0.0520069 19.5949
1.0 8.0 0.0410649 19.5949
1.0 8.0 0.0459734 19.5949
1.0 8.0 0.0433694 19.5949
1.0 8.0 0.0407133 19.5949
1.0 8.0 0.0488235 19.5949
1.0 8.0 0.035033 19.5949
1.0 8.0 0.0483283 19.5949
1.0 8.0 0.0389386 19.5949
1.0 8.0 0.0348853 19.5949
1.0 8.0 0.0513835 19.5949
1.0 8.0 0.0380696 19.5949
1.0 8.0 0.0386204 19.5949
1.0 8.0 0.0388265 19.5949
1.0 8.0 0.0551835 19.5949
1.0 8.0 0.0571864 19.5949
1.0 8.0 0.0458643 19.5949
1.0 8.0 0.0402021 19.5949
1.0 8.0 0.0428557 19.5949
1.0 8.0 0.0480884 19.5949
1.0 8.0 0.0422246 19.5949
1.0 8.0 0.0407109 19.5949
1.0 8.0 0.0536568 19.5949
1.0 8.0 0.0499257 19.5949
1.0 9.0 0.0523247 19.5889
1.0 9.0 0.0455738 19.5889
1.0 9.0 0.0445593 19.5889
1.0 9.0 0.0311272 19.5889
1.0 9.0 0.031585 19.5889
1.0 9.0 0.033431 19.5889
1.0 9.0 0.0462401 19.5889
1.0 9.0 0.0291615 19.5889
1.0 9.0 0.0314324 19.5889
1.0 9.0 0.0490741 19.5889
1.0 9.0 0.0456462 19.5889
1.0 9.0 0.0483972 19.5889
1.0 9.0 0.0486358 19.5889
1.0 9.0 0.0314302 19.5889
1.0 9.0 0.031375 19.5889
1.0 9.0 0.0298899 19.5889
1.0 9.0 0.0386975 19.5889
1.0 9.0 0.0461949 19.5889
1.0 9.0 0.0481035 19.5889
1.0 9.0 0.0442692 19.5889
1.0 9.0 0.0459073 19.5889
1.0 9.0 0.0488256 19.5889
1.0 9.0 0.0307919 19.5889
1.0 9.0 0.0315102 19.5889
1.0 9.0 0.030654 19.5889
1.0 9.0 0.0416256 19.5889
1.0 9.0 0.0271133 19.5889
1.0 9.0 0.0508406 19.5889
1.0 9.0 0.0452892 19.5889
1.0 9.0 0.0497414 19.5889
1.0 9.0 0.0453134 19.5889
1.0 9.0 0.0485826 19.5889
1.0 9.0 0.0504471 19.5889
1.0 9.0 0.0317487 19.5889
1.0 9.0 0.0514686 19.5889
1.0 9.0 0.0498449 19.5889
1.0 9.0 0.0516062 19.5889
1.0 9.0 0.0471168 19.5889
1.0 9.0 0.0428252 19.5889
1.0 9.0 0.0327671 19.5889
1.0 9.0 0.0313134 19.5889
1.0 9.0 0.0486817 19.5889
1.0 9.0 0.0330868 19.5889
1.0 9.0 0.0494796 19.5889
1.0 9.0 0.038572 19.5889
1.0 9.0 0.0317929 19.5889
1.0 9.0 0.0435922 19.5889
1.0 9.0 0.042395 19.5889
1.0 9.0 0.0319936 19.5889
1.0 9.0 0.0492371 19.5889
1.0 15.0 0.0289656 19.5926
1.0 15.0 0.0170164 19.5926
1.0 15.0 0.0210275 19.5926
1.0 15.0 0.0184712 19.5926
1.0 15.0 0.0284021 19.5926
1.0 15.0 0.0272041 19.5926
1.0 15.0 0.0204876 19.5926
1.0 15.0 0.0270966 19.5926
1.0 15.0 0.0219198 19.5926
1.0 15.0 0.0264871 19.5926
1.0 15.0 0.0256995 19.5926
1.0 15.0 0.0258051 19.5926
1.0 15.0 0.0229272 19.5926
1.0 15.0 0.0291005 19.5926
1.0 15.0 0.0279296 19.5926
1.0 15.0 0.0245523 19.5926
1.0 15.0 0.0268959 19.5926
1.0 15.0 0.0288176 19.5926
1.0 15.0 0.0292018 19.5926
1.0 15.0 0.0287506 19.5926
1.0 15.0 0.0310217 19.5926
1.0 15.0 0.0219596 19.5926
1.0 15.0 0.0265917 19.5926
1.0 15.0 0.0263629 19.5926
1.0 15.0 0.0252866 19.5926
1.0 15.0 0.0257754 19.5926
1.0 15.0 0.014772 19.5926
1.0 15.0 0.0265152 19.5926
1.0 15.0 0.0323501 19.5926
1.0 15.0 0.0257856 19.5926
1.0 15.0 0.0260202 19.5926
1.0 15.0 0.0209583 19.5926
1.0 15.0 0.0215934 19.5926
1.0 15.0 0.0213968 19.5926
1.0 15.0 0.0247107 19.5926
1.0 15.0 0.0213197 19.5926
1.0 15.0 0.0262145 19.5926
1.0 15.0 0.0271316 19.5926
1.0 15.0 0.0269341 19.5926
1.0 15.0 0.0226224 19.5926
1.0 15.0 0.0268722 19.5926
1.0 15.0 0.027105 19.5926
1.0 15.0 0.0270246 19.5926
1.0 15.0 0.0274054 19.5926
1.0 15.0 0.0277877 19.5926
1.0 15.0 0.021224 19.5926
1.0 15.0 0.0267085 19.5926
1.0 15.0 0.0271271 19.5926
1.0 15.0 0.0282033 19.5926
1.0 15.0 0.0232035 19.5926
1.0 16.0 0.0195982 19.5926
1.0 16.0 0.0213783 19.5926
1.0 16.0 0.0229181 19.5926
1.0 16.0 0.0300469 19.5926
1.0 16.0 0.0263696 19.5926
1.0 16.0 0.0243417 19.5926
1.0 16.0 0.0268538 19.5926
1.0 16.0 0.0250123 19.5926
1.0 16.0 0.0226018 19.5926
1.0 16.0 0.0223904 19.5926
1.0 16.0 0.0206633 19.5926
1.0 16.0 0.0271901 19.5926
1.0 16.0 0.0255252 19.5926
1.0 16.0 0.0296487 19.5926
1.0 16.0 0.0312114 19.5926
1.0 16.0 0.0237899 19.5926
1.0 16.0 0.0271932 19.5926
1.0 16.0 0.0328393 19.5926
1.0 16.0 0.0260551 19.5926
1.0 16.0 0.0262855 19.5926
1.0 16.0 0.0205002 19.5926
1.0 16.0 0.0300227 19.5926
1.0 16.0 0.0217571 19.5926
1.0 16.0 0.0311178 19.5926
1.0 16.0 0.0221189 19.5926
1.0 16.0 0.0240376 19.5926
1.0 16.0 0.0222929 19.5926
1.0 16.0 0.0236548 19.5926
1.0 16.0 0.0279238 19.5926
1.0 16.0 0.0222336 19.5926
1.0 16.0 0.0222002 19.5926
1.0 16.0 0.0294579 19.5926
1.0 16.0 0.0208331 19.5926
1.0 16.0 0.0224726 19.5926
1.0 16.0 0.0260311 19.5926
1.0 16.0 0.0292111 19.5926
1.0 16.0 0.0233671 19.5926
1.0 16.0 0.0244008 19.5926
1.0 16.0 0.027681 19.5926
1.0 16.0 0.0231757 19.5926
1.0 16.0 0.0241937 19.5926
1.0 16.0 0.0225254 19.5926
1.0 16.0 0.0236121 19.5926
1.0 16.0 0.0300744 19.5926
1.0 16.0 0.0268944 19.5926
1.0 16.0 0.0300227 19.5926
1.0 16.0 0.0248231 19.5926
1.0 16.0 0.02414 19.5926
1.0 16.0 0.0270268 19.5926
1.0 16.0 0.021788 19.5926
1.0 17.0 0.0198874 19.587
1.0 17.0 0.0229108 19.587
1.0 17.0 0.0197973 19.587
1.0 17.0 0.0201894 19.587
1.0 17.0 0.0185502 19.587
1.0 17.0 0.017704 19.587
1.0 17.0 0.0149031 19.587
1.0 17.0 0.0169522 19.587
1.0 17.0 0.0233995 19.587
1.0 17.0 0.0203927 19.587
1.0 17.0 0.0186721 19.587
1.0 17.0 0.0168294 19.587
1.0 17.0 0.0185648 19.587
1.0 17.0 0.0179575 19.587
1.0 17.0 0.0202573 19.587
1.0 17.0 0.0166324 19.587
1.0 17.0 0.0180912 19.587
1.0 17.0 0.0202383 19.587
1.0 17.0 0.0168069 19.587
1.0 17.0 0.0212587 19.587
1.0 17.0 0.0190663 19.587
1.0 17.0 0.0187853 19.587
1.0 17.0 0.0209814 19.587
1.0 17.0 0.0166051 19.587
1.0 17.0 0.0226018 19.587
1.0 17.0 0.0171326 19.587
1.0 17.0 0.022542 19.587
1.0 17.0 0.0230165 19.587
1.0 17.0 0.0229615 19.587
1.0 17.0 0.0218168 19.587
1.0 17.0 0.0181036 19.587
1.0 17.0 0.0170711 19.587
1.0 17.0 0.0213451 19.587
1.0 17.0 0.0204002 19.587
1.0 17.0 0.0226394 19.587
1.0 17.0 0.020407 19.587
1.0 17.0 0.0224745 19.587
1.0 17.0 0.0189599 19.587
1.0 17.0 0.0232525 19.587
1.0 17.0 0.0191381 19.587
1.0 17.0 0.0227881 19.587
1.0 17.0 0.0203528 19.587
1.0 17.0 0.0209533 19.587
1.0 17.0 0.0195175 19.587
1.0 17.0 0.0196278 19.587
1.0 17.0 0.0188549 19.587
1.0 17.0 0.0195492 19.587
1.0 17.0 0.016702 19.587
1.0 17.0 0.0231659 19.587
1.0 17.0 0.0197449 19.587
1.0 31.0 0.00907914 19.5872
1.0 31.0 0.0146377 19.5872
1.0 31.0 0.0136685 19.5872
1.0 31.0 0.0139519 19.5872
1.0 31.0 0.0168743 19.5872
1.0 31.0 0.0139046 19.5872
1.0 31.0 0.0134749 19.5872
1.0 31.0 0.014388 19.5872
1.0 31.0 0.0126945 19.5872
1.0 31.0 0.0125095 19.5872
1.0 31.0 0.0139519 19.5872
1.0 31.0 0.014439 19.5872
1.0 31.0 0.0138274 19.5872
1.0 31.0 0.0133834 19.5872
1.0 31.0 0.0130333 19.5872
1.0 31.0 0.0149272 19.5872
1.0 31.0 0.0138421 19.5872
1.0 31.0 0.0118305 19.5872
1.0 31.0 0.0127796 19.5872
1.0 31.0 0.0141128 19.5872
1.0 31.0 0.0150446 19.5872
1.0 31.0 0.012208 19.5872
1.0 31.0 0.0148934 19.5872
1.0 31.0 0.0134692 19.5872
1.0 31.0 0.0142672 19.5872
1.0 31.0 0.0136698 19.5872
1.0 31.0 0.0146555 19.5872
1.0 31.0 0.011038 19.5872
1.0 31.0 0.0136174 19.5872
1.0 31.0 0.012111 19.5872
1.0 31.0 0.0133286 19.5872
1.0 31.0 0.0127946 19.5872
1.0 31.0 0.0127461 19.5872
1.0 31.0 0.0124661 19.5872
1.0 31.0 0.0138114 19.5872
1.0 31.0 0.0124744 19.5872
1.0 31.0 0.00898824 19.5872
1.0 31.0 0.0145171 19.5872
1.0 31.0 0.00950494 19.5872
1.0 31.0 0.0142592 19.5872
1.0 31.0 0.0161141 19.5872
1.0 31.0 0.0147281 19.5872
1.0 31.0 0.0144869 19.5872
1.0 31.0 0.0141679 19.5872
1.0 31.0 0.0145381 19.5872
1.0 31.0 0.0123841 19.5872
1.0 31.0 0.0134798 19.5872
1.0 31.0 0.0133492 19.5872
1.0 31.0 0.0124752 19.5872
1.0 31.0 0.0136513 19.5872
1.0 32.0 0.0124758 19.5872
1.0 32.0 0.0125226 19.5872
1.0 32.0 0.0141566 19.5872
1.0 32.0 0.0125018 19.5872
1.0 32.0 0.0126012 19.5872
1.0 32.0 0.0142988 19.5872
1.0 32.0 0.0126399 19.5872
1.0 32.0 0.0141767 19.5872
1.0 32.0 0.0127548 19.5872
1.0 32.0 0.0125242 19.5872
1.0 32.0 0.012536 19.5872
1.0 32.0 0.0124802 19.5872
1.0 32.0 0.0142609 19.5872
1.0 32.0 0.0126141 19.5872
1.0 32.0 0.0125006 19.5872
1.0 32.0 0.0142202 19.5872
1.0 32.0 0.0129297 19.5872
1.0 32.0 0.0125479 19.5872
1.0 32.0 0.0125764 19.5872
1.0 32.0 0.0125744 19.5872
1.0 32.0 0.0130558 19.5872
1.0 32.0 0.0127039 19.5872
1.0 32.0 0.0131829 19.5872
1.0 32.0 0.0125327 19.5872
1.0 32.0 0.0125901 19.5872
1.0 32.0 0.0125024 19.5872
1.0 32.0 0.0125244 19.5872
1.0 32.0 0.0125076 19.5872
1.0 32.0 0.0147046 19.5872
1.0 32.0 0.0127612 19.5872
1.0 32.0 0.0132145 19.5872
1.0 32.0 0.0125361 19.5872
1.0 32.0 0.0125874 19.5872
1.0 32.0 0.0125159 19.5872
1.0 32.0 0.0125985 19.5872
1.0 32.0 0.0125998 19.5872
1.0 32.0 0.0125063 19.5872
1.0 32.0 0.0125177 19.5872
1.0 32.0 0.0124855 19.5872
1.0 32.0 0.0125409 19.5872
1.0 32.0 0.0125119 19.5872
1.0 32.0 0.0126472 19.5872
1.0 32.0 0.0125463 19.5872
1.0 32.0 0.0164178 19.5872
1.0 32.0 0.0125964 19.5872
1.0 32.0 0.0126531 19.5872
1.0 32.0 0.0125941 19.5872
1.0 32.0 0.0141812 19.5872
1.0 32.0 0.0141812 19.5872
1.0 32.0 0.0141812 19.5872
1.0 33.0 0.0125767 19.5872
1.0 33.0 0.0125207 19.5872
1.0 33.0 0.0125052 19.5872
1.0 33.0 0.0125225 19.5872
1.0 33.0 0.0125918 19.5872
1.0 33.0 0.0129242 19.5872
1.0 33.0 0.0129098 19.5872
1.0 33.0 0.0126143 19.5872
1.0 33.0 0.0125449 19.5872
1.0 33.0 0.0128694 19.5872
1.0 33.0 0.0124823 19.5872
1.0 33.0 0.012562 19.5872
1.0 33.0 0.0125933 19.5872
1.0 33.0 0.0125418 19.5872
1.0 33.0 0.0126909 19.5872
1.0 33.0 0.0125034 19.5872
1.0 33.0 0.00986627 19.5872
1.0 33.0 0.0126891 19.5872
1.0 33.0 0.0126036 19.5872
1.0 33.0 0.012874 19.5872
1.0 33.0 0.0126168 19.5872
1.0 33.0 0.012632 19.5872
1.0 33.0 0.0128978 19.5872
1.0 33.0 0.0125844 19.5872
1.0 33.0 0.0125696 19.5872
1.0 33.0 0.0125301 19.5872
1.0 33.0 0.0126139 19.5872
1.0 33.0 0.0124943 19.5872
1.0 33.0 0.0125654 19.5872
1.0 33.0 0.012715 19.5872
1.0 33.0 0.0126441 19.5872
1.0 33.0 0.0125255 19.5872
1.0 33.0 0.012463 19.5872
1.0 33.0 0.0144728 19.5872
1.0 33.0 0.0125293 19.5872
1.0 33.0 0.0124689 19.5872
1.0 33.0 0.0126205 19.5872
1.0 33.0 0.0125193 19.5872
1.0 33.0 0.0125134 19.5872
1.0 33.0 0.0125714 19.5872
1.0 33.0 0.012621 19.5872
1.0 33.0 0.0127134 19.5872
1.0 33.0 0.0128337 19.5872
1.0 33.0 0.0126589 19.5872
1.0 33.0 0.0125036 19.5872
1.0 33.0 0.0125968 19.5872
1.0 33.0 0.0125246 19.5872
1.0 33.0 0.0124904 19.5872
1.0 33.0 0.0131166 19.5872
1.0 33.0 0.0125235 19.5872
2.0 3.0 0.264348 -5.02058e-32
2.0 3.0 0.273282 -5.02058e-32
2.0 3.0 0.265708 -5.02058e-32
2.0 3.0 0.271993 -5.02058e-32
2.0 3.0 0.26516 -5.02058e-32
2.0 3.0 0.267468 -5.02058e-32
2.0 3.0 0.267716 -5.02058e-32
2.0 3.0 0.332716 -5.02058e-32
2.0 3.0 0.269608 -5.02058e-32
2.0 3.0 0.268947 -5.02058e-32
2.0 3.0 0.266402 -5.02058e-32
2.0 3.0 0.269202 -5.02058e-32
2.0 3.0 0.269127 -5.02058e-32
2.0 3.0 0.27222 -5.02058e-32
2.0 3.0 0.276471 -5.02058e-32
2.0 3.0 0.264475 -5.02058e-32
2.0 3.0 0.269946 -5.02058e-32
2.0 3.0 0.269643 -5.02058e-32
2.0 3.0 0.26982 -5.02058e-32
2.0 3.0 0.272524 -5.02058e-32
2.0 3.0 0.268343 -5.02058e-32
2.0 3.0 0.272563 -5.02058e-32
2.0 3.0 0.26837 -5.02058e-32
2.0 3.0 0.274979 -5.02058e-32
2.0 3.0 0.323486 -5.02058e-32
2.0 3.0 0.272523 -5.02058e-32
2.0 3.0 0.270054 -5.02058e-32
2.0 3.0 0.264311 -5.02058e-32
2.0 3.0 0.274929 -5.02058e-32
2.0 3.0 0.271088 -5.02058e-32
2.0 3.0 0.270777 -5.02058e-32
2.0 3.0 0.268919 -5.02058e-32
2.0 3.0 0.275614 -5.02058e-32
2.0 3.0 0.275524 -5.02058e-32
2.0 3.0 0.271623 -5.02058e-32
2.0 3.0 0.268447 -5.02058e-32
2.0 3.0 0.265404 -5.02058e-32
2.0 3.0 0.267646 -5.02058e-32
2.0 3.0 0.272046 -5.02058e-32
2.0 3.0 0.276937 -5.02058e-32
2.0 3.0 0.274011 -5.02058e-32
2.0 3.0 0.266579 -5.02058e-32
2.0 3.0 0.265073 -5.02058e-32
2.0 3.0 0.26642 -5.02058e-32
2.0 3.0 0.265057 -5.02058e-32
2.0 3.0 0.271366 -5.02058e-32
2.0 3.0 0.269536 -5.02058e-32
2.0 3.0 0.270967 -5.02058e-32
2.0 3.0 0.27169 -5.02058e-32
2.0 3.0 0.264572 -5.02058e-32
2.0 4.0 0.205296 -2.01644e-31
2.0 4.0 0.209782 -2.01644e-31
2.0 4.0 0.212209 -2.01644e-31
2.0 4.0 0.205183 -2.01644e-31
2.0 4.0 0.208824 -2.01644e-31
2.0 4.0 0.205042 -2.01644e-31
2.0 4.0 0.205624 -2.01644e-31
2.0 4.0 0.208884 -2.01644e-31
2.0 4.0 0.210638 -2.01644e-31
2.0 4.0 0.213959 -2.01644e-31
2.0 4.0 0.20903 -2.01644e-31
2.0 4.0 0.206193 -2.01644e-31
2.0 4.0 0.223241 -2.01644e-31
2.0 4.0 0.21005 -2.01644e-31
2.0 4.0 0.205496 -2.01644e-31
2.0 4.0 0.205423 -2.01644e-31
2.0 4.0 0.20558 -2.01644e-31
2.0 4.0 0.211263 -2.01644e-31
2.0 4.0 0.208583 -2.01644e-31
2.0 4.0 0.205246 -2.01644e-31
2.0 4.0 0.206341 -2.01644e-31
2.0 4.0 0.21165 -2.01644e-31
2.0 4.0 0.205051 -2.01644e-31
2.0 4.0 0.208001 -2.01644e-31
2.0 4.0 0.21301 -2.01644e-31
2.0 4.0 0.223882 -2.01644e-31
2.0 4.0 0.205979 -2.01644e-31
2.0 4.0 0.208992 -2.01644e-31
2.0 4.0 0.213613 -2.01644e-31
2.0 4.0 0.205454 -2.01644e-31
2.0 4.0 0.20965 -2.01644e-31
2.0 4.0 0.207282 -2.01644e-31
2.0 4.0 0.224809 -2.01644e-31
2.0 4.0 0.209589 -2.01644e-31
2.0 4.0 0.209312 -2.01644e-31
2.0 4.0 0.212009 -2.01644e-31
2.0 4.0 0.206199 -2.01644e-31
2.0 4.0 0.211591 -2.01644e-31
2.0 4.0 0.207581 -2.01644e-31
2.0 4.0 0.211492 -2.01644e-31
2.0 4.0 0.209043 -2.01644e-31
2.0 4.0 0.207316 -2.01644e-31
2.0 4.0 0.22364 -2.01644e-31
2.0 4.0 0.20649 -2.01644e-31
2.0 4.0 0.212525 -2.01644e-31
2.0 4.0 0.2055 -2.01644e-31
2.0 4.0 0.205118 -2.01644e-31
2.0 4.0 0.206301 -2.01644e-31
2.0 4.0 0.2121 -2.01644e-31
2.0 4.0 0.213012 -2.01644e-31
2.0 5.0 0.185416 -0.0
2.0 5.0 0.160108 -0.0
2.0 5.0 0.0923667 -0.0
2.0 5.0 0.176496 -0.0
2.0 5.0 0.164139 -0.0
2.0 5.0 0.17302 -0.0
2.0 5.0 0.164812 -0.0
2.0 5.0 0.168018 -0.0
2.0 5.0 0.18221 -0.0
2.0 5.0 0.0935626 -0.0
2.0 5.0 0.17935 -0.0
2.0 5.0 0.0852917 -0.0
2.0 5.0 0.179769 -0.0
2.0 5.0 0.102658 -0.0
2.0 5.0 0.183519 -0.0
2.0 5.0 0.181995 -0.0
2.0 5.0 0.179678 -0.0
2.0 5.0 0.166022 -0.0
2.0 5.0 0.182679 -0.0
2.0 5.0 0.181533 -0.0
2.0 5.0 0.0901084 -0.0
2.0 5.0 0.0882764 -0.0
2.0 5.0 0.182693 -0.0
2.0 5.0 0.181215 -0.0
2.0 5.0 0.173185 -0.0
2.0 5.0 0.181019 -0.0
2.0 5.0 0.170709 -0.0
2.0 5.0 0.103258 -0.0
2.0 5.0 0.174065 -0.0
2.0 5.0 0.169408 -0.0
2.0 5.0 0.174554 -0.0
2.0 5.0 0.175791 -0.0
2.0 5.0 0.0927652 -0.0
2.0 5.0 0.181604 -0.0
2.0 5.0 0.173051 -0.0
2.0 5.0 0.179561 -0.0
2.0 5.0 0.173872 -0.0
2.0 5.0 0.172436 -0.0
2.0 5.0 0.164236 -0.0
2.0 5.0 0.0951205 -0.0
2.0 5.0 0.107928 -0.0
2.0 5.0 0.164384 -0.0
2.0 5.0 0.175152 -0.0
2.0 5.0 0.163657 -0.0
2.0 5.0 0.170526 -0.0
2.0 5.0 0.182811 -0.0
2.0 5.0 0.175439 -0.0
2.0 5.0 0.100588 -0.0
2.0 5.0 0.181202 -0.0
2.0 5.0 0.18166 -0.0
2.0 7.0 0.152169 -2.01644e-31
2.0 7.0 0.157305 -2.01644e-31
2.0 7.0 0.119564 -2.01644e-31
2.0 7.0 0.152411 -2.01644e-31
2.0 7.0 0.120084 -2.01644e-31
2.0 7.0 0.0986028 -2.01644e-31
2.0 7.0 0.155701 -2.01644e-31
2.0 7.0 0.153726 -2.01644e-31
2.0 7.0 0.117857 -2.01644e-31
2.0 7.0 0.150231 -2.01644e-31
2.0 7.0 0.154391 -2.01644e-31
2.0 7.0 0.141478 -2.01644e-31
2.0 7.0 0.150655 -2.01644e-31
2.0 7.0 0.152634 -2.01644e-31
2.0 7.0 0.153879 -2.01644e-31
2.0 7.0 0.0973863 -2.01644e-31
2.0 7.0 0.119858 -2.01644e-31
2.0 7.0 0.099824 -2.01644e-31
2.0 7.0 0.150574 -2.01644e-31
2.0 7.0 0.154644 -2.01644e-31
2.0 7.0 0.11765 -2.01644e-31
2.0 7.0 0.154766 -2.01644e-31
2.0 7.0 0.0960541 -2.01644e-31
2.0 7.0 0.156788 -2.01644e-31
2.0 7.0 0.153546 -2.01644e-31
2.0 7.0 0.10211 -2.01644e-31
2.0 7.0 0.1489 -2.01644e-31
2.0 7.0 0.108763 -2.01644e-31
2.0 7.0 0.102965 -2.01644e-31
2.0 7.0 0.107167 -2.01644e-31
2.0 7.0 0.153165 -2.01644e-31
2.0 7.0 0.157098 -2.01644e-31
2.0 7.0 0.157253 -2.01644e-31
2.0 7.0 0.151441 -2.01644e-31
2.0 7.0 0.115513 -2.01644e-31
2.0 7.0 0.152319 -2.01644e-31
2.0 7.0 0.102418 -2.01644e-31
2.0 7.0 0.104214 -2.01644e-31
2.0 7.0 0.157183 -2.01644e-31
2.0 7.0 0.155465 -2.01644e-31
2.0 7.0 0.0999743 -2.01644e-31
2.0 7.0 0.116707 -2.01644e-31
2.0 7.0 0.0986746 -2.01644e-31
2.0 7.0 0.117265 -2.01644e-31
2.0 7.0 0.156207 -2.01644e-31
2.0 7.0 0.147148 -2.01644e-31
2.0 7.0 0.155158 -2.01644e-31
2.0 7.0 0.113902 -2.01644e-31
2.0 7.0 0.0981928 -2.01644e-31
2.0 7.0 0.153485 -2.01644e-31
2.0 8.0 0.120242 -3.2446e-22
2.0 8.0 0.0951172 -3.2446e-22
2.0 8.0 0.0874483 -3.2446e-22
2.0 8.0 0.0856881 -3.2446e-22
2.0 8.0 0.125137 -3.2446e-22
2.0 8.0 0.0864635 -3.2446e-22
2.0 8.0 0.107659 -3.2446e-22
2.0 8.0 0.0859559 -3.2446e-22
2.0 8.0 0.0909973 -3.2446e-22
2.0 8.0 0.12598 -3.2446e-22
2.0 8.0 0.0973087 -3.2446e-22
2.0 8.0 0.0861641 -3.2446e-22
2.0 8.0 0.129987 -3.2446e-22
2.0 8.0 0.087973 -3.2446e-22
2.0 8.0 0.129239 -3.2446e-22
2.0 8.0 0.0922734 -3.2446e-22
2.0 8.0 0.0846228 -3.2446e-22
2.0 8.0 0.084237 -3.2446e-22
2.0 8.0 0.0900209 -3.2446e-22
2.0 8.0 0.0985938 -3.2446e-22
2.0 8.0 0.125502 -3.2446e-22
2.0 8.0 0.0892402 -3.2446e-22
2.0 8.0 0.104417 -3.2446e-22
2.0 8.0 0.086622 -3.2446e-22
2.0 8.0 0.0874307 -3.2446e-22
2.0 8.0 0.129412 -3.2446e-22
2.0 8.0 0.0957172 -3.2446e-22
2.0 8.0 0.0834963 -3.2446e-22
2.0 8.0 0.0862467 -3.2446e-22
2.0 8.0 0.0950999 -3.2446e-22
2.0 8.0 0.102877 -3.2446e-22
2.0 8.0 0.0841994 -3.2446e-22
2.0 8.0 0.0843433 -3.2446e-22
2.0 8.0 0.106186 -3.2446e-22
2.0 8.0 0.124096 -3.2446e-22
2.0 8.0 0.0851881 -3.2446e-22
2.0 8.0 0.0850704 -3.2446e-22
2.0 8.0 0.085884 -3.2446e-22
2.0 8.0 0.0827449 -3.2446e-22
2.0 8.0 0.106663 -3.2446e-22
2.0 8.0 0.086335 -3.2446e-22
2.0 8.0 0.0947908 -3.2446e-22
2.0 8.0 0.125201 -3.2446e-22
2.0 8.0 0.107756 -3.2446e-22
2.0 8.0 0.126782 -3.2446e-22
2.0 8.0 0.107013 -3.2446e-22
2.0 8.0 0.0844233 -3.2446e-22
2.0 8.0 0.105567 -3.2446e-22
2.0 8.0 0.129815 -3.2446e-22
2.0 8.0 0.130544 -3.2446e-22
2.0 9.0 0.0547608 -0.0
2.0 9.0 0.0546149 -0.0
2.0 9.0 0.0563731 -0.0
2.0 9.0 0.0536319 -0.0
2.0 9.0 0.0538394 -0.0
2.0 9.0 0.057687 -0.0
2.0 9.0 0.0559248 -0.0
2.0 9.0 0.0525306 -0.0
2.0 9.0 0.055315 -0.0
2.0 9.0 0.0382487 -0.0
2.0 9.0 0.0530829 -0.0
2.0 9.0 0.0525467 -0.0
2.0 9.0 0.026639 -0.0
2.0 9.0 0.055469 -0.0
2.0 9.0 0.0295769 -0.0
2.0 9.0 0.0572337 -0.0
2.0 9.0 0.0546733 -0.0
2.0 9.0 0.0560989 -0.0
2.0 9.0 0.0264895 -0.0
2.0 9.0 0.0387488 -0.0
2.0 9.0 0.0266657 -0.0
2.0 9.0 0.0511698 -0.0
2.0 9.0 0.0541308 -0.0
2.0 9.0 0.0262997 -0.0
2.0 9.0 0.0538612 -0.0
2.0 9.0 0.0238551 -0.0
2.0 9.0 0.0522821 -0.0
2.0 9.0 0.0271721 -0.0
2.0 9.0 0.0227009 -0.0
2.0 9.0 0.0537881 -0.0
2.0 9.0 0.0536594 -0.0
2.0 9.0 0.0554341 -0.0
2.0 9.0 0.026303 -0.0
2.0 9.0 0.0519192 -0.0
2.0 9.0 0.0563755 -0.0
2.0 9.0 0.0526426 -0.0
2.0 9.0 0.0566066 -0.0
2.0 9.0 0.0524679 -0.0
2.0 9.0 0.0416359 -0.0
2.0 9.0 0.0544345 -0.0
2.0 9.0 0.0528287 -0.0
2.0 9.0 0.051686 -0.0
2.0 9.0 0.056207 -0.0
2.0 9.0 0.0531953 -0.0
2.0 9.0 0.0368523 -0.0
2.0 9.0 0.0542468 -0.0
2.0 9.0 0.0530465 -0.0
2.0 9.0 0.0418593 -0.0
2.0 9.0 0.052985 -0.0
2.0 9.0 0.0427629 -0.0
2.0 15.0 0.0467451 -3.93126e-16
2.0 15.0 0.0462791 -3.93126e-16
2.0 15.0 0.0395228 -3.93126e-16
2.0 15.0 0.0487545 -3.93126e-16
2.0 15.0 0.0481165 -3.93126e-16
2.0 15.0 0.0469988 -3.93126e-16
2.0 15.0 0.0461792 -3.93126e-16
2.0 15.0 0.0475194 -3.93126e-16
2.0 15.0 0.0456176 -3.93126e-16
2.0 15.0 0.0474974 -3.93126e-16
2.0 15.0 0.0453948 -3.93126e-16
2.0 15.0 0.0303504 -3.93126e-16
2.0 15.0 0.0480986 -3.93126e-16
2.0 15.0 0.0442742 -3.93126e-16
2.0 15.0 0.0346826 -3.93126e-16
2.0 15.0 0.0472437 -3.93126e-16
2.0 15.0 0.0422852 -3.93126e-16
2.0 15.0 0.0392762 -3.93126e-16
2.0 15.0 0.0481452 -3.93126e-16
2.0 15.0 0.0482202 -3.93126e-16
2.0 15.0 0.0473663 -3.93126e-16
2.0 15.0 0.0449744 -3.93126e-16
2.0 15.0 0.0483118 -3.93126e-16
2.0 15.0 0.0482664 -3.93126e-16
2.0 15.0 0.046356 -3.93126e-16
2.0 15.0 0.0496749 -3.93126e-16
2.0 15.0 0.0483616 -3.93126e-16
2.0 15.0 0.0477105 -3.93126e-16
2.0 15.0 0.0480288 -3.93126e-16
2.0 15.0 0.0308575 -3.93126e-16
2.0 15.0 0.0419738 -3.93126e-16
2.0 15.0 0.0382161 -3.93126e-16
2.0 15.0 0.0331531 -3.93126e-16
2.0 15.0 0.0486735 -3.93126e-16
2.0 15.0 0.047831 -3.93126e-16
2.0 15.0 0.036543 -3.93126e-16
2.0 15.0 0.0390399 -3.93126e-16
2.0 15.0 0.0351699 -3.93126e-16
2.0 15.0 0.0468933 -3.93126e-16
2.0 15.0 0.0496372 -3.93126e-16
2.0 15.0 0.0409895 -3.93126e-16
2.0 15.0 0.0496876 -3.93126e-16
2.0 15.0 0.0473038 -3.93126e-16
2.0 15.0 0.0366968 -3.93126e-16
2.0 15.0 0.0420863 -3.93126e-16
2.0 15.0 0.0463939 -3.93126e-16
2.0 15.0 0.0372128 -3.93126e-16
2.0 15.0 0.0479551 -3.93126e-16
2.0 15.0 0.0469341 -3.93126e-16
2.0 15.0 0.0470145 -3.93126e-16
2.0 16.0 0.0475802 -3.93126e-16
2.0 16.0 0.0313922 -3.93126e-16
2.0 16.0 0.0460553 -3.93126e-16
2.0 16.0 0.0360565 -3.93126e-16
2.0 16.0 0.0410852 -3.93126e-16
2.0 16.0 0.0375781 -3.93126e-16
2.0 16.0 0.0368389 -3.93126e-16
2.0 16.0 0.0483397 -3.93126e-16
2.0 16.0 0.0351396 -3.93126e-16
2.0 16.0 0.0417763 -3.93126e-16
2.0 16.0 0.0354353 -3.93126e-16
2.0 16.0 0.0520528 -3.93126e-16
2.0 16.0 0.0544186 -3.93126e-16
2.0 16.0 0.0439874 -3.93126e-16
2.0 16.0 0.0432282 -3.93126e-16
2.0 16.0 0.0510939 -3.93126e-16
2.0 16.0 0.0496555 -3.93126e-16
2.0 16.0 0.0477459 -3.93126e-16
2.0 16.0 0.0508151 -3.93126e-16
2.0 16.0 0.0468593 -3.93126e-16
2.0 16.0 0.0370906 -3.93126e-16
2.0 16.0 0.0518242 -3.93126e-16
2.0 16.0 0.0358267 -3.93126e-16
2.0 16.0 0.0363945 -3.93126e-16
2.0 16.0 0.0402569 -3.93126e-16
2.0 16.0 0.0470569 -3.93126e-16
2.0 16.0 0.0357241 -3.93126e-16
2.0 16.0 0.0338234 -3.93126e-16
2.0 16.0 0.0402709 -3.93126e-16
2.0 16.0 0.0377882 -3.93126e-16
2.0 16.0 0.039735 -3.93126e-16
2.0 16.0 0.0467291 -3.93126e-16
2.0 16.0 0.0328504 -3.93126e-16
2.0 16.0 0.0488608 -3.93126e-16
2.0 16.0 0.0360774 -3.93126e-16
2.0 16.0 0.0543852 -3.93126e-16
2.0 16.0 0.0366402 -3.93126e-16
2.0 16.0 0.0499422 -3.93126e-16
2.0 16.0 0.0345877 -3.93126e-16
2.0 16.0 0.0371635 -3.93126e-16
2.0 16.0 0.0466132 -3.93126e-16
2.0 16.0 0.0378125 -3.93126e-16
2.0 16.0 0.045218 -3.93126e-16
2.0 16.0 0.0422122 -3.93126e-16
2.0 16.0 0.0529522 -3.93126e-16
2.0 16.0 0.0481023 -3.93126e-16
2.0 16.0 0.0350944 -3.93126e-16
2.0 16.0 0.0497231 -3.93126e-16
2.0 16.0 0.0503948 -3.93126e-16
2.0 16.0 0.0453111 -3.93126e-16
2.0 17.0 0.0389663 -4.9322e-17
2.0 17.0 0.0355102 -4.9322e-17
2.0 17.0 0.037378 -4.9322e-17
2.0 17.0 0.0276991 -4.9322e-17
2.0 17.0 0.0402906 -4.9322e-17
2.0 17.0 0.0396305 -4.9322e-17
2.0 17.0 0.0380908 -4.9322e-17
2.0 17.0 0.0280618 -4.9322e-17
2.0 17.0 0.0400663 -4.9322e-17
2.0 17.0 0.0345123 -4.9322e-17
2.0 17.0 0.0235351 -4.9322e-17
2.0 17.0 0.0360906 -4.9322e-17
2.0 17.0 0.0371539 -4.9322e-17
2.0 17.0 0.0414322 -4.9322e-17
2.0 17.0 0.0388864 -4.9322e-17
2.0 17.0 0.0324972 -4.9322e-17
2.0 17.0 0.0303428 -4.9322e-17
2.0 17.0 0.0334482 -4.9322e-17
2.0 17.0 0.0291469 -4.9322e-17
2.0 17.0 0.0334502 -4.9322e-17
2.0 17.0 0.0469342 -4.9322e-17
2.0 17.0 0.0404175 -4.9322e-17
2.0 17.0 0.0349107 -4.9322e-17
2.0 17.0 0.0353005 -4.9322e-17
2.0 17.0 0.030778 -4.9322e-17
2.0 17.0 0.0436565 -4.9322e-17
2.0 17.0 0.0327555 -4.9322e-17
2.0 17.0 0.0349094 -4.9322e-17
2.0 17.0 0.040055 -4.9322e-17
2.0 17.0 0.0417397 -4.9322e-17
2.0 17.0 0.0394917 -4.9322e-17
2.0 17.0 0.0362343 -4.9322e-17
2.0 17.0 0.0396634 -4.9322e-17
2.0 17.0 0.039876 -4.9322e-17
2.0 17.0 0.0368907 -4.9322e-17
2.0 17.0 0.0401223 -4.9322e-17
2.0 17.0 0.0400219 -4.9322e-17
2.0 17.0 0.0390217 -4.9322e-17
2.0 17.0 0.0417175 -4.9322e-17
2.0 17.0 0.0398719 -4.9322e-17
2.0 17.0 0.0396879 -4.9322e-17
2.0 17.0 0.0309464 -4.9322e-17
2.0 17.0 0.0310041 -4.9322e-17
2.0 17.0 0.0319703 -4.9322e-17
2.0 17.0 0.0379697 -4.9322e-17
2.0 17.0 0.029037 -4.9322e-17
2.0 17.0 0.0417459 -4.9322e-17
2.0 17.0 0.0294527 -4.9322e-17
2.0 17.0 0.026037 -4.9322e-17
2.0 17.0 0.0332336 -4.9322e-17
2.0 31.0 0.0287263 -5.20211e-17
2.0 31.0 0.0226961 -5.20211e-17
2.0 31.0 0.0282729 -5.20211e-17
2.0 31.0 0.0263111 -5.20211e-17
2.0 31.0 0.0179629 -5.20211e-17
2.0 31.0 0.0267616 -5.20211e-17
2.0 31.0 0.0271837 -5.20211e-17
2.0 31.0 0.0258572 -5.20211e-17
2.0 31.0 0.0195204 -5.20211e-17
2.0 31.0 0.0197084 -5.20211e-17
2.0 31.0 0.027925 -5.20211e-17
2.0 31.0 0.0190949 -5.20211e-17
2.0 31.0 0.0256476 -5.20211e-17
2.0 31.0 0.0197344 -5.20211e-17
2.0 31.0 0.0205682 -5.20211e-17
2.0 31.0 0.0208643 -5.20211e-17
2.0 31.0 0.0226959 -5.20211e-17
2.0 31.0 0.0216971 -5.20211e-17
2.0 31.0 0.0223319 -5.20211e-17
2.0 31.0 0.0200021 -5.20211e-17
2.0 31.0 0.0245841 -5.20211e-17
2.0 31.0 0.0205618 -5.20211e-17
2.0 31.0 0.0210616 -5.20211e-17
2.0 31.0 0.0273963 -5.20211e-17
2.0 31.0 0.02562 -5.20211e-17
2.0 31.0 0.0204217 -5.20211e-17
2.0 31.0 0.0281178 -5.20211e-17
2.0 31.0 0.0249059 -5.20211e-17
2.0 31.0 0.0291148 -5.20211e-17
2.0 31.0 0.020002 -5.20211e-17
2.0 31.0 0.0267275 -5.20211e-17
2.0 31.0 0.0207115 -5.20211e-17
2.0 31.0 0.0183068 -5.20211e-17
2.0 31.0 0.0268524 -5.20211e-17
2.0 31.0 0.0257718 -5.20211e-17
2.0 31.0 0.0213668 -5.20211e-17
2.0 31.0 0.0193737 -5.20211e-17
2.0 31.0 0.0255292 -5.20211e-17
2.0 31.0 0.0193012 -5.20211e-17
2.0 31.0 0.0216892 -5.20211e-17
2.0 31.0 0.0292993 -5.20211e-17
2.0 31.0 0.026574 -5.20211e-17
2.0 31.0 0.020933 -5.20211e-17
2.0 31.0 0.0279377 -5.20211e-17
2.0 31.0 0.0245271 -5.20211e-17
2.0 31.0 0.0260129 -5.20211e-17
2.0 31.0 0.0277998 -5.20211e-17
2.0 31.0 0.019008 -5.20211e-17
2.0 31.0 0.0208558 -5.20211e-17
2.0 31.0 0.0263245 -5.20211e-17
2.0 32.0 0.0220316 -5.20211e-17
2.0 32.0 0.021472 -5.20211e-17
2.0 32.0 0.0224248 -5.20211e-17
2.0 32.0 0.0256136 -5.20211e-17
2.0 32.0 0.0199447 -5.20211e-17
2.0 32.0 0.0227968 -5.20211e-17
2.0 32.0 0.0198345 -5.20211e-17
2.0 32.0 0.0224034 -5.20211e-17
2.0 32.0 0.0222788 -5.20211e-17
2.0 32.0 0.019994 -5.20211e-17
2.0 32.0 0.0265141 -5.20211e-17
2.0 32.0 0.02236 -5.20211e-17
2.0 32.0 0.0230338 -5.20211e-17
2.0 32.0 0.0224008 -5.20211e-17
2.0 32.0 0.022521 -5.20211e-17
2.0 32.0 0.0224492 -5.20211e-17
2.0 32.0 0.0227039 -5.20211e-17
2.0 32.0 0.0225698 -5.20211e-17
2.0 32.0 0.0217454 -5.20211e-17
2.0 32.0 0.022036 -5.20211e-17
2.0 32.0 0.0226092 -5.20211e-17
2.0 32.0 0.0222254 -5.20211e-17
2.0 32.0 0.0221853 -5.20211e-17
2.0 32.0 0.0227895 -5.20211e-17
2.0 32.0 0.0225059 -5.20211e-17
2.0 32.0 0.0229131 -5.20211e-17
2.0 32.0 0.0225251 -5.20211e-17
2.0 32.0 0.0267363 -5.20211e-17
2.0 32.0 0.0240665 -5.20211e-17
2.0 32.0 0.0230208 -5.20211e-17
2.0 32.0 0.023131 -5.20211e-17
2.0 32.0 0.0228732 -5.20211e-17
2.0 32.0 0.0197615 -5.20211e-17
2.0 32.0 0.0223956 -5.20211e-17
2.0 32.0 0.0229214 -5.20211e-17
2.0 32.0 0.0222166 -5.20211e-17
2.0 32.0 0.0220234 -5.20211e-17
2.0 32.0 0.0227381 -5.20211e-17
2.0 32.0 0.0224244 -5.20211e-17
2.0 32.0 0.0223691 -5.20211e-17
2.0 32.0 0.0220947 -5.20211e-17
2.0 32.0 0.0224947 -5.20211e-17
2.0 32.0 0.0299618 -5.20211e-17
2.0 32.0 0.0221279 -5.20211e-17
2.0 32.0 0.0239781 -5.20211e-17
2.0 32.0 0.0222772 -5.20211e-17
2.0 32.0 0.0224051 -5.20211e-17
2.0 32.0 0.0197743 -5.20211e-17
2.0 32.0 0.0221333 -5.20211e-17
2.0 32.0 0.0221333 -5.20211e-17
2.0 33.0 0.0219233 -5.20211e-17
2.0 33.0 0.0213409 -5.20211e-17
2.0 33.0 0.0208328 -5.20211e-17
2.0 33.0 0.0214302 -5.20211e-17
2.0 33.0 0.0213496 -5.20211e-17
2.0 33.0 0.0199359 -5.20211e-17
2.0 33.0 0.0213511 -5.20211e-17
2.0 33.0 0.02155 -5.20211e-17
2.0 33.0 0.0212436 -5.20211e-17
2.0 33.0 0.0198029 -5.20211e-17
2.0 33.0 0.0200042 -5.20211e-17
2.0 33.0 0.0201417 -5.20211e-17
2.0 33.0 0.020051 -5.20211e-17
2.0 33.0 0.0207076 -5.20211e-17
2.0 33.0 0.0216247 -5.20211e-17
2.0 33.0 0.0214231 -5.20211e-17
2.0 33.0 0.0217211 -5.20211e-17
2.0 33.0 0.0207853 -5.20211e-17
2.0 33.0 0.0216075 -5.20211e-17
2.0 33.0 0.0215958 -5.20211e-17
2.0 33.0 0.0217001 -5.20211e-17
2.0 33.0 0.0212199 -5.20211e-17
2.0 33.0 0.0250887 -5.20211e-17
2.0 33.0 0.0216523 -5.20211e-17
2.0 33.0 0.021363 -5.20211e-17
2.0 33.0 0.0218952 -5.20211e-17
2.0 33.0 0.0214518 -5.20211e-17
2.0 33.0 0.0214546 -5.20211e-17
2.0 33.0 0.020734 -5.20211e-17
2.0 33.0 0.0218892 -5.20211e-17
2.0 33.0 0.0199243 -5.20211e-17
2.0 33.0 0.0209492 -5.20211e-17
2.0 33.0 0.0216845 -5.20211e-17
2.0 33.0 0.0214633 -5.20211e-17
2.0 33.0 0.0209734 -5.20211e-17
2.0 33.0 0.0198689 -5.20211e-17
2.0 33.0 0.0234866 -5.20211e-17
2.0 33.0 0.0211385 -5.20211e-17
2.0 33.0 0.0199938 -5.20211e-17
2.0 33.0 0.0209744 -5.20211e-17
2.0 33.0 0.02015 -5.20211e-17
2.0 33.0 0.0203838 -5.20211e-17
2.0 33.0 0.0217938 -5.20211e-17
2.0 33.0 0.0216624 -5.20211e-17
2.0 33.0 0.0216849 -5.20211e-17
2.0 33.0 0.0221244 -5.20211e-17
2.0 33.0 0.0197759 -5.20211e-17
2.0 33.0 0.0200214 -5.20211e-17
2.0 33.0 0.0246646 -5.20211e-17
2.0 33.0 0.0246646 -5.20211e-17
3.0 3.0 0.041607 70.7066
3.0 3.0 0.042999 70.7066
3.0 3.0 0.0415052 70.7066
3.0 3.0 0.043622 70.7066
3.0 3.0 0.0412804 70.7066
3.0 3.0 0.0434775 70.7066
3.0 3.0 0.0433236 70.7066
3.0 3.0 0.0427674 70.7066
3.0 3.0 0.0432673 70.7066
3.0 3.0 0.0435435 70.7066
3.0 3.0 0.0418118 70.7066
3.0 3.0 0.0453075 70.7066
3.0 3.0 0.041137 70.7066
3.0 3.0 0.0429641 70.7066
3.0 3.0 0.043079 70.7066
3.0 3.0 0.0496598 70.7066
3.0 3.0 0.0434133 70.7066
3.0 3.0 0.0418315 70.7066
3.0 3.0 0.0414368 70.7066
3.0 3.0 0.0437476 70.7066
3.0 3.0 0.0416422 70.7066
3.0 3.0 0.0416354 70.7066
3.0 3.0 0.0448191 70.7066
3.0 3.0 0.0495174 70.7066
3.0 3.0 0.0409994 70.7066
3.0 3.0 0.042477 70.7066
3.0 3.0 0.0430443 70.7066
3.0 3.0 0.0411249 70.7066
3.0 3.0 0.0434279 70.7066
3.0 3.0 0.0412005 70.7066
3.0 3.0 0.0446027 70.7066
3.0 3.0 0.0432212 70.7066
3.0 3.0 0.0409341 70.7066
3.0 3.0 0.0411873 70.7066
3.0 3.0 0.043082 70.7066
3.0 3.0 0.0414435 70.7066
3.0 3.0 0.0439858 70.7066
3.0 3.0 0.0415207 70.7066
3.0 3.0 0.041518 70.7066
3.0 3.0 0.0413637 70.7066
3.0 3.0 0.0424391 70.7066
3.0 3.0 0.042823 70.7066
3.0 3.0 0.0418272 70.7066
3.0 3.0 0.0432106 70.7066
3.0 3.0 0.0419119 70.7066
3.0 3.0 0.0416407 70.7066
3.0 3.0 0.0432706 70.7066
3.0 3.0 0.0433788 70.7066
3.0 3.0 0.041271 70.7066
3.0 3.0 0.0424222 70.7066
3.0 4.0 0.0343507 70.7066
3.0 4.0 0.0346588 70.7066
3.0 4.0 0.0341009 70.7066
3.0 4.0 0.0340485 70.7066
3.0 4.0 0.0345982 70.7066
3.0 4.0 0.0345263 70.7066
3.0 4.0 0.0342382 70.7066
3.0 4.0 0.0348377 70.7066
3.0 4.0 0.0340601 70.7066
3.0 4.0 0.034199 70.7066
3.0 4.0 0.0340335 70.7066
3.0 4.0 0.0347567 70.7066
3.0 4.0 0.0341558 70.7066
3.0 4.0 0.0340831 70.7066
3.0 4.0 0.0347108 70.7066
3.0 4.0 0.0340321 70.7066
3.0 4.0 0.0343951 70.7066
3.0 4.0 0.0344769 70.7066
3.0 4.0 0.0345563 70.7066
3.0 4.0 0.0392643 70.7066
3.0 4.0 0.0341529 70.7066
3.0 4.0 0.0344509 70.7066
3.0 4.0 0.0344928 70.7066
3.0 4.0 0.0365693 70.7066
3.0 4.0 0.0341023 70.7066
3.0 4.0 0.0346487 70.7066
3.0 4.0 0.0341356 70.7066
3.0 4.0 0.0338944 70.7066
3.0 4.0 0.034758 70.7066
3.0 4.0 0.0337861 70.7066
3.0 4.0 0.0347187 70.7066
3.0 4.0 0.0340438 70.7066
3.0 4.0 0.0367647 70.7066
3.0 4.0 0.0346497 70.7066
3.0 4.0 0.0359916 70.7066
3.0 4.0 0.0340708 70.7066
3.0 4.0 0.0350531 70.7066
3.0 4.0 0.0343945 70.7066
3.0 4.0 0.0339884 70.7066
3.0 4.0 0.0343537 70.7066
3.0 4.0 0.0340288 70.7066
3.0 4.0 0.0343154 70.7066
3.0 4.0 0.0345882 70.7066
3.0 4.0 0.0340812 70.7066
3.0 4.0 0.0340661 70.7066
3.0 4.0 0.0341598 70.7066
3.0 4.0 0.0341817 70.7066
3.0 4.0 0.0342768 70.7066
3.0 4.0 0.0343469 70.7066
3.0 4.0 0.0341597 70.7066
3.0 5.0 0.0481972 70.7066
3.0 5.0 0.0393684 70.7066
3.0 5.0 0.0476196 70.7066
3.0 5.0 0.045198 70.7066
3.0 5.0 0.0476664 70.7066
3.0 5.0 0.0485838 70.7066
3.0 5.0 0.0456236 70.7066
3.0 5.0 0.0468573 70.7066
3.0 5.0 0.0453901 70.7066
3.0 5.0 0.0440065 70.7066
3.0 5.0 0.0491739 70.7066
3.0 5.0 0.0449621 70.7066
3.0 5.0 0.0486959 70.7066
3.0 5.0 0.0295288 70.7066
3.0 5.0 0.0541313 70.7066
3.0 5.0 0.0269435 70.7066
3.0 5.0 0.0398442 70.7066
3.0 5.0 0.0478819 70.7066
3.0 5.0 0.0285068 70.7066
3.0 5.0 0.0476268 70.7066
3.0 5.0 0.0520803 70.7066
3.0 5.0 0.0482124 70.7066
3.0 5.0 0.044981 70.7066
3.0 5.0 0.0525846 70.7066
3.0 5.0 0.0491301 70.7066
3.0 5.0 0.0487142 70.7066
3.0 5.0 0.0457503 70.7066
3.0 5.0 0.0480617 70.7066
3.0 5.0 0.0463987 70.7066
3.0 5.0 0.0482668 70.7066
3.0 5.0 0.0485524 70.7066
3.0 5.0 0.0448617 70.7066
3.0 5.0 0.0277791 70.7066
3.0 5.0 0.0473197 70.7066
3.0 5.0 0.0480337 70.7066
3.0 5.0 0.0481452 70.7066
3.0 5.0 0.0286301 70.7066
3.0 5.0 0.0348497 70.7066
3.0 5.0 0.0288112 70.7066
3.0 5.0 0.0440994 70.7066
3.0 5.0 0.0447319 70.7066
3.0 5.0 0.0449116 70.7066
3.0 5.0 0.0494556 70.7066
3.0 5.0 0.0447827 70.7066
3.0 5.0 0.0478716 70.7066
3.0 5.0 0.051358 70.7066
3.0 5.0 0.0448578 70.7066
3.0 5.0 0.047599 70.7066
3.0 5.0 0.0459446 70.7066
3.0 5.0 0.0491639 70.7066
3.0 7.0 0.0313915 70.7066
3.0 7.0 0.0317255 70.7066
3.0 7.0 0.0272482 70.7066
3.0 7.0 0.0222773 70.7066
3.0 7.0 0.0238039 70.7066
3.0 7.0 0.0308527 70.7066
3.0 7.0 0.032709 70.7066
3.0 7.0 0.0201277 70.7066
3.0 7.0 0.0315474 70.7066
3.0 7.0 0.0316684 70.7066
3.0 7.0 0.0220558 70.7066
3.0 7.0 0.0368004 70.7066
3.0 7.0 0.0314416 70.7066
3.0 7.0 0.0208058 70.7066
3.0 7.0 0.0189101 70.7066
3.0 7.0 0.0331362 70.7066
3.0 7.0 0.0319406 70.7066
3.0 7.0 0.0234373 70.7066
3.0 7.0 0.0181186 70.7066
3.0 7.0 0.0201655 70.7066
3.0 7.0 0.0322831 70.7066
3.0 7.0 0.0302568 70.7066
3.0 7.0 0.029049 70.7066
3.0 7.0 0.0323402 70.7066
3.0 7.0 0.0233081 70.7066
3.0 7.0 0.0341896 70.7066
3.0 7.0 0.0338521 70.7066
3.0 7.0 0.0323221 70.7066
3.0 7.0 0.0322285 70.7066
3.0 7.0 0.029488 70.7066
3.0 7.0 0.0330749 70.7066
3.0 7.0 0.0346113 70.7066
3.0 7.0 0.0205144 70.7066
3.0 7.0 0.0352682 70.7066
3.0 7.0 0.0343147 70.7066
3.0 7.0 0.0339498 70.7066
3.0 7.0 0.0337856 70.7066
3.0 7.0 0.0345644 70.7066
3.0 7.0 0.0200549 70.7066
3.0 7.0 0.0240281 70.7066
3.0 7.0 0.022233 70.7066
3.0 7.0 0.0281125 70.7066
3.0 7.0 0.0333438 70.7066
3.0 7.0 0.0274642 70.7066
3.0 7.0 0.0262809 70.7066
3.0 7.0 0.0299175 70.7066
3.0 7.0 0.0329225 70.7066
3.0 7.0 0.0316418 70.7066
3.0 7.0 0.0305099 70.7066
3.0 7.0 0.0226063 70.7066
3.0 8.0 0.0321834 70.7066
3.0 8.0 0.0218487 70.7066
3.0 8.0 0.0282393 70.7066
3.0 8.0 0.0303788 70.7066
3.0 8.0 0.0219213 70.7066
3.0 8.0 0.0351426 70.7066
3.0 8.0 0.0317742 70.7066
3.0 8.0 0.0317742 70.7066
3.0 8.0 0.0185362 70.7066
3.0 8.0 0.0212631 70.7066
3.0 8.0 0.0206909 70.7066
3.0 8.0 0.0295716 70.7066
3.0 8.0 0.0362428 70.7066
3.0 8.0 0.0312327 70.7066
3.0 8.0 0.026156 70.7066
3.0 8.0 0.0219062 70.7066
3.0 8.0 0.0221306 70.7066
3.0 8.0 0.0237714 70.7066
3.0 8.0 0.0290097 70.7066
3.0 8.0 0.0207795 70.7066
3.0 8.0 0.0323199 70.7066
3.0 8.0 0.0179809 70.7066
3.0 8.0 0.0304341 70.7066
3.0 8.0 0.0289743 70.7066
3.0 8.0 0.0279688 70.7066
3.0 8.0 0.02894 70.7066
3.0 8.0 0.0302546 70.7066
3.0 8.0 0.0194917 70.7066
3.0 8.0 0.0300762 70.7066
3.0 8.0 0.0312898 70.7066
3.0 8.0 0.029506 70.7066
3.0 8.0 0.0151618 70.7066
3.0 8.0 0.0293138 70.7066
3.0 8.0 0.0285377 70.7066
3.0 8.0 0.0259851 70.7066
3.0 8.0 0.0214709 70.7066
3.0 8.0 0.022988 70.7066
3.0 8.0 0.031349 70.7066
3.0 8.0 0.0342155 70.7066
3.0 8.0 0.0221107 70.7066
3.0 8.0 0.0194724 70.7066
3.0 8.0 0.0221916 70.7066
3.0 8.0 0.026435 70.7066
3.0 8.0 0.0266223 70.7066
3.0 8.0 0.0218121 70.7066
3.0 8.0 0.0189779 70.7066
3.0 8.0 0.0316018 70.7066
3.0 8.0 0.0290256 70.7066
3.0 8.0 0.0286275 70.7066
3.0 8.0 0.0312153 70.7066
3.0 9.0 0.0182262 70.7066
3.0 9.0 0.0306485 70.7066
3.0 9.0 0.0230451 70.7066
3.0 9.0 0.0183244 70.7066
3.0 9.0 0.0225264 70.7066
3.0 9.0 0.03005 70.7066
3.0 9.0 0.0293235 70.7066
3.0 9.0 0.0177781 70.7066
3.0 9.0 0.0213104 70.7066
3.0 9.0 0.0296039 70.7066
3.0 9.0 0.0295863 70.7066
3.0 9.0 0.0188302 70.7066
3.0 9.0 0.0291805 70.7066
3.0 9.0 0.0280545 70.7066
3.0 9.0 0.0313093 70.7066
3.0 9.0 0.0275242 70.7066
3.0 9.0 0.0273975 70.7066
3.0 9.0 0.0287123 70.7066
3.0 9.0 0.0272959 70.7066
3.0 9.0 0.0284938 70.7066
3.0 9.0 0.0288089 70.7066
3.0 9.0 0.0265753 70.7066
3.0 9.0 0.0214594 70.7066
3.0 9.0 0.027484 70.7066
3.0 9.0 0.0318298 70.7066
3.0 9.0 0.0307919 70.7066
3.0 9.0 0.0278331 70.7066
3.0 9.0 0.0185898 70.7066
3.0 9.0 0.0278978 70.7066
3.0 9.0 0.0276571 70.7066
3.0 9.0 0.0270787 70.7066
3.0 9.0 0.0269667 70.7066
3.0 9.0 0.0296143 70.7066
3.0 9.0 0.0290697 70.7066
3.0 9.0 0.025698 70.7066
3.0 9.0 0.0283365 70.7066
3.0 9.0 0.0203531 70.7066
3.0 9.0 0.0286518 70.7066
3.0 9.0 0.0293878 70.7066
3.0 9.0 0.0305705 70.7066
3.0 9.0 0.0272163 70.7066
3.0 9.0 0.0180077 70.7066
3.0 9.0 0.0277434 70.7066
3.0 9.0 0.0303552 70.7066
3.0 9.0 0.0294551 70.7066
3.0 9.0 0.0177485 70.7066
3.0 9.0 0.029107 70.7066
3.0 9.0 0.0182201 70.7066
3.0 9.0 0.027534 70.7066
3.0 9.0 0.0309658 70.7066
3.0 15.0 0.0181265 70.7066
3.0 15.0 0.0180747 70.7066
3.0 15.0 0.0191937 70.7066
3.0 15.0 0.0155429 70.7066
3.0 15.0 0.0218387 70.7066
3.0 15.0 0.0229048 70.7066
3.0 15.0 0.0218222 70.7066
3.0 15.0 0.0173083 70.7066
3.0 15.0 0.0184045 70.7066
3.0 15.0 0.016424 70.7066
3.0 15.0 0.0188054 70.7066
3.0 15.0 0.0195011 70.7066
3.0 15.0 0.0185586 70.7066
3.0 15.0 0.0262391 70.7066
3.0 15.0 0.0238449 70.7066
3.0 15.0 0.0169037 70.7066
3.0 15.0 0.0181779 70.7066
3.0 15.0 0.0230626 70.7066
3.0 15.0 0.0195591 70.7066
3.0 15.0 0.0191462 70.7066
3.0 15.0 0.0211013 70.7066
3.0 15.0 0.0179492 70.7066
3.0 15.0 0.0249997 70.7066
3.0 15.0 0.0202719 70.7066
3.0 15.0 0.0192225 70.7066
3.0 15.0 0.0271629 70.7066
3.0 15.0 0.0214762 70.7066
3.0 15.0 0.0193285 70.7066
3.0 15.0 0.0116009 70.7066
3.0 15.0 0.013311 70.7066
3.0 15.0 0.0270013 70.7066
3.0 15.0 0.0217662 70.7066
3.0 15.0 0.0119341 70.7066
3.0 15.0 0.0213115 70.7066
3.0 15.0 0.0151669 70.7066
3.0 15.0 0.0173383 70.7066
3.0 15.0 0.0185533 70.7066
3.0 15.0 0.0193058 70.7066
3.0 15.0 0.0135037 70.7066
3.0 15.0 0.0194627 70.7066
3.0 15.0 0.0158032 70.7066
3.0 15.0 0.023997 70.7066
3.0 15.0 0.0196997 70.7066
3.0 15.0 0.0156096 70.7066
3.0 15.0 0.0169692 70.7066
3.0 15.0 0.023273 70.7066
3.0 15.0 0.0176319 70.7066
3.0 15.0 0.0198397 70.7066
3.0 15.0 0.0227067 70.7066
3.0 15.0 0.0124937 70.7066
3.0 16.0 0.0185617 70.7066
3.0 16.0 0.0225622 70.7066
3.0 16.0 0.01984 70.7066
3.0 16.0 0.0159453 70.7066
3.0 16.0 0.0154374 70.7066
3.0 16.0 0.0219685 70.7066
3.0 16.0 0.0171149 70.7066
3.0 16.0 0.027013 70.7066
3.0 16.0 0.0147336 70.7066
3.0 16.0 0.0163248 70.7066
3.0 16.0 0.0214451 70.7066
3.0 16.0 0.0250959 70.7066
3.0 16.0 0.0157395 70.7066
3.0 16.0 0.0167525 70.7066
3.0 16.0 0.0264881 70.7066
3.0 16.0 0.0220567 70.7066
3.0 16.0 0.0200964 70.7066
3.0 16.0 0.0154896 70.7066
3.0 16.0 0.0196818 70.7066
3.0 16.0 0.0239276 70.7066
3.0 16.0 0.0283704 70.7066
3.0 16.0 0.0175913 70.7066
3.0 16.0 0.024217 70.7066
3.0 16.0 0.018547 70.7066
3.0 16.0 0.0212649 70.7066
3.0 16.0 0.0171778 70.7066
3.0 16.0 0.0260182 70.7066
3.0 16.0 0.0195995 70.7066
3.0 16.0 0.021101 70.7066
3.0 16.0 0.0245118 70.7066
3.0 16.0 0.027708 70.7066
3.0 16.0 0.019152 70.7066
3.0 16.0 0.0209282 70.7066
3.0 16.0 0.0216583 70.7066
3.0 16.0 0.0209817 70.7066
3.0 16.0 0.0118333 70.7066
3.0 16.0 0.022062 70.7066
3.0 16.0 0.0212019 70.7066
3.0 16.0 0.0147822 70.7066
3.0 16.0 0.0234607 70.7066
3.0 16.0 0.0199037 70.7066
3.0 16.0 0.0142393 70.7066
3.0 16.0 0.0208962 70.7066
3.0 16.0 0.016907 70.7066
3.0 16.0 0.0142998 70.7066
3.0 16.0 0.0146276 70.7066
3.0 16.0 0.0132087 70.7066
3.0 16.0 0.0152141 70.7066
3.0 16.0 0.0167905 70.7066
3.0 16.0 0.0170407 70.7066
3.0 17.0 0.0213588 70.7066
3.0 17.0 0.0208084 70.7066
3.0 17.0 0.0227173 70.7066
3.0 17.0 0.0176015 70.7066
3.0 17.0 0.0208659 70.7066
3.0 17.0 0.0149176 70.7066
3.0 17.0 0.0207684 70.7066
3.0 17.0 0.0210893 70.7066
3.0 17.0 0.024657 70.7066
3.0 17.0 0.0205483 70.7066
3.0 17.0 0.0187513 70.7066
3.0 17.0 0.0254463 70.7066
3.0 17.0 0.012074 70.7066
3.0 17.0 0.0234281 70.7066
3.0 17.0 0.0219409 70.7066
3.0 17.0 0.0245105 70.7066
3.0 17.0 0.0181816 70.7066
3.0 17.0 0.0235961 70.7066
3.0 17.0 0.0228683 70.7066
3.0 17.0 0.0242008 70.7066
3.0 17.0 0.0229224 70.7066
3.0 17.0 0.0215278 70.7066
3.0 17.0 0.0206467 70.7066
3.0 17.0 0.0165587 70.7066
3.0 17.0 0.0227579 70.7066
3.0 17.0 0.0222789 70.7066
3.0 17.0 0.0155577 70.7066
3.0 17.0 0.01411 70.7066
3.0 17.0 0.023417 70.7066
3.0 17.0 0.0101915 70.7066
3.0 17.0 0.0195755 70.7066
3.0 17.0 0.0208818 70.7066
3.0 17.0 0.0146769 70.7066
3.0 17.0 0.021286 70.7066
3.0 17.0 0.0135178 70.7066
3.0 17.0 0.0244703 70.7066
3.0 17.0 0.0248948 70.7066
3.0 17.0 0.0138519 70.7066
3.0 17.0 0.0144154 70.7066
3.0 17.0 0.0176397 70.7066
3.0 17.0 0.021497 70.7066
3.0 17.0 0.022538 70.7066
3.0 17.0 0.0229173 70.7066
3.0 17.0 0.0174398 70.7066
3.0 17.0 0.0111927 70.7066
3.0 17.0 0.020643 70.7066
3.0 17.0 0.0230636 70.7066
3.0 17.0 0.0232114 70.7066
3.0 17.0 0.0142286 70.7066
3.0 17.0 0.022282 70.7066
3.0 31.0 0.011543 70.7066
3.0 31.0 0.011918 70.7066
3.0 31.0 0.0182195 70.7066
3.0 31.0 0.00860823 70.7066
3.0 31.0 0.00882033 70.7066
3.0 31.0 0.0111384 70.7066
3.0 31.0 0.0137471 70.7066
3.0 31.0 0.0118138 70.7066
3.0 31.0 0.0116202 70.7066
3.0 31.0 0.0154749 70.7066
3.0 31.0 0.00950921 70.7066
3.0 31.0 0.0117457 70.7066
3.0 31.0 0.0125204 70.7066
3.0 31.0 0.013898 70.7066
3.0 31.0 0.0155035 70.7066
3.0 31.0 0.0130177 70.7066
3.0 31.0 0.0164175 70.7066
3.0 31.0 0.0142175 70.7066
3.0 31.0 0.0103246 70.7066
3.0 31.0 0.00935055 70.7066
3.0 31.0 0.0153155 70.7066
3.0 31.0 0.00915685 70.7066
3.0 31.0 0.00865265 70.7066
3.0 31.0 0.0152014 70.7066
3.0 31.0 0.0127272 70.7066
3.0 31.0 0.0136176 70.7066
3.0 31.0 0.0112404 70.7066
3.0 31.0 0.0111101 70.7066
3.0 31.0 0.012756 70.7066
3.0 31.0 0.0133394 70.7066
3.0 31.0 0.00871369 70.7066
3.0 31.0 0.0093641 70.7066
3.0 31.0 0.00906666 70.7066
3.0 31.0 0.00902224 70.7066
3.0 31.0 0.0117913 70.7066
3.0 31.0 0.0140259 70.7066
3.0 31.0 0.0125089 70.7066
3.0 31.0 0.0167666 70.7066
3.0 31.0 0.0130139 70.7066
3.0 31.0 0.0121052 70.7066
3.0 31.0 0.00881928 70.7066
3.0 31.0 0.0116818 70.7066
3.0 31.0 0.0169419 70.7066
3.0 31.0 0.0154466 70.7066
3.0 31.0 0.00888201 70.7066
3.0 31.0 0.00848952 70.7066
3.0 31.0 0.0148219 70.7066
3.0 31.0 0.0110203 70.7066
3.0 31.0 0.0129862 70.7066
3.0 31.0 0.00912741 70.7066
3.0 32.0 0.0115864 70.7066
3.0 32.0 0.0124756 70.7066
3.0 32.0 0.00954926 70.7066
3.0 32.0 0.0110885 70.7066
3.0 32.0 0.0113556 70.7066
3.0 32.0 0.0112889 70.7066
3.0 32.0 0.0111825 70.7066
3.0 32.0 0.0111257 70.7066
3.0 32.0 0.0143678 70.7066
3.0 32.0 0.0115263 70.7066
3.0 32.0 0.0135404 70.7066
3.0 32.0 0.0104512 70.7066
3.0 32.0 0.0113121 70.7066
3.0 32.0 0.0110066 70.7066
3.0 32.0 0.0113435 70.7066
3.0 32.0 0.0112023 70.7066
3.0 32.0 0.0131791 70.7066
3.0 32.0 0.0105797 70.7066
3.0 32.0 0.0116407 70.7066
3.0 32.0 0.0121139 70.7066
3.0 32.0 0.0114862 70.7066
3.0 32.0 0.011594 70.7066
3.0 32.0 0.011133 70.7066
3.0 32.0 0.0112936 70.7066
3.0 32.0 0.01334 70.7066
3.0 32.0 0.0112981 70.7066
3.0 32.0 0.011424 70.7066
3.0 32.0 0.0113072 70.7066
3.0 32.0 0.0115106 70.7066
3.0 32.0 0.0116163 70.7066
3.0 32.0 0.0102228 70.7066
3.0 32.0 0.0109818 70.7066
3.0 32.0 0.0110899 70.7066
3.0 32.0 0.0115385 70.7066
3.0 32.0 0.0106 70.7066
3.0 32.0 0.0116541 70.7066
3.0 32.0 0.0115077 70.7066
3.0 32.0 0.0190065 70.7066
3.0 32.0 0.0111368 70.7066
3.0 32.0 0.0106086 70.7066
3.0 32.0 0.014849 70.7066
3.0 32.0 0.0115725 70.7066
3.0 32.0 0.011173 70.7066
3.0 32.0 0.0112827 70.7066
3.0 32.0 0.012411 70.7066
3.0 32.0 0.0115357 70.7066
3.0 32.0 0.0109506 70.7066
3.0 32.0 0.0108134 70.7066
3.0 32.0 0.00953095 70.7066
3.0 32.0 0.0092625 70.7066
3.0 33.0 0.0105286 70.7066
3.0 33.0 0.00901295 70.7066
3.0 33.0 0.0114019 70.7066
3.0 33.0 0.0098275 70.7066
3.0 33.0 0.010731 70.7066
3.0 33.0 0.0105957 70.7066
3.0 33.0 0.00984778 70.7066
3.0 33.0 0.00959586 70.7066
3.0 33.0 0.00958397 70.7066
3.0 33.0 0.0107564 70.7066
3.0 33.0 0.0101215 70.7066
3.0 33.0 0.0108651 70.7066
3.0 33.0 0.00871468 70.7066
3.0 33.0 0.0112248 70.7066
3.0 33.0 0.0085239 70.7066
3.0 33.0 0.0106851 70.7066
3.0 33.0 0.0101978 70.7066
3.0 33.0 0.0108666 70.7066
3.0 33.0 0.00897302 70.7066
3.0 33.0 0.0108364 70.7066
3.0 33.0 0.00909381 70.7066
3.0 33.0 0.0101329 70.7066
3.0 33.0 0.00922966 70.7066
3.0 33.0 0.00904221 70.7066
3.0 33.0 0.00922408 70.7066
3.0 33.0 0.00841402 70.7066
3.0 33.0 0.0105516 70.7066
3.0 33.0 0.0133102 70.7066
3.0 33.0 0.0110119 70.7066
3.0 33.0 0.0101824 70.7066
3.0 33.0 0.0113515 70.7066
3.0 33.0 0.0107396 70.7066
3.0 33.0 0.0101105 70.7066
3.0 33.0 0.00869908 70.7066
3.0 33.0 0.0104739 70.7066
3.0 33.0 0.0110535 70.7066
3.0 33.0 0.0092895 70.7066
3.0 33.0 0.00996154 70.7066
3.0 33.0 0.0108758 70.7066
3.0 33.0 0.0111002 70.7066
3.0 33.0 0.0103925 70.7066
3.0 33.0 0.0102575 70.7066
3.0 33.0 0.0102082 70.7066
3.0 33.0 0.00857236 70.7066
3.0 33.0 0.0109603 70.7066
3.0 33.0 0.00960988 70.7066
3.0 33.0 0.0107835 70.7066
3.0 33.0 0.0106897 70.7066
3.0 33.0 0.011425 70.7066
3.0 33.0 0.0110242 70.7066
4.0 3.0 0.0618984 99.9758
4.0 3.0 0.0750649 99.9758
4.0 3.0 0.0590715 99.9758
4.0 3.0 0.0594582 99.9758
4.0 3.0 0.0614761 99.9758
4.0 3.0 0.0625347 99.9758
4.0 3.0 0.0594871 99.9758
4.0 3.0 0.062071 99.9758
4.0 3.0 0.062435 99.9758
4.0 3.0 0.0684925 99.9758
4.0 3.0 0.0598336 99.9758
4.0 3.0 0.059364 99.9758
4.0 3.0 0.0624862 99.9758
4.0 3.0 0.0615139 99.9758
4.0 3.0 0.0584387 99.9758
4.0 3.0 0.0594457 99.9758
4.0 3.0 0.0590884 99.9758
4.0 3.0 0.0624591 99.9758
4.0 3.0 0.0583 99.9758
4.0 3.0 0.0627903 99.9758
4.0 3.0 0.0588512 99.9758
4.0 3.0 0.058527 99.9758
4.0 3.0 0.0620779 99.9758
4.0 3.0 0.0620351 99.9758
4.0 3.0 0.0622636 99.9758
4.0 3.0 0.0621838 99.9758
4.0 3.0 0.0637478 99.9758
4.0 3.0 0.0595778 99.9758
4.0 3.0 0.0586895 99.9758
4.0 3.0 0.0622314 99.9758
4.0 3.0 0.0595417 99.9758
4.0 3.0 0.0596341 99.9758
4.0 3.0 0.0590935 99.9758
4.0 3.0 0.0595859 99.9758
4.0 3.0 0.0614935 99.9758
4.0 3.0 0.0597751 99.9758
4.0 3.0 0.0596397 99.9758
4.0 3.0 0.0591111 99.9758
4.0 3.0 0.0616358 99.9758
4.0 3.0 0.0638094 99.9758
4.0 3.0 0.0622231 99.9758
4.0 3.0 0.0614888 99.9758
4.0 3.0 0.0620592 99.9758
4.0 3.0 0.0617832 99.9758
4.0 3.0 0.0625584 99.9758
4.0 3.0 0.061469 99.9758
4.0 3.0 0.0625336 99.9758
4.0 3.0 0.0623568 99.9758
4.0 3.0 0.059491 99.9758
4.0 3.0 0.0618769 99.9758
4.0 4.0 0.0509018 99.8673
4.0 4.0 0.0506511 99.8673
4.0 4.0 0.0504599 99.8673
4.0 4.0 0.0504364 99.8673
4.0 4.0 0.0571879 99.8673
4.0 4.0 0.0508141 99.8673
4.0 4.0 0.0502358 99.8673
4.0 4.0 0.0544819 99.8673
4.0 4.0 0.0514813 99.8673
4.0 4.0 0.0508598 99.8673
4.0 4.0 0.0508769 99.8673
4.0 4.0 0.051289 99.8673
4.0 4.0 0.0509188 99.8673
4.0 4.0 0.050718 99.8673
4.0 4.0 0.0530565 99.8673
4.0 4.0 0.0514523 99.8673
4.0 4.0 0.050901 99.8673
4.0 4.0 0.0509064 99.8673
4.0 4.0 0.0505373 99.8673
4.0 4.0 0.0505226 99.8673
4.0 4.0 0.0508973 99.8673
4.0 4.0 0.0508183 99.8673
4.0 4.0 0.0504886 99.8673
4.0 4.0 0.0502972 99.8673
4.0 4.0 0.0511747 99.8673
4.0 4.0 0.0503493 99.8673
4.0 4.0 0.0508532 99.8673
4.0 4.0 0.0565795 99.8673
4.0 4.0 0.0514723 99.8673
4.0 4.0 0.0507158 99.8673
4.0 4.0 0.0530882 99.8673
4.0 4.0 0.050767 99.8673
4.0 4.0 0.0507056 99.8673
4.0 4.0 0.0505608 99.8673
4.0 4.0 0.0528211 99.8673
4.0 4.0 0.0503738 99.8673
4.0 4.0 0.050447 99.8673
4.0 4.0 0.0508233 99.8673
4.0 4.0 0.0507777 99.8673
4.0 4.0 0.0504825 99.8673
4.0 4.0 0.0503154 99.8673
4.0 4.0 0.0510167 99.8673
4.0 4.0 0.0510635 99.8673
4.0 4.0 0.0504928 99.8673
4.0 4.0 0.0508597 99.8673
4.0 4.0 0.050947 99.8673
4.0 4.0 0.0508975 99.8673
4.0 4.0 0.0509558 99.8673
4.0 4.0 0.0530062 99.8673
4.0 4.0 0.0509966 99.8673
4.0 5.0 0.0687078 99.9388
4.0 5.0 0.071082 99.9388
4.0 5.0 0.0746744 99.9388
4.0 5.0 0.0749603 99.9388
4.0 5.0 0.0753189 99.9388
4.0 5.0 0.0705633 99.9388
4.0 5.0 0.0758464 99.9388
4.0 5.0 0.0749392 99.9388
4.0 5.0 0.0756888 99.9388
4.0 5.0 0.0690731 99.9388
4.0 5.0 0.069302 99.9388
4.0 5.0 0.0762911 99.9388
4.0 5.0 0.0520282 99.9388
4.0 5.0 0.0686583 99.9388
4.0 5.0 0.0475792 99.9388
4.0 5.0 0.074534 99.9388
4.0 5.0 0.0451217 99.9388
4.0 5.0 0.0696902 99.9388
4.0 5.0 0.0673918 99.9388
4.0 5.0 0.0698064 99.9388
4.0 5.0 0.0750725 99.9388
4.0 5.0 0.0746093 99.9388
4.0 5.0 0.0458781 99.9388
4.0 5.0 0.0709898 99.9388
4.0 5.0 0.0703212 99.9388
4.0 5.0 0.0745905 99.9388
4.0 5.0 0.0476417 99.9388
4.0 5.0 0.0740179 99.9388
4.0 5.0 0.074901 99.9388
4.0 5.0 0.0715564 99.9388
4.0 5.0 0.0752024 99.9388
4.0 5.0 0.069233 99.9388
4.0 5.0 0.0708168 99.9388
4.0 5.0 0.0748819 99.9388
4.0 5.0 0.0750038 99.9388
4.0 5.0 0.0746644 99.9388
4.0 5.0 0.0700337 99.9388
4.0 5.0 0.0748676 99.9388
4.0 5.0 0.0745107 99.9388
4.0 5.0 0.0693254 99.9388
4.0 5.0 0.0756881 99.9388
4.0 5.0 0.0744309 99.9388
4.0 5.0 0.0442345 99.9388
4.0 5.0 0.0754716 99.9388
4.0 5.0 0.0689276 99.9388
4.0 5.0 0.0747179 99.9388
4.0 5.0 0.0746146 99.9388
4.0 5.0 0.0745612 99.9388
4.0 5.0 0.0690729 99.9388
4.0 5.0 0.0748789 99.9388
4.0 7.0 0.0456872 99.855
4.0 7.0 0.0322906 99.855
4.0 7.0 0.0450992 99.855
4.0 7.0 0.0303757 99.855
4.0 7.0 0.0279883 99.855
4.0 7.0 0.0463032 99.855
4.0 7.0 0.0298127 99.855
4.0 7.0 0.0463014 99.855
4.0 7.0 0.0479624 99.855
4.0 7.0 0.0315508 99.855
4.0 7.0 0.0304356 99.855
4.0 7.0 0.0340088 99.855
4.0 7.0 0.0482698 99.855
4.0 7.0 0.0443873 99.855
4.0 7.0 0.0476328 99.855
4.0 7.0 0.0301432 99.855
4.0 7.0 0.0306927 99.855
4.0 7.0 0.0305348 99.855
4.0 7.0 0.0467602 99.855
4.0 7.0 0.0450527 99.855
4.0 7.0 0.0454368 99.855
4.0 7.0 0.0301786 99.855
4.0 7.0 0.0441173 99.855
4.0 7.0 0.047116 99.855
4.0 7.0 0.0347664 99.855
4.0 7.0 0.0264587 99.855
4.0 7.0 0.0329836 99.855
4.0 7.0 0.0463665 99.855
4.0 7.0 0.0464188 99.855
4.0 7.0 0.0453288 99.855
4.0 7.0 0.0320601 99.855
4.0 7.0 0.0317616 99.855
4.0 7.0 0.0327127 99.855
4.0 7.0 0.0444764 99.855
4.0 7.0 0.0465068 99.855
4.0 7.0 0.0308751 99.855
4.0 7.0 0.0473591 99.855
4.0 7.0 0.0333266 99.855
4.0 7.0 0.031756 99.855
4.0 7.0 0.0349236 99.855
4.0 7.0 0.0485826 99.855
4.0 7.0 0.046023 99.855
4.0 7.0 0.0485237 99.855
4.0 7.0 0.0384183 99.855
4.0 7.0 0.0313656 99.855
4.0 7.0 0.0304232 99.855
4.0 7.0 0.0309786 99.855
4.0 7.0 0.0318057 99.855
4.0 7.0 0.045863 99.855
4.0 7.0 0.031512 99.855
4.0 8.0 0.0416611 99.882
4.0 8.0 0.0297967 99.882
4.0 8.0 0.0445905 99.882
4.0 8.0 0.0375808 99.882
4.0 8.0 0.0297799 99.882
4.0 8.0 0.045674 99.882
4.0 8.0 0.0289353 99.882
4.0 8.0 0.0364617 99.882
4.0 8.0 0.0289247 99.882
4.0 8.0 0.0431606 99.882
4.0 8.0 0.040724 99.882
4.0 8.0 0.041877 99.882
4.0 8.0 0.041284 99.882
4.0 8.0 0.0456911 99.882
4.0 8.0 0.0419802 99.882
4.0 8.0 0.0406984 99.882
4.0 8.0 0.035925 99.882
4.0 8.0 0.0374099 99.882
4.0 8.0 0.0421267 99.882
4.0 8.0 0.0467734 99.882
4.0 8.0 0.042994 99.882
4.0 8.0 0.0437325 99.882
4.0 8.0 0.0418445 99.882
4.0 8.0 0.0427258 99.882
4.0 8.0 0.0309204 99.882
4.0 8.0 0.0397487 99.882
4.0 8.0 0.0431759 99.882
4.0 8.0 0.0441249 99.882
4.0 8.0 0.0318521 99.882
4.0 8.0 0.0359862 99.882
4.0 8.0 0.0432188 99.882
4.0 8.0 0.041076 99.882
4.0 8.0 0.043838 99.882
4.0 8.0 0.0374435 99.882
4.0 8.0 0.0416012 99.882
4.0 8.0 0.0457691 99.882
4.0 8.0 0.0419984 99.882
4.0 8.0 0.0446744 99.882
4.0 8.0 0.0418076 99.882
4.0 8.0 0.0452732 99.882
4.0 8.0 0.0296978 99.882
4.0 8.0 0.0403568 99.882
4.0 8.0 0.0312276 99.882
4.0 8.0 0.0320675 99.882
4.0 8.0 0.0471202 99.882
4.0 8.0 0.0281787 99.882
4.0 8.0 0.0421768 99.882
4.0 8.0 0.0312873 99.882
4.0 8.0 0.0317261 99.882
4.0 8.0 0.0427846 99.882
4.0 9.0 0.0277656 99.8551
4.0 9.0 0.0372003 99.8551
4.0 9.0 0.0288906 99.8551
4.0 9.0 0.0254741 99.8551
4.0 9.0 0.0379574 99.8551
4.0 9.0 0.037859 99.8551
4.0 9.0 0.0282852 99.8551
4.0 9.0 0.0376685 99.8551
4.0 9.0 0.0355974 99.8551
4.0 9.0 0.0383892 99.8551
4.0 9.0 0.0256322 99.8551
4.0 9.0 0.0379854 99.8551
4.0 9.0 0.0353753 99.8551
4.0 9.0 0.0363083 99.8551
4.0 9.0 0.025197 99.8551
4.0 9.0 0.0278313 99.8551
4.0 9.0 0.0374422 99.8551
4.0 9.0 0.0363964 99.8551
4.0 9.0 0.0354029 99.8551
4.0 9.0 0.0373119 99.8551
4.0 9.0 0.0258597 99.8551
4.0 9.0 0.037986 99.8551
4.0 9.0 0.0248975 99.8551
4.0 9.0 0.0246277 99.8551
4.0 9.0 0.0346678 99.8551
4.0 9.0 0.0328264 99.8551
4.0 9.0 0.0355285 99.8551
4.0 9.0 0.0401518 99.8551
4.0 9.0 0.0364707 99.8551
4.0 9.0 0.0280839 99.8551
4.0 9.0 0.037429 99.8551
4.0 9.0 0.0372916 99.8551
4.0 9.0 0.0377687 99.8551
4.0 9.0 0.0266157 99.8551
4.0 9.0 0.0263744 99.8551
4.0 9.0 0.0243562 99.8551
4.0 9.0 0.0280718 99.8551
4.0 9.0 0.0323343 99.8551
4.0 9.0 0.0355479 99.8551
4.0 9.0 0.0377955 99.8551
4.0 9.0 0.0376918 99.8551
4.0 9.0 0.0352276 99.8551
4.0 9.0 0.0360543 99.8551
4.0 9.0 0.0380995 99.8551
4.0 9.0 0.0377178 99.8551
4.0 9.0 0.0350287 99.8551
4.0 9.0 0.0252523 99.8551
4.0 9.0 0.0346655 99.8551
4.0 9.0 0.0351396 99.8551
4.0 9.0 0.0373448 99.8551
4.0 15.0 0.0166252 99.6486
4.0 15.0 0.0193548 99.6486
4.0 15.0 0.017484 99.6486
4.0 15.0 0.0214656 99.6486
4.0 15.0 0.0201461 99.6486
4.0 15.0 0.0202491 99.6486
4.0 15.0 0.0145982 99.6486
4.0 15.0 0.0121247 99.6486
4.0 15.0 0.0205855 99.6486
4.0 15.0 0.0189697 99.6486
4.0 15.0 0.0189035 99.6486
4.0 15.0 0.0200337 99.6486
4.0 15.0 0.0130023 99.6486
4.0 15.0 0.0150249 99.6486
4.0 15.0 0.0201736 99.6486
4.0 15.0 0.0182764 99.6486
4.0 15.0 0.0198404 99.6486
4.0 15.0 0.0213668 99.6486
4.0 15.0 0.0174986 99.6486
4.0 15.0 0.0199471 99.6486
4.0 15.0 0.0174638 99.6486
4.0 15.0 0.0199915 99.6486
4.0 15.0 0.0186794 99.6486
4.0 15.0 0.0208117 99.6486
4.0 15.0 0.0181446 99.6486
4.0 15.0 0.0201212 99.6486
4.0 15.0 0.0169759 99.6486
4.0 15.0 0.014591 99.6486
4.0 15.0 0.0200689 99.6486
4.0 15.0 0.0163217 99.6486
4.0 15.0 0.0216564 99.6486
4.0 15.0 0.0159075 99.6486
4.0 15.0 0.0167521 99.6486
4.0 15.0 0.0199938 99.6486
4.0 15.0 0.0202172 99.6486
4.0 15.0 0.0180536 99.6486
4.0 15.0 0.0194023 99.6486
4.0 15.0 0.0211752 99.6486
4.0 15.0 0.0181156 99.6486
4.0 15.0 0.0205832 99.6486
4.0 15.0 0.0144634 99.6486
4.0 15.0 0.0159169 99.6486
4.0 15.0 0.0201118 99.6486
4.0 15.0 0.0187029 99.6486
4.0 15.0 0.0213831 99.6486
4.0 15.0 0.0171526 99.6486
4.0 15.0 0.0192595 99.6486
4.0 15.0 0.0200893 99.6486
4.0 15.0 0.0172932 99.6486
4.0 15.0 0.0172932 99.6486
4.0 16.0 0.0178374 99.6486
4.0 16.0 0.0141698 99.6486
4.0 16.0 0.0190221 99.6486
4.0 16.0 0.0153003 99.6486
4.0 16.0 0.0200903 99.6486
4.0 16.0 0.0143045 99.6486
4.0 16.0 0.016883 99.6486
4.0 16.0 0.0170689 99.6486
4.0 16.0 0.0179635 99.6486
4.0 16.0 0.0199151 99.6486
4.0 16.0 0.0198128 99.6486
4.0 16.0 0.0173483 99.6486
4.0 16.0 0.0154624 99.6486
4.0 16.0 0.0165767 99.6486
4.0 16.0 0.0190184 99.6486
4.0 16.0 0.017757 99.6486
4.0 16.0 0.0126911 99.6486
4.0 16.0 0.0180643 99.6486
4.0 16.0 0.0185027 99.6486
4.0 16.0 0.0184543 99.6486
4.0 16.0 0.0123595 99.6486
4.0 16.0 0.0176424 99.6486
4.0 16.0 0.0185643 99.6486
4.0 16.0 0.018906 99.6486
4.0 16.0 0.0179693 99.6486
4.0 16.0 0.0187756 99.6486
4.0 16.0 0.0184699 99.6486
4.0 16.0 0.0161012 99.6486
4.0 16.0 0.0206778 99.6486
4.0 16.0 0.0186871 99.6486
4.0 16.0 0.0183658 99.6486
4.0 16.0 0.0162557 99.6486
4.0 16.0 0.0190771 99.6486
4.0 16.0 0.0201563 99.6486
4.0 16.0 0.0197369 99.6486
4.0 16.0 0.0202036 99.6486
4.0 16.0 0.01899 99.6486
4.0 16.0 0.0128512 99.6486
4.0 16.0 0.0156527 99.6486
4.0 16.0 0.015012 99.6486
4.0 16.0 0.0184207 99.6486
4.0 16.0 0.0163008 99.6486
4.0 16.0 0.016262 99.6486
4.0 16.0 0.0200844 99.6486
4.0 16.0 0.0141974 99.6486
4.0 16.0 0.0189314 99.6486
4.0 16.0 0.0167799 99.6486
4.0 16.0 0.018895 99.6486
4.0 16.0 0.0161235 99.6486
4.0 16.0 0.0151307 99.6486
4.0 17.0 0.017528 99.747
4.0 17.0 0.0282272 99.747
4.0 17.0 0.0189473 99.747
4.0 17.0 0.0172028 99.747
4.0 17.0 0.0162545 99.747
4.0 17.0 0.0192845 99.747
4.0 17.0 0.0271784 99.747
4.0 17.0 0.0238378 99.747
4.0 17.0 0.017802 99.747
4.0 17.0 0.0182665 99.747
4.0 17.0 0.0236062 99.747
4.0 17.0 0.0181252 99.747
4.0 17.0 0.021495 99.747
4.0 17.0 0.0146187 99.747
4.0 17.0 0.0157313 99.747
4.0 17.0 0.0184927 99.747
4.0 17.0 0.0180822 99.747
4.0 17.0 0.0155744 99.747
4.0 17.0 0.0264584 99.747
4.0 17.0 0.0199123 99.747
4.0 17.0 0.0178265 99.747
4.0 17.0 0.0168463 99.747
4.0 17.0 0.0173987 99.747
4.0 17.0 0.0172952 99.747
4.0 17.0 0.0181645 99.747
4.0 17.0 0.0166562 99.747
4.0 17.0 0.0172753 99.747
4.0 17.0 0.0216058 99.747
4.0 17.0 0.0172722 99.747
4.0 17.0 0.0177633 99.747
4.0 17.0 0.026528 99.747
4.0 17.0 0.0197592 99.747
4.0 17.0 0.0171384 99.747
4.0 17.0 0.0153606 99.747
4.0 17.0 0.0166655 99.747
4.0 17.0 0.017143 99.747
4.0 17.0 0.0152278 99.747
4.0 17.0 0.0187808 99.747
4.0 17.0 0.0193517 99.747
4.0 17.0 0.0200538 99.747
4.0 17.0 0.0196728 99.747
4.0 17.0 0.0152004 99.747
4.0 17.0 0.0126176 99.747
4.0 17.0 0.017393 99.747
4.0 17.0 0.0226165 99.747
4.0 17.0 0.0142216 99.747
4.0 17.0 0.0157592 99.747
4.0 17.0 0.0162821 99.747
4.0 17.0 0.0161967 99.747
4.0 17.0 0.0130909 99.747
4.0 31.0 0.019697 97.7841
4.0 31.0 0.0208108 97.7841
4.0 31.0 0.0140433 97.7841
4.0 31.0 0.0214518 97.7841
4.0 31.0 0.0118785 97.7841
4.0 31.0 0.0167001 97.7841
4.0 31.0 0.0114355 97.7841
4.0 31.0 0.0211218 97.7841
4.0 31.0 0.0145156 97.7841
4.0 31.0 0.00791554 97.7841
4.0 31.0 0.011192 97.7841
4.0 31.0 0.00929871 97.7841
4.0 31.0 0.0202813 97.7841
4.0 31.0 0.0108926 97.7841
4.0 31.0 0.0159119 97.7841
4.0 31.0 0.0110147 97.7841
4.0 31.0 0.0213627 97.7841
4.0 31.0 0.0207365 97.7841
4.0 31.0 0.0141187 97.7841
4.0 31.0 0.0180296 97.7841
4.0 31.0 0.0140196 97.7841
4.0 31.0 0.0195736 97.7841
4.0 31.0 0.0118047 97.7841
4.0 31.0 0.0176563 97.7841
4.0 31.0 0.0118903 97.7841
4.0 31.0 0.0223346 97.7841
4.0 31.0 0.0128456 97.7841
4.0 31.0 0.011567 97.7841
4.0 31.0 0.0147643 97.7841
4.0 31.0 0.0109623 97.7841
4.0 31.0 0.0216661 97.7841
4.0 31.0 0.0184313 97.7841
4.0 31.0 0.0109509 97.7841
4.0 31.0 0.0218831 97.7841
4.0 31.0 0.0136882 97.7841
4.0 31.0 0.0197512 97.7841
4.0 31.0 0.021826 97.7841
4.0 31.0 0.0214143 97.7841
4.0 31.0 0.0149919 97.7841
4.0 31.0 0.0188156 97.7841
4.0 31.0 0.0122643 97.7841
4.0 31.0 0.0114361 97.7841
4.0 31.0 0.0218742 97.7841
4.0 31.0 0.0122804 97.7841
4.0 31.0 0.0194555 97.7841
4.0 31.0 0.0129294 97.7841
4.0 31.0 0.0177601 97.7841
4.0 31.0 0.0116073 97.7841
4.0 31.0 0.0187252 97.7841
4.0 31.0 0.0162163 97.7841
4.0 32.0 0.0147244 97.7841
4.0 32.0 0.0170156 97.7841
4.0 32.0 0.0135395 97.7841
4.0 32.0 0.0153976 97.7841
4.0 32.0 0.0144461 97.7841
4.0 32.0 0.0147115 97.7841
4.0 32.0 0.015504 97.7841
4.0 32.0 0.0144167 97.7841
4.0 32.0 0.0147153 97.7841
4.0 32.0 0.0166073 97.7841
4.0 32.0 0.0148856 97.7841
4.0 32.0 0.01461 97.7841
4.0 32.0 0.0145236 97.7841
4.0 32.0 0.0140968 97.7841
4.0 32.0 0.0147375 97.7841
4.0 32.0 0.013763 97.7841
4.0 32.0 0.0149255 97.7841
4.0 32.0 0.0132088 97.7841
4.0 32.0 0.0146062 97.7841
4.0 32.0 0.013457 97.7841
4.0 32.0 0.0138084 97.7841
4.0 32.0 0.0151155 97.7841
4.0 32.0 0.0148726 97.7841
4.0 32.0 0.0152958 97.7841
4.0 32.0 0.0147991 97.7841
4.0 32.0 0.0140005 97.7841
4.0 32.0 0.0144608 97.7841
4.0 32.0 0.0123678 97.7841
4.0 32.0 0.0153936 97.7841
4.0 32.0 0.0159962 97.7841
4.0 32.0 0.0147041 97.7841
4.0 32.0 0.0148373 97.7841
4.0 32.0 0.0200265 97.7841
4.0 32.0 0.0150374 97.7841
4.0 32.0 0.0163942 97.7841
4.0 32.0 0.014648 97.7841
4.0 32.0 0.0135662 97.7841
4.0 32.0 0.0142292 97.7841
4.0 32.0 0.0215385 97.7841
4.0 32.0 0.0163032 97.7841
4.0 32.0 0.0151545 97.7841
4.0 32.0 0.0148738 97.7841
4.0 32.0 0.0130597 97.7841
4.0 32.0 0.0217291 97.7841
4.0 32.0 0.0140412 97.7841
4.0 32.0 0.0152725 97.7841
4.0 32.0 0.018801 97.7841
4.0 32.0 0.0146035 97.7841
4.0 32.0 0.0132039 97.7841
4.0 32.0 0.0132039 97.7841
4.0 33.0 0.0124036 97.7841
4.0 33.0 0.0124042 97.7841
4.0 33.0 0.0136671 97.7841
4.0 33.0 0.0133723 97.7841
4.0 33.0 0.0146999 97.7841
4.0 33.0 0.012232 97.7841
4.0 33.0 0.0141302 97.7841
4.0 33.0 0.0131527 97.7841
4.0 33.0 0.0135092 97.7841
4.0 33.0 0.0140687 97.7841
4.0 33.0 0.0134414 97.7841
4.0 33.0 0.0142331 97.7841
4.0 33.0 0.0123351 97.7841
4.0 33.0 0.0121987 97.7841
4.0 33.0 0.0124733 97.7841
4.0 33.0 0.0123809 97.7841
4.0 33.0 0.01226 97.7841
4.0 33.0 0.0135695 97.7841
4.0 33.0 0.0125672 97.7841
4.0 33.0 0.0116375 97.7841
4.0 33.0 0.0141936 97.7841
4.0 33.0 0.0118042 97.7841
4.0 33.0 0.0134984 97.7841
4.0 33.0 0.0128603 97.7841
4.0 33.0 0.0140769 97.7841
4.0 33.0 0.0129279 97.7841
4.0 33.0 0.0123432 97.7841
4.0 33.0 0.0118539 97.7841
4.0 33.0 0.0132565 97.7841
4.0 33.0 0.0123071 97.7841
4.0 33.0 0.0133228 97.7841
4.0 33.0 0.013402 97.7841
4.0 33.0 0.0131275 97.7841
4.0 33.0 0.0143637 97.7841
4.0 33.0 0.0154793 97.7841
4.0 33.0 0.0117432 97.7841
4.0 33.0 0.0143133 97.7841
4.0 33.0 0.0133085 97.7841
4.0 33.0 0.0126864 97.7841
4.0 33.0 0.0130485 97.7841
4.0 33.0 0.0141302 97.7841
4.0 33.0 0.0123865 97.7841
4.0 33.0 0.0122948 97.7841
4.0 33.0 0.0123281 97.7841
4.0 33.0 0.0150492 97.7841
4.0 33.0 0.0142531 97.7841
4.0 33.0 0.0145148 97.7841
4.0 33.0 0.0140818 97.7841
4.0 33.0 0.0128996 97.7841
4.0 33.0 0.0124108 97.7841
5.0 3.0 18.1491 26.4983
5.0 3.0 18.1357 26.4983
5.0 3.0 18.1404 26.4983
5.0 3.0 18.2486 26.4983
5.0 3.0 18.2217 26.4983
5.0 3.0 18.1596 26.4983
5.0 3.0 18.1488 26.4983
5.0 3.0 19.8483 26.4983
5.0 3.0 18.1388 26.4983
5.0 3.0 18.1337 26.4983
5.0 3.0 18.3783 26.4983
5.0 3.0 18.1473 26.4983
5.0 3.0 18.2123 26.4983
5.0 3.0 18.2325 26.4983
5.0 3.0 18.1364 26.4983
5.0 3.0 18.1333 26.4983
5.0 3.0 18.1677 26.4983
5.0 3.0 18.2241 26.4983
5.0 3.0 18.2288 26.4983
5.0 3.0 18.2244 26.4983
5.0 3.0 18.2326 26.4983
5.0 3.0 18.1449 26.4983
5.0 3.0 18.239 26.4983
5.0 3.0 18.3874 26.4983
5.0 3.0 18.1623 26.4983
5.0 3.0 18.2189 26.4983
5.0 3.0 18.2072 26.4983
5.0 3.0 19.786 26.4983
5.0 3.0 18.1422 26.4983
5.0 3.0 18.2237 26.4983
5.0 3.0 18.3911 26.4983
5.0 3.0 18.164 26.4983
5.0 3.0 18.2268 26.4983
5.0 3.0 18.1996 26.4983
5.0 3.0 18.146 26.4983
5.0 3.0 18.2145 26.4983
5.0 3.0 18.1565 26.4983
5.0 3.0 18.2672 26.4983
5.0 3.0 18.2201 26.4983
5.0 3.0 18.1364 26.4983
5.0 3.0 18.1638 26.4983
5.0 3.0 18.2466 26.4983
5.0 3.0 18.1573 26.4983
5.0 3.0 18.3978 26.4983
5.0 3.0 18.2219 26.4983
5.0 3.0 18.1382 26.4983
5.0 3.0 18.1602 26.4983
5.0 3.0 18.1471 26.4983
5.0 3.0 18.1639 26.4983
5.0 3.0 19.7304 26.4983
5.0 4.0 13.8001 26.4931
5.0 4.0 13.8123 26.4931
5.0 4.0 13.8108 26.4931
5.0 4.0 13.7994 26.4931
5.0 4.0 13.8035 26.4931
5.0 4.0 14.2451 26.4931
5.0 4.0 13.8051 26.4931
5.0 4.0 13.802 26.4931
5.0 4.0 13.7888 26.4931
5.0 4.0 13.8017 26.4931
5.0 4.0 13.7998 26.4931
5.0 4.0 13.8079 26.4931
5.0 4.0 13.8017 26.4931
5.0 4.0 13.7884 26.4931
5.0 4.0 13.8327 26.4931
5.0 4.0 13.8041 26.4931
5.0 4.0 13.8021 26.4931
5.0 4.0 13.806 26.4931
5.0 4.0 13.8043 26.4931
5.0 4.0 13.7954 26.4931
5.0 4.0 13.7976 26.4931
5.0 4.0 13.7959 26.4931
5.0 4.0 14.3161 26.4931
5.0 4.0 13.8025 26.4931
5.0 4.0 13.8077 26.4931
5.0 4.0 13.8078 26.4931
5.0 4.0 13.7977 26.4931
5.0 4.0 13.8073 26.4931
5.0 4.0 13.7983 26.4931
5.0 4.0 13.8125 26.4931
5.0 4.0 13.8242 26.4931
5.0 4.0 13.8056 26.4931
5.0 4.0 13.792 26.4931
5.0 4.0 14.281 26.4931
5.0 4.0 13.7986 26.4931
5.0 4.0 13.8155 26.4931
5.0 4.0 13.8087 26.4931
5.0 4.0 13.8065 26.4931
5.0 4.0 13.8114 26.4931
5.0 4.0 13.7986 26.4931
5.0 4.0 13.8031 26.4931
5.0 4.0 13.8124 26.4931
5.0 4.0 13.8013 26.4931
5.0 4.0 13.8018 26.4931
5.0 4.0 13.802 26.4931
5.0 4.0 13.8061 26.4931
5.0 4.0 13.7987 26.4931
5.0 4.0 13.8035 26.4931
5.0 4.0 13.7986 26.4931
5.0 4.0 14.2575 26.4931
5.0 5.0 11.1412 26.4778
5.0 5.0 11.19 26.4778
5.0 5.0 11.2209 26.4778
5.0 5.0 11.0713 26.4778
5.0 5.0 11.1593 26.4778
5.0 5.0 11.141 26.4778
5.0 5.0 11.1498 26.4778
5.0 5.0 11.1667 26.4778
5.0 5.0 11.1929 26.4778
5.0 5.0 11.1329 26.4778
5.0 5.0 11.1604 26.4778
5.0 5.0 11.0509 26.4778
5.0 5.0 11.1643 26.4778
5.0 5.0 12.2581 26.4778
5.0 5.0 11.1167 26.4778
5.0 5.0 11.143 26.4778
5.0 5.0 11.2754 26.4778
5.0 5.0 11.1394 26.4778
5.0 5.0 11.1612 26.4778
5.0 5.0 11.1047 26.4778
5.0 5.0 11.2863 26.4778
5.0 5.0 12.0139 26.4778
5.0 5.0 11.1442 26.4778
5.0 5.0 11.0955 26.4778
5.0 5.0 11.1565 26.4778
5.0 5.0 11.2264 26.4778
5.0 5.0 11.2606 26.4778
5.0 5.0 11.0812 26.4778
5.0 5.0 11.1557 26.4778
5.0 5.0 11.1964 26.4778
5.0 5.0 11.0699 26.4778
5.0 5.0 11.1287 26.4778
5.0 5.0 11.1547 26.4778
5.0 5.0 11.2111 26.4778
5.0 5.0 11.1484 26.4778
5.0 5.0 11.1389 26.4778
5.0 5.0 12.2778 26.4778
5.0 5.0 11.0793 26.4778
5.0 5.0 11.2126 26.4778
5.0 5.0 11.2178 26.4778
5.0 5.0 11.1576 26.4778
5.0 5.0 11.1241 26.4778
5.0 5.0 11.2593 26.4778
5.0 5.0 11.1062 26.4778
5.0 5.0 11.2778 26.4778
5.0 5.0 12.0915 26.4778
5.0 5.0 11.1349 26.4778
5.0 5.0 11.0779 26.4778
5.0 5.0 11.1572 26.4778
5.0 5.0 11.1795 26.4778
5.0 7.0 7.91134 26.4917
5.0 7.0 7.77484 26.4917
5.0 7.0 7.7867 26.4917
5.0 7.0 7.80602 26.4917
5.0 7.0 7.89187 26.4917
5.0 7.0 7.74921 26.4917
5.0 7.0 7.74122 26.4917
5.0 7.0 7.75707 26.4917
5.0 7.0 7.84874 26.4917
5.0 7.0 7.89249 26.4917
5.0 7.0 7.87623 26.4917
5.0 7.0 7.87729 26.4917
5.0 7.0 7.91902 26.4917
5.0 7.0 8.61983 26.4917
5.0 7.0 7.90575 26.4917
5.0 7.0 7.96044 26.4917
5.0 7.0 7.94154 26.4917
5.0 7.0 7.92852 26.4917
5.0 7.0 7.90746 26.4917
5.0 7.0 7.79678 26.4917
5.0 7.0 7.79075 26.4917
5.0 7.0 7.89159 26.4917
5.0 7.0 7.73902 26.4917
5.0 7.0 7.75429 26.4917
5.0 7.0 7.77219 26.4917
5.0 7.0 7.77286 26.4917
5.0 7.0 7.90462 26.4917
5.0 7.0 8.63816 26.4917
5.0 7.0 7.89223 26.4917
5.0 7.0 7.88836 26.4917
5.0 7.0 7.98217 26.4917
5.0 7.0 7.88672 26.4917
5.0 7.0 7.91197 26.4917
5.0 7.0 8.66503 26.4917
5.0 7.0 7.94303 26.4917
5.0 7.0 7.93568 26.4917
5.0 7.0 7.94455 26.4917
5.0 7.0 7.79825 26.4917
5.0 7.0 7.78791 26.4917
5.0 7.0 7.89074 26.4917
5.0 7.0 7.75352 26.4917
5.0 7.0 7.75996 26.4917
5.0 7.0 7.75901 26.4917
5.0 7.0 7.89657 26.4917
5.0 7.0 7.77134 26.4917
5.0 7.0 8.59898 26.4917
5.0 7.0 7.86704 26.4917
5.0 7.0 7.87727 26.4917
5.0 7.0 7.99068 26.4917
5.0 7.0 7.92813 26.4917
5.0 8.0 6.65406 26.4321
5.0 8.0 6.65671 26.4321
5.0 8.0 6.87792 26.4321
5.0 8.0 6.69276 26.4321
5.0 8.0 6.79707 26.4321
5.0 8.0 7.39376 26.4321
5.0 8.0 6.63686 26.4321
5.0 8.0 6.74925 26.4321
5.0 8.0 6.78469 26.4321
5.0 8.0 7.03476 26.4321
5.0 8.0 7.35721 26.4321
5.0 8.0 6.76323 26.4321
5.0 8.0 6.77912 26.4321
5.0 8.0 6.75545 26.4321
5.0 8.0 6.75146 26.4321
5.0 8.0 6.75186 26.4321
5.0 8.0 6.65748 26.4321
5.0 8.0 6.69051 26.4321
5.0 8.0 6.8002 26.4321
5.0 8.0 6.90355 26.4321
5.0 8.0 6.64616 26.4321
5.0 8.0 6.64858 26.4321
5.0 8.0 7.40211 26.4321
5.0 8.0 6.75529 26.4321
5.0 8.0 6.76715 26.4321
5.0 8.0 6.7786 26.4321
5.0 8.0 6.78226 26.4321
5.0 8.0 6.7509 26.4321
5.0 8.0 7.38241 26.4321
5.0 8.0 6.74228 26.4321
5.0 8.0 6.74888 26.4321
5.0 8.0 6.75542 26.4321
5.0 8.0 6.6569 26.4321
5.0 8.0 6.6944 26.4321
5.0 8.0 6.78165 26.4321
5.0 8.0 6.63266 26.4321
5.0 8.0 6.87727 26.4321
5.0 8.0 6.66342 26.4321
5.0 8.0 6.75602 26.4321
5.0 8.0 7.39412 26.4321
5.0 8.0 6.78488 26.4321
5.0 8.0 6.78687 26.4321
5.0 8.0 6.92719 26.4321
5.0 8.0 6.76712 26.4321
5.0 8.0 7.37224 26.4321
5.0 8.0 6.75696 26.4321
5.0 8.0 6.76847 26.4321
5.0 8.0 6.78211 26.4321
5.0 8.0 6.65433 26.4321
5.0 8.0 6.69494 26.4321
5.0 9.0 6.09724 26.4921
5.0 9.0 6.19938 26.4921
5.0 9.0 6.19925 26.4921
5.0 9.0 6.20672 26.4921
5.0 9.0 6.22624 26.4921
5.0 9.0 6.52259 26.4921
5.0 9.0 6.59439 26.4921
5.0 9.0 6.13941 26.4921
5.0 9.0 6.22668 26.4921
5.0 9.0 6.73946 26.4921
5.0 9.0 6.08958 26.4921
5.0 9.0 6.10944 26.4921
5.0 9.0 6.71379 26.4921
5.0 9.0 6.11624 26.4921
5.0 9.0 6.65131 26.4921
5.0 9.0 6.08424 26.4921
5.0 9.0 6.2085 26.4921
5.0 9.0 6.76974 26.4921
5.0 9.0 6.13729 26.4921
5.0 9.0 6.19745 26.4921
5.0 9.0 6.19612 26.4921
5.0 9.0 6.23082 26.4921
5.0 9.0 6.24153 26.4921
5.0 9.0 6.08549 26.4921
5.0 9.0 6.75049 26.4921
5.0 9.0 6.76451 26.4921
5.0 9.0 6.07832 26.4921
5.0 9.0 6.10869 26.4921
5.0 9.0 6.63833 26.4921
5.0 9.0 6.0961 26.4921
5.0 9.0 6.73731 26.4921
5.0 9.0 6.22253 26.4921
5.0 9.0 6.14305 26.4921
5.0 9.0 6.19908 26.4921
5.0 9.0 6.08358 26.4921
5.0 9.0 6.19645 26.4921
5.0 9.0 6.22379 26.4921
5.0 9.0 6.23554 26.4921
5.0 9.0 6.67086 26.4921
5.0 9.0 6.45876 26.4921
5.0 9.0 6.10336 26.4921
5.0 9.0 6.12391 26.4921
5.0 9.0 6.62566 26.4921
5.0 9.0 6.10194 26.4921
5.0 9.0 6.20834 26.4921
5.0 9.0 6.72127 26.4921
5.0 9.0 6.14371 26.4921
5.0 9.0 6.20111 26.4921
5.0 9.0 6.07778 26.4921
5.0 9.0 6.73915 26.4921
5.0 15.0 3.34818 26.4984
5.0 15.0 3.38457 26.4984
5.0 15.0 3.39827 26.4984
5.0 15.0 3.38887 26.4984
5.0 15.0 3.61335 26.4984
5.0 15.0 3.34518 26.4984
5.0 15.0 3.3815 26.4984
5.0 15.0 3.41438 26.4984
5.0 15.0 3.37949 26.4984
5.0 15.0 3.49349 26.4984
5.0 15.0 3.35447 26.4984
5.0 15.0 3.38332 26.4984
5.0 15.0 3.62642 26.4984
5.0 15.0 3.3724 26.4984
5.0 15.0 3.40529 26.4984
5.0 15.0 3.34272 26.4984
5.0 15.0 3.40525 26.4984
5.0 15.0 3.38569 26.4984
5.0 15.0 3.60779 26.4984
5.0 15.0 3.33816 26.4984
5.0 15.0 3.39906 26.4984
5.0 15.0 3.38399 26.4984
5.0 15.0 3.37531 26.4984
5.0 15.0 3.34217 26.4984
5.0 15.0 3.39434 26.4984
5.0 15.0 3.38778 26.4984
5.0 15.0 3.64057 26.4984
5.0 15.0 3.38368 26.4984
5.0 15.0 3.40493 26.4984
5.0 15.0 3.34555 26.4984
5.0 15.0 3.37116 26.4984
5.0 15.0 3.34693 26.4984
5.0 15.0 3.39611 26.4984
5.0 15.0 3.38672 26.4984
5.0 15.0 3.62071 26.4984
5.0 15.0 3.3831 26.4984
5.0 15.0 3.4062 26.4984
5.0 15.0 3.33977 26.4984
5.0 15.0 3.38824 26.4984
5.0 15.0 3.34706 26.4984
5.0 15.0 3.40498 26.4984
5.0 15.0 3.38343 26.4984
5.0 15.0 3.60677 26.4984
5.0 15.0 3.37223 26.4984
5.0 15.0 3.40676 26.4984
5.0 15.0 3.38762 26.4984
5.0 15.0 3.3382 26.4984
5.0 15.0 3.34487 26.4984
5.0 15.0 3.53226 26.4984
5.0 15.0 3.62401 26.4984
5.0 16.0 3.37921 26.4984
5.0 16.0 3.37723 26.4984
5.0 16.0 3.38773 26.4984
5.0 16.0 3.39623 26.4984
5.0 16.0 3.395 26.4984
5.0 16.0 3.40097 26.4984
5.0 16.0 3.40116 26.4984
5.0 16.0 3.37626 26.4984
5.0 16.0 3.37448 26.4984
5.0 16.0 3.37979 26.4984
5.0 16.0 3.39149 26.4984
5.0 16.0 3.40751 26.4984
5.0 16.0 3.4078 26.4984
5.0 16.0 3.38434 26.4984
5.0 16.0 3.40027 26.4984
5.0 16.0 3.38348 26.4984
5.0 16.0 3.38148 26.4984
5.0 16.0 3.39588 26.4984
5.0 16.0 3.39945 26.4984
5.0 16.0 3.39678 26.4984
5.0 16.0 3.39976 26.4984
5.0 16.0 3.44241 26.4984
5.0 16.0 3.38009 26.4984
5.0 16.0 3.37868 26.4984
5.0 16.0 3.41033 26.4984
5.0 16.0 3.39268 26.4984
5.0 16.0 3.37474 26.4984
5.0 16.0 3.39672 26.4984
5.0 16.0 3.39918 26.4984
5.0 16.0 3.39148 26.4984
5.0 16.0 3.4259 26.4984
5.0 16.0 3.39756 26.4984
5.0 16.0 3.40654 26.4984
5.0 16.0 3.37582 26.4984
5.0 16.0 3.37493 26.4984
5.0 16.0 3.38316 26.4984
5.0 16.0 3.39917 26.4984
5.0 16.0 3.37944 26.4984
5.0 16.0 3.40078 26.4984
5.0 16.0 3.39167 26.4984
5.0 16.0 3.39838 26.4984
5.0 16.0 3.3752 26.4984
5.0 16.0 3.36912 26.4984
5.0 16.0 3.38175 26.4984
5.0 16.0 3.40556 26.4984
5.0 16.0 3.32809 26.4984
5.0 16.0 3.3738 26.4984
5.0 16.0 3.3959 26.4984
5.0 16.0 3.38684 26.4984
5.0 16.0 3.39468 26.4984
5.0 17.0 2.83309 26.4559
5.0 17.0 2.82701 26.4559
5.0 17.0 2.82497 26.4559
5.0 17.0 2.82292 26.4559
5.0 17.0 2.81801 26.4559
5.0 17.0 2.8209 26.4559
5.0 17.0 2.82265 26.4559
5.0 17.0 2.83421 26.4559
5.0 17.0 2.83696 26.4559
5.0 17.0 2.82147 26.4559
5.0 17.0 2.81972 26.4559
5.0 17.0 2.8332 26.4559
5.0 17.0 2.82254 26.4559
5.0 17.0 2.82192 26.4559
5.0 17.0 2.82144 26.4559
5.0 17.0 2.82638 26.4559
5.0 17.0 2.82369 26.4559
5.0 17.0 2.82205 26.4559
5.0 17.0 2.81909 26.4559
5.0 17.0 2.82282 26.4559
5.0 17.0 2.82557 26.4559
5.0 17.0 2.83077 26.4559
5.0 17.0 2.82985 26.4559
5.0 17.0 2.82557 26.4559
5.0 17.0 2.82494 26.4559
5.0 17.0 2.82054 26.4559
5.0 17.0 2.82806 26.4559
5.0 17.0 2.84163 26.4559
5.0 17.0 2.8266 26.4559
5.0 17.0 2.82754 26.4559
5.0 17.0 2.81523 26.4559
5.0 17.0 2.82685 26.4559
5.0 17.0 2.81974 26.4559
5.0 17.0 2.8347 26.4559
5.0 17.0 2.84637 26.4559
5.0 17.0 2.83547 26.4559
5.0 17.0 2.81918 26.4559
5.0 17.0 2.82984 26.4559
5.0 17.0 2.82168 26.4559
5.0 17.0 2.82008 26.4559
5.0 17.0 2.81755 26.4559
5.0 17.0 2.84603 26.4559
5.0 17.0 2.83152 26.4559
5.0 17.0 2.82955 26.4559
5.0 17.0 2.8279 26.4559
5.0 17.0 2.81714 26.4559
5.0 17.0 2.8196 26.4559
5.0 17.0 2.82026 26.4559
5.0 17.0 2.82535 26.4559
5.0 17.0 2.82947 26.4559
5.0 31.0 1.70093 26.498
5.0 31.0 1.69594 26.498
5.0 31.0 1.69622 26.498
5.0 31.0 1.69331 26.498
5.0 31.0 1.69827 26.498
5.0 31.0 1.6943 26.498
5.0 31.0 1.69433 26.498
5.0 31.0 1.69399 26.498
5.0 31.0 1.70276 26.498
5.0 31.0 1.69574 26.498
5.0 31.0 1.69329 26.498
5.0 31.0 1.70386 26.498
5.0 31.0 1.72065 26.498
5.0 31.0 1.69639 26.498
5.0 31.0 1.7111 26.498
5.0 31.0 1.69279 26.498
5.0 31.0 1.70721 26.498
5.0 31.0 1.70064 26.498
5.0 31.0 1.70054 26.498
5.0 31.0 1.69251 26.498
5.0 31.0 1.70187 26.498
5.0 31.0 1.69939 26.498
5.0 31.0 1.704 26.498
5.0 31.0 1.69513 26.498
5.0 31.0 1.7066 26.498
5.0 31.0 1.70042 26.498
5.0 31.0 1.6948 26.498
5.0 31.0 1.69369 26.498
5.0 31.0 1.70456 26.498
5.0 31.0 1.69276 26.498
5.0 31.0 1.70079 26.498
5.0 31.0 1.69164 26.498
5.0 31.0 1.70588 26.498
5.0 31.0 1.69419 26.498
5.0 31.0 1.69157 26.498
5.0 31.0 1.6984 26.498
5.0 31.0 1.70108 26.498
5.0 31.0 1.69413 26.498
5.0 31.0 1.69885 26.498
5.0 31.0 1.68915 26.498
5.0 31.0 1.70156 26.498
5.0 31.0 1.69333 26.498
5.0 31.0 1.70204 26.498
5.0 31.0 1.69159 26.498
5.0 31.0 1.69405 26.498
5.0 31.0 1.70517 26.498
5.0 31.0 1.69289 26.498
5.0 31.0 1.69051 26.498
5.0 31.0 1.70597 26.498
5.0 31.0 1.69484 26.498
5.0 32.0 1.80652 26.498
5.0 32.0 1.81152 26.498
5.0 32.0 1.80129 26.498
5.0 32.0 1.78857 26.498
5.0 32.0 1.82358 26.498
5.0 32.0 1.79409 26.498
5.0 32.0 1.80122 26.498
5.0 32.0 1.72361 26.498
5.0 32.0 1.80182 26.498
5.0 32.0 1.80786 26.498
5.0 32.0 1.77732 26.498
5.0 32.0 1.78353 26.498
5.0 32.0 1.7678 26.498
5.0 32.0 1.79724 26.498
5.0 32.0 1.76356 26.498
5.0 32.0 1.70233 26.498
5.0 32.0 1.79558 26.498
5.0 32.0 1.77807 26.498
5.0 32.0 1.7781 26.498
5.0 32.0 1.79635 26.498
5.0 32.0 1.78396 26.498
5.0 32.0 1.7698 26.498
5.0 32.0 1.76982 26.498
5.0 32.0 1.79692 26.498
5.0 32.0 1.65451 26.498
5.0 32.0 1.79636 26.498
5.0 32.0 1.78058 26.498
5.0 32.0 1.80246 26.498
5.0 32.0 1.79741 26.498
5.0 32.0 1.79431 26.498
5.0 32.0 1.72556 26.498
5.0 32.0 1.80007 26.498
5.0 32.0 1.82139 26.498
5.0 32.0 1.69445 26.498
5.0 32.0 1.78208 26.498
5.0 32.0 1.78765 26.498
5.0 32.0 1.69491 26.498
5.0 32.0 1.69161 26.498
5.0 32.0 1.80329 26.498
5.0 32.0 1.79132 26.498
5.0 32.0 1.80154 26.498
5.0 32.0 1.763 26.498
5.0 32.0 1.78623 26.498
5.0 32.0 1.77632 26.498
5.0 32.0 1.79555 26.498
5.0 32.0 1.80773 26.498
5.0 32.0 1.80333 26.498
5.0 32.0 1.79971 26.498
5.0 32.0 1.80295 26.498
5.0 32.0 1.76748 26.498
5.0 33.0 1.78029 26.498
5.0 33.0 1.69741 26.498
5.0 33.0 1.78671 26.498
5.0 33.0 1.78227 26.498
5.0 33.0 1.80253 26.498
5.0 33.0 1.79235 26.498
5.0 33.0 1.79978 26.498
5.0 33.0 1.79619 26.498
5.0 33.0 1.68008 26.498
5.0 33.0 1.79447 26.498
5.0 33.0 1.7939 26.498
5.0 33.0 1.76455 26.498
5.0 33.0 1.78256 26.498
5.0 33.0 1.79883 26.498
5.0 33.0 1.79687 26.498
5.0 33.0 1.79527 26.498
5.0 33.0 1.79619 26.498
5.0 33.0 1.7971 26.498
5.0 33.0 1.78974 26.498
5.0 33.0 1.77121 26.498
5.0 33.0 1.72282 26.498
5.0 33.0 1.77301 26.498
5.0 33.0 1.78035 26.498
5.0 33.0 1.78764 26.498
5.0 33.0 1.77099 26.498
5.0 33.0 1.79275 26.498
5.0 33.0 1.74887 26.498
5.0 33.0 1.79153 26.498
5.0 33.0 1.78923 26.498
5.0 33.0 1.80352 26.498
5.0 33.0 1.77611 26.498
5.0 33.0 1.65616 26.498
5.0 33.0 1.79394 26.498
5.0 33.0 1.74348 26.498
5.0 33.0 1.79718 26.498
5.0 33.0 1.75947 26.498
5.0 33.0 1.76693 26.498
5.0 33.0 1.78034 26.498
5.0 33.0 1.79573 26.498
5.0 33.0 1.788 26.498
5.0 33.0 1.76434 26.498
5.0 33.0 1.78629 26.498
5.0 33.0 1.80483 26.498
5.0 33.0 1.80098 26.498
5.0 33.0 1.8056 26.498
5.0 33.0 1.79795 26.498
5.0 33.0 1.79759 26.498
5.0 33.0 1.78467 26.498
5.0 33.0 1.80522 26.498
5.0 33.0 1.70007 26.498
