0.0 1.0 0.439485 -181.08
0.0 1.0 0.46421 -181.05
0.0 1.0 0.438874 -181.082
0.0 1.0 0.432132 -181.08
0.0 1.0 0.430069 -181.08
0.0 1.0 0.443375 -181.03
0.0 1.0 0.462338 -181.082
0.0 1.0 0.439588 -181.093
0.0 1.0 0.430003 -181.08
0.0 1.0 0.453757 -181.03
0.0 1.0 0.481608 -181.05
0.0 1.0 0.449545 -181.03
0.0 1.0 0.454488 -181.08
0.0 1.0 0.439983 -180.992
0.0 1.0 0.443844 -181.082
0.0 1.0 0.464978 -181.08
0.0 1.0 0.449851 -181.083
0.0 1.0 0.486446 -181.05
0.0 1.0 0.547077 -181.083
0.0 1.0 0.421145 -181.082
0.0 1.0 0.468375 -181.078
0.0 1.0 0.507559 -181.082
0.0 1.0 0.455862 -181.03
0.0 1.0 0.555222 -181.03
0.0 1.0 0.44816 -181.03
0.0 1.0 0.597651 -181.05
0.0 1.0 0.487771 -181.05
0.0 1.0 0.425572 -180.82
0.0 1.0 0.409196 -181.082
0.0 1.0 0.45831 -181.05
0.0 1.0 0.434584 -181.082
0.0 1.0 0.546806 -181.05
0.0 1.0 0.466733 -181.059
0.0 1.0 0.445998 -181.082
0.0 1.0 0.453227 -181.08
0.0 1.0 0.459233 -181.05
0.0 1.0 0.55547 -181.05
0.0 1.0 0.496171 -181.03
0.0 1.0 0.420753 -181.082
0.0 1.0 0.422629 -181.082
0.0 1.0 0.454338 -181.083
0.0 1.0 0.453233 -181.05
0.0 1.0 0.456171 -181.082
0.0 1.0 0.460406 -180.992
0.0 1.0 0.422209 -181.082
0.0 1.0 0.442198 -181.038
0.0 1.0 0.407347 -181.093
0.0 1.0 0.422162 -181.08
0.0 1.0 0.419011 -181.082
0.0 1.0 0.420864 -181.082
0.0 2.0 0.238764 -180.965
0.0 2.0 0.231283 -181.082
0.0 2.0 0.228081 -181.099
0.0 2.0 0.261652 -181.05
0.0 2.0 0.233101 -180.75
0.0 2.0 0.229862 -181.082
0.0 2.0 0.241314 -180.977
0.0 2.0 0.234815 -181.05
0.0 2.0 0.250266 -181.059
0.0 2.0 0.240846 -181.08
0.0 2.0 0.245204 -181.058
0.0 2.0 0.235049 -181.106
0.0 2.0 0.219575 -181.066
0.0 2.0 0.240957 -181.082
0.0 2.0 0.236925 -181.082
0.0 2.0 0.278505 -181.097
0.0 2.0 0.224216 -181.082
0.0 2.0 0.233334 -180.965
0.0 2.0 0.252162 -181.082
0.0 2.0 0.233514 -180.926
0.0 2.0 0.222886 -181.082
0.0 2.0 0.234773 -181.059
0.0 2.0 0.257277 -181.099
0.0 2.0 0.217641 -181.078
0.0 2.0 0.236341 -181.0
0.0 2.0 0.234283 -181.05
0.0 2.0 0.226919 -181.097
0.0 2.0 0.242075 -181.059
0.0 2.0 0.233 -181.051
0.0 2.0 0.219861 -181.05
0.0 2.0 0.238142 -181.082
0.0 2.0 0.239279 -181.071
0.0 2.0 0.229325 -181.082
0.0 2.0 0.231893 -181.032
0.0 2.0 0.225861 -181.068
0.0 2.0 0.230585 -181.082
0.0 2.0 0.225466 -181.097
0.0 2.0 0.238614 -180.909
0.0 2.0 0.237934 -181.059
0.0 2.0 0.235249 -181.082
0.0 2.0 0.236414 -181.08
0.0 2.0 0.228374 -181.082
0.0 2.0 0.230303 -180.971
0.0 2.0 0.234534 -181.08
0.0 2.0 0.229736 -181.068
0.0 2.0 0.249915 -181.089
0.0 2.0 0.257206 -181.058
0.0 2.0 0.230219 -181.058
0.0 2.0 0.230496 -181.082
0.0 2.0 0.237573 -181.082
0.0 4.0 0.194476 -180.96
0.0 4.0 0.193524 -181.084
0.0 4.0 0.19575 -181.08
0.0 4.0 0.199441 -181.103
0.0 4.0 0.195924 -181.065
0.0 4.0 0.196477 -181.053
0.0 4.0 0.200107 -181.039
0.0 4.0 0.194316 -180.964
0.0 4.0 0.197002 -181.047
0.0 4.0 0.193951 -181.073
0.0 4.0 0.19741 -181.104
0.0 4.0 0.195317 -181.051
0.0 4.0 0.207898 -181.018
0.0 4.0 0.198712 -181.027
0.0 4.0 0.198205 -181.058
0.0 4.0 0.199058 -181.083
0.0 4.0 0.193014 -181.008
0.0 4.0 0.198672 -180.996
0.0 4.0 0.225764 -181.054
0.0 4.0 0.198151 -181.06
0.0 4.0 0.193427 -181.072
0.0 4.0 0.197327 -181.031
0.0 4.0 0.193528 -181.08
0.0 4.0 0.194467 -180.96
0.0 4.0 0.196275 -180.96
0.0 4.0 0.197235 -181.026
0.0 4.0 0.194136 -181.072
0.0 4.0 0.193641 -181.08
0.0 4.0 0.201857 -180.966
0.0 4.0 0.192099 -181.04
0.0 4.0 0.199714 -181.025
0.0 4.0 0.196182 -180.994
0.0 4.0 0.193856 -181.053
0.0 4.0 0.197493 -181.031
0.0 4.0 0.195868 -181.085
0.0 4.0 0.199249 -181.052
0.0 4.0 0.194568 -181.023
0.0 4.0 0.194847 -180.986
0.0 4.0 0.195415 -181.031
0.0 4.0 0.198366 -180.92
0.0 4.0 0.201329 -181.103
0.0 4.0 0.195989 -180.978
0.0 4.0 0.198275 -180.96
0.0 4.0 0.199075 -181.094
0.0 4.0 0.200655 -180.992
0.0 4.0 0.197622 -180.981
0.0 4.0 0.200727 -181.081
0.0 4.0 0.201793 -181.093
0.0 4.0 0.236512 -181.053
0.0 4.0 0.201095 -181.075
0.0 5.0 0.232133 -181.009
0.0 5.0 0.251439 -181.017
0.0 5.0 0.233608 -181.017
0.0 5.0 0.24753 -181.046
0.0 5.0 0.247903 -181.044
0.0 5.0 0.769536 -180.902
0.0 5.0 0.744411 -181.041
0.0 5.0 0.722362 -181.041
0.0 5.0 0.876482 -181.064
0.0 5.0 0.81062 -181.054
0.0 5.0 0.769846 -181.068
0.0 5.0 0.241052 -181.014
0.0 5.0 0.263579 -181.014
0.0 5.0 0.247145 -180.88
0.0 5.0 0.834673 -181.093
0.0 5.0 0.82977 -181.078
0.0 5.0 0.246004 -181.046
0.0 5.0 0.759428 -181.073
0.0 5.0 0.249606 -181.017
0.0 5.0 0.720629 -181.058
0.0 5.0 0.842507 -181.061
0.0 5.0 0.874385 -181.068
0.0 5.0 0.730389 -181.061
0.0 5.0 0.270649 -181.077
0.0 5.0 0.245103 -180.88
0.0 5.0 2.28965 -180.859
0.0 5.0 0.245035 -181.014
0.0 5.0 0.73885 -181.061
0.0 5.0 0.764914 -181.028
0.0 5.0 0.706369 -181.011
0.0 5.0 0.706845 -181.081
0.0 5.0 0.270415 -180.88
0.0 5.0 0.760036 -181.061
0.0 5.0 0.77401 -181.01
0.0 5.0 0.233041 -181.017
0.0 5.0 1.36808 -180.941
0.0 5.0 0.748594 -180.88
0.0 5.0 0.863443 -181.046
0.0 5.0 0.775548 -180.859
0.0 5.0 0.752829 -181.068
0.0 5.0 1.35092 -180.902
0.0 5.0 0.869433 -181.039
0.0 5.0 0.841314 -181.046
0.0 5.0 0.261841 -181.014
0.0 5.0 0.800065 -181.054
0.0 5.0 0.770813 -181.059
0.0 5.0 0.713936 -181.059
0.0 5.0 0.886358 -181.064
0.0 5.0 0.690324 -180.939
0.0 5.0 0.254684 -181.017
0.0 10.0 1.47606 -181.074
0.0 10.0 0.798081 -180.931
0.0 10.0 1.00329 -181.014
0.0 10.0 0.768598 -181.059
0.0 10.0 0.698519 -181.04
0.0 10.0 0.795182 -181.055
0.0 10.0 0.781363 -180.975
0.0 10.0 0.783801 -180.953
0.0 10.0 0.75603 -180.724
0.0 10.0 0.752984 -181.021
0.0 10.0 0.768493 -181.094
0.0 10.0 0.814677 -181.049
0.0 10.0 0.881233 -180.929
0.0 10.0 1.20287 -181.01
0.0 10.0 1.41776 -181.053
0.0 10.0 1.44286 -181.087
0.0 10.0 2.1586 -180.954
0.0 10.0 1.39022 -181.063
0.0 10.0 0.890388 -181.038
0.0 10.0 3.08756 -181.063
0.0 10.0 1.90644 -180.902
0.0 10.0 0.710773 -181.022
0.0 10.0 0.807264 -180.945
0.0 10.0 0.827528 -181.037
0.0 10.0 0.74475 -181.008
0.0 10.0 0.69135 -180.902
0.0 10.0 0.949595 -181.028
0.0 10.0 0.781848 -180.918
0.0 10.0 0.874057 -181.062
0.0 10.0 0.793644 -181.068
0.0 10.0 0.894502 -181.066
0.0 10.0 0.89475 -181.087
0.0 10.0 0.770018 -180.878
0.0 10.0 0.776881 -181.08
0.0 10.0 0.758579 -181.081
0.0 10.0 0.914654 -181.088
0.0 10.0 0.757742 -181.013
0.0 10.0 1.08769 -180.911
0.0 10.0 1.82988 -180.978
0.0 10.0 1.86109 -181.074
0.0 10.0 1.64217 -181.052
0.0 10.0 0.720799 -181.042
0.0 10.0 0.941072 -180.984
0.0 10.0 0.693193 -181.008
0.0 10.0 0.690553 -181.043
0.0 10.0 1.22654 -181.018
0.0 10.0 0.803257 -181.008
0.0 10.0 0.730517 -181.019
0.0 10.0 2.14791 -181.003
0.0 10.0 0.883539 -180.93
1.0 1.0 0.481728 -19.5946
1.0 1.0 0.457425 -19.5954
1.0 1.0 0.496221 -19.595
1.0 1.0 0.49191 -19.5954
1.0 1.0 0.505723 -19.5954
1.0 1.0 0.530782 -19.5954
1.0 1.0 0.475117 -19.5954
1.0 1.0 0.460177 -19.5954
1.0 1.0 0.516342 -19.5954
1.0 1.0 0.487282 -19.5942
1.0 1.0 0.584865 -19.5954
1.0 1.0 0.561558 -19.5954
1.0 1.0 0.476676 -19.5953
1.0 1.0 0.428864 -19.5954
1.0 1.0 0.448906 -19.5954
1.0 1.0 0.457526 -19.5953
1.0 1.0 0.465617 -19.5953
1.0 1.0 0.440415 -19.5954
1.0 1.0 0.463888 -19.5954
1.0 1.0 0.450034 -19.5954
1.0 1.0 0.492587 -19.5954
1.0 1.0 0.491213 -19.5954
1.0 1.0 0.459482 -19.5942
1.0 1.0 0.464273 -19.5953
1.0 1.0 0.514706 -19.5954
1.0 1.0 0.459322 -19.5942
1.0 1.0 0.461533 -19.5953
1.0 1.0 0.466722 -19.5954
1.0 1.0 0.480414 -19.5954
1.0 1.0 0.458167 -19.5954
1.0 1.0 0.458107 -19.5954
1.0 1.0 0.46889 -19.5954
1.0 1.0 0.48362 -19.5954
1.0 1.0 0.453095 -19.5953
1.0 1.0 0.49671 -19.5954
1.0 1.0 0.562938 -19.5954
1.0 1.0 0.460395 -19.5953
1.0 1.0 0.480431 -19.5954
1.0 1.0 0.481803 -19.5953
1.0 1.0 0.492651 -19.5953
1.0 1.0 0.47875 -19.5953
1.0 1.0 0.458937 -19.5954
1.0 1.0 0.489655 -19.5954
1.0 1.0 0.449816 -19.5953
1.0 1.0 0.472447 -19.5954
1.0 1.0 0.459833 -19.5942
1.0 1.0 0.458862 -19.5954
1.0 1.0 0.521854 -19.5954
1.0 1.0 0.44504 -19.5954
1.0 1.0 0.469927 -19.5954
1.0 2.0 0.2648 -19.5954
1.0 2.0 0.264503 -19.5954
1.0 2.0 0.24845 -19.5954
1.0 2.0 0.244474 -19.5954
1.0 2.0 0.246564 -19.5951
1.0 2.0 0.243979 -19.5953
1.0 2.0 0.249715 -19.595
1.0 2.0 0.242161 -19.5953
1.0 2.0 0.2437 -19.5954
1.0 2.0 0.251092 -19.5953
1.0 2.0 0.24076 -19.5948
1.0 2.0 0.258352 -19.5954
1.0 2.0 0.25311 -19.5954
1.0 2.0 0.264256 -19.5954
1.0 2.0 0.294657 -19.5949
1.0 2.0 0.253573 -19.5951
1.0 2.0 0.249652 -19.5954
1.0 2.0 0.233044 -19.5946
1.0 2.0 0.24463 -19.5953
1.0 2.0 0.246704 -19.5954
1.0 2.0 0.254241 -19.5954
1.0 2.0 0.2412 -19.5953
1.0 2.0 0.256832 -19.5954
1.0 2.0 0.255763 -19.5954
1.0 2.0 0.245004 -19.5954
1.0 2.0 0.235471 -19.5946
1.0 2.0 0.275217 -19.5954
1.0 2.0 0.251084 -19.5954
1.0 2.0 0.239913 -19.5954
1.0 2.0 0.244752 -19.5953
1.0 2.0 0.247507 -19.5954
1.0 2.0 0.270935 -19.5946
1.0 2.0 0.264205 -19.5954
1.0 2.0 0.245508 -19.5954
1.0 2.0 0.234537 -19.5954
1.0 2.0 0.253043 -19.5954
1.0 2.0 0.265803 -19.5954
1.0 2.0 0.266304 -19.5946
1.0 2.0 0.254328 -19.5951
1.0 2.0 0.24879 -19.5954
1.0 2.0 0.250593 -19.5954
1.0 2.0 0.228948 -19.5949
1.0 2.0 0.257888 -19.5954
1.0 2.0 0.260474 -19.5954
1.0 2.0 0.255186 -19.5946
1.0 2.0 0.258818 -19.5938
1.0 2.0 0.244194 -19.5953
1.0 2.0 0.261762 -19.5954
1.0 2.0 0.253387 -19.5954
1.0 2.0 0.264896 -19.5954
1.0 4.0 0.196996 -19.5954
1.0 4.0 0.195577 -19.5954
1.0 4.0 0.193447 -19.5954
1.0 4.0 0.19147 -19.5954
1.0 4.0 0.190799 -19.5954
1.0 4.0 0.193345 -19.5954
1.0 4.0 0.197013 -19.5954
1.0 4.0 0.193945 -19.5954
1.0 4.0 0.194581 -19.5954
1.0 4.0 0.19407 -19.5954
1.0 4.0 0.190901 -19.5954
1.0 4.0 0.206162 -19.5954
1.0 4.0 0.191498 -19.5954
1.0 4.0 0.195498 -19.5954
1.0 4.0 0.1973 -19.5954
1.0 4.0 0.190747 -19.5954
1.0 4.0 0.192624 -19.5954
1.0 4.0 0.194797 -19.5954
1.0 4.0 0.191778 -19.5954
1.0 4.0 0.198419 -19.5954
1.0 4.0 0.194439 -19.5954
1.0 4.0 0.190363 -19.5954
1.0 4.0 0.195452 -19.5954
1.0 4.0 0.19527 -19.5954
1.0 4.0 0.195331 -19.5954
1.0 4.0 0.191401 -19.5954
1.0 4.0 0.194066 -19.5954
1.0 4.0 0.191515 -19.5954
1.0 4.0 0.190441 -19.5954
1.0 4.0 0.19169 -19.5954
1.0 4.0 0.193826 -19.5954
1.0 4.0 0.197066 -19.5954
1.0 4.0 0.190684 -19.5954
1.0 4.0 0.191179 -19.5954
1.0 4.0 0.196419 -19.5954
1.0 4.0 0.189573 -19.5954
1.0 4.0 0.191093 -19.5954
1.0 4.0 0.193716 -19.5954
1.0 4.0 0.192938 -19.5954
1.0 4.0 0.189563 -19.5954
1.0 4.0 0.192453 -19.5954
1.0 4.0 0.193932 -19.5954
1.0 4.0 0.190976 -19.5954
1.0 4.0 0.190549 -19.5954
1.0 4.0 0.192938 -19.5954
1.0 4.0 0.190131 -19.5954
1.0 4.0 0.196363 -19.5954
1.0 4.0 0.205374 -19.5954
1.0 4.0 0.190898 -19.5954
1.0 4.0 0.193143 -19.5954
1.0 5.0 0.790187 -19.5954
1.0 5.0 0.795123 -19.5954
1.0 5.0 0.716845 -19.5954
1.0 5.0 0.750908 -19.5954
1.0 5.0 0.25115 -19.5953
1.0 5.0 0.25504 -19.5954
1.0 5.0 0.686092 -19.5954
1.0 5.0 0.752831 -19.5954
1.0 5.0 0.695222 -19.5954
1.0 5.0 0.256479 -19.5953
1.0 5.0 0.699998 -19.5953
1.0 5.0 0.700968 -19.5954
1.0 5.0 0.71878 -19.5947
1.0 5.0 0.248099 -19.5953
1.0 5.0 0.681577 -19.5953
1.0 5.0 0.271288 -19.595
1.0 5.0 0.241885 -19.5953
1.0 5.0 0.736403 -19.5954
1.0 5.0 0.692563 -19.5953
1.0 5.0 0.279826 -19.5952
1.0 5.0 0.84431 -19.5954
1.0 5.0 0.743303 -19.5952
1.0 5.0 0.71843 -19.5953
1.0 5.0 0.249781 -19.5952
1.0 5.0 0.276372 -19.5953
1.0 5.0 1.57549 -19.5954
1.0 5.0 0.679332 -19.5954
1.0 5.0 0.65679 -19.5954
1.0 5.0 0.746635 -19.5954
1.0 5.0 0.674723 -19.5954
1.0 5.0 0.688903 -19.5954
1.0 5.0 0.723023 -19.5953
1.0 5.0 0.7431 -19.5954
1.0 5.0 1.0351 -19.5954
1.0 5.0 0.266621 -19.5951
1.0 5.0 0.657826 -19.5954
1.0 5.0 0.825272 -19.5954
1.0 5.0 0.768257 -19.5954
1.0 5.0 0.676592 -19.5953
1.0 5.0 0.719215 -19.5954
1.0 5.0 0.243098 -19.5953
1.0 5.0 0.685488 -19.5954
1.0 5.0 0.271965 -19.5952
1.0 5.0 0.687619 -19.5954
1.0 5.0 0.681329 -19.5954
1.0 5.0 0.281967 -19.5953
1.0 5.0 0.608292 -19.5954
1.0 5.0 0.757833 -19.5954
1.0 5.0 0.652643 -19.5953
1.0 5.0 0.732673 -19.595
1.0 10.0 0.560509 -19.5954
1.0 10.0 0.713579 -19.5954
1.0 10.0 0.714575 -19.5954
1.0 10.0 0.812485 -19.5954
1.0 10.0 0.594355 -19.5953
1.0 10.0 0.800806 -19.5953
1.0 10.0 1.22844 -19.5954
1.0 10.0 1.39994 -19.5954
1.0 10.0 1.75267 -19.5954
1.0 10.0 0.684701 -19.5954
1.0 10.0 2.63214 -19.5954
1.0 10.0 0.717389 -19.5954
1.0 10.0 0.909565 -19.5954
1.0 10.0 0.648823 -19.5954
1.0 10.0 0.795373 -19.5954
1.0 10.0 0.76311 -19.5954
1.0 10.0 0.773935 -19.5954
1.0 10.0 0.750854 -19.5953
1.0 10.0 1.31774 -19.5954
1.0 10.0 1.68045 -19.5954
1.0 10.0 0.555253 -19.5954
1.0 10.0 0.593972 -19.5954
1.0 10.0 0.749928 -19.5954
1.0 10.0 0.569801 -19.5954
1.0 10.0 1.21219 -19.5951
1.0 10.0 1.33868 -19.5954
1.0 10.0 0.606236 -19.5954
1.0 10.0 2.22578 -19.5954
1.0 10.0 2.15883 -19.5954
1.0 10.0 2.8308 -19.5954
1.0 10.0 3.66092 -19.595
1.0 10.0 3.28502 -19.5954
1.0 10.0 0.859532 -19.5954
1.0 10.0 1.63298 -19.5954
1.0 10.0 0.714504 -19.5954
1.0 10.0 1.12583 -19.5954
1.0 10.0 1.48114 -19.5954
1.0 10.0 0.840814 -19.5954
1.0 10.0 0.616971 -19.5954
1.0 10.0 0.738117 -19.5952
1.0 10.0 0.637093 -19.5954
1.0 10.0 0.727496 -19.5954
1.0 10.0 0.647779 -19.5954
1.0 10.0 1.47244 -19.5954
1.0 10.0 0.704141 -19.5954
1.0 10.0 0.723093 -19.5954
1.0 10.0 0.56949 -19.5954
1.0 10.0 2.0095 -19.5954
1.0 10.0 3.09558 -19.5954
1.0 10.0 3.47479 -19.5952
2.0 1.0 0.296981 -19.2085
2.0 1.0 0.292054 -19.2085
2.0 1.0 0.25567 -19.2085
2.0 1.0 0.292206 -19.2085
2.0 1.0 0.264159 -19.2085
2.0 1.0 0.263495 -19.2085
2.0 1.0 0.286482 -19.2085
2.0 1.0 0.294015 -19.2085
2.0 1.0 0.253428 -19.2085
2.0 1.0 0.267687 -19.2085
2.0 1.0 0.282248 -19.2085
2.0 1.0 0.269185 -19.2085
2.0 1.0 0.284129 -19.2085
2.0 1.0 0.302187 -19.2085
2.0 1.0 0.261783 -19.2085
2.0 1.0 0.256819 -19.2085
2.0 1.0 0.294161 -19.2085
2.0 1.0 0.296649 -19.2085
2.0 1.0 0.280925 -19.2085
2.0 1.0 0.240045 -19.2085
2.0 1.0 0.26732 -19.2085
2.0 1.0 0.266227 -19.2085
2.0 1.0 0.303157 -19.2085
2.0 1.0 0.353956 -19.2085
2.0 1.0 0.25818 -19.2085
2.0 1.0 0.271229 -19.2085
2.0 1.0 0.287907 -19.2085
2.0 1.0 0.289065 -19.2085
2.0 1.0 0.290156 -19.2085
2.0 1.0 0.330009 -19.2085
2.0 1.0 0.278459 -19.2085
2.0 1.0 0.26922 -19.2085
2.0 1.0 0.298987 -19.2085
2.0 1.0 0.29493 -19.2085
2.0 1.0 0.350307 -19.2085
2.0 1.0 0.293121 -19.2085
2.0 1.0 0.283251 -19.2085
2.0 1.0 0.264089 -19.2085
2.0 1.0 0.259777 -19.2085
2.0 1.0 0.295125 -19.2085
2.0 1.0 0.29145 -19.2085
2.0 1.0 0.277862 -19.2085
2.0 1.0 0.307205 -19.2085
2.0 1.0 0.282734 -19.2085
2.0 1.0 0.265984 -19.2085
2.0 1.0 0.272344 -19.2085
2.0 1.0 0.276906 -19.2085
2.0 1.0 0.262126 -19.2085
2.0 1.0 0.290913 -19.2085
2.0 1.0 0.330436 -19.2085
2.0 2.0 0.16892 -19.2085
2.0 2.0 0.14341 -19.2085
2.0 2.0 0.148916 -19.2085
2.0 2.0 0.150597 -19.2085
2.0 2.0 0.150826 -19.2085
2.0 2.0 0.144939 -19.2085
2.0 2.0 0.161182 -19.2085
2.0 2.0 0.150212 -19.2085
2.0 2.0 0.154572 -19.2085
2.0 2.0 0.172527 -19.2085
2.0 2.0 0.147985 -19.2085
2.0 2.0 0.142399 -19.2085
2.0 2.0 0.147274 -19.2085
2.0 2.0 0.150975 -19.2085
2.0 2.0 0.14269 -19.2085
2.0 2.0 0.152479 -19.2085
2.0 2.0 0.149227 -19.2085
2.0 2.0 0.162195 -19.2085
2.0 2.0 0.140419 -19.2085
2.0 2.0 0.153747 -19.2085
2.0 2.0 0.163668 -19.2085
2.0 2.0 0.155305 -19.2085
2.0 2.0 0.152359 -19.2085
2.0 2.0 0.14726 -19.2085
2.0 2.0 0.147597 -19.2085
2.0 2.0 0.185372 -19.2085
2.0 2.0 0.156285 -19.2085
2.0 2.0 0.141022 -19.2085
2.0 2.0 0.148387 -19.2085
2.0 2.0 0.150467 -19.2085
2.0 2.0 0.143223 -19.2085
2.0 2.0 0.150768 -19.2085
2.0 2.0 0.156352 -19.2085
2.0 2.0 0.167827 -19.2085
2.0 2.0 0.154996 -19.2085
2.0 2.0 0.157193 -19.2085
2.0 2.0 0.15395 -19.2085
2.0 2.0 0.144103 -19.2085
2.0 2.0 0.149126 -19.2085
2.0 2.0 0.144579 -19.2085
2.0 2.0 0.156506 -19.2085
2.0 2.0 0.168912 -19.2085
2.0 2.0 0.1565 -19.2085
2.0 2.0 0.157775 -19.2085
2.0 2.0 0.143319 -19.2085
2.0 2.0 0.142353 -19.2085
2.0 2.0 0.139671 -19.2085
2.0 2.0 0.172642 -19.2085
2.0 2.0 0.15544 -19.2085
2.0 2.0 0.160523 -19.2085
2.0 4.0 0.144545 -19.2085
2.0 4.0 0.15747 -19.2085
2.0 4.0 0.149381 -19.2085
2.0 4.0 0.147963 -19.2085
2.0 4.0 0.146895 -19.2085
2.0 4.0 0.147289 -19.2085
2.0 4.0 0.143735 -19.2085
2.0 4.0 0.15567 -19.2085
2.0 4.0 0.154982 -19.2085
2.0 4.0 0.146532 -19.2085
2.0 4.0 0.153537 -19.2085
2.0 4.0 0.14231 -19.2085
2.0 4.0 0.151419 -19.2085
2.0 4.0 0.149245 -19.2085
2.0 4.0 0.144552 -19.2085
2.0 4.0 0.151692 -19.2085
2.0 4.0 0.147599 -19.2085
2.0 4.0 0.149708 -19.2085
2.0 4.0 0.152544 -19.2085
2.0 4.0 0.144606 -19.2085
2.0 4.0 0.150014 -19.2085
2.0 4.0 0.142916 -19.2085
2.0 4.0 0.152149 -19.2085
2.0 4.0 0.143396 -19.2085
2.0 4.0 0.138952 -19.2085
2.0 4.0 0.152229 -19.2085
2.0 4.0 0.145268 -19.2085
2.0 4.0 0.160695 -19.2085
2.0 4.0 0.145334 -19.2085
2.0 4.0 0.147724 -19.2085
2.0 4.0 0.150667 -19.2085
2.0 4.0 0.144383 -19.2085
2.0 4.0 0.144407 -19.2085
2.0 4.0 0.148555 -19.2085
2.0 4.0 0.149871 -19.2085
2.0 4.0 0.143444 -19.2085
2.0 4.0 0.146383 -19.2085
2.0 4.0 0.143393 -19.2085
2.0 4.0 0.152719 -19.2085
2.0 4.0 0.142706 -19.2085
2.0 4.0 0.144849 -19.2085
2.0 4.0 0.150988 -19.2085
2.0 4.0 0.153386 -19.2085
2.0 4.0 0.145192 -19.2085
2.0 4.0 0.144997 -19.2085
2.0 4.0 0.147732 -19.2085
2.0 4.0 0.142049 -19.2085
2.0 4.0 0.139917 -19.2085
2.0 4.0 0.147387 -19.2085
2.0 4.0 0.147835 -19.2085
2.0 5.0 0.401571 -19.2085
2.0 5.0 0.348584 -19.2085
2.0 5.0 0.168276 -19.2085
2.0 5.0 0.323847 -19.2085
2.0 5.0 0.295932 -19.2085
2.0 5.0 0.182632 -19.2085
2.0 5.0 0.337625 -19.2085
2.0 5.0 0.182384 -19.2085
2.0 5.0 0.316041 -19.2085
2.0 5.0 0.377682 -19.2085
2.0 5.0 0.255982 -19.2085
2.0 5.0 0.369578 -19.2085
2.0 5.0 0.179086 -19.2085
2.0 5.0 0.283531 -19.2085
2.0 5.0 0.179153 -19.2085
2.0 5.0 0.178309 -19.2085
2.0 5.0 0.170828 -19.2085
2.0 5.0 0.303879 -19.2085
2.0 5.0 0.182601 -19.2085
2.0 5.0 0.169714 -19.2085
2.0 5.0 0.280815 -19.2085
2.0 5.0 0.331066 -19.2085
2.0 5.0 0.326949 -19.2085
2.0 5.0 0.361223 -19.2085
2.0 5.0 0.336739 -19.2085
2.0 5.0 0.386462 -19.2085
2.0 5.0 0.353566 -19.2085
2.0 5.0 0.287668 -19.2085
2.0 5.0 0.648516 -19.2085
2.0 5.0 0.305024 -19.2085
2.0 5.0 0.327846 -19.2085
2.0 5.0 0.284673 -19.2085
2.0 5.0 0.278167 -19.2085
2.0 5.0 0.471854 -19.2085
2.0 5.0 0.174397 -19.2085
2.0 5.0 0.341947 -19.2085
2.0 5.0 0.28705 -19.2085
2.0 5.0 0.402706 -19.2085
2.0 5.0 0.497888 -19.2085
2.0 5.0 0.437694 -19.2085
2.0 5.0 0.181322 -19.2085
2.0 5.0 0.289535 -19.2085
2.0 5.0 0.317585 -19.2085
2.0 5.0 0.304329 -19.2085
2.0 5.0 0.526293 -19.2085
2.0 5.0 0.364035 -19.2085
2.0 5.0 0.178699 -19.2085
2.0 5.0 0.1583 -19.2085
2.0 5.0 0.266934 -19.2085
2.0 5.0 0.410206 -19.2085
2.0 10.0 0.382861 -19.2085
2.0 10.0 0.357696 -19.2085
2.0 10.0 0.484426 -19.2085
2.0 10.0 0.288332 -19.2085
2.0 10.0 0.296717 -19.2085
2.0 10.0 0.314205 -19.2085
2.0 10.0 0.582548 -19.2085
2.0 10.0 0.34184 -19.2085
2.0 10.0 0.419094 -19.2085
2.0 10.0 0.488595 -19.2085
2.0 10.0 0.333913 -19.2085
2.0 10.0 0.539068 -19.2085
2.0 10.0 0.385702 -19.2085
2.0 10.0 0.404474 -19.2085
2.0 10.0 0.315809 -19.2085
2.0 10.0 0.32062 -19.2085
2.0 10.0 0.369512 -19.2085
2.0 10.0 0.381768 -19.2085
2.0 10.0 0.526129 -19.2085
2.0 10.0 0.414517 -19.2085
2.0 10.0 0.304496 -19.2085
2.0 10.0 0.30288 -19.2085
2.0 10.0 0.295225 -19.2085
2.0 10.0 0.357344 -19.2085
2.0 10.0 0.43847 -19.2085
2.0 10.0 0.505289 -19.2085
2.0 10.0 0.319831 -19.2085
2.0 10.0 0.314159 -19.2085
2.0 10.0 0.362417 -19.2085
2.0 10.0 0.415398 -19.2085
2.0 10.0 0.577195 -19.2085
2.0 10.0 0.322742 -19.2085
2.0 10.0 0.318616 -19.2085
2.0 10.0 0.342353 -19.2085
2.0 10.0 0.309487 -19.2085
2.0 10.0 0.935875 -19.2085
2.0 10.0 0.529542 -19.2085
2.0 10.0 0.293774 -19.2085
2.0 10.0 0.35969 -19.2085
2.0 10.0 0.395444 -19.2085
2.0 10.0 0.37507 -19.2085
2.0 10.0 0.30431 -19.2085
2.0 10.0 0.328151 -19.2085
2.0 10.0 0.385545 -19.2085
2.0 10.0 0.322419 -19.2085
2.0 10.0 0.394908 -19.2085
2.0 10.0 0.380433 -19.2085
2.0 10.0 0.294342 -19.2085
2.0 10.0 0.435784 -19.2085
2.0 10.0 0.287042 -19.2085
3.0 1.0 0.19244 -80.7066
3.0 1.0 0.183236 -80.7066
3.0 1.0 0.219868 -80.7066
3.0 1.0 0.188005 -80.7066
3.0 1.0 0.211568 -80.7066
3.0 1.0 0.203326 -80.7066
3.0 1.0 0.178309 -80.7066
3.0 1.0 0.207777 -80.7066
3.0 1.0 0.21779 -80.7066
3.0 1.0 0.208997 -80.7066
3.0 1.0 0.20792 -80.7066
3.0 1.0 0.20119 -80.7066
3.0 1.0 0.200721 -80.7066
3.0 1.0 0.209113 -80.7066
3.0 1.0 0.213628 -80.7066
3.0 1.0 0.187025 -80.7066
3.0 1.0 0.184492 -80.7066
3.0 1.0 0.194742 -80.7066
3.0 1.0 0.177595 -80.7066
3.0 1.0 0.204505 -80.7066
3.0 1.0 0.179714 -80.7066
3.0 1.0 0.187782 -80.7066
3.0 1.0 0.261314 -80.7066
3.0 1.0 0.188567 -80.7066
3.0 1.0 0.210532 -80.7066
3.0 1.0 0.184117 -80.7066
3.0 1.0 0.204906 -80.7066
3.0 1.0 0.211563 -80.7066
3.0 1.0 0.216315 -80.7066
3.0 1.0 0.195912 -80.7066
3.0 1.0 0.197806 -80.7066
3.0 1.0 0.199837 -80.7066
3.0 1.0 0.204567 -80.7066
3.0 1.0 0.211662 -80.7066
3.0 1.0 0.19941 -80.7066
3.0 1.0 0.193825 -80.7066
3.0 1.0 0.199184 -80.7066
3.0 1.0 0.181441 -80.7066
3.0 1.0 0.193739 -80.7066
3.0 1.0 0.209016 -80.7066
3.0 1.0 0.201782 -80.7066
3.0 1.0 0.206033 -80.7066
3.0 1.0 0.238213 -80.7066
3.0 1.0 0.19916 -80.7066
3.0 1.0 0.184835 -80.7066
3.0 1.0 0.197681 -80.7066
3.0 1.0 0.224103 -80.7066
3.0 1.0 0.264711 -80.7066
3.0 1.0 0.180558 -80.7066
3.0 1.0 0.231772 -80.7066
3.0 2.0 0.109715 -80.7066
3.0 2.0 0.132925 -80.7066
3.0 2.0 0.114223 -80.7066
3.0 2.0 0.114998 -80.7066
3.0 2.0 0.102129 -80.7066
3.0 2.0 0.112911 -80.7066
3.0 2.0 0.10387 -80.7066
3.0 2.0 0.117868 -80.7066
3.0 2.0 0.134674 -80.7066
3.0 2.0 0.109822 -80.7066
3.0 2.0 0.110471 -80.7066
3.0 2.0 0.107643 -80.7066
3.0 2.0 0.116338 -80.7066
3.0 2.0 0.109539 -80.7066
3.0 2.0 0.105666 -80.7066
3.0 2.0 0.103701 -80.7066
3.0 2.0 0.101269 -80.7066
3.0 2.0 0.121014 -80.7066
3.0 2.0 0.116515 -80.7066
3.0 2.0 0.114214 -80.7066
3.0 2.0 0.107284 -80.7066
3.0 2.0 0.104691 -80.7066
3.0 2.0 0.106609 -80.7066
3.0 2.0 0.101305 -80.7066
3.0 2.0 0.108818 -80.7066
3.0 2.0 0.0969962 -80.7066
3.0 2.0 0.108392 -80.7066
3.0 2.0 0.104694 -80.7066
3.0 2.0 0.106922 -80.7066
3.0 2.0 0.100422 -80.7066
3.0 2.0 0.12283 -80.7066
3.0 2.0 0.101143 -80.7066
3.0 2.0 0.105671 -80.7066
3.0 2.0 0.106977 -80.7066
3.0 2.0 0.104397 -80.7066
3.0 2.0 0.115939 -80.7066
3.0 2.0 0.103219 -80.7066
3.0 2.0 0.105049 -80.7066
3.0 2.0 0.106872 -80.7066
3.0 2.0 0.107795 -80.7066
3.0 2.0 0.116388 -80.7066
3.0 2.0 0.119837 -80.7066
3.0 2.0 0.10525 -80.7066
3.0 2.0 0.117933 -80.7066
3.0 2.0 0.110403 -80.7066
3.0 2.0 0.107055 -80.7066
3.0 2.0 0.106812 -80.7066
3.0 2.0 0.110052 -80.7066
3.0 2.0 0.11097 -80.7066
3.0 2.0 0.107386 -80.7066
3.0 4.0 0.122296 -80.7066
3.0 4.0 0.118194 -80.7066
3.0 4.0 0.133517 -80.7066
3.0 4.0 0.12164 -80.7066
3.0 4.0 0.124308 -80.7066
3.0 4.0 0.126744 -80.7066
3.0 4.0 0.125183 -80.7066
3.0 4.0 0.127143 -80.7066
3.0 4.0 0.121253 -80.7066
3.0 4.0 0.125676 -80.7066
3.0 4.0 0.127365 -80.7066
3.0 4.0 0.120878 -80.7066
3.0 4.0 0.124646 -80.7066
3.0 4.0 0.129642 -80.7066
3.0 4.0 0.126957 -80.7066
3.0 4.0 0.126848 -80.7066
3.0 4.0 0.125145 -80.7066
3.0 4.0 0.123856 -80.7066
3.0 4.0 0.127913 -80.7066
3.0 4.0 0.122953 -80.7066
3.0 4.0 0.133988 -80.7066
3.0 4.0 0.128503 -80.7066
3.0 4.0 0.119697 -80.7066
3.0 4.0 0.12841 -80.7066
3.0 4.0 0.129172 -80.7066
3.0 4.0 0.128581 -80.7066
3.0 4.0 0.12086 -80.7066
3.0 4.0 0.121565 -80.7066
3.0 4.0 0.127606 -80.7066
3.0 4.0 0.122977 -80.7066
3.0 4.0 0.12415 -80.7066
3.0 4.0 0.123938 -80.7066
3.0 4.0 0.135321 -80.7066
3.0 4.0 0.12402 -80.7066
3.0 4.0 0.120926 -80.7066
3.0 4.0 0.129334 -80.7066
3.0 4.0 0.128542 -80.7066
3.0 4.0 0.125784 -80.7066
3.0 4.0 0.1246 -80.7066
3.0 4.0 0.126546 -80.7066
3.0 4.0 0.128969 -80.7066
3.0 4.0 0.122594 -80.7066
3.0 4.0 0.140602 -80.7066
3.0 4.0 0.123098 -80.7066
3.0 4.0 0.125661 -80.7066
3.0 4.0 0.119201 -80.7066
3.0 4.0 0.125305 -80.7066
3.0 4.0 0.124263 -80.7066
3.0 4.0 0.120789 -80.7066
3.0 4.0 0.123169 -80.7066
3.0 5.0 0.145954 -80.7066
3.0 5.0 0.155895 -80.7066
3.0 5.0 0.171369 -80.7066
3.0 5.0 0.172335 -80.7066
3.0 5.0 0.150076 -80.7066
3.0 5.0 0.261444 -80.7066
3.0 5.0 0.17394 -80.7066
3.0 5.0 0.140571 -80.7066
3.0 5.0 0.175832 -80.7066
3.0 5.0 0.149045 -80.7066
3.0 5.0 0.174408 -80.7066
3.0 5.0 0.128667 -80.7066
3.0 5.0 0.170117 -80.7066
3.0 5.0 0.183513 -80.7066
3.0 5.0 0.197876 -80.7066
3.0 5.0 0.171329 -80.7066
3.0 5.0 0.168645 -80.7066
3.0 5.0 0.148701 -80.7066
3.0 5.0 0.164304 -80.7066
3.0 5.0 0.130796 -80.7066
3.0 5.0 0.142741 -80.7066
3.0 5.0 0.147054 -80.7066
3.0 5.0 0.152346 -80.7066
3.0 5.0 0.163308 -80.7066
3.0 5.0 0.130144 -80.7066
3.0 5.0 0.159751 -80.7066
3.0 5.0 0.146673 -80.7066
3.0 5.0 0.180948 -80.7066
3.0 5.0 0.145478 -80.7066
3.0 5.0 0.146109 -80.7066
3.0 5.0 0.171966 -80.7066
3.0 5.0 0.137744 -80.7066
3.0 5.0 0.211704 -80.7066
3.0 5.0 0.143793 -80.7066
3.0 5.0 0.147395 -80.7066
3.0 5.0 0.160728 -80.7066
3.0 5.0 0.177603 -80.7066
3.0 5.0 0.151865 -80.7066
3.0 5.0 0.309321 -80.7066
3.0 5.0 0.135095 -80.7066
3.0 5.0 0.245829 -80.7066
3.0 5.0 0.150645 -80.7066
3.0 5.0 0.17219 -80.7066
3.0 5.0 0.134325 -80.7066
3.0 5.0 0.154214 -80.7066
3.0 5.0 0.150992 -80.7066
3.0 5.0 0.149737 -80.7066
3.0 5.0 0.161912 -80.7066
3.0 5.0 0.192349 -80.7066
3.0 5.0 0.176845 -80.7066
3.0 10.0 0.203157 -80.7066
3.0 10.0 0.153352 -80.7066
3.0 10.0 0.183379 -80.7066
3.0 10.0 0.149125 -80.7066
3.0 10.0 0.208886 -80.7066
3.0 10.0 0.182496 -80.7066
3.0 10.0 0.173412 -80.7066
3.0 10.0 0.196758 -80.7066
3.0 10.0 0.162894 -80.7066
3.0 10.0 0.147623 -80.7066
3.0 10.0 0.193309 -80.7066
3.0 10.0 0.235458 -80.7066
3.0 10.0 0.237431 -80.7066
3.0 10.0 0.182202 -80.7066
3.0 10.0 0.198618 -80.7066
3.0 10.0 0.158565 -80.7066
3.0 10.0 0.236087 -80.7066
3.0 10.0 0.161543 -80.7066
3.0 10.0 0.170793 -80.7066
3.0 10.0 0.209261 -80.7066
3.0 10.0 0.182712 -80.7066
3.0 10.0 0.196381 -80.7066
3.0 10.0 0.1796 -80.7066
3.0 10.0 0.20614 -80.7066
3.0 10.0 0.188436 -80.7066
3.0 10.0 0.196584 -80.7066
3.0 10.0 0.557167 -80.7066
3.0 10.0 0.209825 -80.7066
3.0 10.0 0.240717 -80.7066
3.0 10.0 0.185623 -80.7066
3.0 10.0 0.229115 -80.7066
3.0 10.0 0.205885 -80.7066
3.0 10.0 0.215948 -80.7066
3.0 10.0 0.207518 -80.7066
3.0 10.0 0.18844 -80.7066
3.0 10.0 0.169946 -80.7066
3.0 10.0 0.585387 -80.7066
3.0 10.0 0.198039 -80.7066
3.0 10.0 0.177577 -80.7066
3.0 10.0 0.194562 -80.7066
3.0 10.0 0.229465 -80.7066
3.0 10.0 0.210173 -80.7066
3.0 10.0 0.241299 -80.7066
3.0 10.0 0.174443 -80.7066
3.0 10.0 0.236279 -80.7066
3.0 10.0 0.194 -80.7066
3.0 10.0 0.188661 -80.7066
3.0 10.0 0.182591 -80.7066
3.0 10.0 0.187905 -80.7066
3.0 10.0 0.151624 -80.7066
4.0 1.0 0.389135 -99.9904
4.0 1.0 0.375965 -99.9658
4.0 1.0 0.398672 -99.9711
4.0 1.0 0.41549 -99.9759
4.0 1.0 0.400958 -99.9517
4.0 1.0 0.458676 -99.9517
4.0 1.0 0.382016 -99.9517
4.0 1.0 0.389137 -99.9642
4.0 1.0 0.411396 -99.9779
4.0 1.0 0.374368 -99.9517
4.0 1.0 0.398749 -99.9897
4.0 1.0 0.417728 -99.9897
4.0 1.0 0.374695 -99.9672
4.0 1.0 0.390482 -99.9711
4.0 1.0 0.373042 -99.9517
4.0 1.0 0.398051 -99.9904
4.0 1.0 0.379984 -99.9533
4.0 1.0 0.405009 -99.9694
4.0 1.0 0.378526 -99.9939
4.0 1.0 0.423609 -99.9904
4.0 1.0 0.384243 -99.9533
4.0 1.0 0.404566 -99.9939
4.0 1.0 0.40995 -99.978
4.0 1.0 0.39412 -99.9848
4.0 1.0 0.40087 -99.9897
4.0 1.0 0.341815 -99.9739
4.0 1.0 0.399554 -99.993
4.0 1.0 0.447199 -99.9778
4.0 1.0 0.369302 -99.9533
4.0 1.0 0.386194 -99.9517
4.0 1.0 0.360721 -99.9849
4.0 1.0 0.386984 -99.9517
4.0 1.0 0.382303 -99.9517
4.0 1.0 0.419668 -99.9865
4.0 1.0 0.387504 -99.9848
4.0 1.0 0.403632 -99.9848
4.0 1.0 0.455112 -99.9517
4.0 1.0 0.389217 -99.9784
4.0 1.0 0.407233 -99.9848
4.0 1.0 0.377137 -99.9929
4.0 1.0 0.374448 -99.967
4.0 1.0 0.418673 -99.9529
4.0 1.0 0.352483 -99.9929
4.0 1.0 0.40464 -99.9897
4.0 1.0 0.396173 -99.9904
4.0 1.0 0.385194 -99.9897
4.0 1.0 0.442809 -99.9711
4.0 1.0 0.407407 -99.9778
4.0 1.0 0.394984 -99.967
4.0 1.0 0.414692 -99.9834
4.0 2.0 0.22125 -99.9915
4.0 2.0 0.216529 -99.9915
4.0 2.0 0.204119 -99.9947
4.0 2.0 0.202095 -99.981
4.0 2.0 0.209387 -99.9679
4.0 2.0 0.22865 -99.9827
4.0 2.0 0.212886 -99.9977
4.0 2.0 0.209728 -99.985
4.0 2.0 0.207254 -99.9949
4.0 2.0 0.206134 -99.9731
4.0 2.0 0.223621 -99.9915
4.0 2.0 0.202366 -99.9869
4.0 2.0 0.20527 -99.985
4.0 2.0 0.212864 -99.9936
4.0 2.0 0.201792 -99.9918
4.0 2.0 0.200742 -99.9758
4.0 2.0 0.204188 -99.9804
4.0 2.0 0.219374 -99.9977
4.0 2.0 0.20703 -99.9533
4.0 2.0 0.205185 -99.9544
4.0 2.0 0.215265 -99.9979
4.0 2.0 0.201296 -99.9912
4.0 2.0 0.201221 -99.9653
4.0 2.0 0.202519 -99.9576
4.0 2.0 0.205207 -99.9714
4.0 2.0 0.196105 -99.9812
4.0 2.0 0.218559 -99.9977
4.0 2.0 0.199399 -99.9653
4.0 2.0 0.198527 -99.9653
4.0 2.0 0.210048 -99.9827
4.0 2.0 0.210613 -99.9533
4.0 2.0 0.212655 -99.9533
4.0 2.0 0.223112 -99.999
4.0 2.0 0.230574 -99.9834
4.0 2.0 0.229621 -99.9834
4.0 2.0 0.207221 -99.9863
4.0 2.0 0.197723 -99.9653
4.0 2.0 0.207527 -99.9533
4.0 2.0 0.197273 -99.9878
4.0 2.0 0.196018 -99.9543
4.0 2.0 0.197921 -99.9812
4.0 2.0 0.298898 -99.9758
4.0 2.0 0.197366 -99.9812
4.0 2.0 0.203773 -99.9718
4.0 2.0 0.217339 -99.9679
4.0 2.0 0.192885 -99.9603
4.0 2.0 0.189203 -99.9382
4.0 2.0 0.226794 -99.9969
4.0 2.0 0.223742 -99.9544
4.0 2.0 0.224796 -99.9533
4.0 4.0 0.199289 -99.9668
4.0 4.0 0.19202 -99.9963
4.0 4.0 0.191402 -99.9857
4.0 4.0 0.1921 -99.9984
4.0 4.0 0.19318 -99.988
4.0 4.0 0.189311 -99.9732
4.0 4.0 0.193675 -99.9997
4.0 4.0 0.19144 -99.9973
4.0 4.0 0.194708 -99.9999
4.0 4.0 0.19218 -99.9813
4.0 4.0 0.192364 -99.9818
4.0 4.0 0.192629 -99.9813
4.0 4.0 0.189109 -99.9733
4.0 4.0 0.194426 -99.9945
4.0 4.0 0.188102 -99.9797
4.0 4.0 0.188811 -99.9999
4.0 4.0 0.189219 -99.9868
4.0 4.0 0.195594 -99.9986
4.0 4.0 0.18968 -99.9914
4.0 4.0 0.196808 -99.9873
4.0 4.0 0.190039 -99.9912
4.0 4.0 0.19117 -99.982
4.0 4.0 0.192272 -99.9963
4.0 4.0 0.196009 -99.9864
4.0 4.0 0.190566 -99.9672
4.0 4.0 0.193753 -99.9973
4.0 4.0 0.18912 -99.9914
4.0 4.0 0.193655 -99.9992
4.0 4.0 0.19308 -99.9808
4.0 4.0 0.19397 -99.9785
4.0 4.0 0.199225 -99.9984
4.0 4.0 0.192337 -99.9685
4.0 4.0 0.191979 -99.9979
4.0 4.0 0.195221 -99.9899
4.0 4.0 0.191537 -99.9991
4.0 4.0 0.202115 -99.9732
4.0 4.0 0.18822 -99.9999
4.0 4.0 0.18971 -99.9703
4.0 4.0 0.19433 -99.9864
4.0 4.0 0.196689 -99.9982
4.0 4.0 0.189003 -99.9686
4.0 4.0 0.192724 -99.9605
4.0 4.0 0.189043 -99.9672
4.0 4.0 0.193149 -99.9927
4.0 4.0 0.192391 -99.9772
4.0 4.0 0.19535 -99.9999
4.0 4.0 0.193742 -99.9804
4.0 4.0 0.191033 -99.9963
4.0 4.0 0.186975 -99.9956
4.0 4.0 0.19462 -99.9997
4.0 5.0 0.60697 -99.9533
4.0 5.0 0.599463 -99.9838
4.0 5.0 0.764897 -99.9879
4.0 5.0 0.775688 -99.9879
4.0 5.0 1.24716 -99.9738
4.0 5.0 1.28534 -99.9848
4.0 5.0 2.08203 -99.9533
4.0 5.0 0.214698 -99.9724
4.0 5.0 0.606342 -99.9965
4.0 5.0 1.77419 -99.98
4.0 5.0 1.81717 -99.9776
4.0 5.0 1.81359 -99.9526
4.0 5.0 1.52422 -99.9855
4.0 5.0 0.238167 -99.9855
4.0 5.0 0.239873 -99.9855
4.0 5.0 0.889818 -99.9879
4.0 5.0 0.231712 -99.9724
4.0 5.0 0.578712 -99.9655
4.0 5.0 2.09761 -99.9584
4.0 5.0 0.212137 -99.9724
4.0 5.0 0.493603 -99.9879
4.0 5.0 0.908539 -99.9912
4.0 5.0 0.679844 -99.9912
4.0 5.0 0.242166 -99.9784
4.0 5.0 0.670716 -99.9638
4.0 5.0 1.00967 -99.9689
4.0 5.0 0.605844 -99.967
4.0 5.0 1.38815 -99.9912
4.0 5.0 0.556548 -99.9848
4.0 5.0 0.706072 -99.957
4.0 5.0 0.595541 -99.9533
4.0 5.0 1.14322 -99.9855
4.0 5.0 0.221054 -99.9718
4.0 5.0 2.42531 -99.9716
4.0 5.0 0.24234 -99.9855
4.0 5.0 0.78462 -99.9903
4.0 5.0 0.678505 -99.9701
4.0 5.0 0.988832 -99.9929
4.0 5.0 0.242024 -99.9718
4.0 5.0 0.723735 -99.967
4.0 5.0 1.95739 -99.9912
4.0 5.0 0.234908 -99.9938
4.0 5.0 0.975319 -99.9573
4.0 5.0 0.646667 -99.9689
4.0 5.0 0.238749 -99.9855
4.0 5.0 0.721237 -99.9946
4.0 5.0 0.694433 -99.9931
4.0 5.0 1.83554 -99.9929
4.0 5.0 0.932345 -99.9654
4.0 5.0 0.218983 -99.9855
4.0 10.0 0.578062 -99.9739
4.0 10.0 0.700262 -99.9825
4.0 10.0 0.569336 -99.9674
4.0 10.0 0.508506 -99.9767
4.0 10.0 0.544537 -99.999
4.0 10.0 0.653488 -99.9533
4.0 10.0 0.649402 -99.9652
4.0 10.0 0.538069 -99.9775
4.0 10.0 0.602361 -99.9962
4.0 10.0 0.635324 -99.9642
4.0 10.0 0.710385 -99.979
4.0 10.0 0.636392 -99.9949
4.0 10.0 0.781463 -99.97
4.0 10.0 1.04021 -99.9533
4.0 10.0 1.37337 -99.9823
4.0 10.0 1.16455 -99.9856
4.0 10.0 1.37159 -99.9654
4.0 10.0 0.596127 -99.9895
4.0 10.0 0.543468 -99.9533
4.0 10.0 0.696023 -99.9792
4.0 10.0 0.541389 -99.9868
4.0 10.0 0.629026 -99.9972
4.0 10.0 0.529233 -99.9641
4.0 10.0 0.630862 -99.9533
4.0 10.0 0.588057 -99.9857
4.0 10.0 1.54846 -99.967
4.0 10.0 0.587606 -99.997
4.0 10.0 0.677386 -99.9812
4.0 10.0 1.17192 -99.9963
4.0 10.0 0.608979 -99.987
4.0 10.0 0.670006 -99.9633
4.0 10.0 0.564973 -99.9796
4.0 10.0 0.594272 -99.9673
4.0 10.0 0.611193 -99.9893
4.0 10.0 1.29238 -99.9959
4.0 10.0 1.05522 -99.961
4.0 10.0 0.749945 -99.9533
4.0 10.0 2.1835 -99.9788
4.0 10.0 1.8629 -99.9628
4.0 10.0 1.87717 -99.9677
4.0 10.0 3.13496 -99.9897
4.0 10.0 0.565984 -99.9741
4.0 10.0 0.584094 -99.9915
4.0 10.0 0.735896 -99.9849
4.0 10.0 0.520063 -99.9749
4.0 10.0 0.533662 -99.9565
4.0 10.0 0.541459 -99.9635
4.0 10.0 0.59563 -99.9788
4.0 10.0 0.537953 -99.9533
4.0 10.0 1.27267 -99.9533
5.0 1.0 56.188 -26.4984
5.0 1.0 55.9025 -26.4984
5.0 1.0 55.4512 -26.4984
5.0 1.0 55.349 -26.4984
5.0 1.0 55.6168 -26.4984
5.0 1.0 55.5445 -26.4984
5.0 1.0 56.171 -26.4984
5.0 1.0 55.5129 -26.4984
5.0 1.0 55.4839 -26.4984
5.0 1.0 55.5738 -26.4984
5.0 1.0 56.7245 -26.4984
5.0 1.0 59.6282 -26.4984
5.0 1.0 55.4096 -26.4984
5.0 1.0 55.9428 -26.4984
5.0 1.0 55.3596 -26.4984
5.0 1.0 55.3089 -26.4984
5.0 1.0 55.67 -26.4984
5.0 1.0 55.2867 -26.4984
5.0 1.0 55.3354 -26.4984
5.0 1.0 55.5981 -26.4984
5.0 1.0 55.4283 -26.4984
5.0 1.0 55.5222 -26.4984
5.0 1.0 55.4294 -26.4984
5.0 1.0 55.4342 -26.4984
5.0 1.0 55.4694 -26.4984
5.0 1.0 55.5079 -26.4984
5.0 1.0 55.248 -26.4984
5.0 1.0 56.1675 -26.4984
5.0 1.0 55.484 -26.4984
5.0 1.0 55.4176 -26.4984
5.0 1.0 55.3102 -26.4984
5.0 1.0 55.3114 -26.4984
5.0 1.0 55.4294 -26.4984
5.0 1.0 55.4528 -26.4984
5.0 1.0 55.5235 -26.4984
5.0 1.0 55.3506 -26.4984
5.0 1.0 55.7885 -26.4984
5.0 1.0 55.4699 -26.4984
5.0 1.0 55.4717 -26.4984
5.0 1.0 55.4283 -26.4984
5.0 1.0 55.5633 -26.4984
5.0 1.0 55.4571 -26.4984
5.0 1.0 55.4208 -26.4984
5.0 1.0 55.7909 -26.4984
5.0 1.0 55.9537 -26.4984
5.0 1.0 55.4482 -26.4984
5.0 1.0 55.4615 -26.4984
5.0 1.0 55.4462 -26.4984
5.0 1.0 55.4435 -26.4984
5.0 1.0 55.4641 -26.4984
5.0 2.0 27.8399 -26.4984
5.0 2.0 27.8097 -26.4984
5.0 2.0 28.1316 -26.4984
5.0 2.0 27.8954 -26.4984
5.0 2.0 27.837 -26.4982
5.0 2.0 27.7997 -26.4984
5.0 2.0 28.0114 -26.4984
5.0 2.0 27.8306 -26.4984
5.0 2.0 27.8729 -26.4984
5.0 2.0 27.808 -26.4984
5.0 2.0 27.8193 -26.4984
5.0 2.0 27.7632 -26.4984
5.0 2.0 27.8028 -26.4984
5.0 2.0 27.8458 -26.4984
5.0 2.0 27.8411 -26.4984
5.0 2.0 29.2126 -26.4984
5.0 2.0 27.6395 -26.4984
5.0 2.0 27.9761 -26.4984
5.0 2.0 27.8458 -26.4984
5.0 2.0 27.8352 -26.4984
5.0 2.0 27.8464 -26.4984
5.0 2.0 27.9239 -26.4984
5.0 2.0 27.8122 -26.4984
5.0 2.0 27.8214 -26.4984
5.0 2.0 27.8522 -26.4984
5.0 2.0 27.8192 -26.4984
5.0 2.0 27.7903 -26.4984
5.0 2.0 27.8398 -26.4984
5.0 2.0 27.7986 -26.4984
5.0 2.0 27.8014 -26.4984
5.0 2.0 27.8185 -26.4984
5.0 2.0 28.0056 -26.4984
5.0 2.0 27.801 -26.4984
5.0 2.0 27.8237 -26.4983
5.0 2.0 27.7968 -26.4984
5.0 2.0 27.8906 -26.4984
5.0 2.0 27.851 -26.4984
5.0 2.0 27.7589 -26.4984
5.0 2.0 27.8275 -26.4984
5.0 2.0 27.8222 -26.4984
5.0 2.0 27.816 -26.4984
5.0 2.0 27.9865 -26.4984
5.0 2.0 27.7625 -26.4984
5.0 2.0 27.8587 -26.4984
5.0 2.0 27.7985 -26.4984
5.0 2.0 27.8253 -26.4984
5.0 2.0 28.0326 -26.4984
5.0 2.0 27.8035 -26.4984
5.0 2.0 27.8233 -26.4984
5.0 2.0 27.9117 -26.4982
5.0 4.0 14.1188 -26.4984
5.0 4.0 14.081 -26.4984
5.0 4.0 14.0773 -26.4984
5.0 4.0 14.0967 -26.4984
5.0 4.0 14.087 -26.4984
5.0 4.0 14.0798 -26.4984
5.0 4.0 14.0883 -26.4984
5.0 4.0 14.1013 -26.4984
5.0 4.0 14.0756 -26.4984
5.0 4.0 14.1305 -26.4984
5.0 4.0 14.0841 -26.4984
5.0 4.0 14.1182 -26.4984
5.0 4.0 14.102 -26.4984
5.0 4.0 14.0768 -26.4984
5.0 4.0 14.1136 -26.4984
5.0 4.0 14.0762 -26.4984
5.0 4.0 14.1001 -26.4984
5.0 4.0 14.1131 -26.4984
5.0 4.0 14.0962 -26.4984
5.0 4.0 14.0965 -26.4984
5.0 4.0 14.0743 -26.4984
5.0 4.0 14.0749 -26.4984
5.0 4.0 14.1302 -26.4984
5.0 4.0 14.0864 -26.4984
5.0 4.0 14.1161 -26.4984
5.0 4.0 14.1115 -26.4984
5.0 4.0 14.092 -26.4984
5.0 4.0 14.111 -26.4984
5.0 4.0 14.0771 -26.4984
5.0 4.0 14.0835 -26.4984
5.0 4.0 14.0749 -26.4984
5.0 4.0 14.8139 -26.4984
5.0 4.0 14.121 -26.4984
5.0 4.0 14.1411 -26.4984
5.0 4.0 14.0884 -26.4984
5.0 4.0 14.0704 -26.4983
5.0 4.0 14.0778 -26.4984
5.0 4.0 14.1125 -26.4984
5.0 4.0 14.0788 -26.4984
5.0 4.0 14.0792 -26.4984
5.0 4.0 14.1018 -26.4984
5.0 4.0 14.8574 -26.4984
5.0 4.0 14.0975 -26.4984
5.0 4.0 14.0786 -26.4984
5.0 4.0 14.0792 -26.4984
5.0 4.0 14.1226 -26.4984
5.0 4.0 14.1335 -26.4984
5.0 4.0 14.0761 -26.4984
5.0 4.0 14.1174 -26.4984
5.0 4.0 14.0868 -26.4984
5.0 5.0 12.1001 -26.4984
5.0 5.0 11.3081 -26.4984
5.0 5.0 12.0782 -26.4984
5.0 5.0 12.1384 -26.4984
5.0 5.0 12.1288 -26.4984
5.0 5.0 12.1087 -26.4984
5.0 5.0 12.1696 -26.4984
5.0 5.0 11.9152 -26.4984
5.0 5.0 12.1953 -26.4984
5.0 5.0 12.0625 -26.4984
5.0 5.0 12.0469 -26.4984
5.0 5.0 12.089 -26.4984
5.0 5.0 12.0112 -26.4984
5.0 5.0 12.1013 -26.4984
5.0 5.0 12.0525 -26.4984
5.0 5.0 12.0323 -26.4984
5.0 5.0 12.1047 -26.4984
5.0 5.0 12.2052 -26.4984
5.0 5.0 12.0072 -26.4984
5.0 5.0 12.0772 -26.4984
5.0 5.0 12.1741 -26.4984
5.0 5.0 12.2598 -26.4984
5.0 5.0 12.2264 -26.4984
5.0 5.0 12.7542 -26.4984
5.0 5.0 12.2879 -26.4984
5.0 5.0 12.103 -26.4984
5.0 5.0 12.1149 -26.4984
5.0 5.0 12.1925 -26.4984
5.0 5.0 11.381 -26.4984
5.0 5.0 12.3886 -26.4984
5.0 5.0 12.0738 -26.4984
5.0 5.0 12.3971 -26.4984
5.0 5.0 12.2368 -26.4984
5.0 5.0 11.3541 -26.4984
5.0 5.0 12.2237 -26.4984
5.0 5.0 12.3186 -26.4984
5.0 5.0 12.2899 -26.4984
5.0 5.0 12.2641 -26.4984
5.0 5.0 11.4715 -26.4984
5.0 5.0 12.2834 -26.4984
5.0 5.0 12.3413 -26.4984
5.0 5.0 12.2984 -26.4984
5.0 5.0 12.2088 -26.4984
5.0 5.0 11.4405 -26.4984
5.0 5.0 12.0492 -26.4984
5.0 5.0 12.2131 -26.4982
5.0 5.0 12.0424 -26.4984
5.0 5.0 11.3963 -26.4984
5.0 5.0 12.3233 -26.4984
5.0 5.0 12.1656 -26.4984
5.0 10.0 6.34654 -26.4984
5.0 10.0 6.31408 -26.4984
5.0 10.0 6.7874 -26.4984
5.0 10.0 6.37191 -26.4984
5.0 10.0 6.80536 -26.4984
5.0 10.0 6.52943 -26.4984
5.0 10.0 6.52429 -26.4984
5.0 10.0 6.4236 -26.4984
5.0 10.0 6.43047 -26.4984
5.0 10.0 6.59082 -26.4983
5.0 10.0 6.32578 -26.4983
5.0 10.0 7.30994 -26.4984
5.0 10.0 6.52222 -26.4984
5.0 10.0 6.45532 -26.4984
5.0 10.0 6.37567 -26.4984
5.0 10.0 6.69724 -26.4984
5.0 10.0 6.53884 -26.4984
5.0 10.0 6.29804 -26.4984
5.0 10.0 6.45767 -26.4981
5.0 10.0 6.76822 -26.4983
5.0 10.0 6.49068 -26.4984
5.0 10.0 6.30238 -26.4984
5.0 10.0 6.38875 -26.4984
5.0 10.0 6.45882 -26.4984
5.0 10.0 6.33455 -26.4984
5.0 10.0 6.73825 -26.4984
5.0 10.0 6.39425 -26.4984
5.0 10.0 6.42493 -26.4984
5.0 10.0 6.26482 -26.4984
5.0 10.0 6.46292 -26.4984
5.0 10.0 6.40854 -26.4971
5.0 10.0 6.30825 -26.4984
5.0 10.0 6.43934 -26.4984
5.0 10.0 6.5428 -26.4984
5.0 10.0 6.4145 -26.4984
5.0 10.0 6.41028 -26.4984
5.0 10.0 6.47443 -26.4984
5.0 10.0 6.47792 -26.4984
5.0 10.0 6.7837 -26.4984
5.0 10.0 6.36121 -26.4984
5.0 10.0 6.32457 -26.4978
5.0 10.0 6.32769 -26.4984
5.0 10.0 6.40902 -26.4984
5.0 10.0 6.40652 -26.4984
5.0 10.0 6.30487 -26.4984
5.0 10.0 6.31582 -26.4984
5.0 10.0 6.34714 -26.4984
5.0 10.0 6.86638 -26.4984
5.0 10.0 6.29368 -26.4984
5.0 10.0 6.50474 -26.4984
