0 3 0.0668145 180.724
0 3 0.0673572 180.724
0 3 0.0677226 180.724
0 3 0.0675061 180.724
0 3 0.0675175 180.724
0 3 0.0779546 180.724
0 3 0.0761286 180.724
0 3 0.0670807 180.724
0 3 0.0666406 180.724
0 3 0.0669077 180.724
0 3 0.0666438 180.724
0 3 0.0675187 180.724
0 3 0.0671582 180.724
0 3 0.066805 180.724
0 3 0.0666447 180.724
0 3 0.0673973 180.724
0 3 0.0668288 180.724
0 3 0.0671473 180.724
0 3 0.067594 180.724
0 3 0.0679226 180.724
0 3 0.067399 180.724
0 3 0.0695878 180.724
0 3 0.076371 180.724
0 3 0.0764664 180.724
0 3 0.0680008 180.724
0 3 0.0665971 180.724
0 3 0.0673241 180.724
0 3 0.0670836 180.724
0 3 0.0676607 180.724
0 3 0.0674851 180.724
0 3 0.0679008 180.724
0 3 0.0673096 180.724
0 3 0.0677626 180.724
0 3 0.0665128 180.724
0 3 0.0673168 180.724
0 3 0.0671749 180.724
0 3 0.0750705 180.724
0 3 0.0765075 180.724
0 3 0.0725421 180.724
0 3 0.0674558 180.724
0 3 0.067232 180.724
0 3 0.0670999 180.724
0 3 0.0755044 180.724
0 3 0.0670267 180.724
0 3 0.0670697 180.724
0 3 0.0665679 180.724
0 3 0.0679046 180.724
0 3 0.0671346 180.724
0 3 0.0674359 180.724
0 3 0.0775803 180.724
0 3 0.0692797 180.724
0 3 0.0676419 180.724
0 3 0.0670748 180.724
0 3 0.067071 180.724
0 3 0.0672327 180.724
0 3 0.0673384 180.724
0 3 0.0674608 180.724
0 3 0.0677764 180.724
0 3 0.0759858 180.724
0 3 0.0665824 180.724
0 3 0.0670367 180.724
0 3 0.0667345 180.724
0 3 0.0666119 180.724
0 3 0.067545 180.724
0 3 0.0671201 180.724
0 3 0.0669565 180.724
0 3 0.076641 180.724
0 3 0.0763335 180.724
0 3 0.0670795 180.724
0 3 0.0666359 180.724
0 3 0.0665995 180.724
0 3 0.0676324 180.724
0 3 0.0669683 180.724
0 3 0.0729242 180.724
0 3 0.0674698 180.724
0 3 0.0669949 180.724
0 3 0.0675685 180.724
0 3 0.0767719 180.724
0 3 0.0671142 180.724
0 3 0.067213 180.724
0 3 0.0635009 180.724
0 3 0.076147 180.724

0 3 0.0647276 180.724
0 3 0.0666156 180.724
0 3 0.0636243 180.724
0 3 0.06341 180.724
0 3 0.0636525 180.724
0 3 0.0636119 180.724
0 3 0.0637449 180.724
0 3 0.066595 180.724
0 3 0.0645395 180.724
0 3 0.0643555 180.724
0 3 0.0671477 180.724
0 3 0.0636452 180.724
0 3 0.0638172 180.724
0 3 0.0642931 180.724
0 3 0.0659426 180.724
0 3 0.0640673 180.724
0 3 0.0647054 180.724
0 3 0.0635459 180.724
0 3 0.0633007 180.724
0 3 0.0639081 180.724
0 3 0.063352 180.724
0 3 0.0640172 180.724
0 3 0.0641656 180.724
0 3 0.0648137 180.724
0 3 0.0674245 180.724
0 3 0.0643861 180.724
0 3 0.0637894 180.724
0 3 0.0675229 180.724
0 3 0.0674433 180.724
0 3 0.0660082 180.724
0 3 0.0766856 180.724
0 3 0.0641659 180.724
0 3 0.0644126 180.724
0 3 0.0634586 180.724
0 3 0.0638153 180.724
0 3 0.0635426 180.724
0 3 0.0652822 180.724
0 3 0.0667249 180.724
0 3 0.0768034 180.724
0 3 0.0636045 180.724
0 3 0.068351 180.724
0 3 0.0666435 180.724
0 3 0.0642146 180.724
0 3 0.0671377 180.724
0 3 0.0640652 180.724
0 3 0.0675418 180.724
0 3 0.0640996 180.724
0 3 0.0636908 180.724
0 3 0.0640406 180.724
0 3 0.0667311 180.724
0 3 0.0637709 180.724
0 3 0.0762928 180.724
0 3 0.0761893 180.724
0 3 0.0631528 180.724
0 3 0.0644604 180.724
0 3 0.0668132 180.724
0 3 0.0672348 180.724
0 3 0.0676791 180.724
0 3 0.0635177 180.724
0 3 0.0789814 180.724
0 3 0.0670743 180.724
0 3 0.0633796 180.724
0 3 0.0649413 180.724
0 3 0.0699122 180.724
0 3 0.0666078 180.724
0 3 0.0639842 180.724
0 3 0.0637697 180.724
0 3 0.0634561 180.724
0 3 0.0761652 180.724
0 3 0.0672516 180.724
0 3 0.065592 180.724
0 3 0.066725 180.724
0 3 0.0637656 180.724
0 3 0.0639018 180.724
0 3 0.0670543 180.724
0 3 0.064276 180.724
0 3 0.0648444 180.724
0 3 0.0667314 180.724
0 3 0.0630516 180.724
0 3 0.0666664 180.724
0 3 0.0678652 180.724
0 3 0.0634638 180.724
0 3 0.0637925 180.724
0 3 0.0641482 180.724
0 3 0.0695278 180.724
0 3 0.0637007 180.724
0 3 0.0761794 180.724
0 3 0.0639954 180.724
1 3 0.0751423 19.5926
0 3 0.0673262 180.724
1 3 0.0900946 19.5926
0 3 0.0633309 180.724
1 3 0.0760102 19.5926
1 3 0.0751456 19.5926
1 3 0.0785478 19.5926
1 3 0.075941 19.5926
1 3 0.0746364 19.5926
1 3 0.0755983 19.5926
1 3 0.0910586 19.5926
1 3 0.0785729 19.5926
1 3 0.0755058 19.5926
1 3 0.0748784 19.5926
1 3 0.0788716 19.5926
1 3 0.0762413 19.5926
1 3 0.0778108 19.5926
1 3 0.083592 19.5926
1 3 0.0755103 19.5926
1 3 0.078342 19.5926
1 3 0.0752195 19.5926
1 3 0.0795668 19.5926
1 3 0.0902422 19.5926
1 3 0.0748858 19.5926
1 3 0.0788187 19.5926
1 3 0.0767894 19.5926
1 3 0.0779469 19.5926
1 3 0.0782378 19.5926
1 3 0.0785232 19.5926
1 3 0.0750964 19.5926
1 3 0.0760098 19.5926
1 3 0.0756927 19.5926
1 3 0.0783111 19.5926
1 3 0.0750411 19.5926
1 3 0.0753072 19.5926
1 3 0.0745102 19.5926
1 3 0.0756256 19.5926
1 3 0.0798889 19.5926
1 3 0.079327 19.5926
1 3 0.0754526 19.5926
1 3 0.0783736 19.5926
1 3 0.0794889 19.5926
1 3 0.0757122 19.5926
1 3 0.0783967 19.5926
1 3 0.0747944 19.5926
1 3 0.0753147 19.5926
1 3 0.0755772 19.5926
1 3 0.0751372 19.5926
1 3 0.0780669 19.5926
1 3 0.0751117 19.5926
1 3 0.0758305 19.5926
2 3 0.259791 -5.02058e-32
2 3 0.260886 -5.02058e-32
2 3 0.262614 -5.02058e-32
2 3 0.264751 -5.02058e-32
2 3 0.260554 -5.02058e-32
2 3 0.264684 -5.02058e-32
2 3 0.263268 -5.02058e-32
2 3 0.267477 -5.02058e-32
2 3 0.265853 -5.02058e-32
2 3 0.271474 -5.02058e-32
2 3 0.267694 -5.02058e-32
2 3 0.260652 -5.02058e-32
2 3 0.264204 -5.02058e-32
2 3 0.273937 -5.02058e-32
2 3 0.267781 -5.02058e-32
2 3 0.260421 -5.02058e-32
2 3 0.275486 -5.02058e-32
2 3 0.267947 -5.02058e-32
2 3 0.266951 -5.02058e-32
2 3 0.268798 -5.02058e-32
2 3 0.259497 -5.02058e-32
2 3 0.267826 -5.02058e-32
2 3 0.267629 -5.02058e-32
2 3 0.317437 -5.02058e-32
2 3 0.264385 -5.02058e-32
2 3 0.259949 -5.02058e-32
2 3 0.264512 -5.02058e-32
2 3 0.26062 -5.02058e-32
2 3 0.263651 -5.02058e-32
2 3 0.268416 -5.02058e-32
2 3 0.265151 -5.02058e-32
2 3 0.263193 -5.02058e-32
2 3 0.260074 -5.02058e-32
2 3 0.26082 -5.02058e-32
2 3 0.263985 -5.02058e-32
2 3 0.265751 -5.02058e-32
2 3 0.267446 -5.02058e-32
2 3 0.262909 -5.02058e-32
2 3 0.267999 -5.02058e-32
2 3 0.269665 -5.02058e-32
2 3 0.268108 -5.02058e-32
2 3 0.271146 -5.02058e-32
2 3 0.263674 -5.02058e-32
2 3 0.317368 -5.02058e-32
2 3 0.260177 -5.02058e-32
2 3 0.269547 -5.02058e-32
2 3 0.26965 -5.02058e-32
2 3 0.265854 -5.02058e-32
2 3 0.266747 -5.02058e-32
3 3 0.0432068 70.7066
3 3 0.0408448 70.7066
3 3 0.0420144 70.7066
2 3 0.266235 -5.02058e-32
3 3 0.0417553 70.7066
3 3 0.0440506 70.7066
3 3 0.0415665 70.7066
3 3 0.0413762 70.7066
3 3 0.050113 70.7066
3 3 0.0410213 70.7066
3 3 0.041134 70.7066
3 3 0.0431232 70.7066
3 3 0.0431807 70.7066
3 3 0.041121 70.7066
3 3 0.0424425 70.7066
3 3 0.0429927 70.7066
3 3 0.0435949 70.7066
3 3 0.0439607 70.7066
3 3 0.0417998 70.7066
3 3 0.0425233 70.7066
3 3 0.0414308 70.7066
3 3 0.042579 70.7066
3 3 0.0486759 70.7066
3 3 0.0412036 70.7066
3 3 0.041075 70.7066
3 3 0.0489501 70.7066
3 3 0.0433584 70.7066
3 3 0.0432322 70.7066
3 3 0.0440296 70.7066
3 3 0.0414903 70.7066
3 3 0.0495024 70.7066
3 3 0.0414423 70.7066
3 3 0.0450764 70.7066
3 3 0.0436417 70.7066
3 3 0.0436389 70.7066
3 3 0.0433616 70.7066
3 3 0.0415371 70.7066
3 3 0.0435545 70.7066
3 3 0.0425462 70.7066
3 3 0.0497795 70.7066
3 3 0.0432411 70.7066
3 3 0.0412173 70.7066
3 3 0.0416783 70.7066
3 3 0.0439191 70.7066
3 3 0.0419814 70.7066
3 3 0.0439444 70.7066
3 3 0.0419338 70.7066
3 3 0.0434617 70.7066
3 3 0.0412381 70.7066
3 3 0.0458755 70.7066
3 3 0.0439837 70.7066
4 3 0.0597011 99.9758
4 3 0.0603623 99.9758
4 3 0.0641237 99.9758
4 3 0.0606495 99.9758
4 3 0.0596586 99.9758
4 3 0.0605395 99.9758
4 3 0.0626711 99.9758
4 3 0.0716082 99.9758
4 3 0.0602145 99.9758
4 3 0.0607722 99.9758
4 3 0.063277 99.9758
4 3 0.0609728 99.9758
4 3 0.0599572 99.9758
4 3 0.0595718 99.9758
4 3 0.0630182 99.9758
4 3 0.0632397 99.9758
4 3 0.0608415 99.9758
4 3 0.0604564 99.9758
4 3 0.0629569 99.9758
4 3 0.0603815 99.9758
4 3 0.0605225 99.9758
4 3 0.063451 99.9758
4 3 0.0625388 99.9758
4 3 0.0610579 99.9758
4 3 0.0638813 99.9758
4 3 0.0604332 99.9758
4 3 0.0629656 99.9758
4 3 0.0631799 99.9758
4 3 0.0601792 99.9758
4 3 0.0596881 99.9758
4 3 0.060473 99.9758
4 3 0.0631607 99.9758
4 3 0.0605567 99.9758
4 3 0.0604282 99.9758
4 3 0.0635488 99.9758
4 3 0.059641 99.9758
4 3 0.0627037 99.9758
4 3 0.0606935 99.9758
4 3 0.0606927 99.9758
4 3 0.0637146 99.9758
4 3 0.0604099 99.9758
4 3 0.0601823 99.9758
4 3 0.0606884 99.9758
4 3 0.0634827 99.9758
4 3 0.0601036 99.9758
4 3 0.0602873 99.9758
4 3 0.0608278 99.9758
4 3 0.063289 99.9758
4 3 0.0630551 99.9758
5 3 18.2429 26.4983
5 3 18.1577 26.4983
5 3 18.1581 26.4983
5 3 18.3856 26.4983
5 3 18.1595 26.4983
5 3 18.2392 26.4983
5 3 18.2437 26.4983
5 3 18.1555 26.4983
5 3 18.26 26.4983
5 3 19.7565 26.4983
5 3 18.1677 26.4983
5 3 18.1555 26.4983
5 3 18.2586 26.4983
5 3 18.1574 26.4983
5 3 18.1481 26.4983
5 3 18.1519 26.4983
5 3 18.1651 26.4983
5 3 18.2309 26.4983
5 3 18.1567 26.4983
5 3 18.2466 26.4983
5 3 18.2339 26.4983
5 3 18.1517 26.4983
5 3 18.1686 26.4983
5 3 18.2295 26.4983
5 3 18.4003 26.4983
5 3 18.2502 26.4983
5 3 18.2651 26.4983
5 3 19.7413 26.4983
5 3 18.1695 26.4983
5 3 18.2287 26.4983
5 3 18.1544 26.4983
5 3 18.1539 26.4983
5 3 18.2733 26.4983
5 3 18.1562 26.4983
5 3 18.1462 26.4983
5 3 18.1541 26.4983
5 3 18.153 26.4983
5 3 18.2377 26.4983
5 3 18.167 26.4983
5 3 18.1501 26.4983
5 3 18.2267 26.4983
5 3 18.2347 26.4983
5 3 18.1636 26.4983
5 3 18.3043 26.4983
5 3 18.162 26.4983
5 3 18.229 26.4983
5 3 18.1708 26.4983
5 3 18.3993 26.4983
5 3 18.16 26.4983
5 3 18.1796 26.4983
0 4 0.0504353 180.96
0 4 0.0506234 180.96
0 4 0.049927 180.96
0 4 0.0499681 180.96
0 4 0.0500959 180.96
0 4 0.0501929 180.96
0 4 0.0509113 180.96
0 4 0.0499938 180.96
0 4 0.0502242 180.96
0 4 0.0499779 180.96
0 4 0.0501299 180.96
0 4 0.0504583 180.96
0 4 0.0503062 180.96
0 4 0.05015 180.96
0 4 0.0504267 180.96
0 4 0.0506308 180.96
0 4 0.050224 180.96
0 4 0.0501463 180.96
0 4 0.0506675 180.96
0 4 0.0500178 180.96
0 4 0.0505807 180.96
0 4 0.0503126 180.96
0 4 0.0505363 180.96
0 4 0.0506799 180.96
0 4 0.0501963 180.96
0 4 0.0499298 180.96
0 4 0.0501154 180.96
0 4 0.050566 180.96
0 4 0.0542588 180.96
0 4 0.0510715 180.96
0 4 0.050528 180.96
0 4 0.0518419 180.96
0 4 0.0502735 180.96
0 4 0.0501071 180.96
0 4 0.0508387 180.96
0 4 0.0502936 180.96
0 4 0.0500728 180.96
0 4 0.050168 180.96
0 4 0.0500951 180.96
0 4 0.0504219 180.96
0 4 0.0505071 180.96
0 4 0.0510082 180.96
0 4 0.0502934 180.96
0 4 0.0501412 180.96
0 4 0.0501983 180.96
0 4 0.0505996 180.96
0 4 0.0545971 180.96
0 4 0.0506788 180.96
0 4 0.0500948 180.96
0 4 0.0508309 180.96
0 4 0.0502268 180.96
0 4 0.0505649 180.96
0 4 0.0505034 180.96
0 4 0.050583 180.96
0 4 0.0502159 180.96
0 4 0.0506667 180.96
0 4 0.0505821 180.96
0 4 0.0501619 180.96
0 4 0.057292 180.96
0 4 0.0586171 180.96
0 4 0.0500986 180.96
0 4 0.0505163 180.96
0 4 0.0499102 180.96
0 4 0.0500268 180.96
0 4 0.0507041 180.96
0 4 0.0539571 180.96
0 4 0.0500624 180.96
0 4 0.0505644 180.96
0 4 0.0500715 180.96
0 4 0.0511343 180.96
0 4 0.0509457 180.96
0 4 0.0500464 180.96
0 4 0.0534609 180.96
0 4 0.0507311 180.96
0 4 0.0502631 180.96
0 4 0.0507396 180.96
0 4 0.0537768 180.96
0 4 0.0517586 180.96
0 4 0.0506452 180.96
0 4 0.050196 180.96
0 4 0.049968 180.96
0 4 0.0505814 180.96
0 4 0.0500066 180.96
0 4 0.050378 180.96
0 4 0.0500509 180.96
0 4 0.0499305 180.96
0 4 0.0506281 180.96
0 4 0.0504575 180.96
0 4 0.0563533 180.96
0 4 0.0504947 180.96
0 4 0.0504359 180.96
0 4 0.0510375 180.96
0 4 0.0501415 180.96
0 4 0.0502755 180.96
0 4 0.0502821 180.96
0 4 0.0508114 180.96
0 4 0.0505364 180.96
0 4 0.0505212 180.96
0 4 0.049982 180.96
1 4 0.0689616 19.5946
1 4 0.0663829 19.5946
1 4 0.0658723 19.5946
1 4 0.0632185 19.5946
1 4 0.0604831 19.5946
1 4 0.0610239 19.5946
1 4 0.0653324 19.5946
1 4 0.0612089 19.5946
1 4 0.0602646 19.5946
1 4 0.0646665 19.5946
1 4 0.0605812 19.5946
1 4 0.0651404 19.5946
1 4 0.0603674 19.5946
1 4 0.0683769 19.5946
1 4 0.0643313 19.5946
1 4 0.0642279 19.5946
1 4 0.0641897 19.5946
1 4 0.060861 19.5946
1 4 0.0612633 19.5946
1 4 0.0663579 19.5946
1 4 0.0605328 19.5946
1 4 0.0660462 19.5946
1 4 0.0612076 19.5946
1 4 0.0663119 19.5946
1 4 0.0611139 19.5946
1 4 0.0638452 19.5946
1 4 0.0610382 19.5946
1 4 0.0612057 19.5946
1 4 0.0606458 19.5946
1 4 0.0611499 19.5946
1 4 0.0604916 19.5946
1 4 0.0603894 19.5946
1 4 0.0610544 19.5946
1 4 0.0606606 19.5946
1 4 0.0649435 19.5946
1 4 0.0653811 19.5946
1 4 0.0672038 19.5946
1 4 0.0673052 19.5946
1 4 0.0668184 19.5946
1 4 0.0604998 19.5946
1 4 0.0642875 19.5946
1 4 0.0669006 19.5946
1 4 0.0676268 19.5946
1 4 0.0611191 19.5946
1 4 0.0661737 19.5946
1 4 0.0638381 19.5946
1 4 0.0606534 19.5946
1 4 0.0684203 19.5946
1 4 0.0664191 19.5946
1 4 0.0605426 19.5946
2 4 0.2071 -2.01644e-31
2 4 0.207018 -2.01644e-31
2 4 0.202529 -2.01644e-31
2 4 0.211879 -2.01644e-31
2 4 0.211001 -2.01644e-31
2 4 0.208585 -2.01644e-31
2 4 0.206687 -2.01644e-31
2 4 0.207009 -2.01644e-31
2 4 0.227499 -2.01644e-31
2 4 0.222679 -2.01644e-31
2 4 0.201422 -2.01644e-31
2 4 0.206729 -2.01644e-31
2 4 0.20743 -2.01644e-31

2 4 0.205559 -2.01644e-31
2 4 0.20723 -2.01644e-31
2 4 0.213398 -2.01644e-31
2 4 0.20247 -2.01644e-31
2 4 0.20252 -2.01644e-31
2 4 0.206963 -2.01644e-31
2 4 0.208648 -2.01644e-31
2 4 0.208535 -2.01644e-31
2 4 0.202023 -2.01644e-31
2 4 0.207609 -2.01644e-31
2 4 0.201235 -2.01644e-31
2 4 0.201047 -2.01644e-31
2 4 0.224406 -2.01644e-31
2 4 0.20631 -2.01644e-31
2 4 0.207308 -2.01644e-31
2 4 0.203307 -2.01644e-31
2 4 0.202018 -2.01644e-31
2 4 0.206662 -2.01644e-31
2 4 0.206282 -2.01644e-31
2 4 0.205687 -2.01644e-31
2 4 0.20148 -2.01644e-31
2 4 0.202968 -2.01644e-31
2 4 0.205379 -2.01644e-31
2 4 0.208303 -2.01644e-31
2 4 0.205876 -2.01644e-31
2 4 0.200787 -2.01644e-31
2 4 0.205894 -2.01644e-31
2 4 0.206857 -2.01644e-31
2 4 0.205661 -2.01644e-31
2 4 0.20105 -2.01644e-31
2 4 0.207099 -2.01644e-31
2 4 0.207142 -2.01644e-31
2 4 0.202074 -2.01644e-31
3 4 0.0341783 70.7066
2 4 0.208351 -2.01644e-31
2 4 0.201189 -2.01644e-31
2 4 0.209575 -2.01644e-31
3 4 0.034515 70.7066
3 4 0.0436079 70.7066
3 4 0.0398023 70.7066
3 4 0.0397637 70.7066
3 4 0.0350305 70.7066
3 4 0.034198 70.7066
3 4 0.0343681 70.7066
3 4 0.0344743 70.7066
3 4 0.0345808 70.7066
3 4 0.0345374 70.7066
3 4 0.0348647 70.7066
3 4 0.0404613 70.7066
3 4 0.0347632 70.7066
3 4 0.035501 70.7066
3 4 0.0346887 70.7066
3 4 0.0341537 70.7066
3 4 0.0413673 70.7066
3 4 0.0349784 70.7066
3 4 0.0347598 70.7066
3 4 0.034163 70.7066
3 4 0.0346625 70.7066
3 4 0.0349874 70.7066
3 4 0.0347968 70.7066
3 4 0.0339918 70.7066
3 4 0.0340994 70.7066
3 4 0.0341518 70.7066
3 4 0.034466 70.7066
3 4 0.0342192 70.7066
3 4 0.034416 70.7066

3 4 0.0343323 70.7066
3 4 0.0341283 70.7066
3 4 0.0350085 70.7066
3 4 0.0346067 70.7066
3 4 0.0412994 70.7066
3 4 0.0342449 70.7066
3 4 0.034398 70.7066
3 4 0.0345145 70.7066
3 4 0.0343978 70.7066
3 4 0.0345088 70.7066
3 4 0.0347682 70.7066
3 4 0.0375368 70.7066
3 4 0.0353518 70.7066
3 4 0.0342503 70.7066
3 4 0.0342447 70.7066
3 4 0.0347226 70.7066
3 4 0.0346947 70.7066
3 4 0.0341941 70.7066
3 4 0.0347439 70.7066
4 4 0.0582402 99.8673
4 4 0.0531011 99.8673
4 4 0.0518819 99.8673
4 4 0.0513357 99.8673
4 4 0.0584577 99.8673
4 4 0.0516763 99.8673
4 4 0.0527629 99.8673
4 4 0.051825 99.8673
4 4 0.0516972 99.8673
4 4 0.0517357 99.8673
4 4 0.0516942 99.8673
4 4 0.0521408 99.8673
4 4 0.0513265 99.8673
4 4 0.0516804 99.8673
4 4 0.0514362 99.8673
4 4 0.05225 99.8673
4 4 0.0512425 99.8673
4 4 0.0520521 99.8673
4 4 0.0578579 99.8673
4 4 0.0519223 99.8673
4 4 0.0512014 99.8673
4 4 0.0524618 99.8673
4 4 0.0512975 99.8673
4 4 0.0517214 99.8673
4 4 0.0518757 99.8673
4 4 0.0516532 99.8673
4 4 0.0565901 99.8673
4 4 0.0517463 99.8673
4 4 0.0514357 99.8673
4 4 0.0518057 99.8673
4 4 0.0511781 99.8673
4 4 0.0511981 99.8673
4 4 0.0512346 99.8673
4 4 0.0520348 99.8673
4 4 0.0513369 99.8673
4 4 0.0513886 99.8673
4 4 0.0567099 99.8673
4 4 0.0517428 99.8673
4 4 0.0518797 99.8673
4 4 0.0527695 99.8673
4 4 0.0516975 99.8673
4 4 0.0516423 99.8673
4 4 0.0513539 99.8673
4 4 0.055815 99.8673
4 4 0.0517117 99.8673
4 4 0.0512674 99.8673
4 4 0.0512849 99.8673
4 4 0.0513629 99.8673
4 4 0.0513617 99.8673
4 4 0.0520552 99.8673
5 4 13.7892 26.4931
5 4 13.8115 26.4931
5 4 14.3044 26.4931
5 4 13.8022 26.4931
5 4 13.8028 26.4931
5 4 13.8052 26.4931
5 4 13.8103 26.4931
5 4 13.8072 26.4931
5 4 13.8059 26.4931
5 4 14.2379 26.4931
5 4 13.7952 26.4931
5 4 13.8038 26.4931
5 4 13.7884 26.4931
5 4 13.7993 26.4931
5 4 13.7976 26.4931
5 4 13.7946 26.4931
5 4 13.8034 26.4931
5 4 13.8005 26.4931
5 4 13.8021 26.4931
5 4 13.8034 26.4931
5 4 13.7991 26.4931
5 4 13.7897 26.4931
5 4 13.7927 26.4931
5 4 13.7946 26.4931
5 4 13.808 26.4931
5 4 13.8162 26.4931
5 4 13.802 26.4931
5 4 13.7952 26.4931
5 4 13.8008 26.4931
5 4 13.8054 26.4931
5 4 13.7969 26.4931
5 4 13.7918 26.4931
5 4 14.2281 26.4931
5 4 13.8003 26.4931
5 4 13.7999 26.4931
5 4 13.8063 26.4931
5 4 13.8075 26.4931
5 4 13.8146 26.4931
5 4 13.803 26.4931
5 4 13.8073 26.4931
5 4 13.8054 26.4931
5 4 13.8001 26.4931
5 4 13.8133 26.4931
5 4 13.8093 26.4931
5 4 13.7984 26.4931
5 4 13.8021 26.4931
5 4 13.8043 26.4931
5 4 13.8018 26.4931
5 4 13.803 26.4931
5 4 13.795 26.4931
0 5 0.0716797 180.62
0 5 0.0726289 180.62
0 5 0.0720851 180.62
0 5 0.0764964 180.62
0 5 0.0768872 180.62
0 5 0.0768049 180.62
0 5 0.0766199 180.62
0 5 0.0764375 180.62
0 5 0.0768207 180.62
0 5 0.0761469 180.62
0 5 0.0778724 180.62
0 5 0.0716603 180.62
0 5 0.049043 180.62
0 5 0.0479116 180.62
0 5 0.0514438 180.62
0 5 0.0523806 180.62
0 5 0.0712033 180.62
0 5 0.0768565 180.62
0 5 0.0716017 180.62
0 5 0.0713495 180.62
0 5 0.0724643 180.62
0 5 0.0770558 180.62
0 5 0.0769335 180.62
0 5 0.0775524 180.62
0 5 0.0719817 180.62
0 5 0.0763616 180.62
0 5 0.0721127 180.62
0 5 0.0761369 180.62
0 5 0.0768632 180.62
0 5 0.0713683 180.62
0 5 0.0766163 180.62
0 5 0.0721681 180.62
0 5 0.0714454 180.62
0 5 0.0720087 180.62
0 5 0.0778822 180.62
0 5 0.0762811 180.62
0 5 0.0786451 180.62
0 5 0.0776837 180.62
0 5 0.073271 180.62
0 5 0.0467309 180.62
0 5 0.0763774 180.62
0 5 0.0727383 180.62
0 5 0.076663 180.62
0 5 0.0765803 180.62
0 5 0.072267 180.62
0 5 0.047873 180.62
0 5 0.0721522 180.62
0 5 0.0770558 180.62
0 5 0.0768723 180.62
0 5 0.0731223 180.62
0 5 0.0518772 180.62
0 5 0.0716891 180.62
0 5 0.0776223 180.62
0 5 0.0710869 180.62
0 5 0.0692614 180.62
0 5 0.0764772 180.62
0 5 0.0723523 180.62
0 5 0.077224 180.62
0 5 0.0718054 180.62
0 5 0.0761869 180.62
0 5 0.0718467 180.62
0 5 0.0758814 180.62
0 5 0.0689276 180.62
0 5 0.0443933 180.62
0 5 0.0749673 180.62
0 5 0.0723837 180.62
0 5 0.0768773 180.62
0 5 0.0772993 180.62
0 5 0.0750073 180.62
0 5 0.0727938 180.62
0 5 0.0714452 180.62
0 5 0.0769141 180.62
0 5 0.0450865 180.62
0 5 0.0770441 180.62
0 5 0.0768334 180.62
0 5 0.0731653 180.62
0 5 0.0491628 180.62
0 5 0.0711899 180.62
0 5 0.0777042 180.62
0 5 0.0768471 180.62
0 5 0.076739 180.62
0 5 0.0770086 180.62
0 5 0.0714709 180.62
0 5 0.0770176 180.62
0 5 0.0475405 180.62
0 5 0.0713778 180.62
0 5 0.0759324 180.62
0 5 0.0778004 180.62
0 5 0.0769272 180.62
0 5 0.0773619 180.62
0 5 0.0445888 180.62
0 5 0.0761499 180.62
0 5 0.0721323 180.62
0 5 0.0730672 180.62
0 5 0.0771241 180.62
0 5 0.0460398 180.62
0 5 0.0705339 180.62
0 5 0.0724453 180.62
0 5 0.0719819 180.62
0 5 0.0460187 180.62
1 5 0.0859673 19.5926
1 5 0.0849237 19.5926
1 5 0.0812651 19.5926
1 5 0.06472 19.5926
1 5 0.0828917 19.5926
1 5 0.0880518 19.5926
1 5 0.0797962 19.5926
1 5 0.0789457 19.5926
1 5 0.0795761 19.5926
1 5 0.0865503 19.5926
1 5 0.0872382 19.5926
1 5 0.085603 19.5926
1 5 0.0812211 19.5926
1 5 0.0812107 19.5926
1 5 0.0881249 19.5926
1 5 0.0782573 19.5926
1 5 0.0878101 19.5926
1 5 0.0811221 19.5926
1 5 0.0550014 19.5926
1 5 0.0788147 19.5926
1 5 0.0784335 19.5926
1 5 0.0871733 19.5926
1 5 0.0853323 19.5926
1 5 0.0869137 19.5926
1 5 0.0801311 19.5926
1 5 0.0815579 19.5926
1 5 0.0885893 19.5926
1 5 0.083578 19.5926
1 5 0.0800633 19.5926
1 5 0.0871424 19.5926
1 5 0.0861143 19.5926
1 5 0.0825596 19.5926
1 5 0.0868884 19.5926
1 5 0.081413 19.5926
1 5 0.057888 19.5926
1 5 0.0882186 19.5926
1 5 0.0807009 19.5926
1 5 0.0639372 19.5926
1 5 0.0700489 19.5926
1 5 0.0814212 19.5926
1 5 0.0609515 19.5926
1 5 0.087099 19.5926
1 5 0.0816305 19.5926
1 5 0.0837331 19.5926
1 5 0.0787636 19.5926
1 5 0.0813489 19.5926
1 5 0.082507 19.5926
1 5 0.0873868 19.5926
1 5 0.0880375 19.5926
2 5 0.167548 -0
2 5 0.153394 -0
2 5 0.16085 -0
2 5 0.162522 -0
2 5 0.171184 -0
2 5 0.158693 -0
2 5 0.166017 -0
2 5 0.167334 -0
2 5 0.169365 -0
2 5 0.163163 -0
2 5 0.164277 -0
2 5 0.159647 -0
2 5 0.159408 -0
2 5 0.170249 -0
2 5 0.162897 -0
2 5 0.0991374 -0
2 5 0.155009 -0
2 5 0.154224 -0
2 5 0.164964 -0
2 5 0.169641 -0
2 5 0.153964 -0
2 5 0.166746 -0
2 5 0.164424 -0
2 5 0.158933 -0
2 5 0.165767 -0
2 5 0.154605 -0
2 5 0.0936574 -0
2 5 0.112281 -0
2 5 0.173635 -0
2 5 0.115558 -0
2 5 0.154928 -0
2 5 0.163198 -0
2 5 0.153579 -0
2 5 0.152121 -0
2 5 0.170024 -0
2 5 0.151423 -0
2 5 0.113679 -0
2 5 0.162649 -0
2 5 0.0983174 -0
2 5 0.168552 -0
2 5 0.162605 -0
2 5 0.102809 -0
2 5 0.149651 -0
2 5 0.155738 -0
2 5 0.156813 -0
2 5 0.163641 -0
2 5 0.165108 -0
2 5 0.149833 -0
2 5 0.170849 -0
3 5 0.0526147 70.7066
3 5 0.0426517 70.7066
2 5 0.163964 -0
3 5 0.0446434 70.7066
3 5 0.0450889 70.7066
3 5 0.053233 70.7066
3 5 0.0491743 70.7066
3 5 0.0424378 70.7066
3 5 0.0486532 70.7066
3 5 0.0484352 70.7066
3 5 0.0310733 70.7066
3 5 0.0479048 70.7066
3 5 0.0345814 70.7066
3 5 0.0453288 70.7066
3 5 0.0455703 70.7066
3 5 0.0493056 70.7066
3 5 0.0473424 70.7066
3 5 0.0484883 70.7066
3 5 0.0472099 70.7066
3 5 0.0484193 70.7066
3 5 0.0459951 70.7066
3 5 0.0488448 70.7066
3 5 0.0347121 70.7066
3 5 0.0482011 70.7066
3 5 0.0479419 70.7066
3 5 0.0465837 70.7066
3 5 0.0494476 70.7066
3 5 0.0488964 70.7066
3 5 0.0456548 70.7066
3 5 0.0447313 70.7066
3 5 0.0455687 70.7066
3 5 0.0441187 70.7066
3 5 0.0471324 70.7066
3 5 0.0484532 70.7066
3 5 0.0455121 70.7066
3 5 0.0456 70.7066
3 5 0.0449033 70.7066
3 5 0.0519519 70.7066
3 5 0.0494957 70.7066
3 5 0.0477899 70.7066
3 5 0.0520803 70.7066
3 5 0.0467448 70.7066
3 5 0.0354793 70.7066
3 5 0.0450686 70.7066
3 5 0.0497706 70.7066
3 5 0.0482757 70.7066
3 5 0.0529368 70.7066
3 5 0.0467769 70.7066
3 5 0.0449615 70.7066
3 5 0.0429401 70.7066
3 5 0.0291507 70.7066
4 5 0.0761518 99.9388
4 5 0.0760935 99.9388
4 5 0.0437522 99.9388
4 5 0.0755776 99.9388
4 5 0.0754831 99.9388
4 5 0.0763109 99.9388
4 5 0.0466353 99.9388
4 5 0.0755415 99.9388
4 5 0.0748744 99.9388
4 5 0.0760129 99.9388
4 5 0.0755784 99.9388
4 5 0.0721594 99.9388
4 5 0.0755198 99.9388
4 5 0.0455595 99.9388
4 5 0.0728291 99.9388
4 5 0.0711666 99.9388
4 5 0.0772448 99.9388
4 5 0.0758833 99.9388
4 5 0.0764993 99.9388
4 5 0.0712974 99.9388
4 5 0.0771639 99.9388
4 5 0.0767814 99.9388
4 5 0.049553 99.9388
4 5 0.0774351 99.9388
4 5 0.0461014 99.9388
4 5 0.0722558 99.9388
4 5 0.0707522 99.9388
4 5 0.0505138 99.9388
4 5 0.0768492 99.9388
4 5 0.0720447 99.9388
4 5 0.0767727 99.9388
4 5 0.0465883 99.9388
4 5 0.0762918 99.9388
4 5 0.076866 99.9388
4 5 0.0759395 99.9388
4 5 0.0763738 99.9388
4 5 0.0710071 99.9388
4 5 0.0764698 99.9388
4 5 0.0725915 99.9388
4 5 0.0730753 99.9388
4 5 0.0754686 99.9388
4 5 0.0686527 99.9388
4 5 0.0709114 99.9388
4 5 0.076427 99.9388
4 5 0.0757011 99.9388
4 5 0.0762497 99.9388
4 5 0.0771865 99.9388
4 5 0.0767065 99.9388
4 5 0.076295 99.9388
4 5 0.0761925 99.9388
5 5 12.0317 26.4778
5 5 11.1178 26.4778
5 5 11.149 26.4778
5 5 11.1487 26.4778
5 5 12.1474 26.4778
5 5 11.1456 26.4778
5 5 11.109 26.4778
5 5 11.2484 26.4778
5 5 11.9769 26.4778
5 5 11.0901 26.4778
5 5 11.1438 26.4778
5 5 11.1469 26.4778
5 5 11.121 26.4778
5 5 11.1541 26.4778
5 5 11.0511 26.4778
5 5 11.2513 26.4778
5 5 11.1371 26.4778
5 5 11.2229 26.4778
5 5 11.1612 26.4778
5 5 11.1511 26.4778
5 5 11.198 26.4778
5 5 11.066 26.4778
5 5 11.2502 26.4778
5 5 11.1422 26.4778
5 5 11.166 26.4778
5 5 11.3588 26.4778
5 5 11.2194 26.4778
5 5 11.144 26.4778
5 5 11.1514 26.4778
5 5 11.1883 26.4778
5 5 11.986 26.4778
5 5 11.1523 26.4778
5 5 11.1871 26.4778
5 5 11.15 26.4778
5 5 11.1516 26.4778
5 5 11.1373 26.4778
5 5 11.1498 26.4778
5 5 11.0686 26.4778
5 5 11.1207 26.4778
5 5 12.3107 26.4778
5 5 11.1621 26.4778
5 5 11.2749 26.4778
5 5 11.1219 26.4778
5 5 11.097 26.4778
5 5 11.257 26.4778
5 5 11.0569 26.4778
5 5 11.1844 26.4778
5 5 11.2464 26.4778
5 5 11.2542 26.4778
0 7 0.053591 180.063
0 7 0.0516138 180.063
0 7 0.0533231 180.063
0 7 0.0518142 180.063
0 7 0.0555306 180.063
0 7 0.0531654 180.063
0 7 0.0385076 180.063
0 7 0.0385424 180.063
0 7 0.0390321 180.063
0 7 0.0558531 180.063
0 7 0.0332637 180.063
0 7 0.0499703 180.063
0 7 0.0347841 180.063
0 7 0.0544691 180.063
0 7 0.0376267 180.063
0 7 0.0514409 180.063
0 7 0.0370868 180.063
0 7 0.0530561 180.063
0 7 0.0355302 180.063
0 7 0.0370564 180.063
0 7 0.0343698 180.063
0 7 0.0316711 180.063
0 7 0.0354253 180.063
0 7 0.0529552 180.063
0 7 0.0532211 180.063
0 7 0.0333129 180.063
0 7 0.0332926 180.063
0 7 0.056405 180.063
0 7 0.0530001 180.063
0 7 0.0499979 180.063
0 7 0.0356927 180.063
0 7 0.0377251 180.063
0 7 0.0547782 180.063
0 7 0.0507775 180.063
0 7 0.0363417 180.063
0 7 0.0524874 180.063
0 7 0.0349072 180.063
0 7 0.0526471 180.063
0 7 0.0507676 180.063
0 7 0.0377087 180.063
0 7 0.0509702 180.063
0 7 0.0344431 180.063
0 7 0.0329886 180.063
0 7 0.0537037 180.063
0 7 0.0519845 180.063
0 7 0.0299959 180.063
0 7 0.0344322 180.063
0 7 0.0325205 180.063
0 7 0.0540681 180.063
0 7 0.0361481 180.063
0 7 0.0559486 180.063
0 7 0.0527158 180.063
0 7 0.0361107 180.063
0 7 0.0526825 180.063
0 7 0.0358596 180.063
0 7 0.0345337 180.063
0 7 0.0395434 180.063
0 7 0.0511062 180.063
0 7 0.0379405 180.063
0 7 0.0335752 180.063
0 7 0.0558768 180.063
0 7 0.0526214 180.063
0 7 0.05341 180.063
0 7 0.053916 180.063
0 7 0.0300444 180.063
0 7 0.0332889 180.063
0 7 0.0367174 180.063
0 7 0.0334658 180.063
0 7 0.0537174 180.063
0 7 0.0323702 180.063
0 7 0.0531893 180.063
0 7 0.0364676 180.063
0 7 0.0360726 180.063
0 7 0.0534777 180.063
0 7 0.0560551 180.063
0 7 0.0531284 180.063
0 7 0.0340944 180.063
0 7 0.0339357 180.063
0 7 0.0513961 180.063
0 7 0.053099 180.063
0 7 0.0370402 180.063
0 7 0.0513267 180.063
0 7 0.0528115 180.063
0 7 0.0544322 180.063
0 7 0.0362635 180.063
0 7 0.0350516 180.063
0 7 0.0533109 180.063
0 7 0.0517942 180.063
0 7 0.0524145 180.063
0 7 0.0332881 180.063
0 7 0.0373049 180.063
0 7 0.0532924 180.063
0 7 0.0567527 180.063
0 7 0.0340976 180.063
0 7 0.0530043 180.063
0 7 0.053228 180.063
0 7 0.0520563 180.063
0 7 0.0531913 180.063
0 7 0.0342419 180.063
0 7 0.0566489 180.063
1 7 0.0583326 19.5912
1 7 0.0537894 19.5912
1 7 0.0531141 19.5912
1 7 0.0379957 19.5912
1 7 0.0589826 19.5912
1 7 0.0520245 19.5912
1 7 0.038669 19.5912
1 7 0.0599661 19.5912
1 7 0.0437765 19.5912
1 7 0.0364221 19.5912
1 7 0.0343768 19.5912
1 7 0.0378486 19.5912
1 7 0.0564027 19.5912
1 7 0.0388584 19.5912
1 7 0.0583716 19.5912
1 7 0.0554551 19.5912
1 7 0.0368287 19.5912
1 7 0.0577495 19.5912
1 7 0.0571742 19.5912
1 7 0.0463765 19.5912
1 7 0.0498182 19.5912
1 7 0.0574977 19.5912
1 7 0.0583185 19.5912
1 7 0.0585213 19.5912
1 7 0.0463435 19.5912
1 7 0.0438364 19.5912
1 7 0.0402612 19.5912
1 7 0.0361801 19.5912
1 7 0.0504495 19.5912
1 7 0.0604696 19.5912
1 7 0.0441469 19.5912
1 7 0.0588875 19.5912
1 7 0.0607684 19.5912
1 7 0.0405306 19.5912
1 7 0.0375026 19.5912
1 7 0.0536665 19.5912
1 7 0.037654 19.5912
1 7 0.0440935 19.5912
1 7 0.039851 19.5912
1 7 0.0570073 19.5912
1 7 0.0392919 19.5912
1 7 0.0461324 19.5912
1 7 0.0591392 19.5912
1 7 0.0486025 19.5912
1 7 0.0372298 19.5912
1 7 0.04575 19.5912
1 7 0.040281 19.5912
1 7 0.0506967 19.5912
1 7 0.0472316 19.5912
1 7 0.0487184 19.5912
2 7 0.151235 -2.01644e-31
2 7 0.13943 -2.01644e-31
2 7 0.113552 -2.01644e-31
2 7 0.144601 -2.01644e-31
2 7 0.10015 -2.01644e-31
2 7 0.0992856 -2.01644e-31
2 7 0.113958 -2.01644e-31
2 7 0.151265 -2.01644e-31
2 7 0.104565 -2.01644e-31
2 7 0.134677 -2.01644e-31
2 7 0.11673 -2.01644e-31
2 7 0.148863 -2.01644e-31
2 7 0.149119 -2.01644e-31
2 7 0.114458 -2.01644e-31
2 7 0.148604 -2.01644e-31
2 7 0.156647 -2.01644e-31
2 7 0.14143 -2.01644e-31
2 7 0.0966562 -2.01644e-31
2 7 0.11998 -2.01644e-31
2 7 0.114002 -2.01644e-31
2 7 0.103232 -2.01644e-31
2 7 0.113652 -2.01644e-31
2 7 0.116815 -2.01644e-31
2 7 0.0971213 -2.01644e-31
2 7 0.112639 -2.01644e-31
2 7 0.0966173 -2.01644e-31
2 7 0.146813 -2.01644e-31
2 7 0.120728 -2.01644e-31
2 7 0.112361 -2.01644e-31
2 7 0.119038 -2.01644e-31
2 7 0.0998452 -2.01644e-31
2 7 0.120235 -2.01644e-31
2 7 0.0984879 -2.01644e-31
2 7 0.113701 -2.01644e-31
2 7 0.146315 -2.01644e-31
2 7 0.148582 -2.01644e-31
2 7 0.150527 -2.01644e-31
2 7 0.149683 -2.01644e-31
2 7 0.14857 -2.01644e-31
2 7 0.157176 -2.01644e-31
2 7 0.151106 -2.01644e-31
2 7 0.0943828 -2.01644e-31
2 7 0.149396 -2.01644e-31
2 7 0.120496 -2.01644e-31
2 7 0.113632 -2.01644e-31
2 7 0.145029 -2.01644e-31
2 7 0.14495 -2.01644e-31
2 7 0.150217 -2.01644e-31
2 7 0.119862 -2.01644e-31
3 7 0.0323963 70.7066
2 7 0.106331 -2.01644e-31
3 7 0.0210192 70.7066
3 7 0.0304563 70.7066
3 7 0.0326003 70.7066
3 7 0.0279168 70.7066
3 7 0.0327013 70.7066
3 7 0.0233198 70.7066
3 7 0.0299565 70.7066
3 7 0.0325008 70.7066
3 7 0.0323231 70.7066
3 7 0.0309225 70.7066
3 7 0.0340582 70.7066
3 7 0.0312577 70.7066
3 7 0.0322701 70.7066
3 7 0.0322881 70.7066
3 7 0.024994 70.7066
3 7 0.0245567 70.7066
3 7 0.0297607 70.7066
3 7 0.0313604 70.7066
3 7 0.0366509 70.7066
3 7 0.0310345 70.7066
3 7 0.031781 70.7066
3 7 0.0230092 70.7066
3 7 0.0205014 70.7066
3 7 0.0253661 70.7066
3 7 0.0329929 70.7066
3 7 0.0343041 70.7066
3 7 0.0360912 70.7066
3 7 0.0306908 70.7066
3 7 0.0329078 70.7066
3 7 0.0283918 70.7066
3 7 0.0320712 70.7066
3 7 0.0272924 70.7066
3 7 0.0183691 70.7066
3 7 0.0208539 70.7066
3 7 0.0370036 70.7066
3 7 0.0256639 70.7066
3 7 0.0220008 70.7066
3 7 0.0194584 70.7066
3 7 0.0284686 70.7066
3 7 0.0328319 70.7066
3 7 0.0324307 70.7066
3 7 0.0316186 70.7066
3 7 0.0241291 70.7066
3 7 0.0322158 70.7066
3 7 0.0363944 70.7066
3 7 0.0315999 70.7066
3 7 0.0288278 70.7066
3 7 0.0233411 70.7066
3 7 0.0318792 70.7066
4 7 0.0450848 99.855
4 7 0.0373444 99.855
4 7 0.0372332 99.855
4 7 0.032841 99.855
4 7 0.0441666 99.855
4 7 0.046919 99.855
4 7 0.0317394 99.855
4 7 0.0327472 99.855
4 7 0.0475361 99.855
4 7 0.0469075 99.855
4 7 0.0460328 99.855
4 7 0.0281887 99.855
4 7 0.0335939 99.855
4 7 0.0313481 99.855
4 7 0.0289676 99.855
4 7 0.0334378 99.855
4 7 0.0464953 99.855
4 7 0.0319754 99.855
4 7 0.0302465 99.855
4 7 0.0479085 99.855
4 7 0.0324547 99.855
4 7 0.0309251 99.855
4 7 0.0308306 99.855
4 7 0.0308035 99.855
4 7 0.0322967 99.855
4 7 0.0486275 99.855
4 7 0.0325968 99.855
4 7 0.0484434 99.855
4 7 0.0479468 99.855
4 7 0.0466456 99.855
4 7 0.0455332 99.855
4 7 0.0342776 99.855
4 7 0.0325234 99.855
4 7 0.0302389 99.855
4 7 0.035816 99.855
4 7 0.0309791 99.855
4 7 0.0317992 99.855
4 7 0.0479641 99.855
4 7 0.0317216 99.855
4 7 0.0444545 99.855
4 7 0.0462743 99.855
4 7 0.0322389 99.855
4 7 0.0478434 99.855
4 7 0.0460666 99.855
4 7 0.0301068 99.855
4 7 0.0466005 99.855
4 7 0.0302875 99.855
4 7 0.0462797 99.855
4 7 0.0302019 99.855
4 7 0.027913 99.855
5 7 7.96881 26.4917
5 7 7.8942 26.4917
5 7 7.95729 26.4917
5 7 7.76285 26.4917
5 7 7.7646 26.4917
5 7 7.74955 26.4917
5 7 7.90708 26.4917
5 7 7.95751 26.4917
5 7 7.94525 26.4917
5 7 7.75549 26.4917
5 7 7.89892 26.4917
5 7 7.77041 26.4917
5 7 7.94326 26.4917
5 7 7.76406 26.4917
5 7 7.8892 26.4917
5 7 7.89425 26.4917
5 7 7.75574 26.4917
5 7 7.99093 26.4917
5 7 7.8959 26.4917
5 7 8.48737 26.4917
5 7 8.0333 26.4917
5 7 7.93492 26.4917
5 7 7.92026 26.4917
5 7 7.9161 26.4917
5 7 7.75386 26.4917
5 7 7.79452 26.4917
5 7 8.62346 26.4917
5 7 7.88525 26.4917
5 7 7.80089 26.4917
5 7 7.88596 26.4917
5 7 7.90608 26.4917
5 7 7.89561 26.4917
5 7 7.9747 26.4917
5 7 7.93124 26.4917
5 7 8.04292 26.4917
5 7 8.69235 26.4917
5 7 7.74493 26.4917
5 7 7.89608 26.4917
5 7 7.94376 26.4917
5 7 7.90163 26.4917
5 7 8.66729 26.4917
5 7 7.90764 26.4917
5 7 7.89888 26.4917
5 7 7.91829 26.4917
5 7 7.88839 26.4917
5 7 8.66267 26.4917
5 7 7.93416 26.4917
5 7 8.01531 26.4917
5 7 7.79513 26.4917
5 7 8.02266 26.4917
0 8 0.0408531 180.621
0 8 0.0281136 180.621
0 8 0.0283108 180.621
0 8 0.0293811 180.621
0 8 0.0412792 180.621
0 8 0.0285411 180.621
0 8 0.030593 180.621
0 8 0.0322612 180.621
0 8 0.0306402 180.621
0 8 0.0279763 180.621
0 8 0.0407513 180.621
0 8 0.0440109 180.621
0 8 0.0316939 180.621
0 8 0.0277639 180.621
0 8 0.030978 180.621
0 8 0.0438531 180.621
0 8 0.029501 180.621
0 8 0.0287142 180.621
0 8 0.0416907 180.621
0 8 0.0267301 180.621
0 8 0.0321222 180.621
0 8 0.029076 180.621
0 8 0.040446 180.621
0 8 0.0327707 180.621
0 8 0.0316291 180.621
0 8 0.0377247 180.621
0 8 0.0289616 180.621
0 8 0.0436292 180.621
0 8 0.0317162 180.621
0 8 0.0280324 180.621
0 8 0.0406517 180.621
0 8 0.0258347 180.621
0 8 0.0415552 180.621
0 8 0.0290719 180.621
0 8 0.0277089 180.621
0 8 0.0411583 180.621
0 8 0.0420984 180.621
0 8 0.0274933 180.621
0 8 0.0330591 180.621
0 8 0.0414218 180.621
0 8 0.0417169 180.621
0 8 0.0276616 180.621
0 8 0.0309196 180.621
0 8 0.0288096 180.621
0 8 0.0300232 180.621
0 8 0.0416628 180.621
0 8 0.0318125 180.621
0 8 0.0441918 180.621
0 8 0.0427342 180.621
0 8 0.0409091 180.621
0 8 0.0303829 180.621
0 8 0.0305362 180.621
0 8 0.0439116 180.621
0 8 0.0287108 180.621
0 8 0.0449515 180.621
0 8 0.0310247 180.621
0 8 0.02903 180.621
0 8 0.0277916 180.621
0 8 0.0292124 180.621
0 8 0.0447471 180.621
0 8 0.029774 180.621
0 8 0.0427349 180.621
0 8 0.0412606 180.621
0 8 0.029011 180.621
0 8 0.0307852 180.621
0 8 0.0299522 180.621
0 8 0.0431497 180.621
0 8 0.029447 180.621
0 8 0.0416699 180.621
0 8 0.042939 180.621
0 8 0.0287486 180.621
0 8 0.0425406 180.621
0 8 0.0316085 180.621
0 8 0.0262948 180.621
0 8 0.0448859 180.621
0 8 0.0265474 180.621
0 8 0.0401932 180.621
0 8 0.0319702 180.621
0 8 0.0308787 180.621
0 8 0.030922 180.621
0 8 0.0419259 180.621
0 8 0.0418287 180.621
0 8 0.029798 180.621
0 8 0.0438767 180.621
0 8 0.0419617 180.621
0 8 0.0276195 180.621
0 8 0.0311853 180.621
0 8 0.0413058 180.621
0 8 0.0403506 180.621
0 8 0.0295916 180.621
0 8 0.042506 180.621
0 8 0.0293483 180.621
0 8 0.0448347 180.621
0 8 0.0284255 180.621
0 8 0.0437184 180.621
0 8 0.0285789 180.621
0 8 0.0454638 180.621
0 8 0.0321052 180.621
0 8 0.0298004 180.621
0 8 0.0442972 180.621
1 8 0.0509061 19.5949
1 8 0.0473039 19.5949
1 8 0.0505923 19.5949
1 8 0.0400749 19.5949
1 8 0.0333798 19.5949
1 8 0.0428483 19.5949
1 8 0.0488991 19.5949
1 8 0.0507409 19.5949
1 8 0.0378121 19.5949
1 8 0.0506437 19.5949
1 8 0.0396933 19.5949
1 8 0.034994 19.5949
1 8 0.0517263 19.5949
1 8 0.0535547 19.5949
1 8 0.0365397 19.5949
1 8 0.0372896 19.5949
1 8 0.0507627 19.5949
1 8 0.0413679 19.5949
1 8 0.0489176 19.5949
1 8 0.0440236 19.5949
1 8 0.0474282 19.5949
1 8 0.0552875 19.5949
1 8 0.036971 19.5949
1 8 0.0441362 19.5949
1 8 0.053042 19.5949
1 8 0.0540531 19.5949
1 8 0.0516758 19.5949
1 8 0.0463996 19.5949
1 8 0.0339356 19.5949
1 8 0.0519186 19.5949
1 8 0.0502986 19.5949
1 8 0.0524523 19.5949
1 8 0.041066 19.5949
1 8 0.0514305 19.5949
1 8 0.0341745 19.5949
1 8 0.0371712 19.5949
1 8 0.038573 19.5949
1 8 0.0408834 19.5949
1 8 0.0518515 19.5949
1 8 0.0361921 19.5949
1 8 0.0550537 19.5949
1 8 0.0547368 19.5949
1 8 0.0521648 19.5949
1 8 0.0549358 19.5949
1 8 0.0373369 19.5949
1 8 0.0342865 19.5949
1 8 0.0379615 19.5949
1 8 0.0413157 19.5949
1 8 0.0331423 19.5949
1 8 0.0516604 19.5949
2 8 0.124348 -3.44927e-22
2 8 0.0900661 -3.44927e-22
2 8 0.131772 -3.44927e-22
2 8 0.12502 -3.44927e-22
2 8 0.0846119 -3.44927e-22
2 8 0.128344 -3.44927e-22
2 8 0.0913264 -3.44927e-22
2 8 0.126402 -3.44927e-22
2 8 0.0885845 -3.44927e-22
2 8 0.104909 -3.44927e-22
2 8 0.0866443 -3.44927e-22
2 8 0.0905128 -3.44927e-22
2 8 0.0950051 -3.44927e-22
2 8 0.127008 -3.44927e-22
2 8 0.106842 -3.44927e-22
2 8 0.0880437 -3.44927e-22
2 8 0.124722 -3.44927e-22
2 8 0.108646 -3.44927e-22
2 8 0.0906563 -3.44927e-22
2 8 0.126072 -3.44927e-22
2 8 0.0847663 -3.44927e-22
2 8 0.0865242 -3.44927e-22
2 8 0.128091 -3.44927e-22
2 8 0.0796589 -3.44927e-22
2 8 0.104885 -3.44927e-22
2 8 0.0836638 -3.44927e-22
2 8 0.0910205 -3.44927e-22
2 8 0.131002 -3.44927e-22
2 8 0.0889156 -3.44927e-22
2 8 0.132234 -3.44927e-22
2 8 0.128092 -3.44927e-22
2 8 0.0868308 -3.44927e-22
2 8 0.103841 -3.44927e-22
2 8 0.105842 -3.44927e-22
2 8 0.127146 -3.44927e-22
2 8 0.129543 -3.44927e-22
2 8 0.109856 -3.44927e-22
2 8 0.104235 -3.44927e-22
2 8 0.104317 -3.44927e-22
2 8 0.0895658 -3.44927e-22
2 8 0.12226 -3.44927e-22
2 8 0.0843984 -3.44927e-22
2 8 0.0908917 -3.44927e-22
2 8 0.10749 -3.44927e-22
2 8 0.123611 -3.44927e-22
2 8 0.106595 -3.44927e-22
2 8 0.0864733 -3.44927e-22
2 8 0.0856544 -3.44927e-22
2 8 0.104468 -3.44927e-22
2 8 0.0864132 -3.44927e-22
3 8 0.0303554 70.7066
3 8 0.0291453 70.7066
3 8 0.022929 70.7066
3 8 0.0308792 70.7066
3 8 0.0269816 70.7066
3 8 0.0307362 70.7066
3 8 0.0269758 70.7066
3 8 0.0306835 70.7066
3 8 0.0313726 70.7066
3 8 0.0311046 70.7066
3 8 0.0205163 70.7066
3 8 0.0292665 70.7066
3 8 0.022479 70.7066
3 8 0.0296756 70.7066
3 8 0.0343059 70.7066
3 8 0.0252766 70.7066
3 8 0.0271608 70.7066
3 8 0.0348448 70.7066
3 8 0.0244214 70.7066
3 8 0.0294784 70.7066
3 8 0.0263906 70.7066
3 8 0.027603 70.7066
3 8 0.0341833 70.7066
3 8 0.0301545 70.7066
3 8 0.0266921 70.7066
3 8 0.0312071 70.7066
3 8 0.0237648 70.7066
3 8 0.0239695 70.7066
3 8 0.0249598 70.7066
3 8 0.0249309 70.7066
3 8 0.0320543 70.7066
3 8 0.0271234 70.7066
3 8 0.0344907 70.7066
3 8 0.0193285 70.7066
3 8 0.0285289 70.7066
3 8 0.0304809 70.7066
3 8 0.031616 70.7066
3 8 0.0251207 70.7066
3 8 0.0320176 70.7066
3 8 0.0286971 70.7066
3 8 0.0314535 70.7066
3 8 0.0297741 70.7066
3 8 0.0257117 70.7066
3 8 0.031591 70.7066
3 8 0.0208202 70.7066
3 8 0.0181933 70.7066
3 8 0.0351822 70.7066
3 8 0.0321139 70.7066
3 8 0.0192844 70.7066
3 8 0.025836 70.7066
4 8 0.0378423 99.882
4 8 0.0277945 99.882
4 8 0.0379881 99.882
4 8 0.0450286 99.882
4 8 0.0387565 99.882
4 8 0.0450959 99.882
4 8 0.0410646 99.882
4 8 0.0290804 99.882
4 8 0.0322241 99.882
4 8 0.0334324 99.882
4 8 0.0276378 99.882
4 8 0.0309103 99.882
4 8 0.044305 99.882
4 8 0.0389342 99.882
4 8 0.0306695 99.882
4 8 0.0384474 99.882
4 8 0.0459313 99.882
4 8 0.050038 99.882
4 8 0.042586 99.882
4 8 0.0353339 99.882
4 8 0.0278343 99.882
4 8 0.0420718 99.882
4 8 0.0316663 99.882
4 8 0.0293806 99.882
4 8 0.0306094 99.882
4 8 0.0457647 99.882
4 8 0.0453781 99.882
4 8 0.0452974 99.882
4 8 0.0445275 99.882
4 8 0.047284 99.882
4 8 0.0336562 99.882
4 8 0.0316757 99.882
4 8 0.0413437 99.882
4 8 0.029213 99.882
4 8 0.0453337 99.882
4 8 0.0296635 99.882
4 8 0.0398373 99.882
4 8 0.0291122 99.882
4 8 0.0484981 99.882
4 8 0.0342973 99.882
4 8 0.0461844 99.882
4 8 0.0455374 99.882
4 8 0.0352749 99.882
4 8 0.0252983 99.882
4 8 0.0330493 99.882
4 8 0.0299055 99.882
4 8 0.0339265 99.882
4 8 0.0423735 99.882
4 8 0.0437032 99.882
4 8 0.0492938 99.882
5 8 6.75374 26.4321
5 8 6.83956 26.4321
5 8 7.29125 26.4321
5 8 6.63066 26.4321
5 8 6.78445 26.4321
5 8 6.76572 26.4321
5 8 6.68019 26.4321
5 8 6.69132 26.4321
5 8 6.84244 26.4321
5 8 6.77431 26.4321
5 8 7.29797 26.4321
5 8 6.76012 26.4321
5 8 6.63645 26.4321
5 8 6.76818 26.4321
5 8 6.93262 26.4321
5 8 6.75919 26.4321
5 8 6.69231 26.4321
5 8 6.80817 26.4321
5 8 6.81398 26.4321
5 8 6.7907 26.4321
5 8 6.63482 26.4321
5 8 6.78535 26.4321
5 8 6.69633 26.4321
5 8 6.79156 26.4321
5 8 6.78351 26.4321
5 8 6.77126 26.4321
5 8 6.66193 26.4321
5 8 6.69475 26.4321
5 8 6.79635 26.4321
5 8 6.78376 26.4321
5 8 6.78185 26.4321
5 8 6.74389 26.4321
5 8 6.66533 26.4321
5 8 6.87964 26.4321
5 8 6.76819 26.4321
5 8 6.6883 26.4321
5 8 6.69647 26.4321
5 8 6.62351 26.4321
5 8 7.40247 26.4321
5 8 6.76284 26.4321
5 8 7.31373 26.4321
5 8 6.73889 26.4321
5 8 6.67279 26.4321
5 8 7.41151 26.4321
5 8 7.26148 26.4321
5 8 6.74507 26.4321
5 8 6.7939 26.4321
5 8 6.88865 26.4321
5 8 7.40339 26.4321
5 8 6.89178 26.4321
0 9 0.0287509 180.938
0 9 0.0297997 180.938
0 9 0.0308534 180.938
0 9 0.0405818 180.938
0 9 0.0418257 180.938
0 9 0.0425007 180.938
0 9 0.029849 180.938
0 9 0.0292037 180.938
0 9 0.0302903 180.938
0 9 0.0413292 180.938
0 9 0.0396901 180.938
0 9 0.0311772 180.938
0 9 0.0381639 180.938
0 9 0.0469086 180.938
0 9 0.0408356 180.938
0 9 0.0398082 180.938
0 9 0.0308653 180.938
0 9 0.0422769 180.938
0 9 0.0273032 180.938
0 9 0.0279505 180.938
0 9 0.0399818 180.938
0 9 0.027405 180.938
0 9 0.0420428 180.938
0 9 0.0423624 180.938
0 9 0.0408819 180.938
0 9 0.042966 180.938
0 9 0.0421477 180.938
0 9 0.0298323 180.938
0 9 0.028276 180.938
0 9 0.0419276 180.938
0 9 0.0260033 180.938
0 9 0.0434677 180.938
0 9 0.0392941 180.938
0 9 0.0307995 180.938
0 9 0.0366335 180.938
0 9 0.0418051 180.938
0 9 0.0404296 180.938
0 9 0.0427817 180.938
0 9 0.0264344 180.938
0 9 0.0395148 180.938
0 9 0.0417854 180.938
0 9 0.0271912 180.938
0 9 0.0418411 180.938
0 9 0.0283317 180.938
0 9 0.0302906 180.938
0 9 0.0409936 180.938
0 9 0.0418049 180.938
0 9 0.0423127 180.938
0 9 0.0392554 180.938
0 9 0.0282515 180.938
0 9 0.0417799 180.938
0 9 0.0433497 180.938
0 9 0.0397783 180.938
0 9 0.0407478 180.938
0 9 0.0432183 180.938
0 9 0.0366112 180.938
0 9 0.0418032 180.938
0 9 0.0420596 180.938
0 9 0.0392093 180.938
0 9 0.0464172 180.938
0 9 0.0250125 180.938
0 9 0.0382066 180.938
0 9 0.0392025 180.938
0 9 0.0301807 180.938
0 9 0.0428823 180.938
0 9 0.0421213 180.938
0 9 0.0391814 180.938
0 9 0.0396222 180.938
0 9 0.0418765 180.938
0 9 0.0392298 180.938
0 9 0.0389426 180.938
0 9 0.0402032 180.938
0 9 0.0272674 180.938
0 9 0.0366533 180.938
0 9 0.0431916 180.938
0 9 0.041813 180.938
0 9 0.039528 180.938
0 9 0.0418157 180.938
0 9 0.041077 180.938
0 9 0.0413402 180.938
0 9 0.028488 180.938
0 9 0.0398981 180.938
0 9 0.0429193 180.938
0 9 0.0265717 180.938
0 9 0.0428828 180.938
0 9 0.0393537 180.938
0 9 0.0388622 180.938
0 9 0.0402854 180.938
0 9 0.0372318 180.938
0 9 0.0396037 180.938
0 9 0.0396382 180.938
0 9 0.0270186 180.938
0 9 0.0421176 180.938
0 9 0.0274156 180.938
0 9 0.0260652 180.938
0 9 0.0263095 180.938
0 9 0.0418399 180.938
0 9 0.0404641 180.938
0 9 0.0424896 180.938
0 9 0.0402191 180.938
1 9 0.0384516 19.5889
1 9 0.0474317 19.5889
1 9 0.0458794 19.5889
1 9 0.0335963 19.5889
1 9 0.0486988 19.5889
1 9 0.0347504 19.5889
1 9 0.044792 19.5889
1 9 0.032685 19.5889
1 9 0.0388016 19.5889
1 9 0.0310315 19.5889
1 9 0.0478501 19.5889
1 9 0.0403305 19.5889
1 9 0.0473595 19.5889
1 9 0.0314283 19.5889
1 9 0.045172 19.5889
1 9 0.0370425 19.5889
1 9 0.0483117 19.5889
1 9 0.0419435 19.5889
1 9 0.0475885 19.5889
1 9 0.0493638 19.5889
1 9 0.0463952 19.5889
1 9 0.0319998 19.5889
1 9 0.0327494 19.5889
1 9 0.0459823 19.5889
1 9 0.0469135 19.5889
1 9 0.0462175 19.5889
1 9 0.0494457 19.5889
1 9 0.0288144 19.5889
1 9 0.048218 19.5889
1 9 0.0414352 19.5889
1 9 0.0454854 19.5889
1 9 0.0374715 19.5889
1 9 0.0479388 19.5889
1 9 0.0492755 19.5889
1 9 0.0337307 19.5889
1 9 0.0449996 19.5889
1 9 0.0326387 19.5889
1 9 0.0463163 19.5889
1 9 0.031634 19.5889
1 9 0.0457625 19.5889
1 9 0.0486311 19.5889
1 9 0.04329 19.5889
1 9 0.0502444 19.5889
1 9 0.0476475 19.5889
1 9 0.036088 19.5889
1 9 0.0483108 19.5889
1 9 0.0392542 19.5889
1 9 0.0469444 19.5889
1 9 0.0331723 19.5889
1 9 0.0458718 19.5889
2 9 0.0503835 -0
2 9 0.027886 -0
2 9 0.0464415 -0
2 9 0.0222637 -0
2 9 0.0455269 -0
2 9 0.0416254 -0
2 9 0.0495213 -0
2 9 0.0471895 -0
2 9 0.0482973 -0
2 9 0.0267885 -0
2 9 0.0326922 -0
2 9 0.0409741 -0
2 9 0.0483662 -0
2 9 0.0418387 -0
2 9 0.048036 -0
2 9 0.0264608 -0
2 9 0.0493294 -0
2 9 0.0428715 -0
2 9 0.038742 -0
2 9 0.0469366 -0
2 9 0.0239591 -0
2 9 0.0486043 -0
2 9 0.0266666 -0
2 9 0.0421602 -0
2 9 0.0453772 -0
2 9 0.02945 -0
2 9 0.0481267 -0
2 9 0.0481161 -0
2 9 0.0497701 -0
2 9 0.0494338 -0
2 9 0.048221 -0
2 9 0.0506453 -0
2 9 0.0390533 -0
2 9 0.0275396 -0
2 9 0.0509351 -0
2 9 0.0269844 -0
2 9 0.0480344 -0
2 9 0.0518748 -0
2 9 0.0298254 -0
2 9 0.0281067 -0
2 9 0.0426664 -0
2 9 0.0419645 -0
2 9 0.0512092 -0
2 9 0.0263468 -0
2 9 0.0505943 -0
2 9 0.0490526 -0
2 9 0.0482768 -0
2 9 0.0399645 -0
2 9 0.0481584 -0
2 9 0.0249898 -0
3 9 0.0174004 70.7066
3 9 0.0280071 70.7066
3 9 0.0228887 70.7066
3 9 0.0291173 70.7066
3 9 0.0284132 70.7066
3 9 0.0306912 70.7066
3 9 0.0207882 70.7066
3 9 0.0278115 70.7066
3 9 0.0295924 70.7066
3 9 0.0290176 70.7066
3 9 0.0306938 70.7066
3 9 0.0245495 70.7066
3 9 0.0282741 70.7066
3 9 0.0175529 70.7066
3 9 0.0290362 70.7066
3 9 0.0279986 70.7066
3 9 0.0271391 70.7066
3 9 0.029994 70.7066
3 9 0.0305136 70.7066
3 9 0.0232857 70.7066
3 9 0.030239 70.7066
3 9 0.0294691 70.7066
3 9 0.0294038 70.7066
3 9 0.0293578 70.7066
3 9 0.0303582 70.7066
3 9 0.0292266 70.7066
3 9 0.0278961 70.7066
3 9 0.0185858 70.7066
3 9 0.02943 70.7066
3 9 0.0209998 70.7066
3 9 0.0275888 70.7066
3 9 0.027511 70.7066
3 9 0.018156 70.7066
3 9 0.0291932 70.7066
3 9 0.0269267 70.7066
3 9 0.0280817 70.7066
3 9 0.0295306 70.7066
3 9 0.0191911 70.7066
3 9 0.030298 70.7066
3 9 0.0299417 70.7066
3 9 0.0289619 70.7066
3 9 0.0201893 70.7066
3 9 0.0195779 70.7066
3 9 0.0266842 70.7066
3 9 0.0191 70.7066
3 9 0.0301556 70.7066
3 9 0.0283092 70.7066
3 9 0.0158402 70.7066
3 9 0.0233216 70.7066
3 9 0.0289754 70.7066
4 9 0.0371544 99.8551
4 9 0.0262147 99.8551
4 9 0.0379934 99.8551
4 9 0.0335548 99.8551
4 9 0.0357116 99.8551
4 9 0.02576 99.8551
4 9 0.0389909 99.8551
4 9 0.0355314 99.8551
4 9 0.02919 99.8551
4 9 0.0368953 99.8551
4 9 0.0369092 99.8551
4 9 0.0293713 99.8551
4 9 0.0387058 99.8551
4 9 0.0382732 99.8551
4 9 0.0379944 99.8551
4 9 0.0248282 99.8551
4 9 0.0357275 99.8551
4 9 0.036532 99.8551
4 9 0.0394871 99.8551
4 9 0.0237916 99.8551
4 9 0.0287724 99.8551
4 9 0.0360398 99.8551
4 9 0.0355857 99.8551
4 9 0.0264975 99.8551
4 9 0.0253082 99.8551
4 9 0.0361331 99.8551
4 9 0.0235229 99.8551
4 9 0.0382939 99.8551
4 9 0.0275022 99.8551
4 9 0.0387096 99.8551
4 9 0.0268231 99.8551
4 9 0.0249181 99.8551
4 9 0.0386987 99.8551
4 9 0.0357117 99.8551
4 9 0.0251579 99.8551
4 9 0.0386675 99.8551
4 9 0.0361385 99.8551
4 9 0.032016 99.8551
4 9 0.02381 99.8551
4 9 0.0280475 99.8551
4 9 0.0388163 99.8551
4 9 0.0393278 99.8551
4 9 0.038926 99.8551
4 9 0.0237052 99.8551
4 9 0.0380566 99.8551
4 9 0.0356859 99.8551
4 9 0.037282 99.8551
4 9 0.0388663 99.8551
4 9 0.0272562 99.8551
4 9 0.0379678 99.8551
5 9 6.7783 26.4921
5 9 6.20827 26.4921
5 9 6.46898 26.4921
5 9 6.11171 26.4921
5 9 6.13794 26.4921
5 9 6.29847 26.4921
5 9 6.61607 26.4921
5 9 6.67273 26.4921
5 9 6.24289 26.4921
5 9 6.09214 26.4921
5 9 6.27346 26.4921
5 9 6.13707 26.4921
5 9 6.09873 26.4921
5 9 6.62838 26.4921
5 9 6.69176 26.4921
5 9 6.20347 26.4921
5 9 6.13823 26.4921
5 9 6.63123 26.4921
5 9 6.24389 26.4921
5 9 6.22567 26.4921
5 9 6.75324 26.4921
5 9 6.37349 26.4921
5 9 6.11212 26.4921
5 9 6.08164 26.4921
5 9 6.10662 26.4921
5 9 6.20763 26.4921
5 9 6.25225 26.4921
5 9 6.33508 26.4921
5 9 6.09463 26.4921
5 9 6.23478 26.4921
5 9 6.11121 26.4921
5 9 6.61876 26.4921
5 9 6.09777 26.4921
5 9 6.08578 26.4921
5 9 6.25343 26.4921
5 9 6.11627 26.4921
5 9 6.20487 26.4921
5 9 6.0997 26.4921
5 9 6.47355 26.4921
5 9 6.77181 26.4921
5 9 6.1118 26.4921
5 9 6.10044 26.4921
5 9 6.21195 26.4921
5 9 6.12089 26.4921
5 9 6.30897 26.4921
5 9 6.24098 26.4921
5 9 6.42516 26.4921
5 9 6.09825 26.4921
5 9 6.238 26.4921
5 9 6.07819 26.4921
0 15 0.019122 179.833
0 15 0.0241701 179.833
0 15 0.0193078 179.833
0 15 0.0199856 179.833
0 15 0.0204945 179.833
0 15 0.0215294 179.833
0 15 0.0241209 179.833
0 15 0.0177939 179.833
0 15 0.0198371 179.833
0 15 0.0237709 179.833
0 15 0.0188013 179.833
0 15 0.0244941 179.833
0 15 0.0173755 179.833
0 15 0.0234 179.833
0 15 0.0189984 179.833
0 15 0.0235816 179.833
0 15 0.0184017 179.833
0 15 0.0248798 179.833
0 15 0.0200138 179.833
0 15 0.0235687 179.833
0 15 0.016106 179.833
0 15 0.024284 179.833
0 15 0.0182748 179.833
0 15 0.0180388 179.833
0 15 0.0176758 179.833
0 15 0.0202426 179.833
0 15 0.0238182 179.833
0 15 0.0202532 179.833
0 15 0.0244089 179.833
0 15 0.0168393 179.833
0 15 0.0183823 179.833
0 15 0.0238422 179.833
0 15 0.0198226 179.833
0 15 0.0190481 179.833
0 15 0.0237534 179.833
0 15 0.0133469 179.833
0 15 0.0189936 179.833
0 15 0.0234955 179.833
0 15 0.0187787 179.833
0 15 0.0197855 179.833
0 15 0.0184777 179.833
0 15 0.0235627 179.833
0 15 0.0182163 179.833
0 15 0.018263 179.833
0 15 0.0233577 179.833
0 15 0.0187911 179.833
0 15 0.0250882 179.833
0 15 0.0179876 179.833
0 15 0.023552 179.833
0 15 0.0160148 179.833
0 15 0.0241719 179.833
0 15 0.0184006 179.833
0 15 0.024296 179.833
0 15 0.0183643 179.833
0 15 0.0178102 179.833
0 15 0.0236902 179.833
0 15 0.0157797 179.833
0 15 0.0257485 179.833
0 15 0.0190328 179.833
0 15 0.023762 179.833
0 15 0.0176458 179.833
0 15 0.0183567 179.833
0 15 0.0177955 179.833
0 15 0.0188352 179.833
0 15 0.025001 179.833
0 15 0.0176868 179.833
0 15 0.0170877 179.833
0 15 0.0233672 179.833
0 15 0.0199439 179.833
0 15 0.023358 179.833
0 15 0.0235829 179.833
0 15 0.0207998 179.833
0 15 0.0235483 179.833
0 15 0.0187902 179.833
0 15 0.01773 179.833
0 15 0.0263149 179.833
0 15 0.0238599 179.833
0 15 0.0172333 179.833
0 15 0.023668 179.833
0 15 0.0207492 179.833
0 15 0.0236567 179.833
0 15 0.0200286 179.833
0 15 0.0237687 179.833
0 15 0.024949 179.833
0 15 0.0160223 179.833
0 15 0.0246305 179.833
0 15 0.0239113 179.833
0 15 0.0207515 179.833
0 15 0.0214052 179.833
0 15 0.0243761 179.833
0 15 0.0194944 179.833
0 15 0.0198241 179.833
0 15 0.0205495 179.833
0 15 0.0181485 179.833
0 15 0.0175978 179.833
0 15 0.0234402 179.833
0 15 0.0234699 179.833
0 15 0.0192797 179.833
0 15 0.0260747 179.833
0 15 0.0237815 179.833
1 15 0.0215426 19.5926
1 15 0.0257145 19.5926
1 15 0.0263759 19.5926
1 15 0.0307748 19.5926
1 15 0.0214673 19.5926
1 15 0.0266818 19.5926
1 15 0.0265697 19.5926
1 15 0.0228589 19.5926
1 15 0.025662 19.5926
1 15 0.0217579 19.5926
1 15 0.028938 19.5926
1 15 0.0278906 19.5926
1 15 0.02389 19.5926
1 15 0.0269023 19.5926
1 15 0.0277843 19.5926
1 15 0.0239681 19.5926
1 15 0.0192045 19.5926
1 15 0.0264684 19.5926
1 15 0.0296028 19.5926
1 15 0.0219997 19.5926
1 15 0.0266055 19.5926
1 15 0.0263353 19.5926
1 15 0.027178 19.5926
1 15 0.0261166 19.5926
1 15 0.0227599 19.5926
1 15 0.0298766 19.5926
1 15 0.0191347 19.5926
1 15 0.0246711 19.5926
1 15 0.0255092 19.5926
1 15 0.0246419 19.5926
1 15 0.0209559 19.5926
1 15 0.0266995 19.5926
1 15 0.0298103 19.5926
1 15 0.0269056 19.5926
1 15 0.0244076 19.5926
1 15 0.0273202 19.5926
1 15 0.023635 19.5926
1 15 0.0172728 19.5926
1 15 0.021044 19.5926
1 15 0.0308005 19.5926
1 15 0.0210032 19.5926
1 15 0.0263701 19.5926
1 15 0.0239581 19.5926
1 15 0.0246827 19.5926
1 15 0.0304898 19.5926
1 15 0.0275663 19.5926
1 15 0.0264429 19.5926
1 15 0.0204565 19.5926
1 15 0.0210127 19.5926
1 15 0.0206437 19.5926
2 15 0.0349538 -3.93126e-16
2 15 0.0457678 -3.93126e-16
2 15 0.0456538 -3.93126e-16
2 15 0.0336429 -3.93126e-16
2 15 0.044433 -3.93126e-16
2 15 0.0469863 -3.93126e-16
2 15 0.0459943 -3.93126e-16
2 15 0.0471094 -3.93126e-16
2 15 0.0463241 -3.93126e-16
2 15 0.0466814 -3.93126e-16
2 15 0.0470124 -3.93126e-16
2 15 0.0281182 -3.93126e-16
2 15 0.0450573 -3.93126e-16
2 15 0.0481598 -3.93126e-16
2 15 0.047161 -3.93126e-16
2 15 0.0350068 -3.93126e-16
2 15 0.0480969 -3.93126e-16
2 15 0.0450981 -3.93126e-16
2 15 0.0467472 -3.93126e-16
2 15 0.028362 -3.93126e-16
2 15 0.0457054 -3.93126e-16
2 15 0.0454281 -3.93126e-16
2 15 0.0470857 -3.93126e-16
2 15 0.046249 -3.93126e-16
2 15 0.0442299 -3.93126e-16
2 15 0.0470592 -3.93126e-16
2 15 0.0464184 -3.93126e-16
2 15 0.0432144 -3.93126e-16
2 15 0.0473349 -3.93126e-16
2 15 0.0482123 -3.93126e-16
2 15 0.0454283 -3.93126e-16
2 15 0.0449088 -3.93126e-16
2 15 0.0462551 -3.93126e-16
2 15 0.0354837 -3.93126e-16
2 15 0.0372957 -3.93126e-16
2 15 0.04293 -3.93126e-16
2 15 0.0467603 -3.93126e-16
2 15 0.0288325 -3.93126e-16
2 15 0.0464666 -3.93126e-16
2 15 0.0346739 -3.93126e-16
2 15 0.0379602 -3.93126e-16
2 15 0.0346022 -3.93126e-16
2 15 0.0406744 -3.93126e-16
2 15 0.0465269 -3.93126e-16
2 15 0.0368023 -3.93126e-16
2 15 0.047234 -3.93126e-16
2 15 0.0435447 -3.93126e-16
2 15 0.0442204 -3.93126e-16
2 15 0.0467121 -3.93126e-16
2 15 0.0475333 -3.93126e-16
3 15 0.014222 70.7066
3 15 0.0182043 70.7066
3 15 0.0117695 70.7066
3 15 0.018296 70.7066
3 15 0.0276601 70.7066
3 15 0.0245647 70.7066
3 15 0.0177989 70.7066
3 15 0.022687 70.7066
3 15 0.0187481 70.7066
3 15 0.0154365 70.7066
3 15 0.0244547 70.7066
3 15 0.0208075 70.7066
3 15 0.0242436 70.7066
3 15 0.0189385 70.7066
3 15 0.009111 70.7066
3 15 0.0222967 70.7066
3 15 0.018446 70.7066
3 15 0.0224971 70.7066
3 15 0.020153 70.7066
3 15 0.0249901 70.7066
3 15 0.0221118 70.7066
3 15 0.0148796 70.7066
3 15 0.0142842 70.7066
3 15 0.0266848 70.7066
3 15 0.0176317 70.7066
3 15 0.0131827 70.7066
3 15 0.0199426 70.7066
3 15 0.0172121 70.7066
3 15 0.0188571 70.7066
3 15 0.0281373 70.7066
3 15 0.0164083 70.7066
3 15 0.0175908 70.7066
3 15 0.0176669 70.7066
3 15 0.0185919 70.7066
3 15 0.0181958 70.7066
3 15 0.024009 70.7066
3 15 0.0248002 70.7066
3 15 0.0198024 70.7066
3 15 0.0107332 70.7066
3 15 0.0126689 70.7066
3 15 0.0194483 70.7066
3 15 0.0216792 70.7066
3 15 0.0200669 70.7066
3 15 0.0175297 70.7066
3 15 0.0174122 70.7066
3 15 0.0186015 70.7066
3 15 0.0131405 70.7066
3 15 0.0210067 70.7066
3 15 0.0219801 70.7066
3 15 0.0190442 70.7066
4 15 0.0204084 99.6486
4 15 0.020133 99.6486
4 15 0.020313 99.6486
4 15 0.020377 99.6486
4 15 0.0191368 99.6486
4 15 0.0202789 99.6486
4 15 0.0171639 99.6486
4 15 0.0217453 99.6486
4 15 0.0202749 99.6486
4 15 0.017355 99.6486
4 15 0.0176572 99.6486
4 15 0.0186121 99.6486
4 15 0.0196042 99.6486
4 15 0.0175228 99.6486
4 15 0.0160452 99.6486
4 15 0.0197728 99.6486
4 15 0.0171336 99.6486
4 15 0.0203754 99.6486
4 15 0.0206013 99.6486
4 15 0.0218915 99.6486
4 15 0.0182969 99.6486
4 15 0.0203482 99.6486
4 15 0.0202986 99.6486
4 15 0.0185025 99.6486
4 15 0.0196584 99.6486
4 15 0.0206941 99.6486
4 15 0.0205422 99.6486
4 15 0.0195609 99.6486
4 15 0.0151391 99.6486
4 15 0.0202383 99.6486
4 15 0.0202971 99.6486
4 15 0.0216326 99.6486
4 15 0.0203701 99.6486
4 15 0.0219018 99.6486
4 15 0.0202039 99.6486
4 15 0.0204289 99.6486
4 15 0.0204243 99.6486
4 15 0.0203956 99.6486
4 15 0.0192048 99.6486
4 15 0.0202256 99.6486
4 15 0.0204061 99.6486
4 15 0.0212396 99.6486
4 15 0.0174222 99.6486
4 15 0.0166669 99.6486
4 15 0.0151676 99.6486
4 15 0.0160047 99.6486
4 15 0.0178158 99.6486
4 15 0.0179593 99.6486
4 15 0.0188073 99.6486
4 15 0.0203882 99.6486
5 15 3.64247 26.4984
5 15 3.39503 26.4984
5 15 3.37069 26.4984
5 15 3.40058 26.4984
5 15 3.38522 26.4984
5 15 3.41908 26.4984
5 15 3.38657 26.4984
5 15 3.34791 26.4984
5 15 3.46493 26.4984
5 15 3.40518 26.4984
5 15 3.3828 26.4984
5 15 3.39324 26.4984
5 15 3.6217 26.4984
5 15 3.34846 26.4984
5 15 3.63749 26.4984
5 15 3.40354 26.4984
5 15 3.34152 26.4984
5 15 3.40491 26.4984
5 15 3.3861 26.4984
5 15 3.39787 26.4984
5 15 3.34206 26.4984
5 15 3.34615 26.4984
5 15 3.4161 26.4984
5 15 3.38152 26.4984
5 15 3.37309 26.4984
5 15 3.3441 26.4984
5 15 3.65492 26.4984
5 15 3.39641 26.4984
5 15 3.33938 26.4984
5 15 3.34266 26.4984
5 15 3.39996 26.4984
5 15 3.34182 26.4984
5 15 3.40407 26.4984
5 15 3.34962 26.4984
5 15 3.3478 26.4984
5 15 3.4039 26.4984
5 15 3.34945 26.4984
5 15 3.38622 26.4984
5 15 3.38439 26.4984
5 15 3.39194 26.4984
5 15 3.37503 26.4984
5 15 3.35218 26.4984
5 15 3.39299 26.4984
5 15 3.40365 26.4984
5 15 3.38561 26.4984
5 15 3.36993 26.4984
5 15 3.34576 26.4984
5 15 3.39139 26.4984
5 15 3.62183 26.4984
5 15 3.41094 26.4984
0 16 0.0218177 179.833
0 16 0.021949 179.833
0 16 0.0209698 179.833
0 16 0.0205952 179.833
0 16 0.0187291 179.833
0 16 0.0215744 179.833
0 16 0.0216544 179.833
0 16 0.0215946 179.833
0 16 0.0181891 179.833
0 16 0.0207855 179.833
0 16 0.0205601 179.833
0 16 0.0201541 179.833
0 16 0.0201799 179.833
0 16 0.0200657 179.833
0 16 0.0198905 179.833
0 16 0.0176559 179.833
0 16 0.0201208 179.833
0 16 0.0194904 179.833
0 16 0.0186943 179.833
0 16 0.0201843 179.833
0 16 0.0190957 179.833
0 16 0.0207409 179.833
0 16 0.0204249 179.833
0 16 0.0171744 179.833
0 16 0.0212649 179.833
0 16 0.0195996 179.833
0 16 0.0225829 179.833
0 16 0.0147061 179.833
0 16 0.0199262 179.833
0 16 0.018794 179.833
0 16 0.0226828 179.833
0 16 0.0170741 179.833
0 16 0.0214726 179.833
0 16 0.0210295 179.833
0 16 0.0201196 179.833
0 16 0.0191835 179.833
0 16 0.020894 179.833
0 16 0.0201512 179.833
0 16 0.0200922 179.833
0 16 0.0202127 179.833
0 16 0.0181822 179.833
0 16 0.0175689 179.833
0 16 0.021312 179.833
0 16 0.0178325 179.833
0 16 0.018112 179.833
0 16 0.0201193 179.833
0 16 0.0177949 179.833
0 16 0.0189125 179.833
0 16 0.0203673 179.833
0 16 0.0206821 179.833
0 16 0.0197924 179.833
0 16 0.0200463 179.833
0 16 0.0224432 179.833
0 16 0.0218091 179.833
0 16 0.0175229 179.833
0 16 0.0207873 179.833
0 16 0.0201709 179.833
0 16 0.0186465 179.833
0 16 0.0173816 179.833
0 16 0.0201278 179.833
0 16 0.0230355 179.833
0 16 0.0183654 179.833
0 16 0.0175743 179.833
0 16 0.0184578 179.833
0 16 0.022061 179.833
0 16 0.0205939 179.833
0 16 0.0193504 179.833
0 16 0.0190548 179.833
0 16 0.016624 179.833
0 16 0.0179808 179.833
0 16 0.0203856 179.833
0 16 0.0180469 179.833
0 16 0.0214566 179.833
0 16 0.0197472 179.833
0 16 0.0219846 179.833
0 16 0.019719 179.833
0 16 0.0199971 179.833
0 16 0.0188994 179.833
0 16 0.0190542 179.833
0 16 0.019261 179.833
0 16 0.0178303 179.833
0 16 0.0204053 179.833
0 16 0.0221818 179.833
0 16 0.018839 179.833
0 16 0.0225395 179.833
0 16 0.0211487 179.833
0 16 0.0222516 179.833
0 16 0.0167508 179.833
0 16 0.0211553 179.833
0 16 0.019476 179.833
0 16 0.0206205 179.833
0 16 0.0226028 179.833
0 16 0.017546 179.833
0 16 0.0216452 179.833
0 16 0.0207436 179.833
0 16 0.0195088 179.833
0 16 0.0173962 179.833
0 16 0.0213784 179.833
0 16 0.0200471 179.833
0 16 0.018685 179.833
1 16 0.0234149 19.5926
1 16 0.0218445 19.5926
1 16 0.0194286 19.5926
1 16 0.0204891 19.5926
1 16 0.0216844 19.5926
1 16 0.0217682 19.5926
1 16 0.022551 19.5926
1 16 0.0296415 19.5926
1 16 0.0294901 19.5926
1 16 0.0217761 19.5926
1 16 0.0243563 19.5926
1 16 0.0277525 19.5926
1 16 0.024971 19.5926
1 16 0.0253446 19.5926
1 16 0.0250037 19.5926
1 16 0.0268977 19.5926
1 16 0.0249319 19.5926
1 16 0.0267735 19.5926
1 16 0.0266739 19.5926
1 16 0.0206958 19.5926
1 16 0.0325862 19.5926
1 16 0.0223839 19.5926
1 16 0.0207294 19.5926
1 16 0.0214072 19.5926
1 16 0.020692 19.5926
1 16 0.0217283 19.5926
1 16 0.0311529 19.5926
1 16 0.0214041 19.5926
1 16 0.0274471 19.5926
1 16 0.0317049 19.5926
1 16 0.0247866 19.5926
1 16 0.0277317 19.5926
1 16 0.0335289 19.5926
1 16 0.0200852 19.5926
1 16 0.0206375 19.5926
1 16 0.0283919 19.5926
1 16 0.0219805 19.5926
1 16 0.0231027 19.5926
1 16 0.0200068 19.5926
1 16 0.0235043 19.5926
1 16 0.0289412 19.5926
1 16 0.0213803 19.5926
1 16 0.0256914 19.5926
1 16 0.0200945 19.5926
1 16 0.0241975 19.5926
1 16 0.0230656 19.5926
1 16 0.0224889 19.5926
1 16 0.0256568 19.5926
1 16 0.034066 19.5926
1 16 0.0201816 19.5926
2 16 0.0388672 -3.93126e-16
2 16 0.0419057 -3.93126e-16
2 16 0.0437498 -3.93126e-16
2 16 0.0441253 -3.93126e-16
2 16 0.0398044 -3.93126e-16
2 16 0.0367816 -3.93126e-16
2 16 0.0513771 -3.93126e-16
2 16 0.050641 -3.93126e-16
2 16 0.0358215 -3.93126e-16
2 16 0.0337608 -3.93126e-16
2 16 0.0351639 -3.93126e-16
2 16 0.0415554 -3.93126e-16
2 16 0.0424567 -3.93126e-16
2 16 0.0279204 -3.93126e-16
2 16 0.0348474 -3.93126e-16
2 16 0.0387178 -3.93126e-16
2 16 0.0468298 -3.93126e-16
2 16 0.042224 -3.93126e-16
2 16 0.0376992 -3.93126e-16
2 16 0.0477696 -3.93126e-16
2 16 0.0346964 -3.93126e-16
2 16 0.0374227 -3.93126e-16
2 16 0.0419524 -3.93126e-16
2 16 0.0398582 -3.93126e-16
2 16 0.049513 -3.93126e-16
2 16 0.0505677 -3.93126e-16
2 16 0.0354935 -3.93126e-16
2 16 0.0365321 -3.93126e-16
2 16 0.03707 -3.93126e-16
2 16 0.0366432 -3.93126e-16
2 16 0.0451673 -3.93126e-16
2 16 0.0396056 -3.93126e-16
2 16 0.0423415 -3.93126e-16
2 16 0.0311601 -3.93126e-16
2 16 0.0412018 -3.93126e-16
2 16 0.0447565 -3.93126e-16
2 16 0.048576 -3.93126e-16
2 16 0.0461596 -3.93126e-16
2 16 0.0358125 -3.93126e-16
2 16 0.0446887 -3.93126e-16
2 16 0.0343929 -3.93126e-16
2 16 0.0463357 -3.93126e-16
2 16 0.0501907 -3.93126e-16
2 16 0.0350088 -3.93126e-16
2 16 0.0336393 -3.93126e-16
2 16 0.043173 -3.93126e-16
2 16 0.0356164 -3.93126e-16
2 16 0.0466474 -3.93126e-16
2 16 0.0493183 -3.93126e-16
2 16 0.0312392 -3.93126e-16
3 16 0.0221523 70.7066
3 16 0.0184808 70.7066
3 16 0.0150175 70.7066
3 16 0.0108092 70.7066
3 16 0.0222555 70.7066
3 16 0.0234773 70.7066
3 16 0.0216781 70.7066
3 16 0.0249143 70.7066
3 16 0.0186504 70.7066
3 16 0.0178497 70.7066
3 16 0.0197315 70.7066
3 16 0.0208436 70.7066
3 16 0.0150763 70.7066
3 16 0.0272518 70.7066
3 16 0.0140385 70.7066
3 16 0.0198199 70.7066
3 16 0.01638 70.7066
3 16 0.0173361 70.7066
3 16 0.0281696 70.7066
3 16 0.0250189 70.7066
3 16 0.0221227 70.7066
3 16 0.0214563 70.7066
3 16 0.0169019 70.7066
3 16 0.0193864 70.7066
3 16 0.023896 70.7066
3 16 0.0205331 70.7066
3 16 0.0226562 70.7066
3 16 0.0250144 70.7066
3 16 0.0240141 70.7066
3 16 0.0238958 70.7066
3 16 0.0212244 70.7066
3 16 0.0227733 70.7066
3 16 0.0200768 70.7066
3 16 0.024998 70.7066
3 16 0.0207501 70.7066
3 16 0.0165745 70.7066
3 16 0.0208535 70.7066
3 16 0.0260588 70.7066
3 16 0.0226263 70.7066
3 16 0.0150851 70.7066
3 16 0.0272778 70.7066
3 16 0.0149116 70.7066
3 16 0.0243943 70.7066
3 16 0.0182512 70.7066
3 16 0.0195452 70.7066
3 16 0.0216611 70.7066
3 16 0.0185305 70.7066
3 16 0.0153994 70.7066
3 16 0.0188792 70.7066
3 16 0.0242437 70.7066
4 16 0.0195503 99.6486
4 16 0.019732 99.6486
4 16 0.017724 99.6486
4 16 0.0166781 99.6486
4 16 0.0163648 99.6486
4 16 0.0180221 99.6486
4 16 0.0141772 99.6486
4 16 0.0196003 99.6486
4 16 0.0172259 99.6486
4 16 0.0191165 99.6486
4 16 0.017259 99.6486
4 16 0.0190817 99.6486
4 16 0.0172081 99.6486
4 16 0.0186929 99.6486
4 16 0.0163161 99.6486
4 16 0.0170842 99.6486
4 16 0.0194681 99.6486
4 16 0.0187565 99.6486
4 16 0.0197851 99.6486
4 16 0.0155225 99.6486
4 16 0.0174427 99.6486
4 16 0.0174276 99.6486
4 16 0.0198629 99.6486
4 16 0.0167913 99.6486
4 16 0.0166271 99.6486
4 16 0.0160768 99.6486
4 16 0.0188868 99.6486
4 16 0.0185547 99.6486
4 16 0.0180823 99.6486
4 16 0.0191376 99.6486
4 16 0.0172152 99.6486
4 16 0.0213305 99.6486
4 16 0.0188545 99.6486
4 16 0.0160484 99.6486
4 16 0.0183403 99.6486
4 16 0.015665 99.6486
4 16 0.0181376 99.6486
4 16 0.0187646 99.6486
4 16 0.0165435 99.6486
4 16 0.0169248 99.6486
4 16 0.0190284 99.6486
4 16 0.0187526 99.6486
4 16 0.0194197 99.6486
4 16 0.0180008 99.6486
4 16 0.0179723 99.6486
4 16 0.0149634 99.6486
4 16 0.0174281 99.6486
4 16 0.0193158 99.6486
4 16 0.017921 99.6486
4 16 0.0175434 99.6486
5 16 3.38758 26.4984
5 16 3.40188 26.4984
5 16 3.37681 26.4984
5 16 3.38851 26.4984
5 16 3.37481 26.4984
5 16 3.38294 26.4984
5 16 3.39309 26.4984
5 16 3.4088 26.4984
5 16 3.36948 26.4984
5 16 3.37504 26.4984
5 16 3.40782 26.4984
5 16 3.39793 26.4984
5 16 3.39652 26.4984
5 16 3.38593 26.4984
5 16 3.38287 26.4984
5 16 3.4943 26.4984
5 16 3.38706 26.4984
5 16 3.37352 26.4984
5 16 3.41625 26.4984
5 16 3.38656 26.4984
5 16 3.39426 26.4984
5 16 3.37201 26.4984
5 16 3.39545 26.4984
5 16 3.38242 26.4984
5 16 3.38683 26.4984
5 16 3.38018 26.4984
5 16 3.4006 26.4984
5 16 3.38731 26.4984
5 16 3.40785 26.4984
5 16 3.39409 26.4984
5 16 3.40132 26.4984
5 16 3.37546 26.4984
5 16 3.43442 26.4984
5 16 3.38786 26.4984
5 16 3.37542 26.4984
5 16 3.44111 26.4984
5 16 3.38963 26.4984
5 16 3.42612 26.4984
5 16 3.38522 26.4984
5 16 3.39409 26.4984
5 16 3.38983 26.4984
5 16 3.4365 26.4984
5 16 3.41222 26.4984
5 16 3.39582 26.4984
5 16 3.38367 26.4984
5 16 3.44632 26.4984
5 16 3.3925 26.4984
5 16 3.41039 26.4984
5 16 3.38562 26.4984
5 16 3.40608 26.4984
0 17 0.0215219 180.143
0 17 0.0175786 180.143
0 17 0.0174676 180.143
0 17 0.0195868 180.143
0 17 0.0187345 180.143
0 17 0.0152258 180.143
0 17 0.0190007 180.143
0 17 0.0176258 180.143
0 17 0.0184452 180.143
0 17 0.0221344 180.143
0 17 0.0206258 180.143
0 17 0.014355 180.143
0 17 0.0183176 180.143
0 17 0.0173162 180.143
0 17 0.0202553 180.143
0 17 0.0192859 180.143
0 17 0.0220759 180.143
0 17 0.0164955 180.143
0 17 0.0170349 180.143
0 17 0.016357 180.143
0 17 0.0188929 180.143
0 17 0.0184711 180.143
0 17 0.0153191 180.143
0 17 0.0173352 180.143
0 17 0.0198171 180.143
0 17 0.0139545 180.143
0 17 0.020334 180.143
0 17 0.0188216 180.143
0 17 0.0211829 180.143
0 17 0.01934 180.143
0 17 0.0180238 180.143
0 17 0.018333 180.143
0 17 0.0183897 180.143
0 17 0.0182716 180.143
0 17 0.0178703 180.143
0 17 0.015161 180.143
0 17 0.0173058 180.143
0 17 0.0212412 180.143
0 17 0.0155988 180.143
0 17 0.0201724 180.143
0 17 0.0170197 180.143
0 17 0.0170174 180.143
0 17 0.0194723 180.143
0 17 0.0207832 180.143
0 17 0.0182073 180.143
0 17 0.0156494 180.143
0 17 0.0123411 180.143
0 17 0.0164327 180.143
0 17 0.0191586 180.143
0 17 0.0185134 180.143
0 17 0.0166409 180.143
0 17 0.0209261 180.143
0 17 0.0149859 180.143
0 17 0.0201658 180.143
0 17 0.0198572 180.143
0 17 0.016017 180.143
0 17 0.0173344 180.143
0 17 0.0190334 180.143
0 17 0.0149393 180.143
0 17 0.0167515 180.143
0 17 0.0186313 180.143
0 17 0.0211949 180.143
0 17 0.0186353 180.143
0 17 0.018123 180.143
0 17 0.0195898 180.143
0 17 0.0211634 180.143
0 17 0.0186596 180.143
0 17 0.015594 180.143
0 17 0.0193126 180.143
0 17 0.0160414 180.143
0 17 0.016341 180.143
0 17 0.0179184 180.143
0 17 0.0215548 180.143
0 17 0.0213916 180.143
0 17 0.0208568 180.143
0 17 0.017696 180.143
0 17 0.0200037 180.143
0 17 0.0153424 180.143
0 17 0.0190841 180.143
0 17 0.018334 180.143
0 17 0.0172317 180.143
0 17 0.0214388 180.143
0 17 0.0178192 180.143
0 17 0.0191563 180.143
0 17 0.0212795 180.143
0 17 0.0173515 180.143
0 17 0.0172206 180.143
0 17 0.0181052 180.143
0 17 0.0180402 180.143
0 17 0.018353 180.143
0 17 0.0150215 180.143
0 17 0.0186229 180.143
0 17 0.0184991 180.143
0 17 0.0189541 180.143
0 17 0.0178432 180.143
0 17 0.0170934 180.143
0 17 0.0157133 180.143
0 17 0.0197287 180.143
0 17 0.0215811 180.143
0 17 0.0171707 180.143
1 17 0.0180621 19.587
1 17 0.0211769 19.587
1 17 0.0183555 19.587
1 17 0.0207596 19.587
1 17 0.0201812 19.587
1 17 0.0193785 19.587
1 17 0.0194247 19.587
1 17 0.0228564 19.587
1 17 0.0228042 19.587
1 17 0.0179246 19.587
1 17 0.0169609 19.587
1 17 0.0195761 19.587
1 17 0.0158486 19.587
1 17 0.0197337 19.587
1 17 0.0151901 19.587
1 17 0.0203555 19.587
1 17 0.0189335 19.587
1 17 0.0210825 19.587
1 17 0.0188391 19.587
1 17 0.0181883 19.587
1 17 0.0205677 19.587
1 17 0.022908 19.587
1 17 0.0190209 19.587
1 17 0.0181689 19.587
1 17 0.0201612 19.587
1 17 0.0196785 19.587
1 17 0.0186467 19.587
1 17 0.0230425 19.587
1 17 0.0178408 19.587
1 17 0.0206946 19.587
1 17 0.0239261 19.587
1 17 0.0204777 19.587
1 17 0.0174848 19.587
1 17 0.0188328 19.587
1 17 0.022888 19.587
1 17 0.0166097 19.587
1 17 0.0174276 19.587
1 17 0.02019 19.587
1 17 0.0207596 19.587
1 17 0.0173979 19.587
1 17 0.0185678 19.587
1 17 0.0172838 19.587
1 17 0.0201642 19.587
1 17 0.0209537 19.587
1 17 0.0209814 19.587
1 17 0.0166761 19.587
1 17 0.0169175 19.587
1 17 0.019582 19.587
1 17 0.0188418 19.587
1 17 0.0173668 19.587
2 17 0.0434576 -4.9322e-17
2 17 0.0292375 -4.9322e-17
2 17 0.0410165 -4.9322e-17
2 17 0.0393285 -4.9322e-17
2 17 0.0397139 -4.9322e-17
2 17 0.0350674 -4.9322e-17
2 17 0.0377697 -4.9322e-17
2 17 0.0284508 -4.9322e-17
2 17 0.0386941 -4.9322e-17
2 17 0.0349997 -4.9322e-17
2 17 0.0391109 -4.9322e-17
2 17 0.0383037 -4.9322e-17
2 17 0.0281325 -4.9322e-17
2 17 0.0444099 -4.9322e-17
2 17 0.0346321 -4.9322e-17
2 17 0.0388169 -4.9322e-17
2 17 0.031333 -4.9322e-17
2 17 0.0398638 -4.9322e-17
2 17 0.0316172 -4.9322e-17
2 17 0.0440663 -4.9322e-17
2 17 0.0295751 -4.9322e-17
2 17 0.0333307 -4.9322e-17
2 17 0.032342 -4.9322e-17
2 17 0.0282117 -4.9322e-17
2 17 0.0340006 -4.9322e-17
2 17 0.0301608 -4.9322e-17
2 17 0.0383765 -4.9322e-17
2 17 0.0395048 -4.9322e-17
2 17 0.0385238 -4.9322e-17
2 17 0.0393691 -4.9322e-17
2 17 0.035265 -4.9322e-17
2 17 0.0390215 -4.9322e-17
2 17 0.0360406 -4.9322e-17
2 17 0.0354199 -4.9322e-17
2 17 0.0352851 -4.9322e-17
2 17 0.0422817 -4.9322e-17
2 17 0.0398202 -4.9322e-17
2 17 0.0392134 -4.9322e-17
2 17 0.0294431 -4.9322e-17
2 17 0.0391269 -4.9322e-17
2 17 0.0322982 -4.9322e-17
2 17 0.0369536 -4.9322e-17
2 17 0.0395725 -4.9322e-17
2 17 0.04075 -4.9322e-17
2 17 0.0515737 -4.9322e-17
2 17 0.0391211 -4.9322e-17
2 17 0.0297164 -4.9322e-17
2 17 0.0408184 -4.9322e-17
2 17 0.0429698 -4.9322e-17
2 17 0.0390154 -4.9322e-17
3 17 0.0238022 70.7066
3 17 0.0231325 70.7066
3 17 0.0239457 70.7066
3 17 0.0213718 70.7066
3 17 0.0166709 70.7066
3 17 0.0198497 70.7066
3 17 0.0157621 70.7066
3 17 0.0227264 70.7066
3 17 0.0217344 70.7066
3 17 0.025334 70.7066
3 17 0.0150752 70.7066
3 17 0.017045 70.7066
3 17 0.016252 70.7066
3 17 0.0166105 70.7066
3 17 0.0214782 70.7066
3 17 0.0237061 70.7066
3 17 0.0218129 70.7066
3 17 0.0215126 70.7066
3 17 0.0169613 70.7066
3 17 0.0230668 70.7066
3 17 0.0238027 70.7066
3 17 0.0236328 70.7066
3 17 0.0162983 70.7066
3 17 0.021043 70.7066
3 17 0.020337 70.7066
3 17 0.0223305 70.7066
3 17 0.0220536 70.7066
3 17 0.0208752 70.7066
3 17 0.0130683 70.7066
3 17 0.0215839 70.7066
3 17 0.0152859 70.7066
3 17 0.0147496 70.7066
3 17 0.0211145 70.7066
3 17 0.0170613 70.7066
3 17 0.0197385 70.7066
3 17 0.0228404 70.7066
3 17 0.0206332 70.7066
3 17 0.0217815 70.7066
3 17 0.022746 70.7066
3 17 0.0235655 70.7066
3 17 0.0160127 70.7066
3 17 0.0152987 70.7066
3 17 0.0196725 70.7066
3 17 0.0233617 70.7066
3 17 0.0188356 70.7066
3 17 0.016048 70.7066
3 17 0.0198813 70.7066
3 17 0.0123985 70.7066
3 17 0.0191617 70.7066
3 17 0.0180445 70.7066
4 17 0.0179813 99.747
4 17 0.0163668 99.747
4 17 0.0250021 99.747
4 17 0.020906 99.747
4 17 0.0155333 99.747
4 17 0.0173288 99.747
4 17 0.0203088 99.747
4 17 0.0230397 99.747
4 17 0.0199665 99.747
4 17 0.0197625 99.747
4 17 0.0178144 99.747
4 17 0.0177672 99.747
4 17 0.0217682 99.747
4 17 0.0159885 99.747
4 17 0.0267102 99.747
4 17 0.0223969 99.747
4 17 0.0171827 99.747
4 17 0.0178369 99.747
4 17 0.0214989 99.747
4 17 0.0160484 99.747
4 17 0.0163756 99.747
4 17 0.0177263 99.747
4 17 0.0172685 99.747
4 17 0.0176086 99.747
4 17 0.0153981 99.747
4 17 0.0190535 99.747
4 17 0.0227703 99.747
4 17 0.0220048 99.747
4 17 0.0175322 99.747
4 17 0.0217808 99.747
4 17 0.0265872 99.747
4 17 0.0200276 99.747
4 17 0.0202202 99.747
4 17 0.0210887 99.747
4 17 0.0238178 99.747
4 17 0.0157834 99.747
4 17 0.0218311 99.747
4 17 0.0252227 99.747
4 17 0.0222447 99.747
4 17 0.0177341 99.747
4 17 0.0180689 99.747
4 17 0.0214966 99.747
4 17 0.0235973 99.747
4 17 0.0207835 99.747
4 17 0.0207081 99.747
4 17 0.0165766 99.747
4 17 0.0207123 99.747
4 17 0.0229161 99.747
4 17 0.021344 99.747
4 17 0.0173318 99.747
5 17 2.82812 26.4559
5 17 2.8304 26.4559
5 17 2.8433 26.4559
5 17 2.83571 26.4559
5 17 2.86328 26.4559
5 17 2.82805 26.4559
5 17 2.82831 26.4559
5 17 2.8261 26.4559
5 17 2.83392 26.4559
5 17 2.84554 26.4559
5 17 2.78438 26.4559
5 17 2.8293 26.4559
5 17 2.78623 26.4559
5 17 2.83141 26.4559
5 17 2.79455 26.4559
5 17 2.83013 26.4559
5 17 2.78383 26.4559
5 17 2.82854 26.4559
5 17 2.83203 26.4559
5 17 2.85374 26.4559
5 17 2.78463 26.4559
5 17 2.83352 26.4559
5 17 2.83109 26.4559
5 17 2.82866 26.4559
5 17 2.83444 26.4559
5 17 2.82987 26.4559
5 17 2.78444 26.4559
5 17 2.82876 26.4559
5 17 2.85074 26.4559
5 17 2.8325 26.4559
5 17 2.82689 26.4559
5 17 2.8584 26.4559
5 17 2.83336 26.4559
5 17 2.83171 26.4559
5 17 2.83891 26.4559
5 17 2.8367 26.4559
5 17 2.78976 26.4559
5 17 2.82894 26.4559
5 17 2.82472 26.4559
5 17 2.86368 26.4559
5 17 2.82928 26.4559
5 17 2.82913 26.4559
5 17 2.82897 26.4559
5 17 2.78957 26.4559
5 17 2.82534 26.4559
5 17 2.82664 26.4559
5 17 2.83574 26.4559
5 17 2.82252 26.4559
5 17 2.78356 26.4559
5 17 2.82599 26.4559
0 31 0.0120156 180.279
0 31 0.0119072 180.279
0 31 0.0109872 180.279
0 31 0.013349 180.279
0 31 0.0136244 180.279
0 31 0.0109923 180.279
0 31 0.0127253 180.279
0 31 0.0100251 180.279
0 31 0.0119509 180.279
0 31 0.0129457 180.279
0 31 0.012677 180.279
0 31 0.0102639 180.279
0 31 0.0156706 180.279
0 31 0.0122167 180.279
0 31 0.0119371 180.279
0 31 0.0132393 180.279
0 31 0.0122174 180.279
0 31 0.0118719 180.279
0 31 0.0126104 180.279
0 31 0.0101405 180.279
0 31 0.0118998 180.279
0 31 0.013037 180.279
0 31 0.0139178 180.279
0 31 0.0113504 180.279
0 31 0.0129928 180.279
0 31 0.0122165 180.279
0 31 0.013747 180.279
0 31 0.0122914 180.279
0 31 0.012669 180.279
0 31 0.0103183 180.279
0 31 0.0109226 180.279
0 31 0.0141466 180.279
0 31 0.0115816 180.279
0 31 0.0119601 180.279
0 31 0.0133824 180.279
0 31 0.00995325 180.279
0 31 0.0119601 180.279
0 31 0.0104826 180.279
0 31 0.0112928 180.279
0 31 0.0118495 180.279
0 31 0.0099591 180.279
0 31 0.0103133 180.279
0 31 0.0133425 180.279
0 31 0.0135113 180.279
0 31 0.0118848 180.279
0 31 0.0133713 180.279
0 31 0.0118139 180.279
0 31 0.0123066 180.279
0 31 0.0120529 180.279
0 31 0.0120402 180.279
0 31 0.0119512 180.279
0 31 0.0132138 180.279
0 31 0.0122884 180.279
0 31 0.0139713 180.279
0 31 0.0120676 180.279
0 31 0.0119556 180.279
0 31 0.0125432 180.279
0 31 0.0108966 180.279
0 31 0.0103226 180.279
0 31 0.0112933 180.279
0 31 0.0144094 180.279
0 31 0.0119972 180.279
0 31 0.0119215 180.279
0 31 0.0100652 180.279
0 31 0.0149867 180.279
0 31 0.0120009 180.279
0 31 0.0119638 180.279
0 31 0.0105459 180.279
0 31 0.0120464 180.279
0 31 0.0123736 180.279
0 31 0.0119703 180.279
0 31 0.0122044 180.279
0 31 0.0122226 180.279
0 31 0.0137176 180.279
0 31 0.0119041 180.279
0 31 0.0126864 180.279
0 31 0.0136328 180.279
0 31 0.0127815 180.279
0 31 0.0120815 180.279
0 31 0.0118894 180.279
0 31 0.0118828 180.279
0 31 0.0122876 180.279
0 31 0.0106219 180.279
0 31 0.0118062 180.279
0 31 0.01037 180.279
0 31 0.0116817 180.279
0 31 0.0118283 180.279
0 31 0.0123155 180.279
0 31 0.0112524 180.279
0 31 0.0118647 180.279
0 31 0.0118668 180.279
0 31 0.0122166 180.279
0 31 0.0134958 180.279
0 31 0.0135381 180.279
0 31 0.011959 180.279
0 31 0.0124063 180.279
0 31 0.0114257 180.279
0 31 0.0122933 180.279
0 31 0.0113617 180.279
0 31 0.0103192 180.279
1 31 0.0116403 19.5872
1 31 0.0145348 19.5872
1 31 0.0139469 19.5872
1 31 0.0116691 19.5872
1 31 0.0139662 19.5872
1 31 0.0156355 19.5872
1 31 0.014132 19.5872
1 31 0.0100483 19.5872
1 31 0.0161265 19.5872
1 31 0.0139689 19.5872
1 31 0.012686 19.5872
1 31 0.016044 19.5872
1 31 0.0148784 19.5872
1 31 0.0158351 19.5872
1 31 0.0141353 19.5872
1 31 0.0151466 19.5872
1 31 0.0130121 19.5872
1 31 0.0131618 19.5872
1 31 0.0142364 19.5872
1 31 0.0144533 19.5872
1 31 0.0115484 19.5872
1 31 0.0138523 19.5872
1 31 0.0137559 19.5872
1 31 0.0116401 19.5872
1 31 0.0130611 19.5872
1 31 0.0128413 19.5872
1 31 0.0146471 19.5872
1 31 0.0125002 19.5872
1 31 0.0142939 19.5872
1 31 0.01413 19.5872
1 31 0.0136608 19.5872
1 31 0.0133916 19.5872
1 31 0.0120557 19.5872
1 31 0.0130145 19.5872
1 31 0.0139383 19.5872
1 31 0.0137925 19.5872
1 31 0.0130659 19.5872
1 31 0.0133346 19.5872
1 31 0.013172 19.5872
1 31 0.0131579 19.5872
1 31 0.0157272 19.5872
1 31 0.0142237 19.5872
1 31 0.0141787 19.5872
1 31 0.0138283 19.5872
1 31 0.0136698 19.5872
1 31 0.0118661 19.5872
1 31 0.0128139 19.5872
1 31 0.0121381 19.5872
1 31 0.0134671 19.5872
1 31 0.0142849 19.5872
2 31 0.0287532 -5.20211e-17
2 31 0.0284132 -5.20211e-17
2 31 0.0277135 -5.20211e-17
2 31 0.0241727 -5.20211e-17
2 31 0.0247973 -5.20211e-17
2 31 0.0181981 -5.20211e-17
2 31 0.0265806 -5.20211e-17
2 31 0.019445 -5.20211e-17
2 31 0.0269676 -5.20211e-17
2 31 0.0197163 -5.20211e-17
2 31 0.0182803 -5.20211e-17
2 31 0.029414 -5.20211e-17
2 31 0.0264387 -5.20211e-17
2 31 0.0250482 -5.20211e-17
2 31 0.0265153 -5.20211e-17
2 31 0.0321723 -5.20211e-17
2 31 0.0225372 -5.20211e-17
2 31 0.0244614 -5.20211e-17
2 31 0.026061 -5.20211e-17
2 31 0.0253815 -5.20211e-17
2 31 0.0267368 -5.20211e-17
2 31 0.0257664 -5.20211e-17
2 31 0.0245467 -5.20211e-17
2 31 0.0257397 -5.20211e-17
2 31 0.0207187 -5.20211e-17
2 31 0.0283854 -5.20211e-17
2 31 0.0284888 -5.20211e-17
2 31 0.0259805 -5.20211e-17
2 31 0.0260508 -5.20211e-17
2 31 0.0258239 -5.20211e-17
2 31 0.0244097 -5.20211e-17
2 31 0.0170706 -5.20211e-17
2 31 0.0245655 -5.20211e-17
2 31 0.023282 -5.20211e-17
2 31 0.0191821 -5.20211e-17
2 31 0.0189964 -5.20211e-17
2 31 0.0252757 -5.20211e-17
2 31 0.0311787 -5.20211e-17
2 31 0.0181068 -5.20211e-17
2 31 0.0275055 -5.20211e-17
2 31 0.0247705 -5.20211e-17
2 31 0.0191827 -5.20211e-17
2 31 0.0281238 -5.20211e-17
2 31 0.0247552 -5.20211e-17
2 31 0.0273118 -5.20211e-17
2 31 0.0258989 -5.20211e-17
2 31 0.0198904 -5.20211e-17
2 31 0.0229048 -5.20211e-17
2 31 0.0222749 -5.20211e-17
2 31 0.0212128 -5.20211e-17
3 31 0.0116667 70.7066
3 31 0.00900209 70.7066
3 31 0.0166708 70.7066
3 31 0.017114 70.7066
3 31 0.0193325 70.7066
3 31 0.0111351 70.7066
3 31 0.0145138 70.7066
3 31 0.0160379 70.7066
3 31 0.0193499 70.7066
3 31 0.0143066 70.7066
3 31 0.0119382 70.7066
3 31 0.00860157 70.7066
3 31 0.0175546 70.7066
3 31 0.0153733 70.7066
3 31 0.0168007 70.7066
3 31 0.00983983 70.7066
3 31 0.00876744 70.7066
3 31 0.0138677 70.7066
3 31 0.00902203 70.7066
3 31 0.0112369 70.7066
3 31 0.0100029 70.7066
3 31 0.0147552 70.7066
3 31 0.0121162 70.7066
3 31 0.0146043 70.7066
3 31 0.00905318 70.7066
3 31 0.0162475 70.7066
3 31 0.014898 70.7066
3 31 0.0140892 70.7066
3 31 0.010474 70.7066
3 31 0.014062 70.7066
3 31 0.0159568 70.7066
3 31 0.0126513 70.7066
3 31 0.0153056 70.7066
3 31 0.0154394 70.7066
3 31 0.0148651 70.7066
3 31 0.0153789 70.7066
3 31 0.0172296 70.7066
3 31 0.00904471 70.7066
3 31 0.0176843 70.7066
3 31 0.0122804 70.7066
3 31 0.00932862 70.7066
3 31 0.0141957 70.7066
3 31 0.0136657 70.7066
3 31 0.0165585 70.7066
3 31 0.0137724 70.7066
3 31 0.0144126 70.7066
3 31 0.0134173 70.7066
3 31 0.014363 70.7066
3 31 0.0158923 70.7066
3 31 0.0133748 70.7066
4 31 0.0214207 97.7841
4 31 0.0197068 97.7841
0 32 0.0132472 180.279
0 32 0.0116895 180.279
4 31 0.0223156 97.7841
0 32 0.0132748 180.279
0 32 0.0122215 180.279
4 31 0.0202619 97.7841
0 32 0.0122078 180.279
0 32 0.0122695 180.279
4 31 0.0210045 97.7841
0 32 0.012072 180.279
0 32 0.0131986 180.279
0 32 0.0119525 180.279
0 32 0.0102036 180.279
0 32 0.0121848 180.279
0 32 0.012119 180.279
0 32 0.0138652 180.279
0 32 0.0119347 180.279
4 31 0.0170467 97.7841
4 31 0.0223501 97.7841
4 31 0.0199075 97.7841
4 31 0.0178187 97.7841
0 32 0.01337 180.279
4 31 0.020277 97.7841
0 32 0.012749 180.279
4 31 0.0212569 97.7841
0 32 0.011825 180.279
0 32 0.0112857 180.279
4 31 0.0216206 97.7841
4 31 0.0153729 97.7841
0 32 0.0124355 180.279
4 31 0.01314 97.7841
0 32 0.0125397 180.279
4 31 0.0219993 97.7841
4 31 0.0205729 97.7841
0 32 0.0117485 180.279
4 31 0.0203402 97.7841
0 32 0.0120716 180.279
4 31 0.0169577 97.7841
0 32 0.0112695 180.279
4 31 0.0110508 97.7841
0 32 0.0107421 180.279
4 31 0.0217908 97.7841
0 32 0.0137073 180.279
4 31 0.0189476 97.7841
0 32 0.0119234 180.279
4 31 0.0209227 97.7841
0 32 0.0122513 180.279
4 31 0.019386 97.7841
0 32 0.0127426 180.279
4 31 0.0208034 97.7841
0 32 0.0121238 180.279
4 31 0.0111294 97.7841
0 32 0.0112804 180.279
4 31 0.0119389 97.7841
0 32 0.0141468 180.279
4 31 0.0117886 97.7841
0 32 0.0134938 180.279
4 31 0.0210483 97.7841
0 32 0.013963 180.279
4 31 0.0126413 97.7841
0 32 0.0133668 180.279
0 32 0.0139054 180.279
4 31 0.0167585 97.7841
0 32 0.0115045 180.279
4 31 0.0184294 97.7841
0 32 0.00971736 180.279
4 31 0.0177333 97.7841
0 32 0.0132247 180.279
4 31 0.021294 97.7841
0 32 0.0117805 180.279
0 32 0.0140405 180.279
4 31 0.0206784 97.7841
4 31 0.0133616 97.7841
0 32 0.0121169 180.279
4 31 0.0143942 97.7841
4 31 0.0222031 97.7841
4 31 0.0209805 97.7841
4 31 0.0138772 97.7841
0 32 0.0126747 180.279
0 32 0.0140708 180.279
4 31 0.0221845 97.7841
0 32 0.0113111 180.279
0 32 0.0118476 180.279
4 31 0.0225861 97.7841
0 32 0.0119988 180.279
4 31 0.0205999 97.7841
0 32 0.0135565 180.279
4 31 0.0219507 97.7841
0 32 0.0111567 180.279
4 31 0.0113789 97.7841
0 32 0.014126 180.279
4 31 0.0217933 97.7841
0 32 0.0102074 180.279
4 31 0.0188135 97.7841
0 32 0.0118481 180.279
4 31 0.00915327 97.7841
4 31 0.0171423 97.7841
0 32 0.0121581 180.279
4 31 0.0209549 97.7841
4 31 0.0233655 97.7841
0 32 0.0127692 180.279
5 31 1.69655 26.498
0 32 0.011115 180.279
5 31 1.69069 26.498
0 32 0.00851246 180.279
5 31 1.69264 26.498
0 32 0.0125469 180.279
5 31 1.69995 26.498
0 32 0.0118604 180.279
5 31 1.69166 26.498
5 31 1.697 26.498
0 32 0.0133496 180.279
5 31 1.69364 26.498
0 32 0.00977261 180.279
0 32 0.0120143 180.279
0 32 0.0118116 180.279
0 32 0.0119242 180.279
0 32 0.0145536 180.279
5 31 1.69824 26.498
0 32 0.0126432 180.279
5 31 1.69621 26.498
0 32 0.014029 180.279
5 31 1.69794 26.498
0 32 0.0121044 180.279
0 32 0.0124938 180.279
5 31 1.69108 26.498
0 32 0.010499 180.279
5 31 1.69746 26.498
0 32 0.0121066 180.279
5 31 1.73013 26.498
0 32 0.010644 180.279
5 31 1.69562 26.498
0 32 0.0130017 180.279
5 31 1.69438 26.498
0 32 0.0122555 180.279
5 31 1.69508 26.498
0 32 0.0148584 180.279
5 31 1.69902 26.498
0 32 0.0137954 180.279
5 31 1.69388 26.498
5 31 1.69639 26.498
5 31 1.69748 26.498
5 31 1.70339 26.498
5 31 1.69773 26.498
0 32 0.0118768 180.279
5 31 1.69431 26.498
0 32 0.0128384 180.279
0 32 0.012112 180.279
5 31 1.70137 26.498
0 32 0.0126622 180.279
5 31 1.69788 26.498
0 32 0.012589 180.279
5 31 1.6984 26.498
0 32 0.012307 180.279
5 31 1.6994 26.498
0 32 0.0104383 180.279
5 31 1.69922 26.498
0 32 0.0117145 180.279
5 31 1.69798 26.498
0 32 0.011875 180.279
5 31 1.69209 26.498
0 32 0.012954 180.279
5 31 1.69698 26.498
5 31 1.6948 26.498
0 32 0.0119414 180.279
5 31 1.69875 26.498
0 32 0.0131099 180.279
5 31 1.69585 26.498
0 32 0.013064 180.279
5 31 1.698 26.498
0 32 0.0122772 180.279
0 32 0.0125055 180.279
5 31 1.69528 26.498
0 32 0.0119572 180.279
0 32 0.0134563 180.279
5 31 1.69512 26.498
0 32 0.0138578 180.279
5 31 1.69221 26.498
5 31 1.69405 26.498
5 31 1.69715 26.498
5 31 1.69793 26.498
5 31 1.69552 26.498
5 31 1.70324 26.498
5 31 1.69553 26.498
5 31 1.6965 26.498
5 31 1.69979 26.498
5 31 1.69325 26.498
5 31 1.69682 26.498
5 31 1.692 26.498
5 31 1.69718 26.498
0 32 0.0120626 180.279
0 32 0.0119087 180.279
0 32 0.0136755 180.279
0 32 0.00967735 180.279
0 32 0.0133736 180.279
0 32 0.0119849 180.279
0 32 0.0120037 180.279
0 32 0.0118878 180.279
1 32 0.0130513 19.5872
1 32 0.0144649 19.5872
1 32 0.0142919 19.5872
1 32 0.0122207 19.5872
1 32 0.0125307 19.5872
1 32 0.0144194 19.5872
1 32 0.0143046 19.5872
1 32 0.0140586 19.5872
1 32 0.013541 19.5872
1 32 0.0143882 19.5872
1 32 0.0131187 19.5872
1 32 0.0136203 19.5872
1 32 0.0139904 19.5872
1 32 0.0125906 19.5872
1 32 0.0125143 19.5872
1 32 0.0139393 19.5872
1 32 0.011454 19.5872
1 32 0.0140097 19.5872
1 32 0.013427 19.5872
1 32 0.014103 19.5872
1 32 0.0139868 19.5872
1 32 0.0142711 19.5872
1 32 0.0151452 19.5872
1 32 0.012588 19.5872
1 32 0.0144299 19.5872
1 32 0.0118877 19.5872
1 32 0.0133685 19.5872
1 32 0.0154793 19.5872
1 32 0.0143638 19.5872
1 32 0.0142139 19.5872
1 32 0.0119571 19.5872
1 32 0.0150588 19.5872
1 32 0.0142829 19.5872
1 32 0.0121697 19.5872
1 32 0.0155932 19.5872
1 32 0.012533 19.5872
1 32 0.0125121 19.5872
1 32 0.0124683 19.5872
1 32 0.0128149 19.5872
1 32 0.0127786 19.5872
1 32 0.0126241 19.5872
1 32 0.0126155 19.5872
1 32 0.0125984 19.5872
1 32 0.0128433 19.5872
1 32 0.0131865 19.5872
1 32 0.0129 19.5872
1 32 0.0125606 19.5872
1 32 0.0125642 19.5872
1 32 0.0127494 19.5872
1 32 0.0126785 19.5872
2 32 0.0218286 -5.20211e-17
2 32 0.0228055 -5.20211e-17
2 32 0.0229024 -5.20211e-17
2 32 0.0203255 -5.20211e-17
2 32 0.0288877 -5.20211e-17
2 32 0.0227299 -5.20211e-17
2 32 0.0220925 -5.20211e-17
2 32 0.0224203 -5.20211e-17
2 32 0.0246417 -5.20211e-17
2 32 0.0220284 -5.20211e-17
2 32 0.0227156 -5.20211e-17
2 32 0.0304533 -5.20211e-17
2 32 0.0222678 -5.20211e-17
2 32 0.0208551 -5.20211e-17
2 32 0.0220701 -5.20211e-17
2 32 0.0224427 -5.20211e-17
2 32 0.0222565 -5.20211e-17
2 32 0.0199268 -5.20211e-17
2 32 0.0226545 -5.20211e-17
2 32 0.0220197 -5.20211e-17
2 32 0.0222801 -5.20211e-17
2 32 0.0223098 -5.20211e-17
2 32 0.0272851 -5.20211e-17
2 32 0.0199444 -5.20211e-17
2 32 0.022732 -5.20211e-17
2 32 0.0216044 -5.20211e-17
2 32 0.023562 -5.20211e-17
2 32 0.0225524 -5.20211e-17
2 32 0.0280081 -5.20211e-17
2 32 0.022443 -5.20211e-17
2 32 0.0223839 -5.20211e-17
2 32 0.0223246 -5.20211e-17
2 32 0.0198955 -5.20211e-17
2 32 0.0227505 -5.20211e-17
2 32 0.0226585 -5.20211e-17
2 32 0.0213987 -5.20211e-17
2 32 0.0223137 -5.20211e-17
2 32 0.0254646 -5.20211e-17
2 32 0.0202452 -5.20211e-17
2 32 0.0231009 -5.20211e-17
2 32 0.0229513 -5.20211e-17
2 32 0.0245929 -5.20211e-17
2 32 0.0226573 -5.20211e-17
2 32 0.0221007 -5.20211e-17
2 32 0.023925 -5.20211e-17
2 32 0.028101 -5.20211e-17
2 32 0.0269668 -5.20211e-17
2 32 0.0225734 -5.20211e-17
2 32 0.0233775 -5.20211e-17
2 32 0.02237 -5.20211e-17
3 32 0.0117161 70.7066
3 32 0.0113305 70.7066
3 32 0.0118931 70.7066
3 32 0.0112849 70.7066
3 32 0.0113245 70.7066
3 32 0.0110238 70.7066
3 32 0.0113595 70.7066
3 32 0.0114777 70.7066
3 32 0.0106897 70.7066
3 32 0.0179398 70.7066
3 32 0.0130071 70.7066
3 32 0.0127537 70.7066
3 32 0.0137439 70.7066
3 32 0.00915711 70.7066
3 32 0.0116775 70.7066
3 32 0.012938 70.7066
3 32 0.0108478 70.7066
3 32 0.0106562 70.7066
3 32 0.0100867 70.7066
3 32 0.0115951 70.7066
3 32 0.0109781 70.7066
3 32 0.012388 70.7066
3 32 0.00975358 70.7066
3 32 0.0115084 70.7066
3 32 0.0116955 70.7066
3 32 0.011363 70.7066
3 32 0.0111024 70.7066
3 32 0.0100237 70.7066
3 32 0.0108549 70.7066
3 32 0.017853 70.7066
3 32 0.0104911 70.7066
3 32 0.0116634 70.7066
3 32 0.0109221 70.7066
3 32 0.0149309 70.7066
3 32 0.0115876 70.7066
3 32 0.011216 70.7066
3 32 0.0114134 70.7066
3 32 0.0121288 70.7066
3 32 0.0101758 70.7066
3 32 0.0124547 70.7066
3 32 0.0107501 70.7066
3 32 0.0116461 70.7066
3 32 0.0118959 70.7066
3 32 0.00850068 70.7066
3 32 0.0111399 70.7066
3 32 0.014688 70.7066
3 32 0.016379 70.7066
3 32 0.0111412 70.7066
3 32 0.011044 70.7066
3 32 0.0179416 70.7066
4 32 0.0157141 97.7841
4 32 0.0147618 97.7841
4 32 0.0148072 97.7841
4 32 0.0143792 97.7841
4 32 0.0139122 97.7841
4 32 0.0191577 97.7841
4 32 0.0144901 97.7841
4 32 0.0145542 97.7841
4 32 0.0136265 97.7841
4 32 0.0130132 97.7841
4 32 0.0230821 97.7841
4 32 0.0143954 97.7841
4 32 0.0137102 97.7841
4 32 0.0145962 97.7841
4 32 0.0215666 97.7841
4 32 0.0221497 97.7841
4 32 0.0153723 97.7841
4 32 0.0144998 97.7841
4 32 0.0151343 97.7841
4 32 0.014761 97.7841
4 32 0.0152516 97.7841
4 32 0.0147109 97.7841
4 32 0.0144267 97.7841
4 32 0.0143487 97.7841
4 32 0.0141866 97.7841
4 32 0.0140287 97.7841
4 32 0.0126457 97.7841
4 32 0.0151801 97.7841
4 32 0.0119902 97.7841
4 32 0.0144074 97.7841
4 32 0.0144475 97.7841
4 32 0.0121993 97.7841
4 32 0.0166502 97.7841
4 32 0.0160886 97.7841
4 32 0.0150306 97.7841
4 32 0.0144143 97.7841
4 32 0.0136691 97.7841
0 33 0.0109961 180.279
4 32 0.01247 97.7841
0 33 0.0112249 180.279
4 32 0.0140054 97.7841
4 32 0.0151675 97.7841
4 32 0.0166245 97.7841
0 33 0.0112027 180.279
0 33 0.0109196 180.279
4 32 0.0165039 97.7841
4 32 0.0158192 97.7841
0 33 0.010999 180.279
4 32 0.0147153 97.7841
0 33 0.0111965 180.279
4 32 0.0151441 97.7841
0 33 0.0112343 180.279
4 32 0.0152596 97.7841
0 33 0.0109811 180.279
4 32 0.012574 97.7841
4 32 0.0151138 97.7841
4 32 0.0148578 97.7841
0 33 0.0109007 180.279
0 33 0.0110712 180.279
4 32 0.0143389 97.7841
5 32 1.77352 26.498
5 32 1.77638 26.498
0 33 0.0109438 180.279
0 33 0.0118761 180.279
5 32 1.76522 26.498
5 32 1.79613 26.498
5 32 1.80588 26.498
5 32 1.79808 26.498
0 33 0.0109762 180.279
5 32 1.80024 26.498
5 32 1.79512 26.498
5 32 1.79427 26.498
5 32 1.80023 26.498
0 33 0.0109511 180.279
5 32 1.74739 26.498
0 33 0.0111371 180.279
0 33 0.0112276 180.279
0 33 0.0108953 180.279
0 33 0.0109135 180.279
0 33 0.0109996 180.279
5 32 1.7946 26.498
5 32 1.79847 26.498
5 32 1.8013 26.498
5 32 1.70128 26.498
5 32 1.69417 26.498
5 32 1.74772 26.498
5 32 1.79589 26.498
0 33 0.011141 180.279
5 32 1.79392 26.498
0 33 0.0112737 180.279
0 33 0.0113273 180.279
0 33 0.0109182 180.279
0 33 0.0108793 180.279
0 33 0.0100275 180.279
0 33 0.010997 180.279
5 32 1.75448 26.498
5 32 1.74493 26.498
0 33 0.0116377 180.279
5 32 1.67747 26.498
5 32 1.7712 26.498
5 32 1.78898 26.498
0 33 0.0113008 180.279
0 33 0.0110036 180.279
0 33 0.0109267 180.279
0 33 0.0111387 180.279
5 32 1.78357 26.498
0 33 0.0109592 180.279
5 32 1.786 26.498
0 33 0.0109498 180.279
0 33 0.0112535 180.279
5 32 1.69927 26.498
0 33 0.0112489 180.279
0 33 0.0112695 180.279
0 33 0.0111432 180.279
0 33 0.0109406 180.279
0 33 0.0109594 180.279
5 32 1.77791 26.498
5 32 1.76854 26.498
5 32 1.79373 26.498
5 32 1.79493 26.498
5 32 1.7919 26.498
5 32 1.69655 26.498
5 32 1.79599 26.498
0 33 0.010895 180.279
0 33 0.0110449 180.279
5 32 1.78673 26.498
5 32 1.67846 26.498
0 33 0.0108579 180.279
0 33 0.0109217 180.279
5 32 1.68367 26.498
5 32 1.69845 26.498
0 33 0.0109354 180.279
5 32 1.77758 26.498
0 33 0.0109659 180.279
5 32 1.79327 26.498
0 33 0.0109007 180.279
0 33 0.0114985 180.279
5 32 1.80356 26.498
0 33 0.0109468 180.279
0 33 0.0110156 180.279
5 32 1.73238 26.498
5 32 1.67373 26.498
0 33 0.0116236 180.279
0 33 0.0109024 180.279
5 32 1.69773 26.498
5 32 1.79776 26.498
5 32 1.81201 26.498
0 33 0.010895 180.279
0 33 0.0113471 180.279
5 32 1.75205 26.498
5 32 1.80225 26.498
0 33 0.0109903 180.279
0 33 0.0109727 180.279
0 33 0.0109104 180.279
0 33 0.0119562 180.279
0 33 0.0108703 180.279
0 33 0.0115576 180.279
0 33 0.0109474 180.279
5 32 1.79597 26.498
5 32 1.80783 26.498
0 33 0.0111302 180.279
0 33 0.0108839 180.279
0 33 0.0110093 180.279
0 33 0.0112015 180.279
0 33 0.010926 180.279
0 33 0.0109056 180.279
0 33 0.0109823 180.279
0 33 0.0111931 180.279
0 33 0.0109718 180.279
0 33 0.0108808 180.279
0 33 0.0110117 180.279
0 33 0.0117257 180.279
0 33 0.0113625 180.279
0 33 0.0109176 180.279
0 33 0.010973 180.279
0 33 0.0110511 180.279
0 33 0.0110537 180.279
0 33 0.0108716 180.279
0 33 0.0112766 180.279
0 33 0.0109274 180.279
0 33 0.0112249 180.279
0 33 0.0110302 180.279
0 33 0.0110207 180.279
0 33 0.0108987 180.279
0 33 0.0112308 180.279
0 33 0.0109287 180.279
0 33 0.0112037 180.279
0 33 0.0109311 180.279
0 33 0.0112367 180.279
0 33 0.011027 180.279
0 33 0.0109244 180.279
0 33 0.0110592 180.279
0 33 0.0109381 180.279
0 33 0.0109585 180.279
0 33 0.0112178 180.279
0 33 0.0108833 180.279
0 33 0.0109129 180.279
0 33 0.010887 180.279
1 33 0.0130234 19.5872
1 33 0.0127792 19.5872
1 33 0.0130846 19.5872
1 33 0.0125853 19.5872
0 33 0.0111903 180.279
0 33 0.0108614 180.279
1 33 0.0126472 19.5872
1 33 0.0126273 19.5872
1 33 0.0126363 19.5872
1 33 0.0133623 19.5872
1 33 0.0125797 19.5872
1 33 0.0127205 19.5872
1 33 0.0125862 19.5872
1 33 0.013045 19.5872
1 33 0.0127892 19.5872
1 33 0.0131333 19.5872
1 33 0.01577 19.5872
1 33 0.0125873 19.5872
1 33 0.0130482 19.5872
1 33 0.0125853 19.5872
1 33 0.012982 19.5872
1 33 0.0126011 19.5872
1 33 0.0127445 19.5872
1 33 0.0129073 19.5872
1 33 0.0125972 19.5872
1 33 0.0125839 19.5872
1 33 0.0127101 19.5872
1 33 0.0126524 19.5872
1 33 0.0134652 19.5872
1 33 0.012683 19.5872
1 33 0.0128769 19.5872
1 33 0.0125859 19.5872
1 33 0.0126305 19.5872
1 33 0.0128105 19.5872
1 33 0.0126929 19.5872
1 33 0.0125775 19.5872
1 33 0.0126324 19.5872
1 33 0.0127084 19.5872
1 33 0.0125326 19.5872
1 33 0.0125864 19.5872
1 33 0.0125982 19.5872
1 33 0.0126195 19.5872
1 33 0.0126097 19.5872
1 33 0.0125695 19.5872
1 33 0.0125839 19.5872
1 33 0.0137868 19.5872
1 33 0.0125548 19.5872
1 33 0.0130041 19.5872
1 33 0.0130329 19.5872
1 33 0.0135891 19.5872
1 33 0.0130755 19.5872
1 33 0.0129564 19.5872
2 33 0.0209467 -5.20211e-17
2 33 0.0217735 -5.20211e-17
2 33 0.0227045 -5.20211e-17
2 33 0.0203765 -5.20211e-17
2 33 0.0204368 -5.20211e-17
2 33 0.0215937 -5.20211e-17
2 33 0.0219662 -5.20211e-17
2 33 0.0218249 -5.20211e-17
2 33 0.0223254 -5.20211e-17
2 33 0.022285 -5.20211e-17
2 33 0.0223078 -5.20211e-17
2 33 0.0203898 -5.20211e-17
2 33 0.0243442 -5.20211e-17
2 33 0.021943 -5.20211e-17
2 33 0.021442 -5.20211e-17
2 33 0.0210376 -5.20211e-17
2 33 0.0214501 -5.20211e-17
2 33 0.0215815 -5.20211e-17
2 33 0.0221062 -5.20211e-17
2 33 0.0217194 -5.20211e-17
2 33 0.0218399 -5.20211e-17
2 33 0.0209682 -5.20211e-17
2 33 0.0216994 -5.20211e-17
2 33 0.0217601 -5.20211e-17
2 33 0.019945 -5.20211e-17
2 33 0.0204594 -5.20211e-17
2 33 0.019923 -5.20211e-17
2 33 0.0215743 -5.20211e-17
2 33 0.0219779 -5.20211e-17
2 33 0.0213595 -5.20211e-17
2 33 0.021809 -5.20211e-17
2 33 0.0215889 -5.20211e-17
2 33 0.0221701 -5.20211e-17
2 33 0.0203418 -5.20211e-17
2 33 0.0197547 -5.20211e-17
2 33 0.0216901 -5.20211e-17
2 33 0.0217207 -5.20211e-17
2 33 0.0214322 -5.20211e-17
2 33 0.0225712 -5.20211e-17
2 33 0.0243857 -5.20211e-17
2 33 0.0212983 -5.20211e-17
2 33 0.0206314 -5.20211e-17
2 33 0.0222457 -5.20211e-17
2 33 0.0197435 -5.20211e-17
2 33 0.0197905 -5.20211e-17
2 33 0.0212048 -5.20211e-17
2 33 0.0197501 -5.20211e-17
2 33 0.0217135 -5.20211e-17
2 33 0.0213113 -5.20211e-17
2 33 0.0219787 -5.20211e-17
3 33 0.00991609 70.7066
3 33 0.00941921 70.7066
3 33 0.00905996 70.7066
3 33 0.0107357 70.7066
3 33 0.0102222 70.7066
3 33 0.0105104 70.7066
3 33 0.0103264 70.7066
3 33 0.0103228 70.7066
3 33 0.00913007 70.7066
3 33 0.00932313 70.7066
3 33 0.0101826 70.7066
3 33 0.00874889 70.7066
3 33 0.0103326 70.7066
3 33 0.0107926 70.7066
3 33 0.0106082 70.7066
3 33 0.00877153 70.7066
3 33 0.00995714 70.7066
3 33 0.0107057 70.7066
3 33 0.0117469 70.7066
3 33 0.0106867 70.7066
3 33 0.0111681 70.7066
3 33 0.010029 70.7066
3 33 0.0100646 70.7066
3 33 0.0092768 70.7066
3 33 0.0111337 70.7066
3 33 0.00984431 70.7066
3 33 0.00973518 70.7066
3 33 0.0105211 70.7066
3 33 0.00961097 70.7066
3 33 0.00900364 70.7066
3 33 0.0104374 70.7066
3 33 0.0121829 70.7066
3 33 0.00913416 70.7066
3 33 0.010437 70.7066
3 33 0.00915782 70.7066
3 33 0.0105263 70.7066
3 33 0.00903941 70.7066
3 33 0.0132835 70.7066
3 33 0.0109003 70.7066
3 33 0.0105441 70.7066
3 33 0.0103538 70.7066
3 33 0.0106172 70.7066
3 33 0.00986544 70.7066
3 33 0.0104576 70.7066
3 33 0.0105593 70.7066
3 33 0.00954927 70.7066
3 33 0.0109067 70.7066
3 33 0.00966959 70.7066
4 33 0.0135646 97.7841
3 33 0.0103261 70.7066
4 33 0.0138858 97.7841
3 33 0.0111296 70.7066
4 33 0.0145983 97.7841
4 33 0.0140309 97.7841
4 33 0.0136882 97.7841
4 33 0.0122864 97.7841
4 33 0.0123599 97.7841
4 33 0.0132313 97.7841
4 33 0.013248 97.7841
4 33 0.0144257 97.7841
4 33 0.0133249 97.7841
4 33 0.015123 97.7841
4 33 0.0132491 97.7841
4 33 0.0133366 97.7841
4 33 0.0140667 97.7841
4 33 0.0131427 97.7841
4 33 0.0138396 97.7841
4 33 0.0139507 97.7841
4 33 0.0141359 97.7841
4 33 0.0124764 97.7841
4 33 0.0137259 97.7841
4 33 0.0142322 97.7841
4 33 0.0135251 97.7841
4 33 0.014531 97.7841
4 33 0.0134894 97.7841
4 33 0.0132882 97.7841
4 33 0.0136866 97.7841
4 33 0.0128797 97.7841
4 33 0.013115 97.7841
4 33 0.012492 97.7841
4 33 0.0128134 97.7841
4 33 0.0139049 97.7841
4 33 0.0144164 97.7841
4 33 0.0133974 97.7841
4 33 0.013928 97.7841
4 33 0.0133504 97.7841
4 33 0.0128828 97.7841
4 33 0.0136433 97.7841
4 33 0.0130419 97.7841
4 33 0.0146464 97.7841
4 33 0.012354 97.7841
4 33 0.0125773 97.7841
4 33 0.0120681 97.7841
4 33 0.0129255 97.7841
4 33 0.0140611 97.7841
4 33 0.0145083 97.7841
4 33 0.0138423 97.7841
4 33 0.0139092 97.7841
4 33 0.0143235 97.7841
4 33 0.0141449 97.7841
5 33 1.77233 26.498
5 33 1.79623 26.498
5 33 1.78365 26.498
5 33 1.76291 26.498
5 33 1.79272 26.498
5 33 1.6963 26.498
5 33 1.79878 26.498
5 33 1.79643 26.498
5 33 1.79892 26.498
5 33 1.78403 26.498
5 33 1.78834 26.498
5 33 1.79746 26.498
5 33 1.77482 26.498
5 33 1.79223 26.498
5 33 1.79282 26.498
5 33 1.79693 26.498
5 33 1.79306 26.498
5 33 1.78565 26.498
5 33 1.79168 26.498
5 33 1.69652 26.498
5 33 1.78284 26.498
5 33 1.78722 26.498
5 33 1.7553 26.498
5 33 1.80055 26.498
5 33 1.67669 26.498
5 33 1.6988 26.498
5 33 1.8024 26.498
5 33 1.79238 26.498
5 33 1.77761 26.498
5 33 1.79966 26.498
5 33 1.79599 26.498
5 33 1.80614 26.498
5 33 1.80515 26.498
5 33 1.77952 26.498
5 33 1.79799 26.498
5 33 1.77113 26.498
5 33 1.80115 26.498
5 33 1.72219 26.498
5 33 1.77187 26.498
5 33 1.78324 26.498
5 33 1.80373 26.498
5 33 1.75112 26.498
5 33 1.76038 26.498
5 33 1.77515 26.498
5 33 1.79014 26.498
5 33 1.79573 26.498
5 33 1.79632 26.498
5 33 1.77484 26.498
5 33 1.80343 26.498
5 33 1.79443 26.498
