0.0 2.0 0.713798 -0.000412552
0.0 2.0 0.746722 -0.000412552
0.0 2.0 0.801685 -0.000412552
0.0 2.0 3.10415 -0.000412552
0.0 2.0 3.36644 -0.000412552
0.0 2.0 0.671885 -0.000412552
0.0 2.0 3.2498 -0.000412552
0.0 2.0 2.1913 -0.000412552
0.0 2.0 0.717344 -0.000412552
0.0 2.0 0.725554 -0.000412552
0.0 2.0 3.22667 -0.000412552
0.0 2.0 3.24151 -0.000412552
0.0 2.0 1.98956 -0.000412552
0.0 2.0 2.86271 -0.000412552
0.0 2.0 2.04264 -0.000412552
0.0 2.0 2.99868 -0.000412552
0.0 2.0 0.608669 -0.000412552
0.0 2.0 1.91624 -0.000412552
0.0 2.0 2.87748 -0.000412552
0.0 2.0 0.679926 -0.000412552
0.0 2.0 2.01427 -0.000412552
0.0 2.0 1.75205 -0.000412552
0.0 2.0 1.95496 -0.000412552
0.0 2.0 3.19969 -0.000412552
0.0 2.0 2.93326 -0.000412552
0.0 2.0 0.719002 -0.000412552
0.0 2.0 1.93565 -0.000412552
0.0 2.0 0.741083 -0.000412552
0.0 2.0 3.00947 -0.000412552
0.0 2.0 0.761844 -0.000412552
0.0 2.0 1.78673 -0.000412552
0.0 2.0 2.94887 -0.000412552
0.0 2.0 3.25621 -0.000412552
0.0 2.0 0.726169 -0.000412552
0.0 2.0 1.91837 -0.000412552
0.0 2.0 2.0923 -0.000412552
0.0 2.0 1.81651 -0.000412552
0.0 2.0 2.93994 -0.000412552
0.0 2.0 0.769707 -0.000412552
0.0 2.0 2.06781 -0.000412552
0.0 2.0 2.49602 -0.000412552
0.0 2.0 1.92088 -0.000412552
0.0 2.0 0.616725 -0.000412552
0.0 2.0 1.74513 -0.000412552
0.0 2.0 0.738215 -0.000412552
0.0 2.0 2.51585 -0.000412552
0.0 2.0 0.737085 -0.000412552
0.0 2.0 0.614308 -0.000412552
0.0 2.0 2.10507 -0.000412552
0.0 2.0 0.665473 -0.000412552
0.0 3.0 0.358825 -0.0102897
0.0 3.0 1.44098 -2.01458e-05
0.0 3.0 0.341632 -0.0098862
0.0 3.0 1.61794 -0.0596758
0.0 3.0 1.59715 -0.135311
0.0 3.0 1.66188 -0.482583
0.0 3.0 0.355511 -0.477603
0.0 3.0 2.00292 -0.502426
0.0 3.0 2.10245 -0.0332039
0.0 3.0 1.54591 -0.12523
0.0 3.0 1.04678 -0.0559828
0.0 3.0 0.434012 -0.109095
0.0 3.0 0.393755 -0.238112
0.0 3.0 1.71522 -0.502426
0.0 3.0 1.18872 -0.129425
0.0 3.0 1.7121 -0.0636103
0.0 3.0 0.365734 -0.307188
0.0 3.0 0.969454 -0.110057
0.0 3.0 1.01293 -0.230371
0.0 3.0 0.922386 -0.110057
0.0 3.0 0.389641 -0.584311
0.0 3.0 0.95473 -0.632302
0.0 3.0 1.61994 -2.87823e-07
0.0 3.0 1.03359 -0.502426
0.0 3.0 1.98189 -0.347096
0.0 3.0 1.68958 -0.0987365
0.0 3.0 1.73931 -0.0360575
0.0 3.0 0.955886 -0.0369215
0.0 3.0 1.6412 -0.00558199
0.0 3.0 1.60282 -0.0645942
0.0 3.0 1.1383 -0.0130456
0.0 3.0 1.99071 -0.0268416
0.0 3.0 0.964753 -0.0271579
0.0 3.0 1.63484 -0.502426
0.0 3.0 0.910249 -0.164066
0.0 3.0 0.700187 -0.0197428
0.0 3.0 1.73312 -0.332957
0.0 3.0 1.96217 -0.502426
0.0 3.0 2.1012 -0.0351681
0.0 3.0 1.61885 -0.0590422
0.0 3.0 0.707459 -0.502426
0.0 3.0 2.18353 -0.224248
0.0 3.0 1.90136 -0.00888112
0.0 3.0 0.379148 -0.0457013
0.0 3.0 1.19234 -0.224248
0.0 3.0 1.10864 -0.0106255
0.0 3.0 0.864994 -0.348038
0.0 3.0 0.357333 -0.00719699
0.0 3.0 1.82752 -0.440633
0.0 3.0 1.55946 -2.14969e-05
0.0 4.0 1.03338 -0.107517
0.0 4.0 1.74994 -0.24279
0.0 4.0 1.14528 -0.189735
0.0 4.0 1.38217 -0.00517857
0.0 4.0 0.891758 -0.155121
0.0 4.0 1.97074 -0.0201154
0.0 4.0 1.05135 -0.00321064
0.0 4.0 1.65895 -0.0479985
0.0 4.0 1.01054 -0.490933
0.0 4.0 1.0098 -0.00486517
0.0 4.0 0.862905 -0.0966173
0.0 4.0 0.985928 -0.502426
0.0 4.0 1.1358 -0.107517
0.0 4.0 1.58969 -0.107517
0.0 4.0 1.05295 -0.234617
0.0 4.0 0.368495 -0.0966713
0.0 4.0 0.988153 -0.020373
0.0 4.0 0.896605 -0.03897
0.0 4.0 1.51665 -0.00198685
0.0 4.0 1.55834 -0.054933
0.0 4.0 1.66643 -0.0333213
0.0 4.0 1.32676 -0.0462997
0.0 4.0 0.368285 -0.00742712
0.0 4.0 1.47368 -0.0271565
0.0 4.0 1.03341 -0.0778748
0.0 4.0 0.986302 -8.57332e-05
0.0 4.0 1.69969 -0.151337
0.0 4.0 0.894166 -0.00991001
0.0 4.0 0.890291 -0.019721
0.0 4.0 1.05792 -0.00209864
0.0 4.0 1.04907 -0.00867581
0.0 4.0 1.38785 -0.341511
0.0 4.0 1.54419 -0.100976
0.0 4.0 0.385858 -0.107517
0.0 4.0 1.62298 -0.190396
0.0 4.0 0.72613 -0.111614
0.0 4.0 0.934931 -0.0499373
0.0 4.0 1.52122 -0.107517
0.0 4.0 1.03942 -0.0656223
0.0 4.0 1.17134 -0.0243169
0.0 4.0 1.36894 -0.107517
0.0 4.0 0.877445 -0.00308772
0.0 4.0 0.889983 -0.107517
0.0 4.0 0.947363 -0.0857394
0.0 4.0 0.890907 -0.101926
0.0 4.0 1.9088 -0.317426
0.0 4.0 0.92217 -0.00229231
0.0 4.0 1.11041 -0.252746
0.0 4.0 1.3825 -0.632302
0.0 4.0 0.792886 -0.0176405
1.0 2.0 0.717466 2.71472
1.0 2.0 1.77774 2.71472
1.0 2.0 1.84109 2.71472
1.0 2.0 1.9584 2.71472
1.0 2.0 2.15489 2.71472
1.0 2.0 3.22197 2.71472
1.0 2.0 0.613797 2.71472
1.0 2.0 0.753118 2.71472
1.0 2.0 0.605076 2.71472
1.0 2.0 0.708475 2.71472
1.0 2.0 0.721796 2.71472
1.0 2.0 1.62946 2.71472
1.0 2.0 1.89209 2.71472
1.0 2.0 2.09543 2.71472
1.0 2.0 2.57337 2.71472
1.0 2.0 2.93728 2.71472
1.0 2.0 3.26683 2.71472
1.0 2.0 0.691997 2.71472
1.0 2.0 3.22936 2.71472
1.0 2.0 2.05509 2.71472
1.0 2.0 1.99665 2.71472
1.0 2.0 2.74231 2.71472
1.0 2.0 2.10956 2.71472
1.0 2.0 3.39392 2.71472
1.0 2.0 0.633812 2.71472
1.0 2.0 0.68014 2.71472
1.0 2.0 2.12344 2.71472
1.0 2.0 2.55404 2.71472
1.0 2.0 0.660096 2.71472
1.0 2.0 0.602457 2.71472
1.0 2.0 0.61986 2.71472
1.0 2.0 0.763739 2.71472
1.0 2.0 0.620416 2.71472
1.0 2.0 1.98141 2.71472
1.0 2.0 2.27596 2.71472
1.0 2.0 0.613039 2.71472
1.0 2.0 0.613836 2.71472
1.0 2.0 0.639381 2.71472
1.0 2.0 0.627942 2.71472
1.0 2.0 0.741267 2.71472
1.0 2.0 2.03343 2.71472
1.0 2.0 0.613255 2.71472
1.0 2.0 1.78612 2.71472
1.0 2.0 0.715939 2.71472
1.0 2.0 0.765623 2.71472
1.0 2.0 2.9332 2.71472
1.0 2.0 0.730396 2.71472
1.0 2.0 1.71573 2.71472
1.0 2.0 1.93798 2.71472
1.0 2.0 0.609614 2.71472
1.0 3.0 1.7099 2.71597
1.0 3.0 1.02032 2.69594
1.0 3.0 1.66077 1.54887
1.0 3.0 0.934767 0.202775
1.0 3.0 0.97829 2.71763
1.0 3.0 1.16404 1.33689
1.0 3.0 0.928768 2.45362
1.0 3.0 1.38481 1.59645
1.0 3.0 1.13087 -2.43586
1.0 3.0 1.63711 2.7115
1.0 3.0 1.77211 -0.0108885
1.0 3.0 2.06725 2.26837
1.0 3.0 0.370648 2.70236
1.0 3.0 1.6097 0.00799892
1.0 3.0 1.58485 2.48345
1.0 3.0 1.28885 0.0329258
1.0 3.0 0.409706 0.0944304
1.0 3.0 0.436376 2.66913
1.0 3.0 1.64405 2.64951
1.0 3.0 0.414233 2.55172
1.0 3.0 1.652 0.804192
1.0 3.0 1.73242 1.41033
1.0 3.0 1.75344 1.45486
1.0 3.0 1.55781 2.70321
1.0 3.0 1.3164 -0.1336
1.0 3.0 0.411742 -1.30639
1.0 3.0 0.436574 2.36475
1.0 3.0 1.54052 2.35797
1.0 3.0 2.01619 2.55406
1.0 3.0 0.404329 2.66135
1.0 3.0 0.414162 2.71543
1.0 3.0 2.04681 -0.331604
1.0 3.0 0.400277 2.71823
1.0 3.0 0.384483 2.7113
1.0 3.0 1.71731 1.26974
1.0 3.0 1.25841 1.45486
1.0 3.0 0.367475 2.66088
1.0 3.0 1.10781 2.5588
1.0 3.0 0.872586 2.71828
1.0 3.0 1.58296 2.66308
1.0 3.0 1.66227 1.45486
1.0 3.0 0.916686 -0.197331
1.0 3.0 1.64744 1.75311
1.0 3.0 1.59265 2.66953
1.0 3.0 1.31152 2.53987
1.0 3.0 1.69031 2.70368
1.0 3.0 0.37564 2.71828
1.0 3.0 1.66872 2.40283
1.0 3.0 1.92169 0.0797645
1.0 3.0 2.02029 2.69872
1.0 3.0 2.02029 2.69872
1.0 3.0 2.02029 2.69872
1.0 3.0 2.02029 2.69872
1.0 3.0 2.02029 2.69872
1.0 3.0 2.02029 2.69872
1.0 3.0 2.02029 2.69872
1.0 3.0 2.02029 2.69872
1.0 3.0 2.02029 2.69872
1.0 3.0 2.02029 2.69872
1.0 3.0 2.02029 2.69872
1.0 3.0 2.02029 2.69872
1.0 3.0 2.02029 2.69872
1.0 3.0 2.02029 2.69872
1.0 3.0 2.02029 2.69872
1.0 3.0 2.02029 2.69872
1.0 3.0 2.02029 2.69872
1.0 3.0 2.02029 2.69872
1.0 3.0 2.02029 2.69872
1.0 3.0 2.02029 2.69872
1.0 3.0 2.02029 2.69872
1.0 3.0 2.02029 2.69872
1.0 3.0 2.02029 2.69872
1.0 3.0 2.02029 2.69872
1.0 3.0 2.02029 2.69872
1.0 3.0 2.02029 2.69872
1.0 3.0 2.02029 2.69872
1.0 3.0 2.02029 2.69872
1.0 3.0 2.02029 2.69872
1.0 3.0 2.02029 2.69872
1.0 3.0 2.02029 2.69872
1.0 3.0 2.02029 2.69872
1.0 3.0 2.02029 2.69872
1.0 3.0 2.02029 2.69872
1.0 3.0 2.02029 2.69872
1.0 3.0 2.02029 2.69872
1.0 3.0 2.02029 2.69872
1.0 3.0 2.02029 2.69872
1.0 3.0 2.02029 2.69872
1.0 3.0 2.02029 2.69872
1.0 3.0 2.02029 2.69872
1.0 3.0 2.02029 2.69872
1.0 3.0 2.02029 2.69872
1.0 3.0 2.02029 2.69872
1.0 3.0 2.02029 2.69872
1.0 3.0 2.02029 2.69872
1.0 3.0 2.02029 2.69872
1.0 3.0 2.02029 2.69872
1.0 3.0 2.02029 2.69872
1.0 3.0 2.02029 2.69872
1.0 3.0 2.02029 2.69872
2.0 2.0 0.754131 -2.31892e-09
2.0 2.0 0.629958 -2.31892e-09
2.0 2.0 1.69658 -2.31892e-09
2.0 2.0 0.617353 -2.31892e-09
2.0 2.0 0.711748 -2.31892e-09
2.0 2.0 1.70639 -2.31892e-09
2.0 2.0 0.629472 -2.31892e-09
2.0 2.0 0.774418 -2.31892e-09
2.0 2.0 0.701529 -2.31892e-09
2.0 2.0 0.617229 -2.31892e-09
2.0 2.0 0.597118 -2.31892e-09
2.0 2.0 0.614256 -2.31892e-09
2.0 2.0 1.66279 -2.31892e-09
2.0 2.0 0.616278 -2.31892e-09
2.0 2.0 0.702397 -2.31892e-09
2.0 2.0 2.81895 -2.31892e-09
2.0 2.0 1.95966 -2.31892e-09
2.0 2.0 2.09307 -2.31892e-09
2.0 2.0 0.613938 -2.31892e-09
2.0 2.0 0.627475 -2.31892e-09
2.0 2.0 0.69643 -2.31892e-09
2.0 2.0 1.74928 -2.31892e-09
2.0 2.0 0.623674 -2.31892e-09
2.0 2.0 2.81641 -2.31892e-09
2.0 2.0 1.87489 -2.31892e-09
2.0 2.0 0.625096 -2.31892e-09
2.0 2.0 0.714636 -2.31892e-09
2.0 2.0 1.59087 -2.31892e-09
2.0 2.0 0.734838 -2.31892e-09
2.0 2.0 3.22777 -2.31892e-09
2.0 2.0 0.606492 -2.31892e-09
2.0 2.0 1.93277 -2.31892e-09
2.0 2.0 2.14217 -2.31892e-09
2.0 2.0 0.691526 -2.31892e-09
2.0 2.0 2.10868 -2.31892e-09
2.0 2.0 2.87744 -2.31892e-09
2.0 2.0 0.61322 -2.31892e-09
2.0 2.0 0.616544 -2.31892e-09
2.0 2.0 1.75874 -2.31892e-09
2.0 2.0 2.87113 -2.31892e-09
2.0 2.0 3.04918 -2.31892e-09
2.0 2.0 2.96749 -2.31892e-09
2.0 2.0 0.597058 -2.31892e-09
2.0 2.0 0.603766 -2.31892e-09
2.0 2.0 0.725984 -2.31892e-09
2.0 2.0 1.73667 -2.31892e-09
2.0 2.0 2.26665 -2.31892e-09
2.0 2.0 1.51941 -2.31892e-09
2.0 2.0 2.86372 -2.31892e-09
2.0 2.0 2.52489 -2.31892e-09
2.0 3.0 0.437498 -9.34063e-08
2.0 3.0 0.354675 -4.82018e-12
2.0 3.0 1.82379 -1.18941e-08
2.0 3.0 1.87437 -1.20017e-11
2.0 3.0 0.376575 -2.90386e-07
2.0 3.0 1.58597 -1.21267e-05
2.0 3.0 0.688415 -2.68442e-10
2.0 3.0 1.85521 -5.18729e-07
2.0 3.0 0.844648 -1.06492e-08
2.0 3.0 1.08518 -1.21711e-08
2.0 3.0 1.62427 -2.42154e-07
2.0 3.0 0.387375 -1.44066e-06
2.0 3.0 1.34096 -3.85625e-08
2.0 3.0 1.48236 -3.80781e-08
2.0 3.0 1.92726 -2.69866e-18
2.0 3.0 0.924368 -2.61496e-08
2.0 3.0 0.38682 -3.68071e-16
2.0 3.0 1.7166 -9.61605e-07
2.0 3.0 0.922779 -4.36836e-10
2.0 3.0 1.994 -1.69493e-06
2.0 3.0 2.03017 -5.12712e-11
2.0 3.0 1.55599 -7.00902e-09
2.0 3.0 1.78997 -8.51844e-08
2.0 3.0 1.05294 -8.0002e-11
2.0 3.0 1.06027 -3.30462e-13
2.0 3.0 1.12066 -7.33375e-08
2.0 3.0 0.35608 -1.95153e-09
2.0 3.0 0.425676 -4.27569e-08
2.0 3.0 1.61785 -9.69719e-07
2.0 3.0 1.77371 -5.54109e-10
2.0 3.0 1.68705 -1.9907e-12
2.0 3.0 2.11288 -2.03982e-10
2.0 3.0 1.01093 -1.53096e-05
2.0 3.0 0.377612 -7.1694e-09
2.0 3.0 1.49062 -1.78267e-08
2.0 3.0 1.47669 -9.66319e-07
2.0 3.0 1.62412 -2.73056e-08
2.0 3.0 0.865009 -1.38733e-10
2.0 3.0 1.91794 -4.07207e-07
2.0 3.0 1.12727 -4.11907e-06
2.0 3.0 0.373719 -3.45243e-07
2.0 3.0 1.32003 -5.11909e-08
2.0 3.0 1.51925 -1.89942e-09
2.0 3.0 1.54562 -1.16823e-06
2.0 3.0 0.39517 -4.52483e-13
2.0 3.0 1.58666 -1.34286e-07
2.0 3.0 1.60116 -2.12261e-05
2.0 3.0 1.58072 -5.38672e-15
2.0 3.0 1.9706 -6.01401e-07
2.0 3.0 1.82878 -5.41012e-09
2.0 3.0 1.82878 -5.41012e-09
2.0 3.0 1.82878 -5.41012e-09
2.0 3.0 1.82878 -5.41012e-09
2.0 3.0 1.82878 -5.41012e-09
2.0 3.0 1.82878 -5.41012e-09
2.0 3.0 1.82878 -5.41012e-09
2.0 3.0 1.82878 -5.41012e-09
2.0 3.0 1.82878 -5.41012e-09
2.0 3.0 1.82878 -5.41012e-09
2.0 3.0 1.82878 -5.41012e-09
2.0 3.0 1.82878 -5.41012e-09
2.0 3.0 1.82878 -5.41012e-09
2.0 3.0 1.82878 -5.41012e-09
2.0 3.0 1.82878 -5.41012e-09
2.0 3.0 1.82878 -5.41012e-09
2.0 3.0 1.82878 -5.41012e-09
2.0 3.0 1.82878 -5.41012e-09
2.0 3.0 1.82878 -5.41012e-09
2.0 3.0 1.82878 -5.41012e-09
2.0 3.0 1.82878 -5.41012e-09
2.0 3.0 1.82878 -5.41012e-09
2.0 3.0 1.82878 -5.41012e-09
2.0 3.0 1.82878 -5.41012e-09
2.0 3.0 1.82878 -5.41012e-09
2.0 3.0 1.82878 -5.41012e-09
2.0 3.0 1.82878 -5.41012e-09
2.0 3.0 1.82878 -5.41012e-09
2.0 3.0 1.82878 -5.41012e-09
2.0 3.0 1.82878 -5.41012e-09
2.0 3.0 1.82878 -5.41012e-09
2.0 3.0 1.82878 -5.41012e-09
2.0 3.0 1.82878 -5.41012e-09
2.0 3.0 1.82878 -5.41012e-09
2.0 3.0 1.82878 -5.41012e-09
2.0 3.0 1.82878 -5.41012e-09
2.0 3.0 1.82878 -5.41012e-09
2.0 3.0 1.82878 -5.41012e-09
2.0 3.0 1.82878 -5.41012e-09
2.0 3.0 1.82878 -5.41012e-09
2.0 3.0 1.82878 -5.41012e-09
2.0 3.0 1.82878 -5.41012e-09
2.0 3.0 1.82878 -5.41012e-09
2.0 3.0 1.82878 -5.41012e-09
2.0 3.0 1.82878 -5.41012e-09
2.0 3.0 1.82878 -5.41012e-09
2.0 3.0 1.82878 -5.41012e-09
2.0 3.0 1.82878 -5.41012e-09
2.0 3.0 1.82878 -5.41012e-09
2.0 3.0 1.82878 -5.41012e-09
2.0 3.0 1.82878 -5.41012e-09
3.0 2.0 0.690157 9.00504
3.0 2.0 0.725783 9.00504
3.0 2.0 0.594971 9.00504
3.0 2.0 0.67366 9.00504
3.0 2.0 0.71396 9.00504
3.0 2.0 1.74249 9.00504
3.0 2.0 0.758971 9.00504
3.0 2.0 0.604197 9.00504
3.0 2.0 0.613913 9.00504
3.0 2.0 1.59253 9.00504
3.0 2.0 0.710799 9.00504
3.0 2.0 1.74263 9.00504
3.0 2.0 0.606418 9.00504
3.0 2.0 0.585438 9.00504
3.0 2.0 2.8873 9.00504
3.0 2.0 3.35661 9.00504
3.0 2.0 0.588285 9.00504
3.0 2.0 0.606329 9.00504
3.0 2.0 0.587417 9.00504
3.0 2.0 0.737973 9.00504
3.0 2.0 2.16112 9.00504
3.0 2.0 0.598834 9.00504
3.0 2.0 0.596937 9.00504
3.0 2.0 0.68736 9.00504
3.0 2.0 2.04713 9.00504
3.0 2.0 1.73136 9.00504
3.0 2.0 2.11079 9.00504
3.0 2.0 1.77056 9.00504
3.0 2.0 1.90232 9.00504
3.0 2.0 2.86585 9.00504
3.0 2.0 2.87036 9.00504
3.0 2.0 2.12619 9.00504
3.0 2.0 2.09839 9.00504
3.0 2.0 2.13566 9.00504
3.0 2.0 0.588799 9.00504
3.0 2.0 0.607376 9.00504
3.0 2.0 0.707256 9.00504
3.0 2.0 2.69671 9.00504
3.0 2.0 2.97004 9.00504
3.0 2.0 3.02697 9.00504
3.0 2.0 3.07688 9.00504
3.0 2.0 0.592106 9.00504
3.0 2.0 0.591614 9.00504
3.0 2.0 0.666496 9.00504
3.0 2.0 1.83015 9.00504
3.0 2.0 1.95092 9.00504
3.0 2.0 2.00979 9.00504
3.0 2.0 3.18575 9.00504
3.0 2.0 2.83949 9.00504
3.0 2.0 2.91869 9.00504
3.0 3.0 0.345899 9.99993
3.0 3.0 0.9121 9.93563
3.0 3.0 1.05041 8.00714
3.0 3.0 1.04474 10.0
3.0 3.0 0.400431 8.91744
3.0 3.0 0.411362 8.95579
3.0 3.0 0.761543 8.5189
3.0 3.0 1.94047 8.92731
3.0 3.0 0.977008 9.99999
3.0 3.0 1.08436 9.06218
3.0 3.0 1.99373 9.98781
3.0 3.0 1.20662 9.88602
3.0 3.0 0.341049 9.96902
3.0 3.0 0.349329 9.88504
3.0 3.0 1.05237 9.88602
3.0 3.0 1.73458 9.99983
3.0 3.0 0.838477 9.99935
3.0 3.0 1.84407 10.0
3.0 3.0 0.378901 9.88602
3.0 3.0 0.898438 9.99936
3.0 3.0 1.00437 8.98527
3.0 3.0 0.342228 9.99997
3.0 3.0 0.40235 9.21367
3.0 3.0 0.405016 8.7117
3.0 3.0 1.48651 9.87491
3.0 3.0 1.46737 9.9861
3.0 3.0 1.51177 9.96359
3.0 3.0 1.71667 9.99999
3.0 3.0 1.62885 9.99852
3.0 3.0 1.06973 10.0
3.0 3.0 0.349808 8.32223
3.0 3.0 0.387676 9.99808
3.0 3.0 1.54228 9.79421
3.0 3.0 1.50878 8.95606
3.0 3.0 1.48284 9.96495
3.0 3.0 1.4835 9.99984
3.0 3.0 1.85797 9.79421
3.0 3.0 1.62074 9.88602
3.0 3.0 1.99575 8.00714
3.0 3.0 1.02037 9.98547
3.0 3.0 1.21076 10.0
3.0 3.0 1.40266 9.88602
3.0 3.0 1.56153 9.88602
3.0 3.0 1.65497 9.99988
3.0 3.0 1.62902 9.57411
3.0 3.0 1.77019 9.64965
3.0 3.0 1.74198 9.99571
3.0 3.0 1.83611 8.23236
3.0 3.0 0.967982 9.99999
3.0 3.0 1.53063 9.99177
3.0 3.0 1.53063 9.99177
3.0 3.0 1.53063 9.99177
3.0 3.0 1.53063 9.99177
3.0 3.0 1.53063 9.99177
3.0 3.0 1.53063 9.99177
3.0 3.0 1.53063 9.99177
3.0 3.0 1.53063 9.99177
3.0 3.0 1.53063 9.99177
3.0 3.0 1.53063 9.99177
3.0 3.0 1.53063 9.99177
3.0 3.0 1.53063 9.99177
3.0 3.0 1.53063 9.99177
3.0 3.0 1.53063 9.99177
3.0 3.0 1.53063 9.99177
3.0 3.0 1.53063 9.99177
3.0 3.0 1.53063 9.99177
3.0 3.0 1.53063 9.99177
3.0 3.0 1.53063 9.99177
3.0 3.0 1.53063 9.99177
3.0 3.0 1.53063 9.99177
3.0 3.0 1.53063 9.99177
3.0 3.0 1.53063 9.99177
3.0 3.0 1.53063 9.99177
3.0 3.0 1.53063 9.99177
3.0 3.0 1.53063 9.99177
3.0 3.0 1.53063 9.99177
3.0 3.0 1.53063 9.99177
3.0 3.0 1.53063 9.99177
3.0 3.0 1.53063 9.99177
3.0 3.0 1.53063 9.99177
3.0 3.0 1.53063 9.99177
3.0 3.0 1.53063 9.99177
3.0 3.0 1.53063 9.99177
3.0 3.0 1.53063 9.99177
3.0 3.0 1.53063 9.99177
3.0 3.0 1.53063 9.99177
3.0 3.0 1.53063 9.99177
3.0 3.0 1.53063 9.99177
3.0 3.0 1.53063 9.99177
3.0 3.0 1.53063 9.99177
3.0 3.0 1.53063 9.99177
3.0 3.0 1.53063 9.99177
3.0 3.0 1.53063 9.99177
3.0 3.0 1.53063 9.99177
3.0 3.0 1.53063 9.99177
3.0 3.0 1.53063 9.99177
3.0 3.0 1.53063 9.99177
3.0 3.0 1.53063 9.99177
3.0 3.0 1.53063 9.99177
3.0 3.0 1.53063 9.99177
4.0 2.0 0.620891 99.4571
4.0 2.0 0.66817 99.4571
4.0 2.0 0.791864 99.4571
4.0 2.0 0.633012 99.4571
4.0 2.0 0.64228 99.4571
4.0 2.0 0.732836 99.4571
4.0 2.0 0.763594 99.4571
4.0 2.0 1.83188 99.4571
4.0 2.0 0.625925 99.4571
4.0 2.0 0.773217 99.4571
4.0 2.0 0.780439 99.4571
4.0 2.0 0.766003 99.4571
4.0 2.0 1.99081 99.4571
4.0 2.0 3.03686 99.4571
4.0 2.0 3.43064 99.4571
4.0 2.0 1.56272 99.4571
4.0 2.0 0.630292 99.4571
4.0 2.0 0.740345 99.4571
4.0 2.0 1.81548 99.4571
4.0 2.0 1.96766 99.4571
4.0 2.0 2.05774 99.4571
4.0 2.0 2.18987 99.4571
4.0 2.0 2.1029 99.4571
4.0 2.0 0.614479 99.4571
4.0 2.0 0.637004 99.4571
4.0 2.0 0.636618 99.4571
4.0 2.0 0.830912 99.4571
4.0 2.0 1.97381 99.4571
4.0 2.0 2.54341 99.4571
4.0 2.0 0.635544 99.4571
4.0 2.0 1.81821 99.4571
4.0 2.0 1.78885 99.4571
4.0 2.0 2.77918 99.4571
4.0 2.0 2.88682 99.4571
4.0 2.0 2.08412 99.4571
4.0 2.0 3.14541 99.4571
4.0 2.0 3.20688 99.4571
4.0 2.0 2.23195 99.4571
4.0 2.0 0.642652 99.4571
4.0 2.0 0.643128 99.4571
4.0 2.0 0.735412 99.4571
4.0 2.0 0.804514 99.4571
4.0 2.0 0.757036 99.4571
4.0 2.0 0.783677 99.4571
4.0 2.0 1.80634 99.4571
4.0 2.0 3.05666 99.4571
4.0 2.0 2.92784 99.4571
4.0 2.0 2.99116 99.4571
4.0 2.0 2.98599 99.4571
4.0 2.0 2.53043 99.4571
4.0 3.0 0.989988 99.2892
4.0 3.0 1.15802 99.8972
4.0 3.0 0.362358 99.5964
4.0 3.0 0.41527 99.4921
4.0 3.0 1.4388 99.9107
4.0 3.0 1.44351 99.9752
4.0 3.0 0.462556 99.9422
4.0 3.0 0.918006 98.4062
4.0 3.0 1.07696 99.6455
4.0 3.0 1.08647 99.9309
4.0 3.0 0.356496 98.8979
4.0 3.0 0.361467 99.7912
4.0 3.0 0.412617 99.7212
4.0 3.0 1.92534 99.9515
4.0 3.0 0.494176 99.8911
4.0 3.0 1.67368 99.6956
4.0 3.0 1.18182 99.8744
4.0 3.0 0.600259 99.9633
4.0 3.0 1.16174 99.8957
4.0 3.0 1.86395 99.9092
4.0 3.0 1.63796 99.7503
4.0 3.0 1.55395 99.8975
4.0 3.0 2.06985 98.4476
4.0 3.0 1.07287 99.8199
4.0 3.0 1.12811 99.7946
4.0 3.0 2.04168 99.8842
4.0 3.0 0.980344 99.3615
4.0 3.0 0.386975 99.9546
4.0 3.0 0.384299 99.4839
4.0 3.0 1.557 99.4872
4.0 3.0 1.86076 99.8145
4.0 3.0 1.66597 99.8641
4.0 3.0 0.962451 99.9546
4.0 3.0 1.14901 99.5963
4.0 3.0 0.371184 99.9193
4.0 3.0 0.404159 99.9079
4.0 3.0 1.33335 99.9848
4.0 3.0 0.411903 99.9375
4.0 3.0 1.45237 99.8994
4.0 3.0 1.71393 99.537
4.0 3.0 1.73356 99.8637
4.0 3.0 0.909665 98.1736
4.0 3.0 1.01269 99.9412
4.0 3.0 2.11039 99.873
4.0 3.0 1.41709 99.6218
4.0 3.0 1.63674 99.7713
4.0 3.0 0.754852 99.6684
4.0 3.0 1.98389 99.7245
4.0 3.0 2.01916 99.6393
4.0 3.0 2.01916 99.6393
4.0 3.0 2.01916 99.6393
4.0 3.0 2.01916 99.6393
4.0 3.0 2.01916 99.6393
4.0 3.0 2.01916 99.6393
4.0 3.0 2.01916 99.6393
4.0 3.0 2.01916 99.6393
4.0 3.0 2.01916 99.6393
4.0 3.0 2.01916 99.6393
4.0 3.0 2.01916 99.6393
4.0 3.0 2.01916 99.6393
4.0 3.0 2.01916 99.6393
4.0 3.0 2.01916 99.6393
4.0 3.0 2.01916 99.6393
4.0 3.0 2.01916 99.6393
4.0 3.0 2.01916 99.6393
4.0 3.0 2.01916 99.6393
4.0 3.0 2.01916 99.6393
4.0 3.0 2.01916 99.6393
4.0 3.0 2.01916 99.6393
4.0 3.0 2.01916 99.6393
4.0 3.0 2.01916 99.6393
4.0 3.0 2.01916 99.6393
4.0 3.0 2.01916 99.6393
4.0 3.0 2.01916 99.6393
4.0 3.0 2.01916 99.6393
4.0 3.0 2.01916 99.6393
4.0 3.0 2.01916 99.6393
4.0 3.0 2.01916 99.6393
4.0 3.0 2.01916 99.6393
4.0 3.0 2.01916 99.6393
4.0 3.0 2.01916 99.6393
4.0 3.0 2.01916 99.6393
4.0 3.0 2.01916 99.6393
4.0 3.0 2.01916 99.6393
4.0 3.0 2.01916 99.6393
4.0 3.0 2.01916 99.6393
4.0 3.0 2.01916 99.6393
4.0 3.0 2.01916 99.6393
4.0 3.0 2.01916 99.6393
4.0 3.0 2.01916 99.6393
4.0 3.0 2.01916 99.6393
4.0 3.0 2.01916 99.6393
4.0 3.0 2.01916 99.6393
4.0 3.0 2.01916 99.6393
4.0 3.0 2.01916 99.6393
4.0 3.0 2.01916 99.6393
4.0 3.0 2.01916 99.6393
4.0 3.0 2.01916 99.6393
4.0 3.0 2.01916 99.6393
4.0 3.0 2.01916 99.6393
5.0 2.0 55.8921 -20.9528
5.0 2.0 55.9628 -20.9528
5.0 2.0 56.421 -20.9528
5.0 2.0 56.0425 -20.9528
5.0 2.0 56.0874 -20.9528
5.0 2.0 57.39 -20.9528
5.0 2.0 55.9789 -20.9528
5.0 2.0 57.865 -20.9528
5.0 2.0 55.9327 -20.9528
5.0 2.0 56.2047 -20.9528
5.0 2.0 58.8457 -20.9528
5.0 2.0 56.185 -20.9528
5.0 2.0 59.0317 -20.9528
5.0 2.0 58.4222 -20.9528
5.0 2.0 58.353 -20.9528
5.0 2.0 59.5482 -20.9528
5.0 2.0 58.7319 -20.9528
5.0 2.0 59.8145 -20.9528
5.0 2.0 58.9738 -20.9528
5.0 2.0 58.7264 -20.9528
5.0 2.0 59.6694 -20.9528
5.0 2.0 59.1421 -20.9528
5.0 2.0 59.2243 -20.9528
5.0 2.0 59.28 -20.9528
5.0 2.0 59.3509 -20.9528
5.0 2.0 57.4675 -20.9528
5.0 2.0 57.5114 -20.9528
5.0 2.0 59.6526 -20.9528
5.0 2.0 59.6402 -20.9528
5.0 2.0 57.7167 -20.9528
5.0 2.0 57.7937 -20.9528
5.0 2.0 58.4393 -20.9528
5.0 2.0 57.6095 -20.9528
5.0 2.0 55.888 -20.9528
5.0 2.0 56.0881 -20.9528
5.0 2.0 56.2222 -20.9528
5.0 2.0 59.3586 -20.9528
5.0 2.0 59.7358 -20.9528
5.0 2.0 57.0385 -20.9528
5.0 2.0 58.1168 -20.9528
5.0 2.0 57.3708 -20.9528
5.0 2.0 59.8714 -20.9528
5.0 2.0 59.1744 -20.9528
5.0 2.0 56.0676 -20.9528
5.0 2.0 58.3953 -20.9528
5.0 2.0 56.0658 -20.9528
5.0 2.0 57.7137 -20.9528
5.0 2.0 59.1197 -20.9528
5.0 2.0 58.6401 -20.9528
5.0 2.0 59.2409 -20.9528
5.0 3.0 28.6888 -20.9623
5.0 3.0 28.9876 -20.9407
5.0 3.0 27.9881 -21.0462
5.0 3.0 28.2626 -21.0002
5.0 3.0 29.6374 -20.9424
5.0 3.0 29.6159 -20.9528
5.0 3.0 29.7023 -20.8069
5.0 3.0 28.0074 -20.9407
5.0 3.0 28.0187 -21.0605
5.0 3.0 27.9964 -20.9414
5.0 3.0 28.6882 -20.9534
5.0 3.0 29.7664 -21.0561
5.0 3.0 29.8091 -21.0462
5.0 3.0 29.3819 -20.9408
5.0 3.0 29.977 -20.8449
5.0 3.0 30.0506 -21.0466
5.0 3.0 29.5648 -20.8773
5.0 3.0 29.9807 -21.0462
5.0 3.0 29.7673 -21.0462
5.0 3.0 29.9938 -20.9552
5.0 3.0 28.956 -20.942
5.0 3.0 30.0333 -20.9418
5.0 3.0 30.0531 -20.9458
5.0 3.0 30.119 -21.0462
5.0 3.0 29.1669 -21.0125
5.0 3.0 30.1412 -20.9418
5.0 3.0 30.3305 -21.0463
5.0 3.0 29.5601 -20.9444
5.0 3.0 29.6249 -21.0462
5.0 3.0 29.5866 -20.8822
5.0 3.0 29.6166 -21.0465
5.0 3.0 29.5501 -20.9408
5.0 3.0 30.0838 -20.9536
5.0 3.0 30.1546 -21.0462
5.0 3.0 29.286 -21.0485
5.0 3.0 29.3507 -20.9413
5.0 3.0 29.4536 -21.0462
5.0 3.0 29.6696 -20.9406
5.0 3.0 29.9926 -20.9411
5.0 3.0 29.9812 -21.0394
5.0 3.0 30.0471 -20.9406
5.0 3.0 29.296 -20.7995
5.0 3.0 28.0352 -21.0464
5.0 3.0 30.3612 -20.9755
5.0 3.0 29.9536 -20.9729
5.0 3.0 29.117 -21.0463
5.0 3.0 29.4198 -20.9475
5.0 3.0 29.8558 -20.9481
5.0 3.0 29.9651 -21.0462
5.0 3.0 30.0241 -20.963
5.0 3.0 30.0241 -20.963
5.0 3.0 30.0241 -20.963
5.0 3.0 30.0241 -20.963
5.0 3.0 30.0241 -20.963
5.0 3.0 30.0241 -20.963
5.0 3.0 30.0241 -20.963
5.0 3.0 30.0241 -20.963
5.0 3.0 30.0241 -20.963
5.0 3.0 30.0241 -20.963
5.0 3.0 30.0241 -20.963
5.0 3.0 30.0241 -20.963
5.0 3.0 30.0241 -20.963
5.0 3.0 30.0241 -20.963
5.0 3.0 30.0241 -20.963
5.0 3.0 30.0241 -20.963
5.0 3.0 30.0241 -20.963
5.0 3.0 30.0241 -20.963
5.0 3.0 30.0241 -20.963
5.0 3.0 30.0241 -20.963
5.0 3.0 30.0241 -20.963
5.0 3.0 30.0241 -20.963
5.0 3.0 30.0241 -20.963
5.0 3.0 30.0241 -20.963
5.0 3.0 30.0241 -20.963
5.0 3.0 30.0241 -20.963
5.0 3.0 30.0241 -20.963
5.0 3.0 30.0241 -20.963
5.0 3.0 30.0241 -20.963
5.0 3.0 30.0241 -20.963
5.0 3.0 30.0241 -20.963
5.0 3.0 30.0241 -20.963
5.0 3.0 30.0241 -20.963
5.0 3.0 30.0241 -20.963
5.0 3.0 30.0241 -20.963
5.0 3.0 30.0241 -20.963
5.0 3.0 30.0241 -20.963
5.0 3.0 30.0241 -20.963
5.0 3.0 30.0241 -20.963
5.0 3.0 30.0241 -20.963
5.0 3.0 30.0241 -20.963
5.0 3.0 30.0241 -20.963
5.0 3.0 30.0241 -20.963
5.0 3.0 30.0241 -20.963
5.0 3.0 30.0241 -20.963
5.0 3.0 30.0241 -20.963
5.0 3.0 30.0241 -20.963
5.0 3.0 30.0241 -20.963
5.0 3.0 30.0241 -20.963
5.0 3.0 30.0241 -20.963
5.0 3.0 30.0241 -20.963
