0.0 1.0 0.0913705 -0.00986467
0.0 1.0 0.0658484 -0.0
0.0 1.0 0.0699691 -0.0
0.0 1.0 0.0711094 -0.0
0.0 1.0 0.0710024 -0.0
0.0 1.0 0.116561 -0.00739604
0.0 1.0 0.0842037 -0.0
0.0 1.0 0.0689106 -0.0
0.0 1.0 0.0689839 -0.0
0.0 1.0 0.0726687 -0.0
0.0 1.0 0.120234 -0.00739604
0.0 1.0 0.0802945 -0.0
0.0 1.0 0.0661159 -0.0
0.0 1.0 0.0639945 -0.0
0.0 1.0 0.120446 -0.00739604
0.0 1.0 0.0752571 -0.0
0.0 1.0 0.0591364 -0.0
0.0 1.0 0.0614755 -0.0
0.0 1.0 0.0623317 -0.0
0.0 1.0 0.0794825 -0.0
0.0 1.0 0.0731045 -0.0
0.0 1.0 0.0613237 -0.0
0.0 1.0 0.0761327 -0.0
0.0 1.0 0.0597492 -0.0
0.0 1.0 0.139529 -0.00739604
0.0 1.0 0.071228 -0.0
0.0 1.0 0.114397 -0.00739604
0.0 1.0 0.0731464 -0.0
0.0 1.0 0.0630196 -0.0
0.0 1.0 0.112083 -0.00739604
0.0 1.0 0.0912936 -0.0
0.0 1.0 0.0707724 -0.0
0.0 1.0 0.0629975 -0.0
0.0 1.0 0.0759781 -0.0
0.0 1.0 0.0745933 -0.0
0.0 1.0 0.0614924 -0.0
0.0 1.0 0.0737748 -0.0
0.0 1.0 0.0626929 -0.0
0.0 1.0 0.0668671 -0.0
0.0 1.0 0.109484 -0.00739604
0.0 1.0 0.0620863 -0.0
0.0 1.0 0.0586161 -0.0
0.0 1.0 0.0584637 -0.0
0.0 1.0 0.0675255 -0.0
0.0 1.0 0.0706492 -0.0
0.0 1.0 0.0608707 -0.0
0.0 1.0 0.122583 -0.00739604
0.0 1.0 0.061326 -0.0
0.0 1.0 0.119365 -0.00739604
0.0 1.0 0.0654852 -0.0
0.0 2.0 0.0453755 -0.0
0.0 2.0 0.0628662 -0.00739604
0.0 2.0 0.0597854 -0.00739604
0.0 2.0 0.0651857 -0.00739604
0.0 2.0 0.0733534 -0.0
0.0 2.0 0.0426173 -0.0
0.0 2.0 0.0394803 -0.0
0.0 2.0 0.0638807 -0.0
0.0 2.0 0.0647302 -0.00739604
0.0 2.0 0.0641203 -0.00739604
0.0 2.0 0.0408031 -0.0
0.0 2.0 0.0471277 -0.0
0.0 2.0 0.0408598 -0.0
0.0 2.0 0.0624224 -0.00739604
0.0 2.0 0.071627 -0.00739604
0.0 2.0 0.0559384 -0.0
0.0 2.0 0.0663933 -0.00739604
0.0 2.0 0.0643841 -0.00739604
0.0 2.0 0.034497 -0.0
0.0 2.0 0.0518908 -0.0
0.0 2.0 0.0626808 -0.00739604
0.0 2.0 0.0678207 -0.0
0.0 2.0 0.063526 -0.00739604
0.0 2.0 0.0519386 -0.0
0.0 2.0 0.0349311 -0.0
0.0 2.0 0.0447845 -0.0
0.0 2.0 0.0633896 -0.00739604
0.0 2.0 0.0655575 -0.00739604
0.0 2.0 0.0528954 -0.00986467
0.0 2.0 0.0633484 -0.00739604
0.0 2.0 0.0424804 -0.0
0.0 2.0 0.0463284 -0.0
0.0 2.0 0.0648485 -0.00739604
0.0 2.0 0.064854 -0.0
0.0 2.0 0.0646727 -0.00739604
0.0 2.0 0.0595084 -0.00739604
0.0 2.0 0.0614702 -0.00986467
0.0 2.0 0.0630399 -0.00739604
0.0 2.0 0.0599977 -0.00739604
0.0 2.0 0.0648592 -0.00739604
0.0 2.0 0.0456919 -0.0
0.0 2.0 0.0628856 -0.00739604
0.0 2.0 0.0647717 -0.0
0.0 2.0 0.0625877 -0.00739604
0.0 2.0 0.0661357 -0.0
0.0 2.0 0.0625771 -0.00739604
0.0 2.0 0.0664559 -0.00739604
0.0 2.0 0.0654 -0.0
0.0 2.0 0.0643836 -0.00739604
0.0 2.0 0.0642265 -0.00739604
0.0 3.0 0.0350005 -0.0
0.0 3.0 0.0488722 -0.00739604
0.0 3.0 0.0476037 -0.0271254
0.0 3.0 0.0533903 -0.0
0.0 3.0 0.0471976 -0.00739604
0.0 3.0 0.0386992 -0.0
0.0 3.0 0.0480149 -0.0271254
0.0 3.0 0.0448388 -0.0
0.0 3.0 0.048996 -0.00739604
0.0 3.0 0.0344109 -0.0
0.0 3.0 0.0474815 -0.0
0.0 3.0 0.0484834 -0.00739604
0.0 3.0 0.0477514 -0.00986467
0.0 3.0 0.0470261 -0.00739604
0.0 3.0 0.0483801 -0.00739604
0.0 3.0 0.0471347 -0.0
0.0 3.0 0.0479535 -0.0
0.0 3.0 0.047895 -0.00739604
0.0 3.0 0.0444069 -0.0
0.0 3.0 0.0470208 -0.00739604
0.0 3.0 0.0451206 -0.0
0.0 3.0 0.0453278 -0.0
0.0 3.0 0.0499617 -0.0
0.0 3.0 0.0470975 -0.00739604
0.0 3.0 0.0492578 -0.00739604
0.0 3.0 0.0482035 -0.0
0.0 3.0 0.0450922 -0.0
0.0 3.0 0.0467695 -0.00739604
0.0 3.0 0.0481866 -0.0
0.0 3.0 0.0303447 -0.0
0.0 3.0 0.0846365 -0.0271254
0.0 3.0 0.0500076 -0.00739604
0.0 3.0 0.048083 -0.0
0.0 3.0 0.0485778 -0.00739604
0.0 3.0 0.0483096 -0.00739604
0.0 3.0 0.0460706 -0.0
0.0 3.0 0.0552263 -0.00739604
0.0 3.0 0.0480513 -0.0271254
0.0 3.0 0.048665 -0.0
0.0 3.0 0.0481419 -0.00739604
0.0 3.0 0.044955 -0.0
0.0 3.0 0.0483845 -0.0
0.0 3.0 0.0336436 -0.0
0.0 3.0 0.0484618 -0.00739604
0.0 3.0 0.0395651 -0.0197195
0.0 3.0 0.0535824 -0.00739604
0.0 3.0 0.0410623 -0.0
0.0 3.0 0.0484499 -0.00739604
0.0 3.0 0.0478339 -0.00739604
0.0 3.0 0.0483884 -0.00739604
0.0 4.0 0.0390944 -0.0
0.0 4.0 0.0357201 -0.0
0.0 4.0 0.0394488 -0.0
0.0 4.0 0.0413704 -0.0
0.0 4.0 0.0415457 -0.00739604
0.0 4.0 0.0403457 -0.00739604
0.0 4.0 0.0389351 -0.0
0.0 4.0 0.0419315 -0.0
0.0 4.0 0.0414383 -0.00739604
0.0 4.0 0.0406584 -0.00986467
0.0 4.0 0.039036 -0.0295842
0.0 4.0 0.0408623 -0.0
0.0 4.0 0.0429373 -0.00739604
0.0 4.0 0.0394936 -0.00739604
0.0 4.0 0.0321276 -0.0
0.0 4.0 0.0400972 -0.00739604
0.0 4.0 0.0395979 -0.00739604
0.0 4.0 0.0394543 -0.0
0.0 4.0 0.0357109 -0.00986467
0.0 4.0 0.0396035 -0.00739604
0.0 4.0 0.0413853 -0.0
0.0 4.0 0.0413333 -0.0
0.0 4.0 0.0421723 -0.00739604
0.0 4.0 0.0419264 -0.0271254
0.0 4.0 0.0416092 -0.0
0.0 4.0 0.0395521 -0.00739604
0.0 4.0 0.0377316 -0.0394587
0.0 4.0 0.0406037 -0.00739604
0.0 4.0 0.0391748 -0.046835
0.0 4.0 0.0393889 -0.00739604
0.0 4.0 0.0375527 -0.00986467
0.0 4.0 0.0391669 -0.00739604
0.0 4.0 0.0326695 -0.0
0.0 4.0 0.0409995 -0.00739604
0.0 4.0 0.0395594 -0.00986467
0.0 4.0 0.0380808 -0.00986467
0.0 4.0 0.0390728 -0.00739604
0.0 4.0 0.0408226 -0.00739604
0.0 4.0 0.0386874 -0.00739604
0.0 4.0 0.0394385 -0.00739604
0.0 4.0 0.0414337 -0.0295842
0.0 4.0 0.0414463 -0.0665644
0.0 4.0 0.0463748 -0.00986467
0.0 4.0 0.038371 -0.00986467
0.0 4.0 0.0378156 -0.0197195
0.0 4.0 0.0399234 -0.0
0.0 4.0 0.0409876 -0.0
0.0 4.0 0.0380612 -0.0
0.0 4.0 0.0407876 -0.00739604
0.0 4.0 0.0392369 -0.00739604
0.0 5.0 0.0632798 -0.0
0.0 5.0 0.0600232 -0.0197195
0.0 5.0 0.058612 -0.00739604
0.0 5.0 0.0719553 -0.00986467
0.0 5.0 0.0566922 -0.0
0.0 5.0 0.0576037 -0.00739604
0.0 5.0 0.0591723 -0.0
0.0 5.0 0.0907822 -0.00739604
0.0 5.0 0.0632946 -0.0197195
0.0 5.0 0.0579074 -0.0
0.0 5.0 0.0595841 -0.00739604
0.0 5.0 0.0617671 -0.00739604
0.0 5.0 0.0624826 -0.00986467
0.0 5.0 0.0666094 -0.0197195
0.0 5.0 0.0915895 -0.0
0.0 5.0 0.0534942 -0.00739604
0.0 5.0 0.0677918 -0.00986467
0.0 5.0 0.0932401 -0.0
0.0 5.0 0.0670416 -0.0
0.0 5.0 0.05776 -0.0
0.0 5.0 0.0685061 -0.00739604
0.0 5.0 0.060597 -0.00986467
0.0 5.0 0.070906 -0.00739604
0.0 5.0 0.0612592 -0.00739604
0.0 5.0 0.0671986 -0.00739604
0.0 5.0 0.0591558 -0.0
0.0 5.0 0.0515533 -0.0197195
0.0 5.0 0.0713127 -0.00739604
0.0 5.0 0.066447 -0.046835
0.0 5.0 0.0583781 -0.00986467
0.0 5.0 0.0536842 -0.00739604
0.0 5.0 0.0532015 -0.00739604
0.0 5.0 0.0690836 -0.00739604
0.0 5.0 0.0546526 -0.00986467
0.0 5.0 0.0798449 -0.00986467
0.0 5.0 0.0591089 -0.0
0.0 5.0 0.0655879 -0.00739604
0.0 5.0 0.0621874 -0.00986467
0.0 5.0 0.0710067 -0.0394587
0.0 5.0 0.0628032 -0.0271254
0.0 5.0 0.0514136 -0.00986467
0.0 5.0 0.0646558 -0.00739604
0.0 5.0 0.0689058 -0.0394587
0.0 5.0 0.0668568 -0.00986467
0.0 5.0 0.0513992 -0.00739604
0.0 5.0 0.0566249 -0.00739604
0.0 5.0 0.0509701 -0.0
0.0 5.0 0.0554996 -0.00739604
0.0 5.0 0.0512493 -0.0
0.0 5.0 0.0603269 -0.0271254
0.0 6.0 0.0637185 -0.0271254
0.0 6.0 0.063277 -0.0
0.0 6.0 0.0651511 -0.00739604
0.0 6.0 0.0612862 -0.0197195
0.0 6.0 0.0557367 -0.0
0.0 6.0 0.0720858 -0.00739604
0.0 6.0 0.0667784 -0.00739604
0.0 6.0 0.0826122 -0.00739604
0.0 6.0 0.0669097 -0.0
0.0 6.0 0.0680003 -0.00986467
0.0 6.0 0.0648144 -0.00739604
0.0 6.0 0.0702277 -0.00739604
0.0 6.0 0.0682193 -0.00739604
0.0 6.0 0.0669306 -0.00739604
0.0 6.0 0.0708678 -0.00986467
0.0 6.0 0.0643543 -0.0
0.0 6.0 0.0652788 -0.00739604
0.0 6.0 0.0599818 -0.0
0.0 6.0 0.0715259 -0.00739604
0.0 6.0 0.0692173 -0.0
0.0 6.0 0.0707449 -0.0295842
0.0 6.0 0.0643292 -0.00739604
0.0 6.0 0.0695893 -0.00739604
0.0 6.0 0.0732592 -0.0197195
0.0 6.0 0.0670529 -0.00986467
0.0 6.0 0.069964 -0.00739604
0.0 6.0 0.0666517 -0.0
0.0 6.0 0.0625485 -0.0197195
0.0 6.0 0.0619335 -0.0
0.0 6.0 0.0696379 -0.00986467
0.0 6.0 0.067468 -0.0
0.0 6.0 0.0819991 -0.0
0.0 6.0 0.0584391 -0.0
0.0 6.0 0.0660598 -0.00739604
0.0 6.0 0.0667244 -0.00739604
0.0 6.0 0.0674306 -0.00739604
0.0 6.0 0.0664006 -0.0197195
0.0 6.0 0.0721064 -0.00739604
0.0 6.0 0.0619161 -0.0197195
0.0 6.0 0.0635631 -0.0
0.0 6.0 0.0686106 -0.0271254
0.0 6.0 0.070113 -0.0
0.0 6.0 0.0649027 -0.00739604
0.0 6.0 0.0673717 -0.0
0.0 6.0 0.0656346 -0.0
0.0 6.0 0.0818088 -0.0197195
0.0 6.0 0.0676279 -0.00739604
0.0 6.0 0.0665251 -0.00739604
0.0 6.0 0.0712723 -0.046835
0.0 6.0 0.0699071 -0.00739604
0.0 7.0 0.0633477 -0.0
0.0 7.0 0.0638837 -0.0197195
0.0 7.0 0.0641042 -0.00739604
0.0 7.0 0.0603815 -0.0
0.0 7.0 0.0710777 -0.00986467
0.0 7.0 0.0647662 -0.00739604
0.0 7.0 0.0621067 -0.0394587
0.0 7.0 0.0756057 -0.0
0.0 7.0 0.0605118 -0.00986467
0.0 7.0 0.0616644 -0.00986467
0.0 7.0 0.0636578 -0.0197195
0.0 7.0 0.0633263 -0.0
0.0 7.0 0.065695 -0.00739604
0.0 7.0 0.0675189 -0.0665644
0.0 7.0 0.0630404 -0.00739604
0.0 7.0 0.0654796 -0.0
0.0 7.0 0.0914714 -0.00986467
0.0 7.0 0.065238 -0.0394587
0.0 7.0 0.0637854 -0.0197195
0.0 7.0 0.0804249 -0.00739604
0.0 7.0 0.0639988 -0.00739604
0.0 7.0 0.0644439 -0.00739604
0.0 7.0 0.0944058 -0.00739604
0.0 7.0 0.0685736 -0.0665644
0.0 7.0 0.0599579 -0.00986467
0.0 7.0 0.0917768 -0.00986467
0.0 7.0 0.058855 -0.0
0.0 7.0 0.0661856 -0.00986467
0.0 7.0 0.064622 -0.00739604
0.0 7.0 0.0869519 -0.00986467
0.0 7.0 0.0689538 -0.046835
0.0 7.0 0.0794677 -0.00739604
0.0 7.0 0.064222 -0.046835
0.0 7.0 0.0616724 -0.00739604
0.0 7.0 0.0674973 -0.00739604
0.0 7.0 0.0716874 -0.00986467
0.0 7.0 0.0618185 -0.00986467
0.0 7.0 0.0864751 -0.00986467
0.0 7.0 0.0604476 -0.00986467
0.0 7.0 0.0656824 -0.0
0.0 7.0 0.0649669 -0.0
0.0 7.0 0.0901949 -0.0
0.0 7.0 0.0619607 -0.0197195
0.0 7.0 0.0648829 -0.0
0.0 7.0 0.0799218 -0.00739604
0.0 7.0 0.0592627 -0.0
0.0 7.0 0.0630239 -0.00739604
0.0 7.0 0.062947 -0.00986467
0.0 7.0 0.0623058 -0.0197195
0.0 7.0 0.0666016 -0.0665644
0.0 8.0 0.0646092 -0.00739604
0.0 8.0 0.0651724 -0.00739604
0.0 8.0 0.0717039 -0.00986467
0.0 8.0 0.0696046 -0.00739604
0.0 8.0 0.0686723 -0.00739604
0.0 8.0 0.0748202 -0.00739604
0.0 8.0 0.0969181 -0.00986467
0.0 8.0 0.0632401 -0.00739604
0.0 8.0 0.0687884 -0.00739604
0.0 8.0 0.0692823 -0.0295842
0.0 8.0 0.0646299 -0.00739604
0.0 8.0 0.0679817 -0.046835
0.0 8.0 0.0660419 -0.046835
0.0 8.0 0.0679345 -0.0271254
0.0 8.0 0.0628488 -0.00739604
0.0 8.0 0.0673075 -0.0
0.0 8.0 0.0713687 -0.00739604
0.0 8.0 0.0632793 -0.00739604
0.0 8.0 0.0700691 -0.0
0.0 8.0 0.0634892 -0.0
0.0 8.0 0.0686295 -0.00739604
0.0 8.0 0.0690038 -0.0271254
0.0 8.0 0.0928148 -0.00739604
0.0 8.0 0.0710653 -0.00739604
0.0 8.0 0.074783 -0.00986467
0.0 8.0 0.0997133 -0.00986467
0.0 8.0 0.0677495 -0.00739604
0.0 8.0 0.0652198 -0.0
0.0 8.0 0.101962 -0.046835
0.0 8.0 0.0661945 -0.0
0.0 8.0 0.0627311 -0.0394587
0.0 8.0 0.0662412 -0.0
0.0 8.0 0.0699132 -0.00739604
0.0 8.0 0.0665918 -0.00739604
0.0 8.0 0.0623808 -0.00986467
0.0 8.0 0.0699299 -0.046835
0.0 8.0 0.0681086 -0.0271254
0.0 8.0 0.0666706 -0.0271254
0.0 8.0 0.0655045 -0.00986467
0.0 8.0 0.0680601 -0.00739604
0.0 8.0 0.0668635 -0.0197195
0.0 8.0 0.0697186 -0.00739604
0.0 8.0 0.0684247 -0.00739604
0.0 8.0 0.0665489 -0.00986467
0.0 8.0 0.0668126 -0.00986467
0.0 8.0 0.109314 -0.00739604
0.0 8.0 0.0636976 -0.00739604
0.0 8.0 0.0667959 -0.00739604
0.0 8.0 0.0651862 -0.0
0.0 8.0 0.0681444 -0.00739604
0.0 9.0 0.0633185 -0.0271254
0.0 9.0 0.0691989 -0.0197195
0.0 9.0 0.0633062 -0.106023
0.0 9.0 0.0639406 -0.00739604
0.0 9.0 0.0634536 -0.0271254
0.0 9.0 0.068287 -0.0197195
0.0 9.0 0.0616247 -0.00986467
0.0 9.0 0.0620498 -0.0
0.0 9.0 0.0736178 -0.00739604
0.0 9.0 0.0648246 -0.0271254
0.0 9.0 0.0665626 -0.00739604
0.0 9.0 0.0748385 -0.00739604
0.0 9.0 0.0805277 -0.00739604
0.0 9.0 0.0632362 -0.0665841
0.0 9.0 0.0718834 -0.0271254
0.0 9.0 0.0635302 -0.00986467
0.0 9.0 0.070768 -0.00739604
0.0 9.0 0.0633507 -0.046835
0.0 9.0 0.0700562 -0.0271254
0.0 9.0 0.0680069 -0.0
0.0 9.0 0.0655781 -0.00986467
0.0 9.0 0.0646264 -0.0295842
0.0 9.0 0.0698577 -0.00739604
0.0 9.0 0.0701763 -0.00986467
0.0 9.0 0.066819 -0.046835
0.0 9.0 0.0822318 -0.00986467
0.0 9.0 0.0705617 -0.00986467
0.0 9.0 0.0735113 -0.00739604
0.0 9.0 0.067922 -0.0295842
0.0 9.0 0.0693671 -0.0197195
0.0 9.0 0.0628634 -0.00986467
0.0 9.0 0.0718357 -0.0591782
0.0 9.0 0.0631933 -0.00739604
0.0 9.0 0.0632858 -0.078878
0.0 9.0 0.0682927 -0.0271254
0.0 9.0 0.0697587 -0.00986467
0.0 9.0 0.0815458 -0.046835
0.0 9.0 0.0647961 -0.0665841
0.0 9.0 0.0687131 -0.0
0.0 9.0 0.0714114 -0.0271254
0.0 9.0 0.067001 -0.00739604
0.0 9.0 0.0723685 -0.0591782
0.0 9.0 0.0721006 -0.046835
0.0 9.0 0.0656174 -0.00739604
0.0 9.0 0.0725107 -0.00739604
0.0 9.0 0.0651648 -0.00739604
0.0 9.0 0.0767139 -0.00986467
0.0 9.0 0.071016 -0.046835
0.0 9.0 0.0701406 -0.00739604
0.0 9.0 0.0710987 -0.0197195
1.0 1.0 0.0825086 2.71828
1.0 1.0 0.0782112 2.71828
1.0 1.0 0.0800782 2.71828
1.0 1.0 0.0787895 2.71828
1.0 1.0 0.0806909 2.71828
1.0 1.0 0.0853449 2.71828
1.0 1.0 0.079278 2.71828
1.0 1.0 0.0898214 2.71828
1.0 1.0 0.0802682 2.71828
1.0 1.0 0.0793062 2.71828
1.0 1.0 0.0822745 2.71828
1.0 1.0 0.0833281 2.71828
1.0 1.0 0.0837791 2.71828
1.0 1.0 0.0788603 2.71828
1.0 1.0 0.0836103 2.71828
1.0 1.0 0.080057 2.71828
1.0 1.0 0.0787506 2.71828
1.0 1.0 0.083441 2.71828
1.0 1.0 0.0808979 2.71828
1.0 1.0 0.0863285 2.71828
1.0 1.0 0.0862457 2.71828
1.0 1.0 0.0865558 2.71828
1.0 1.0 0.0791466 2.71828
1.0 1.0 0.0773375 2.71828
1.0 1.0 0.0815926 2.71828
1.0 1.0 0.0834898 2.71828
1.0 1.0 0.0837168 2.71828
1.0 1.0 0.0846354 2.71828
1.0 1.0 0.0801929 2.71828
1.0 1.0 0.0800643 2.71828
1.0 1.0 0.0799755 2.71828
1.0 1.0 0.0795578 2.71828
1.0 1.0 0.0842473 2.71828
1.0 1.0 0.0801499 2.71828
1.0 1.0 0.0802495 2.71828
1.0 1.0 0.0800348 2.71828
1.0 1.0 0.0809966 2.71828
1.0 1.0 0.0801905 2.71828
1.0 1.0 0.0798863 2.71828
1.0 1.0 0.079881 2.71828
1.0 1.0 0.0831217 2.71828
1.0 1.0 0.0838634 2.71828
1.0 1.0 0.0803994 2.71828
1.0 1.0 0.081256 2.71828
1.0 1.0 0.0828541 2.71828
1.0 1.0 0.0799992 2.71828
1.0 1.0 0.0857234 2.71828
1.0 1.0 0.0830143 2.71828
1.0 1.0 0.0841115 2.71828
1.0 1.0 0.0799439 2.71828
1.0 2.0 0.0478636 2.71828
1.0 2.0 0.0455666 2.71828
1.0 2.0 0.0508229 2.71828
1.0 2.0 0.050359 2.71828
1.0 2.0 0.0449871 2.71828
1.0 2.0 0.0456744 2.71828
1.0 2.0 0.04588 2.71828
1.0 2.0 0.0453328 2.71828
1.0 2.0 0.0494997 2.71828
1.0 2.0 0.0455828 2.71828
1.0 2.0 0.0474838 2.71828
1.0 2.0 0.047692 2.71828
1.0 2.0 0.0457266 2.71828
1.0 2.0 0.0476241 2.71828
1.0 2.0 0.0455225 2.71828
1.0 2.0 0.0455544 2.71828
1.0 2.0 0.0482352 2.71828
1.0 2.0 0.049743 2.71828
1.0 2.0 0.0486422 2.71828
1.0 2.0 0.0480532 2.71828
1.0 2.0 0.0478015 2.71828
1.0 2.0 0.0446337 2.71828
1.0 2.0 0.0482128 2.71828
1.0 2.0 0.0477637 2.71828
1.0 2.0 0.0454289 2.71828
1.0 2.0 0.0454422 2.71828
1.0 2.0 0.0483164 2.71828
1.0 2.0 0.0465991 2.71828
1.0 2.0 0.0468317 2.71828
1.0 2.0 0.0476726 2.71828
1.0 2.0 0.0452121 2.71828
1.0 2.0 0.0478309 2.71828
1.0 2.0 0.0459389 2.71828
1.0 2.0 0.0443376 2.71828
1.0 2.0 0.048323 2.71828
1.0 2.0 0.0473644 2.71828
1.0 2.0 0.0471631 2.71828
1.0 2.0 0.0486468 2.71828
1.0 2.0 0.0476963 2.71828
1.0 2.0 0.0489439 2.71828
1.0 2.0 0.0477704 2.71828
1.0 2.0 0.0486981 2.71828
1.0 2.0 0.0474089 2.71828
1.0 2.0 0.0568518 2.71828
1.0 2.0 0.0480678 2.71828
1.0 2.0 0.0448894 2.71828
1.0 2.0 0.0461292 2.71828
1.0 2.0 0.0490694 2.71828
1.0 2.0 0.0471162 2.71828
1.0 2.0 0.0452947 2.71828
1.0 3.0 0.0363736 2.71828
1.0 3.0 0.037036 2.71828
1.0 3.0 0.0371442 2.71828
1.0 3.0 0.0378678 2.71828
1.0 3.0 0.0376299 2.71828
1.0 3.0 0.0376168 2.71828
1.0 3.0 0.037564 2.71828
1.0 3.0 0.0372123 2.71828
1.0 3.0 0.0374113 2.71828
1.0 3.0 0.0418003 2.71828
1.0 3.0 0.0366474 2.71828
1.0 3.0 0.0388993 2.71828
1.0 3.0 0.0375381 2.71828
1.0 3.0 0.0366357 2.71828
1.0 3.0 0.0372829 2.71828
1.0 3.0 0.0380806 2.71828
1.0 3.0 0.0386636 2.71828
1.0 3.0 0.0373628 2.71828
1.0 3.0 0.0370381 2.71828
1.0 3.0 0.0366475 2.71828
1.0 3.0 0.0364106 2.71828
1.0 3.0 0.0362079 2.71828
1.0 3.0 0.0367555 2.71828
1.0 3.0 0.0371167 2.71828
1.0 3.0 0.0364717 2.71828
1.0 3.0 0.0380926 2.71828
1.0 3.0 0.0371897 2.71828
1.0 3.0 0.0372488 2.71828
1.0 3.0 0.0383716 2.71828
1.0 3.0 0.0371685 2.71828
1.0 3.0 0.0374155 2.71828
1.0 3.0 0.0368425 2.71828
1.0 3.0 0.0377232 2.71828
1.0 3.0 0.0368019 2.71828
1.0 3.0 0.0371521 2.71828
1.0 3.0 0.0370469 2.71828
1.0 3.0 0.0396628 2.71828
1.0 3.0 0.0371921 2.71828
1.0 3.0 0.037013 2.71828
1.0 3.0 0.0370102 2.71828
1.0 3.0 0.0367636 2.71828
1.0 3.0 0.0371959 2.71828
1.0 3.0 0.0368313 2.71828
1.0 3.0 0.0368034 2.71828
1.0 3.0 0.0369117 2.71828
1.0 3.0 0.036862 2.71828
1.0 3.0 0.0383063 2.71828
1.0 3.0 0.0439875 2.71828
1.0 3.0 0.0367236 2.71828
1.0 3.0 0.0369578 2.71828
1.0 4.0 0.0332755 2.71828
1.0 4.0 0.0335806 2.71828
1.0 4.0 0.038115 2.71828
1.0 4.0 0.0336809 2.71828
1.0 4.0 0.0334988 2.71828
1.0 4.0 0.0338813 2.71828
1.0 4.0 0.0331556 2.71828
1.0 4.0 0.0334439 2.71828
1.0 4.0 0.0332697 2.71828
1.0 4.0 0.0343201 2.71828
1.0 4.0 0.0334843 2.71828
1.0 4.0 0.0337208 2.71828
1.0 4.0 0.0338142 2.71828
1.0 4.0 0.0333119 2.71828
1.0 4.0 0.0334074 2.71828
1.0 4.0 0.033347 2.71828
1.0 4.0 0.037673 2.71828
1.0 4.0 0.0332177 2.71828
1.0 4.0 0.0495278 2.71828
1.0 4.0 0.0336963 2.71828
1.0 4.0 0.0382584 2.71828
1.0 4.0 0.033805 2.71828
1.0 4.0 0.033666 2.71828
1.0 4.0 0.0333718 2.71828
1.0 4.0 0.0337156 2.71828
1.0 4.0 0.0332877 2.71828
1.0 4.0 0.0339982 2.71828
1.0 4.0 0.0335838 2.71828
1.0 4.0 0.0336024 2.71828
1.0 4.0 0.0336587 2.71828
1.0 4.0 0.0336442 2.71828
1.0 4.0 0.0332956 2.71828
1.0 4.0 0.0336605 2.71828
1.0 4.0 0.0330534 2.71828
1.0 4.0 0.0333862 2.71828
1.0 4.0 0.0336897 2.71828
1.0 4.0 0.0334986 2.71828
1.0 4.0 0.0341339 2.71828
1.0 4.0 0.0353775 2.71828
1.0 4.0 0.0333519 2.71828
1.0 4.0 0.0379528 2.71828
1.0 4.0 0.0336249 2.71828
1.0 4.0 0.0343737 2.71828
1.0 4.0 0.0333047 2.71828
1.0 4.0 0.0361217 2.71828
1.0 4.0 0.0334858 2.71828
1.0 4.0 0.0339505 2.71828
1.0 4.0 0.0331936 2.71828
1.0 4.0 0.0336228 2.71828
1.0 4.0 0.0337519 2.71828
1.0 5.0 0.0556265 2.71828
1.0 5.0 0.0498849 2.71828
1.0 5.0 0.0490998 2.71828
1.0 5.0 0.0524748 2.71828
1.0 5.0 0.0543176 2.71828
1.0 5.0 0.0656971 2.71828
1.0 5.0 0.0659121 2.71828
1.0 5.0 0.0828518 2.71828
1.0 5.0 0.0694949 2.71828
1.0 5.0 0.0488824 2.71828
1.0 5.0 0.051202 2.71828
1.0 5.0 0.0652462 2.71828
1.0 5.0 0.0476891 2.71828
1.0 5.0 0.0590046 2.71828
1.0 5.0 0.0659355 2.71828
1.0 5.0 0.0546645 2.71828
1.0 5.0 0.0554933 2.71828
1.0 5.0 0.0663902 2.71828
1.0 5.0 0.0658355 2.71828
1.0 5.0 0.074381 2.71828
1.0 5.0 0.0654113 2.71828
1.0 5.0 0.0655042 2.71828
1.0 5.0 0.0536552 2.71828
1.0 5.0 0.0532732 2.71828
1.0 5.0 0.0649379 2.71828
1.0 5.0 0.0867547 2.71828
1.0 5.0 0.0635482 2.71828
1.0 5.0 0.064656 2.71828
1.0 5.0 0.064908 2.71828
1.0 5.0 0.050158 2.71828
1.0 5.0 0.074957 2.71828
1.0 5.0 0.0841808 2.71828
1.0 5.0 0.0642814 2.71828
1.0 5.0 0.0816754 2.71828
1.0 5.0 0.0498147 2.71828
1.0 5.0 0.0508162 2.71828
1.0 5.0 0.0825533 2.71828
1.0 5.0 0.054444 2.71828
1.0 5.0 0.0541695 2.71828
1.0 5.0 0.0491046 2.71828
1.0 5.0 0.0675184 2.71828
1.0 5.0 0.0817925 2.71828
1.0 5.0 0.0489166 2.71828
1.0 5.0 0.0529194 2.71828
1.0 5.0 0.0660701 2.71828
1.0 5.0 0.0643592 2.71828
1.0 5.0 0.0684876 2.71828
1.0 5.0 0.0518206 2.71828
1.0 5.0 0.058093 2.71828
1.0 5.0 0.0531475 2.71828
1.0 6.0 0.0609947 2.71828
1.0 6.0 0.060204 2.71828
1.0 6.0 0.0614428 2.71828
1.0 6.0 0.0654274 2.71828
1.0 6.0 0.0662799 2.71828
1.0 6.0 0.0665263 2.71828
1.0 6.0 0.0640751 2.71828
1.0 6.0 0.0622747 2.71828
1.0 6.0 0.0605381 2.71828
1.0 6.0 0.0623537 2.71828
1.0 6.0 0.0641382 2.71828
1.0 6.0 0.0630187 2.71828
1.0 6.0 0.0644527 2.71828
1.0 6.0 0.0589824 2.71828
1.0 6.0 0.0663423 2.71828
1.0 6.0 0.0721002 2.71828
1.0 6.0 0.0603051 2.71828
1.0 6.0 0.0586736 2.71828
1.0 6.0 0.0842144 2.71828
1.0 6.0 0.0658985 2.71828
1.0 6.0 0.0657471 2.71828
1.0 6.0 0.0602206 2.71828
1.0 6.0 0.0599798 2.71828
1.0 6.0 0.061691 2.71828
1.0 6.0 0.0618127 2.71828
1.0 6.0 0.0673185 2.71828
1.0 6.0 0.062689 2.71828
1.0 6.0 0.0671865 2.71828
1.0 6.0 0.0640721 2.71828
1.0 6.0 0.0702498 2.71828
1.0 6.0 0.0581877 2.71828
1.0 6.0 0.0615688 2.71828
1.0 6.0 0.0615257 2.71828
1.0 6.0 0.0584234 2.71828
1.0 6.0 0.0661747 2.71828
1.0 6.0 0.0630165 2.71828
1.0 6.0 0.0702909 2.71828
1.0 6.0 0.05974 2.71828
1.0 6.0 0.0649238 2.71828
1.0 6.0 0.0589232 2.71828
1.0 6.0 0.0607165 2.71828
1.0 6.0 0.0609134 2.71828
1.0 6.0 0.0587733 2.71828
1.0 6.0 0.0824136 2.71828
1.0 6.0 0.0685335 2.71828
1.0 6.0 0.0597152 2.71828
1.0 6.0 0.0645588 2.71828
1.0 6.0 0.0677936 2.71828
1.0 6.0 0.0593784 2.71828
1.0 6.0 0.0586409 2.71828
1.0 7.0 0.0616235 2.71828
1.0 7.0 0.0632746 2.71828
1.0 7.0 0.0626897 2.71828
1.0 7.0 0.0641109 2.71828
1.0 7.0 0.0684924 2.71828
1.0 7.0 0.0626733 2.71828
1.0 7.0 0.0640486 2.71828
1.0 7.0 0.0940625 2.71828
1.0 7.0 0.0632225 2.71828
1.0 7.0 0.0634989 2.71828
1.0 7.0 0.066985 2.71828
1.0 7.0 0.0948155 2.71828
1.0 7.0 0.0618578 2.71828
1.0 7.0 0.0677611 2.71828
1.0 7.0 0.0603312 2.71828
1.0 7.0 0.0642178 2.71828
1.0 7.0 0.0630673 2.71828
1.0 7.0 0.0703777 2.71828
1.0 7.0 0.0651181 2.71828
1.0 7.0 0.0939869 2.71828
1.0 7.0 0.0861287 2.71828
1.0 7.0 0.0642949 2.71828
1.0 7.0 0.0700971 2.71828
1.0 7.0 0.0621854 2.71828
1.0 7.0 0.0745847 2.71828
1.0 7.0 0.0633666 2.71828
1.0 7.0 0.0624292 2.71828
1.0 7.0 0.0640575 2.71828
1.0 7.0 0.0664985 2.71828
1.0 7.0 0.0640365 2.71828
1.0 7.0 0.0618901 2.71828
1.0 7.0 0.0630689 2.71828
1.0 7.0 0.0645036 2.71828
1.0 7.0 0.0630583 2.71828
1.0 7.0 0.06364 2.71828
1.0 7.0 0.0654931 2.71828
1.0 7.0 0.0648121 2.71828
1.0 7.0 0.0708652 2.71828
1.0 7.0 0.0702956 2.71828
1.0 7.0 0.0659727 2.71828
1.0 7.0 0.0742497 2.71828
1.0 7.0 0.0914848 2.71828
1.0 7.0 0.0662804 2.71828
1.0 7.0 0.0939278 2.71828
1.0 7.0 0.0647638 2.71828
1.0 7.0 0.0635603 2.71828
1.0 7.0 0.0746983 2.71828
1.0 7.0 0.0610476 2.71828
1.0 7.0 0.0626886 2.71828
1.0 7.0 0.0628519 2.71828
1.0 8.0 0.0629278 2.71828
1.0 8.0 0.0616197 2.71828
1.0 8.0 0.0645857 2.71828
1.0 8.0 0.0674104 2.71828
1.0 8.0 0.0736413 2.71828
1.0 8.0 0.0940466 2.71828
1.0 8.0 0.061245 2.71828
1.0 8.0 0.065969 2.71828
1.0 8.0 0.101061 2.71828
1.0 8.0 0.0635302 2.71828
1.0 8.0 0.0644077 2.71828
1.0 8.0 0.0633184 2.71828
1.0 8.0 0.0695182 2.71828
1.0 8.0 0.0644912 2.71828
1.0 8.0 0.102285 2.71828
1.0 8.0 0.065085 2.71828
1.0 8.0 0.0644493 2.71828
1.0 8.0 0.103014 2.71828
1.0 8.0 0.059716 2.71828
1.0 8.0 0.061775 2.71828
1.0 8.0 0.0720647 2.71828
1.0 8.0 0.0664846 2.71828
1.0 8.0 0.0644374 2.71828
1.0 8.0 0.0731821 2.71828
1.0 8.0 0.05723 2.71828
1.0 8.0 0.0643481 2.71828
1.0 8.0 0.0651443 2.71828
1.0 8.0 0.0675082 2.71828
1.0 8.0 0.0632681 2.71828
1.0 8.0 0.0686316 2.71828
1.0 8.0 0.0610081 2.71828
1.0 8.0 0.0632672 2.71828
1.0 8.0 0.0635004 2.71828
1.0 8.0 0.0606679 2.71828
1.0 8.0 0.0661783 2.71828
1.0 8.0 0.0593356 2.71828
1.0 8.0 0.0668968 2.71828
1.0 8.0 0.0595074 2.71828
1.0 8.0 0.0669279 2.71828
1.0 8.0 0.0655013 2.71828
1.0 8.0 0.0641936 2.71828
1.0 8.0 0.0664396 2.71828
1.0 8.0 0.100259 2.71828
1.0 8.0 0.0574056 2.71828
1.0 8.0 0.0640394 2.71828
1.0 8.0 0.0651075 2.71828
1.0 8.0 0.0590797 2.71828
1.0 8.0 0.0603595 2.71828
1.0 8.0 0.0642276 2.71828
1.0 8.0 0.0616766 2.71828
1.0 9.0 0.0624748 2.71828
1.0 9.0 0.0627255 2.71828
1.0 9.0 0.0712815 2.71828
1.0 9.0 0.0678295 2.71828
1.0 9.0 0.0706403 2.71828
1.0 9.0 0.0699788 2.71828
1.0 9.0 0.0628723 2.71828
1.0 9.0 0.062166 2.71828
1.0 9.0 0.0689824 2.71828
1.0 9.0 0.0669902 2.71828
1.0 9.0 0.0636806 2.71828
1.0 9.0 0.071005 2.71828
1.0 9.0 0.0706609 2.71828
1.0 9.0 0.0779614 2.71828
1.0 9.0 0.0626372 2.71828
1.0 9.0 0.0668034 2.71828
1.0 9.0 0.0708641 2.71828
1.0 9.0 0.0638492 2.71828
1.0 9.0 0.068571 2.71828
1.0 9.0 0.0621944 2.71828
1.0 9.0 0.0652776 2.71828
1.0 9.0 0.0695495 2.71828
1.0 9.0 0.0703232 2.71828
1.0 9.0 0.0679924 2.71828
1.0 9.0 0.062684 2.71828
1.0 9.0 0.0681341 2.71828
1.0 9.0 0.0619554 2.71828
1.0 9.0 0.0642427 2.71828
1.0 9.0 0.0643806 2.71828
1.0 9.0 0.0797403 2.71828
1.0 9.0 0.0658287 2.71828
1.0 9.0 0.0699898 2.71828
1.0 9.0 0.0618787 2.71828
1.0 9.0 0.0639026 2.71828
1.0 9.0 0.0683516 2.71828
1.0 9.0 0.0688247 2.71828
1.0 9.0 0.0669505 2.71828
1.0 9.0 0.070078 2.71828
1.0 9.0 0.0641779 2.71828
1.0 9.0 0.0640687 2.71828
1.0 9.0 0.0708545 2.71828
1.0 9.0 0.0634693 2.71828
1.0 9.0 0.069723 2.71828
1.0 9.0 0.0690812 2.71828
1.0 9.0 0.0707605 2.71828
1.0 9.0 0.0641858 2.71828
1.0 9.0 0.0687531 2.71828
1.0 9.0 0.0647058 2.71828
1.0 9.0 0.062745 2.71828
1.0 9.0 0.0643514 2.71828
2.0 1.0 0.833958 -5.02058e-32
2.0 1.0 0.68566 -0.0
2.0 1.0 0.820261 -4.33559e-32
2.0 1.0 0.614897 -0.0
2.0 1.0 0.886567 -4.33559e-32
2.0 1.0 0.837632 -5.02058e-32
2.0 1.0 0.8374 -8.43827e-33
2.0 1.0 0.809397 -6.77826e-31
2.0 1.0 0.870757 -2.01644e-31
2.0 1.0 0.637436 -0.0
2.0 1.0 0.894038 -8.43827e-33
2.0 1.0 0.842257 -8.43827e-33
2.0 1.0 0.830325 -4.33559e-32
2.0 1.0 0.891257 -8.43827e-33
2.0 1.0 0.883553 -8.43827e-33
2.0 1.0 0.82881 -8.43827e-33
2.0 1.0 0.871111 -2.01644e-31
2.0 1.0 0.901451 -8.43827e-33
2.0 1.0 0.623279 -0.0
2.0 1.0 0.841108 -8.43827e-33
2.0 1.0 0.888895 -8.43827e-33
2.0 1.0 0.797608 -2.03723e-31
2.0 1.0 0.620183 -0.0
2.0 1.0 0.817355 -4.33559e-32
2.0 1.0 0.841479 -8.43827e-33
2.0 1.0 0.807702 -4.33559e-32
2.0 1.0 0.849103 -8.43827e-33
2.0 1.0 0.86808 -5.02058e-32
2.0 1.0 0.303404 -0.0
2.0 1.0 0.877999 -5.02058e-32
2.0 1.0 0.805967 -8.43827e-33
2.0 1.0 0.606212 -0.0
2.0 1.0 0.817047 -8.43827e-33
2.0 1.0 0.861883 -8.43827e-33
2.0 1.0 0.83302 -4.33559e-32
2.0 1.0 0.646805 -0.0
2.0 1.0 0.816253 -8.43827e-33
2.0 1.0 0.822551 -4.33559e-32
2.0 1.0 0.874642 -5.02058e-32
2.0 1.0 0.653501 -0.0
2.0 1.0 0.816542 -5.02058e-32
2.0 1.0 0.862669 -8.43827e-33
2.0 1.0 0.613116 -0.0
2.0 1.0 0.797761 -8.43827e-33
2.0 1.0 0.829017 -8.43827e-33
2.0 1.0 0.864257 -8.43827e-33
2.0 1.0 0.817833 -2.01644e-31
2.0 1.0 0.81718 -8.43827e-33
2.0 1.0 0.861521 -4.33559e-32
2.0 1.0 0.845244 -8.43827e-33
2.0 2.0 0.416754 -4.33559e-32
2.0 2.0 0.423834 -8.43827e-33
2.0 2.0 0.500179 -8.43827e-33
2.0 2.0 0.426835 -0.0
2.0 2.0 0.411056 -2.01644e-31
2.0 2.0 0.438924 -8.43827e-33
2.0 2.0 0.164408 -0.0
2.0 2.0 0.44253 -8.43827e-33
2.0 2.0 0.442706 -5.02058e-32
2.0 2.0 0.438307 -8.43827e-33
2.0 2.0 0.326381 -0.0
2.0 2.0 0.42714 -0.0
2.0 2.0 0.440454 -8.43827e-33
2.0 2.0 0.315343 -0.0
2.0 2.0 0.423016 -5.02058e-32
2.0 2.0 0.493644 -4.33559e-32
2.0 2.0 0.451471 -2.01644e-31
2.0 2.0 0.331399 -0.0
2.0 2.0 0.419251 -5.02058e-32
2.0 2.0 0.438064 -8.43827e-33
2.0 2.0 0.414461 -8.43827e-33
2.0 2.0 0.394345 -0.0
2.0 2.0 0.448627 -8.43827e-33
2.0 2.0 0.420004 -0.0
2.0 2.0 0.314643 -0.0
2.0 2.0 0.438947 -0.0
2.0 2.0 0.414123 -8.43827e-33
2.0 2.0 0.437783 -8.43827e-33
2.0 2.0 0.444808 -8.43827e-33
2.0 2.0 0.416545 -0.0
2.0 2.0 0.442747 -8.43827e-33
2.0 2.0 0.437075 -0.0
2.0 2.0 0.438388 -8.43827e-33
2.0 2.0 0.418847 -8.43827e-33
2.0 2.0 0.438282 -8.43827e-33
2.0 2.0 0.452468 -4.33559e-32
2.0 2.0 0.4383 -8.43827e-33
2.0 2.0 0.438587 -8.43827e-33
2.0 2.0 0.447549 -8.43827e-33
2.0 2.0 0.171576 -0.0
2.0 2.0 0.413208 -4.33559e-32
2.0 2.0 0.441134 -0.0
2.0 2.0 0.419414 -8.43827e-33
2.0 2.0 0.454791 -2.03723e-31
2.0 2.0 0.420645 -0.0
2.0 2.0 0.435741 -8.43827e-33
2.0 2.0 0.335375 -0.0
2.0 2.0 0.422514 -0.0
2.0 2.0 0.443277 -8.43827e-33
2.0 2.0 0.313723 -0.0
2.0 3.0 0.295006 -0.0
2.0 3.0 0.301473 -2.03723e-31
2.0 3.0 0.295289 -0.0
2.0 3.0 0.293398 -0.0
2.0 3.0 0.303586 -8.43827e-33
2.0 3.0 0.327849 -0.0
2.0 3.0 0.300139 -8.43827e-33
2.0 3.0 0.301854 -8.43827e-33
2.0 3.0 0.303214 -2.01644e-31
2.0 3.0 0.338175 -0.0
2.0 3.0 0.303474 -2.01644e-31
2.0 3.0 0.228899 -0.0
2.0 3.0 0.294807 -0.0
2.0 3.0 0.299377 -8.43827e-33
2.0 3.0 0.299609 -8.43827e-33
2.0 3.0 0.296409 -8.43827e-33
2.0 3.0 0.298913 -8.43827e-33
2.0 3.0 0.309834 -5.02058e-32
2.0 3.0 0.303049 -8.43827e-33
2.0 3.0 0.291474 -1.7325e-31
2.0 3.0 0.292715 -0.0
2.0 3.0 0.224285 -0.0
2.0 3.0 0.294305 -7.10571e-31
2.0 3.0 0.302119 -8.43827e-33
2.0 3.0 0.299981 -8.43827e-33
2.0 3.0 0.299396 -8.43827e-33
2.0 3.0 0.301229 -8.43827e-33
2.0 3.0 0.295044 -0.0
2.0 3.0 0.305009 -5.02058e-32
2.0 3.0 0.309269 -0.0
2.0 3.0 0.299372 -8.43827e-33
2.0 3.0 0.301949 -8.43827e-33
2.0 3.0 0.303779 -4.33559e-32
2.0 3.0 0.300991 -8.43827e-33
2.0 3.0 0.314793 -2.03723e-31
2.0 3.0 0.309472 -0.0
2.0 3.0 0.299758 -8.43827e-33
2.0 3.0 0.303416 -8.43827e-33
2.0 3.0 0.292028 -0.0
2.0 3.0 0.300619 -8.43827e-33
2.0 3.0 0.332421 -0.0
2.0 3.0 0.292153 -0.0
2.0 3.0 0.300661 -8.43827e-33
2.0 3.0 0.300923 -8.43827e-33
2.0 3.0 0.300015 -4.33559e-32
2.0 3.0 0.294857 -0.0
2.0 3.0 0.302308 -8.43827e-33
2.0 3.0 0.300045 -8.43827e-33
2.0 3.0 0.30236 -5.02058e-32
2.0 3.0 0.30415 -5.02058e-32
2.0 4.0 0.22557 -1.7325e-31
2.0 4.0 0.228112 -2.03723e-31
2.0 4.0 0.228722 -0.0
2.0 4.0 0.228032 -5.02058e-32
2.0 4.0 0.230351 -4.33559e-32
2.0 4.0 0.22944 -0.0
2.0 4.0 0.227837 -8.43827e-33
2.0 4.0 0.22962 -0.0
2.0 4.0 0.227091 -0.0
2.0 4.0 0.226136 -8.43827e-33
2.0 4.0 0.227654 -5.02058e-32
2.0 4.0 0.227304 -8.43827e-33
2.0 4.0 0.230279 -4.33559e-32
2.0 4.0 0.22744 -0.0
2.0 4.0 0.226351 -8.43827e-33
2.0 4.0 0.227768 -0.0
2.0 4.0 0.22677 -8.43827e-33
2.0 4.0 0.227544 -0.0
2.0 4.0 0.229123 -5.02058e-32
2.0 4.0 0.230736 -8.43827e-33
2.0 4.0 0.227767 -0.0
2.0 4.0 0.227111 -8.43827e-33
2.0 4.0 0.230483 -8.43827e-33
2.0 4.0 0.229269 -0.0
2.0 4.0 0.226741 -5.02058e-32
2.0 4.0 0.227415 -2.01644e-31
2.0 4.0 0.223735 -8.43827e-33
2.0 4.0 0.231189 -2.03723e-31
2.0 4.0 0.222932 -0.0
2.0 4.0 0.226509 -7.10571e-31
2.0 4.0 0.22922 -8.43827e-33
2.0 4.0 0.224873 -8.43827e-33
2.0 4.0 0.226015 -0.0
2.0 4.0 0.227506 -1.7325e-31
2.0 4.0 0.22781 -1.7325e-31
2.0 4.0 0.227921 -8.43827e-33
2.0 4.0 0.227628 -8.43827e-33
2.0 4.0 0.227921 -8.43827e-33
2.0 4.0 0.226957 -8.43827e-33
2.0 4.0 0.229531 -0.0
2.0 4.0 0.173796 -0.0
2.0 4.0 0.229631 -8.43827e-33
2.0 4.0 0.229101 -0.0
2.0 4.0 0.227573 -5.02058e-32
2.0 4.0 0.229786 -8.43827e-33
2.0 4.0 0.227717 -8.43827e-33
2.0 4.0 0.228097 -0.0
2.0 4.0 0.257585 -8.43827e-33
2.0 4.0 0.228095 -6.77826e-31
2.0 4.0 0.228693 -0.0
2.0 5.0 0.170075 -8.43827e-33
2.0 5.0 0.202815 -5.02058e-32
2.0 5.0 0.230279 -0.0
2.0 5.0 0.263053 -8.43827e-33
2.0 5.0 0.216239 -0.0
2.0 5.0 0.163976 -0.0
2.0 5.0 0.204213 -8.43827e-33
2.0 5.0 0.171276 -5.02058e-32
2.0 5.0 0.255703 -0.0
2.0 5.0 0.259842 -0.0
2.0 5.0 0.260907 -8.43827e-33
2.0 5.0 0.198004 -0.0
2.0 5.0 0.2627 -8.43827e-33
2.0 5.0 0.239532 -0.0
2.0 5.0 0.236763 -0.0
2.0 5.0 0.170555 -5.02058e-32
2.0 5.0 0.242643 -4.33559e-32
2.0 5.0 0.185671 -8.43827e-33
2.0 5.0 0.210878 -0.0
2.0 5.0 0.265966 -8.43827e-33
2.0 5.0 0.185854 -1.7325e-31
2.0 5.0 0.266059 -4.33559e-32
2.0 5.0 0.171403 -8.43827e-33
2.0 5.0 0.175515 -2.03723e-31
2.0 5.0 0.197646 -8.43827e-33
2.0 5.0 0.187994 -2.32265e-31
2.0 5.0 0.172632 -0.0
2.0 5.0 0.25872 -8.43827e-33
2.0 5.0 0.169856 -1.13864e-31
2.0 5.0 0.243274 -5.02058e-32
2.0 5.0 0.153668 -0.0
2.0 5.0 0.253642 -4.33559e-32
2.0 5.0 0.253228 -0.0
2.0 5.0 0.264074 -8.43827e-33
2.0 5.0 0.170144 -8.43827e-33
2.0 5.0 0.199701 -8.43827e-33
2.0 5.0 0.182086 -2.03723e-31
2.0 5.0 0.204695 -8.43827e-33
2.0 5.0 0.251336 -8.43827e-33
2.0 5.0 0.280585 -8.43827e-33
2.0 5.0 0.167026 -2.03723e-31
2.0 5.0 0.193592 -0.0
2.0 5.0 0.175748 -0.0
2.0 5.0 0.174217 -5.02058e-32
2.0 5.0 0.178536 -5.02058e-32
2.0 5.0 0.188595 -0.0
2.0 5.0 0.181339 -8.43827e-33
2.0 5.0 0.180332 -0.0
2.0 5.0 0.241483 -8.43827e-33
2.0 5.0 0.194384 -0.0
2.0 6.0 0.194839 -0.0
2.0 6.0 0.23333 -2.01644e-31
2.0 6.0 0.25409 -4.33559e-32
2.0 6.0 0.237191 -4.33559e-32
2.0 6.0 0.244208 -8.43827e-33
2.0 6.0 0.23819 -8.43827e-33
2.0 6.0 0.211656 -0.0
2.0 6.0 0.224607 -0.0
2.0 6.0 0.240427 -4.33559e-32
2.0 6.0 0.241871 -8.43827e-33
2.0 6.0 0.240106 -8.43827e-33
2.0 6.0 0.256222 -5.02058e-32
2.0 6.0 0.243091 -8.43827e-33
2.0 6.0 0.21349 -0.0
2.0 6.0 0.237505 -0.0
2.0 6.0 0.213517 -0.0
2.0 6.0 0.252927 -4.33559e-32
2.0 6.0 0.240952 -8.43827e-33
2.0 6.0 0.267118 -8.43827e-33
2.0 6.0 0.243388 -4.33559e-32
2.0 6.0 0.244872 -4.33559e-32
2.0 6.0 0.210617 -0.0
2.0 6.0 0.242067 -8.43827e-33
2.0 6.0 0.211102 -0.0
2.0 6.0 0.258625 -5.02058e-32
2.0 6.0 0.235545 -8.43827e-33
2.0 6.0 0.237313 -8.43827e-33
2.0 6.0 0.237969 -8.43827e-33
2.0 6.0 0.239054 -8.43827e-33
2.0 6.0 0.253294 -4.33559e-32
2.0 6.0 0.267798 -4.33559e-32
2.0 6.0 0.265789 -8.43827e-33
2.0 6.0 0.205832 -0.0
2.0 6.0 0.236411 -4.33559e-32
2.0 6.0 0.256303 -2.03723e-31
2.0 6.0 0.254042 -8.43827e-33
2.0 6.0 0.236324 -8.43827e-33
2.0 6.0 0.258972 -5.02058e-32
2.0 6.0 0.243346 -8.43827e-33
2.0 6.0 0.200747 -0.0
2.0 6.0 0.245396 -8.43827e-33
2.0 6.0 0.242132 -8.43827e-33
2.0 6.0 0.257707 -5.02058e-32
2.0 6.0 0.236618 -8.43827e-33
2.0 6.0 0.215965 -0.0
2.0 6.0 0.236182 -4.33559e-32
2.0 6.0 0.257708 -5.02058e-32
2.0 6.0 0.243845 -8.43827e-33
2.0 6.0 0.237845 -8.43827e-33
2.0 6.0 0.240515 -8.43827e-33
2.0 7.0 0.200098 -4.33559e-32
2.0 7.0 0.201341 -8.43827e-33
2.0 7.0 0.182786 -0.0
2.0 7.0 0.202294 -8.43827e-33
2.0 7.0 0.214886 -8.43827e-33
2.0 7.0 0.199344 -8.43827e-33
2.0 7.0 0.214692 -8.43827e-33
2.0 7.0 0.20224 -8.43827e-33
2.0 7.0 0.200394 -8.43827e-33
2.0 7.0 0.203329 -5.02058e-32
2.0 7.0 0.202658 -4.33559e-32
2.0 7.0 0.202851 -8.43827e-33
2.0 7.0 0.179653 -2.05477e-30
2.0 7.0 0.186558 -0.0
2.0 7.0 0.199427 -8.43827e-33
2.0 7.0 0.210335 -0.0
2.0 7.0 0.208941 -0.0
2.0 7.0 0.233445 -8.43827e-33
2.0 7.0 0.228112 -0.0
2.0 7.0 0.231302 -5.02058e-32
2.0 7.0 0.207177 -0.0
2.0 7.0 0.234442 -8.43827e-33
2.0 7.0 0.191907 -0.0
2.0 7.0 0.198262 -8.43827e-33
2.0 7.0 0.199391 -8.43827e-33
2.0 7.0 0.202585 -4.33559e-32
2.0 7.0 0.181292 -0.0
2.0 7.0 0.199761 -8.43827e-33
2.0 7.0 0.21182 -8.43827e-33
2.0 7.0 0.124952 -0.0
2.0 7.0 0.200053 -8.43827e-33
2.0 7.0 0.200864 -8.43827e-33
2.0 7.0 0.19984 -8.43827e-33
2.0 7.0 0.199632 -4.33559e-32
2.0 7.0 0.158439 -0.0
2.0 7.0 0.127765 -0.0
2.0 7.0 0.130142 -0.0
2.0 7.0 0.181642 -0.0
2.0 7.0 0.141835 -1.31854e-31
2.0 7.0 0.198021 -8.43827e-33
2.0 7.0 0.133493 -0.0
2.0 7.0 0.201893 -2.03723e-31
2.0 7.0 0.202814 -5.02058e-32
2.0 7.0 0.185438 -0.0
2.0 7.0 0.182129 -0.0
2.0 7.0 0.200537 -4.33559e-32
2.0 7.0 0.201898 -5.02058e-32
2.0 7.0 0.211777 -8.43827e-33
2.0 7.0 0.192476 -2.01644e-31
2.0 7.0 0.199009 -8.43827e-33
2.0 8.0 0.211796 -8.43827e-33
2.0 8.0 0.20446 -0.0
2.0 8.0 0.215999 -8.43827e-33
2.0 8.0 0.171594 -0.0
2.0 8.0 0.216411 -5.02058e-32
2.0 8.0 0.228129 -2.01644e-31
2.0 8.0 0.186008 -0.0
2.0 8.0 0.202341 -5.02058e-32
2.0 8.0 0.222792 -8.43827e-33
2.0 8.0 0.202169 -8.43827e-33
2.0 8.0 0.224364 -8.43827e-33
2.0 8.0 0.20479 -8.43827e-33
2.0 8.0 0.171694 -0.0
2.0 8.0 0.203488 -4.33559e-32
2.0 8.0 0.214739 -4.33559e-32
2.0 8.0 0.194367 -6.77826e-31
2.0 8.0 0.208479 -8.43827e-33
2.0 8.0 0.216176 -5.02058e-32
2.0 8.0 0.202558 -8.43827e-33
2.0 8.0 0.215579 -3.90376e-32
2.0 8.0 0.202095 -8.43827e-33
2.0 8.0 0.204567 -5.02058e-32
2.0 8.0 0.20347 -8.43827e-33
2.0 8.0 0.171888 -0.0
2.0 8.0 0.201702 -8.43827e-33
2.0 8.0 0.175874 -0.0
2.0 8.0 0.202895 -0.0
2.0 8.0 0.202407 -8.43827e-33
2.0 8.0 0.208246 -5.02058e-32
2.0 8.0 0.202449 -5.02058e-32
2.0 8.0 0.158912 -0.0
2.0 8.0 0.194638 -0.0
2.0 8.0 0.199983 -2.01644e-31
2.0 8.0 0.169089 -0.0
2.0 8.0 0.214726 -8.43827e-33
2.0 8.0 0.202916 -5.02058e-32
2.0 8.0 0.222013 -4.33559e-32
2.0 8.0 0.214549 -8.43827e-33
2.0 8.0 0.212204 -8.43827e-33
2.0 8.0 0.171083 -0.0
2.0 8.0 0.199048 -0.0
2.0 8.0 0.171133 -0.0
2.0 8.0 0.175869 -0.0
2.0 8.0 0.177509 -0.0
2.0 8.0 0.171286 -0.0
2.0 8.0 0.195538 -8.43827e-33
2.0 8.0 0.203682 -8.43827e-33
2.0 8.0 0.165855 -0.0
2.0 8.0 0.204539 -5.02058e-32
2.0 8.0 0.203639 -8.43827e-33
2.0 9.0 0.173929 -0.0
2.0 9.0 0.162809 -0.0
2.0 9.0 0.170006 -8.43827e-33
2.0 9.0 0.181624 -5.02058e-32
2.0 9.0 0.1731 -8.43827e-33
2.0 9.0 0.181471 -8.43827e-33
2.0 9.0 0.164956 -0.0
2.0 9.0 0.177504 -8.43827e-33
2.0 9.0 0.165195 -0.0
2.0 9.0 0.170741 -0.0
2.0 9.0 0.171007 -8.43827e-33
2.0 9.0 0.175917 -8.43827e-33
2.0 9.0 0.171778 -4.33559e-32
2.0 9.0 0.169523 -0.0
2.0 9.0 0.164814 -0.0
2.0 9.0 0.157031 -0.0
2.0 9.0 0.170054 -8.43827e-33
2.0 9.0 0.177475 -8.43827e-33
2.0 9.0 0.168036 -0.0
2.0 9.0 0.181129 -8.43827e-33
2.0 9.0 0.179365 -8.43827e-33
2.0 9.0 0.183047 -8.43827e-33
2.0 9.0 0.174088 -8.43827e-33
2.0 9.0 0.164389 -0.0
2.0 9.0 0.177378 -8.43827e-33
2.0 9.0 0.160588 -0.0
2.0 9.0 0.178512 -8.43827e-33
2.0 9.0 0.162261 -0.0
2.0 9.0 0.154529 -0.0
2.0 9.0 0.165803 -0.0
2.0 9.0 0.16989 -0.0
2.0 9.0 0.164664 -0.0
2.0 9.0 0.176547 -8.43827e-33
2.0 9.0 0.180585 -8.43827e-33
2.0 9.0 0.175463 -8.43827e-33
2.0 9.0 0.180184 -8.43827e-33
2.0 9.0 0.153903 -0.0
2.0 9.0 0.17173 -5.02058e-32
2.0 9.0 0.179333 -8.43827e-33
2.0 9.0 0.180892 -4.33559e-32
2.0 9.0 0.176086 -6.77826e-31
2.0 9.0 0.174168 -8.43827e-33
2.0 9.0 0.164357 -0.0
2.0 9.0 0.177648 -8.43827e-33
2.0 9.0 0.180831 -4.33559e-32
2.0 9.0 0.170307 -0.0
2.0 9.0 0.173064 -8.43827e-33
2.0 9.0 0.178967 -8.43827e-33
2.0 9.0 0.180643 -8.43827e-33
2.0 9.0 0.170736 -8.43827e-33
3.0 1.0 0.0685027 -0.0
3.0 1.0 0.0709754 -0.0
3.0 1.0 0.0779511 -0.0
3.0 1.0 0.0673695 -0.0
3.0 1.0 0.0758498 -0.0
3.0 1.0 0.0684552 -0.0
3.0 1.0 0.0681451 -0.0
3.0 1.0 0.0858853 -0.0
3.0 1.0 0.0633526 -0.0
3.0 1.0 0.0815536 -0.0
3.0 1.0 0.068211 -0.0
3.0 1.0 0.0676078 -0.0
3.0 1.0 0.068064 -0.0
3.0 1.0 0.0710835 -0.0
3.0 1.0 0.0676252 -0.0
3.0 1.0 0.0977522 -0.0
3.0 1.0 0.0699618 -0.0
3.0 1.0 0.0806193 -0.0
3.0 1.0 0.0651278 -0.0
3.0 1.0 0.0793037 -0.0
3.0 1.0 0.0776858 -0.0
3.0 1.0 0.061523 -0.0
3.0 1.0 0.0673625 -0.0
3.0 1.0 0.0698475 -0.0
3.0 1.0 0.0755363 -0.0
3.0 1.0 0.0721473 -0.0
3.0 1.0 0.0658876 -0.0
3.0 1.0 0.0741058 -0.0
3.0 1.0 0.0770866 -0.0
3.0 1.0 0.0942491 -0.0
3.0 1.0 0.0639124 -0.0
3.0 1.0 0.0801986 -0.0
3.0 1.0 0.0703876 -0.0
3.0 1.0 0.0751637 -0.0
3.0 1.0 0.0728173 -0.0
3.0 1.0 0.0680057 -0.0
3.0 1.0 0.0742293 -0.0
3.0 1.0 0.0811354 -0.0
3.0 1.0 0.061327 -0.0
3.0 1.0 0.0709886 -0.0
3.0 1.0 0.068538 -0.0
3.0 1.0 0.0701463 -0.0
3.0 1.0 0.0701301 -0.0
3.0 1.0 0.0651306 -0.0
3.0 1.0 0.0736088 -0.0
3.0 1.0 0.0692375 -0.0
3.0 1.0 0.067357 -0.0
3.0 1.0 0.0889174 -0.0
3.0 1.0 0.0689436 -0.0
3.0 1.0 0.0815651 -0.0
3.0 2.0 0.0428282 -0.0
3.0 2.0 0.0437414 -0.0
3.0 2.0 0.0501013 -0.0
3.0 2.0 0.0450306 -0.0
3.0 2.0 0.0398219 -0.0
3.0 2.0 0.0405625 -0.0
3.0 2.0 0.0382621 -0.0
3.0 2.0 0.0409189 -0.0
3.0 2.0 0.0408655 -0.0
3.0 2.0 0.0407236 -0.0
3.0 2.0 0.0419896 -0.0
3.0 2.0 0.0461361 -0.0
3.0 2.0 0.046058 -0.0
3.0 2.0 0.0435474 -0.0
3.0 2.0 0.0430745 -0.0
3.0 2.0 0.042407 -0.0
3.0 2.0 0.0505158 -0.0
3.0 2.0 0.0510914 -0.0
3.0 2.0 0.0521913 -0.0
3.0 2.0 0.0408247 -0.0
3.0 2.0 0.0478447 -0.0
3.0 2.0 0.0416317 -0.0
3.0 2.0 0.0444074 -0.0
3.0 2.0 0.0407178 -0.0
3.0 2.0 0.0472105 -0.0
3.0 2.0 0.0454109 -0.0
3.0 2.0 0.0443967 -0.0
3.0 2.0 0.0440759 -0.0
3.0 2.0 0.0406378 -0.0
3.0 2.0 0.0455488 -0.0
3.0 2.0 0.0456662 -0.0
3.0 2.0 0.0424411 -0.0
3.0 2.0 0.0436454 -0.0
3.0 2.0 0.0392791 -0.0
3.0 2.0 0.044803 -0.0
3.0 2.0 0.0488836 -0.0
3.0 2.0 0.0428954 -0.0
3.0 2.0 0.0441647 -0.0
3.0 2.0 0.0444337 -0.0
3.0 2.0 0.0442239 -0.0
3.0 2.0 0.0421714 -0.0
3.0 2.0 0.0422716 -0.0
3.0 2.0 0.0444106 -0.0
3.0 2.0 0.0394647 -0.0
3.0 2.0 0.0480364 -0.0
3.0 2.0 0.0454558 -0.0
3.0 2.0 0.0427424 -0.0
3.0 2.0 0.0405517 -0.0
3.0 2.0 0.0384919 -0.0
3.0 2.0 0.0420978 -0.0
3.0 3.0 0.0347785 -0.0
3.0 3.0 0.0341554 -0.0
3.0 3.0 0.0409763 -0.0
3.0 3.0 0.033239 -0.0
3.0 3.0 0.0338742 -0.0
3.0 3.0 0.0337605 -0.0
3.0 3.0 0.0388129 -0.0
3.0 3.0 0.0387372 -0.0
3.0 3.0 0.0342506 -0.0
3.0 3.0 0.0343907 -0.0
3.0 3.0 0.0417206 -0.0
3.0 3.0 0.0330701 -0.0
3.0 3.0 0.0320541 -0.0
3.0 3.0 0.0339266 -0.0
3.0 3.0 0.0406068 -0.994959
3.0 3.0 0.0418837 -0.994959
3.0 3.0 0.0320061 -0.0
3.0 3.0 0.036633 -0.0
3.0 3.0 0.0322172 -0.0
3.0 3.0 0.0341146 -0.0
3.0 3.0 0.0329226 -0.0
3.0 3.0 0.0326898 -0.0
3.0 3.0 0.0339284 -0.0
3.0 3.0 0.038458 -0.994959
3.0 3.0 0.0320248 -0.0
3.0 3.0 0.0329388 -0.0
3.0 3.0 0.0329364 -0.0
3.0 3.0 0.0334557 -0.0
3.0 3.0 0.0338282 -0.0
3.0 3.0 0.0343246 -0.0
3.0 3.0 0.0411486 -0.0
3.0 3.0 0.0349217 -0.0
3.0 3.0 0.0338401 -0.0
3.0 3.0 0.0392357 -0.0
3.0 3.0 0.0328262 -0.0
3.0 3.0 0.0386514 -0.0
3.0 3.0 0.0338334 -0.0
3.0 3.0 0.0360062 -0.0
3.0 3.0 0.0325437 -0.0
3.0 3.0 0.0344952 -0.0
3.0 3.0 0.0354369 -0.0
3.0 3.0 0.0332228 -0.0
3.0 3.0 0.0334236 -0.0
3.0 3.0 0.0354014 -0.0
3.0 3.0 0.0331532 -0.0
3.0 3.0 0.0351548 -0.0
3.0 3.0 0.0384715 -0.994959
3.0 3.0 0.0328437 -0.0
3.0 3.0 0.0334679 -0.0
3.0 3.0 0.0328057 -0.0
3.0 4.0 0.0316767 -0.0
3.0 4.0 0.0294578 -0.0
3.0 4.0 0.0298852 -0.0
3.0 4.0 0.0339184 -0.994959
3.0 4.0 0.0323766 -0.994959
3.0 4.0 0.0302049 -0.0
3.0 4.0 0.0322006 -0.0
3.0 4.0 0.0384923 -0.994959
3.0 4.0 0.0308577 -0.0
3.0 4.0 0.0324883 -0.0
3.0 4.0 0.0301641 -0.0
3.0 4.0 0.0308615 -0.0
3.0 4.0 0.0305853 -0.0
3.0 4.0 0.0310741 -0.0
3.0 4.0 0.0377846 -0.0
3.0 4.0 0.0296525 -0.0
3.0 4.0 0.0327129 -0.994959
3.0 4.0 0.030163 -0.0
3.0 4.0 0.0323297 -0.994959
3.0 4.0 0.0306484 -0.0
3.0 4.0 0.0312678 -0.0
3.0 4.0 0.0358922 -0.994959
3.0 4.0 0.0313712 -0.0
3.0 4.0 0.0337234 -0.994959
3.0 4.0 0.0340612 -0.994959
3.0 4.0 0.0343486 -0.994959
3.0 4.0 0.0301632 -0.0
3.0 4.0 0.0312034 -0.0
3.0 4.0 0.0314327 -0.0
3.0 4.0 0.0377889 -0.0
3.0 4.0 0.031362 -0.0
3.0 4.0 0.0303129 -0.0
3.0 4.0 0.0318618 -0.0
3.0 4.0 0.0304847 -0.0
3.0 4.0 0.0311561 -0.0
3.0 4.0 0.0342604 -0.994959
3.0 4.0 0.0342263 -0.0
3.0 4.0 0.0310439 -0.0
3.0 4.0 0.0308021 -0.0
3.0 4.0 0.0339678 -0.0
3.0 4.0 0.0299812 -0.0
3.0 4.0 0.0360739 -0.0
3.0 4.0 0.030187 -0.0
3.0 4.0 0.0318713 -0.0
3.0 4.0 0.0328689 -0.0
3.0 4.0 0.0297247 -0.0
3.0 4.0 0.0320897 -0.994959
3.0 4.0 0.0328523 -0.994959
3.0 4.0 0.0344692 -0.0
3.0 4.0 0.0337215 -0.994959
3.0 5.0 0.0568992 -0.0
3.0 5.0 0.0483017 -0.0
3.0 5.0 0.0708143 -0.994959
3.0 5.0 0.0637976 -0.0
3.0 5.0 0.0596225 -0.0
3.0 5.0 0.0481969 -0.0
3.0 5.0 0.060148 -0.0
3.0 5.0 0.0588276 -0.994959
3.0 5.0 0.0623951 -0.0
3.0 5.0 0.057695 -0.0
3.0 5.0 0.0585864 -0.994959
3.0 5.0 0.0584246 -0.994959
3.0 5.0 0.0597633 -0.0
3.0 5.0 0.0626314 -0.0
3.0 5.0 0.0569291 -0.0
3.0 5.0 0.0574977 -0.0
3.0 5.0 0.0757025 -0.994959
3.0 5.0 0.059336 -0.0
3.0 5.0 0.0649244 -0.0
3.0 5.0 0.0741347 -0.0
3.0 5.0 0.0583009 -0.0
3.0 5.0 0.0601813 -0.994959
3.0 5.0 0.0587591 -0.994959
3.0 5.0 0.0578833 -0.0
3.0 5.0 0.0566647 -0.0
3.0 5.0 0.0597019 -0.0
3.0 5.0 0.0578609 -0.0
3.0 5.0 0.0572853 -0.994959
3.0 5.0 0.0567643 -0.0
3.0 5.0 0.0620592 -0.0
3.0 5.0 0.0616725 -0.0
3.0 5.0 0.0692383 -0.0
3.0 5.0 0.062899 -1.98992
3.0 5.0 0.0669325 -0.994959
3.0 5.0 0.0582723 -0.0
3.0 5.0 0.0567072 -0.0
3.0 5.0 0.0576912 -0.0
3.0 5.0 0.0555252 -0.0
3.0 5.0 0.0545723 -0.0
3.0 5.0 0.0616797 -0.994959
3.0 5.0 0.0579222 -0.0
3.0 5.0 0.0625393 -0.0
3.0 5.0 0.0629867 -0.0
3.0 5.0 0.0599633 -0.0
3.0 5.0 0.0584983 -0.0
3.0 5.0 0.0564703 -0.0
3.0 5.0 0.0615198 -0.0
3.0 5.0 0.0609375 -0.0
3.0 5.0 0.0779567 -0.0
3.0 5.0 0.058123 -0.0
3.0 6.0 0.0634223 -0.0
3.0 6.0 0.0624622 -0.0
3.0 6.0 0.0645266 -0.0
3.0 6.0 0.0601102 -0.0
3.0 6.0 0.062334 -0.0
3.0 6.0 0.0595111 -0.0
3.0 6.0 0.0649867 -0.0
3.0 6.0 0.0624318 -0.994959
3.0 6.0 0.0587186 -0.994959
3.0 6.0 0.0565248 -0.0
3.0 6.0 0.0631048 -0.994959
3.0 6.0 0.0855732 -0.0
3.0 6.0 0.0624362 -0.0
3.0 6.0 0.0648851 -0.994959
3.0 6.0 0.062754 -0.0
3.0 6.0 0.0585867 -0.0
3.0 6.0 0.0629128 -0.0
3.0 6.0 0.058292 -0.0
3.0 6.0 0.0854828 -0.0
3.0 6.0 0.0655089 -0.0
3.0 6.0 0.0610782 -0.0
3.0 6.0 0.0589202 -0.0
3.0 6.0 0.0587165 -0.0
3.0 6.0 0.061663 -0.0
3.0 6.0 0.0596099 -0.0
3.0 6.0 0.0887265 -0.0
3.0 6.0 0.0613952 -0.0
3.0 6.0 0.0700308 -0.994959
3.0 6.0 0.0617944 -0.0
3.0 6.0 0.0616996 -0.0
3.0 6.0 0.0667603 -0.994959
3.0 6.0 0.0595661 -0.0
3.0 6.0 0.061731 -0.0
3.0 6.0 0.0605943 -0.0
3.0 6.0 0.0597299 -0.0
3.0 6.0 0.0652738 -0.0
3.0 6.0 0.0622771 -0.0
3.0 6.0 0.061747 -0.994959
3.0 6.0 0.0630316 -0.0
3.0 6.0 0.0602656 -0.0
3.0 6.0 0.0582466 -0.0
3.0 6.0 0.0629102 -0.0
3.0 6.0 0.0588998 -0.0
3.0 6.0 0.0585234 -0.0
3.0 6.0 0.0613258 -0.0
3.0 6.0 0.0549447 -0.0
3.0 6.0 0.0603338 -0.0
3.0 6.0 0.063836 -0.994959
3.0 6.0 0.0627316 -0.994959
3.0 6.0 0.0589016 -0.994959
3.0 7.0 0.07526 -0.994959
3.0 7.0 0.0605697 -0.0
3.0 7.0 0.0623201 -0.994959
3.0 7.0 0.0682834 -0.0
3.0 7.0 0.0627621 -0.0
3.0 7.0 0.0594676 -0.0
3.0 7.0 0.0609346 -0.994959
3.0 7.0 0.0614564 -0.994959
3.0 7.0 0.0597644 -0.0
3.0 7.0 0.0589729 -0.0
3.0 7.0 0.063536 -0.994959
3.0 7.0 0.0620414 -0.994959
3.0 7.0 0.0535145 -0.994959
3.0 7.0 0.0657177 -0.994959
3.0 7.0 0.061358 -0.994959
3.0 7.0 0.0697167 -0.0
3.0 7.0 0.0638569 -0.0
3.0 7.0 0.0625653 -0.0
3.0 7.0 0.0602742 -0.0
3.0 7.0 0.0618199 -0.0
3.0 7.0 0.0612221 -0.0
3.0 7.0 0.0597096 -0.0
3.0 7.0 0.0487767 -0.994959
3.0 7.0 0.0606735 -0.0
3.0 7.0 0.0664541 -0.0
3.0 7.0 0.0626056 -0.994959
3.0 7.0 0.0625288 -0.0
3.0 7.0 0.0623589 -0.994959
3.0 7.0 0.0722711 -0.994959
3.0 7.0 0.0615327 -0.0
3.0 7.0 0.0620064 -0.0
3.0 7.0 0.0619758 -0.0
3.0 7.0 0.0612243 -0.0
3.0 7.0 0.0670573 -0.0
3.0 7.0 0.0641021 -1.98992
3.0 7.0 0.0630341 -0.0
3.0 7.0 0.0636833 -0.0
3.0 7.0 0.0611598 -0.0
3.0 7.0 0.0614203 -0.0
3.0 7.0 0.0712551 -0.0
3.0 7.0 0.060714 -0.0
3.0 7.0 0.0913643 -0.994959
3.0 7.0 0.0725019 -0.0
3.0 7.0 0.0930989 -0.0
3.0 7.0 0.0958689 -0.994959
3.0 7.0 0.0622389 -0.994959
3.0 7.0 0.0594903 -0.0
3.0 7.0 0.0624079 -0.0
3.0 7.0 0.0601394 -0.0
3.0 7.0 0.0610011 -0.994959
3.0 8.0 0.07061 -0.994959
3.0 8.0 0.060619 -0.0
3.0 8.0 0.0955882 -0.0
3.0 8.0 0.0735667 -0.0
3.0 8.0 0.0594228 -0.0
3.0 8.0 0.0595282 -0.994959
3.0 8.0 0.0624412 -0.0
3.0 8.0 0.100869 -0.0
3.0 8.0 0.0647892 -0.994959
3.0 8.0 0.0621882 -0.994959
3.0 8.0 0.0636803 -0.0
3.0 8.0 0.0615741 -0.994959
3.0 8.0 0.0633606 -0.0
3.0 8.0 0.0660305 -0.994959
3.0 8.0 0.0641896 -0.0
3.0 8.0 0.0610587 -0.0
3.0 8.0 0.0644952 -0.0
3.0 8.0 0.0650743 -0.0
3.0 8.0 0.0618741 -0.994959
3.0 8.0 0.0636128 -0.0
3.0 8.0 0.0676078 -0.0
3.0 8.0 0.0681964 -0.0
3.0 8.0 0.1041 -0.0
3.0 8.0 0.0653328 -0.0
3.0 8.0 0.0637407 -0.0
3.0 8.0 0.0716419 -0.0
3.0 8.0 0.107063 -0.0
3.0 8.0 0.0620301 -0.994959
3.0 8.0 0.0599007 -0.0
3.0 8.0 0.0580008 -0.0
3.0 8.0 0.063624 -0.994959
3.0 8.0 0.0661083 -0.0
3.0 8.0 0.0629208 -0.0
3.0 8.0 0.0700176 -0.994959
3.0 8.0 0.0663034 -0.994959
3.0 8.0 0.0773427 -0.0
3.0 8.0 0.0626225 -0.0
3.0 8.0 0.101009 -0.0
3.0 8.0 0.0635984 -0.0
3.0 8.0 0.0622947 -0.0
3.0 8.0 0.0991723 -0.994959
3.0 8.0 0.0661326 -0.0
3.0 8.0 0.0612917 -0.0
3.0 8.0 0.0964228 -0.0
3.0 8.0 0.0631033 -0.994959
3.0 8.0 0.0655382 -0.994959
3.0 8.0 0.0657769 -1.98992
3.0 8.0 0.0655231 -0.0
3.0 8.0 0.0596663 -0.0
3.0 8.0 0.0610143 -0.994959
3.0 9.0 0.0641118 -0.0
3.0 9.0 0.0658861 -0.0
3.0 9.0 0.0687761 -0.0
3.0 9.0 0.0659814 -0.0
3.0 9.0 0.0628508 -0.994959
3.0 9.0 0.0669481 -0.0
3.0 9.0 0.0703372 -0.0
3.0 9.0 0.0696974 -0.0
3.0 9.0 0.0659454 -0.994959
3.0 9.0 0.0614903 -0.994959
3.0 9.0 0.0776905 -0.0
3.0 9.0 0.0697299 -0.0
3.0 9.0 0.0655167 -0.0
3.0 9.0 0.0766965 -0.0
3.0 9.0 0.0668114 -0.0
3.0 9.0 0.0622863 -0.994959
3.0 9.0 0.0625695 -0.0
3.0 9.0 0.0696234 -0.994959
3.0 9.0 0.0763278 -1.98992
3.0 9.0 0.0699631 -0.0
3.0 9.0 0.0780698 -0.0
3.0 9.0 0.0637272 -0.994959
3.0 9.0 0.0676669 -0.0
3.0 9.0 0.0630712 -0.0
3.0 9.0 0.0618067 -0.0
3.0 9.0 0.0702967 -0.994959
3.0 9.0 0.0674577 -0.994959
3.0 9.0 0.0655134 -0.994959
3.0 9.0 0.0606348 -0.994959
3.0 9.0 0.0713391 -0.994959
3.0 9.0 0.0701516 -0.0
3.0 9.0 0.0621549 -0.994959
3.0 9.0 0.068072 -0.0
3.0 9.0 0.0723303 -3.97983
3.0 9.0 0.0665123 -0.0
3.0 9.0 0.0698629 -0.0
3.0 9.0 0.0692749 -0.994959
3.0 9.0 0.0655673 -0.0
3.0 9.0 0.0733103 -0.994959
3.0 9.0 0.0650977 -0.994959
3.0 9.0 0.062107 -0.0
3.0 9.0 0.0724012 -0.994959
3.0 9.0 0.0616733 -0.0
3.0 9.0 0.0634381 -0.0
3.0 9.0 0.0702713 -0.0
3.0 9.0 0.07984 -0.994959
3.0 9.0 0.0622628 -0.0
3.0 9.0 0.0715574 -1.98992
3.0 9.0 0.0600908 -0.994959
3.0 9.0 0.0697198 -0.994959
4.0 1.0 0.296724 99.9851
4.0 1.0 0.332538 99.9951
4.0 1.0 0.303954 99.9859
4.0 1.0 0.338726 99.9662
4.0 1.0 0.349063 99.9879
4.0 1.0 0.32598 99.9709
4.0 1.0 0.304299 99.9762
4.0 1.0 0.325054 99.9804
4.0 1.0 0.319738 99.9851
4.0 1.0 0.330369 99.9851
4.0 1.0 0.341839 99.9851
4.0 1.0 0.32619 99.9762
4.0 1.0 0.369999 99.9851
4.0 1.0 0.327255 99.9936
4.0 1.0 0.340729 99.9976
4.0 1.0 0.328826 99.9851
4.0 1.0 0.355784 99.9761
4.0 1.0 0.288617 99.9633
4.0 1.0 0.301558 99.9448
4.0 1.0 0.323371 99.9877
4.0 1.0 0.332203 99.9967
4.0 1.0 0.351877 99.9851
4.0 1.0 0.318548 99.9946
4.0 1.0 0.340815 99.9839
4.0 1.0 0.383019 99.9752
4.0 1.0 0.332069 99.9851
4.0 1.0 0.396662 99.9982
4.0 1.0 0.314348 99.9851
4.0 1.0 0.335358 99.9851
4.0 1.0 0.303688 99.9633
4.0 1.0 0.32123 99.9699
4.0 1.0 0.338576 99.9249
4.0 1.0 0.311388 99.9852
4.0 1.0 0.299119 99.9885
4.0 1.0 0.32952 99.9774
4.0 1.0 0.33107 99.9929
4.0 1.0 0.306346 99.9933
4.0 1.0 0.287428 99.9658
4.0 1.0 0.315337 99.9991
4.0 1.0 0.338704 99.995
4.0 1.0 0.296863 99.9905
4.0 1.0 0.337127 99.9838
4.0 1.0 0.298846 99.9953
4.0 1.0 0.287781 99.9633
4.0 1.0 0.336365 99.9515
4.0 1.0 0.304201 99.9852
4.0 1.0 0.364943 99.9871
4.0 1.0 0.333815 99.9566
4.0 1.0 0.323536 99.9996
4.0 1.0 0.327617 99.9694
4.0 2.0 0.164202 99.9625
4.0 2.0 0.191307 99.9762
4.0 2.0 0.192967 99.9633
4.0 2.0 0.186395 99.9454
4.0 2.0 0.215522 99.9887
4.0 2.0 0.174653 99.9728
4.0 2.0 0.186884 99.9752
4.0 2.0 0.183402 99.9762
4.0 2.0 0.174373 99.9515
4.0 2.0 0.19285 99.9633
4.0 2.0 0.16584 99.9362
4.0 2.0 0.181767 99.9644
4.0 2.0 0.173083 99.9801
4.0 2.0 0.185095 99.9742
4.0 2.0 0.165198 99.9704
4.0 2.0 0.174429 99.9752
4.0 2.0 0.212839 99.9863
4.0 2.0 0.17064 99.9352
4.0 2.0 0.181566 99.9762
4.0 2.0 0.180583 99.9848
4.0 2.0 0.184558 99.9515
4.0 2.0 0.187336 99.974
4.0 2.0 0.179561 99.9822
4.0 2.0 0.180529 99.9758
4.0 2.0 0.184674 99.9217
4.0 2.0 0.167911 99.907
4.0 2.0 0.181871 99.9846
4.0 2.0 0.170918 99.9325
4.0 2.0 0.169927 99.9156
4.0 2.0 0.188459 99.9937
4.0 2.0 0.185946 99.9585
4.0 2.0 0.184485 99.9575
4.0 2.0 0.193768 99.9752
4.0 2.0 0.186359 99.9378
4.0 2.0 0.181401 99.9683
4.0 2.0 0.182729 99.9546
4.0 2.0 0.174819 99.9906
4.0 2.0 0.186894 99.9752
4.0 2.0 0.196903 99.9515
4.0 2.0 0.18278 99.9649
4.0 2.0 0.17356 99.9149
4.0 2.0 0.161999 99.9731
4.0 2.0 0.184334 99.9736
4.0 2.0 0.189747 99.96
4.0 2.0 0.177077 99.9894
4.0 2.0 0.170789 99.9796
4.0 2.0 0.182999 99.9262
4.0 2.0 0.182981 99.9925
4.0 2.0 0.179215 99.9289
4.0 2.0 0.169165 99.923
4.0 3.0 0.133021 99.9546
4.0 3.0 0.129006 99.9515
4.0 3.0 0.13978 99.9104
4.0 3.0 0.127809 99.969
4.0 3.0 0.12851 99.9771
4.0 3.0 0.134842 99.9694
4.0 3.0 0.129877 99.9878
4.0 3.0 0.124118 99.9537
4.0 3.0 0.121996 99.8962
4.0 3.0 0.127372 99.9714
4.0 3.0 0.145687 99.9984
4.0 3.0 0.132789 99.9823
4.0 3.0 0.135342 99.9515
4.0 3.0 0.132955 99.9995
4.0 3.0 0.119698 99.9546
4.0 3.0 0.13263 99.9287
4.0 3.0 0.131738 99.9211
4.0 3.0 0.130714 99.9971
4.0 3.0 0.135942 99.9546
4.0 3.0 0.131683 99.8965
4.0 3.0 0.128064 99.9893
4.0 3.0 0.131505 99.9546
4.0 3.0 0.129435 99.9865
4.0 3.0 0.13918 99.9378
4.0 3.0 0.134843 99.968
4.0 3.0 0.118205 99.9986
4.0 3.0 0.127881 99.9658
4.0 3.0 0.128128 99.9674
4.0 3.0 0.126952 99.9551
4.0 3.0 0.133328 99.9762
4.0 3.0 0.129764 99.9805
4.0 3.0 0.132665 99.9532
4.0 3.0 0.127964 99.9888
4.0 3.0 0.131073 99.9938
4.0 3.0 0.135552 99.9752
4.0 3.0 0.141353 99.9554
4.0 3.0 0.131046 99.9592
4.0 3.0 0.126302 99.9546
4.0 3.0 0.132563 99.9931
4.0 3.0 0.129587 99.9855
4.0 3.0 0.126177 99.9579
4.0 3.0 0.13252 99.9463
4.0 3.0 0.125167 99.9857
4.0 3.0 0.12736 99.9752
4.0 3.0 0.127745 99.9295
4.0 3.0 0.130024 99.9762
4.0 3.0 0.129565 99.9764
4.0 3.0 0.136983 99.899
4.0 3.0 0.137315 99.9532
4.0 3.0 0.137202 99.9762
4.0 4.0 0.105413 99.9843
4.0 4.0 0.103388 99.9952
4.0 4.0 0.102617 99.9618
4.0 4.0 0.107174 99.9563
4.0 4.0 0.108368 99.8471
4.0 4.0 0.0999208 99.8628
4.0 4.0 0.104093 99.9912
4.0 4.0 0.108968 99.9687
4.0 4.0 0.103738 99.9795
4.0 4.0 0.104038 99.9124
4.0 4.0 0.104951 99.9752
4.0 4.0 0.100437 99.9962
4.0 4.0 0.103857 99.9455
4.0 4.0 0.103395 99.9582
4.0 4.0 0.104321 99.9957
4.0 4.0 0.103443 99.9545
4.0 4.0 0.11032 99.9752
4.0 4.0 0.10376 99.9381
4.0 4.0 0.106984 99.9515
4.0 4.0 0.103245 99.9487
4.0 4.0 0.101422 99.9626
4.0 4.0 0.0982267 99.8996
4.0 4.0 0.0993517 99.9182
4.0 4.0 0.104405 99.9752
4.0 4.0 0.104979 99.9762
4.0 4.0 0.103846 99.924
4.0 4.0 0.104387 99.9156
4.0 4.0 0.102769 99.9823
4.0 4.0 0.104487 99.9515
4.0 4.0 0.105977 99.9798
4.0 4.0 0.100835 99.9931
4.0 4.0 0.104461 99.9932
4.0 4.0 0.104789 99.9901
4.0 4.0 0.100731 99.9886
4.0 4.0 0.100284 99.9584
4.0 4.0 0.110307 99.9515
4.0 4.0 0.105181 99.9752
4.0 4.0 0.106951 99.9762
4.0 4.0 0.103929 99.9493
4.0 4.0 0.103481 99.8805
4.0 4.0 0.10006 99.9752
4.0 4.0 0.10334 99.9748
4.0 4.0 0.102747 99.9817
4.0 4.0 0.105961 99.9975
4.0 4.0 0.101172 99.9029
4.0 4.0 0.10039 99.9464
4.0 4.0 0.10385 99.9515
4.0 4.0 0.107232 99.9982
4.0 4.0 0.0966752 99.9318
4.0 4.0 0.103549 99.9823
4.0 5.0 0.183534 99.9515
4.0 5.0 0.171008 99.9582
4.0 5.0 0.163508 99.9871
4.0 5.0 0.179082 99.836
4.0 5.0 0.167778 99.8628
4.0 5.0 0.182589 99.9515
4.0 5.0 0.177966 99.9777
4.0 5.0 0.181467 99.9752
4.0 5.0 0.19245 99.9762
4.0 5.0 0.177204 99.8959
4.0 5.0 0.191608 99.966
4.0 5.0 0.166986 99.8807
4.0 5.0 0.176176 99.9227
4.0 5.0 0.170622 99.9515
4.0 5.0 0.183443 99.9421
4.0 5.0 0.16671 99.9539
4.0 5.0 0.179182 99.9551
4.0 5.0 0.167398 99.991
4.0 5.0 0.166105 99.8613
4.0 5.0 0.166666 99.9546
4.0 5.0 0.182744 99.9517
4.0 5.0 0.178952 99.9773
4.0 5.0 0.179729 99.9098
4.0 5.0 0.164942 99.9752
4.0 5.0 0.167662 99.9515
4.0 5.0 0.169346 99.9387
4.0 5.0 0.164491 99.8652
4.0 5.0 0.168445 99.9584
4.0 5.0 0.184766 99.9821
4.0 5.0 0.184553 99.9304
4.0 5.0 0.168246 99.8821
4.0 5.0 0.168504 99.9812
4.0 5.0 0.170789 99.984
4.0 5.0 0.177211 99.9782
4.0 5.0 0.175721 99.9834
4.0 5.0 0.187281 99.9964
4.0 5.0 0.185089 99.9546
4.0 5.0 0.167557 99.9752
4.0 5.0 0.15749 99.924
4.0 5.0 0.171793 99.989
4.0 5.0 0.167676 99.9435
4.0 5.0 0.181587 99.9839
4.0 5.0 0.167524 99.9156
4.0 5.0 0.167446 99.992
4.0 5.0 0.173805 99.94
4.0 5.0 0.182244 99.9752
4.0 5.0 0.174925 99.9277
4.0 5.0 0.179853 99.9843
4.0 5.0 0.177667 99.9528
4.0 5.0 0.166835 99.9762
4.0 6.0 0.16432 99.9762
4.0 6.0 0.165667 99.9744
4.0 6.0 0.170599 99.9077
4.0 6.0 0.161469 99.9896
4.0 6.0 0.162608 99.924
4.0 6.0 0.153684 99.9546
4.0 6.0 0.152219 99.9825
4.0 6.0 0.164501 99.9776
4.0 6.0 0.163536 99.9546
4.0 6.0 0.155994 99.9294
4.0 6.0 0.174214 99.8433
4.0 6.0 0.152369 99.8862
4.0 6.0 0.168217 99.975
4.0 6.0 0.166801 99.9642
4.0 6.0 0.174381 99.956
4.0 6.0 0.158795 99.8833
4.0 6.0 0.1691 99.9796
4.0 6.0 0.155351 99.9972
4.0 6.0 0.151346 99.9377
4.0 6.0 0.158724 99.9419
4.0 6.0 0.152777 99.9546
4.0 6.0 0.159952 99.9226
4.0 6.0 0.16471 99.9636
4.0 6.0 0.164317 99.9734
4.0 6.0 0.163805 99.936
4.0 6.0 0.165312 99.9546
4.0 6.0 0.158141 99.9242
4.0 6.0 0.165565 99.9403
4.0 6.0 0.169583 99.9961
4.0 6.0 0.152881 99.9762
4.0 6.0 0.168918 99.9546
4.0 6.0 0.168376 99.969
4.0 6.0 0.148906 99.9752
4.0 6.0 0.16775 99.8613
4.0 6.0 0.170656 99.9752
4.0 6.0 0.168219 99.9142
4.0 6.0 0.157517 99.9533
4.0 6.0 0.153445 99.9762
4.0 6.0 0.171292 99.9156
4.0 6.0 0.149891 99.924
4.0 6.0 0.337598 99.9901
4.0 6.0 0.15445 99.9762
4.0 6.0 0.168972 99.9127
4.0 6.0 0.152822 99.7982
4.0 6.0 0.153534 99.9957
4.0 6.0 0.149508 99.9958
4.0 6.0 0.175744 99.9678
4.0 6.0 0.15738 99.8477
4.0 6.0 0.163024 99.9548
4.0 6.0 0.177336 99.9768
4.0 7.0 0.149541 99.7968
4.0 7.0 0.157188 99.9973
4.0 7.0 0.558876 99.9569
4.0 7.0 0.146177 99.8502
4.0 7.0 0.145073 99.9714
4.0 7.0 0.149887 99.9521
4.0 7.0 0.141255 99.9475
4.0 7.0 0.575721 99.9546
4.0 7.0 0.156015 99.985
4.0 7.0 0.155767 99.9971
4.0 7.0 0.150959 99.9621
4.0 7.0 0.139744 99.9675
4.0 7.0 0.156613 99.924
4.0 7.0 0.152873 99.9775
4.0 7.0 0.167933 99.9762
4.0 7.0 0.145912 99.9762
4.0 7.0 0.148138 99.8143
4.0 7.0 0.145661 99.9546
4.0 7.0 0.143503 99.9515
4.0 7.0 0.145185 99.958
4.0 7.0 0.575366 99.9696
4.0 7.0 0.73847 99.9752
4.0 7.0 0.160663 99.979
4.0 7.0 0.171839 99.9515
4.0 7.0 0.143738 99.9546
4.0 7.0 0.152071 99.9515
4.0 7.0 0.143572 99.9546
4.0 7.0 0.145388 99.924
4.0 7.0 0.14597 99.9515
4.0 7.0 0.146339 99.8628
4.0 7.0 0.639867 99.8927
4.0 7.0 0.155529 99.9515
4.0 7.0 0.175746 99.9643
4.0 7.0 0.141963 99.8421
4.0 7.0 0.715589 99.8613
4.0 7.0 0.142305 99.8964
4.0 7.0 0.145285 99.8894
4.0 7.0 0.14355 99.9864
4.0 7.0 0.148365 99.9362
4.0 7.0 0.141171 99.924
4.0 7.0 0.155449 99.8613
4.0 7.0 0.15983 99.9156
4.0 7.0 0.157312 99.9776
4.0 7.0 0.621463 99.9795
4.0 7.0 0.149124 99.9769
4.0 7.0 0.147194 99.9546
4.0 7.0 0.140684 99.9048
4.0 7.0 0.140043 99.9515
4.0 7.0 0.14585 99.9624
4.0 7.0 0.15189 99.9752
4.0 8.0 0.148469 99.9515
4.0 8.0 0.135369 99.9752
4.0 8.0 0.142143 99.8171
4.0 8.0 0.153348 99.9956
4.0 8.0 0.137228 99.9389
4.0 8.0 0.140843 99.9227
4.0 8.0 0.14887 99.8919
4.0 8.0 0.145448 99.9898
4.0 8.0 0.145249 99.9762
4.0 8.0 0.142019 99.9762
4.0 8.0 0.146288 99.9762
4.0 8.0 0.140256 99.9048
4.0 8.0 0.142339 99.9847
4.0 8.0 0.141584 99.8796
4.0 8.0 0.156349 99.8613
4.0 8.0 0.171661 99.9048
4.0 8.0 0.153282 99.983
4.0 8.0 0.141428 99.9048
4.0 8.0 0.143948 99.9768
4.0 8.0 0.146131 99.936
4.0 8.0 0.138357 99.7771
4.0 8.0 0.157812 99.9711
4.0 8.0 0.157839 99.9697
4.0 8.0 0.131118 99.8791
4.0 8.0 0.141957 99.9546
4.0 8.0 0.143222 99.9908
4.0 8.0 0.139714 99.9762
4.0 8.0 0.141343 99.9007
4.0 8.0 0.153007 99.9965
4.0 8.0 0.140517 99.9851
4.0 8.0 0.138733 99.9682
4.0 8.0 0.129413 99.8354
4.0 8.0 0.141216 99.9546
4.0 8.0 0.137895 99.973
4.0 8.0 0.17417 99.9515
4.0 8.0 0.142846 99.9935
4.0 8.0 0.150066 99.9978
4.0 8.0 0.148256 99.8776
4.0 8.0 0.133609 99.9075
4.0 8.0 0.141778 99.8479
4.0 8.0 0.142912 99.9737
4.0 8.0 0.149247 99.9234
4.0 8.0 0.142265 99.9661
4.0 8.0 0.146431 99.9188
4.0 8.0 0.146988 99.9515
4.0 8.0 0.129046 99.924
4.0 8.0 0.148732 99.9647
4.0 8.0 0.139712 99.9752
4.0 8.0 0.139032 99.9136
4.0 8.0 0.139032 99.9136
4.0 9.0 0.122849 99.9752
4.0 9.0 0.130469 99.9525
4.0 9.0 0.122968 99.9832
4.0 9.0 0.122968 99.9832
4.0 9.0 0.122968 99.9832
4.0 9.0 0.122968 99.9832
4.0 9.0 0.122968 99.9832
4.0 9.0 0.122968 99.9832
4.0 9.0 0.122968 99.9832
4.0 9.0 0.122968 99.9832
4.0 9.0 0.122968 99.9832
4.0 9.0 0.122968 99.9832
4.0 9.0 0.122968 99.9832
4.0 9.0 0.122968 99.9832
4.0 9.0 0.122968 99.9832
4.0 9.0 0.122968 99.9832
4.0 9.0 0.122968 99.9832
4.0 9.0 0.122968 99.9832
4.0 9.0 0.122968 99.9832
4.0 9.0 0.122968 99.9832
4.0 9.0 0.122968 99.9832
4.0 9.0 0.122968 99.9832
4.0 9.0 0.122968 99.9832
4.0 9.0 0.122968 99.9832
4.0 9.0 0.122968 99.9832
4.0 9.0 0.122968 99.9832
4.0 9.0 0.122968 99.9832
4.0 9.0 0.122968 99.9832
4.0 9.0 0.122968 99.9832
4.0 9.0 0.122968 99.9832
4.0 9.0 0.122968 99.9832
4.0 9.0 0.122968 99.9832
4.0 9.0 0.122968 99.9832
4.0 9.0 0.122968 99.9832
4.0 9.0 0.122968 99.9832
4.0 9.0 0.122968 99.9832
4.0 9.0 0.122968 99.9832
4.0 9.0 0.122968 99.9832
4.0 9.0 0.122968 99.9832
4.0 9.0 0.122968 99.9832
4.0 9.0 0.122968 99.9832
4.0 9.0 0.122968 99.9832
4.0 9.0 0.122968 99.9832
4.0 9.0 0.122968 99.9832
4.0 9.0 0.122968 99.9832
4.0 9.0 0.122968 99.9832
4.0 9.0 0.122968 99.9832
4.0 9.0 0.122968 99.9832
4.0 9.0 0.122968 99.9832
4.0 9.0 0.122968 99.9832
5.0 1.0 55.4378 -21.0462
5.0 1.0 55.1805 -20.9406
5.0 1.0 55.3446 -20.9406
5.0 1.0 55.7995 -20.797
5.0 1.0 55.5725 -20.9406
5.0 1.0 55.4083 -20.9406
5.0 1.0 55.5423 -20.797
5.0 1.0 55.1482 -20.9406
5.0 1.0 55.3912 -20.797
5.0 1.0 55.4776 -21.0462
5.0 1.0 55.4263 -20.797
5.0 1.0 55.1846 -20.9406
5.0 1.0 55.0268 -20.9406
5.0 1.0 55.2165 -20.9406
5.0 1.0 55.6491 -20.797
5.0 1.0 55.3483 -21.0462
5.0 1.0 55.1196 -21.0462
5.0 1.0 55.1537 -20.9406
5.0 1.0 55.5947 -20.9406
5.0 1.0 54.9736 -20.9406
5.0 1.0 55.3821 -20.9406
5.0 1.0 55.7255 -20.797
5.0 1.0 55.1521 -21.0462
5.0 1.0 55.4604 -20.8181
5.0 1.0 55.5015 -21.0462
5.0 1.0 55.1832 -20.9406
5.0 1.0 55.4222 -20.9406
5.0 1.0 55.4861 -20.797
5.0 1.0 55.3702 -20.9406
5.0 1.0 55.4147 -20.9406
5.0 1.0 55.5157 -20.9406
5.0 1.0 55.2007 -21.0462
5.0 1.0 55.075 -20.9406
5.0 1.0 55.3849 -20.9406
5.0 1.0 55.507 -20.9406
5.0 1.0 55.3045 -20.9406
5.0 1.0 55.1318 -20.9406
5.0 1.0 55.1401 -20.9406
5.0 1.0 55.5191 -20.9406
5.0 1.0 55.4605 -20.9406
5.0 1.0 55.2244 -20.9406
5.0 1.0 55.484 -20.797
5.0 1.0 55.0267 -20.9406
5.0 1.0 55.2128 -20.9406
5.0 1.0 55.4894 -20.9406
5.0 1.0 55.0174 -20.9406
5.0 1.0 55.9333 -21.0462
5.0 1.0 55.5481 -20.9406
5.0 1.0 55.2073 -20.9406
5.0 1.0 55.3127 -20.9406
5.0 2.0 27.5055 -20.9406
5.0 2.0 27.5552 -20.9406
5.0 2.0 27.904 -20.9406
5.0 2.0 27.5682 -21.0462
5.0 2.0 27.5196 -20.9406
5.0 2.0 27.8609 -20.9406
5.0 2.0 27.8172 -20.9406
5.0 2.0 27.903 -20.8265
5.0 2.0 27.8584 -20.9406
5.0 2.0 27.806 -20.9406
5.0 2.0 27.8664 -20.9406
5.0 2.0 27.87 -20.9406
5.0 2.0 27.7038 -20.7993
5.0 2.0 27.8389 -20.9406
5.0 2.0 27.8116 -21.0462
5.0 2.0 27.6151 -21.0462
5.0 2.0 27.5734 -20.9406
5.0 2.0 27.5879 -21.0462
5.0 2.0 27.5454 -21.0462
5.0 2.0 27.6934 -20.9406
5.0 2.0 27.9427 -20.9406
5.0 2.0 27.8871 -20.9406
5.0 2.0 27.8378 -21.0462
5.0 2.0 27.7971 -20.9406
5.0 2.0 28.0883 -20.7971
5.0 2.0 27.7185 -20.9406
5.0 2.0 27.7873 -21.0462
5.0 2.0 27.5339 -21.0462
5.0 2.0 27.9467 -20.797
5.0 2.0 28.1122 -20.9406
5.0 2.0 27.5378 -20.9406
5.0 2.0 27.5915 -21.0462
5.0 2.0 29.2947 -20.9406
5.0 2.0 27.686 -20.797
5.0 2.0 27.5477 -20.9406
5.0 2.0 28.0612 -20.9406
5.0 2.0 27.7337 -20.797
5.0 2.0 27.9629 -20.9406
5.0 2.0 27.8018 -21.0462
5.0 2.0 27.6422 -20.9406
5.0 2.0 27.873 -20.9406
5.0 2.0 27.8538 -21.0462
5.0 2.0 28.1532 -20.797
5.0 2.0 27.5856 -21.0462
5.0 2.0 28.0675 -21.0462
5.0 2.0 27.5805 -20.9406
5.0 2.0 27.8706 -20.9406
5.0 2.0 27.5641 -20.9406
5.0 2.0 27.9498 -21.0462
5.0 2.0 27.524 -20.9406
5.0 3.0 19.1476 -20.797
5.0 3.0 18.853 -21.0462
5.0 3.0 18.9104 -21.0462
5.0 3.0 18.8883 -21.0462
5.0 3.0 19.1677 -20.797
5.0 3.0 18.8233 -20.9406
5.0 3.0 20.6368 -20.9406
5.0 3.0 19.1148 -20.8003
5.0 3.0 18.8322 -21.0462
5.0 3.0 18.7951 -20.9406
5.0 3.0 20.6049 -21.0462
5.0 3.0 19.7462 -21.0462
5.0 3.0 18.8029 -20.9406
5.0 3.0 18.8806 -20.9406
5.0 3.0 18.8546 -21.0462
5.0 3.0 18.8532 -21.0462
5.0 3.0 18.8368 -20.9406
5.0 3.0 18.8331 -20.9406
5.0 3.0 20.6308 -20.9406
5.0 3.0 18.9184 -20.9406
5.0 3.0 18.8177 -20.9406
5.0 3.0 18.8239 -21.0462
5.0 3.0 18.8223 -20.9406
5.0 3.0 18.9124 -20.9406
5.0 3.0 18.7994 -21.0462
5.0 3.0 18.9112 -20.9406
5.0 3.0 18.8178 -21.0462
5.0 3.0 19.0644 -20.797
5.0 3.0 18.9802 -20.797
5.0 3.0 18.8653 -20.9406
5.0 3.0 18.861 -20.9406
5.0 3.0 18.8263 -20.9406
5.0 3.0 18.8188 -21.0462
5.0 3.0 18.8947 -21.0462
5.0 3.0 18.8913 -21.0462
5.0 3.0 18.8908 -21.0462
5.0 3.0 18.7071 -21.0462
5.0 3.0 20.5041 -21.0462
5.0 3.0 19.1558 -20.797
5.0 3.0 18.8466 -20.9406
5.0 3.0 18.8074 -21.0462
5.0 3.0 18.8698 -21.0462
5.0 3.0 18.8334 -20.9406
5.0 3.0 18.9098 -21.0462
5.0 3.0 18.8472 -21.0462
5.0 3.0 18.6999 -21.0462
5.0 3.0 19.1539 -20.797
5.0 3.0 18.8157 -21.0462
5.0 3.0 18.8189 -20.9406
5.0 3.0 18.7863 -20.9406
5.0 4.0 14.0542 -20.9406
5.0 4.0 13.9753 -20.797
5.0 4.0 13.853 -20.9406
5.0 4.0 13.8618 -20.9406
5.0 4.0 14.0435 -20.797
5.0 4.0 13.8462 -21.0462
5.0 4.0 13.852 -20.9406
5.0 4.0 13.8527 -21.0462
5.0 4.0 13.829 -21.0462
5.0 4.0 13.8499 -20.9406
5.0 4.0 13.9758 -21.0462
5.0 4.0 14.0564 -21.0462
5.0 4.0 13.9811 -20.8265
5.0 4.0 13.9522 -21.0462
5.0 4.0 13.8503 -20.9406
5.0 4.0 13.9703 -21.0462
5.0 4.0 14.0717 -20.9406
5.0 4.0 14.1156 -21.0462
5.0 4.0 14.1167 -20.9406
5.0 4.0 13.9467 -20.9406
5.0 4.0 13.8344 -21.0462
5.0 4.0 13.8588 -21.0462
5.0 4.0 14.0834 -20.8175
5.0 4.0 13.8542 -20.9406
5.0 4.0 13.947 -20.9406
5.0 4.0 13.9894 -21.0462
5.0 4.0 13.9661 -21.0462
5.0 4.0 13.9899 -20.797
5.0 4.0 14.1111 -20.797
5.0 4.0 13.8581 -20.9406
5.0 4.0 14.1104 -20.797
5.0 4.0 13.8493 -21.0462
5.0 4.0 14.0743 -20.7979
5.0 4.0 13.897 -20.9406
5.0 4.0 13.8629 -21.0462
5.0 4.0 13.8375 -21.0462
5.0 4.0 13.8651 -21.0462
5.0 4.0 13.8672 -20.9406
5.0 4.0 13.8585 -20.9406
5.0 4.0 13.8524 -20.9406
5.0 4.0 13.859 -21.0462
5.0 4.0 14.1216 -20.9406
5.0 4.0 14.1202 -21.0462
5.0 4.0 14.0917 -20.9406
5.0 4.0 14.1089 -20.9406
5.0 4.0 13.8594 -21.0462
5.0 4.0 14.038 -21.0462
5.0 4.0 14.0472 -20.797
5.0 4.0 14.0692 -21.0462
5.0 4.0 13.8453 -20.9406
5.0 5.0 11.2652 -21.0462
5.0 5.0 11.1943 -20.9406
5.0 5.0 12.3455 -20.9406
5.0 5.0 12.3891 -21.0462
5.0 5.0 12.4675 -21.0462
5.0 5.0 11.2404 -20.9406
5.0 5.0 12.3317 -20.9406
5.0 5.0 11.4966 -20.8265
5.0 5.0 12.3051 -20.9406
5.0 5.0 11.1814 -21.1628
5.0 5.0 11.2598 -20.9406
5.0 5.0 12.3439 -20.9406
5.0 5.0 12.1892 -20.9406
5.0 5.0 12.3195 -20.9406
5.0 5.0 12.2966 -21.0462
5.0 5.0 12.4573 -20.9406
5.0 5.0 12.3238 -20.797
5.0 5.0 12.1352 -21.1828
5.0 5.0 12.0563 -20.797
5.0 5.0 12.3145 -21.1628
5.0 5.0 12.2854 -20.9406
5.0 5.0 12.3571 -21.2268
5.0 5.0 12.3719 -20.9406
5.0 5.0 12.4496 -21.0462
5.0 5.0 12.3742 -20.9406
5.0 5.0 12.2167 -20.9406
5.0 5.0 11.2894 -21.0462
5.0 5.0 12.4377 -21.0462
5.0 5.0 11.255 -21.0462
5.0 5.0 12.5161 -20.8265
5.0 5.0 12.3304 -21.0462
5.0 5.0 11.5879 -20.9406
5.0 5.0 11.2887 -21.0462
5.0 5.0 12.3984 -20.9406
5.0 5.0 11.2926 -21.0462
5.0 5.0 12.198 -21.1628
5.0 5.0 12.151 -20.9406
5.0 5.0 11.1237 -21.0462
5.0 5.0 12.1059 -20.7991
5.0 5.0 12.2007 -20.9406
5.0 5.0 11.2988 -21.0462
5.0 5.0 12.2586 -21.0462
5.0 5.0 12.135 -20.9406
5.0 5.0 12.3337 -21.0462
5.0 5.0 12.3588 -20.797
5.0 5.0 12.2248 -21.0462
5.0 5.0 12.4309 -21.0462
5.0 5.0 12.4236 -20.9406
5.0 5.0 12.3353 -20.9406
5.0 5.0 11.2503 -21.0462
5.0 6.0 11.9598 -20.797
5.0 6.0 11.1287 -20.9406
5.0 6.0 11.1669 -20.9406
5.0 6.0 12.0413 -20.9406
5.0 6.0 11.1678 -20.9406
5.0 6.0 12.0345 -20.797
5.0 6.0 11.1568 -20.9406
5.0 6.0 11.9728 -21.0462
5.0 6.0 11.1297 -21.0462
5.0 6.0 11.3639 -20.797
5.0 6.0 11.1313 -21.0462
5.0 6.0 11.9221 -21.0462
5.0 6.0 11.8626 -20.9406
5.0 6.0 11.9525 -21.0462
5.0 6.0 11.9922 -21.0462
5.0 6.0 11.271 -20.797
5.0 6.0 11.1564 -21.0462
5.0 6.0 11.9109 -21.0462
5.0 6.0 11.8231 -20.9406
5.0 6.0 11.2687 -20.9406
5.0 6.0 11.1646 -21.0462
5.0 6.0 11.1265 -20.9406
5.0 6.0 11.0681 -20.9406
5.0 6.0 12.2628 -21.0462
5.0 6.0 12.1979 -21.0462
5.0 6.0 12.0438 -21.0462
5.0 6.0 11.8525 -21.0462
5.0 6.0 11.9995 -20.9406
5.0 6.0 12.0369 -21.0462
5.0 6.0 11.2128 -20.797
5.0 6.0 11.8892 -20.9406
5.0 6.0 11.8901 -21.0462
5.0 6.0 11.8812 -20.9406
5.0 6.0 11.2726 -20.797
5.0 6.0 12.1652 -20.9406
5.0 6.0 11.1195 -21.0462
5.0 6.0 11.9725 -20.9406
5.0 6.0 11.7182 -21.0462
5.0 6.0 12.1479 -20.9406
5.0 6.0 12.4216 -21.0462
5.0 6.0 11.1557 -20.9406
5.0 6.0 11.9974 -20.8265
5.0 6.0 11.9141 -21.0462
5.0 6.0 11.9244 -21.0462
5.0 6.0 11.1492 -21.0462
5.0 6.0 11.8236 -20.9406
5.0 6.0 11.1636 -20.9406
5.0 6.0 12.0687 -21.0462
5.0 6.0 11.1573 -20.9406
5.0 6.0 12.1238 -20.797
5.0 7.0 9.19391 -21.1828
5.0 7.0 10.011 -21.0462
5.0 7.0 10.1658 -20.8265
5.0 7.0 10.1352 -20.797
5.0 7.0 9.79545 -20.9406
5.0 7.0 8.92999 -21.0462
5.0 7.0 8.9217 -21.0462
5.0 7.0 10.0148 -20.9406
5.0 7.0 10.0325 -21.1628
5.0 7.0 9.13774 -21.1628
5.0 7.0 10.0844 -21.0462
5.0 7.0 8.94288 -21.0462
5.0 7.0 9.9772 -21.0462
5.0 7.0 9.74282 -20.9406
5.0 7.0 10.0244 -20.9406
5.0 7.0 10.046 -21.0462
5.0 7.0 9.39716 -20.797
5.0 7.0 8.93543 -20.9406
5.0 7.0 9.78215 -20.9406
5.0 7.0 10.0451 -20.9406
5.0 7.0 9.74068 -20.9406
5.0 7.0 9.77551 -21.0462
5.0 7.0 9.71192 -20.9406
5.0 7.0 10.2374 -20.7985
5.0 7.0 9.54241 -20.9406
5.0 7.0 9.12174 -20.9406
5.0 7.0 10.0187 -21.0462
5.0 7.0 10.0292 -20.9406
5.0 7.0 10.092 -20.9406
5.0 7.0 9.95406 -20.9406
5.0 7.0 10.0771 -21.0462
5.0 7.0 9.71905 -20.8125
5.0 7.0 10.2397 -20.7983
5.0 7.0 9.24051 -20.9406
5.0 7.0 9.63 -20.9406
5.0 7.0 10.1694 -20.8265
5.0 7.0 9.94811 -20.797
5.0 7.0 10.0768 -20.9406
5.0 7.0 10.0496 -20.9406
5.0 7.0 10.0478 -21.0462
5.0 7.0 9.17802 -21.0462
5.0 7.0 8.9524 -21.0462
5.0 7.0 10.0027 -21.0462
5.0 7.0 8.91007 -21.1828
5.0 7.0 10.0427 -21.0462
5.0 7.0 8.90596 -20.9406
5.0 7.0 9.76771 -21.2268
5.0 7.0 9.17904 -21.0462
5.0 7.0 9.45641 -20.7985
5.0 7.0 10.1741 -20.7973
5.0 8.0 9.76425 -21.1628
5.0 8.0 9.05164 -21.0462
5.0 8.0 9.52803 -20.9406
5.0 8.0 9.9565 -21.0462
5.0 8.0 9.79259 -21.0462
5.0 8.0 9.72811 -20.797
5.0 8.0 9.02662 -21.0462
5.0 8.0 9.64523 -21.0462
5.0 8.0 9.90828 -20.7985
5.0 8.0 9.75631 -20.9406
5.0 8.0 8.94097 -21.1628
5.0 8.0 9.96664 -21.0462
5.0 8.0 9.02314 -20.9406
5.0 8.0 9.17212 -21.1628
5.0 8.0 8.93343 -21.0462
5.0 8.0 9.536 -21.0462
5.0 8.0 9.96369 -21.0462
5.0 8.0 9.57302 -21.0462
5.0 8.0 10.0322 -20.8265
5.0 8.0 9.58195 -21.0462
5.0 8.0 9.96535 -20.797
5.0 8.0 8.94249 -21.0462
5.0 8.0 9.72026 -20.9406
5.0 8.0 10.0858 -20.8265
5.0 8.0 9.5943 -21.0462
5.0 8.0 9.94663 -20.797
5.0 8.0 9.80264 -20.858
5.0 8.0 9.96567 -20.9406
5.0 8.0 9.60497 -20.9406
5.0 8.0 9.76721 -21.0462
5.0 8.0 10.0643 -20.797
5.0 8.0 9.97007 -21.0462
5.0 8.0 9.86556 -21.0462
5.0 8.0 9.65212 -21.0462
5.0 8.0 9.97567 -20.9406
5.0 8.0 9.92285 -20.8265
5.0 8.0 9.67334 -21.1628
5.0 8.0 8.98452 -20.817
5.0 8.0 9.94972 -21.0462
5.0 8.0 9.9413 -20.9406
5.0 8.0 9.63031 -20.9406
5.0 8.0 8.92349 -20.9406
5.0 8.0 10.0392 -20.797
5.0 8.0 9.96104 -20.9406
5.0 8.0 9.09786 -21.0462
5.0 8.0 8.98726 -21.0462
5.0 8.0 9.92022 -21.0462
5.0 8.0 9.68727 -21.0462
5.0 8.0 9.62972 -20.9406
5.0 8.0 9.1302 -20.9406
5.0 8.0 9.1302 -20.9406
5.0 8.0 9.1302 -20.9406
5.0 8.0 9.1302 -20.9406
5.0 8.0 9.1302 -20.9406
5.0 8.0 9.1302 -20.9406
5.0 8.0 9.1302 -20.9406
5.0 8.0 9.1302 -20.9406
5.0 8.0 9.1302 -20.9406
5.0 8.0 9.1302 -20.9406
5.0 8.0 9.1302 -20.9406
5.0 8.0 9.1302 -20.9406
5.0 8.0 9.1302 -20.9406
5.0 8.0 9.1302 -20.9406
5.0 8.0 9.1302 -20.9406
5.0 8.0 9.1302 -20.9406
5.0 8.0 9.1302 -20.9406
5.0 8.0 9.1302 -20.9406
5.0 8.0 9.1302 -20.9406
5.0 8.0 9.1302 -20.9406
5.0 8.0 9.1302 -20.9406
5.0 8.0 9.1302 -20.9406
5.0 8.0 9.1302 -20.9406
5.0 8.0 9.1302 -20.9406
5.0 8.0 9.1302 -20.9406
5.0 8.0 9.1302 -20.9406
5.0 8.0 9.1302 -20.9406
5.0 8.0 9.1302 -20.9406
5.0 8.0 9.1302 -20.9406
5.0 8.0 9.1302 -20.9406
5.0 8.0 9.1302 -20.9406
5.0 8.0 9.1302 -20.9406
5.0 8.0 9.1302 -20.9406
5.0 8.0 9.1302 -20.9406
5.0 8.0 9.1302 -20.9406
5.0 8.0 9.1302 -20.9406
5.0 8.0 9.1302 -20.9406
5.0 8.0 9.1302 -20.9406
5.0 8.0 9.1302 -20.9406
5.0 8.0 9.1302 -20.9406
5.0 8.0 9.1302 -20.9406
5.0 8.0 9.1302 -20.9406
5.0 8.0 9.1302 -20.9406
5.0 8.0 9.1302 -20.9406
5.0 8.0 9.1302 -20.9406
5.0 8.0 9.1302 -20.9406
5.0 8.0 9.1302 -20.9406
5.0 8.0 9.1302 -20.9406
5.0 8.0 9.1302 -20.9406
5.0 8.0 9.1302 -20.9406
5.0 8.0 9.1302 -20.9406
