2.0 2.0 0.100714 2.20941e-14
2.0 2.0 0.103963 4.30012e-15
2.0 2.0 0.103298 2.32659e-15
2.0 2.0 0.0988324 4.30012e-15
2.0 2.0 0.104066 4.30012e-15
2.0 2.0 0.102624 4.30012e-15
2.0 2.0 0.104616 6.60602e-14
2.0 2.0 0.102696 2.32659e-15
2.0 2.0 0.105079 4.30012e-15
2.0 2.0 0.102926 2.32659e-15
2.0 2.0 0.181444 4.30012e-15
2.0 2.0 0.189456 0.0
2.0 2.0 0.103812 2.32659e-15
2.0 2.0 0.173157 0.0
2.0 2.0 0.190008 0.0
2.0 2.0 0.178539 0.0
2.0 2.0 0.188069 4.30012e-15
2.0 2.0 0.101516 8.02859e-15
2.0 2.0 0.102997 4.30012e-15
2.0 2.0 0.102893 4.30012e-15
2.0 2.0 0.183984 0.0
2.0 2.0 0.112209 4.30012e-15
2.0 2.0 0.163764 0.0
2.0 2.0 0.169162 0.0
2.0 2.0 0.16911 0.0
2.0 2.0 0.180336 2.20941e-14
2.0 2.0 0.0990817 4.30012e-15
2.0 2.0 0.176516 2.32659e-15
2.0 2.0 0.179011 0.0
2.0 2.0 0.0987227 2.20941e-14
2.0 2.0 0.106344 4.30012e-15
2.0 2.0 0.177408 0.0
2.0 2.0 0.100128 2.32659e-15
2.0 2.0 0.104718 2.32659e-15
2.0 2.0 0.182405 4.30012e-15
2.0 2.0 0.102717 4.30012e-15
2.0 2.0 0.189943 4.30012e-15
2.0 2.0 0.195244 0.0
2.0 2.0 0.188649 0.0
2.0 2.0 0.169537 4.30012e-15
2.0 2.0 0.103407 2.32659e-15
2.0 2.0 0.174004 0.0
2.0 2.0 0.0980982 4.30012e-15
2.0 2.0 0.102959 4.30012e-15
2.0 2.0 0.103966 4.30012e-15
2.0 2.0 0.188659 4.30012e-15
2.0 2.0 0.1902 2.32659e-15
2.0 2.0 0.102587 4.30012e-15
2.0 2.0 0.103234 6.60602e-14
2.0 2.0 0.171859 0.0
2.0 3.0 0.0754061 2.32659e-15
2.0 3.0 0.128569 0.0
2.0 3.0 0.135455 0.0
2.0 3.0 0.079636 6.60602e-14
2.0 3.0 0.125338 4.30012e-15
2.0 3.0 0.0769839 4.30012e-15
2.0 3.0 0.134611 0.0
2.0 3.0 0.133672 0.0
2.0 3.0 0.0748408 4.30012e-15
2.0 3.0 0.0752006 2.32659e-15
2.0 3.0 0.1247 0.0
2.0 3.0 0.12883 4.30012e-15
2.0 3.0 0.073805 2.20941e-14
2.0 3.0 0.12388 2.20941e-14
2.0 3.0 0.127827 4.30012e-15
2.0 3.0 0.0785603 6.60602e-14
2.0 3.0 0.133445 0.0
2.0 3.0 0.132627 0.0
2.0 3.0 0.128884 2.32659e-15
2.0 3.0 0.139348 4.30012e-15
2.0 3.0 0.0751903 4.30012e-15
2.0 3.0 0.0753996 4.30012e-15
2.0 3.0 0.125934 0.0
2.0 3.0 0.0764646 6.60602e-14
2.0 3.0 0.124459 4.30012e-15
2.0 3.0 0.13036 0.0
2.0 3.0 0.0748667 4.30012e-15
2.0 3.0 0.138421 4.30012e-15
2.0 3.0 0.136505 0.0
2.0 3.0 0.0750985 2.32659e-15
2.0 3.0 0.133442 0.0
2.0 3.0 0.0764246 6.60602e-14
2.0 3.0 0.134676 0.0
2.0 3.0 0.075153 4.30012e-15
2.0 3.0 0.122985 9.34438e-15
2.0 3.0 0.119766 4.30012e-15
2.0 3.0 0.0750771 4.30012e-15
2.0 3.0 0.129217 0.0
2.0 3.0 0.0753082 2.20941e-14
2.0 3.0 0.133716 0.0
2.0 3.0 0.124981 4.30012e-15
2.0 3.0 0.134128 0.0
2.0 3.0 0.140055 0.0
2.0 3.0 0.0760798 2.32659e-15
2.0 3.0 0.0751895 2.20941e-14
2.0 3.0 0.133982 0.0
2.0 3.0 0.0756893 4.30012e-15
2.0 3.0 0.0753307 4.30012e-15
2.0 3.0 0.124678 2.32659e-15
2.0 3.0 0.126522 9.34438e-15
2.0 4.0 0.0570819 2.20941e-14
2.0 4.0 0.0940438 4.30012e-15
2.0 4.0 0.0574821 4.30012e-15
2.0 4.0 0.0999908 0.0
2.0 4.0 0.0997544 4.30012e-15
2.0 4.0 0.0619778 4.30012e-15
2.0 4.0 0.100025 0.0
2.0 4.0 0.0988218 0.0
2.0 4.0 0.100311 4.30012e-15
2.0 4.0 0.0917811 2.20941e-14
2.0 4.0 0.100382 4.30012e-15
2.0 4.0 0.0584925 4.30012e-15
2.0 4.0 0.101377 4.30012e-15
2.0 4.0 0.0994862 4.30012e-15
2.0 4.0 0.101524 0.0
2.0 4.0 0.0592308 4.30012e-15
2.0 4.0 0.0952268 4.30012e-15
2.0 4.0 0.101542 0.0
2.0 4.0 0.100612 0.0
2.0 4.0 0.0572228 9.34438e-15
2.0 4.0 0.100114 2.32659e-15
2.0 4.0 0.0930878 0.0
2.0 4.0 0.0965281 2.20941e-14
2.0 4.0 0.100193 0.0
2.0 4.0 0.0993237 4.30012e-15
2.0 4.0 0.0986832 6.60602e-14
2.0 4.0 0.0986305 4.30012e-15
2.0 4.0 0.0946744 0.0
2.0 4.0 0.0988906 2.32659e-15
2.0 4.0 0.100474 0.0
2.0 4.0 0.0567848 2.32659e-15
2.0 4.0 0.0948469 4.30012e-15
2.0 4.0 0.0985944 4.30012e-15
2.0 4.0 0.0988389 4.30012e-15
2.0 4.0 0.0910125 0.0
2.0 4.0 0.0575754 4.30012e-15
2.0 4.0 0.0937208 4.30012e-15
2.0 4.0 0.0570963 2.32659e-15
2.0 4.0 0.0575994 4.30012e-15
2.0 4.0 0.100345 2.20941e-14
2.0 4.0 0.100266 4.30012e-15
2.0 4.0 0.0993652 0.0
2.0 4.0 0.0986531 4.30012e-15
2.0 4.0 0.0993607 0.0
2.0 4.0 0.099498 9.34438e-15
2.0 4.0 0.0570233 4.30012e-15
2.0 4.0 0.0567498 4.30012e-15
2.0 4.0 0.100721 0.0
2.0 4.0 0.0579799 2.20941e-14
2.0 4.0 0.0901477 0.0
2.0 5.0 0.127566 2.32659e-15
2.0 5.0 0.0552294 4.30012e-15
2.0 5.0 0.0522669 0.0
2.0 5.0 0.0951541 2.32659e-15
2.0 5.0 0.0517062 2.20941e-14
2.0 5.0 0.0626548 4.30012e-15
2.0 5.0 0.0545243 2.20941e-14
2.0 5.0 0.0860342 2.32659e-15
2.0 5.0 0.0535147 4.30012e-15
2.0 5.0 0.0632931 4.30012e-15
2.0 5.0 0.0531759 4.30012e-15
2.0 5.0 0.0533795 0.0
2.0 5.0 0.077833 4.30012e-15
2.0 5.0 0.0878293 2.32659e-15
2.0 5.0 0.0664295 0.0
2.0 5.0 0.0641753 2.32659e-15
2.0 5.0 0.0548959 4.30012e-15
2.0 5.0 0.0605794 2.32659e-15
2.0 5.0 0.0537667 9.34438e-15
2.0 5.0 0.0790184 4.30012e-15
2.0 5.0 0.0636167 4.30012e-15
2.0 5.0 0.054505 0.0
2.0 5.0 0.130725 0.0
2.0 5.0 0.129988 2.32659e-15
2.0 5.0 0.115102 4.30012e-15
2.0 5.0 0.130119 4.30012e-15
2.0 5.0 0.0493267 4.30012e-15
2.0 5.0 0.0849731 2.32659e-15
2.0 5.0 0.0648048 4.30012e-15
2.0 5.0 0.0512208 9.34438e-15
2.0 5.0 0.128022 4.30012e-15
2.0 5.0 0.0509997 9.34438e-15
2.0 5.0 0.0590396 6.60602e-14
2.0 5.0 0.0506642 0.0
2.0 5.0 0.0673604 0.0
2.0 5.0 0.0746968 9.34438e-15
2.0 5.0 0.0482802 4.30012e-15
2.0 5.0 0.118014 2.32659e-15
2.0 5.0 0.0521184 0.0
2.0 5.0 0.0547468 4.30012e-15
2.0 5.0 0.0596266 2.32659e-15
2.0 5.0 0.125113 2.32659e-15
2.0 5.0 0.0646401 0.0
2.0 5.0 0.0992423 6.60602e-14
2.0 5.0 0.12334 2.32659e-15
2.0 5.0 0.064872 4.30012e-15
2.0 5.0 0.125997 0.0
2.0 5.0 0.143862 0.0
2.0 5.0 0.051655 2.32659e-15
2.0 5.0 0.0847415 4.30012e-15
2.0 6.0 0.0645065 4.30012e-15
2.0 6.0 0.0836963 4.30012e-15
2.0 6.0 0.0639451 4.30012e-15
2.0 6.0 0.0757594 2.32659e-15
2.0 6.0 0.13457 0.0
2.0 6.0 0.120153 0.0
2.0 6.0 0.132712 0.0
2.0 6.0 0.100819 4.30012e-15
2.0 6.0 0.0647788 0.0
2.0 6.0 0.0576064 0.0
2.0 6.0 0.0584898 4.30012e-15
2.0 6.0 0.126708 0.0
2.0 6.0 0.0683553 2.99441e-15
2.0 6.0 0.0525229 0.0
2.0 6.0 0.0595778 4.30012e-15
2.0 6.0 0.0762343 4.30012e-15
2.0 6.0 0.0555541 0.0
2.0 6.0 0.0585201 4.30012e-15
2.0 6.0 0.0744897 0.0
2.0 6.0 0.0565731 4.30012e-15
2.0 6.0 0.0615568 4.30012e-15
2.0 6.0 0.0567367 2.32659e-15
2.0 6.0 0.0593799 4.30012e-15
2.0 6.0 0.0815687 4.30012e-15
2.0 6.0 0.0608971 4.30012e-15
2.0 6.0 0.0847398 4.30012e-15
2.0 6.0 0.0699842 4.30012e-15
2.0 6.0 0.0542029 0.0
2.0 6.0 0.0588575 2.32659e-15
2.0 6.0 0.0605184 2.20941e-14
2.0 6.0 0.0573024 6.60602e-14
2.0 6.0 0.0604752 2.20941e-14
2.0 6.0 0.0553601 6.60602e-14
2.0 6.0 0.0495099 2.20941e-14
2.0 6.0 0.056053 4.30012e-15
2.0 6.0 0.0770284 4.30012e-15
2.0 6.0 0.061031 9.34438e-15
2.0 6.0 0.0776455 2.32659e-15
2.0 6.0 0.0546117 4.30012e-15
2.0 6.0 0.060769 2.19795e-13
2.0 6.0 0.0595669 2.32659e-15
2.0 6.0 0.060316 4.30012e-15
2.0 6.0 0.0620126 0.0
2.0 6.0 0.0845692 4.30012e-15
2.0 6.0 0.138971 0.0
2.0 6.0 0.101294 2.20941e-14
2.0 6.0 0.0590398 2.20941e-14
2.0 6.0 0.118996 0.0
2.0 6.0 0.056653 0.0
2.0 6.0 0.0658883 2.20941e-14
2.0 7.0 0.0909637 4.30012e-15
2.0 7.0 0.0481571 0.0
2.0 7.0 0.0505502 4.30012e-15
2.0 7.0 0.0737232 0.0
2.0 7.0 0.0561213 0.0
2.0 7.0 0.0611451 8.02859e-15
2.0 7.0 0.0566798 4.30012e-15
2.0 7.0 0.0608666 0.0
2.0 7.0 0.0711176 4.30012e-15
2.0 7.0 0.0805122 0.0
2.0 7.0 0.0506522 4.30012e-15
2.0 7.0 0.0823341 0.0
2.0 7.0 0.0516735 4.30012e-15
2.0 7.0 0.120614 0.0
2.0 7.0 0.0461278 2.32659e-15
2.0 7.0 0.0752064 4.30012e-15
2.0 7.0 0.0484247 2.20941e-14
2.0 7.0 0.0623089 6.60602e-14
2.0 7.0 0.0469198 0.0
2.0 7.0 0.0612095 4.30012e-15
2.0 7.0 0.0610203 4.30012e-15
2.0 7.0 0.0476148 2.32659e-15
2.0 7.0 0.0741038 0.0
2.0 7.0 0.0491034 4.30012e-15
2.0 7.0 0.0613373 4.30012e-15
2.0 7.0 0.047035 0.0
2.0 7.0 0.064377 6.60602e-14
2.0 7.0 0.0472935 0.0
2.0 7.0 0.0552706 4.30012e-15
2.0 7.0 0.0513757 2.32659e-15
2.0 7.0 0.104332 0.0
2.0 7.0 0.0915884 2.20941e-14
2.0 7.0 0.0730327 4.30012e-15
2.0 7.0 0.0671537 4.30012e-15
2.0 7.0 0.0457734 0.0
2.0 7.0 0.0632899 0.0
2.0 7.0 0.0466468 0.0
2.0 7.0 0.0643641 4.30012e-15
2.0 7.0 0.0911076 2.32659e-15
2.0 7.0 0.0612128 2.32659e-15
2.0 7.0 0.0965125 4.30012e-15
2.0 7.0 0.0601419 4.30012e-15
2.0 7.0 0.0880273 4.30012e-15
2.0 7.0 0.060322 0.0
2.0 7.0 0.0581006 0.0
2.0 7.0 0.0629237 2.20941e-14
2.0 7.0 0.0615291 4.30012e-15
2.0 7.0 0.124359 0.0
2.0 7.0 0.0619844 0.0
2.0 7.0 0.103089 2.20941e-14
2.0 8.0 0.0860216 4.30012e-15
2.0 8.0 0.102651 0.0
2.0 8.0 0.0818855 4.30012e-15
2.0 8.0 0.0738403 4.30012e-15
2.0 8.0 0.0979455 4.30012e-15
2.0 8.0 0.1548 2.32659e-15
2.0 8.0 0.114316 0.0
2.0 8.0 0.0937979 0.0
2.0 8.0 0.112001 0.0
2.0 8.0 0.0886741 4.30012e-15
2.0 8.0 0.0830607 4.30012e-15
2.0 8.0 0.0995294 4.30012e-15
2.0 8.0 0.100536 0.0
2.0 8.0 0.114144 0.0
2.0 8.0 0.0960667 0.0
2.0 8.0 0.0833822 4.30012e-15
2.0 8.0 0.0884634 4.30012e-15
2.0 8.0 0.093563 6.60602e-14
2.0 8.0 0.0685642 2.19795e-13
2.0 8.0 0.0838131 2.32659e-15
2.0 8.0 0.0978217 0.0
2.0 8.0 0.0815821 4.30012e-15
2.0 8.0 0.116839 0.0
2.0 8.0 0.0739512 2.32659e-15
2.0 8.0 0.0918137 4.30012e-15
2.0 8.0 0.0955518 0.0
2.0 8.0 0.098704 0.0
2.0 8.0 0.0811965 2.32659e-15
2.0 8.0 0.0661908 2.32659e-15
2.0 8.0 0.0835191 9.34438e-15
2.0 8.0 0.109567 0.0
2.0 8.0 0.0935726 9.34438e-15
2.0 8.0 0.101144 2.20941e-14
2.0 8.0 0.086281 4.30012e-15
2.0 8.0 0.094312 6.60602e-14
2.0 8.0 0.0842964 2.32659e-15
2.0 8.0 0.0946842 4.30012e-15
2.0 8.0 0.0860952 2.32659e-15
2.0 8.0 0.0935248 0.0
2.0 8.0 0.0789509 2.32659e-15
2.0 8.0 0.0995021 2.20941e-14
2.0 8.0 0.094686 0.0
2.0 8.0 0.082968 4.30012e-15
2.0 8.0 0.0748047 4.30012e-15
2.0 8.0 0.0805781 4.30012e-15
2.0 8.0 0.0828418 2.20941e-14
2.0 8.0 0.0924898 0.0
2.0 8.0 0.0836471 2.20941e-14
2.0 8.0 0.0975347 0.0
2.0 8.0 0.0958535 0.0
2.0 9.0 0.0775796 4.30012e-15
2.0 9.0 0.0538102 2.32659e-15
2.0 9.0 0.0596284 2.19795e-13
2.0 9.0 0.0560657 9.34438e-15
2.0 9.0 0.0592071 4.30012e-15
2.0 9.0 0.071528 2.20941e-14
2.0 9.0 0.0745254 4.30012e-15
2.0 9.0 0.0603483 4.30012e-15
2.0 9.0 0.0496453 4.30012e-15
2.0 9.0 0.0530111 4.30012e-15
2.0 9.0 0.0877832 0.0
2.0 9.0 0.0662543 4.30012e-15
2.0 9.0 0.0556313 2.32659e-15
2.0 9.0 0.0640373 2.32659e-15
2.0 9.0 0.0501733 4.30012e-15
2.0 9.0 0.0524455 9.34438e-15
2.0 9.0 0.0622741 2.32659e-15
2.0 9.0 0.0622439 4.30012e-15
2.0 9.0 0.0599559 4.30012e-15
2.0 9.0 0.0766691 4.30012e-15
2.0 9.0 0.0595123 0.0
2.0 9.0 0.0645755 4.30012e-15
2.0 9.0 0.0956251 0.0
2.0 9.0 0.0510958 7.42713e-15
2.0 9.0 0.0705963 0.0
2.0 9.0 0.0527561 0.0
2.0 9.0 0.0538078 2.20941e-14
2.0 9.0 0.0715969 4.30012e-15
2.0 9.0 0.0523949 4.30012e-15
2.0 9.0 0.0500164 0.0
2.0 9.0 0.0696993 7.42713e-15
2.0 9.0 0.049846 6.60602e-14
2.0 9.0 0.0643398 4.30012e-15
2.0 9.0 0.0639839 9.34438e-15
2.0 9.0 0.050444 4.30012e-15
2.0 9.0 0.0740591 4.30012e-15
2.0 9.0 0.054938 4.30012e-15
2.0 9.0 0.0611507 6.60602e-14
2.0 9.0 0.137433 0.0
2.0 9.0 0.0965606 4.30012e-15
2.0 9.0 0.0568354 0.0
2.0 9.0 0.0538241 2.20941e-14
2.0 9.0 0.0538278 4.30012e-15
2.0 9.0 0.0509193 2.32659e-15
2.0 9.0 0.0622798 2.20941e-14
2.0 9.0 0.0640807 2.20941e-14
2.0 9.0 0.0557574 0.0
2.0 9.0 0.0775638 4.30012e-15
2.0 9.0 0.063344 0.0
2.0 9.0 0.0526251 4.30012e-15
2.0 10.0 0.0553913 4.30012e-15
2.0 10.0 0.0675046 0.0
2.0 10.0 0.0768635 2.32659e-15
2.0 10.0 0.0668345 4.30012e-15
2.0 10.0 0.0623165 2.32659e-15
2.0 10.0 0.0564132 2.20941e-14
2.0 10.0 0.0668862 9.34438e-15
2.0 10.0 0.0649016 0.0
2.0 10.0 0.0801864 0.0
2.0 10.0 0.059824 2.20941e-14
2.0 10.0 0.076772 0.0
2.0 10.0 0.0541521 2.19795e-13
2.0 10.0 0.0667999 0.0
2.0 10.0 0.0622982 0.0
2.0 10.0 0.0542435 2.32659e-15
2.0 10.0 0.0591645 0.0
2.0 10.0 0.0571171 4.30012e-15
2.0 10.0 0.0668921 9.34438e-15
2.0 10.0 0.0570625 0.0
2.0 10.0 0.0714263 4.30012e-15
2.0 10.0 0.0544909 4.30012e-15
2.0 10.0 0.0765002 4.30012e-15
2.0 10.0 0.0579731 2.32659e-15
2.0 10.0 0.0670287 0.0
2.0 10.0 0.0561173 0.0
2.0 10.0 0.0744015 2.20941e-14
2.0 10.0 0.0675205 9.34438e-15
2.0 10.0 0.0770094 9.34438e-15
2.0 10.0 0.054523 9.34438e-15
2.0 10.0 0.0792315 7.42713e-15
2.0 10.0 0.0571942 0.0
2.0 10.0 0.0563134 4.30012e-15
2.0 10.0 0.0763282 0.0
2.0 10.0 0.0548443 2.20941e-14
2.0 10.0 0.0688863 0.0
2.0 10.0 0.0680975 0.0
2.0 10.0 0.054306 4.30012e-15
2.0 10.0 0.0659331 2.32659e-15
2.0 10.0 0.0612823 4.30012e-15
2.0 10.0 0.0771518 4.30012e-15
2.0 10.0 0.0672266 0.0
2.0 10.0 0.0533256 0.0
2.0 10.0 0.0617712 0.0
2.0 10.0 0.0668849 6.60602e-14
2.0 10.0 0.0544754 4.30012e-15
2.0 10.0 0.0543089 2.32659e-15
2.0 10.0 0.0578166 4.30012e-15
2.0 10.0 0.06014 7.42713e-15
2.0 10.0 0.0808692 9.34438e-15
2.0 10.0 0.0571944 0.0
2.0 11.0 0.0591969 0.0
2.0 11.0 0.0662031 4.30012e-15
2.0 11.0 0.0863561 0.0
2.0 11.0 0.0595247 4.30012e-15
2.0 11.0 0.0557005 4.30012e-15
2.0 11.0 0.070246 0.0
2.0 11.0 0.0642623 2.20941e-14
2.0 11.0 0.063271 6.60602e-14
2.0 11.0 0.0593955 0.0
2.0 11.0 0.0840839 0.0
2.0 11.0 0.0684364 9.34438e-15
2.0 11.0 0.0557802 9.34438e-15
2.0 11.0 0.0543155 0.0
2.0 11.0 0.0598384 0.0
2.0 11.0 0.0831287 9.34438e-15
2.0 11.0 0.0656052 2.19795e-13
2.0 11.0 0.0716018 2.20941e-14
2.0 11.0 0.071403 9.34438e-15
2.0 11.0 0.0759633 2.20941e-14
2.0 11.0 0.083775 2.32659e-15
2.0 11.0 0.0853713 4.30012e-15
2.0 11.0 0.0702337 4.30012e-15
2.0 11.0 0.0526091 4.30012e-15
2.0 11.0 0.072151 4.30012e-15
2.0 11.0 0.0584478 2.20941e-14
2.0 11.0 0.0855134 4.30012e-15
2.0 11.0 0.0556028 2.20941e-14
2.0 11.0 0.0794165 4.30012e-15
2.0 11.0 0.0678446 9.34438e-15
2.0 11.0 0.0555704 2.32659e-15
2.0 11.0 0.0837743 2.32659e-15
2.0 11.0 0.0684756 4.30012e-15
2.0 11.0 0.0763467 2.20941e-14
2.0 11.0 0.0532537 4.30012e-15
2.0 11.0 0.0892152 4.30012e-15
2.0 11.0 0.0897025 0.0
2.0 11.0 0.0540649 4.30012e-15
2.0 11.0 0.071848 4.30012e-15
2.0 11.0 0.0844236 4.30012e-15
2.0 11.0 0.0684854 4.30012e-15
2.0 11.0 0.0649389 6.60602e-14
2.0 11.0 0.0847697 2.32659e-15
2.0 11.0 0.0726517 0.0
2.0 11.0 0.0548681 4.30012e-15
2.0 11.0 0.0551498 2.20941e-14
2.0 11.0 0.0623908 4.30012e-15
2.0 11.0 0.062379 9.34438e-15
2.0 11.0 0.0863566 4.30012e-15
2.0 11.0 0.0670694 4.30012e-15
2.0 11.0 0.0555565 4.30012e-15
2.0 12.0 0.0587478 2.32659e-15
2.0 12.0 0.0869325 4.30012e-15
2.0 12.0 0.0903331 4.30012e-15
2.0 12.0 0.0630294 0.0
2.0 12.0 0.0647766 4.30012e-15
2.0 12.0 0.0700965 7.42713e-15
2.0 12.0 0.0695452 2.32659e-15
2.0 12.0 0.0635835 4.30012e-15
2.0 12.0 0.0656313 2.20941e-14
2.0 12.0 0.0622295 2.19795e-13
2.0 12.0 0.0840885 4.30012e-15
2.0 12.0 0.0854281 4.30012e-15
2.0 12.0 0.0667401 4.30012e-15
2.0 12.0 0.0775471 4.30012e-15
2.0 12.0 0.0891062 6.60602e-14
2.0 12.0 0.0687274 8.02859e-15
2.0 12.0 0.0668446 0.0
2.0 12.0 0.0646589 0.0
2.0 12.0 0.0581899 0.0
2.0 12.0 0.0629564 2.32659e-15
2.0 12.0 0.0639895 4.30012e-15
2.0 12.0 0.0629494 4.30012e-15
2.0 12.0 0.082587 0.0
2.0 12.0 0.0642724 4.30012e-15
2.0 12.0 0.0894594 4.30012e-15
2.0 12.0 0.0921279 9.34438e-15
2.0 12.0 0.0883136 4.30012e-15
2.0 12.0 0.0678916 4.30012e-15
2.0 12.0 0.0567134 2.20941e-14
2.0 12.0 0.0677378 0.0
2.0 12.0 0.0695357 4.30012e-15
2.0 12.0 0.0627529 0.0
2.0 12.0 0.0619845 9.34438e-15
2.0 12.0 0.06454 4.30012e-15
2.0 12.0 0.0645274 0.0
2.0 12.0 0.0607212 2.20941e-14
2.0 12.0 0.0674911 4.30012e-15
2.0 12.0 0.0635106 8.02859e-15
2.0 12.0 0.0904771 2.32659e-15
2.0 12.0 0.0704569 0.0
2.0 12.0 0.0581622 4.30012e-15
2.0 12.0 0.0591225 4.30012e-15
2.0 12.0 0.0666648 4.30012e-15
2.0 12.0 0.0575376 0.0
2.0 12.0 0.0651344 2.20941e-14
2.0 12.0 0.0541718 2.32659e-15
2.0 12.0 0.0675841 4.30012e-15
2.0 12.0 0.0616657 4.30012e-15
2.0 12.0 0.0789411 9.34438e-15
2.0 12.0 0.0683517 4.30012e-15
2.0 13.0 0.0800356 4.30012e-15
2.0 13.0 0.0785354 9.34438e-15
2.0 13.0 0.0580843 2.20941e-14
2.0 13.0 0.0619674 4.30012e-15
2.0 13.0 0.0777772 8.02859e-15
2.0 13.0 0.0728489 6.60602e-14
2.0 13.0 0.060785 0.0
2.0 13.0 0.0582958 4.30012e-15
2.0 13.0 0.062077 2.32659e-15
2.0 13.0 0.0679277 0.0
2.0 13.0 0.0670873 4.30012e-15
2.0 13.0 0.0882115 0.0
2.0 13.0 0.0765113 0.0
2.0 13.0 0.0728276 0.0
2.0 13.0 0.0665685 0.0
2.0 13.0 0.0589393 4.30012e-15
2.0 13.0 0.0767314 9.34438e-15
2.0 13.0 0.0730269 4.30012e-15
2.0 13.0 0.0597862 4.30012e-15
2.0 13.0 0.0658689 0.0
2.0 13.0 0.0668339 2.20941e-14
2.0 13.0 0.0695151 4.30012e-15
2.0 13.0 0.0775339 4.30012e-15
2.0 13.0 0.0767267 4.30012e-15
2.0 13.0 0.0744333 0.0
2.0 13.0 0.0615488 9.34438e-15
2.0 13.0 0.0819151 0.0
2.0 13.0 0.0858339 0.0
2.0 13.0 0.0744322 0.0
2.0 13.0 0.0664485 4.30012e-15
2.0 13.0 0.0794788 0.0
2.0 13.0 0.0625658 2.32659e-15
2.0 13.0 0.078481 2.32659e-15
2.0 13.0 0.0598675 4.30012e-15
2.0 13.0 0.0837219 0.0
2.0 13.0 0.0734373 4.30012e-15
2.0 13.0 0.082281 2.20941e-14
2.0 13.0 0.0742835 4.30012e-15
2.0 13.0 0.0605313 2.20941e-14
2.0 13.0 0.0756024 0.0
2.0 13.0 0.0819794 2.20941e-14
2.0 13.0 0.0882718 4.30012e-15
2.0 13.0 0.0885312 0.0
2.0 13.0 0.0667628 0.0
2.0 13.0 0.0807594 0.0
2.0 13.0 0.0783407 2.32659e-15
2.0 13.0 0.0757707 8.02859e-15
2.0 13.0 0.0851503 0.0
2.0 13.0 0.0791974 0.0
2.0 13.0 0.0722551 4.30012e-15
2.0 14.0 0.0579189 4.30012e-15
2.0 14.0 0.0688136 4.30012e-15
2.0 14.0 0.0762965 4.30012e-15
2.0 14.0 0.0552072 0.0
2.0 14.0 0.0565099 4.30012e-15
2.0 14.0 0.0712932 6.60602e-14
2.0 14.0 0.0737328 0.0
2.0 14.0 0.0584515 4.30012e-15
2.0 14.0 0.0557992 0.0
2.0 14.0 0.060272 2.32659e-15
2.0 14.0 0.0541548 2.20941e-14
2.0 14.0 0.0688023 2.20941e-14
2.0 14.0 0.0588915 0.0
2.0 14.0 0.0655053 2.99441e-15
2.0 14.0 0.0642512 0.0
2.0 14.0 0.0726817 0.0
2.0 14.0 0.0546988 2.20941e-14
2.0 14.0 0.0633868 4.30012e-15
2.0 14.0 0.0557192 0.0
2.0 14.0 0.0929338 0.0
2.0 14.0 0.0633592 4.30012e-15
2.0 14.0 0.0686842 4.30012e-15
2.0 14.0 0.0897104 0.0
2.0 14.0 0.062683 0.0
2.0 14.0 0.0594881 4.30012e-15
2.0 14.0 0.0687167 2.32659e-15
2.0 14.0 0.0547673 4.30012e-15
2.0 14.0 0.0553944 4.30012e-15
2.0 14.0 0.0621383 4.30012e-15
2.0 14.0 0.0646063 4.30012e-15
2.0 14.0 0.0661484 4.30012e-15
2.0 14.0 0.0929282 0.0
2.0 14.0 0.0551161 4.30012e-15
2.0 14.0 0.0584443 4.30012e-15
2.0 14.0 0.0723912 2.20941e-14
2.0 14.0 0.0533122 4.30012e-15
2.0 14.0 0.0675638 0.0
2.0 14.0 0.055898 2.20941e-14
2.0 14.0 0.0580781 0.0
2.0 14.0 0.0948663 9.34438e-15
2.0 14.0 0.0562166 4.30012e-15
2.0 14.0 0.0910097 4.30012e-15
2.0 14.0 0.0635079 0.0
2.0 14.0 0.0637672 6.60602e-14
2.0 14.0 0.0631245 4.30012e-15
2.0 14.0 0.0580438 0.0
2.0 14.0 0.0927349 2.32659e-15
2.0 14.0 0.0556507 0.0
2.0 14.0 0.0638049 4.30012e-15
2.0 14.0 0.0696076 1.03635e-14
2.0 15.0 0.0693495 0.0
2.0 15.0 0.105631 2.32659e-15
2.0 15.0 0.0747849 4.30012e-15
2.0 15.0 0.07393 0.0
2.0 15.0 0.100095 0.0
2.0 15.0 0.0657713 0.0
2.0 15.0 0.0611211 4.30012e-15
2.0 15.0 0.0677538 0.0
2.0 15.0 0.1019 9.34438e-15
2.0 15.0 0.0911378 2.32659e-15
2.0 15.0 0.0660692 0.0
2.0 15.0 0.0678502 2.32659e-15
2.0 15.0 0.100743 4.30012e-15
2.0 15.0 0.0689238 4.30012e-15
2.0 15.0 0.0661193 4.30012e-15
2.0 15.0 0.0659858 0.0
2.0 15.0 0.106022 2.32659e-15
2.0 15.0 0.0578626 4.30012e-15
2.0 15.0 0.0672128 2.32659e-15
2.0 15.0 0.0994252 4.30012e-15
2.0 15.0 0.0663107 0.0
2.0 15.0 0.0581271 4.30012e-15
2.0 15.0 0.100338 0.0
2.0 15.0 0.0739446 4.30012e-15
2.0 15.0 0.0996782 0.0
2.0 15.0 0.0884111 2.32659e-15
2.0 15.0 0.0996244 0.0
2.0 15.0 0.066396 0.0
2.0 15.0 0.144152 4.30012e-15
2.0 15.0 0.0585554 2.20941e-14
2.0 15.0 0.0758882 2.20941e-14
2.0 15.0 0.0878236 4.30012e-15
2.0 15.0 0.0969026 6.60602e-14
2.0 15.0 0.10447 0.0
2.0 15.0 0.095805 0.0
2.0 15.0 0.102217 4.30012e-15
2.0 15.0 0.0588093 0.0
2.0 15.0 0.0608717 2.32659e-15
2.0 15.0 0.0650688 4.30012e-15
2.0 15.0 0.0642547 4.30012e-15
2.0 15.0 0.11288 6.60602e-14
2.0 15.0 0.0673862 0.0
2.0 15.0 0.0670804 2.32659e-15
2.0 15.0 0.0994628 9.34438e-15
2.0 15.0 0.0589857 0.0
2.0 15.0 0.126367 9.34438e-15
2.0 15.0 0.0611589 4.30012e-15
2.0 15.0 0.0598066 2.32659e-15
2.0 15.0 0.0594647 4.30012e-15
2.0 15.0 0.151161 2.32659e-15
2.0 16.0 0.0621497 0.0
2.0 16.0 0.0697705 0.0
2.0 16.0 0.0566566 4.30012e-15
2.0 16.0 0.0540072 4.30012e-15
2.0 16.0 0.0599665 2.19795e-13
2.0 16.0 0.0676104 2.19795e-13
2.0 16.0 0.0675799 0.0
2.0 16.0 0.0533831 4.30012e-15
2.0 16.0 0.0541605 4.30012e-15
2.0 16.0 0.0669943 4.30012e-15
2.0 16.0 0.0553278 4.30012e-15
2.0 16.0 0.0534886 4.30012e-15
2.0 16.0 0.073682 2.32659e-15
2.0 16.0 0.0930887 0.0
2.0 16.0 0.0543747 4.30012e-15
2.0 16.0 0.093562 4.30012e-15
2.0 16.0 0.0603358 0.0
2.0 16.0 0.0559222 0.0
2.0 16.0 0.0542048 2.20941e-14
2.0 16.0 0.09282 2.32659e-15
2.0 16.0 0.0697533 4.30012e-15
2.0 16.0 0.0567182 4.30012e-15
2.0 16.0 0.0671387 6.60602e-14
2.0 16.0 0.0570807 0.0
2.0 16.0 0.069614 2.20941e-14
2.0 16.0 0.0607818 4.30012e-15
2.0 16.0 0.0724656 0.0
2.0 16.0 0.0797759 0.0
2.0 16.0 0.0705681 4.30012e-15
2.0 16.0 0.0618307 0.0
2.0 16.0 0.0599625 0.0
2.0 16.0 0.0927152 2.19795e-13
2.0 16.0 0.0737754 2.20941e-14
2.0 16.0 0.121713 4.30012e-15
2.0 16.0 0.112459 2.20941e-14
2.0 16.0 0.0928399 0.0
2.0 16.0 0.0573297 0.0
2.0 16.0 0.0660709 4.30012e-15
2.0 16.0 0.0591122 0.0
2.0 16.0 0.0548115 0.0
2.0 16.0 0.0892889 4.30012e-15
2.0 16.0 0.0553497 0.0
2.0 16.0 0.07726 4.30012e-15
2.0 16.0 0.0535663 4.30012e-15
2.0 16.0 0.0565159 7.42713e-15
2.0 16.0 0.0654591 0.0
2.0 16.0 0.0976462 4.30012e-15
2.0 16.0 0.060644 4.30012e-15
2.0 16.0 0.0704047 4.30012e-15
2.0 16.0 0.0615864 0.0
2.0 17.0 0.0763117 2.32659e-15
2.0 17.0 0.069018 0.0
2.0 17.0 0.0737203 9.34438e-15
2.0 17.0 0.07162 0.0
2.0 17.0 0.0719935 9.34438e-15
2.0 17.0 0.075198 0.0
2.0 17.0 0.0707451 0.0
2.0 17.0 0.0943783 2.32659e-15
2.0 17.0 0.0752066 2.20941e-14
2.0 17.0 0.0914482 4.30012e-15
2.0 17.0 0.0692056 0.0
2.0 17.0 0.0746232 2.20941e-14
2.0 17.0 0.0704461 0.0
2.0 17.0 0.0761944 0.0
2.0 17.0 0.0737266 0.0
2.0 17.0 0.0684176 4.30012e-15
2.0 17.0 0.0749341 0.0
2.0 17.0 0.0959999 2.32659e-15
2.0 17.0 0.0984907 4.30012e-15
2.0 17.0 0.0698814 2.32659e-15
2.0 17.0 0.0726814 2.32659e-15
2.0 17.0 0.0717894 4.30012e-15
2.0 17.0 0.0806359 4.30012e-15
2.0 17.0 0.0949061 0.0
2.0 17.0 0.0754834 4.30012e-15
2.0 17.0 0.0708525 4.30012e-15
2.0 17.0 0.0744282 4.30012e-15
2.0 17.0 0.0722443 0.0
2.0 17.0 0.0707084 6.60602e-14
2.0 17.0 0.0696316 4.30012e-15
2.0 17.0 0.0938163 4.30012e-15
2.0 17.0 0.0919837 0.0
2.0 17.0 0.0777131 9.34438e-15
2.0 17.0 0.0936648 4.30012e-15
2.0 17.0 0.0753289 4.30012e-15
2.0 17.0 0.0817968 9.34438e-15
2.0 17.0 0.0981137 2.32659e-15
2.0 17.0 0.0727631 0.0
2.0 17.0 0.0739722 0.0
2.0 17.0 0.0733642 9.34438e-15
2.0 17.0 0.092815 0.0
2.0 17.0 0.0689182 4.30012e-15
2.0 17.0 0.0909787 4.30012e-15
2.0 17.0 0.0765879 0.0
2.0 17.0 0.0747541 2.20941e-14
2.0 17.0 0.0711623 2.32659e-15
2.0 17.0 0.0993292 0.0
2.0 17.0 0.0949487 0.0
2.0 17.0 0.0711889 4.30012e-15
2.0 17.0 0.0687689 2.20941e-14
2.0 18.0 0.11485 0.0
2.0 18.0 0.113346 0.0
2.0 18.0 0.0893993 2.32659e-15
2.0 18.0 0.0678843 2.32659e-15
2.0 18.0 0.114506 0.0
2.0 18.0 0.0710383 0.0
2.0 18.0 0.114221 0.0
2.0 18.0 0.118155 0.0
2.0 18.0 0.090521 4.30012e-15
2.0 18.0 0.119426 0.0
2.0 18.0 0.114085 0.0
2.0 18.0 0.0914728 4.30012e-15
2.0 18.0 0.0988058 4.30012e-15
2.0 18.0 0.113181 0.0
2.0 18.0 0.0990405 4.30012e-15
2.0 18.0 0.108073 0.0
2.0 18.0 0.118929 0.0
2.0 18.0 0.0920495 8.02859e-15
2.0 18.0 0.0891252 4.30012e-15
2.0 18.0 0.0948517 2.20941e-14
2.0 18.0 0.0914404 2.20941e-14
2.0 18.0 0.0932211 2.20941e-14
2.0 18.0 0.0705885 2.32659e-15
2.0 18.0 0.0958421 2.32659e-15
2.0 18.0 0.0944344 2.32659e-15
2.0 18.0 0.0897275 4.30012e-15
2.0 18.0 0.0944954 4.30012e-15
2.0 18.0 0.0925482 2.32659e-15
2.0 18.0 0.0920427 4.30012e-15
2.0 18.0 0.117989 0.0
2.0 18.0 0.0927265 9.34438e-15
2.0 18.0 0.0988096 4.30012e-15
2.0 18.0 0.11653 0.0
2.0 18.0 0.0693527 2.20941e-14
2.0 18.0 0.0907767 2.32659e-15
2.0 18.0 0.0883319 0.0
2.0 18.0 0.0923867 4.30012e-15
2.0 18.0 0.0910736 4.30012e-15
2.0 18.0 0.0920103 2.99441e-15
2.0 18.0 0.0861499 2.32659e-15
2.0 18.0 0.093794 2.32659e-15
2.0 18.0 0.089577 4.30012e-15
2.0 18.0 0.0920991 2.32659e-15
2.0 18.0 0.0948073 4.30012e-15
2.0 18.0 0.0863254 2.32659e-15
2.0 18.0 0.115769 0.0
2.0 18.0 0.0892236 2.32659e-15
2.0 18.0 0.0955139 2.32659e-15
2.0 18.0 0.0950983 4.30012e-15
2.0 18.0 0.0900753 4.30012e-15
2.0 19.0 0.0868385 4.30012e-15
2.0 19.0 0.0939452 0.0
2.0 19.0 0.0920737 2.32659e-15
2.0 19.0 0.0880696 2.20941e-14
2.0 19.0 0.0913774 2.32659e-15
2.0 19.0 0.0925034 6.60602e-14
2.0 19.0 0.100184 0.0
2.0 19.0 0.0880958 4.30012e-15
2.0 19.0 0.0856339 6.60602e-14
2.0 19.0 0.0899788 4.30012e-15
2.0 19.0 0.0907177 4.30012e-15
2.0 19.0 0.088425 4.30012e-15
2.0 19.0 0.0945846 0.0
2.0 19.0 0.0895058 4.30012e-15
2.0 19.0 0.0899238 4.30012e-15
2.0 19.0 0.0877551 9.34438e-15
2.0 19.0 0.0907026 2.32659e-15
2.0 19.0 0.0906657 4.30012e-15
2.0 19.0 0.0887677 6.60602e-14
2.0 19.0 0.0874541 4.30012e-15
2.0 19.0 0.099276 0.0
2.0 19.0 0.090023 7.42713e-15
2.0 19.0 0.0958512 0.0
2.0 19.0 0.0902613 2.19795e-13
2.0 19.0 0.0919415 4.30012e-15
2.0 19.0 0.0864209 7.42713e-15
2.0 19.0 0.0893923 4.30012e-15
2.0 19.0 0.0896349 4.30012e-15
2.0 19.0 0.0899594 4.30012e-15
2.0 19.0 0.0887932 4.30012e-15
2.0 19.0 0.0981321 0.0
2.0 19.0 0.0873543 4.30012e-15
2.0 19.0 0.0890082 4.30012e-15
2.0 19.0 0.0944057 4.30012e-15
2.0 19.0 0.0873806 4.30012e-15
2.0 19.0 0.095111 0.0
2.0 19.0 0.0921447 4.30012e-15
2.0 19.0 0.0911103 4.30012e-15
2.0 19.0 0.0935756 2.32659e-15
2.0 19.0 0.0918078 0.0
2.0 19.0 0.0878394 4.30012e-15
2.0 19.0 0.0866786 2.20941e-14
2.0 19.0 0.0983315 0.0
2.0 19.0 0.0853928 4.30012e-15
2.0 19.0 0.0904871 4.30012e-15
2.0 19.0 0.0889325 4.30012e-15
2.0 19.0 0.0869877 4.30012e-15
2.0 19.0 0.0932328 0.0
2.0 19.0 0.0899047 4.30012e-15
2.0 19.0 0.0897304 4.30012e-15
2.0 20.0 0.0997722 0.0
2.0 20.0 0.124668 0.0
2.0 20.0 0.101753 9.34438e-15
2.0 20.0 0.10757 2.19795e-13
2.0 20.0 0.0711085 2.20941e-14
2.0 20.0 0.0983431 4.30012e-15
2.0 20.0 0.10334 8.02859e-15
2.0 20.0 0.104088 0.0
2.0 20.0 0.102148 2.20941e-14
2.0 20.0 0.0812257 9.34438e-15
2.0 20.0 0.0950055 0.0
2.0 20.0 0.0636697 0.0
2.0 20.0 0.08354 2.99441e-15
2.0 20.0 0.0711852 0.0
2.0 20.0 0.0764133 9.34438e-15
2.0 20.0 0.0632376 2.32659e-15
2.0 20.0 0.07376 2.19795e-13
2.0 20.0 0.0624477 6.60602e-14
2.0 20.0 0.066745 4.30012e-15
2.0 20.0 0.105245 0.0
2.0 20.0 0.066814 7.88513e-11
2.0 20.0 0.0743478 8.02859e-15
2.0 20.0 0.1066 2.20941e-14
2.0 20.0 0.0844993 4.30012e-15
2.0 20.0 0.0960477 4.30012e-15
2.0 20.0 0.0692311 2.32659e-15
2.0 20.0 0.0738717 2.32659e-15
2.0 20.0 0.0747233 4.30012e-15
2.0 20.0 0.0788911 0.0
2.0 20.0 0.100122 0.0
2.0 20.0 0.0638974 4.30012e-15
2.0 20.0 0.0816009 4.30012e-15
2.0 20.0 0.101046 4.30012e-15
2.0 20.0 0.108805 0.0
2.0 20.0 0.102275 6.60602e-14
2.0 20.0 0.106186 1.91544e-14
2.0 20.0 0.105159 4.30012e-15
2.0 20.0 0.102844 2.19795e-13
2.0 20.0 0.103844 2.32659e-15
2.0 20.0 0.0748229 0.0
2.0 20.0 0.108792 9.34438e-15
2.0 20.0 0.102116 2.32659e-15
2.0 20.0 0.101455 0.0
2.0 20.0 0.100054 0.0
2.0 20.0 0.105273 2.32659e-15
2.0 20.0 0.0813493 0.0
2.0 20.0 0.100256 0.0
2.0 20.0 0.105802 0.0
2.0 20.0 0.0988225 4.97899e-12
2.0 20.0 0.103531 4.30012e-15
2.0 21.0 0.088708 9.34438e-15
2.0 21.0 0.0892463 2.32659e-15
2.0 21.0 0.112488 0.0
2.0 21.0 0.106573 0.0
2.0 21.0 0.073525 0.0
2.0 21.0 0.108881 0.0
2.0 21.0 0.0859598 8.02859e-15
2.0 21.0 0.107028 2.32659e-15
2.0 21.0 0.0794428 4.30012e-15
2.0 21.0 0.0756963 4.30012e-15
2.0 21.0 0.076631 2.32659e-15
2.0 21.0 0.0725833 0.0
2.0 21.0 0.0722364 2.20941e-14
2.0 21.0 0.106443 4.30012e-15
2.0 21.0 0.107558 2.20941e-14
2.0 21.0 0.0745591 4.30012e-15
2.0 21.0 0.110555 4.30012e-15
2.0 21.0 0.105345 4.30012e-15
2.0 21.0 0.103227 4.30012e-15
2.0 21.0 0.0801048 0.0
2.0 21.0 0.0786079 4.30012e-15
2.0 21.0 0.0863981 9.34438e-15
2.0 21.0 0.117959 4.30012e-15
2.0 21.0 0.106648 4.30012e-15
2.0 21.0 0.0793924 4.30012e-15
2.0 21.0 0.0882927 6.60602e-14
2.0 21.0 0.105256 4.30012e-15
2.0 21.0 0.0794389 4.30012e-15
2.0 21.0 0.108195 0.0
2.0 21.0 0.113632 2.19795e-13
2.0 21.0 0.1083 2.32659e-15
2.0 21.0 0.0879892 4.30012e-15
2.0 21.0 0.0721233 4.30012e-15
2.0 21.0 0.0801461 4.30012e-15
2.0 21.0 0.0734589 9.34438e-15
2.0 21.0 0.0714795 4.30012e-15
2.0 21.0 0.0892248 4.30012e-15
2.0 21.0 0.0806797 0.0
2.0 21.0 0.132859 4.30012e-15
2.0 21.0 0.0887017 9.34438e-15
2.0 21.0 0.070781 0.0
2.0 21.0 0.104676 4.30012e-15
2.0 21.0 0.0905608 2.20941e-14
2.0 21.0 0.109242 6.60602e-14
2.0 21.0 0.202754 9.34438e-15
2.0 21.0 0.0726134 9.34438e-15
2.0 21.0 0.0707309 2.32659e-15
2.0 21.0 0.111488 0.0
2.0 21.0 0.107881 6.60602e-14
2.0 21.0 0.0692956 0.0
2.0 22.0 0.084692 2.19795e-13
2.0 22.0 0.074978 2.20941e-14
2.0 22.0 0.120258 2.32659e-15
2.0 22.0 0.0792495 0.0
2.0 22.0 0.0701445 9.34438e-15
2.0 22.0 0.0763503 4.30012e-15
2.0 22.0 0.079502 4.30012e-15
2.0 22.0 0.0772774 0.0
2.0 22.0 0.0771893 4.30012e-15
2.0 22.0 0.0719233 0.0
2.0 22.0 0.0774899 0.0
2.0 22.0 0.0778531 4.30012e-15
2.0 22.0 0.0770754 2.32659e-15
2.0 22.0 0.109601 0.0
2.0 22.0 0.069961 0.0
2.0 22.0 0.112636 0.0
2.0 22.0 0.0749595 2.32659e-15
2.0 22.0 0.0728637 2.32659e-15
2.0 22.0 0.0782635 4.30012e-15
2.0 22.0 0.0740804 4.30012e-15
2.0 22.0 0.0775438 2.32659e-15
2.0 22.0 0.0710885 0.0
2.0 22.0 0.0793386 0.0
2.0 22.0 0.0777143 2.19795e-13
2.0 22.0 0.0709873 0.0
2.0 22.0 0.120979 0.0
2.0 22.0 0.070224 2.20941e-14
2.0 22.0 0.0831067 4.30012e-15
2.0 22.0 0.072156 4.30012e-15
2.0 22.0 0.0712555 0.0
2.0 22.0 0.0822397 2.32659e-15
2.0 22.0 0.0714722 4.30012e-15
2.0 22.0 0.0697314 4.30012e-15
2.0 22.0 0.0719557 2.32659e-15
2.0 22.0 0.0981025 0.0
2.0 22.0 0.0696322 4.30012e-15
2.0 22.0 0.072673 4.30012e-15
2.0 22.0 0.0773053 0.0
2.0 22.0 0.0709984 4.30012e-15
2.0 22.0 0.290495 0.0
2.0 22.0 0.076845 4.30012e-15
2.0 22.0 0.122237 0.0
2.0 22.0 0.119209 2.32659e-15
2.0 22.0 0.0781771 4.30012e-15
2.0 22.0 0.0702358 0.0
2.0 22.0 0.0793377 0.0
2.0 22.0 0.0708575 0.0
2.0 22.0 0.0703088 4.30012e-15
2.0 22.0 0.07131 2.32659e-15
2.0 22.0 0.071254 0.0
2.0 23.0 0.0698925 4.30012e-15
2.0 23.0 0.0858251 4.30012e-15
2.0 23.0 0.089173 4.30012e-15
2.0 23.0 0.0712337 4.30012e-15
2.0 23.0 0.0716036 4.30012e-15
2.0 23.0 0.0889321 0.0
2.0 23.0 0.0719355 4.30012e-15
2.0 23.0 0.0862323 9.34438e-15
2.0 23.0 0.0732085 2.20941e-14
2.0 23.0 0.122918 0.0
2.0 23.0 0.0711308 4.30012e-15
2.0 23.0 0.0869382 4.30012e-15
2.0 23.0 0.0703415 0.0
2.0 23.0 0.0905626 4.30012e-15
2.0 23.0 0.0704458 0.0
2.0 23.0 0.0859049 2.32659e-15
2.0 23.0 0.0696712 4.30012e-15
2.0 23.0 0.0718229 4.30012e-15
2.0 23.0 0.0893238 0.0
2.0 23.0 0.0705267 4.30012e-15
2.0 23.0 0.070383 0.0
2.0 23.0 0.086825 0.0
2.0 23.0 0.0701783 6.60602e-14
2.0 23.0 0.0981314 4.30012e-15
2.0 23.0 0.0894664 6.60602e-14
2.0 23.0 0.0696248 0.0
2.0 23.0 0.07053 2.32659e-15
2.0 23.0 0.0700034 2.20941e-14
2.0 23.0 0.0872126 2.32659e-15
2.0 23.0 0.123515 9.34438e-15
2.0 23.0 0.122387 4.30012e-15
2.0 23.0 0.117363 2.32659e-15
2.0 23.0 0.0722756 0.0
2.0 23.0 0.0898505 2.20941e-14
2.0 23.0 0.0864578 2.32659e-15
2.0 23.0 0.0864505 0.0
2.0 23.0 0.0904214 0.0
2.0 23.0 0.0704656 0.0
2.0 23.0 0.0867702 2.32659e-15
2.0 23.0 0.0688948 2.32659e-15
2.0 23.0 0.0712873 0.0
2.0 23.0 0.141278 0.0
2.0 23.0 0.069222 2.32659e-15
2.0 23.0 0.0879775 4.30012e-15
2.0 23.0 0.0891718 2.20941e-14
2.0 23.0 0.0996721 6.05899e-14
2.0 23.0 0.0905522 2.20941e-14
2.0 23.0 0.0713966 2.32659e-15
2.0 23.0 0.0839051 2.32659e-15
2.0 23.0 0.0713271 0.0
2.0 24.0 0.0716368 0.0
2.0 24.0 0.0828135 4.30012e-15
2.0 24.0 0.070985 2.20941e-14
2.0 24.0 0.0797507 0.0
2.0 24.0 0.0840575 2.20941e-14
2.0 24.0 0.0987792 4.30012e-15
2.0 24.0 0.103206 2.32659e-15
2.0 24.0 0.0759327 4.30012e-15
2.0 24.0 0.078581 4.30012e-15
2.0 24.0 0.0702043 0.0
2.0 24.0 0.0717419 0.0
2.0 24.0 0.0776162 4.30012e-15
2.0 24.0 0.0705285 0.0
2.0 24.0 0.070098 0.0
2.0 24.0 0.102204 2.20941e-14
2.0 24.0 0.104473 2.32659e-15
2.0 24.0 0.100255 0.0
2.0 24.0 0.0785548 4.30012e-15
2.0 24.0 0.0814543 4.30012e-15
2.0 24.0 0.0709302 2.20941e-14
2.0 24.0 0.0698574 0.0
2.0 24.0 0.0713194 4.30012e-15
2.0 24.0 0.0722117 4.30012e-15
2.0 24.0 0.0834958 4.30012e-15
2.0 24.0 0.0711297 2.32659e-15
2.0 24.0 0.068932 7.42713e-15
2.0 24.0 0.101402 2.20941e-14
2.0 24.0 0.0689396 2.32659e-15
2.0 24.0 0.0989855 2.32659e-15
2.0 24.0 0.0837303 4.30012e-15
2.0 24.0 0.0710836 0.0
2.0 24.0 0.0796167 4.30012e-15
2.0 24.0 0.0842854 0.0
2.0 24.0 0.0709754 4.30012e-15
2.0 24.0 0.0688083 2.32659e-15
2.0 24.0 0.0982442 0.0
2.0 24.0 0.101287 4.30012e-15
2.0 24.0 0.0701493 2.20941e-14
2.0 24.0 0.100986 2.32659e-15
2.0 24.0 0.086624 9.34438e-15
2.0 24.0 0.0706968 4.30012e-15
2.0 24.0 0.0836867 4.30012e-15
2.0 24.0 0.0696486 2.32659e-15
2.0 24.0 0.0825845 0.0
2.0 24.0 0.0863344 0.0
2.0 24.0 0.103152 0.0
2.0 24.0 0.08051 0.0
2.0 24.0 0.0706633 6.60602e-14
2.0 24.0 0.0711934 0.0
2.0 24.0 0.0790545 0.0
2.0 25.0 0.0854109 0.0
2.0 25.0 0.0825393 4.30012e-15
2.0 25.0 0.0846484 2.20941e-14
2.0 25.0 0.084549 0.0
2.0 25.0 0.0844853 0.0
2.0 25.0 0.0840027 4.30012e-15
2.0 25.0 0.0838513 0.0
2.0 25.0 0.0846179 4.30012e-15
2.0 25.0 0.0848384 9.34438e-15
2.0 25.0 0.0815956 4.30012e-15
2.0 25.0 0.0839462 4.30012e-15
2.0 25.0 0.0843093 0.0
2.0 25.0 0.0793974 2.20941e-14
2.0 25.0 0.0835054 4.30012e-15
2.0 25.0 0.0800488 0.0
2.0 25.0 0.0825174 0.0
2.0 25.0 0.0840057 0.0
2.0 25.0 0.0791793 0.0
2.0 25.0 0.0852876 8.02859e-15
2.0 25.0 0.086597 4.30012e-15
2.0 25.0 0.0872403 0.0
2.0 25.0 0.0790752 0.0
2.0 25.0 0.0848568 2.32659e-15
2.0 25.0 0.0866553 4.30012e-15
2.0 25.0 0.0824427 7.42713e-15
2.0 25.0 0.079586 4.30012e-15
2.0 25.0 0.0779057 4.30012e-15
2.0 25.0 0.0854511 2.20941e-14
2.0 25.0 0.079659 4.30012e-15
2.0 25.0 0.0832955 0.0
2.0 25.0 0.083355 0.0
2.0 25.0 0.0843537 4.30012e-15
2.0 25.0 0.0844428 0.0
2.0 25.0 0.0783219 2.32659e-15
2.0 25.0 0.0879197 4.30012e-15
2.0 25.0 0.0845495 0.0
2.0 25.0 0.078411 0.0
2.0 25.0 0.0793475 2.32659e-15
2.0 25.0 0.0775822 2.32659e-15
2.0 25.0 0.0856239 4.30012e-15
2.0 25.0 0.0829219 0.0
2.0 25.0 0.0836382 4.30012e-15
2.0 25.0 0.083299 0.0
2.0 25.0 0.0853603 4.30012e-15
2.0 25.0 0.0825204 4.30012e-15
2.0 25.0 0.0866146 2.32659e-15
2.0 25.0 0.0878476 9.34438e-15
2.0 25.0 0.0842958 7.42713e-15
2.0 25.0 0.0838133 0.0
2.0 25.0 0.0783564 4.30012e-15
2.0 26.0 0.0794012 4.30012e-15
2.0 26.0 0.0776703 9.34438e-15
2.0 26.0 0.0895221 0.0
2.0 26.0 0.0974792 6.60602e-14
2.0 26.0 0.0806137 6.60602e-14
2.0 26.0 0.0768572 2.32659e-15
2.0 26.0 0.0858752 4.30012e-15
2.0 26.0 0.0894075 6.60602e-14
2.0 26.0 0.0774876 9.34438e-15
2.0 26.0 0.0806558 0.0
2.0 26.0 0.0985246 0.0
2.0 26.0 0.0785941 2.32659e-15
2.0 26.0 0.0772761 2.20941e-14
2.0 26.0 0.0904566 8.02859e-15
2.0 26.0 0.0854459 4.30012e-15
2.0 26.0 0.0783676 2.32659e-15
2.0 26.0 0.0880777 2.20941e-14
2.0 26.0 0.0865146 2.32659e-15
2.0 26.0 0.0854686 4.30012e-15
2.0 26.0 0.132952 2.20941e-14
2.0 26.0 0.0770265 2.32659e-15
2.0 26.0 0.0851651 2.32659e-15
2.0 26.0 0.0999478 4.30012e-15
2.0 26.0 0.131655 0.0
2.0 26.0 0.084499 4.30012e-15
2.0 26.0 0.0761362 4.30012e-15
2.0 26.0 0.0875593 0.0
2.0 26.0 0.13877 0.0
2.0 26.0 0.107893 2.32659e-15
2.0 26.0 0.0768723 4.30012e-15
2.0 26.0 0.0778386 0.0
2.0 26.0 0.0782162 4.30012e-15
2.0 26.0 0.0810865 0.0
2.0 26.0 0.102493 4.30012e-15
2.0 26.0 0.0792824 0.0
2.0 26.0 0.103071 4.30012e-15
2.0 26.0 0.109326 4.30012e-15
2.0 26.0 0.0839591 4.30012e-15
2.0 26.0 0.0864682 4.30012e-15
2.0 26.0 0.100435 2.20941e-14
2.0 26.0 0.130151 0.0
2.0 26.0 0.140801 0.0
2.0 26.0 0.108732 4.30012e-15
2.0 26.0 0.101542 4.30012e-15
2.0 26.0 0.0777174 4.30012e-15
2.0 26.0 0.127429 2.32659e-15
2.0 26.0 0.109249 4.30012e-15
2.0 26.0 0.0978902 4.30012e-15
2.0 26.0 0.122292 4.30012e-15
2.0 26.0 0.100438 2.32659e-15
2.0 27.0 0.103004 4.30012e-15
2.0 27.0 0.0969888 2.32659e-15
2.0 27.0 0.0987655 4.30012e-15
2.0 27.0 0.0870798 0.0
2.0 27.0 0.0867747 0.0
2.0 27.0 0.085548 0.0
2.0 27.0 0.0973312 4.30012e-15
2.0 27.0 0.101832 4.30012e-15
2.0 27.0 0.105575 0.0
2.0 27.0 0.100448 2.32659e-15
2.0 27.0 0.104193 2.20941e-14
2.0 27.0 0.0984869 6.60602e-14
2.0 27.0 0.0973631 9.34438e-15
2.0 27.0 0.101379 9.34438e-15
2.0 27.0 0.0960978 2.20941e-14
2.0 27.0 0.0980159 4.30012e-15
2.0 27.0 0.0813116 2.20941e-14
2.0 27.0 0.0956158 2.32659e-15
2.0 27.0 0.0980444 4.30012e-15
2.0 27.0 0.111815 2.20941e-14
2.0 27.0 0.0990868 4.30012e-15
2.0 27.0 0.0990865 2.20941e-14
2.0 27.0 0.0989994 2.20941e-14
2.0 27.0 0.0816069 4.30012e-15
2.0 27.0 0.0997934 4.30012e-15
2.0 27.0 0.100828 9.34438e-15
2.0 27.0 0.102168 2.20941e-14
2.0 27.0 0.121462 0.0
2.0 27.0 0.0974056 4.30012e-15
2.0 27.0 0.103113 0.0
2.0 27.0 0.0990959 2.20941e-14
2.0 27.0 0.0976838 2.20941e-14
2.0 27.0 0.097244 0.0
2.0 27.0 0.0818567 9.34438e-15
2.0 27.0 0.0964825 4.30012e-15
2.0 27.0 0.0962566 2.20941e-14
2.0 27.0 0.0960932 2.32659e-15
2.0 27.0 0.100568 2.32659e-15
2.0 27.0 0.0969058 2.32659e-15
2.0 27.0 0.0986746 2.20941e-14
2.0 27.0 0.0803263 4.30012e-15
2.0 27.0 0.10365 4.30012e-15
2.0 27.0 0.0856339 0.0
2.0 27.0 0.0972359 0.0
2.0 27.0 0.103409 2.99441e-15
2.0 27.0 0.0796642 4.30012e-15
2.0 27.0 0.0995352 0.0
2.0 27.0 0.0999851 0.0
2.0 27.0 0.0953617 4.30012e-15
2.0 27.0 0.0998855 2.20941e-14
2.0 28.0 0.0869746 2.32659e-15
2.0 28.0 0.102267 4.30012e-15
2.0 28.0 0.0952737 4.30012e-15
2.0 28.0 0.0947596 4.30012e-15
2.0 28.0 0.115299 0.0
2.0 28.0 0.0935639 4.30012e-15
2.0 28.0 0.0869564 2.20941e-14
2.0 28.0 0.0878754 0.0
2.0 28.0 0.0824379 0.0
2.0 28.0 0.0803201 2.32659e-15
2.0 28.0 0.0813815 2.20941e-14
2.0 28.0 0.0875297 2.20941e-14
2.0 28.0 0.103972 2.32659e-15
2.0 28.0 0.086834 4.30012e-15
2.0 28.0 0.0876309 6.60602e-14
2.0 28.0 0.086618 2.20941e-14
2.0 28.0 0.0932235 2.32659e-15
2.0 28.0 0.117582 0.0
2.0 28.0 0.102223 4.30012e-15
2.0 28.0 0.0811585 2.32659e-15
2.0 28.0 0.108382 0.0
2.0 28.0 0.111373 2.32659e-15
2.0 28.0 0.0832554 9.34438e-15
2.0 28.0 0.0823708 0.0
2.0 28.0 0.101439 0.0
2.0 28.0 0.0865168 4.30012e-15
2.0 28.0 0.113159 2.20941e-14
2.0 28.0 0.0820633 4.30012e-15
2.0 28.0 0.0814583 4.30012e-15
2.0 28.0 0.111001 0.0
2.0 28.0 0.086014 6.60602e-14
2.0 28.0 0.107628 0.0
2.0 28.0 0.0870565 2.32659e-15
2.0 28.0 0.0859117 4.30012e-15
2.0 28.0 0.0871654 0.0
2.0 28.0 0.0819286 0.0
2.0 28.0 0.0859955 2.32659e-15
2.0 28.0 0.08563 9.34438e-15
2.0 28.0 0.0805826 4.30012e-15
2.0 28.0 0.109605 4.30012e-15
2.0 28.0 0.103274 2.19795e-13
2.0 28.0 0.0815387 0.0
2.0 28.0 0.0831713 4.30012e-15
2.0 28.0 0.100957 0.0
2.0 28.0 0.0824639 2.32659e-15
2.0 28.0 0.0805823 4.30012e-15
2.0 28.0 0.109767 4.30012e-15
2.0 28.0 0.109814 4.30012e-15
2.0 28.0 0.111328 0.0
2.0 28.0 0.0862694 4.30012e-15
2.0 29.0 0.0897584 4.30012e-15
2.0 29.0 0.107163 0.0
2.0 29.0 0.0910428 2.20941e-14
2.0 29.0 0.104015 0.0
2.0 29.0 0.0862185 4.30012e-15
2.0 29.0 0.0875756 0.0
2.0 29.0 0.109917 4.30012e-15
2.0 29.0 0.107494 0.0
2.0 29.0 0.0808727 0.0
2.0 29.0 0.0913919 4.30012e-15
2.0 29.0 0.0915677 4.30012e-15
2.0 29.0 0.092468 8.02859e-15
2.0 29.0 0.0901551 4.30012e-15
2.0 29.0 0.107865 4.30012e-15
2.0 29.0 0.080428 4.30012e-15
2.0 29.0 0.0848914 4.30012e-15
2.0 29.0 0.0924285 2.32659e-15
2.0 29.0 0.106583 0.0
2.0 29.0 0.0853924 4.30012e-15
2.0 29.0 0.091706 4.30012e-15
2.0 29.0 0.113804 2.32659e-15
2.0 29.0 0.106524 9.34438e-15
2.0 29.0 0.0922381 6.60602e-14
2.0 29.0 0.10776 4.30012e-15
2.0 29.0 0.103846 0.0
2.0 29.0 0.108464 0.0
2.0 29.0 0.104392 0.0
2.0 29.0 0.0816355 2.32659e-15
2.0 29.0 0.0917876 6.60602e-14
2.0 29.0 0.0850693 2.20941e-14
2.0 29.0 0.0903049 2.20941e-14
2.0 29.0 0.0890625 2.32659e-15
2.0 29.0 0.0889307 2.32659e-15
2.0 29.0 0.0818454 4.30012e-15
2.0 29.0 0.0906686 4.30012e-15
2.0 29.0 0.0800585 4.30012e-15
2.0 29.0 0.100565 0.0
2.0 29.0 0.0811461 0.0
2.0 29.0 0.103045 0.0
2.0 29.0 0.0794105 4.30012e-15
2.0 29.0 0.0903879 2.20941e-14
2.0 29.0 0.108157 0.0
2.0 29.0 0.0912677 2.32659e-15
2.0 29.0 0.0903497 2.20941e-14
2.0 29.0 0.0841829 2.32659e-15
2.0 29.0 0.0884709 2.20941e-14
2.0 29.0 0.0784274 4.30012e-15
2.0 29.0 0.104881 0.0
2.0 29.0 0.0801344 0.0
2.0 29.0 0.0831032 4.30012e-15
2.0 30.0 0.0882174 4.30012e-15
2.0 30.0 0.0892579 4.30012e-15
2.0 30.0 0.121925 0.0
2.0 30.0 0.0807046 4.30012e-15
2.0 30.0 0.0847274 4.30012e-15
2.0 30.0 0.124026 0.0
2.0 30.0 0.104526 4.30012e-15
2.0 30.0 0.117178 2.32659e-15
2.0 30.0 0.0810171 4.30012e-15
2.0 30.0 0.0828346 2.20941e-14
2.0 30.0 0.0863822 0.0
2.0 30.0 0.081425 4.30012e-15
2.0 30.0 0.108583 2.20941e-14
2.0 30.0 0.102723 4.30012e-15
2.0 30.0 0.0872663 2.32659e-15
2.0 30.0 0.115959 0.0
2.0 30.0 0.0833079 2.20941e-14
2.0 30.0 0.0822175 4.01846e-15
2.0 30.0 0.105177 4.30012e-15
2.0 30.0 0.0848201 0.0
2.0 30.0 0.0860557 2.20941e-14
2.0 30.0 0.0845984 0.0
2.0 30.0 0.0850451 2.20941e-14
2.0 30.0 0.106094 0.0
2.0 30.0 0.0909224 9.34438e-15
2.0 30.0 0.121842 0.0
2.0 30.0 0.109228 0.0
2.0 30.0 0.119811 4.30012e-15
2.0 30.0 0.1186 4.30012e-15
2.0 30.0 0.0832263 4.30012e-15
2.0 30.0 0.0817118 4.30012e-15
2.0 30.0 0.0843871 2.32659e-15
2.0 30.0 0.08397 2.32659e-15
2.0 30.0 0.118227 4.30012e-15
2.0 30.0 0.0876603 9.34438e-15
2.0 30.0 0.104927 0.0
2.0 30.0 0.107629 4.30012e-15
2.0 30.0 0.0813239 6.60602e-14
2.0 30.0 0.170647 2.20941e-14
2.0 30.0 0.0830625 2.32659e-15
2.0 30.0 0.110449 0.0
2.0 30.0 0.121102 2.20941e-14
2.0 30.0 0.0867089 2.32659e-15
2.0 30.0 0.0868566 0.0
2.0 30.0 0.0954238 0.0
2.0 30.0 0.0808521 0.0
2.0 30.0 0.0811215 0.0
2.0 30.0 0.12731 9.34438e-15
2.0 30.0 0.0957589 0.0
2.0 30.0 0.107618 2.32659e-15
2.0 31.0 0.0838756 2.20941e-14
2.0 31.0 0.103741 0.0
2.0 31.0 0.0852025 6.60602e-14
2.0 31.0 0.107961 2.20941e-14
2.0 31.0 0.108139 4.30012e-15
2.0 31.0 0.0851191 0.0
2.0 31.0 0.116878 0.0
2.0 31.0 0.106683 2.20941e-14
2.0 31.0 0.0907048 4.30012e-15
2.0 31.0 0.124987 4.30012e-15
2.0 31.0 0.085507 4.30012e-15
2.0 31.0 0.107379 4.30012e-15
2.0 31.0 0.0845161 4.30012e-15
2.0 31.0 0.093798 0.0
2.0 31.0 0.0869649 4.30012e-15
2.0 31.0 0.125088 4.30012e-15
2.0 31.0 0.0822391 2.20941e-14
2.0 31.0 0.104415 0.0
2.0 31.0 0.0931093 0.0
2.0 31.0 0.0826905 4.30012e-15
2.0 31.0 0.121001 0.0
2.0 31.0 0.0808339 0.0
2.0 31.0 0.0923214 0.0
2.0 31.0 0.0805151 4.30012e-15
2.0 31.0 0.0819649 4.30012e-15
2.0 31.0 0.113198 4.30012e-15
2.0 31.0 0.0825819 0.0
2.0 31.0 0.115766 0.0
2.0 31.0 0.12799 4.30012e-15
2.0 31.0 0.0888819 0.0
2.0 31.0 0.106728 3.81607e-14
2.0 31.0 0.11681 0.0
2.0 31.0 0.11931 4.30012e-15
2.0 31.0 0.0889405 2.20941e-14
2.0 31.0 0.0860921 4.30012e-15
2.0 31.0 0.119707 0.0
2.0 31.0 0.0837916 0.0
2.0 31.0 0.085553 4.30012e-15
2.0 31.0 0.110866 4.30012e-15
2.0 31.0 0.111415 4.30012e-15
2.0 31.0 0.121649 2.32659e-15
2.0 31.0 0.087074 9.34438e-15
2.0 31.0 0.124212 0.0
2.0 31.0 0.121391 4.30012e-15
2.0 31.0 0.104926 4.30012e-15
2.0 31.0 0.122831 4.30012e-15
2.0 31.0 0.0882763 4.30012e-15
2.0 31.0 0.0934174 0.0
2.0 31.0 0.104634 6.60602e-14
2.0 31.0 0.104634 6.60602e-14