100 5.6608252081e+00
200 5.4972366124e+00
300 5.1283773986e+00
400 4.9689739507e+00
500 4.6302473645e+00
600 4.3643995861e+00
700 4.1892335849e+00
800 3.8746100888e+00
900 3.7292963919e+00
1000 3.6087818087e+00
1100 3.5383366883e+00
1200 3.4200853138e+00
1300 3.0680465272e+00
1400 2.7292867671e+00
1500 2.4238271274e+00
1600 2.3398641009e+00
1700 2.2309468809e+00
1800 2.0234637690e+00
1900 1.8311211982e+00
2000 1.7365305820e+00
2100 1.6132993919e+00
2200 1.4511355023e+00
2300 1.3293784913e+00
2400 1.2152141746e+00
2500 1.1234670495e+00
2600 1.0802239769e+00
2700 1.0091488896e+00
2800 8.3785727902e-01
2900 6.9207537425e-01
3000 6.3555442803e-01
3100 5.1587926025e-01
3200 4.4852069321e-01
3300 3.8845427923e-01
3400 3.2867134692e-01
3500 2.8463234802e-01
3600 2.0057549846e-01
3700 1.6346158305e-01
3800 1.2128755547e-01
3900 1.0658504318e-01
4000 8.1473618431e-02
4100 4.9698059062e-02
4200 3.9928576019e-02
4300 3.6564710184e-02
4400 2.6588608912e-02
4500 1.9105728439e-02
4600 1.6919723070e-02
4700 1.3540191196e-02
4800 1.1531182857e-02
4900 8.1974353381e-03
5000 6.2796130251e-03
5100 5.1915495415e-03
5200 3.4674070645e-03
5300 3.1071344910e-03
5400 1.8108333137e-03
5500 1.4605475526e-03
5600 1.0392612934e-03
5700 7.6474021316e-04
5800 5.1479497196e-04
5900 3.6000553556e-04
6000 1.8351413602e-04
6100 1.5640169895e-04
6200 8.2693358316e-05
6300 6.7801038959e-05
6400 4.5972537531e-05
6500 3.1523036082e-05
6600 2.3719553662e-05
6700 1.8535113321e-05
6800 1.6194911962e-05
6900 9.1057229403e-06
7000 5.9410574409e-06
7100 4.2937964469e-06
7200 3.2728822367e-06
7300 2.9401799577e-06
7400 2.6504309199e-06
7500 2.1321475701e-06
7600 1.6438929090e-06
7700 1.1070627408e-06
7800 9.6990009278e-07
7900 8.6148233542e-07
8000 6.7371441441e-07
8100 4.2193002425e-07
8200 3.1952704385e-07
8300 2.2954470952e-07
8400 1.2865681496e-07
8500 1.1008958514e-07
8600 8.3337412529e-08
8700 5.5421753449e-08
8800 3.6512894896e-08
8900 2.3450415800e-08
9000 1.7585065856e-08
9100 1.3444852883e-08
9200 9.5360780271e-09
9300 7.5388955671e-09
9400 5.0147696870e-09
9500 4.3104778175e-09
9600 3.3935056338e-09
9700 2.7525964890e-09
9800 2.3867910837e-09
9900 1.7780583114e-09
10000 1.7381608456e-09
10100 1.1212908782e-09
10200 9.9814338756e-10
10300 6.9136523189e-10
10400 6.4845013403e-10
10500 4.8514141717e-10
10600 2.7454162731e-10
10700 2.1893516962e-10
10800 1.5072394478e-10
10900 1.2812339807e-10
11000 9.7360938970e-11
11100 8.4119969082e-11
11200 5.2508816543e-11
11300 5.1495964715e-11
11400 3.9240662242e-11
11500 2.7937707655e-11
11600 2.3922932920e-11
11700 1.8983113961e-11
11800 1.7725326294e-11
11900 1.1560285722e-11
12000 9.7341966673e-12
12100 6.1974583917e-12
12200 5.8238601163e-12
12300 3.7436157964e-12
12400 2.2460458816e-12
12500 1.9094317304e-12
12600 1.5970086880e-12
12700 1.4126491094e-12
12800 9.8184278546e-13
12900 7.1743412949e-13
13000 6.0015654250e-13
13100 3.8976900645e-13
13200 1.7054751725e-13
13300 1.3764509862e-13
13400 1.0309928139e-13
13500 6.7480005143e-14
13600 4.7375826111e-14
13700 4.2398591392e-14
13800 3.2991618730e-14
13900 2.7919599641e-14
14000 1.9464899285e-14
14100 1.4057817224e-14
14200 9.4399773841e-15
14300 8.4276009512e-15
14400 7.2400074314e-15
14500 5.9631253528e-15
14600 5.2450956740e-15
14700 4.4910986478e-15
14800 2.7569330469e-15
14900 2.3364186878e-15
15000 1.6977407963e-15
15100 9.1096943186e-16
15200 8.9879949543e-16
15300 8.5206494558e-16
15400 6.4053051096e-16
15500 4.3140025366e-16
15600 3.9695150100e-16
15700 3.6291021710e-16
15800 3.5504569863e-16
15900 2.5327400150e-16
16000 2.0476746076e-16
16100 1.8344933899e-16
16200 1.4700142102e-16
16300 1.3791741538e-16
16400 1.1410284731e-16
16500 7.9214150877e-17
16600 4.6831587340e-17
16700 3.3459719210e-17
16800 2.4977411602e-17
16900 1.9705478367e-17
17000 9.4113130406e-18
17100 7.8352189146e-18
17200 6.1235183546e-18
17300 4.0504661498e-18
17400 3.2680349679e-18
17500 1.5884150196e-18
17600 1.3670277408e-18
17700 9.2840899960e-19
17800 5.9718220770e-19
17900 3.9022447101e-19
18000 2.9465812548e-19
18100 1.7997178643e-19
18200 1.4563412233e-19
18300 1.1349399087e-19
18400 8.4185257278e-20
18500 6.5746606585e-20
18600 3.7040109318e-20
18700 2.9149838278e-20
18800 2.9064188344e-20
18900 1.7714740820e-20
19000 1.3022699617e-20
19100 1.1165067986e-20
19200 7.5307798530e-21
19300 5.1870103297e-21
19400 4.2633137108e-21
19500 3.1984036020e-21
19600 2.5954548512e-21
19700 1.8289795364e-21
19800 1.4680060560e-21
19900 8.9332535899e-22
20000 8.2906479555e-22
20100 5.9697940267e-22
20200 4.8063106557e-22
20300 4.4107202796e-22
20400 2.5362571920e-22
20500 2.1513751967e-22
20600 1.1179495363e-22
20700 1.0219916776e-22
20800 7.0681619922e-23
20900 6.2967715590e-23
21000 4.7267381284e-23
21100 3.0574332101e-23
21200 2.3421117870e-23
21300 1.8775912059e-23
21400 1.3018453414e-23
21500 7.2232560995e-24
21600 6.6315961789e-24
21700 3.6376743457e-24
21800 3.1967109055e-24
21900 2.2355312910e-24
22000 1.9729484253e-24
22100 1.6131071081e-24
22200 1.1219289493e-24
22300 9.7660818135e-25
22400 7.9530113558e-25
22500 6.0841405182e-25
22600 4.4334948998e-25
22700 3.9416686063e-25
22800 2.4520132608e-25
22900 1.5588307362e-25
23000 1.3111680968e-25
23100 8.8600289364e-26
23200 7.3890335597e-26
23300 5.4008227190e-26
23400 3.5998089328e-26
23500 1.1892284000e-26
23600 1.1025919899e-26
23700 1.0629646799e-26
23800 7.7956114500e-27
23900 4.9870337264e-27
24000 3.7280577804e-27
24100 2.6617928530e-27
24200 2.3392476135e-27
24300 1.5631524119e-27
24400 1.2330797289e-27
24500 9.6020281631e-28
24600 7.2880238948e-28
24700 5.2220987186e-28
24800 3.3951910954e-28
24900 3.1650019011e-28
25000 2.2770440749e-28
25100 1.5077564258e-28
25200 1.4163746414e-28
25300 9.5931610350e-29
25400 8.4922510204e-29
25500 7.2500965424e-29
25600 4.8109290458e-29
25700 3.7664824662e-29
25800 2.8461303493e-29
25900 2.0913437590e-29
26000 1.7798999457e-29
26100 1.6575617522e-29
26200 1.4395644334e-29
26300 7.9555994340e-30
26400 5.2437765533e-30
26500 3.6109450705e-30
26600 3.0680945884e-30
26700 2.3535361194e-30
26800 1.5977227618e-30
26900 1.4181837242e-30
27000 8.8150934834e-31
27100 7.4664067567e-31
27200 4.9355963430e-31
27300 4.0619553686e-31
27400 2.8647521931e-31
27500 2.2672496594e-31
27600 1.4362553211e-31
27700 1.1638128402e-31
27800 8.1146207667e-32
27900 6.3960808811e-32
28000 4.4925032010e-32
28100 3.5086799239e-32
28200 2.8506234704e-32
28300 1.7157015000e-32
28400 1.3126263622e-32
28500 7.7265689863e-33
28600 5.5040543753e-33
28700 4.9983766522e-33
28800 4.0923285911e-33
28900 2.0564308584e-33
29000 1.7483113019e-33
29100 1.2139032345e-33
29200 9.2770593916e-34
29300 7.5110985666e-34
29400 6.3469549794e-34
29500 4.9610989501e-34
29600 3.3793816108e-34
29700 2.7325520635e-34
29800 2.0755356023e-34
29900 1.0525096478e-34
30000 1.0055742510e-34
30100 8.9928449896e-35
30200 4.6730291880e-35
30300 4.1664667721e-35
30400 3.4158083127e-35
30500 2.1195290658e-35
30600 1.4034031055e-35
30700 1.1735243687e-35
30800 9.4209636432e-36
30900 8.4326593468e-36
31000 7.1015531964e-36
31100 4.8033191696e-36
31200 3.9596990536e-36
31300 1.9856523116e-36
31400 1.1540692371e-36
31500 3.7651024217e-37
31600 3.0121191035e-37
31700 2.2094731900e-37
31800 1.6397439944e-37
31900 1.4525737436e-37
32000 1.1786374762e-37
32100 9.9743464637e-38
32200 8.9879302788e-38
32300 6.8300637613e-38
32400 4.6062548143e-38
32500 2.7355353295e-38
32600 2.4006711388e-38
32700 2.2631508878e-38
32800 2.0894912487e-38
32900 1.3895276292e-38
33000 7.0090514913e-39
33100 6.1296544799e-39
33200 6.0005183680e-39
33300 5.7559706436e-39
33400 4.8977334587e-39
33500 2.6496705860e-39
33600 2.3852076909e-39
33700 1.6974975406e-39
33800 1.0137237086e-39
33900 8.2970191073e-40
34000 7.6545549768e-40
34100 6.1189992724e-40
34200 4.0879254243e-40
34300 2.6163783885e-40
34400 1.8034433260e-40
34500 1.5025286750e-40
34600 1.1735297200e-40
34700 7.0867924448e-41
34800 4.7084244170e-41
34900 3.1463827521e-41
35000 1.6302791246e-41
35100 1.1339543465e-41
35200 6.6923868593e-42
35300 4.8827017974e-42
35400 4.4497422253e-42
35500 2.7912016482e-42
35600 2.0865781045e-42
35700 1.5075226914e-42
35800 1.0605217712e-42
35900 7.0215203950e-43
36000 5.0636608718e-43
36100 3.2023489662e-43
36200 2.6133297773e-43
36300 2.3032640294e-43
36400 1.7124588619e-43
36500 1.1922213120e-43
36600 1.0164702668e-43
36700 6.8568383878e-44
36800 4.3948891361e-44
36900 2.9381635818e-44
37000 2.0049677021e-44
37100 1.4954499965e-44
37200 1.1863473224e-44
37300 8.7179951802e-45
37400 5.3315805568e-45
37500 3.8223178105e-45
37600 3.4248591047e-45
37700 2.8128280786e-45
37800 2.0803760184e-45
37900 1.9090449388e-45
38000 1.4676226711e-45
38100 1.2251429521e-45
38200 1.0833087231e-45
38300 7.7698306182e-46
38400 4.1438048692e-46
38500 4.0196672323e-46
38600 4.0141858921e-46
38700 2.9740155268e-46
38800 1.6724510254e-46
38900 1.3060285062e-46
39000 1.0036122852e-46
39100 6.1495609562e-47
39200 4.4692216189e-47
39300 4.1808172559e-47
39400 4.0743044743e-47
39500 3.3257766616e-47
39600 2.5281897959e-47
39700 1.4143513897e-47
39800 1.1050203387e-47
39900 9.8391938311e-48
40000 7.5006253157e-48
