0.0 3.0 0.0670226 2.04198
0.0 3.0 0.0643937 2.04198
0.0 3.0 0.0600385 2.04198
0.0 3.0 0.0648515 2.04198
0.0 3.0 0.0613644 2.04198
0.0 3.0 0.0679449 2.04198
0.0 3.0 0.0643358 2.04198
0.0 3.0 0.0585109 2.04198
0.0 3.0 0.0594432 2.04198
0.0 3.0 0.0768032 2.04198
0.0 3.0 0.0639083 2.04198
0.0 3.0 0.0604641 2.04198
0.0 3.0 0.0619638 2.04198
0.0 3.0 0.0627359 2.04198
0.0 3.0 0.0548505 2.04198
0.0 3.0 0.065838 2.04198
0.0 3.0 0.0633749 2.04198
0.0 3.0 0.0783057 2.04198
0.0 3.0 0.0671229 2.04198
0.0 3.0 0.0611863 2.04198
0.0 3.0 0.0635032 2.04198
0.0 3.0 0.0711874 2.04198
0.0 3.0 0.0542779 2.04198
0.0 3.0 0.063165 2.04198
0.0 3.0 0.0599856 2.04198
0.0 3.0 0.0623891 2.04198
0.0 3.0 0.0642223 2.04198
0.0 3.0 0.064583 2.04198
0.0 3.0 0.0640516 2.04198
0.0 3.0 0.0659989 2.04198
0.0 3.0 0.0652504 2.04198
0.0 3.0 0.066073 2.04198
0.0 3.0 0.0641016 2.04198
0.0 3.0 0.0659699 2.04198
0.0 3.0 0.0579977 2.04198
0.0 3.0 0.0628419 2.04198
0.0 3.0 0.0660042 2.04198
0.0 3.0 0.0641948 2.04198
0.0 3.0 0.0641823 2.04198
0.0 3.0 0.0636838 2.04198
0.0 3.0 0.0685904 2.04198
0.0 3.0 0.0651139 2.04198
0.0 3.0 0.0742897 2.04198
0.0 3.0 0.0540575 2.04198
0.0 3.0 0.0646997 2.04198
0.0 3.0 0.0685212 2.04198
0.0 3.0 0.0619928 2.04198
0.0 3.0 0.0594007 2.04198
0.0 3.0 0.0603533 2.04198
0.0 3.0 0.058054 2.04198
0.0 4.0 0.0642049 2.04198
0.0 4.0 0.0463508 2.04198
0.0 4.0 0.0502056 2.04198
0.0 4.0 0.050881 2.04198
0.0 4.0 0.0542676 2.04198
0.0 4.0 0.051368 2.04198
0.0 4.0 0.053688 2.04198
0.0 4.0 0.0551917 2.04198
0.0 4.0 0.054619 2.04198
0.0 4.0 0.0491918 2.04198
0.0 4.0 0.0504408 2.04198
0.0 4.0 0.0557696 2.04198
0.0 4.0 0.0533255 2.04198
0.0 4.0 0.0490688 2.04198
0.0 4.0 0.055255 2.04198
0.0 4.0 0.0476032 2.04198
0.0 4.0 0.0582283 2.04198
0.0 4.0 0.0543254 2.04198
0.0 4.0 0.0501257 2.04198
0.0 4.0 0.0520952 2.04198
0.0 4.0 0.0638892 2.04198
0.0 4.0 0.0453938 2.04198
0.0 4.0 0.0534974 2.04198
0.0 4.0 0.0484728 2.04198
0.0 4.0 0.0510088 2.04198
0.0 4.0 0.0477907 2.04198
0.0 4.0 0.0573001 2.04198
0.0 4.0 0.0475057 2.04198
0.0 4.0 0.0472551 2.04198
0.0 4.0 0.0512107 2.04198
0.0 4.0 0.0444684 2.04198
0.0 4.0 0.0495096 2.04198
0.0 4.0 0.0527476 2.04198
0.0 4.0 0.0557112 2.04198
0.0 4.0 0.0496094 2.04198
0.0 4.0 0.0556744 2.04198
0.0 4.0 0.0615614 2.04198
0.0 4.0 0.0485035 2.04198
0.0 4.0 0.0439021 2.04198
0.0 4.0 0.0528979 2.04198
0.0 4.0 0.048235 2.04198
0.0 4.0 0.0485329 2.04198
0.0 4.0 0.0521727 2.04198
0.0 4.0 0.0505479 2.04198
0.0 4.0 0.053641 2.04198
0.0 4.0 0.0454551 2.04198
0.0 4.0 0.0453034 2.04198
0.0 4.0 0.0513538 2.04198
0.0 4.0 0.0396473 2.04198
0.0 4.0 0.0626821 2.04198
0.0 5.0 0.0582555 2.04198
0.0 5.0 0.0564621 2.04198
0.0 5.0 0.0372357 2.04198
0.0 5.0 0.0532392 2.04198
0.0 5.0 0.0369878 2.04198
0.0 5.0 0.0543074 2.04198
0.0 5.0 0.0559565 2.04198
0.0 5.0 0.0326719 2.04198
0.0 5.0 0.058229 2.04198
0.0 5.0 0.04907 2.04198
0.0 5.0 0.0369666 2.04198
0.0 5.0 0.0510187 2.04198
0.0 5.0 0.0371835 2.04198
0.0 5.0 0.038558 2.04198
0.0 5.0 0.0329756 2.04198
0.0 5.0 0.0352009 2.04198
0.0 5.0 0.0369107 2.04198
0.0 5.0 0.0479194 2.04198
0.0 5.0 0.038832 2.04198
0.0 5.0 0.0432353 2.04198
0.0 5.0 0.0516744 2.04198
0.0 5.0 0.0351865 2.04198
0.0 5.0 0.0662569 2.04198
0.0 5.0 0.0512317 2.04198
0.0 5.0 0.0370904 2.04198
0.0 5.0 0.0391104 2.04198
0.0 5.0 0.0461847 2.04198
0.0 5.0 0.0326969 2.04198
0.0 5.0 0.0339416 2.04198
0.0 5.0 0.0604596 2.04198
0.0 5.0 0.0371772 2.04198
0.0 5.0 0.0331024 2.04198
0.0 5.0 0.0346387 2.04198
0.0 5.0 0.0537374 2.04198
0.0 5.0 0.039995 2.04198
0.0 5.0 0.0380266 2.04198
0.0 5.0 0.0593136 2.04198
0.0 5.0 0.0410505 2.04198
0.0 5.0 0.0475485 2.04198
0.0 5.0 0.042057 2.04198
0.0 5.0 0.0379013 2.04198
0.0 5.0 0.0478854 2.04198
0.0 5.0 0.0618344 2.04198
0.0 5.0 0.0388883 2.04198
0.0 5.0 0.0429713 2.04198
0.0 5.0 0.0509149 2.04198
0.0 5.0 0.0377826 2.04198
0.0 5.0 0.0600638 2.04198
0.0 5.0 0.0358265 2.04198
0.0 5.0 0.03924 2.04198
0.0 7.0 0.0314854 2.02223
0.0 7.0 0.0236192 2.02223
0.0 7.0 0.0200031 2.02223
0.0 7.0 0.0305822 2.02223
0.0 7.0 0.0206698 2.02223
0.0 7.0 0.0221288 2.02223
0.0 7.0 0.0211433 2.02223
0.0 7.0 0.0228338 2.02223
0.0 7.0 0.0222009 2.02223
0.0 7.0 0.0314356 2.02223
0.0 7.0 0.0253826 2.02223
0.0 7.0 0.0214217 2.02223
0.0 7.0 0.0211526 2.02223
0.0 7.0 0.0215757 2.02223
0.0 7.0 0.0236083 2.02223
0.0 7.0 0.019511 2.02223
0.0 7.0 0.0223355 2.02223
0.0 7.0 0.0206863 2.02223
0.0 7.0 0.0312871 2.02223
0.0 7.0 0.0193425 2.02223
0.0 7.0 0.0228968 2.02223
0.0 7.0 0.0159102 2.02223
0.0 7.0 0.0214825 2.02223
0.0 7.0 0.0233016 2.02223
0.0 7.0 0.0222541 2.02223
0.0 7.0 0.0173821 2.02223
0.0 7.0 0.0225425 2.02223
0.0 7.0 0.0196659 2.02223
0.0 7.0 0.0231068 2.02223
0.0 7.0 0.0214401 2.02223
0.0 7.0 0.0210539 2.02223
0.0 7.0 0.0196367 2.02223
0.0 7.0 0.0200683 2.02223
0.0 7.0 0.0227211 2.02223
0.0 7.0 0.0211563 2.02223
0.0 7.0 0.0187617 2.02223
0.0 7.0 0.0235301 2.02223
0.0 7.0 0.0211018 2.02223
0.0 7.0 0.0187516 2.02223
0.0 7.0 0.0204721 2.02223
0.0 7.0 0.0199888 2.02223
0.0 7.0 0.0243987 2.02223
0.0 7.0 0.0204598 2.02223
0.0 7.0 0.0228111 2.02223
0.0 7.0 0.0242008 2.02223
0.0 7.0 0.0233319 2.02223
0.0 7.0 0.0204735 2.02223
0.0 7.0 0.0209642 2.02223
0.0 7.0 0.0201029 2.02223
0.0 7.0 0.0202675 2.02223
0.0 8.0 0.0261001 2.04198
0.0 8.0 0.0196138 2.04198
0.0 8.0 0.0360132 2.04198
0.0 8.0 0.0284534 2.04198
0.0 8.0 0.0290182 2.04198
0.0 8.0 0.0239901 2.04198
0.0 8.0 0.0303024 2.04198
0.0 8.0 0.0292338 2.04198
0.0 8.0 0.0202662 2.04198
0.0 8.0 0.0212995 2.04198
0.0 8.0 0.0209177 2.04198
0.0 8.0 0.0281761 2.04198
0.0 8.0 0.0235839 2.04198
0.0 8.0 0.0292309 2.04198
0.0 8.0 0.0339453 2.04198
0.0 8.0 0.0252541 2.04198
0.0 8.0 0.0301841 2.04198
0.0 8.0 0.0357737 2.04198
0.0 8.0 0.0195508 2.04198
0.0 8.0 0.0237608 2.04198
0.0 8.0 0.0356894 2.04198
0.0 8.0 0.0300869 2.04198
0.0 8.0 0.0186132 2.04198
0.0 8.0 0.0326756 2.04198
0.0 8.0 0.0402659 2.04198
0.0 8.0 0.0208315 2.04198
0.0 8.0 0.0211373 2.04198
0.0 8.0 0.0202636 2.04198
0.0 8.0 0.0211663 2.04198
0.0 8.0 0.0245032 2.04198
0.0 8.0 0.0189264 2.04198
0.0 8.0 0.0255513 2.04198
0.0 8.0 0.0317041 2.04198
0.0 8.0 0.0317328 2.04198
0.0 8.0 0.0191402 2.04198
0.0 8.0 0.0235544 2.04198
0.0 8.0 0.0266235 2.04198
0.0 8.0 0.0233509 2.04198
0.0 8.0 0.0333878 2.04198
0.0 8.0 0.0320352 2.04198
0.0 8.0 0.034413 2.04198
0.0 8.0 0.0302554 2.04198
0.0 8.0 0.0275875 2.04198
0.0 8.0 0.0235979 2.04198
0.0 8.0 0.0250597 2.04198
0.0 8.0 0.0292061 2.04198
0.0 8.0 0.0299367 2.04198
0.0 8.0 0.0311809 2.04198
0.0 8.0 0.0222942 2.04198
0.0 8.0 0.0213118 2.04198
0.0 9.0 0.0288026 2.04198
0.0 9.0 0.0284886 2.04198
0.0 9.0 0.0241588 2.04198
0.0 9.0 0.030114 2.04198
0.0 9.0 0.020962 2.04198
0.0 9.0 0.0277947 2.04198
0.0 9.0 0.0241254 2.04198
0.0 9.0 0.0243938 2.04198
0.0 9.0 0.0245337 2.04198
0.0 9.0 0.0297999 2.04198
0.0 9.0 0.0288685 2.04198
0.0 9.0 0.0204372 2.04198
0.0 9.0 0.0190071 2.04198
0.0 9.0 0.0257779 2.04198
0.0 9.0 0.0266584 2.04198
0.0 9.0 0.0297296 2.04198
0.0 9.0 0.0304892 2.04198
0.0 9.0 0.0255966 2.04198
0.0 9.0 0.0285573 2.04198
0.0 9.0 0.0220675 2.04198
0.0 9.0 0.0223298 2.04198
0.0 9.0 0.0236229 2.04198
0.0 9.0 0.0318182 2.04198
0.0 9.0 0.0238067 2.04198
0.0 9.0 0.0302439 2.04198
0.0 9.0 0.0232569 2.04198
0.0 9.0 0.0212549 2.04198
0.0 9.0 0.0289069 2.04198
0.0 9.0 0.0219868 2.04198
0.0 9.0 0.0247115 2.04198
0.0 9.0 0.028044 2.04198
0.0 9.0 0.0294709 2.04198
0.0 9.0 0.0231012 2.04198
0.0 9.0 0.0225583 2.04198
0.0 9.0 0.0277629 2.04198
0.0 9.0 0.0235036 2.04198
0.0 9.0 0.0252271 2.04198
0.0 9.0 0.0278428 2.04198
0.0 9.0 0.0168576 2.04198
0.0 9.0 0.0275163 2.04198
0.0 9.0 0.0235073 2.04198
0.0 9.0 0.0303775 2.04198
0.0 9.0 0.0239812 2.04198
0.0 9.0 0.0211847 2.04198
0.0 9.0 0.0218413 2.04198
0.0 9.0 0.0257017 2.04198
0.0 9.0 0.0203679 2.04198
0.0 9.0 0.0268475 2.04198
0.0 9.0 0.0230887 2.04198
0.0 9.0 0.0235119 2.04198
0.0 15.0 0.0146221 2.04198
0.0 15.0 0.0165086 2.04198
0.0 15.0 0.0157866 2.04198
0.0 15.0 0.0153361 2.04198
0.0 15.0 0.018947 2.04198
0.0 15.0 0.0142744 2.04198
0.0 15.0 0.0145716 2.04198
0.0 15.0 0.0172011 2.04198
0.0 15.0 0.0175335 2.04198
0.0 15.0 0.0123991 2.04198
0.0 15.0 0.0176448 2.04198
0.0 15.0 0.0211861 2.04198
0.0 15.0 0.0146385 2.04198
0.0 15.0 0.0142004 2.04198
0.0 15.0 0.017679 2.04198
0.0 15.0 0.0160353 2.04198
0.0 15.0 0.0129348 2.04198
0.0 15.0 0.0152177 2.04198
0.0 15.0 0.0169515 2.04198
0.0 15.0 0.0137108 2.04198
0.0 15.0 0.0155726 2.04198
0.0 15.0 0.0166752 2.04198
0.0 15.0 0.0163946 2.04198
0.0 15.0 0.0156651 2.04198
0.0 15.0 0.0115992 2.04198
0.0 15.0 0.0148471 2.04198
0.0 15.0 0.0160869 2.04198
0.0 15.0 0.0153457 2.04198
0.0 15.0 0.0150351 2.04198
0.0 15.0 0.0146625 2.04198
0.0 15.0 0.0200303 2.04198
0.0 15.0 0.0160326 2.04198
0.0 15.0 0.0176174 2.04198
0.0 15.0 0.0180031 2.04198
0.0 15.0 0.0145391 2.04198
0.0 15.0 0.0251969 2.04198
0.0 15.0 0.0155336 2.04198
0.0 15.0 0.0159174 2.04198
0.0 15.0 0.0135301 2.04198
0.0 15.0 0.016695 2.04198
0.0 15.0 0.0134376 2.04198
0.0 15.0 0.0143625 2.04198
0.0 15.0 0.018571 2.04198
0.0 15.0 0.0192031 2.04198
0.0 15.0 0.0153277 2.04198
0.0 15.0 0.0176415 2.04198
0.0 15.0 0.0152267 2.04198
0.0 15.0 0.0162455 2.04198
0.0 15.0 0.0250009 2.04198
0.0 15.0 0.0161906 2.04198
0.0 16.0 0.0136177 2.04198
0.0 16.0 0.0191185 2.04198
0.0 16.0 0.0185682 2.04198
0.0 16.0 0.0130905 2.04198
0.0 16.0 0.0177233 2.04198
0.0 16.0 0.0152239 2.04198
0.0 16.0 0.0133165 2.04198
0.0 16.0 0.0136305 2.04198
0.0 16.0 0.0246816 2.04198
0.0 16.0 0.0149978 2.04198
0.0 16.0 0.0126161 2.04198
0.0 16.0 0.0198045 2.04198
0.0 16.0 0.0161129 2.04198
0.0 16.0 0.0170648 2.04198
0.0 16.0 0.0229826 2.04198
0.0 16.0 0.0151498 2.04198
0.0 16.0 0.017436 2.04198
0.0 16.0 0.0176167 2.04198
0.0 16.0 0.0141217 2.04198
0.0 16.0 0.0156338 2.04198
0.0 16.0 0.013073 2.04198
0.0 16.0 0.016902 2.04198
0.0 16.0 0.015894 2.04198
0.0 16.0 0.0133552 2.04198
0.0 16.0 0.0164457 2.04198
0.0 16.0 0.0125054 2.04198
0.0 16.0 0.0234218 2.04198
0.0 16.0 0.0166434 2.04198
0.0 16.0 0.015583 2.04198
0.0 16.0 0.0114002 2.04198
0.0 16.0 0.0153627 2.04198
0.0 16.0 0.0159988 2.04198
0.0 16.0 0.0137222 2.04198
0.0 16.0 0.0206078 2.04198
0.0 16.0 0.0154116 2.04198
0.0 16.0 0.0242716 2.04198
0.0 16.0 0.0195513 2.04198
0.0 16.0 0.0223645 2.04198
0.0 16.0 0.0204081 2.04198
0.0 16.0 0.0195322 2.04198
0.0 16.0 0.0150429 2.04198
0.0 16.0 0.0182567 2.04198
0.0 16.0 0.0204454 2.04198
0.0 16.0 0.0144124 2.04198
0.0 16.0 0.0198162 2.04198
0.0 16.0 0.0160293 2.04198
0.0 16.0 0.0160043 2.04198
0.0 16.0 0.019572 2.04198
0.0 16.0 0.0194946 2.04198
0.0 16.0 0.0197055 2.04198
0.0 17.0 0.0211865 2.04198
0.0 17.0 0.0164546 2.04198
0.0 17.0 0.0155636 2.04198
0.0 17.0 0.0210036 2.04198
0.0 17.0 0.0143338 2.04198
0.0 17.0 0.0212783 2.04198
0.0 17.0 0.0212039 2.04198
0.0 17.0 0.0198998 2.04198
0.0 17.0 0.0179475 2.04198
0.0 17.0 0.0143194 2.04198
0.0 17.0 0.0233366 2.04198
0.0 17.0 0.0405582 2.04198
0.0 17.0 0.0244217 2.04198
0.0 17.0 0.0210164 2.04198
0.0 17.0 0.0207252 2.04198
0.0 17.0 0.0141792 2.04198
0.0 17.0 0.0142251 2.04198
0.0 17.0 0.0196431 2.04198
0.0 17.0 0.0166612 2.04198
0.0 17.0 0.0145531 2.04198
0.0 17.0 0.0222225 2.04198
0.0 17.0 0.0209452 2.04198
0.0 17.0 0.0159074 2.04198
0.0 17.0 0.0151274 2.04198
0.0 17.0 0.0162498 2.04198
0.0 17.0 0.0200714 2.04198
0.0 17.0 0.0198194 2.04198
0.0 17.0 0.0228229 2.04198
0.0 17.0 0.0189742 2.04198
0.0 17.0 0.0197524 2.04198
0.0 17.0 0.0159477 2.04198
0.0 17.0 0.0161337 2.04198
0.0 17.0 0.0158615 2.04198
0.0 17.0 0.015324 2.04198
0.0 17.0 0.0209541 2.04198
0.0 17.0 0.0203008 2.04198
0.0 17.0 0.0204019 2.04198
0.0 17.0 0.0185873 2.04198
0.0 17.0 0.017286 2.04198
0.0 17.0 0.022163 2.04198
0.0 17.0 0.0235199 2.04198
0.0 17.0 0.0147053 2.04198
0.0 17.0 0.0216014 2.04198
0.0 17.0 0.0223071 2.04198
0.0 17.0 0.0163945 2.04198
0.0 17.0 0.0199975 2.04198
0.0 17.0 0.0241907 2.04198
0.0 17.0 0.0178529 2.04198
0.0 17.0 0.0196323 2.04198
0.0 17.0 0.0247702 2.04198
0.0 31.0 0.0128409 2.04198
0.0 31.0 0.0151586 2.04198
0.0 31.0 0.0157649 2.04198
0.0 31.0 0.0153222 2.04198
0.0 31.0 0.0147959 2.04198
0.0 31.0 0.0127566 2.04198
0.0 31.0 0.0118553 2.04198
0.0 31.0 0.0101391 2.04198
0.0 31.0 0.0101303 2.04198
0.0 31.0 0.0140589 2.04198
0.0 31.0 0.0130681 2.04198
0.0 31.0 0.0149001 2.04198
0.0 31.0 0.0155889 2.04198
0.0 31.0 0.0139046 2.04198
0.0 31.0 0.0188438 2.04198
0.0 31.0 0.0194109 2.04198
0.0 31.0 0.0150345 2.04198
0.0 31.0 0.0140157 2.04198
0.0 31.0 0.0145236 2.04198
0.0 31.0 0.0142595 2.04198
0.0 31.0 0.0163577 2.04198
0.0 31.0 0.0161286 2.04198
0.0 31.0 0.0173731 2.04198
0.0 31.0 0.0164243 2.04198
0.0 31.0 0.0168278 2.04198
0.0 31.0 0.0100363 2.04198
0.0 31.0 0.0143678 2.04198
0.0 31.0 0.0107866 2.04198
0.0 31.0 0.0154349 2.04198
0.0 31.0 0.011926 2.04198
0.0 31.0 0.012268 2.04198
0.0 31.0 0.0108575 2.04198
0.0 31.0 0.0194583 2.04198
0.0 31.0 0.0145748 2.04198
0.0 31.0 0.0156105 2.04198
0.0 31.0 0.0143726 2.04198
0.0 31.0 0.0151184 2.04198
0.0 31.0 0.0110555 2.04198
0.0 31.0 0.0194734 2.04198
0.0 31.0 0.0166564 2.04198
0.0 31.0 0.010603 2.04198
0.0 31.0 0.0130763 2.04198
0.0 31.0 0.0174301 2.04198
0.0 31.0 0.0118484 2.04198
0.0 31.0 0.0143871 2.04198
0.0 31.0 0.0148186 2.04198
0.0 31.0 0.0103944 2.04198
0.0 31.0 0.0187519 2.04198
0.0 31.0 0.013955 2.04198
0.0 31.0 0.0135908 2.04198
0.0 32.0 0.013488 2.04198
0.0 32.0 0.0122006 2.04198
0.0 32.0 0.0116472 2.04198
0.0 32.0 0.0144607 2.04198
0.0 32.0 0.0135961 2.04198
0.0 32.0 0.0140286 2.04198
0.0 32.0 0.0188953 2.04198
0.0 32.0 0.0183951 2.04198
0.0 32.0 0.0103115 2.04198
0.0 32.0 0.0140055 2.04198
0.0 32.0 0.0130686 2.04198
0.0 32.0 0.0128449 2.04198
0.0 32.0 0.0121076 2.04198
0.0 32.0 0.0157923 2.04198
0.0 32.0 0.0195451 2.04198
0.0 32.0 0.013079 2.04198
0.0 32.0 0.0173187 2.04198
0.0 32.0 0.0107043 2.04198
0.0 32.0 0.0142845 2.04198
0.0 32.0 0.0135708 2.04198
0.0 32.0 0.0127377 2.04198
0.0 32.0 0.0155661 2.04198
0.0 32.0 0.0193974 2.04198
0.0 32.0 0.015034 2.04198
0.0 32.0 0.0202054 2.04198
0.0 32.0 0.0137788 2.04198
0.0 32.0 0.0155348 2.04198
0.0 32.0 0.0178554 2.04198
0.0 32.0 0.0110112 2.04198
0.0 32.0 0.016516 2.04198
0.0 32.0 0.0141978 2.04198
0.0 32.0 0.0114724 2.04198
0.0 32.0 0.0169472 2.04198
0.0 32.0 0.0185696 2.04198
0.0 32.0 0.0112726 2.04198
0.0 32.0 0.0177989 2.04198
0.0 32.0 0.017734 2.04198
0.0 32.0 0.0173246 2.04198
0.0 32.0 0.0126322 2.04198
0.0 32.0 0.0179508 2.04198
0.0 32.0 0.0104914 2.04198
0.0 32.0 0.015352 2.04198
0.0 32.0 0.0157737 2.04198
0.0 32.0 0.0131579 2.04198
0.0 32.0 0.0113025 2.04198
0.0 32.0 0.0186481 2.04198
0.0 32.0 0.0113506 2.04198
0.0 32.0 0.0141082 2.04198
0.0 32.0 0.0135405 2.04198
0.0 32.0 0.0107526 2.04198
0.0 33.0 0.0162467 2.04198
0.0 33.0 0.0138046 2.04198
0.0 33.0 0.0109091 2.04198
0.0 33.0 0.0153654 2.04198
0.0 33.0 0.0146652 2.04198
0.0 33.0 0.0163873 2.04198
0.0 33.0 0.0146845 2.04198
0.0 33.0 0.0147424 2.04198
0.0 33.0 0.0119065 2.04198
0.0 33.0 0.0155043 2.04198
0.0 33.0 0.0127225 2.04198
0.0 33.0 0.0183338 2.04198
0.0 33.0 0.014073 2.04198
0.0 33.0 0.013939 2.04198
0.0 33.0 0.0130188 2.04198
0.0 33.0 0.0154162 2.04198
0.0 33.0 0.0115707 2.04198
0.0 33.0 0.0183007 2.04198
0.0 33.0 0.00920313 2.04198
0.0 33.0 0.0144317 2.04198
0.0 33.0 0.019752 2.04198
0.0 33.0 0.0102937 2.04198
0.0 33.0 0.0136763 2.04198
0.0 33.0 0.0151844 2.04198
0.0 33.0 0.01626 2.04198
0.0 33.0 0.0180432 2.04198
0.0 33.0 0.0128978 2.04198
0.0 33.0 0.010874 2.04198
0.0 33.0 0.0176354 2.04198
0.0 33.0 0.0153236 2.04198
0.0 33.0 0.0174897 2.04198
0.0 33.0 0.0130627 2.04198
0.0 33.0 0.0138032 2.04198
0.0 33.0 0.0162695 2.04198
0.0 33.0 0.019657 2.04198
0.0 33.0 0.0149637 2.04198
0.0 33.0 0.0116677 2.04198
0.0 33.0 0.013663 2.04198
0.0 33.0 0.0163043 2.04198
0.0 33.0 0.0136159 2.04198
0.0 33.0 0.0139337 2.04198
0.0 33.0 0.0107628 2.04198
0.0 33.0 0.0157843 2.04198
0.0 33.0 0.0136142 2.04198
0.0 33.0 0.0089647 2.04198
0.0 33.0 0.0195914 2.04198
0.0 33.0 0.0104461 2.04198
0.0 33.0 0.011046 2.04198
0.0 33.0 0.0138264 2.04198
0.0 33.0 0.0131215 2.04198
1.0 3.0 0.0904022 16.6528
1.0 3.0 0.108549 16.6528
1.0 3.0 0.0866778 16.6528
1.0 3.0 0.0821111 16.6528
1.0 3.0 0.0969772 16.6528
1.0 3.0 0.0920859 16.6528
1.0 3.0 0.0926798 16.6528
1.0 3.0 0.0863583 16.6528
1.0 3.0 0.102302 16.6528
1.0 3.0 0.088328 16.6528
1.0 3.0 0.0976186 16.6528
1.0 3.0 0.0877937 16.6528
1.0 3.0 0.0850666 16.6528
1.0 3.0 0.0765142 16.6528
1.0 3.0 0.0951326 16.6528
1.0 3.0 0.0994239 16.6528
1.0 3.0 0.087044 16.6528
1.0 3.0 0.0906422 16.6528
1.0 3.0 0.0880684 16.6528
1.0 3.0 0.0957947 16.6528
1.0 3.0 0.133715 16.6528
1.0 3.0 0.0872675 16.6528
1.0 3.0 0.0774279 16.6528
1.0 3.0 0.0896235 16.6528
1.0 3.0 0.0887363 16.6528
1.0 3.0 0.0883231 16.6528
1.0 3.0 0.119916 16.6528
1.0 3.0 0.0811433 16.6528
1.0 3.0 0.112761 16.6528
1.0 3.0 0.108594 16.6528
1.0 3.0 0.10848 16.6528
1.0 3.0 0.112732 16.6528
1.0 3.0 0.11136 16.6528
1.0 3.0 0.0902327 16.6528
1.0 3.0 0.109242 16.6528
1.0 3.0 0.0929756 16.6528
1.0 3.0 0.08902 16.6528
1.0 3.0 0.107769 16.6528
1.0 3.0 0.0989058 16.6528
1.0 3.0 0.120547 16.6528
1.0 3.0 0.087242 16.6528
1.0 3.0 0.0892462 16.6528
1.0 3.0 0.0900296 16.6528
1.0 3.0 0.10867 16.6528
1.0 3.0 0.0918323 16.6528
1.0 3.0 0.110807 16.6528
1.0 3.0 0.108017 16.6528
1.0 3.0 0.113676 16.6528
1.0 3.0 0.0951915 16.6528
1.0 3.0 0.108005 16.6528
1.0 4.0 0.0965273 16.6528
1.0 4.0 0.0716317 16.6528
1.0 4.0 0.0720829 16.6528
1.0 4.0 0.120336 16.6528
1.0 4.0 0.0599736 16.6528
1.0 4.0 0.0696701 16.6528
1.0 4.0 0.0676112 16.6528
1.0 4.0 0.0967501 16.6528
1.0 4.0 0.103664 16.6528
1.0 4.0 0.0971622 16.6528
1.0 4.0 0.0961373 16.6528
1.0 4.0 0.079924 16.6528
1.0 4.0 0.095589 16.6528
1.0 4.0 0.0689809 16.6528
1.0 4.0 0.0636992 16.6528
1.0 4.0 0.0607047 16.6528
1.0 4.0 0.0858369 16.6528
1.0 4.0 0.106286 16.6528
1.0 4.0 0.0994957 16.6528
1.0 4.0 0.078898 16.6528
1.0 4.0 0.107027 16.6528
1.0 4.0 0.0718865 16.6528
1.0 4.0 0.0698653 16.6528
1.0 4.0 0.0731118 16.6528
1.0 4.0 0.114174 16.6528
1.0 4.0 0.0699251 16.6528
1.0 4.0 0.0610891 16.6528
1.0 4.0 0.0620461 16.6528
1.0 4.0 0.0662039 16.6528
1.0 4.0 0.102509 16.6528
1.0 4.0 0.0944513 16.6528
1.0 4.0 0.0976816 16.6528
1.0 4.0 0.0720903 16.6528
1.0 4.0 0.0670531 16.6528
1.0 4.0 0.065626 16.6528
1.0 4.0 0.108526 16.6528
1.0 4.0 0.0699863 16.6528
1.0 4.0 0.0748053 16.6528
1.0 4.0 0.0733071 16.6528
1.0 4.0 0.0700927 16.6528
1.0 4.0 0.0666171 16.6528
1.0 4.0 0.1084 16.6528
1.0 4.0 0.0659287 16.6528
1.0 4.0 0.0687868 16.6528
1.0 4.0 0.0690709 16.6528
1.0 4.0 0.0682839 16.6528
1.0 4.0 0.0601752 16.6528
1.0 4.0 0.0706434 16.6528
1.0 4.0 0.0747527 16.6528
1.0 4.0 0.0852781 16.6528
1.0 5.0 0.0502147 16.6528
1.0 5.0 0.0483801 16.6528
1.0 5.0 0.0501299 16.6528
1.0 5.0 0.0505928 16.6528
1.0 5.0 0.0533782 16.6528
1.0 5.0 0.0516547 16.6528
1.0 5.0 0.0540969 16.6528
1.0 5.0 0.0524045 16.6528
1.0 5.0 0.053671 16.6528
1.0 5.0 0.0602855 16.6528
1.0 5.0 0.0468126 16.6528
1.0 5.0 0.0681166 16.6528
1.0 5.0 0.0475923 16.6528
1.0 5.0 0.0564442 16.6528
1.0 5.0 0.0639184 16.6528
1.0 5.0 0.0517975 16.6528
1.0 5.0 0.0509837 16.6528
1.0 5.0 0.0470342 16.6528
1.0 5.0 0.0489317 16.6528
1.0 5.0 0.0474238 16.6528
1.0 5.0 0.0575373 16.6528
1.0 5.0 0.0490108 16.6528
1.0 5.0 0.0496654 16.6528
1.0 5.0 0.0528737 16.6528
1.0 5.0 0.0475624 16.6528
1.0 5.0 0.0831708 16.6528
1.0 5.0 0.046648 16.6528
1.0 5.0 0.0478018 16.6528
1.0 5.0 0.050673 16.6528
1.0 5.0 0.0507055 16.6528
1.0 5.0 0.0552704 16.6528
1.0 5.0 0.083289 16.6528
1.0 5.0 0.059803 16.6528
1.0 5.0 0.0476177 16.6528
1.0 5.0 0.0496926 16.6528
1.0 5.0 0.051858 16.6528
1.0 5.0 0.0618432 16.6528
1.0 5.0 0.0593097 16.6528
1.0 5.0 0.0517627 16.6528
1.0 5.0 0.0528595 16.6528
1.0 5.0 0.0506406 16.6528
1.0 5.0 0.0494822 16.6528
1.0 5.0 0.0601987 16.6528
1.0 5.0 0.0496667 16.6528
1.0 5.0 0.067607 16.6528
1.0 5.0 0.0519963 16.6528
1.0 5.0 0.0495565 16.6528
1.0 5.0 0.0527853 16.6528
1.0 5.0 0.0458039 16.6528
1.0 5.0 0.0547372 16.6528
1.0 7.0 0.0340723 16.6528
1.0 7.0 0.0600621 16.6528
1.0 7.0 0.0561606 16.6528
1.0 7.0 0.0365948 16.6528
1.0 7.0 0.0382799 16.6528
1.0 7.0 0.0372997 16.6528
1.0 7.0 0.0482583 16.6528
1.0 7.0 0.0363389 16.6528
1.0 7.0 0.0434672 16.6528
1.0 7.0 0.0358268 16.6528
1.0 7.0 0.0353857 16.6528
1.0 7.0 0.0547437 16.6528
1.0 7.0 0.0400924 16.6528
1.0 7.0 0.0370768 16.6528
1.0 7.0 0.0377639 16.6528
1.0 7.0 0.0455723 16.6528
1.0 7.0 0.0584999 16.6528
1.0 7.0 0.0433249 16.6528
1.0 7.0 0.036499 16.6528
1.0 7.0 0.0462294 16.6528
1.0 7.0 0.0537099 16.6528
1.0 7.0 0.0438769 16.6528
1.0 7.0 0.049406 16.6528
1.0 7.0 0.0598058 16.6528
1.0 7.0 0.0471467 16.6528
1.0 7.0 0.0381637 16.6528
1.0 7.0 0.0358482 16.6528
1.0 7.0 0.0644058 16.6528
1.0 7.0 0.0637512 16.6528
1.0 7.0 0.0406311 16.6528
1.0 7.0 0.0351217 16.6528
1.0 7.0 0.0526057 16.6528
1.0 7.0 0.0363183 16.6528
1.0 7.0 0.0554225 16.6528
1.0 7.0 0.039264 16.6528
1.0 7.0 0.0385079 16.6528
1.0 7.0 0.0368814 16.6528
1.0 7.0 0.0480194 16.6528
1.0 7.0 0.0474883 16.6528
1.0 7.0 0.0354573 16.6528
1.0 7.0 0.0364782 16.6528
1.0 7.0 0.0491798 16.6528
1.0 7.0 0.0619381 16.6528
1.0 7.0 0.0382683 16.6528
1.0 7.0 0.0384929 16.6528
1.0 7.0 0.0549628 16.6528
1.0 7.0 0.0541545 16.6528
1.0 7.0 0.0392035 16.6528
1.0 7.0 0.057996 16.6528
1.0 7.0 0.0546867 16.6528
1.0 8.0 0.0379899 16.6528
1.0 8.0 0.0383219 16.6528
1.0 8.0 0.0333706 16.6528
1.0 8.0 0.0529667 16.6528
1.0 8.0 0.0353835 16.6528
1.0 8.0 0.0348337 16.6528
1.0 8.0 0.0332729 16.6528
1.0 8.0 0.0331658 16.6528
1.0 8.0 0.0540326 16.6528
1.0 8.0 0.0359764 16.6528
1.0 8.0 0.0333939 16.6528
1.0 8.0 0.0385253 16.6528
1.0 8.0 0.0336233 16.6528
1.0 8.0 0.0382521 16.6528
1.0 8.0 0.0339732 16.6528
1.0 8.0 0.0354458 16.6528
1.0 8.0 0.0287755 16.6528
1.0 8.0 0.0381048 16.6528
1.0 8.0 0.0399932 16.6528
1.0 8.0 0.0385925 16.6528
1.0 8.0 0.0341689 16.6528
1.0 8.0 0.035242 16.6528
1.0 8.0 0.0375524 16.6528
1.0 8.0 0.0541203 16.6528
1.0 8.0 0.0529282 16.6528
1.0 8.0 0.036104 16.6528
1.0 8.0 0.0360732 16.6528
1.0 8.0 0.0356194 16.6528
1.0 8.0 0.0353833 16.6528
1.0 8.0 0.0375083 16.6528
1.0 8.0 0.0329163 16.6528
1.0 8.0 0.0354682 16.6528
1.0 8.0 0.0369094 16.6528
1.0 8.0 0.0390254 16.6528
1.0 8.0 0.0346094 16.6528
1.0 8.0 0.033247 16.6528
1.0 8.0 0.0330712 16.6528
1.0 8.0 0.0341719 16.6528
1.0 8.0 0.031725 16.6528
1.0 8.0 0.0379587 16.6528
1.0 8.0 0.0538158 16.6528
1.0 8.0 0.0286487 16.6528
1.0 8.0 0.0539713 16.6528
1.0 8.0 0.0362771 16.6528
1.0 8.0 0.0356897 16.6528
1.0 8.0 0.0381979 16.6528
1.0 8.0 0.0323613 16.6528
1.0 8.0 0.0345998 16.6528
1.0 8.0 0.0356549 16.6528
1.0 8.0 0.0374304 16.6528
1.0 9.0 0.0477428 16.6528
1.0 9.0 0.0364504 16.6528
1.0 9.0 0.0310361 16.6528
1.0 9.0 0.0313947 16.6528
1.0 9.0 0.0340064 16.6528
1.0 9.0 0.0340541 16.6528
1.0 9.0 0.0322976 16.6528
1.0 9.0 0.0330883 16.6528
1.0 9.0 0.0342968 16.6528
1.0 9.0 0.035414 16.6528
1.0 9.0 0.0435385 16.6528
1.0 9.0 0.0300073 16.6528
1.0 9.0 0.0402391 16.6528
1.0 9.0 0.0349933 16.6528
1.0 9.0 0.0332332 16.6528
1.0 9.0 0.0370755 16.6528
1.0 9.0 0.0371912 16.6528
1.0 9.0 0.0296 16.6528
1.0 9.0 0.0299941 16.6528
1.0 9.0 0.0290972 16.6528
1.0 9.0 0.0301389 16.6528
1.0 9.0 0.0340483 16.6528
1.0 9.0 0.035742 16.6528
1.0 9.0 0.0374386 16.6528
1.0 9.0 0.0458305 16.6528
1.0 9.0 0.0448787 16.6528
1.0 9.0 0.0278782 16.6528
1.0 9.0 0.0335548 16.6528
1.0 9.0 0.0347465 16.6528
1.0 9.0 0.0308939 16.6528
1.0 9.0 0.0327437 16.6528
1.0 9.0 0.0308773 16.6528
1.0 9.0 0.0347492 16.6528
1.0 9.0 0.0279308 16.6528
1.0 9.0 0.0376614 16.6528
1.0 9.0 0.0363449 16.6528
1.0 9.0 0.0323927 16.6528
1.0 9.0 0.039055 16.6528
1.0 9.0 0.0362828 16.6528
1.0 9.0 0.0352084 16.6528
1.0 9.0 0.0334297 16.6528
1.0 9.0 0.0316635 16.6528
1.0 9.0 0.0309769 16.6528
1.0 9.0 0.0327087 16.6528
1.0 9.0 0.0290056 16.6528
1.0 9.0 0.0286565 16.6528
1.0 9.0 0.0343984 16.6528
1.0 9.0 0.0363147 16.6528
1.0 9.0 0.0366721 16.6528
1.0 9.0 0.0295091 16.6528
1.0 15.0 0.0171975 16.6522
1.0 15.0 0.0206028 16.6522
1.0 15.0 0.0173945 16.6522
1.0 15.0 0.0200602 16.6522
1.0 15.0 0.0199862 16.6522
1.0 15.0 0.0265598 16.6522
1.0 15.0 0.0183734 16.6522
1.0 15.0 0.0207173 16.6522
1.0 15.0 0.0198583 16.6522
1.0 15.0 0.0215027 16.6522
1.0 15.0 0.0182981 16.6522
1.0 15.0 0.0207937 16.6522
1.0 15.0 0.0191735 16.6522
1.0 15.0 0.0195051 16.6522
1.0 15.0 0.0177007 16.6522
1.0 15.0 0.0202926 16.6522
1.0 15.0 0.0203861 16.6522
1.0 15.0 0.0187519 16.6522
1.0 15.0 0.020352 16.6522
1.0 15.0 0.0213932 16.6522
1.0 15.0 0.0186859 16.6522
1.0 15.0 0.0193016 16.6522
1.0 15.0 0.0175024 16.6522
1.0 15.0 0.0190692 16.6522
1.0 15.0 0.0197329 16.6522
1.0 15.0 0.0218989 16.6522
1.0 15.0 0.018009 16.6522
1.0 15.0 0.0194912 16.6522
1.0 15.0 0.019463 16.6522
1.0 15.0 0.0216157 16.6522
1.0 15.0 0.0202552 16.6522
1.0 15.0 0.0207614 16.6522
1.0 15.0 0.0224729 16.6522
1.0 15.0 0.0226272 16.6522
1.0 15.0 0.0204536 16.6522
1.0 15.0 0.0172677 16.6522
1.0 15.0 0.0200258 16.6522
1.0 15.0 0.0179045 16.6522
1.0 15.0 0.0170859 16.6522
1.0 15.0 0.0177693 16.6522
1.0 15.0 0.0211573 16.6522
1.0 15.0 0.0192568 16.6522
1.0 15.0 0.0195626 16.6522
1.0 15.0 0.0209958 16.6522
1.0 15.0 0.017903 16.6522
1.0 15.0 0.0175691 16.6522
1.0 15.0 0.0175199 16.6522
1.0 15.0 0.0170702 16.6522
1.0 15.0 0.0201084 16.6522
1.0 15.0 0.01994 16.6522
1.0 16.0 0.0167642 16.6522
1.0 16.0 0.0188134 16.6522
1.0 16.0 0.0182272 16.6522
1.0 16.0 0.0188431 16.6522
1.0 16.0 0.0196381 16.6522
1.0 16.0 0.0221086 16.6522
1.0 16.0 0.0207811 16.6522
1.0 16.0 0.0213104 16.6522
1.0 16.0 0.0177302 16.6522
1.0 16.0 0.0198853 16.6522
1.0 16.0 0.0184814 16.6522
1.0 16.0 0.020646 16.6522
1.0 16.0 0.0215225 16.6522
1.0 16.0 0.0199398 16.6522
1.0 16.0 0.017763 16.6522
1.0 16.0 0.0205412 16.6522
1.0 16.0 0.021183 16.6522
1.0 16.0 0.0193444 16.6522
1.0 16.0 0.0212628 16.6522
1.0 16.0 0.0205824 16.6522
1.0 16.0 0.021733 16.6522
1.0 16.0 0.0176192 16.6522
1.0 16.0 0.0193229 16.6522
1.0 16.0 0.0197829 16.6522
1.0 16.0 0.021811 16.6522
1.0 16.0 0.021329 16.6522
1.0 16.0 0.0180025 16.6522
1.0 16.0 0.0208454 16.6522
1.0 16.0 0.0205367 16.6522
1.0 16.0 0.0178847 16.6522
1.0 16.0 0.0216882 16.6522
1.0 16.0 0.0218805 16.6522
1.0 16.0 0.0180443 16.6522
1.0 16.0 0.0199526 16.6522
1.0 16.0 0.0190189 16.6522
1.0 16.0 0.0202036 16.6522
1.0 16.0 0.0200066 16.6522
1.0 16.0 0.0206455 16.6522
1.0 16.0 0.0219328 16.6522
1.0 16.0 0.0203018 16.6522
1.0 16.0 0.0199485 16.6522
1.0 16.0 0.0226207 16.6522
1.0 16.0 0.0229179 16.6522
1.0 16.0 0.0198972 16.6522
1.0 16.0 0.0218281 16.6522
1.0 16.0 0.0214524 16.6522
1.0 16.0 0.0208889 16.6522
1.0 16.0 0.0139214 16.6522
1.0 16.0 0.0192926 16.6522
1.0 16.0 0.0194361 16.6522
1.0 17.0 0.0199749 16.6509
1.0 17.0 0.0160312 16.6509
1.0 17.0 0.0178694 16.6509
1.0 17.0 0.0188233 16.6509
1.0 17.0 0.0200487 16.6509
1.0 17.0 0.0167803 16.6509
1.0 17.0 0.01691 16.6509
1.0 17.0 0.0200767 16.6509
1.0 17.0 0.0176936 16.6509
1.0 17.0 0.0183842 16.6509
1.0 17.0 0.0158636 16.6509
1.0 17.0 0.0206449 16.6509
1.0 17.0 0.0200594 16.6509
1.0 17.0 0.0183716 16.6509
1.0 17.0 0.0193634 16.6509
1.0 17.0 0.0187915 16.6509
1.0 17.0 0.0195999 16.6509
1.0 17.0 0.0196774 16.6509
1.0 17.0 0.0200382 16.6509
1.0 17.0 0.0180476 16.6509
1.0 17.0 0.0171746 16.6509
1.0 17.0 0.0175553 16.6509
1.0 17.0 0.0180024 16.6509
1.0 17.0 0.0173968 16.6509
1.0 17.0 0.0195985 16.6509
1.0 17.0 0.0165515 16.6509
1.0 17.0 0.0172502 16.6509
1.0 17.0 0.0177122 16.6509
1.0 17.0 0.0203491 16.6509
1.0 17.0 0.018882 16.6509
1.0 17.0 0.0157177 16.6509
1.0 17.0 0.020276 16.6509
1.0 17.0 0.0191955 16.6509
1.0 17.0 0.0191105 16.6509
1.0 17.0 0.0187051 16.6509
1.0 17.0 0.0187391 16.6509
1.0 17.0 0.0184654 16.6509
1.0 17.0 0.0193977 16.6509
1.0 17.0 0.0175094 16.6509
1.0 17.0 0.0168758 16.6509
1.0 17.0 0.0166536 16.6509
1.0 17.0 0.0195233 16.6509
1.0 17.0 0.0189104 16.6509
1.0 17.0 0.0167173 16.6509
1.0 17.0 0.0188289 16.6509
1.0 17.0 0.0210436 16.6509
1.0 17.0 0.0205287 16.6509
1.0 17.0 0.0205536 16.6509
1.0 17.0 0.0236752 16.6509
1.0 17.0 0.0213579 16.6509
1.0 31.0 0.0142328 16.6519
1.0 31.0 0.0137274 16.6519
1.0 31.0 0.0125815 16.6519
1.0 31.0 0.0130293 16.6519
1.0 31.0 0.0129554 16.6519
1.0 31.0 0.0134127 16.6519
1.0 31.0 0.0120298 16.6519
1.0 31.0 0.0122495 16.6519
1.0 31.0 0.013108 16.6519
1.0 31.0 0.0138058 16.6519
1.0 31.0 0.0128331 16.6519
1.0 31.0 0.0133044 16.6519
1.0 31.0 0.0117248 16.6519
1.0 31.0 0.0113331 16.6519
1.0 31.0 0.0107533 16.6519
1.0 31.0 0.013202 16.6519
1.0 31.0 0.0137592 16.6519
1.0 31.0 0.0109791 16.6519
1.0 31.0 0.0129788 16.6519
1.0 31.0 0.0123066 16.6519
1.0 31.0 0.013164 16.6519
1.0 31.0 0.0115798 16.6519
1.0 31.0 0.011732 16.6519
1.0 31.0 0.0126294 16.6519
1.0 31.0 0.0141936 16.6519
1.0 31.0 0.0137425 16.6519
1.0 31.0 0.0152873 16.6519
1.0 31.0 0.0122321 16.6519
1.0 31.0 0.015166 16.6519
1.0 31.0 0.0125753 16.6519
1.0 31.0 0.0116378 16.6519
1.0 31.0 0.0150149 16.6519
1.0 31.0 0.0137368 16.6519
1.0 31.0 0.0138645 16.6519
1.0 31.0 0.0147268 16.6519
1.0 31.0 0.0131209 16.6519
1.0 31.0 0.0129069 16.6519
1.0 31.0 0.0144609 16.6519
1.0 31.0 0.0130155 16.6519
1.0 31.0 0.0130868 16.6519
1.0 31.0 0.0140859 16.6519
1.0 31.0 0.0133232 16.6519
1.0 31.0 0.0144561 16.6519
1.0 31.0 0.0083739 16.6519
1.0 31.0 0.0111241 16.6519
1.0 31.0 0.011316 16.6519
1.0 31.0 0.0135515 16.6519
1.0 31.0 0.0144431 16.6519
1.0 31.0 0.0147208 16.6519
1.0 31.0 0.0145078 16.6519
1.0 32.0 0.0136495 16.6519
1.0 32.0 0.0134417 16.6519
1.0 32.0 0.0133416 16.6519
1.0 32.0 0.0131288 16.6519
1.0 32.0 0.0121265 16.6519
1.0 32.0 0.0133828 16.6519
1.0 32.0 0.00851598 16.6519
1.0 32.0 0.0131585 16.6519
1.0 32.0 0.0128277 16.6519
1.0 32.0 0.0144546 16.6519
1.0 32.0 0.0114044 16.6519
1.0 32.0 0.0120007 16.6519
1.0 32.0 0.0147745 16.6519
1.0 32.0 0.0140097 16.6519
1.0 32.0 0.0127655 16.6519
1.0 32.0 0.0133256 16.6519
1.0 32.0 0.013681 16.6519
1.0 32.0 0.0131 16.6519
1.0 32.0 0.0127821 16.6519
1.0 32.0 0.0110843 16.6519
1.0 32.0 0.0132981 16.6519
1.0 32.0 0.0133325 16.6519
1.0 32.0 0.0102387 16.6519
1.0 32.0 0.011269 16.6519
1.0 32.0 0.0131386 16.6519
1.0 32.0 0.0130261 16.6519
1.0 32.0 0.0130894 16.6519
1.0 32.0 0.0136824 16.6519
1.0 32.0 0.0130257 16.6519
1.0 32.0 0.0120604 16.6519
1.0 32.0 0.0126186 16.6519
1.0 32.0 0.0129662 16.6519
1.0 32.0 0.0108887 16.6519
1.0 32.0 0.013322 16.6519
1.0 32.0 0.0111645 16.6519
1.0 32.0 0.0130534 16.6519
1.0 32.0 0.01247 16.6519
1.0 32.0 0.0106031 16.6519
1.0 32.0 0.0144313 16.6519
1.0 32.0 0.0143422 16.6519
1.0 32.0 0.014282 16.6519
1.0 32.0 0.0130435 16.6519
1.0 32.0 0.0140713 16.6519
1.0 32.0 0.0138885 16.6519
1.0 32.0 0.0130829 16.6519
1.0 32.0 0.0145121 16.6519
1.0 32.0 0.0145725 16.6519
1.0 32.0 0.0125563 16.6519
1.0 32.0 0.00958109 16.6519
1.0 32.0 0.013285 16.6519
1.0 33.0 0.0102011 16.6519
1.0 33.0 0.0145321 16.6519
1.0 33.0 0.0122125 16.6519
1.0 33.0 0.011211 16.6519
1.0 33.0 0.0119266 16.6519
1.0 33.0 0.0120174 16.6519
1.0 33.0 0.0143712 16.6519
1.0 33.0 0.0129475 16.6519
1.0 33.0 0.0126865 16.6519
1.0 33.0 0.0134113 16.6519
1.0 33.0 0.0128858 16.6519
1.0 33.0 0.0108538 16.6519
1.0 33.0 0.0114457 16.6519
1.0 33.0 0.0116868 16.6519
1.0 33.0 0.0138335 16.6519
1.0 33.0 0.0114489 16.6519
1.0 33.0 0.0124401 16.6519
1.0 33.0 0.0138905 16.6519
1.0 33.0 0.0134172 16.6519
1.0 33.0 0.0143962 16.6519
1.0 33.0 0.0163793 16.6519
1.0 33.0 0.0138618 16.6519
1.0 33.0 0.0148506 16.6519
1.0 33.0 0.0124145 16.6519
1.0 33.0 0.0144504 16.6519
1.0 33.0 0.0130851 16.6519
1.0 33.0 0.0133909 16.6519
1.0 33.0 0.0132492 16.6519
1.0 33.0 0.0125488 16.6519
1.0 33.0 0.0133557 16.6519
1.0 33.0 0.0130375 16.6519
1.0 33.0 0.0109776 16.6519
1.0 33.0 0.0114552 16.6519
1.0 33.0 0.0120974 16.6519
1.0 33.0 0.015225 16.6519
1.0 33.0 0.0114299 16.6519
1.0 33.0 0.013058 16.6519
1.0 33.0 0.0120469 16.6519
1.0 33.0 0.0113738 16.6519
1.0 33.0 0.0106312 16.6519
1.0 33.0 0.0132107 16.6519
1.0 33.0 0.013168 16.6519
1.0 33.0 0.0107144 16.6519
1.0 33.0 0.0134104 16.6519
1.0 33.0 0.0126989 16.6519
1.0 33.0 0.0117813 16.6519
1.0 33.0 0.0125317 16.6519
1.0 33.0 0.0138493 16.6519
1.0 33.0 0.0131118 16.6519
1.0 33.0 0.0129699 16.6519
2.0 3.0 0.255459 -7.10571e-31
2.0 3.0 0.259531 -7.10571e-31
2.0 3.0 0.230965 -7.10571e-31
2.0 3.0 0.247051 -7.10571e-31
2.0 3.0 0.259362 -7.10571e-31
2.0 3.0 0.255954 -7.10571e-31
2.0 3.0 0.241225 -7.10571e-31
2.0 3.0 0.254991 -7.10571e-31
2.0 3.0 0.227281 -7.10571e-31
2.0 3.0 0.257809 -7.10571e-31
2.0 3.0 0.253859 -7.10571e-31
2.0 3.0 0.268929 -7.10571e-31
2.0 3.0 0.256125 -7.10571e-31
2.0 3.0 0.235542 -7.10571e-31
2.0 3.0 0.232017 -7.10571e-31
2.0 3.0 0.241507 -7.10571e-31
2.0 3.0 0.226781 -7.10571e-31
2.0 3.0 0.256225 -7.10571e-31
2.0 3.0 0.246524 -7.10571e-31
2.0 3.0 0.225099 -7.10571e-31
2.0 3.0 0.264844 -7.10571e-31
2.0 3.0 0.21936 -7.10571e-31
2.0 3.0 0.234568 -7.10571e-31
2.0 3.0 0.229997 -7.10571e-31
2.0 3.0 0.254294 -7.10571e-31
2.0 3.0 0.250039 -7.10571e-31
2.0 3.0 0.248169 -7.10571e-31
2.0 3.0 0.254906 -7.10571e-31
2.0 3.0 0.257198 -7.10571e-31
2.0 3.0 0.242415 -7.10571e-31
2.0 3.0 0.25426 -7.10571e-31
2.0 3.0 0.258526 -7.10571e-31
2.0 3.0 0.25862 -7.10571e-31
2.0 3.0 0.228613 -7.10571e-31
2.0 3.0 0.213042 -7.10571e-31
2.0 3.0 0.222779 -7.10571e-31
2.0 3.0 0.208539 -7.10571e-31
2.0 3.0 0.222496 -7.10571e-31
2.0 3.0 0.253867 -7.10571e-31
2.0 3.0 0.241397 -7.10571e-31
2.0 3.0 0.277033 -7.10571e-31
2.0 3.0 0.239386 -7.10571e-31
2.0 3.0 0.251541 -7.10571e-31
2.0 3.0 0.232567 -7.10571e-31
2.0 3.0 0.216293 -7.10571e-31
2.0 3.0 0.239985 -7.10571e-31
2.0 3.0 0.245691 -7.10571e-31
2.0 3.0 0.226201 -7.10571e-31
2.0 3.0 0.227148 -7.10571e-31
2.0 3.0 0.220465 -7.10571e-31
2.0 4.0 0.134285 -0.0
2.0 4.0 0.132768 -0.0
2.0 4.0 0.130702 -0.0
2.0 4.0 0.149086 -0.0
2.0 4.0 0.136171 -0.0
2.0 4.0 0.130061 -0.0
2.0 4.0 0.136533 -0.0
2.0 4.0 0.129681 -0.0
2.0 4.0 0.158858 -0.0
2.0 4.0 0.130806 -0.0
2.0 4.0 0.172622 -0.0
2.0 4.0 0.135312 -0.0
2.0 4.0 0.132685 -0.0
2.0 4.0 0.139162 -0.0
2.0 4.0 0.135845 -0.0
2.0 4.0 0.126584 -0.0
2.0 4.0 0.133817 -0.0
2.0 4.0 0.126124 -0.0
2.0 4.0 0.166764 -0.0
2.0 4.0 0.128172 -0.0
2.0 4.0 0.134303 -0.0
2.0 4.0 0.16959 -0.0
2.0 4.0 0.137807 -0.0
2.0 4.0 0.132769 -0.0
2.0 4.0 0.165257 -0.0
2.0 4.0 0.134759 -0.0
2.0 4.0 0.12555 -0.0
2.0 4.0 0.131666 -0.0
2.0 4.0 0.13157 -0.0
2.0 4.0 0.136887 -0.0
2.0 4.0 0.164578 -0.0
2.0 4.0 0.120979 -0.0
2.0 4.0 0.162501 -0.0
2.0 4.0 0.160796 -0.0
2.0 4.0 0.165542 -0.0
2.0 4.0 0.137054 -0.0
2.0 4.0 0.133269 -0.0
2.0 4.0 0.140172 -0.0
2.0 4.0 0.137847 -0.0
2.0 4.0 0.145972 -0.0
2.0 4.0 0.125668 -0.0
2.0 4.0 0.148105 -0.0
2.0 4.0 0.16174 -0.0
2.0 4.0 0.15467 -0.0
2.0 4.0 0.124537 -0.0
2.0 4.0 0.153096 -0.0
2.0 4.0 0.139901 -0.0
2.0 4.0 0.138088 -0.0
2.0 4.0 0.135093 -0.0
2.0 4.0 0.133448 -0.0
2.0 5.0 0.15121 -2.01644e-31
2.0 5.0 0.146044 -2.01644e-31
2.0 5.0 0.141854 -2.01644e-31
2.0 5.0 0.139654 -2.01644e-31
2.0 5.0 0.139895 -2.01644e-31
2.0 5.0 0.142506 -2.01644e-31
2.0 5.0 0.139566 -2.01644e-31
2.0 5.0 0.145279 -2.01644e-31
2.0 5.0 0.140884 -2.01644e-31
2.0 5.0 0.140577 -2.01644e-31
2.0 5.0 0.139683 -2.01644e-31
2.0 5.0 0.138152 -2.01644e-31
2.0 5.0 0.145121 -2.01644e-31
2.0 5.0 0.1407 -2.01644e-31
2.0 5.0 0.13902 -2.01644e-31
2.0 5.0 0.141623 -2.01644e-31
2.0 5.0 0.13698 -2.01644e-31
2.0 5.0 0.137537 -2.01644e-31
2.0 5.0 0.135673 -2.01644e-31
2.0 5.0 0.149988 -2.01644e-31
2.0 5.0 0.144049 -2.01644e-31
2.0 5.0 0.143194 -2.01644e-31
2.0 5.0 0.145375 -2.01644e-31
2.0 5.0 0.144309 -2.01644e-31
2.0 5.0 0.13488 -2.01644e-31
2.0 5.0 0.14144 -2.01644e-31
2.0 5.0 0.14249 -2.01644e-31
2.0 5.0 0.209121 -2.01644e-31
2.0 5.0 0.137777 -2.01644e-31
2.0 5.0 0.140858 -2.01644e-31
2.0 5.0 0.136631 -2.01644e-31
2.0 5.0 0.14059 -2.01644e-31
2.0 5.0 0.202781 -2.01644e-31
2.0 5.0 0.145595 -2.01644e-31
2.0 5.0 0.141957 -2.01644e-31
2.0 5.0 0.19867 -2.01644e-31
2.0 5.0 0.178899 -2.01644e-31
2.0 5.0 0.143874 -2.01644e-31
2.0 5.0 0.160997 -2.01644e-31
2.0 5.0 0.139323 -2.01644e-31
2.0 5.0 0.135641 -2.01644e-31
2.0 5.0 0.145039 -2.01644e-31
2.0 5.0 0.143347 -2.01644e-31
2.0 5.0 0.135192 -2.01644e-31
2.0 5.0 0.207352 -2.01644e-31
2.0 5.0 0.146997 -2.01644e-31
2.0 5.0 0.137683 -2.01644e-31
2.0 5.0 0.140705 -2.01644e-31
2.0 5.0 0.145959 -2.01644e-31
2.0 5.0 0.145959 -2.01644e-31
2.0 7.0 0.0935832 -4.09307e-18
2.0 7.0 0.091044 -4.09307e-18
2.0 7.0 0.0980146 -4.09307e-18
2.0 7.0 0.120315 -4.09307e-18
2.0 7.0 0.0973851 -4.09307e-18
2.0 7.0 0.110069 -4.09307e-18
2.0 7.0 0.122966 -4.09307e-18
2.0 7.0 0.112126 -4.09307e-18
2.0 7.0 0.100261 -4.09307e-18
2.0 7.0 0.100703 -4.09307e-18
2.0 7.0 0.0895116 -4.09307e-18
2.0 7.0 0.123867 -4.09307e-18
2.0 7.0 0.117025 -4.09307e-18
2.0 7.0 0.136546 -4.09307e-18
2.0 7.0 0.110017 -4.09307e-18
2.0 7.0 0.0916725 -4.09307e-18
2.0 7.0 0.117872 -4.09307e-18
2.0 7.0 0.0942535 -4.09307e-18
2.0 7.0 0.106506 -4.09307e-18
2.0 7.0 0.101755 -4.09307e-18
2.0 7.0 0.115329 -4.09307e-18
2.0 7.0 0.10791 -4.09307e-18
2.0 7.0 0.0926048 -4.09307e-18
2.0 7.0 0.0915817 -4.09307e-18
2.0 7.0 0.1456 -4.09307e-18
2.0 7.0 0.113573 -4.09307e-18
2.0 7.0 0.134532 -4.09307e-18
2.0 7.0 0.116989 -4.09307e-18
2.0 7.0 0.0992517 -4.09307e-18
2.0 7.0 0.136896 -4.09307e-18
2.0 7.0 0.11731 -4.09307e-18
2.0 7.0 0.136341 -4.09307e-18
2.0 7.0 0.098256 -4.09307e-18
2.0 7.0 0.099045 -4.09307e-18
2.0 7.0 0.10745 -4.09307e-18
2.0 7.0 0.107601 -4.09307e-18
2.0 7.0 0.132308 -4.09307e-18
2.0 7.0 0.11681 -4.09307e-18
2.0 7.0 0.0953905 -4.09307e-18
2.0 7.0 0.114618 -4.09307e-18
2.0 7.0 0.119395 -4.09307e-18
2.0 7.0 0.112229 -4.09307e-18
2.0 7.0 0.14502 -4.09307e-18
2.0 7.0 0.0997658 -4.09307e-18
2.0 7.0 0.114239 -4.09307e-18
2.0 7.0 0.116905 -4.09307e-18
2.0 7.0 0.107021 -4.09307e-18
2.0 7.0 0.0939477 -4.09307e-18
2.0 7.0 0.0954227 -4.09307e-18
2.0 7.0 0.0990302 -4.09307e-18
2.0 8.0 0.077177 -7.73086e-18
2.0 8.0 0.0891508 -7.73086e-18
2.0 8.0 0.0635006 -7.73086e-18
2.0 8.0 0.0891752 -7.73086e-18
2.0 8.0 0.0572028 -7.73086e-18
2.0 8.0 0.0660597 -7.73086e-18
2.0 8.0 0.0784423 -7.73086e-18
2.0 8.0 0.0781799 -7.73086e-18
2.0 8.0 0.0756677 -7.73086e-18
2.0 8.0 0.0696091 -7.73086e-18
2.0 8.0 0.0757184 -7.73086e-18
2.0 8.0 0.059629 -7.73086e-18
2.0 8.0 0.0757801 -7.73086e-18
2.0 8.0 0.0592785 -7.73086e-18
2.0 8.0 0.0621553 -7.73086e-18
2.0 8.0 0.0653711 -7.73086e-18
2.0 8.0 0.0590312 -7.73086e-18
2.0 8.0 0.0657635 -7.73086e-18
2.0 8.0 0.0592136 -7.73086e-18
2.0 8.0 0.0654236 -7.73086e-18
2.0 8.0 0.0592961 -7.73086e-18
2.0 8.0 0.0752379 -7.73086e-18
2.0 8.0 0.0899235 -7.73086e-18
2.0 8.0 0.0593376 -7.73086e-18
2.0 8.0 0.0666503 -7.73086e-18
2.0 8.0 0.0573019 -7.73086e-18
2.0 8.0 0.0651353 -7.73086e-18
2.0 8.0 0.076827 -7.73086e-18
2.0 8.0 0.0585186 -7.73086e-18
2.0 8.0 0.0595995 -7.73086e-18
2.0 8.0 0.0629116 -7.73086e-18
2.0 8.0 0.0770337 -7.73086e-18
2.0 8.0 0.065042 -7.73086e-18
2.0 8.0 0.0779285 -7.73086e-18
2.0 8.0 0.0631828 -7.73086e-18
2.0 8.0 0.0801361 -7.73086e-18
2.0 8.0 0.060989 -7.73086e-18
2.0 8.0 0.0613446 -7.73086e-18
2.0 8.0 0.066344 -7.73086e-18
2.0 8.0 0.075418 -7.73086e-18
2.0 8.0 0.0634916 -7.73086e-18
2.0 8.0 0.062683 -7.73086e-18
2.0 8.0 0.060078 -7.73086e-18
2.0 8.0 0.0650004 -7.73086e-18
2.0 8.0 0.0613606 -7.73086e-18
2.0 8.0 0.0672602 -7.73086e-18
2.0 8.0 0.0693884 -7.73086e-18
2.0 8.0 0.0911326 -7.73086e-18
2.0 8.0 0.0786294 -7.73086e-18
2.0 8.0 0.0567691 -7.73086e-18
2.0 9.0 0.02992 -0.0
2.0 9.0 0.0467 -0.0
2.0 9.0 0.033409 -0.0
2.0 9.0 0.0420129 -0.0
2.0 9.0 0.0292021 -0.0
2.0 9.0 0.0464249 -0.0
2.0 9.0 0.0281863 -0.0
2.0 9.0 0.0272539 -0.0
2.0 9.0 0.0273035 -0.0
2.0 9.0 0.0370248 -0.0
2.0 9.0 0.0279089 -0.0
2.0 9.0 0.0289364 -0.0
2.0 9.0 0.0255821 -0.0
2.0 9.0 0.0309129 -0.0
2.0 9.0 0.0291069 -0.0
2.0 9.0 0.0252099 -0.0
2.0 9.0 0.0420101 -0.0
2.0 9.0 0.0313652 -0.0
2.0 9.0 0.0291981 -0.0
2.0 9.0 0.0421306 -0.0
2.0 9.0 0.0286253 -0.0
2.0 9.0 0.0327826 -0.0
2.0 9.0 0.0309057 -0.0
2.0 9.0 0.0232234 -0.0
2.0 9.0 0.0282816 -0.0
2.0 9.0 0.0327732 -0.0
2.0 9.0 0.0319519 -0.0
2.0 9.0 0.0251268 -0.0
2.0 9.0 0.0333039 -0.0
2.0 9.0 0.0496285 -0.0
2.0 9.0 0.0308056 -0.0
2.0 9.0 0.0313405 -0.0
2.0 9.0 0.025959 -0.0
2.0 9.0 0.0431846 -0.0
2.0 9.0 0.0324735 -0.0
2.0 9.0 0.0241086 -0.0
2.0 9.0 0.0396134 -0.0
2.0 9.0 0.029989 -0.0
2.0 9.0 0.0253551 -0.0
2.0 9.0 0.0418601 -0.0
2.0 9.0 0.0400132 -0.0
2.0 9.0 0.0314741 -0.0
2.0 9.0 0.0292532 -0.0
2.0 9.0 0.044807 -0.0
2.0 9.0 0.040176 -0.0
2.0 9.0 0.0273933 -0.0
2.0 9.0 0.0347141 -0.0
2.0 9.0 0.0370761 -0.0
2.0 9.0 0.0444786 -0.0
2.0 9.0 0.0426801 -0.0
2.0 15.0 0.0347152 -5.19097e-16
2.0 15.0 0.0323787 -5.19097e-16
2.0 15.0 0.0293025 -5.19097e-16
2.0 15.0 0.029283 -5.19097e-16
2.0 15.0 0.0285781 -5.19097e-16
2.0 15.0 0.0321528 -5.19097e-16
2.0 15.0 0.0254517 -5.19097e-16
2.0 15.0 0.0236948 -5.19097e-16
2.0 15.0 0.0222509 -5.19097e-16
2.0 15.0 0.0406246 -5.19097e-16
2.0 15.0 0.0323305 -5.19097e-16
2.0 15.0 0.0305688 -5.19097e-16
2.0 15.0 0.0277059 -5.19097e-16
2.0 15.0 0.0282112 -5.19097e-16
2.0 15.0 0.0330186 -5.19097e-16
2.0 15.0 0.0319318 -5.19097e-16
2.0 15.0 0.0327651 -5.19097e-16
2.0 15.0 0.0281436 -5.19097e-16
2.0 15.0 0.0276117 -5.19097e-16
2.0 15.0 0.0319418 -5.19097e-16
2.0 15.0 0.0371461 -5.19097e-16
2.0 15.0 0.0371692 -5.19097e-16
2.0 15.0 0.0305263 -5.19097e-16
2.0 15.0 0.0357996 -5.19097e-16
2.0 15.0 0.0333178 -5.19097e-16
2.0 15.0 0.0318945 -5.19097e-16
2.0 15.0 0.0265767 -5.19097e-16
2.0 15.0 0.0238371 -5.19097e-16
2.0 15.0 0.042735 -5.19097e-16
2.0 15.0 0.0300222 -5.19097e-16
2.0 15.0 0.024336 -5.19097e-16
2.0 15.0 0.0317752 -5.19097e-16
2.0 15.0 0.0310983 -5.19097e-16
2.0 15.0 0.0255329 -5.19097e-16
2.0 15.0 0.0368719 -5.19097e-16
2.0 15.0 0.0238443 -5.19097e-16
2.0 15.0 0.0323207 -5.19097e-16
2.0 15.0 0.0247557 -5.19097e-16
2.0 15.0 0.0304974 -5.19097e-16
2.0 15.0 0.0266817 -5.19097e-16
2.0 15.0 0.0247518 -5.19097e-16
2.0 15.0 0.0304363 -5.19097e-16
2.0 15.0 0.0288259 -5.19097e-16
2.0 15.0 0.0304561 -5.19097e-16
2.0 15.0 0.031133 -5.19097e-16
2.0 15.0 0.0289673 -5.19097e-16
2.0 15.0 0.0329109 -5.19097e-16
2.0 15.0 0.0323266 -5.19097e-16
2.0 15.0 0.0236063 -5.19097e-16
2.0 15.0 0.0252318 -5.19097e-16
2.0 16.0 0.0248842 -5.19097e-16
2.0 16.0 0.0297334 -5.19097e-16
2.0 16.0 0.0303204 -5.19097e-16
2.0 16.0 0.0240324 -5.19097e-16
2.0 16.0 0.0279197 -5.19097e-16
2.0 16.0 0.0238709 -5.19097e-16
2.0 16.0 0.0285326 -5.19097e-16
2.0 16.0 0.0368207 -5.19097e-16
2.0 16.0 0.030308 -5.19097e-16
2.0 16.0 0.0272934 -5.19097e-16
2.0 16.0 0.0329397 -5.19097e-16
2.0 16.0 0.0262369 -5.19097e-16
2.0 16.0 0.0290595 -5.19097e-16
2.0 16.0 0.0313029 -5.19097e-16
2.0 16.0 0.0320428 -5.19097e-16
2.0 16.0 0.0243775 -5.19097e-16
2.0 16.0 0.0280015 -5.19097e-16
2.0 16.0 0.0249613 -5.19097e-16
2.0 16.0 0.0280265 -5.19097e-16
2.0 16.0 0.0251685 -5.19097e-16
2.0 16.0 0.030862 -5.19097e-16
2.0 16.0 0.0257284 -5.19097e-16
2.0 16.0 0.0300562 -5.19097e-16
2.0 16.0 0.0283364 -5.19097e-16
2.0 16.0 0.0224721 -5.19097e-16
2.0 16.0 0.025981 -5.19097e-16
2.0 16.0 0.0180526 -5.19097e-16
2.0 16.0 0.0332172 -5.19097e-16
2.0 16.0 0.0355351 -5.19097e-16
2.0 16.0 0.0323527 -5.19097e-16
2.0 16.0 0.0290405 -5.19097e-16
2.0 16.0 0.0316293 -5.19097e-16
2.0 16.0 0.0317721 -5.19097e-16
2.0 16.0 0.033337 -5.19097e-16
2.0 16.0 0.0333219 -5.19097e-16
2.0 16.0 0.02354 -5.19097e-16
2.0 16.0 0.0263413 -5.19097e-16
2.0 16.0 0.0238515 -5.19097e-16
2.0 16.0 0.0285979 -5.19097e-16
2.0 16.0 0.0243052 -5.19097e-16
2.0 16.0 0.0232662 -5.19097e-16
2.0 16.0 0.0307712 -5.19097e-16
2.0 16.0 0.0290672 -5.19097e-16
2.0 16.0 0.0308153 -5.19097e-16
2.0 16.0 0.0272629 -5.19097e-16
2.0 16.0 0.0302799 -5.19097e-16
2.0 16.0 0.0283329 -5.19097e-16
2.0 16.0 0.0245123 -5.19097e-16
2.0 16.0 0.0316924 -5.19097e-16
2.0 16.0 0.03204 -5.19097e-16
2.0 17.0 0.0253922 -5.98164e-17
2.0 17.0 0.0329537 -5.98164e-17
2.0 17.0 0.0324116 -5.98164e-17
2.0 17.0 0.0273108 -5.98164e-17
2.0 17.0 0.0327502 -5.98164e-17
2.0 17.0 0.0292117 -5.98164e-17
2.0 17.0 0.0274386 -5.98164e-17
2.0 17.0 0.035611 -5.98164e-17
2.0 17.0 0.035617 -5.98164e-17
2.0 17.0 0.027949 -5.98164e-17
2.0 17.0 0.0334623 -5.98164e-17
2.0 17.0 0.0335489 -5.98164e-17
2.0 17.0 0.0359151 -5.98164e-17
2.0 17.0 0.0246591 -5.98164e-17
2.0 17.0 0.0305552 -5.98164e-17
2.0 17.0 0.0534409 -5.98164e-17
2.0 17.0 0.0404173 -5.98164e-17
2.0 17.0 0.0415932 -5.98164e-17
2.0 17.0 0.0358866 -5.98164e-17
2.0 17.0 0.0286248 -5.98164e-17
2.0 17.0 0.0364803 -5.98164e-17
2.0 17.0 0.0243167 -5.98164e-17
2.0 17.0 0.037898 -5.98164e-17
2.0 17.0 0.0262313 -5.98164e-17
2.0 17.0 0.0348247 -5.98164e-17
2.0 17.0 0.0201717 -5.98164e-17
2.0 17.0 0.0371877 -5.98164e-17
2.0 17.0 0.0394518 -5.98164e-17
2.0 17.0 0.0383123 -5.98164e-17
2.0 17.0 0.0296925 -5.98164e-17
2.0 17.0 0.0331612 -5.98164e-17
2.0 17.0 0.0367254 -5.98164e-17
2.0 17.0 0.0347376 -5.98164e-17
2.0 17.0 0.0246193 -5.98164e-17
2.0 17.0 0.0358808 -5.98164e-17
2.0 17.0 0.0271563 -5.98164e-17
2.0 17.0 0.0246536 -5.98164e-17
2.0 17.0 0.0389317 -5.98164e-17
2.0 17.0 0.0283644 -5.98164e-17
2.0 17.0 0.0325062 -5.98164e-17
2.0 17.0 0.0400768 -5.98164e-17
2.0 17.0 0.0328301 -5.98164e-17
2.0 17.0 0.0371966 -5.98164e-17
2.0 17.0 0.0315854 -5.98164e-17
2.0 17.0 0.0308357 -5.98164e-17
2.0 17.0 0.0299983 -5.98164e-17
2.0 17.0 0.0261186 -5.98164e-17
2.0 17.0 0.0246768 -5.98164e-17
2.0 17.0 0.0375302 -5.98164e-17
2.0 17.0 0.0472557 -5.98164e-17
2.0 31.0 0.0185203 -4.03196e-16
2.0 31.0 0.0248457 -4.03196e-16
2.0 31.0 0.018768 -4.03196e-16
2.0 31.0 0.0233506 -4.03196e-16
2.0 31.0 0.0255209 -4.03196e-16
2.0 31.0 0.0281689 -4.03196e-16
2.0 31.0 0.0290562 -4.03196e-16
2.0 31.0 0.0182804 -4.03196e-16
2.0 31.0 0.025756 -4.03196e-16
2.0 31.0 0.0258156 -4.03196e-16
2.0 31.0 0.0257923 -4.03196e-16
2.0 31.0 0.0270206 -4.03196e-16
2.0 31.0 0.019955 -4.03196e-16
2.0 31.0 0.0210377 -4.03196e-16
2.0 31.0 0.021019 -4.03196e-16
2.0 31.0 0.0248346 -4.03196e-16
2.0 31.0 0.0243527 -4.03196e-16
2.0 31.0 0.0201417 -4.03196e-16
2.0 31.0 0.0189841 -4.03196e-16
2.0 31.0 0.0232217 -4.03196e-16
2.0 31.0 0.0185013 -4.03196e-16
2.0 31.0 0.0257249 -4.03196e-16
2.0 31.0 0.0253457 -4.03196e-16
2.0 31.0 0.0234455 -4.03196e-16
2.0 31.0 0.024521 -4.03196e-16
2.0 31.0 0.0179407 -4.03196e-16
2.0 31.0 0.0185242 -4.03196e-16
2.0 31.0 0.0199061 -4.03196e-16
2.0 31.0 0.0200326 -4.03196e-16
2.0 31.0 0.0253991 -4.03196e-16
2.0 31.0 0.0253607 -4.03196e-16
2.0 31.0 0.0254325 -4.03196e-16
2.0 31.0 0.024749 -4.03196e-16
2.0 31.0 0.0281546 -4.03196e-16
2.0 31.0 0.0251044 -4.03196e-16
2.0 31.0 0.0188767 -4.03196e-16
2.0 31.0 0.0187322 -4.03196e-16
2.0 31.0 0.0225205 -4.03196e-16
2.0 31.0 0.0203115 -4.03196e-16
2.0 31.0 0.0253712 -4.03196e-16
2.0 31.0 0.0287775 -4.03196e-16
2.0 31.0 0.025189 -4.03196e-16
2.0 31.0 0.0182515 -4.03196e-16
2.0 31.0 0.0250309 -4.03196e-16
2.0 31.0 0.0235423 -4.03196e-16
2.0 31.0 0.0182148 -4.03196e-16
2.0 31.0 0.0249901 -4.03196e-16
2.0 31.0 0.0175264 -4.03196e-16
2.0 31.0 0.0227005 -4.03196e-16
2.0 31.0 0.0219573 -4.03196e-16
2.0 32.0 0.0184805 -4.03196e-16
2.0 32.0 0.0253873 -4.03196e-16
2.0 32.0 0.0201547 -4.03196e-16
2.0 32.0 0.0256862 -4.03196e-16
2.0 32.0 0.0188883 -4.03196e-16
2.0 32.0 0.0203118 -4.03196e-16
2.0 32.0 0.0183171 -4.03196e-16
2.0 32.0 0.0249434 -4.03196e-16
2.0 32.0 0.0217643 -4.03196e-16
2.0 32.0 0.0258622 -4.03196e-16
2.0 32.0 0.0190281 -4.03196e-16
2.0 32.0 0.0255094 -4.03196e-16
2.0 32.0 0.0277042 -4.03196e-16
2.0 32.0 0.025686 -4.03196e-16
2.0 32.0 0.0251048 -4.03196e-16
2.0 32.0 0.0215321 -4.03196e-16
2.0 32.0 0.0182077 -4.03196e-16
2.0 32.0 0.0204872 -4.03196e-16
2.0 32.0 0.0189021 -4.03196e-16
2.0 32.0 0.0211714 -4.03196e-16
2.0 32.0 0.0229154 -4.03196e-16
2.0 32.0 0.0184639 -4.03196e-16
2.0 32.0 0.0241168 -4.03196e-16
2.0 32.0 0.0236532 -4.03196e-16
2.0 32.0 0.0290625 -4.03196e-16
2.0 32.0 0.0188914 -4.03196e-16
2.0 32.0 0.0242211 -4.03196e-16
2.0 32.0 0.0182392 -4.03196e-16
2.0 32.0 0.0246834 -4.03196e-16
2.0 32.0 0.0265539 -4.03196e-16
2.0 32.0 0.0247098 -4.03196e-16
2.0 32.0 0.025807 -4.03196e-16
2.0 32.0 0.0287465 -4.03196e-16
2.0 32.0 0.0276812 -4.03196e-16
2.0 32.0 0.0210461 -4.03196e-16
2.0 32.0 0.0227818 -4.03196e-16
2.0 32.0 0.0263747 -4.03196e-16
2.0 32.0 0.0252736 -4.03196e-16
2.0 32.0 0.0262984 -4.03196e-16
2.0 32.0 0.0249095 -4.03196e-16
2.0 32.0 0.025792 -4.03196e-16
2.0 32.0 0.0246405 -4.03196e-16
2.0 32.0 0.025483 -4.03196e-16
2.0 32.0 0.0331852 -4.03196e-16
2.0 32.0 0.0269528 -4.03196e-16
2.0 32.0 0.0224874 -4.03196e-16
2.0 32.0 0.0276357 -4.03196e-16
2.0 32.0 0.0258809 -4.03196e-16
2.0 32.0 0.0175198 -4.03196e-16
2.0 32.0 0.027649 -4.03196e-16
2.0 33.0 0.0255071 -4.03196e-16
2.0 33.0 0.0250359 -4.03196e-16
2.0 33.0 0.0276259 -4.03196e-16
2.0 33.0 0.0253189 -4.03196e-16
2.0 33.0 0.0241123 -4.03196e-16
2.0 33.0 0.0268109 -4.03196e-16
2.0 33.0 0.0263193 -4.03196e-16
2.0 33.0 0.0231466 -4.03196e-16
2.0 33.0 0.0260384 -4.03196e-16
2.0 33.0 0.0204878 -4.03196e-16
2.0 33.0 0.024979 -4.03196e-16
2.0 33.0 0.0251342 -4.03196e-16
2.0 33.0 0.0253589 -4.03196e-16
2.0 33.0 0.0250897 -4.03196e-16
2.0 33.0 0.0246209 -4.03196e-16
2.0 33.0 0.0255569 -4.03196e-16
2.0 33.0 0.0246477 -4.03196e-16
2.0 33.0 0.0214667 -4.03196e-16
2.0 33.0 0.0239551 -4.03196e-16
2.0 33.0 0.0194259 -4.03196e-16
2.0 33.0 0.0192006 -4.03196e-16
2.0 33.0 0.018596 -4.03196e-16
2.0 33.0 0.0270033 -4.03196e-16
2.0 33.0 0.0316474 -4.03196e-16
2.0 33.0 0.0261442 -4.03196e-16
2.0 33.0 0.0181165 -4.03196e-16
2.0 33.0 0.0288027 -4.03196e-16
2.0 33.0 0.0250927 -4.03196e-16
2.0 33.0 0.0241266 -4.03196e-16
2.0 33.0 0.0243241 -4.03196e-16
2.0 33.0 0.0268393 -4.03196e-16
2.0 33.0 0.0169995 -4.03196e-16
2.0 33.0 0.0193714 -4.03196e-16
2.0 33.0 0.0231817 -4.03196e-16
2.0 33.0 0.0186888 -4.03196e-16
2.0 33.0 0.0280309 -4.03196e-16
2.0 33.0 0.0242389 -4.03196e-16
2.0 33.0 0.0247632 -4.03196e-16
2.0 33.0 0.0185795 -4.03196e-16
2.0 33.0 0.0281071 -4.03196e-16
2.0 33.0 0.0275666 -4.03196e-16
2.0 33.0 0.0319816 -4.03196e-16
2.0 33.0 0.0247828 -4.03196e-16
2.0 33.0 0.0209249 -4.03196e-16
2.0 33.0 0.0264261 -4.03196e-16
2.0 33.0 0.0174896 -4.03196e-16
2.0 33.0 0.0241697 -4.03196e-16
2.0 33.0 0.0293169 -4.03196e-16
2.0 33.0 0.0256398 -4.03196e-16
2.0 33.0 0.0301498 -4.03196e-16
3.0 3.0 0.0782318 211.426
3.0 3.0 0.0995651 211.426
3.0 3.0 0.0783508 211.426
3.0 3.0 0.109594 211.426
3.0 3.0 0.0778454 211.426
3.0 3.0 0.100356 211.426
3.0 3.0 0.0818122 211.426
3.0 3.0 0.066356 211.426
3.0 3.0 0.0990701 211.426
3.0 3.0 0.0987829 211.426
3.0 3.0 0.0790843 211.426
3.0 3.0 0.103981 211.426
3.0 3.0 0.0743037 211.426
3.0 3.0 0.0977481 211.426
3.0 3.0 0.0826493 211.426
3.0 3.0 0.0764046 211.426
3.0 3.0 0.0977269 211.426
3.0 3.0 0.0963469 211.426
3.0 3.0 0.0842604 211.426
3.0 3.0 0.098455 211.426
3.0 3.0 0.0850214 211.426
3.0 3.0 0.0882337 211.426
3.0 3.0 0.0840482 211.426
3.0 3.0 0.0791847 211.426
3.0 3.0 0.0956099 211.426
3.0 3.0 0.0775064 211.426
3.0 3.0 0.07984 211.426
3.0 3.0 0.090417 211.426
3.0 3.0 0.0987171 211.426
3.0 3.0 0.0982915 211.426
3.0 3.0 0.0821317 211.426
3.0 3.0 0.0982784 211.426
3.0 3.0 0.097608 211.426
3.0 3.0 0.0978515 211.426
3.0 3.0 0.0883892 211.426
3.0 3.0 0.101576 211.426
3.0 3.0 0.0740114 211.426
3.0 3.0 0.06786 211.426
3.0 3.0 0.0782351 211.426
3.0 3.0 0.100262 211.426
3.0 3.0 0.112987 211.426
3.0 3.0 0.0979736 211.426
3.0 3.0 0.092394 211.426
3.0 3.0 0.0833197 211.426
3.0 3.0 0.0820497 211.426
3.0 3.0 0.0819126 211.426
3.0 3.0 0.0882892 211.426
3.0 3.0 0.0985253 211.426
3.0 3.0 0.0796025 211.426
3.0 3.0 0.0782579 211.426
3.0 4.0 0.0610887 211.426
3.0 4.0 0.0612613 211.426
3.0 4.0 0.0627602 211.426
3.0 4.0 0.0609585 211.426
3.0 4.0 0.0645875 211.426
3.0 4.0 0.063684 211.426
3.0 4.0 0.0630923 211.426
3.0 4.0 0.0582617 211.426
3.0 4.0 0.0612762 211.426
3.0 4.0 0.0592146 211.426
3.0 4.0 0.0585505 211.426
3.0 4.0 0.0644759 211.426
3.0 4.0 0.0561983 211.426
3.0 4.0 0.0657894 211.426
3.0 4.0 0.058953 211.426
3.0 4.0 0.0599454 211.426
3.0 4.0 0.0587002 211.426
3.0 4.0 0.0657084 211.426
3.0 4.0 0.0601006 211.426
3.0 4.0 0.0565152 211.426
3.0 4.0 0.0617023 211.426
3.0 4.0 0.0561115 211.426
3.0 4.0 0.0594402 211.426
3.0 4.0 0.0545589 211.426
3.0 4.0 0.0613442 211.426
3.0 4.0 0.0666578 211.426
3.0 4.0 0.0615493 211.426
3.0 4.0 0.062317 211.426
3.0 4.0 0.0605686 211.426
3.0 4.0 0.062203 211.426
3.0 4.0 0.0583122 211.426
3.0 4.0 0.0594743 211.426
3.0 4.0 0.0583161 211.426
3.0 4.0 0.0626928 211.426
3.0 4.0 0.0597007 211.426
3.0 4.0 0.06007 211.426
3.0 4.0 0.0582392 211.426
3.0 4.0 0.0594869 211.426
3.0 4.0 0.0641777 211.426
3.0 4.0 0.059203 211.426
3.0 4.0 0.0596114 211.426
3.0 4.0 0.0536913 211.426
3.0 4.0 0.0514755 211.426
3.0 4.0 0.0645875 211.426
3.0 4.0 0.0582624 211.426
3.0 4.0 0.0633989 211.426
3.0 4.0 0.0631704 211.426
3.0 4.0 0.0535278 211.426
3.0 4.0 0.056121 211.426
3.0 4.0 0.0636685 211.426
3.0 5.0 0.0675086 211.426
3.0 5.0 0.0547472 211.426
3.0 5.0 0.0471949 211.426
3.0 5.0 0.0674457 211.426
3.0 5.0 0.0428937 211.426
3.0 5.0 0.0553309 211.426
3.0 5.0 0.0432211 211.426
3.0 5.0 0.05526 211.426
3.0 5.0 0.0676937 211.426
3.0 5.0 0.0510548 211.426
3.0 5.0 0.0561852 211.426
3.0 5.0 0.073371 211.426
3.0 5.0 0.0430769 211.426
3.0 5.0 0.0445868 211.426
3.0 5.0 0.0425109 211.426
3.0 5.0 0.0483112 211.426
3.0 5.0 0.0444055 211.426
3.0 5.0 0.0437537 211.426
3.0 5.0 0.0440123 211.426
3.0 5.0 0.0431311 211.426
3.0 5.0 0.0450367 211.426
3.0 5.0 0.0716427 211.426
3.0 5.0 0.0438465 211.426
3.0 5.0 0.0435224 211.426
3.0 5.0 0.0435247 211.426
3.0 5.0 0.0378308 211.426
3.0 5.0 0.0723164 211.426
3.0 5.0 0.0534367 211.426
3.0 5.0 0.046349 211.426
3.0 5.0 0.0674688 211.426
3.0 5.0 0.0461382 211.426
3.0 5.0 0.0529097 211.426
3.0 5.0 0.0505416 211.426
3.0 5.0 0.043123 211.426
3.0 5.0 0.0688602 211.426
3.0 5.0 0.0447439 211.426
3.0 5.0 0.0419843 211.426
3.0 5.0 0.0427597 211.426
3.0 5.0 0.0697998 211.426
3.0 5.0 0.043905 211.426
3.0 5.0 0.0442614 211.426
3.0 5.0 0.0470391 211.426
3.0 5.0 0.0585346 211.426
3.0 5.0 0.0424316 211.426
3.0 5.0 0.0674672 211.426
3.0 5.0 0.0406313 211.426
3.0 5.0 0.0425855 211.426
3.0 5.0 0.0446665 211.426
3.0 5.0 0.0424197 211.426
3.0 5.0 0.0424197 211.426
3.0 7.0 0.050002 211.426
3.0 7.0 0.0324704 211.426
3.0 7.0 0.0431051 211.426
3.0 7.0 0.0401484 211.426
3.0 7.0 0.0297245 211.426
3.0 7.0 0.0501721 211.426
3.0 7.0 0.0371155 211.426
3.0 7.0 0.0432579 211.426
3.0 7.0 0.0352389 211.426
3.0 7.0 0.0338709 211.426
3.0 7.0 0.0496214 211.426
3.0 7.0 0.0445295 211.426
3.0 7.0 0.0468255 211.426
3.0 7.0 0.0318649 211.426
3.0 7.0 0.0321762 211.426
3.0 7.0 0.0522604 211.426
3.0 7.0 0.0342128 211.426
3.0 7.0 0.0429098 211.426
3.0 7.0 0.0504557 211.426
3.0 7.0 0.0317577 211.426
3.0 7.0 0.0407329 211.426
3.0 7.0 0.0337861 211.426
3.0 7.0 0.0437158 211.426
3.0 7.0 0.0433606 211.426
3.0 7.0 0.0328313 211.426
3.0 7.0 0.030024 211.426
3.0 7.0 0.0531362 211.426
3.0 7.0 0.0445186 211.426
3.0 7.0 0.0307441 211.426
3.0 7.0 0.0336309 211.426
3.0 7.0 0.0452557 211.426
3.0 7.0 0.0537666 211.426
3.0 7.0 0.0492339 211.426
3.0 7.0 0.0307107 211.426
3.0 7.0 0.0335909 211.426
3.0 7.0 0.0442731 211.426
3.0 7.0 0.0504074 211.426
3.0 7.0 0.0397673 211.426
3.0 7.0 0.0450756 211.426
3.0 7.0 0.0340698 211.426
3.0 7.0 0.0410278 211.426
3.0 7.0 0.0467872 211.426
3.0 7.0 0.0434317 211.426
3.0 7.0 0.0476375 211.426
3.0 7.0 0.0453494 211.426
3.0 7.0 0.0358776 211.426
3.0 7.0 0.0497861 211.426
3.0 7.0 0.0348029 211.426
3.0 7.0 0.0487879 211.426
3.0 7.0 0.0520857 211.426
3.0 8.0 0.0345665 211.406
3.0 8.0 0.0319105 211.406
3.0 8.0 0.0457221 211.406
3.0 8.0 0.0309182 211.406
3.0 8.0 0.0295546 211.406
3.0 8.0 0.0305609 211.406
3.0 8.0 0.0292622 211.406
3.0 8.0 0.0306253 211.406
3.0 8.0 0.042092 211.406
3.0 8.0 0.0323112 211.406
3.0 8.0 0.0428581 211.406
3.0 8.0 0.0292545 211.406
3.0 8.0 0.0470618 211.406
3.0 8.0 0.0291157 211.406
3.0 8.0 0.032283 211.406
3.0 8.0 0.0423749 211.406
3.0 8.0 0.0303374 211.406
3.0 8.0 0.0294274 211.406
3.0 8.0 0.0331827 211.406
3.0 8.0 0.0298305 211.406
3.0 8.0 0.0301589 211.406
3.0 8.0 0.0459217 211.406
3.0 8.0 0.0288164 211.406
3.0 8.0 0.0292724 211.406
3.0 8.0 0.029944 211.406
3.0 8.0 0.033389 211.406
3.0 8.0 0.0307795 211.406
3.0 8.0 0.0311367 211.406
3.0 8.0 0.0277675 211.406
3.0 8.0 0.0317926 211.406
3.0 8.0 0.0345195 211.406
3.0 8.0 0.0329182 211.406
3.0 8.0 0.0304357 211.406
3.0 8.0 0.0278516 211.406
3.0 8.0 0.0457218 211.406
3.0 8.0 0.0445664 211.406
3.0 8.0 0.0316449 211.406
3.0 8.0 0.028692 211.406
3.0 8.0 0.0304297 211.406
3.0 8.0 0.0338027 211.406
3.0 8.0 0.0266818 211.406
3.0 8.0 0.0342934 211.406
3.0 8.0 0.0289743 211.406
3.0 8.0 0.0303623 211.406
3.0 8.0 0.0324598 211.406
3.0 8.0 0.0323986 211.406
3.0 8.0 0.0304862 211.406
3.0 8.0 0.0325114 211.406
3.0 8.0 0.034158 211.406
3.0 8.0 0.028938 211.406
3.0 9.0 0.0246964 211.426
3.0 9.0 0.0273367 211.426
3.0 9.0 0.033636 211.426
3.0 9.0 0.0417735 211.426
3.0 9.0 0.0393839 211.426
3.0 9.0 0.0252478 211.426
3.0 9.0 0.0276545 211.426
3.0 9.0 0.0355055 211.426
3.0 9.0 0.0307047 211.426
3.0 9.0 0.0300742 211.426
3.0 9.0 0.035226 211.426
3.0 9.0 0.0341174 211.426
3.0 9.0 0.0276492 211.426
3.0 9.0 0.0280526 211.426
3.0 9.0 0.0338383 211.426
3.0 9.0 0.027595 211.426
3.0 9.0 0.0283756 211.426
3.0 9.0 0.0310389 211.426
3.0 9.0 0.0361885 211.426
3.0 9.0 0.026777 211.426
3.0 9.0 0.0286016 211.426
3.0 9.0 0.0323359 211.426
3.0 9.0 0.0374851 211.426
3.0 9.0 0.0411809 211.426
3.0 9.0 0.0393083 211.426
3.0 9.0 0.0292744 211.426
3.0 9.0 0.0278448 211.426
3.0 9.0 0.0311397 211.426
3.0 9.0 0.0350269 211.426
3.0 9.0 0.0256771 211.426
3.0 9.0 0.0304777 211.426
3.0 9.0 0.040599 211.426
3.0 9.0 0.0304931 211.426
3.0 9.0 0.033976 211.426
3.0 9.0 0.0292987 211.426
3.0 9.0 0.0294324 211.426
3.0 9.0 0.0246739 211.426
3.0 9.0 0.0319861 211.426
3.0 9.0 0.0290958 211.426
3.0 9.0 0.0295363 211.426
3.0 9.0 0.0284171 211.426
3.0 9.0 0.0278563 211.426
3.0 9.0 0.0347351 211.426
3.0 9.0 0.0286158 211.426
3.0 9.0 0.041223 211.426
3.0 9.0 0.0329728 211.426
3.0 9.0 0.0384153 211.426
3.0 9.0 0.0292119 211.426
3.0 9.0 0.034674 211.426
3.0 9.0 0.0346047 211.426
3.0 15.0 0.0171316 211.422
3.0 15.0 0.0186545 211.422
3.0 15.0 0.0238787 211.422
3.0 15.0 0.0184359 211.422
3.0 15.0 0.0250195 211.422
3.0 15.0 0.0150504 211.422
3.0 15.0 0.0210353 211.422
3.0 15.0 0.0199391 211.422
3.0 15.0 0.0234794 211.422
3.0 15.0 0.0246319 211.422
3.0 15.0 0.0250662 211.422
3.0 15.0 0.0283894 211.422
3.0 15.0 0.0317191 211.422
3.0 15.0 0.0171215 211.422
3.0 15.0 0.028283 211.422
3.0 15.0 0.0180277 211.422
3.0 15.0 0.0228829 211.422
3.0 15.0 0.0156384 211.422
3.0 15.0 0.0300386 211.422
3.0 15.0 0.0266695 211.422
3.0 15.0 0.018778 211.422
3.0 15.0 0.0254938 211.422
3.0 15.0 0.0228861 211.422
3.0 15.0 0.018308 211.422
3.0 15.0 0.0301527 211.422
3.0 15.0 0.0159129 211.422
3.0 15.0 0.0301794 211.422
3.0 15.0 0.0281963 211.422
3.0 15.0 0.0260079 211.422
3.0 15.0 0.0274885 211.422
3.0 15.0 0.0182048 211.422
3.0 15.0 0.0183572 211.422
3.0 15.0 0.0284617 211.422
3.0 15.0 0.0218308 211.422
3.0 15.0 0.0177389 211.422
3.0 15.0 0.0188845 211.422
3.0 15.0 0.0297787 211.422
3.0 15.0 0.0191084 211.422
3.0 15.0 0.0190806 211.422
3.0 15.0 0.0259658 211.422
3.0 15.0 0.0175291 211.422
3.0 15.0 0.0181921 211.422
3.0 15.0 0.0268914 211.422
3.0 15.0 0.0265359 211.422
3.0 15.0 0.0277237 211.422
3.0 15.0 0.0230143 211.422
3.0 15.0 0.0221115 211.422
3.0 15.0 0.0222676 211.422
3.0 15.0 0.0182781 211.422
3.0 15.0 0.0174899 211.422
3.0 16.0 0.0302019 211.422
3.0 16.0 0.0299973 211.422
3.0 16.0 0.0243763 211.422
3.0 16.0 0.0260499 211.422
3.0 16.0 0.0264434 211.422
3.0 16.0 0.0310015 211.422
3.0 16.0 0.0311537 211.422
3.0 16.0 0.0263882 211.422
3.0 16.0 0.016376 211.422
3.0 16.0 0.0180665 211.422
3.0 16.0 0.0179671 211.422
3.0 16.0 0.0284236 211.422
3.0 16.0 0.0172745 211.422
3.0 16.0 0.030843 211.422
3.0 16.0 0.026362 211.422
3.0 16.0 0.0190094 211.422
3.0 16.0 0.0285256 211.422
3.0 16.0 0.0323163 211.422
3.0 16.0 0.0323855 211.422
3.0 16.0 0.0310495 211.422
3.0 16.0 0.0244808 211.422
3.0 16.0 0.0148487 211.422
3.0 16.0 0.0176267 211.422
3.0 16.0 0.0233722 211.422
3.0 16.0 0.0314516 211.422
3.0 16.0 0.0178567 211.422
3.0 16.0 0.0289104 211.422
3.0 16.0 0.028345 211.422
3.0 16.0 0.0252633 211.422
3.0 16.0 0.0186123 211.422
3.0 16.0 0.0306296 211.422
3.0 16.0 0.0275297 211.422
3.0 16.0 0.0186026 211.422
3.0 16.0 0.0258449 211.422
3.0 16.0 0.0282478 211.422
3.0 16.0 0.0222721 211.422
3.0 16.0 0.0248108 211.422
3.0 16.0 0.0294755 211.422
3.0 16.0 0.0248638 211.422
3.0 16.0 0.0175419 211.422
3.0 16.0 0.0226195 211.422
3.0 16.0 0.016319 211.422
3.0 16.0 0.026854 211.422
3.0 16.0 0.0174355 211.422
3.0 16.0 0.0234314 211.422
3.0 16.0 0.0166937 211.422
3.0 16.0 0.0174117 211.422
3.0 16.0 0.0191994 211.422
3.0 16.0 0.0161194 211.422
3.0 16.0 0.0251284 211.422
3.0 17.0 0.0148222 211.385
3.0 17.0 0.0184211 211.385
3.0 17.0 0.0138945 211.385
3.0 17.0 0.0183337 211.385
3.0 17.0 0.0194747 211.385
3.0 17.0 0.0150827 211.385
3.0 17.0 0.0175552 211.385
3.0 17.0 0.0179141 211.385
3.0 17.0 0.0193908 211.385
3.0 17.0 0.0163425 211.385
3.0 17.0 0.015315 211.385
3.0 17.0 0.0190152 211.385
3.0 17.0 0.0166479 211.385
3.0 17.0 0.016316 211.385
3.0 17.0 0.0167551 211.385
3.0 17.0 0.0154134 211.385
3.0 17.0 0.0190431 211.385
3.0 17.0 0.0154874 211.385
3.0 17.0 0.0170628 211.385
3.0 17.0 0.0172363 211.385
3.0 17.0 0.0161509 211.385
3.0 17.0 0.0176523 211.385
3.0 17.0 0.0177242 211.385
3.0 17.0 0.0177322 211.385
3.0 17.0 0.0168382 211.385
3.0 17.0 0.017565 211.385
3.0 17.0 0.018636 211.385
3.0 17.0 0.0161244 211.385
3.0 17.0 0.0177337 211.385
3.0 17.0 0.0181664 211.385
3.0 17.0 0.014936 211.385
3.0 17.0 0.0160921 211.385
3.0 17.0 0.0127772 211.385
3.0 17.0 0.0164257 211.385
3.0 17.0 0.0170638 211.385
3.0 17.0 0.0147455 211.385
3.0 17.0 0.0134173 211.385
3.0 17.0 0.0147493 211.385
3.0 17.0 0.0170203 211.385
3.0 17.0 0.0167767 211.385
3.0 17.0 0.0150449 211.385
3.0 17.0 0.0129621 211.385
3.0 17.0 0.0176788 211.385
3.0 17.0 0.0176352 211.385
3.0 17.0 0.0135639 211.385
3.0 17.0 0.0130427 211.385
3.0 17.0 0.0170678 211.385
3.0 17.0 0.0149679 211.385
3.0 17.0 0.0176791 211.385
3.0 17.0 0.0160259 211.385
3.0 31.0 0.0122559 211.098
3.0 31.0 0.0122806 211.098
3.0 31.0 0.0114981 211.098
3.0 31.0 0.0130034 211.098
3.0 31.0 0.0137283 211.098
3.0 31.0 0.0119542 211.098
3.0 31.0 0.0116083 211.098
3.0 31.0 0.0104363 211.098
3.0 31.0 0.0132359 211.098
3.0 31.0 0.0158606 211.098
3.0 31.0 0.0119127 211.098
3.0 31.0 0.0116541 211.098
3.0 31.0 0.011445 211.098
3.0 31.0 0.0109378 211.098
3.0 31.0 0.0123704 211.098
3.0 31.0 0.0137669 211.098
3.0 31.0 0.0147862 211.098
3.0 31.0 0.0118009 211.098
3.0 31.0 0.0125995 211.098
3.0 31.0 0.0143125 211.098
3.0 31.0 0.0108081 211.098
3.0 31.0 0.0116864 211.098
3.0 31.0 0.0127563 211.098
3.0 31.0 0.0115677 211.098
3.0 31.0 0.0124056 211.098
3.0 31.0 0.0135258 211.098
3.0 31.0 0.0117507 211.098
3.0 31.0 0.0113151 211.098
3.0 31.0 0.0137678 211.098
3.0 31.0 0.0149883 211.098
3.0 31.0 0.0128849 211.098
3.0 31.0 0.0107779 211.098
3.0 31.0 0.0137748 211.098
3.0 31.0 0.015301 211.098
3.0 31.0 0.0136222 211.098
3.0 31.0 0.0130828 211.098
3.0 31.0 0.0141659 211.098
3.0 31.0 0.0113288 211.098
3.0 31.0 0.0115406 211.098
3.0 31.0 0.0121764 211.098
3.0 31.0 0.0124086 211.098
3.0 31.0 0.0127168 211.098
3.0 31.0 0.0108618 211.098
3.0 31.0 0.0118098 211.098
3.0 31.0 0.0120044 211.098
3.0 31.0 0.0133358 211.098
3.0 31.0 0.0113711 211.098
3.0 31.0 0.0123365 211.098
3.0 31.0 0.0135016 211.098
3.0 31.0 0.0119036 211.098
3.0 32.0 0.0105028 211.098
3.0 32.0 0.0140441 211.098
3.0 32.0 0.0109707 211.098
3.0 32.0 0.0131208 211.098
3.0 32.0 0.0145828 211.098
3.0 32.0 0.013719 211.098
3.0 32.0 0.0149548 211.098
3.0 32.0 0.012983 211.098
3.0 32.0 0.013819 211.098
3.0 32.0 0.0117341 211.098
3.0 32.0 0.0130377 211.098
3.0 32.0 0.0145261 211.098
3.0 32.0 0.0129091 211.098
3.0 32.0 0.0105186 211.098
3.0 32.0 0.0123411 211.098
3.0 32.0 0.0126974 211.098
3.0 32.0 0.013739 211.098
3.0 32.0 0.0111938 211.098
3.0 32.0 0.00864479 211.098
3.0 32.0 0.0135213 211.098
3.0 32.0 0.0122942 211.098
3.0 32.0 0.0114041 211.098
3.0 32.0 0.0115482 211.098
3.0 32.0 0.0125007 211.098
3.0 32.0 0.0129982 211.098
3.0 32.0 0.0133565 211.098
3.0 32.0 0.0129548 211.098
3.0 32.0 0.0129318 211.098
3.0 32.0 0.0151081 211.098
3.0 32.0 0.0125711 211.098
3.0 32.0 0.0136897 211.098
3.0 32.0 0.00924491 211.098
3.0 32.0 0.0131517 211.098
3.0 32.0 0.012537 211.098
3.0 32.0 0.0124792 211.098
3.0 32.0 0.0128974 211.098
3.0 32.0 0.0135184 211.098
3.0 32.0 0.0131423 211.098
3.0 32.0 0.0126968 211.098
3.0 32.0 0.0135882 211.098
3.0 32.0 0.0131114 211.098
3.0 32.0 0.0113106 211.098
3.0 32.0 0.0115077 211.098
3.0 32.0 0.0114767 211.098
3.0 32.0 0.0129931 211.098
3.0 32.0 0.0117428 211.098
3.0 32.0 0.0126005 211.098
3.0 32.0 0.01314 211.098
3.0 32.0 0.0125764 211.098
3.0 32.0 0.0138403 211.098
3.0 33.0 0.0133421 211.098
3.0 33.0 0.0137845 211.098
3.0 33.0 0.0134156 211.098
3.0 33.0 0.0126329 211.098
3.0 33.0 0.0123242 211.098
3.0 33.0 0.011759 211.098
3.0 33.0 0.0129074 211.098
3.0 33.0 0.013761 211.098
3.0 33.0 0.0143783 211.098
3.0 33.0 0.0140359 211.098
3.0 33.0 0.0118902 211.098
3.0 33.0 0.0153486 211.098
3.0 33.0 0.0143271 211.098
3.0 33.0 0.0130395 211.098
3.0 33.0 0.0128624 211.098
3.0 33.0 0.0146885 211.098
3.0 33.0 0.0132623 211.098
3.0 33.0 0.0133125 211.098
3.0 33.0 0.0125489 211.098
3.0 33.0 0.0123518 211.098
3.0 33.0 0.013786 211.098
3.0 33.0 0.0125938 211.098
3.0 33.0 0.0126339 211.098
3.0 33.0 0.0126849 211.098
3.0 33.0 0.0129742 211.098
3.0 33.0 0.0133924 211.098
3.0 33.0 0.0149545 211.098
3.0 33.0 0.0133275 211.098
3.0 33.0 0.0117214 211.098
3.0 33.0 0.0131621 211.098
3.0 33.0 0.0115374 211.098
3.0 33.0 0.0124563 211.098
3.0 33.0 0.0131299 211.098
3.0 33.0 0.0132952 211.098
3.0 33.0 0.0132495 211.098
3.0 33.0 0.0134467 211.098
3.0 33.0 0.0147813 211.098
3.0 33.0 0.0135983 211.098
3.0 33.0 0.0126771 211.098
3.0 33.0 0.0124353 211.098
3.0 33.0 0.0128784 211.098
3.0 33.0 0.0117469 211.098
3.0 33.0 0.0111172 211.098
3.0 33.0 0.0141777 211.098
3.0 33.0 0.0130363 211.098
3.0 33.0 0.0134102 211.098
3.0 33.0 0.0132453 211.098
3.0 33.0 0.0137109 211.098
3.0 33.0 0.0117759 211.098
3.0 33.0 0.0137124 211.098
4.0 3.0 0.0642149 9.99273
4.0 3.0 0.0880856 9.99273
4.0 3.0 0.0645667 9.99273
4.0 3.0 0.0883625 9.99273
4.0 3.0 0.0699662 9.99273
4.0 3.0 0.0652279 9.99273
4.0 3.0 0.0888997 9.99273
4.0 3.0 0.0711173 9.99273
4.0 3.0 0.0695392 9.99273
4.0 3.0 0.0738987 9.99273
4.0 3.0 0.0876648 9.99273
4.0 3.0 0.0742386 9.99273
4.0 3.0 0.0876102 9.99273
4.0 3.0 0.0694844 9.99273
4.0 3.0 0.0694297 9.99273
4.0 3.0 0.105272 9.99273
4.0 3.0 0.0648887 9.99273
4.0 3.0 0.0728941 9.99273
4.0 3.0 0.0737457 9.99273
4.0 3.0 0.100735 9.99273
4.0 3.0 0.0663206 9.99273
4.0 3.0 0.0936777 9.99273
4.0 3.0 0.0735678 9.99273
4.0 3.0 0.0724111 9.99273
4.0 3.0 0.093681 9.99273
4.0 3.0 0.0898966 9.99273
4.0 3.0 0.0715368 9.99273
4.0 3.0 0.0878716 9.99273
4.0 3.0 0.0668016 9.99273
4.0 3.0 0.0633334 9.99273
4.0 3.0 0.0659488 9.99273
4.0 3.0 0.0581033 9.99273
4.0 3.0 0.0881076 9.99273
4.0 3.0 0.0905568 9.99273
4.0 3.0 0.0881368 9.99273
4.0 3.0 0.0630209 9.99273
4.0 3.0 0.0706696 9.99273
4.0 3.0 0.0682354 9.99273
4.0 3.0 0.0721447 9.99273
4.0 3.0 0.0714118 9.99273
4.0 3.0 0.0977369 9.99273
4.0 3.0 0.0685389 9.99273
4.0 3.0 0.0656726 9.99273
4.0 3.0 0.0749003 9.99273
4.0 3.0 0.0582146 9.99273
4.0 3.0 0.0688139 9.99273
4.0 3.0 0.0670021 9.99273
4.0 3.0 0.0715336 9.99273
4.0 3.0 0.071489 9.99273
4.0 3.0 0.0724026 9.99273
4.0 4.0 0.0550184 9.99778
4.0 4.0 0.0557137 9.99778
4.0 4.0 0.0538463 9.99778
4.0 4.0 0.0560969 9.99778
4.0 4.0 0.0560436 9.99778
4.0 4.0 0.0527497 9.99778
4.0 4.0 0.0529295 9.99778
4.0 4.0 0.0535989 9.99778
4.0 4.0 0.0530359 9.99778
4.0 4.0 0.0534846 9.99778
4.0 4.0 0.0565127 9.99778
4.0 4.0 0.0504463 9.99778
4.0 4.0 0.0559583 9.99778
4.0 4.0 0.0531512 9.99778
4.0 4.0 0.0549205 9.99778
4.0 4.0 0.0508227 9.99778
4.0 4.0 0.050984 9.99778
4.0 4.0 0.0521002 9.99778
4.0 4.0 0.0533775 9.99778
4.0 4.0 0.0518078 9.99778
4.0 4.0 0.0541359 9.99778
4.0 4.0 0.0555216 9.99778
4.0 4.0 0.0523826 9.99778
4.0 4.0 0.0516767 9.99778
4.0 4.0 0.0477481 9.99778
4.0 4.0 0.0499289 9.99778
4.0 4.0 0.0571934 9.99778
4.0 4.0 0.0507585 9.99778
4.0 4.0 0.0580322 9.99778
4.0 4.0 0.0498916 9.99778
4.0 4.0 0.0563949 9.99778
4.0 4.0 0.0553687 9.99778
4.0 4.0 0.0541439 9.99778
4.0 4.0 0.0550001 9.99778
4.0 4.0 0.0568601 9.99778
4.0 4.0 0.0634495 9.99778
4.0 4.0 0.0544596 9.99778
4.0 4.0 0.0556725 9.99778
4.0 4.0 0.0516086 9.99778
4.0 4.0 0.0526462 9.99778
4.0 4.0 0.0522558 9.99778
4.0 4.0 0.0520981 9.99778
4.0 4.0 0.0565259 9.99778
4.0 4.0 0.0560263 9.99778
4.0 4.0 0.0485218 9.99778
4.0 4.0 0.052974 9.99778
4.0 4.0 0.0533571 9.99778
4.0 4.0 0.056745 9.99778
4.0 4.0 0.0579985 9.99778
4.0 4.0 0.0546758 9.99778
4.0 5.0 0.0395116 9.99755
4.0 5.0 0.0412944 9.99755
4.0 5.0 0.0366762 9.99755
4.0 5.0 0.0403596 9.99755
4.0 5.0 0.0638003 9.99755
4.0 5.0 0.0345988 9.99755
4.0 5.0 0.0635168 9.99755
4.0 5.0 0.0636857 9.99755
4.0 5.0 0.0650224 9.99755
4.0 5.0 0.0397177 9.99755
4.0 5.0 0.0634205 9.99755
4.0 5.0 0.0392419 9.99755
4.0 5.0 0.0371925 9.99755
4.0 5.0 0.0415827 9.99755
4.0 5.0 0.0398431 9.99755
4.0 5.0 0.0410184 9.99755
4.0 5.0 0.0403583 9.99755
4.0 5.0 0.0630891 9.99755
4.0 5.0 0.0377841 9.99755
4.0 5.0 0.040568 9.99755
4.0 5.0 0.0380219 9.99755
4.0 5.0 0.0630464 9.99755
4.0 5.0 0.0365302 9.99755
4.0 5.0 0.0375083 9.99755
4.0 5.0 0.064304 9.99755
4.0 5.0 0.0427633 9.99755
4.0 5.0 0.0444677 9.99755
4.0 5.0 0.0379406 9.99755
4.0 5.0 0.0446768 9.99755
4.0 5.0 0.0424437 9.99755
4.0 5.0 0.063266 9.99755
4.0 5.0 0.0633616 9.99755
4.0 5.0 0.0407131 9.99755
4.0 5.0 0.040082 9.99755
4.0 5.0 0.0393025 9.99755
4.0 5.0 0.0634586 9.99755
4.0 5.0 0.0631189 9.99755
4.0 5.0 0.0407004 9.99755
4.0 5.0 0.0688646 9.99755
4.0 5.0 0.0394793 9.99755
4.0 5.0 0.0685528 9.99755
4.0 5.0 0.0405705 9.99755
4.0 5.0 0.0397876 9.99755
4.0 5.0 0.0423887 9.99755
4.0 5.0 0.0388554 9.99755
4.0 5.0 0.0436302 9.99755
4.0 5.0 0.0637897 9.99755
4.0 5.0 0.0400638 9.99755
4.0 5.0 0.0421583 9.99755
4.0 5.0 0.0569615 9.99755
4.0 7.0 0.0411889 9.9869
4.0 7.0 0.0258233 9.9869
4.0 7.0 0.0278569 9.9869
4.0 7.0 0.0279965 9.9869
4.0 7.0 0.0399962 9.9869
4.0 7.0 0.0282988 9.9869
4.0 7.0 0.0304251 9.9869
4.0 7.0 0.040871 9.9869
4.0 7.0 0.0410456 9.9869
4.0 7.0 0.0424293 9.9869
4.0 7.0 0.0295522 9.9869
4.0 7.0 0.028684 9.9869
4.0 7.0 0.0232586 9.9869
4.0 7.0 0.0397605 9.9869
4.0 7.0 0.0437142 9.9869
4.0 7.0 0.0309445 9.9869
4.0 7.0 0.0274273 9.9869
4.0 7.0 0.0438745 9.9869
4.0 7.0 0.0222877 9.9869
4.0 7.0 0.0324726 9.9869
4.0 7.0 0.0257025 9.9869
4.0 7.0 0.0309765 9.9869
4.0 7.0 0.0251307 9.9869
4.0 7.0 0.0436441 9.9869
4.0 7.0 0.027488 9.9869
4.0 7.0 0.0269874 9.9869
4.0 7.0 0.0439512 9.9869
4.0 7.0 0.0421633 9.9869
4.0 7.0 0.0263987 9.9869
4.0 7.0 0.029566 9.9869
4.0 7.0 0.0292389 9.9869
4.0 7.0 0.0301333 9.9869
4.0 7.0 0.0285836 9.9869
4.0 7.0 0.0273585 9.9869
4.0 7.0 0.0323887 9.9869
4.0 7.0 0.0293018 9.9869
4.0 7.0 0.0267309 9.9869
4.0 7.0 0.0275445 9.9869
4.0 7.0 0.0278945 9.9869
4.0 7.0 0.0280523 9.9869
4.0 7.0 0.0290558 9.9869
4.0 7.0 0.0278713 9.9869
4.0 7.0 0.0343352 9.9869
4.0 7.0 0.0346806 9.9869
4.0 7.0 0.0286659 9.9869
4.0 7.0 0.0305925 9.9869
4.0 7.0 0.0278316 9.9869
4.0 7.0 0.0273631 9.9869
4.0 7.0 0.0297899 9.9869
4.0 7.0 0.0282323 9.9869
4.0 8.0 0.0269104 9.98285
4.0 8.0 0.0238642 9.98285
4.0 8.0 0.028877 9.98285
4.0 8.0 0.0380715 9.98285
4.0 8.0 0.037838 9.98285
4.0 8.0 0.0269719 9.98285
4.0 8.0 0.0240722 9.98285
4.0 8.0 0.0298016 9.98285
4.0 8.0 0.027356 9.98285
4.0 8.0 0.0382447 9.98285
4.0 8.0 0.0280817 9.98285
4.0 8.0 0.0240337 9.98285
4.0 8.0 0.0238404 9.98285
4.0 8.0 0.0243069 9.98285
4.0 8.0 0.0266184 9.98285
4.0 8.0 0.0239184 9.98285
4.0 8.0 0.0282673 9.98285
4.0 8.0 0.0245273 9.98285
4.0 8.0 0.027625 9.98285
4.0 8.0 0.0283686 9.98285
4.0 8.0 0.0237899 9.98285
4.0 8.0 0.0263594 9.98285
4.0 8.0 0.0383677 9.98285
4.0 8.0 0.0231323 9.98285
4.0 8.0 0.0247545 9.98285
4.0 8.0 0.0242396 9.98285
4.0 8.0 0.0385699 9.98285
4.0 8.0 0.0244741 9.98285
4.0 8.0 0.0236817 9.98285
4.0 8.0 0.0376154 9.98285
4.0 8.0 0.0268144 9.98285
4.0 8.0 0.0289006 9.98285
4.0 8.0 0.0260675 9.98285
4.0 8.0 0.027132 9.98285
4.0 8.0 0.0382977 9.98285
4.0 8.0 0.0279771 9.98285
4.0 8.0 0.022158 9.98285
4.0 8.0 0.0234117 9.98285
4.0 8.0 0.0270052 9.98285
4.0 8.0 0.0277134 9.98285
4.0 8.0 0.0355767 9.98285
4.0 8.0 0.027076 9.98285
4.0 8.0 0.0257216 9.98285
4.0 8.0 0.0448011 9.98285
4.0 8.0 0.0260929 9.98285
4.0 8.0 0.0238979 9.98285
4.0 8.0 0.0268786 9.98285
4.0 8.0 0.0387261 9.98285
4.0 8.0 0.0244788 9.98285
4.0 8.0 0.0383949 9.98285
4.0 9.0 0.0242891 9.99521
4.0 9.0 0.0265538 9.99521
4.0 9.0 0.0246062 9.99521
4.0 9.0 0.0280165 9.99521
4.0 9.0 0.0266802 9.99521
4.0 9.0 0.0267569 9.99521
4.0 9.0 0.0255068 9.99521
4.0 9.0 0.0272122 9.99521
4.0 9.0 0.0295162 9.99521
4.0 9.0 0.0298039 9.99521
4.0 9.0 0.0263436 9.99521
4.0 9.0 0.0283336 9.99521
4.0 9.0 0.0263164 9.99521
4.0 9.0 0.0304041 9.99521
4.0 9.0 0.0257269 9.99521
4.0 9.0 0.0257431 9.99521
4.0 9.0 0.0269661 9.99521
4.0 9.0 0.0278496 9.99521
4.0 9.0 0.024036 9.99521
4.0 9.0 0.0292015 9.99521
4.0 9.0 0.0277025 9.99521
4.0 9.0 0.0275453 9.99521
4.0 9.0 0.0281037 9.99521
4.0 9.0 0.0294151 9.99521
4.0 9.0 0.0289292 9.99521
4.0 9.0 0.0260975 9.99521
4.0 9.0 0.0283156 9.99521
4.0 9.0 0.0320776 9.99521
4.0 9.0 0.0272747 9.99521
4.0 9.0 0.0304657 9.99521
4.0 9.0 0.0415217 9.99521
4.0 9.0 0.02477 9.99521
4.0 9.0 0.0303332 9.99521
4.0 9.0 0.0260828 9.99521
4.0 9.0 0.0279554 9.99521
4.0 9.0 0.0278918 9.99521
4.0 9.0 0.0265301 9.99521
4.0 9.0 0.0240637 9.99521
4.0 9.0 0.0423908 9.99521
4.0 9.0 0.0243231 9.99521
4.0 9.0 0.0264761 9.99521
4.0 9.0 0.0256653 9.99521
4.0 9.0 0.0270413 9.99521
4.0 9.0 0.0279014 9.99521
4.0 9.0 0.0298261 9.99521
4.0 9.0 0.0285987 9.99521
4.0 9.0 0.0418436 9.99521
4.0 9.0 0.0246722 9.99521
4.0 9.0 0.0257011 9.99521
4.0 9.0 0.0290963 9.99521
4.0 15.0 0.0250521 9.99521
4.0 15.0 0.0262198 9.99521
4.0 15.0 0.016811 9.99521
4.0 15.0 0.0266631 9.99521
4.0 15.0 0.0234419 9.99521
4.0 15.0 0.0167084 9.99521
4.0 15.0 0.023351 9.99521
4.0 15.0 0.0246176 9.99521
4.0 15.0 0.0250165 9.99521
4.0 15.0 0.0297459 9.99521
4.0 15.0 0.0261436 9.99521
4.0 15.0 0.0255698 9.99521
4.0 15.0 0.0200369 9.99521
4.0 15.0 0.0256517 9.99521
4.0 15.0 0.0242601 9.99521
4.0 15.0 0.0284219 9.99521
4.0 15.0 0.0181859 9.99521
4.0 15.0 0.0202856 9.99521
4.0 15.0 0.0264343 9.99521
4.0 15.0 0.017602 9.99521
4.0 15.0 0.0179197 9.99521
4.0 15.0 0.0263358 9.99521
4.0 15.0 0.0221444 9.99521
4.0 15.0 0.0173856 9.99521
4.0 15.0 0.0254757 9.99521
4.0 15.0 0.0244422 9.99521
4.0 15.0 0.0237885 9.99521
4.0 15.0 0.0238971 9.99521
4.0 15.0 0.0235373 9.99521
4.0 15.0 0.0181983 9.99521
4.0 15.0 0.025845 9.99521
4.0 15.0 0.0268319 9.99521
4.0 15.0 0.024742 9.99521
4.0 15.0 0.0173256 9.99521
4.0 15.0 0.0235604 9.99521
4.0 15.0 0.0153645 9.99521
4.0 15.0 0.0176805 9.99521
4.0 15.0 0.0179414 9.99521
4.0 15.0 0.0202208 9.99521
4.0 15.0 0.0175396 9.99521
4.0 15.0 0.022345 9.99521
4.0 15.0 0.0183406 9.99521
4.0 15.0 0.0224676 9.99521
4.0 15.0 0.0201957 9.99521
4.0 15.0 0.0182115 9.99521
4.0 15.0 0.0260468 9.99521
4.0 15.0 0.029219 9.99521
4.0 15.0 0.0246761 9.99521
4.0 15.0 0.0216485 9.99521
4.0 15.0 0.025854 9.99521
4.0 16.0 0.0254687 9.99521
4.0 16.0 0.0248329 9.99521
4.0 16.0 0.0222445 9.99521
4.0 16.0 0.0239021 9.99521
4.0 16.0 0.0180488 9.99521
4.0 16.0 0.0269226 9.99521
4.0 16.0 0.0250966 9.99521
4.0 16.0 0.0224998 9.99521
4.0 16.0 0.0187796 9.99521
4.0 16.0 0.0200031 9.99521
4.0 16.0 0.0171922 9.99521
4.0 16.0 0.0179896 9.99521
4.0 16.0 0.0223558 9.99521
4.0 16.0 0.0178399 9.99521
4.0 16.0 0.0206281 9.99521
4.0 16.0 0.0260266 9.99521
4.0 16.0 0.0193258 9.99521
4.0 16.0 0.0217908 9.99521
4.0 16.0 0.0205055 9.99521
4.0 16.0 0.0220351 9.99521
4.0 16.0 0.0256603 9.99521
4.0 16.0 0.0229846 9.99521
4.0 16.0 0.0236937 9.99521
4.0 16.0 0.0250108 9.99521
4.0 16.0 0.0266559 9.99521
4.0 16.0 0.0241818 9.99521
4.0 16.0 0.02082 9.99521
4.0 16.0 0.0253201 9.99521
4.0 16.0 0.0271192 9.99521
4.0 16.0 0.0273068 9.99521
4.0 16.0 0.017124 9.99521
4.0 16.0 0.0261021 9.99521
4.0 16.0 0.0224571 9.99521
4.0 16.0 0.0218247 9.99521
4.0 16.0 0.0172089 9.99521
4.0 16.0 0.0255646 9.99521
4.0 16.0 0.0212737 9.99521
4.0 16.0 0.0245516 9.99521
4.0 16.0 0.0246257 9.99521
4.0 16.0 0.0243312 9.99521
4.0 16.0 0.0244956 9.99521
4.0 16.0 0.0202842 9.99521
4.0 16.0 0.0257508 9.99521
4.0 16.0 0.0241119 9.99521
4.0 16.0 0.0229738 9.99521
4.0 16.0 0.025944 9.99521
4.0 16.0 0.0215696 9.99521
4.0 16.0 0.0274213 9.99521
4.0 16.0 0.02596 9.99521
4.0 16.0 0.0178335 9.99521
4.0 17.0 0.0274445 9.94585
4.0 17.0 0.0145898 9.94585
4.0 17.0 0.0200033 9.94585
4.0 17.0 0.0209072 9.94585
4.0 17.0 0.0160883 9.94585
4.0 17.0 0.0243301 9.94585
4.0 17.0 0.0254289 9.94585
4.0 17.0 0.0229938 9.94585
4.0 17.0 0.0183969 9.94585
4.0 17.0 0.0167468 9.94585
4.0 17.0 0.0257038 9.94585
4.0 17.0 0.0216683 9.94585
4.0 17.0 0.0201905 9.94585
4.0 17.0 0.0116908 9.94585
4.0 17.0 0.016729 9.94585
4.0 17.0 0.0159631 9.94585
4.0 17.0 0.0203632 9.94585
4.0 17.0 0.0198158 9.94585
4.0 17.0 0.0227195 9.94585
4.0 17.0 0.0203723 9.94585
4.0 17.0 0.0240663 9.94585
4.0 17.0 0.0205796 9.94585
4.0 17.0 0.025664 9.94585
4.0 17.0 0.0109492 9.94585
4.0 17.0 0.0179997 9.94585
4.0 17.0 0.0151226 9.94585
4.0 17.0 0.015417 9.94585
4.0 17.0 0.0145229 9.94585
4.0 17.0 0.0149575 9.94585
4.0 17.0 0.014319 9.94585
4.0 17.0 0.0191601 9.94585
4.0 17.0 0.0224122 9.94585
4.0 17.0 0.0157913 9.94585
4.0 17.0 0.0206453 9.94585
4.0 17.0 0.0194799 9.94585
4.0 17.0 0.0158389 9.94585
4.0 17.0 0.0190553 9.94585
4.0 17.0 0.0166823 9.94585
4.0 17.0 0.0232921 9.94585
4.0 17.0 0.0272349 9.94585
4.0 17.0 0.0264687 9.94585
4.0 17.0 0.0207069 9.94585
4.0 17.0 0.0169583 9.94585
4.0 17.0 0.0217487 9.94585
4.0 17.0 0.016007 9.94585
4.0 17.0 0.0203697 9.94585
4.0 17.0 0.016009 9.94585
4.0 17.0 0.0190403 9.94585
4.0 17.0 0.0163282 9.94585
4.0 17.0 0.0263788 9.94585
4.0 31.0 0.00912321 9.98959
4.0 31.0 0.0105821 9.98959
4.0 31.0 0.011697 9.98959
4.0 31.0 0.0100687 9.98959
4.0 31.0 0.00988882 9.98959
4.0 31.0 0.00986434 9.98959
4.0 31.0 0.00997629 9.98959
4.0 31.0 0.00781589 9.98959
4.0 31.0 0.0102316 9.98959
4.0 31.0 0.00991595 9.98959
4.0 31.0 0.0103659 9.98959
4.0 31.0 0.0102391 9.98959
4.0 31.0 0.0115386 9.98959
4.0 31.0 0.00919349 9.98959
4.0 31.0 0.0100258 9.98959
4.0 31.0 0.0111651 9.98959
4.0 31.0 0.0109546 9.98959
4.0 31.0 0.0115688 9.98959
4.0 31.0 0.00977559 9.98959
4.0 31.0 0.00647462 9.98959
4.0 31.0 0.00812663 9.98959
4.0 31.0 0.011425 9.98959
4.0 31.0 0.0107032 9.98959
4.0 31.0 0.00994158 9.98959
4.0 31.0 0.0105602 9.98959
4.0 31.0 0.0102317 9.98959
4.0 31.0 0.00646569 9.98959
4.0 31.0 0.010982 9.98959
4.0 31.0 0.0102544 9.98959
4.0 31.0 0.0102151 9.98959
4.0 31.0 0.0102297 9.98959
4.0 31.0 0.0100413 9.98959
4.0 31.0 0.00994609 9.98959
4.0 31.0 0.0103595 9.98959
4.0 31.0 0.0112523 9.98959
4.0 31.0 0.00719541 9.98959
4.0 31.0 0.0102054 9.98959
4.0 31.0 0.0108731 9.98959
4.0 31.0 0.0109599 9.98959
4.0 31.0 0.0108293 9.98959
4.0 31.0 0.0104829 9.98959
4.0 31.0 0.00991543 9.98959
4.0 31.0 0.0106086 9.98959
4.0 31.0 0.00891716 9.98959
4.0 31.0 0.010173 9.98959
4.0 31.0 0.0100197 9.98959
4.0 31.0 0.0117943 9.98959
4.0 31.0 0.0104099 9.98959
4.0 31.0 0.0100209 9.98959
4.0 31.0 0.0100898 9.98959
4.0 32.0 0.0118953 9.98959
4.0 32.0 0.00996621 9.98959
4.0 32.0 0.00971511 9.98959
4.0 32.0 0.0116334 9.98959
4.0 32.0 0.0109198 9.98959
4.0 32.0 0.0112134 9.98959
4.0 32.0 0.0116566 9.98959
4.0 32.0 0.0100341 9.98959
4.0 32.0 0.0141466 9.98959
4.0 32.0 0.013742 9.98959
4.0 32.0 0.0106299 9.98959
4.0 32.0 0.00677277 9.98959
4.0 32.0 0.0110787 9.98959
4.0 32.0 0.010185 9.98959
4.0 32.0 0.00885596 9.98959
4.0 32.0 0.0113169 9.98959
4.0 32.0 0.0108069 9.98959
4.0 32.0 0.0109267 9.98959
4.0 32.0 0.0100326 9.98959
4.0 32.0 0.00963137 9.98959
4.0 32.0 0.0117405 9.98959
4.0 32.0 0.0100712 9.98959
4.0 32.0 0.0107944 9.98959
4.0 32.0 0.0102162 9.98959
4.0 32.0 0.0110388 9.98959
4.0 32.0 0.0120299 9.98959
4.0 32.0 0.0109645 9.98959
4.0 32.0 0.00991523 9.98959
4.0 32.0 0.00951312 9.98959
4.0 32.0 0.00991613 9.98959
4.0 32.0 0.0101898 9.98959
4.0 32.0 0.00910734 9.98959
4.0 32.0 0.00941395 9.98959
4.0 32.0 0.0104893 9.98959
4.0 32.0 0.0105231 9.98959
4.0 32.0 0.011548 9.98959
4.0 32.0 0.0110671 9.98959
4.0 32.0 0.0117308 9.98959
4.0 32.0 0.00999315 9.98959
4.0 32.0 0.0136702 9.98959
4.0 32.0 0.0115585 9.98959
4.0 32.0 0.0100293 9.98959
4.0 32.0 0.0101752 9.98959
4.0 32.0 0.0115333 9.98959
4.0 32.0 0.0101448 9.98959
4.0 32.0 0.00925112 9.98959
4.0 32.0 0.0104798 9.98959
4.0 32.0 0.0153758 9.98959
4.0 32.0 0.011438 9.98959
4.0 32.0 0.00826442 9.98959
4.0 33.0 0.00885448 9.98959
4.0 33.0 0.0118527 9.98959
4.0 33.0 0.0104094 9.98959
4.0 33.0 0.0112081 9.98959
4.0 33.0 0.00923407 9.98959
4.0 33.0 0.00934761 9.98959
4.0 33.0 0.0100435 9.98959
4.0 33.0 0.00996369 9.98959
4.0 33.0 0.0100629 9.98959
4.0 33.0 0.0103252 9.98959
4.0 33.0 0.00854337 9.98959
4.0 33.0 0.00998057 9.98959
4.0 33.0 0.0110935 9.98959
4.0 33.0 0.0107857 9.98959
4.0 33.0 0.010323 9.98959
4.0 33.0 0.0103506 9.98959
4.0 33.0 0.0118837 9.98959
4.0 33.0 0.0104338 9.98959
4.0 33.0 0.0117711 9.98959
4.0 33.0 0.0111661 9.98959
4.0 33.0 0.00891262 9.98959
4.0 33.0 0.00992892 9.98959
4.0 33.0 0.0114153 9.98959
4.0 33.0 0.010104 9.98959
4.0 33.0 0.0128889 9.98959
4.0 33.0 0.0117919 9.98959
4.0 33.0 0.0100253 9.98959
4.0 33.0 0.00940308 9.98959
4.0 33.0 0.0108438 9.98959
4.0 33.0 0.0116985 9.98959
4.0 33.0 0.0109964 9.98959
4.0 33.0 0.0111389 9.98959
4.0 33.0 0.0099809 9.98959
4.0 33.0 0.0101031 9.98959
4.0 33.0 0.0102891 9.98959
4.0 33.0 0.0100902 9.98959
4.0 33.0 0.00997148 9.98959
4.0 33.0 0.00968303 9.98959
4.0 33.0 0.0109419 9.98959
4.0 33.0 0.0120114 9.98959
4.0 33.0 0.0114931 9.98959
4.0 33.0 0.0100318 9.98959
4.0 33.0 0.0101221 9.98959
4.0 33.0 0.00991104 9.98959
4.0 33.0 0.00778232 9.98959
4.0 33.0 0.0117988 9.98959
4.0 33.0 0.010035 9.98959
4.0 33.0 0.0115298 9.98959
4.0 33.0 0.0100647 9.98959
4.0 33.0 0.0115207 9.98959
5.0 3.0 18.8302 25.0222
5.0 3.0 18.4688 25.0222
5.0 3.0 19.0984 25.0222
5.0 3.0 18.7946 25.0222
5.0 3.0 18.5605 25.0222
5.0 3.0 19.0204 25.0222
5.0 3.0 18.5764 25.0222
5.0 3.0 18.5837 25.0222
5.0 3.0 18.6588 25.0222
5.0 3.0 18.4661 25.0222
5.0 3.0 18.4858 25.0222
5.0 3.0 19.4448 25.0222
5.0 3.0 18.621 25.0222
5.0 3.0 18.8177 25.0222
5.0 3.0 18.471 25.0222
5.0 3.0 18.566 25.0222
5.0 3.0 18.619 25.0222
5.0 3.0 18.5712 25.0222
5.0 3.0 18.0757 25.0222
5.0 3.0 18.0384 25.0222
5.0 3.0 18.5381 25.0222
5.0 3.0 18.8271 25.0222
5.0 3.0 18.0411 25.0222
5.0 3.0 18.581 25.0222
5.0 3.0 18.6923 25.0222
5.0 3.0 18.0298 25.0222
5.0 3.0 19.4634 25.0222
5.0 3.0 18.5754 25.0222
5.0 3.0 18.648 25.0222
5.0 3.0 18.6787 25.0222
5.0 3.0 18.1489 25.0222
5.0 3.0 18.5808 25.0222
5.0 3.0 18.8287 25.0222
5.0 3.0 18.5689 25.0222
5.0 3.0 18.1701 25.0222
5.0 3.0 18.7392 25.0222
5.0 3.0 18.7188 25.0222
5.0 3.0 18.8388 25.0222
5.0 3.0 18.5518 25.0222
5.0 3.0 18.5147 25.0222
5.0 3.0 18.9473 25.0222
5.0 3.0 18.6908 25.0222
5.0 3.0 18.603 25.0222
5.0 3.0 18.5701 25.0222
5.0 3.0 18.5674 25.0222
5.0 3.0 18.5761 25.0222
5.0 3.0 18.1357 25.0222
5.0 3.0 18.76 25.0222
5.0 3.0 18.9077 25.0222
5.0 3.0 18.726 25.0222
5.0 4.0 14.0458 25.0222
5.0 4.0 14.0942 25.0222
5.0 4.0 14.4447 25.0222
5.0 4.0 13.9377 25.0222
5.0 4.0 14.0821 25.0222
5.0 4.0 13.9742 25.0222
5.0 4.0 15.2813 25.0222
5.0 4.0 14.0478 25.0222
5.0 4.0 14.0594 25.0222
5.0 4.0 14.1792 25.0222
5.0 4.0 13.9546 25.0222
5.0 4.0 13.9628 25.0222
5.0 4.0 14.0608 25.0222
5.0 4.0 14.1406 25.0222
5.0 4.0 13.986 25.0222
5.0 4.0 14.0749 25.0222
5.0 4.0 14.0707 25.0222
5.0 4.0 14.0469 25.0222
5.0 4.0 14.0239 25.0222
5.0 4.0 14.1033 25.0222
5.0 4.0 14.1638 25.0222
5.0 4.0 14.0632 25.0222
5.0 4.0 13.9631 25.0222
5.0 4.0 13.9577 25.0222
5.0 4.0 14.0083 25.0222
5.0 4.0 14.075 25.0222
5.0 4.0 14.2444 25.0222
5.0 4.0 14.0062 25.0222
5.0 4.0 14.0942 25.0222
5.0 4.0 14.3675 25.0222
5.0 4.0 14.0847 25.0222
5.0 4.0 14.0226 25.0222
5.0 4.0 14.2471 25.0222
5.0 4.0 13.9764 25.0222
5.0 4.0 14.0935 25.0222
5.0 4.0 13.9408 25.0222
5.0 4.0 15.475 25.0222
5.0 4.0 14.1365 25.0222
5.0 4.0 14.0318 25.0222
5.0 4.0 14.0884 25.0222
5.0 4.0 14.0175 25.0222
5.0 4.0 14.2353 25.0222
5.0 4.0 14.3616 25.0222
5.0 4.0 13.9994 25.0222
5.0 4.0 13.9707 25.0222
5.0 4.0 14.1129 25.0222
5.0 4.0 13.9658 25.0222
5.0 4.0 14.3587 25.0222
5.0 4.0 14.0539 25.0222
5.0 4.0 14.136 25.0222
5.0 5.0 11.2074 25.0222
5.0 5.0 11.4114 25.0222
5.0 5.0 11.1524 25.0222
5.0 5.0 11.2187 25.0222
5.0 5.0 11.2273 25.0222
5.0 5.0 11.1912 25.0222
5.0 5.0 11.201 25.0222
5.0 5.0 11.1434 25.0222
5.0 5.0 11.3755 25.0222
5.0 5.0 11.1862 25.0222
5.0 5.0 11.1994 25.0222
5.0 5.0 11.2871 25.0222
5.0 5.0 11.1197 25.0222
5.0 5.0 11.2093 25.0222
5.0 5.0 11.2583 25.0222
5.0 5.0 11.2312 25.0222
5.0 5.0 11.2048 25.0222
5.0 5.0 11.1995 25.0222
5.0 5.0 11.2046 25.0222
5.0 5.0 11.2132 25.0222
5.0 5.0 11.1513 25.0222
5.0 5.0 11.1823 25.0222
5.0 5.0 11.2002 25.0222
5.0 5.0 11.1572 25.0222
5.0 5.0 11.2973 25.0222
5.0 5.0 11.2134 25.0222
5.0 5.0 11.1695 25.0222
5.0 5.0 11.19 25.0222
5.0 5.0 11.3885 25.0222
5.0 5.0 11.1936 25.0222
5.0 5.0 11.2337 25.0222
5.0 5.0 11.2201 25.0222
5.0 5.0 11.3333 25.0222
5.0 5.0 11.2487 25.0222
5.0 5.0 11.2543 25.0222
5.0 5.0 11.19 25.0222
5.0 5.0 11.2305 25.0222
5.0 5.0 11.0396 25.0222
5.0 5.0 11.164 25.0222
5.0 5.0 11.1965 25.0222
5.0 5.0 11.2127 25.0222
5.0 5.0 11.169 25.0222
5.0 5.0 11.193 25.0222
5.0 5.0 11.1984 25.0222
5.0 5.0 11.1785 25.0222
5.0 5.0 11.1277 25.0222
5.0 5.0 11.19 25.0222
5.0 5.0 11.1785 25.0222
5.0 5.0 11.2038 25.0222
5.0 5.0 11.1902 25.0222
5.0 7.0 7.81994 25.0222
5.0 7.0 7.81593 25.0222
5.0 7.0 7.82631 25.0222
5.0 7.0 7.83653 25.0222
5.0 7.0 7.82436 25.0222
5.0 7.0 7.8339 25.0222
5.0 7.0 7.82834 25.0222
5.0 7.0 7.72189 25.0222
5.0 7.0 7.82407 25.0222
5.0 7.0 7.83052 25.0222
5.0 7.0 7.74095 25.0222
5.0 7.0 7.86116 25.0222
5.0 7.0 7.8199 25.0222
5.0 7.0 7.82297 25.0222
5.0 7.0 7.86859 25.0222
5.0 7.0 7.81642 25.0222
5.0 7.0 7.83534 25.0222
5.0 7.0 7.84962 25.0222
5.0 7.0 7.82096 25.0222
5.0 7.0 7.83097 25.0222
5.0 7.0 7.8381 25.0222
5.0 7.0 7.85335 25.0222
5.0 7.0 7.85156 25.0222
5.0 7.0 7.82067 25.0222
5.0 7.0 7.83452 25.0222
5.0 7.0 7.8017 25.0222
5.0 7.0 7.95838 25.0222
5.0 7.0 7.94273 25.0222
5.0 7.0 8.64757 25.0222
5.0 7.0 7.84484 25.0222
5.0 7.0 7.80359 25.0222
5.0 7.0 7.85922 25.0222
5.0 7.0 7.83795 25.0222
5.0 7.0 7.85999 25.0222
5.0 7.0 7.82038 25.0222
5.0 7.0 7.82299 25.0222
5.0 7.0 7.81543 25.0222
5.0 7.0 7.84252 25.0222
5.0 7.0 7.74624 25.0222
5.0 7.0 7.88393 25.0222
5.0 7.0 7.83225 25.0222
5.0 7.0 7.85526 25.0222
5.0 7.0 7.96886 25.0222
5.0 7.0 7.8372 25.0222
5.0 7.0 7.86211 25.0222
5.0 7.0 7.82822 25.0222
5.0 7.0 7.87044 25.0222
5.0 7.0 7.88332 25.0222
5.0 7.0 7.81065 25.0222
5.0 7.0 7.81635 25.0222
5.0 8.0 6.81657 25.0221
5.0 8.0 6.67316 25.0221
5.0 8.0 6.67884 25.0221
5.0 8.0 6.71748 25.0221
5.0 8.0 6.72519 25.0221
5.0 8.0 6.72469 25.0221
5.0 8.0 6.70113 25.0221
5.0 8.0 6.71666 25.0221
5.0 8.0 6.71142 25.0221
5.0 8.0 6.67577 25.0221
5.0 8.0 6.73973 25.0221
5.0 8.0 6.72472 25.0221
5.0 8.0 6.70311 25.0221
5.0 8.0 6.73694 25.0221
5.0 8.0 6.73017 25.0221
5.0 8.0 6.79228 25.0221
5.0 8.0 6.74603 25.0221
5.0 8.0 6.74563 25.0221
5.0 8.0 6.7091 25.0221
5.0 8.0 6.73634 25.0221
5.0 8.0 6.6469 25.0221
5.0 8.0 6.71722 25.0221
5.0 8.0 6.77504 25.0221
5.0 8.0 6.74888 25.0221
5.0 8.0 6.72365 25.0221
5.0 8.0 6.73452 25.0221
5.0 8.0 6.69307 25.0221
5.0 8.0 6.83799 25.0221
5.0 8.0 6.72562 25.0221
5.0 8.0 6.70902 25.0221
5.0 8.0 6.71662 25.0221
5.0 8.0 6.75572 25.0221
5.0 8.0 6.64421 25.0221
5.0 8.0 6.72964 25.0221
5.0 8.0 7.41095 25.0221
5.0 8.0 6.71688 25.0221
5.0 8.0 6.6318 25.0221
5.0 8.0 6.74895 25.0221
5.0 8.0 6.71884 25.0221
5.0 8.0 6.70928 25.0221
5.0 8.0 6.76577 25.0221
5.0 8.0 6.74059 25.0221
5.0 8.0 6.68213 25.0221
5.0 8.0 6.78241 25.0221
5.0 8.0 6.70927 25.0221
5.0 8.0 6.7295 25.0221
5.0 8.0 6.71362 25.0221
5.0 8.0 6.71824 25.0221
5.0 8.0 6.71914 25.0221
5.0 8.0 6.74847 25.0221
5.0 9.0 6.14676 25.0222
5.0 9.0 6.15447 25.0222
5.0 9.0 6.1567 25.0222
5.0 9.0 6.14241 25.0222
5.0 9.0 6.16044 25.0222
5.0 9.0 6.16398 25.0222
5.0 9.0 6.16634 25.0222
5.0 9.0 6.17533 25.0222
5.0 9.0 6.17324 25.0222
5.0 9.0 6.32872 25.0222
5.0 9.0 6.15235 25.0222
5.0 9.0 6.19649 25.0222
5.0 9.0 6.20156 25.0222
5.0 9.0 6.1514 25.0222
5.0 9.0 6.16322 25.0222
5.0 9.0 6.17499 25.0222
5.0 9.0 6.18636 25.0222
5.0 9.0 6.17123 25.0222
5.0 9.0 6.16173 25.0222
5.0 9.0 6.21953 25.0222
5.0 9.0 6.26762 25.0222
5.0 9.0 6.14393 25.0222
5.0 9.0 6.17409 25.0222
5.0 9.0 6.19722 25.0222
5.0 9.0 6.15297 25.0222
5.0 9.0 6.15261 25.0222
5.0 9.0 6.17785 25.0222
5.0 9.0 6.14971 25.0222
5.0 9.0 6.17667 25.0222
5.0 9.0 6.15808 25.0222
5.0 9.0 6.26518 25.0222
5.0 9.0 6.15884 25.0222
5.0 9.0 6.15052 25.0222
5.0 9.0 6.16256 25.0222
5.0 9.0 6.15901 25.0222
5.0 9.0 6.15375 25.0222
5.0 9.0 6.29885 25.0222
5.0 9.0 6.14923 25.0222
5.0 9.0 6.15585 25.0222
5.0 9.0 6.15957 25.0222
5.0 9.0 6.17084 25.0222
5.0 9.0 6.21517 25.0222
5.0 9.0 6.22376 25.0222
5.0 9.0 6.26221 25.0222
5.0 9.0 6.14622 25.0222
5.0 9.0 6.16527 25.0222
5.0 9.0 6.17331 25.0222
5.0 9.0 6.29686 25.0222
5.0 9.0 6.16444 25.0222
5.0 9.0 6.19395 25.0222
5.0 15.0 3.37012 25.0222
5.0 15.0 3.36673 25.0222
5.0 15.0 3.35431 25.0222
5.0 15.0 3.36429 25.0222
5.0 15.0 3.35548 25.0222
5.0 15.0 3.36335 25.0222
5.0 15.0 3.35812 25.0222
5.0 15.0 3.36159 25.0222
5.0 15.0 3.37926 25.0222
5.0 15.0 3.36729 25.0222
5.0 15.0 3.38216 25.0222
5.0 15.0 3.37326 25.0222
5.0 15.0 3.35364 25.0222
5.0 15.0 3.38609 25.0222
5.0 15.0 3.3634 25.0222
5.0 15.0 3.35936 25.0222
5.0 15.0 3.36753 25.0222
5.0 15.0 3.35733 25.0222
5.0 15.0 3.36806 25.0222
5.0 15.0 3.37905 25.0222
5.0 15.0 3.35615 25.0222
5.0 15.0 3.37158 25.0222
5.0 15.0 3.37135 25.0222
5.0 15.0 3.3693 25.0222
5.0 15.0 3.35237 25.0222
5.0 15.0 3.36316 25.0222
5.0 15.0 3.37495 25.0222
5.0 15.0 3.3824 25.0222
5.0 15.0 3.36204 25.0222
5.0 15.0 3.36443 25.0222
5.0 15.0 3.35618 25.0222
5.0 15.0 3.36834 25.0222
5.0 15.0 3.36942 25.0222
5.0 15.0 3.37618 25.0222
5.0 15.0 3.36314 25.0222
5.0 15.0 3.36715 25.0222
5.0 15.0 3.36023 25.0222
5.0 15.0 3.3632 25.0222
5.0 15.0 3.44674 25.0222
5.0 15.0 3.37611 25.0222
5.0 15.0 3.36151 25.0222
5.0 15.0 3.37412 25.0222
5.0 15.0 3.368 25.0222
5.0 15.0 3.39569 25.0222
5.0 15.0 3.36523 25.0222
5.0 15.0 3.36511 25.0222
5.0 15.0 3.35646 25.0222
5.0 15.0 3.36587 25.0222
5.0 15.0 3.36155 25.0222
5.0 15.0 3.35447 25.0222
5.0 16.0 3.36333 25.0222
5.0 16.0 3.36398 25.0222
5.0 16.0 3.35187 25.0222
5.0 16.0 3.36156 25.0222
5.0 16.0 3.36964 25.0222
5.0 16.0 3.36418 25.0222
5.0 16.0 3.35049 25.0222
5.0 16.0 3.35265 25.0222
5.0 16.0 3.3632 25.0222
5.0 16.0 3.36072 25.0222
5.0 16.0 3.36324 25.0222
5.0 16.0 3.36666 25.0222
5.0 16.0 3.39409 25.0222
5.0 16.0 3.38606 25.0222
5.0 16.0 3.37079 25.0222
5.0 16.0 3.3576 25.0222
5.0 16.0 3.40378 25.0222
5.0 16.0 3.4227 25.0222
5.0 16.0 3.36037 25.0222
5.0 16.0 3.38184 25.0222
5.0 16.0 3.37098 25.0222
5.0 16.0 3.36988 25.0222
5.0 16.0 3.37222 25.0222
5.0 16.0 3.36589 25.0222
5.0 16.0 3.37398 25.0222
5.0 16.0 3.36908 25.0222
5.0 16.0 3.37359 25.0222
5.0 16.0 3.35824 25.0222
5.0 16.0 3.36449 25.0222
5.0 16.0 3.46831 25.0222
5.0 16.0 3.37548 25.0222
5.0 16.0 3.35361 25.0222
5.0 16.0 3.36082 25.0222
5.0 16.0 3.37377 25.0222
5.0 16.0 3.36992 25.0222
5.0 16.0 3.37288 25.0222
5.0 16.0 3.36368 25.0222
5.0 16.0 3.37178 25.0222
5.0 16.0 3.36979 25.0222
5.0 16.0 3.35372 25.0222
5.0 16.0 3.36667 25.0222
5.0 16.0 3.3648 25.0222
5.0 16.0 3.36272 25.0222
5.0 16.0 3.37105 25.0222
5.0 16.0 3.35808 25.0222
5.0 16.0 3.34434 25.0222
5.0 16.0 3.38913 25.0222
5.0 16.0 3.35565 25.0222
5.0 16.0 3.36362 25.0222
5.0 16.0 3.36094 25.0222
5.0 17.0 2.83317 25.0222
5.0 17.0 2.8548 25.0222
5.0 17.0 2.90014 25.0222
5.0 17.0 2.80089 25.0222
5.0 17.0 2.81103 25.0222
5.0 17.0 2.80766 25.0222
5.0 17.0 2.81129 25.0222
5.0 17.0 2.82052 25.0222
5.0 17.0 2.8057 25.0222
5.0 17.0 2.81864 25.0222
5.0 17.0 2.82405 25.0222
5.0 17.0 2.80873 25.0222
5.0 17.0 2.81252 25.0222
5.0 17.0 2.89095 25.0222
5.0 17.0 2.8124 25.0222
5.0 17.0 2.7995 25.0222
5.0 17.0 2.80505 25.0222
5.0 17.0 2.80729 25.0222
5.0 17.0 2.80549 25.0222
5.0 17.0 2.79323 25.0222
5.0 17.0 2.85804 25.0222
5.0 17.0 2.86455 25.0222
5.0 17.0 2.80476 25.0222
5.0 17.0 2.80775 25.0222
5.0 17.0 2.81492 25.0222
5.0 17.0 2.8014 25.0222
5.0 17.0 2.79832 25.0222
5.0 17.0 2.80002 25.0222
5.0 17.0 2.80629 25.0222
5.0 17.0 2.80242 25.0222
5.0 17.0 2.85061 25.0222
5.0 17.0 2.82541 25.0222
5.0 17.0 2.80128 25.0222
5.0 17.0 2.82554 25.0222
5.0 17.0 2.82475 25.0222
5.0 17.0 2.80719 25.0222
5.0 17.0 2.81334 25.0222
5.0 17.0 2.80129 25.0222
5.0 17.0 2.79616 25.0222
5.0 17.0 2.82585 25.0222
5.0 17.0 2.80575 25.0222
5.0 17.0 2.80617 25.0222
5.0 17.0 2.83397 25.0222
5.0 17.0 2.79805 25.0222
5.0 17.0 2.81674 25.0222
5.0 17.0 2.80707 25.0222
5.0 17.0 2.81212 25.0222
5.0 17.0 2.81964 25.0222
5.0 17.0 2.80831 25.0222
5.0 17.0 2.83535 25.0222
5.0 31.0 1.68841 25.0222
5.0 31.0 1.71646 25.0222
5.0 31.0 1.68309 25.0222
5.0 31.0 1.72033 25.0222
5.0 31.0 1.68404 25.0222
5.0 31.0 1.70416 25.0222
5.0 31.0 1.68607 25.0222
5.0 31.0 1.68635 25.0222
5.0 31.0 1.6821 25.0222
5.0 31.0 1.72673 25.0222
5.0 31.0 1.71844 25.0222
5.0 31.0 1.68648 25.0222
5.0 31.0 1.69024 25.0222
5.0 31.0 1.6902 25.0222
5.0 31.0 1.68819 25.0222
5.0 31.0 1.68898 25.0222
5.0 31.0 1.68464 25.0222
5.0 31.0 1.68175 25.0222
5.0 31.0 1.71301 25.0222
5.0 31.0 1.71404 25.0222
5.0 31.0 1.68585 25.0222
5.0 31.0 1.68992 25.0222
5.0 31.0 1.68447 25.0222
5.0 31.0 1.69418 25.0222
5.0 31.0 1.68817 25.0222
5.0 31.0 1.68021 25.0222
5.0 31.0 1.68502 25.0222
5.0 31.0 1.68936 25.0222
5.0 31.0 1.69289 25.0222
5.0 31.0 1.68306 25.0222
5.0 31.0 1.70843 25.0222
5.0 31.0 1.69001 25.0222
5.0 31.0 1.68353 25.0222
5.0 31.0 1.68572 25.0222
5.0 31.0 1.69084 25.0222
5.0 31.0 1.68346 25.0222
5.0 31.0 1.68577 25.0222
5.0 31.0 1.68225 25.0222
5.0 31.0 1.70765 25.0222
5.0 31.0 1.70795 25.0222
5.0 31.0 1.68111 25.0222
5.0 31.0 1.69874 25.0222
5.0 31.0 1.69346 25.0222
5.0 31.0 1.69466 25.0222
5.0 31.0 1.6899 25.0222
5.0 31.0 1.69459 25.0222
5.0 31.0 1.69413 25.0222
5.0 31.0 1.68766 25.0222
5.0 31.0 1.69477 25.0222
5.0 31.0 1.68743 25.0222
5.0 32.0 1.70254 25.0222
5.0 32.0 1.68946 25.0222
5.0 32.0 1.68891 25.0222
5.0 32.0 1.69657 25.0222
5.0 32.0 1.71943 25.0222
5.0 32.0 1.69027 25.0222
5.0 32.0 1.68581 25.0222
5.0 32.0 1.68564 25.0222
5.0 32.0 1.68921 25.0222
5.0 32.0 1.68609 25.0222
5.0 32.0 1.69165 25.0222
5.0 32.0 1.68953 25.0222
5.0 32.0 1.68741 25.0222
5.0 32.0 1.68789 25.0222
5.0 32.0 1.68749 25.0222
5.0 32.0 1.68728 25.0222
5.0 32.0 1.69023 25.0222
5.0 32.0 1.67984 25.0222
5.0 32.0 1.68224 25.0222
5.0 32.0 1.68489 25.0222
5.0 32.0 1.68712 25.0222
5.0 32.0 1.68697 25.0222
5.0 32.0 1.68954 25.0222
5.0 32.0 1.68482 25.0222
5.0 32.0 1.68212 25.0222
5.0 32.0 1.69063 25.0222
5.0 32.0 1.69158 25.0222
5.0 32.0 1.68956 25.0222
5.0 32.0 1.68897 25.0222
5.0 32.0 1.69095 25.0222
5.0 32.0 1.69091 25.0222
5.0 32.0 1.70176 25.0222
5.0 32.0 1.7065 25.0222
5.0 32.0 1.68613 25.0222
5.0 32.0 1.69132 25.0222
5.0 32.0 1.68408 25.0222
5.0 32.0 1.68906 25.0222
5.0 32.0 1.68808 25.0222
5.0 32.0 1.6865 25.0222
5.0 32.0 1.68769 25.0222
5.0 32.0 1.68301 25.0222
5.0 32.0 1.68556 25.0222
5.0 32.0 1.68301 25.0222
5.0 32.0 1.69036 25.0222
5.0 32.0 1.68196 25.0222
5.0 32.0 1.68256 25.0222
5.0 32.0 1.68906 25.0222
5.0 32.0 1.69019 25.0222
5.0 32.0 1.68404 25.0222
5.0 32.0 1.68248 25.0222
5.0 33.0 1.68539 25.0222
5.0 33.0 1.68555 25.0222
5.0 33.0 1.68966 25.0222
5.0 33.0 1.68875 25.0222
5.0 33.0 1.69505 25.0222
5.0 33.0 1.71092 25.0222
5.0 33.0 1.68468 25.0222
5.0 33.0 1.70526 25.0222
5.0 33.0 1.68111 25.0222
5.0 33.0 1.68722 25.0222
5.0 33.0 1.6982 25.0222
5.0 33.0 1.69316 25.0222
5.0 33.0 1.68677 25.0222
5.0 33.0 1.68338 25.0222
5.0 33.0 1.70596 25.0222
5.0 33.0 1.68456 25.0222
5.0 33.0 1.68705 25.0222
5.0 33.0 1.68643 25.0222
5.0 33.0 1.68593 25.0222
5.0 33.0 1.69099 25.0222
5.0 33.0 1.68485 25.0222
5.0 33.0 1.68164 25.0222
5.0 33.0 1.70182 25.0222
5.0 33.0 1.68503 25.0222
5.0 33.0 1.68465 25.0222
5.0 33.0 1.70616 25.0222
5.0 33.0 1.73032 25.0222
5.0 33.0 1.73657 25.0222
5.0 33.0 1.68597 25.0222
5.0 33.0 1.69291 25.0222
5.0 33.0 1.71254 25.0222
5.0 33.0 1.69179 25.0222
5.0 33.0 1.68666 25.0222
5.0 33.0 1.69059 25.0222
5.0 33.0 1.68631 25.0222
5.0 33.0 1.68324 25.0222
5.0 33.0 1.68352 25.0222
5.0 33.0 1.68999 25.0222
5.0 33.0 1.6945 25.0222
5.0 33.0 1.72769 25.0222
5.0 33.0 1.68851 25.0222
5.0 33.0 1.68386 25.0222
5.0 33.0 1.73331 25.0222
5.0 33.0 1.68782 25.0222
5.0 33.0 1.68805 25.0222
5.0 33.0 1.68963 25.0222
5.0 33.0 1.6841 25.0222
5.0 33.0 1.68461 25.0222
5.0 33.0 1.69383 25.0222
5.0 33.0 1.68896 25.0222
