0 3 0.0643781 180.724
0 3 0.0642237 180.724
0 3 0.0640726 180.724
0 3 0.0676882 180.724
0 3 0.0764238 180.724
0 3 0.0766885 180.724
0 3 0.0641675 180.724
0 3 0.064513 180.724
0 3 0.0635189 180.724
0 3 0.0633769 180.724
0 3 0.064518 180.724
0 3 0.0655826 180.724
0 3 0.06658 180.724
0 3 0.0641248 180.724
0 3 0.0637802 180.724
0 3 0.0679082 180.724
0 3 0.0651661 180.724
0 3 0.0683115 180.724
0 3 0.0694061 180.724
0 3 0.0641769 180.724
0 3 0.0669302 180.724
0 3 0.0647434 180.724
0 3 0.0640877 180.724
0 3 0.0641943 180.724
0 3 0.0764537 180.724
0 3 0.0646094 180.724
0 3 0.0639448 180.724
0 3 0.0652765 180.724
0 3 0.0684938 180.724
0 3 0.066853 180.724
0 3 0.0716873 180.724
0 3 0.0668232 180.724
0 3 0.0668487 180.724
0 3 0.0718834 180.724
0 3 0.0668032 180.724
0 3 0.0663814 180.724
0 3 0.0642965 180.724
0 3 0.0730488 180.724
0 3 0.0646206 180.724
0 3 0.0668538 180.724
0 3 0.0681158 180.724
0 3 0.06425 180.724
0 3 0.0641667 180.724
0 3 0.0677226 180.724
0 3 0.0645269 180.724
0 3 0.0639223 180.724
0 3 0.063629 180.724
0 3 0.0683979 180.724
0 3 0.0771769 180.724
0 3 0.063888 180.724
0 3 0.0657059 180.724
0 3 0.0673798 180.724
0 3 0.0678106 180.724
0 3 0.0660381 180.724
0 3 0.064116 180.724
0 3 0.067865 180.724
0 3 0.0687405 180.724
0 3 0.0641658 180.724
0 3 0.064166 180.724
0 3 0.0646803 180.724
0 3 0.0643132 180.724
0 3 0.0675431 180.724
0 3 0.0747824 180.724
0 3 0.0672987 180.724
0 3 0.0759855 180.724
0 3 0.0674022 180.724
0 3 0.0668567 180.724
0 3 0.0672455 180.724
0 3 0.0642028 180.724
0 3 0.0641474 180.724
0 3 0.0756362 180.724
0 3 0.0678964 180.724
0 3 0.0669676 180.724
0 3 0.0653525 180.724
0 3 0.0668427 180.724
0 3 0.0645949 180.724
0 3 0.0666693 180.724
0 3 0.0673963 180.724
0 3 0.0747713 180.724
0 3 0.0640074 180.724
0 3 0.0668964 180.724
0 3 0.0648637 180.724
0 3 0.0669994 180.724
0 3 0.0653549 180.724
0 3 0.0675895 180.724
0 3 0.0661427 180.724
0 3 0.0670156 180.724
0 3 0.0640044 180.724
0 3 0.0642463 180.724
0 3 0.0768371 180.724
0 3 0.0645167 180.724
0 3 0.063569 180.724
0 3 0.0667819 180.724
0 3 0.0670383 180.724
0 3 0.0762266 180.724
0 3 0.0643745 180.724
0 3 0.0678611 180.724
0 3 0.0642461 180.724
0 3 0.0639294 180.724
1 3 0.0751808 19.5926
1 3 0.0897491 19.5926
1 3 0.0782499 19.5926
1 3 0.0765744 19.5926
1 3 0.0753271 19.5926
1 3 0.076198 19.5926
1 3 0.0758359 19.5926
1 3 0.0770975 19.5926
1 3 0.0757926 19.5926
1 3 0.0791095 19.5926
1 3 0.0778084 19.5926
1 3 0.0841461 19.5926
1 3 0.0751806 19.5926
1 3 0.0778583 19.5926
1 3 0.0763363 19.5926
1 3 0.0787186 19.5926
1 3 0.0796116 19.5926
1 3 0.0757586 19.5926
1 3 0.0756902 19.5926
1 3 0.0769226 19.5926
1 3 0.0758659 19.5926
1 3 0.0771048 19.5926
1 3 0.0757771 19.5926
1 3 0.0778592 19.5926
1 3 0.0764915 19.5926
1 3 0.0755597 19.5926
1 3 0.0778688 19.5926
1 3 0.0755389 19.5926
1 3 0.0789478 19.5926
1 3 0.0781949 19.5926
1 3 0.0750616 19.5926
1 3 0.0785817 19.5926
1 3 0.0838302 19.5926
1 3 0.0771223 19.5926
1 3 0.0796495 19.5926
1 3 0.0788995 19.5926
1 3 0.0759852 19.5926
1 3 0.0852794 19.5926
1 3 0.075595 19.5926
1 3 0.0758314 19.5926
1 3 0.0781422 19.5926
1 3 0.0786939 19.5926
1 3 0.0779958 19.5926
1 3 0.078685 19.5926
1 3 0.0781213 19.5926
1 3 0.0748067 19.5926
1 3 0.0783005 19.5926
1 3 0.0812267 19.5926
1 3 0.0750681 19.5926
1 3 0.0780047 19.5926
2 3 0.264704 -5.02058e-32
2 3 0.263154 -5.02058e-32
2 3 0.26545 -5.02058e-32
2 3 0.261042 -5.02058e-32
2 3 0.268013 -5.02058e-32
2 3 0.260197 -5.02058e-32
2 3 0.260563 -5.02058e-32
2 3 0.26148 -5.02058e-32
2 3 0.260079 -5.02058e-32
2 3 0.262558 -5.02058e-32
2 3 0.267857 -5.02058e-32
2 3 0.269844 -5.02058e-32
2 3 0.267977 -5.02058e-32
2 3 0.268062 -5.02058e-32
2 3 0.260113 -5.02058e-32
2 3 0.264726 -5.02058e-32
2 3 0.278437 -5.02058e-32
2 3 0.265892 -5.02058e-32
2 3 0.263507 -5.02058e-32
2 3 0.263986 -5.02058e-32
2 3 0.267067 -5.02058e-32
2 3 0.317355 -5.02058e-32
2 3 0.264596 -5.02058e-32
2 3 0.263745 -5.02058e-32
2 3 0.266376 -5.02058e-32
2 3 0.267596 -5.02058e-32
2 3 0.267984 -5.02058e-32
2 3 0.265248 -5.02058e-32
2 3 0.264097 -5.02058e-32
2 3 0.264237 -5.02058e-32
2 3 0.260373 -5.02058e-32
2 3 0.267437 -5.02058e-32
2 3 0.268219 -5.02058e-32
2 3 0.263342 -5.02058e-32
2 3 0.267735 -5.02058e-32
2 3 0.268002 -5.02058e-32
2 3 0.267999 -5.02058e-32
2 3 0.27626 -5.02058e-32
2 3 0.260622 -5.02058e-32
2 3 0.26041 -5.02058e-32
2 3 0.263978 -5.02058e-32
2 3 0.263231 -5.02058e-32
2 3 0.323528 -5.02058e-32
2 3 0.261858 -5.02058e-32
2 3 0.26609 -5.02058e-32
2 3 0.259214 -5.02058e-32
2 3 0.26004 -5.02058e-32
2 3 0.260975 -5.02058e-32
2 3 0.264889 -5.02058e-32
2 3 0.26418 -5.02058e-32
3 3 0.0418107 70.7066
3 3 0.0415572 70.7066
3 3 0.0412499 70.7066
3 3 0.0412549 70.7066
3 3 0.0415014 70.7066
3 3 0.0443198 70.7066
3 3 0.044791 70.7066
3 3 0.0442198 70.7066
3 3 0.0481521 70.7066
3 3 0.0413887 70.7066
3 3 0.0425864 70.7066
3 3 0.0413423 70.7066
3 3 0.0420793 70.7066
3 3 0.0493911 70.7066
3 3 0.0419994 70.7066
3 3 0.0419429 70.7066
3 3 0.0434808 70.7066
3 3 0.0413547 70.7066
3 3 0.0436097 70.7066
3 3 0.0418661 70.7066
3 3 0.0433538 70.7066
3 3 0.0417294 70.7066
3 3 0.0432487 70.7066
3 3 0.0440199 70.7066
3 3 0.0435122 70.7066
3 3 0.0422831 70.7066
3 3 0.0419693 70.7066
3 3 0.0435885 70.7066
3 3 0.0434123 70.7066
3 3 0.0501068 70.7066
3 3 0.0418963 70.7066
3 3 0.0437808 70.7066
3 3 0.0417103 70.7066
3 3 0.0414421 70.7066
3 3 0.0423998 70.7066
3 3 0.0441838 70.7066
3 3 0.0411433 70.7066
3 3 0.0436687 70.7066
3 3 0.042159 70.7066
3 3 0.0437256 70.7066
3 3 0.0443061 70.7066
3 3 0.0421453 70.7066
3 3 0.0443081 70.7066
3 3 0.0416288 70.7066
3 3 0.0438447 70.7066
3 3 0.0417711 70.7066
3 3 0.0429398 70.7066
3 3 0.0421362 70.7066
3 3 0.0425649 70.7066
3 3 0.044103 70.7066
4 3 0.0607183 99.9758
4 3 0.0647257 99.9758
4 3 0.0632647 99.9758
4 3 0.0630325 99.9758
4 3 0.062916 99.9758
4 3 0.0610804 99.9758
4 3 0.0651135 99.9758
4 3 0.0606701 99.9758
4 3 0.0629711 99.9758
4 3 0.0634394 99.9758
4 3 0.0603523 99.9758
4 3 0.0636625 99.9758
4 3 0.0613527 99.9758
4 3 0.0635164 99.9758
4 3 0.0605512 99.9758
4 3 0.0634409 99.9758
4 3 0.0605799 99.9758
4 3 0.0606834 99.9758
4 3 0.0609896 99.9758
4 3 0.063688 99.9758
4 3 0.0638025 99.9758
4 3 0.0616347 99.9758
4 3 0.0605848 99.9758
4 3 0.0632279 99.9758
4 3 0.0603998 99.9758
4 3 0.0637451 99.9758
4 3 0.0602245 99.9758
4 3 0.0603216 99.9758
4 3 0.0600294 99.9758
4 3 0.0636231 99.9758
4 3 0.0604899 99.9758
4 3 0.0606972 99.9758
4 3 0.0635934 99.9758
4 3 0.0721558 99.9758
4 3 0.060985 99.9758
4 3 0.0605862 99.9758
4 3 0.0633015 99.9758
4 3 0.0633092 99.9758
4 3 0.0603352 99.9758
4 3 0.0638842 99.9758
4 3 0.060024 99.9758
4 3 0.0637622 99.9758
4 3 0.0637245 99.9758
4 3 0.0630822 99.9758
4 3 0.0612607 99.9758
4 3 0.0633789 99.9758
4 3 0.0601968 99.9758
4 3 0.060689 99.9758
4 3 0.0604513 99.9758
4 3 0.0634611 99.9758
5 3 18.2373 26.4983
5 3 18.2338 26.4983
5 3 18.2552 26.4983
5 3 18.2573 26.4983
5 3 18.239 26.4983
5 3 18.2321 26.4983
5 3 18.1808 26.4983
5 3 19.8059 26.4983
5 3 18.166 26.4983
5 3 18.1605 26.4983
5 3 18.1869 26.4983
5 3 18.2701 26.4983
5 3 18.2712 26.4983
5 3 18.2696 26.4983
5 3 18.2732 26.4983
5 3 18.167 26.4983
5 3 19.7844 26.4983
5 3 18.1723 26.4983
5 3 18.2346 26.4983
5 3 18.2594 26.4983
5 3 18.2194 26.4983
5 3 18.1388 26.4983
5 3 18.1489 26.4983
5 3 18.1448 26.4983
5 3 18.2187 26.4983
5 3 18.2199 26.4983
5 3 18.1549 26.4983
5 3 18.1228 26.4983
5 3 18.1889 26.4983
5 3 18.1298 26.4983
5 3 18.1224 26.4983
5 3 18.205 26.4983
5 3 18.1514 26.4983
5 3 19.8115 26.4983
5 3 18.2125 26.4983
5 3 18.1486 26.4983
5 3 18.1413 26.4983
5 3 18.1363 26.4983
5 3 18.133 26.4983
5 3 18.2191 26.4983
5 3 18.2209 26.4983
5 3 18.2287 26.4983
5 3 18.1429 26.4983
5 3 18.1355 26.4983
5 3 18.2241 26.4983
5 3 18.1333 26.4983
5 3 18.2171 26.4983
5 3 18.227 26.4983
5 3 18.1328 26.4983
5 3 18.1414 26.4983
0 4 0.0502537 180.96
0 4 0.050815 180.96
0 4 0.0500397 180.96
0 4 0.0509429 180.96
0 4 0.0500499 180.96
0 4 0.0499924 180.96
0 4 0.050184 180.96
0 4 0.0506634 180.96
0 4 0.0510055 180.96
0 4 0.0543826 180.96
0 4 0.0510427 180.96
0 4 0.0502818 180.96
0 4 0.050964 180.96
0 4 0.0500219 180.96
0 4 0.0499971 180.96
0 4 0.0501094 180.96
0 4 0.0500332 180.96
0 4 0.0505258 180.96
0 4 0.0503934 180.96
0 4 0.0620097 180.96
0 4 0.0501925 180.96
0 4 0.0505494 180.96
0 4 0.0503704 180.96
0 4 0.0500098 180.96
0 4 0.0499645 180.96
0 4 0.0512542 180.96
0 4 0.0513919 180.96
0 4 0.0505825 180.96
0 4 0.0505744 180.96
0 4 0.051623 180.96
0 4 0.050486 180.96
0 4 0.0500105 180.96
0 4 0.0505555 180.96
0 4 0.0506058 180.96
0 4 0.0501822 180.96
0 4 0.0504281 180.96
0 4 0.0500092 180.96
0 4 0.0499412 180.96
0 4 0.0506622 180.96
0 4 0.0507106 180.96
0 4 0.0514109 180.96
0 4 0.0511563 180.96
0 4 0.0505511 180.96
0 4 0.0502242 180.96
0 4 0.0499728 180.96
0 4 0.050415 180.96
0 4 0.0500362 180.96
0 4 0.0503452 180.96
0 4 0.0499782 180.96
0 4 0.0501706 180.96
0 4 0.0500811 180.96
0 4 0.0503215 180.96
0 4 0.0502998 180.96
0 4 0.0503145 180.96
0 4 0.0508685 180.96
0 4 0.0574573 180.96
0 4 0.050176 180.96
0 4 0.0501103 180.96
0 4 0.0500695 180.96
0 4 0.0506153 180.96
0 4 0.0575655 180.96
0 4 0.0509359 180.96
0 4 0.050473 180.96
0 4 0.0502591 180.96
0 4 0.0506366 180.96
0 4 0.0505662 180.96
0 4 0.0502839 180.96
0 4 0.0505786 180.96
0 4 0.0502316 180.96
0 4 0.0504449 180.96
0 4 0.0501878 180.96
0 4 0.0499905 180.96
0 4 0.0512235 180.96
0 4 0.0505242 180.96
0 4 0.0504835 180.96
0 4 0.0499502 180.96
0 4 0.0579253 180.96
0 4 0.0504187 180.96
0 4 0.0502424 180.96
0 4 0.0542179 180.96
0 4 0.0503551 180.96
0 4 0.0501381 180.96
0 4 0.0503661 180.96
0 4 0.0507036 180.96
0 4 0.0550435 180.96
0 4 0.0503291 180.96
0 4 0.0572175 180.96
0 4 0.0505358 180.96
0 4 0.0504265 180.96
0 4 0.05056 180.96
0 4 0.0499963 180.96
0 4 0.0503375 180.96
0 4 0.0506111 180.96
0 4 0.0503616 180.96
0 4 0.0505153 180.96
0 4 0.0508453 180.96
0 4 0.0538612 180.96
0 4 0.0504432 180.96
0 4 0.0504822 180.96
1 4 0.0609876 19.5946
1 4 0.0619413 19.5946
1 4 0.0610107 19.5946
1 4 0.0651853 19.5946
1 4 0.06671 19.5946
1 4 0.0612361 19.5946
1 4 0.0613729 19.5946
1 4 0.0672146 19.5946
1 4 0.069666 19.5946
1 4 0.0653419 19.5946
1 4 0.0630033 19.5946
1 4 0.0677378 19.5946
1 4 0.0617029 19.5946
1 4 0.0604768 19.5946
1 4 0.0608873 19.5946
1 4 0.0644364 19.5946
1 4 0.0656797 19.5946
1 4 0.0625491 19.5946
1 4 0.0662365 19.5946
1 4 0.0612113 19.5946
1 4 0.0664706 19.5946
1 4 0.0640005 19.5946
1 4 0.064328 19.5946
1 4 0.064805 19.5946
1 4 0.0641153 19.5946
1 4 0.0642883 19.5946
1 4 0.0649257 19.5946
1 4 0.0673767 19.5946
1 4 0.0658272 19.5946
1 4 0.0674484 19.5946
1 4 0.0674395 19.5946
1 4 0.067891 19.5946
1 4 0.0660003 19.5946
1 4 0.061062 19.5946
1 4 0.061348 19.5946
1 4 0.0637694 19.5946
1 4 0.0613578 19.5946
1 4 0.0623247 19.5946
1 4 0.0644502 19.5946
1 4 0.0649145 19.5946
1 4 0.0655657 19.5946
1 4 0.0666889 19.5946
1 4 0.0610369 19.5946
1 4 0.0608602 19.5946
1 4 0.0613506 19.5946
1 4 0.06478 19.5946
1 4 0.061124 19.5946
1 4 0.0612355 19.5946
1 4 0.0637245 19.5946
1 4 0.0615649 19.5946
2 4 0.207675 -2.01644e-31
2 4 0.201395 -2.01644e-31
2 4 0.209127 -2.01644e-31
2 4 0.207021 -2.01644e-31
2 4 0.209286 -2.01644e-31
2 4 0.201868 -2.01644e-31
2 4 0.205741 -2.01644e-31
2 4 0.207748 -2.01644e-31
2 4 0.206202 -2.01644e-31
2 4 0.202064 -2.01644e-31
2 4 0.202205 -2.01644e-31
2 4 0.214075 -2.01644e-31
2 4 0.202018 -2.01644e-31
2 4 0.201285 -2.01644e-31
2 4 0.207024 -2.01644e-31
2 4 0.208982 -2.01644e-31
2 4 0.20114 -2.01644e-31
2 4 0.201598 -2.01644e-31
2 4 0.206869 -2.01644e-31
2 4 0.205028 -2.01644e-31
2 4 0.20122 -2.01644e-31
2 4 0.201875 -2.01644e-31
2 4 0.204772 -2.01644e-31
2 4 0.209004 -2.01644e-31
2 4 0.202654 -2.01644e-31
2 4 0.202325 -2.01644e-31
2 4 0.207904 -2.01644e-31
2 4 0.205602 -2.01644e-31
2 4 0.215517 -2.01644e-31
2 4 0.206989 -2.01644e-31
2 4 0.20247 -2.01644e-31
2 4 0.207229 -2.01644e-31
2 4 0.202121 -2.01644e-31
2 4 0.206919 -2.01644e-31
2 4 0.20253 -2.01644e-31
2 4 0.210945 -2.01644e-31
2 4 0.205019 -2.01644e-31
2 4 0.202006 -2.01644e-31
2 4 0.215571 -2.01644e-31
2 4 0.207798 -2.01644e-31
2 4 0.201505 -2.01644e-31
2 4 0.204854 -2.01644e-31
2 4 0.2009 -2.01644e-31
2 4 0.201567 -2.01644e-31
2 4 0.201429 -2.01644e-31
2 4 0.223428 -2.01644e-31
2 4 0.201239 -2.01644e-31
2 4 0.207635 -2.01644e-31
2 4 0.20382 -2.01644e-31
2 4 0.20821 -2.01644e-31
3 4 0.03527 70.7066
3 4 0.0346367 70.7066
3 4 0.0340938 70.7066
3 4 0.0350458 70.7066
3 4 0.034134 70.7066
3 4 0.0342108 70.7066
3 4 0.0339361 70.7066
3 4 0.0343657 70.7066
3 4 0.0341424 70.7066
3 4 0.0345265 70.7066
3 4 0.0340607 70.7066
3 4 0.0347497 70.7066
3 4 0.0340863 70.7066
3 4 0.0345331 70.7066
3 4 0.0343987 70.7066
3 4 0.0347948 70.7066
3 4 0.0402302 70.7066
3 4 0.0342767 70.7066
3 4 0.0341254 70.7066
3 4 0.0342776 70.7066
3 4 0.0341286 70.7066
3 4 0.034055 70.7066
3 4 0.0346213 70.7066
3 4 0.0343565 70.7066
3 4 0.0341581 70.7066
3 4 0.0349934 70.7066
3 4 0.0340763 70.7066
3 4 0.0345769 70.7066
3 4 0.0350301 70.7066
3 4 0.0343619 70.7066
3 4 0.0356445 70.7066
3 4 0.0341692 70.7066
3 4 0.0346719 70.7066
3 4 0.0340865 70.7066
3 4 0.03421 70.7066
3 4 0.0344068 70.7066
3 4 0.0340707 70.7066
3 4 0.0342423 70.7066
3 4 0.0342784 70.7066
3 4 0.0347657 70.7066
3 4 0.0345348 70.7066
3 4 0.034454 70.7066
3 4 0.0340266 70.7066
3 4 0.034937 70.7066
3 4 0.0339621 70.7066
3 4 0.0358615 70.7066
3 4 0.0341092 70.7066
3 4 0.0346784 70.7066
4 4 0.0512516 99.8673
4 4 0.052212 99.8673
4 4 0.0510593 99.8673
4 4 0.0525573 99.8673
4 4 0.0512577 99.8673
4 4 0.0511599 99.8673
4 4 0.0514988 99.8673
4 4 0.0522349 99.8673
4 4 0.0544517 99.8673
4 4 0.0578963 99.8673
4 4 0.0522781 99.8673
4 4 0.0521463 99.8673
4 4 0.0517499 99.8673
4 4 0.0520766 99.8673
4 4 0.0514331 99.8673
4 4 0.0513335 99.8673
4 4 0.0512915 99.8673
4 4 0.0596768 99.8673
4 4 0.0511875 99.8673
4 4 0.0520617 99.8673
4 4 0.05133 99.8673
4 4 0.0517511 99.8673
4 4 0.0511964 99.8673
4 4 0.0515626 99.8673
4 4 0.0516739 99.8673
4 4 0.0511758 99.8673
4 4 0.0608861 99.8673
4 4 0.0513453 99.8673
4 4 0.0514097 99.8673
4 4 0.0514378 99.8673
4 4 0.053567 99.8673
4 4 0.0516902 99.8673
4 4 0.0513076 99.8673
4 4 0.0516588 99.8673
4 4 0.051541 99.8673
4 4 0.051364 99.8673
4 4 0.0519648 99.8673
4 4 0.0515019 99.8673
4 4 0.0512902 99.8673
4 4 0.0514686 99.8673
4 4 0.0513207 99.8673
4 4 0.0519242 99.8673
4 4 0.0514704 99.8673
4 4 0.0511785 99.8673
4 4 0.0516053 99.8673
4 4 0.0516887 99.8673
4 4 0.0515994 99.8673
4 4 0.0516674 99.8673
4 4 0.0511022 99.8673
4 4 0.0517644 99.8673
5 4 13.8043 26.4931
5 4 13.8092 26.4931
5 4 13.8045 26.4931
5 4 13.793 26.4931
5 4 13.7972 26.4931
5 4 13.8023 26.4931
5 4 13.8041 26.4931
5 4 13.8046 26.4931
5 4 13.7966 26.4931
5 4 13.8017 26.4931
5 4 13.824 26.4931
5 4 13.8035 26.4931
5 4 13.8067 26.4931
5 4 13.8166 26.4931
5 4 13.7994 26.4931
5 4 13.8062 26.4931
5 4 14.2857 26.4931
5 4 13.8085 26.4931
5 4 13.8046 26.4931
5 4 13.8002 26.4931
5 4 13.7989 26.4931
5 4 13.8009 26.4931
5 4 13.8017 26.4931
5 4 13.8054 26.4931
5 4 13.8059 26.4931
5 4 13.8044 26.4931
5 4 14.2731 26.4931
5 4 13.803 26.4931
5 4 13.7988 26.4931
5 4 13.8002 26.4931
5 4 14.2848 26.4931
5 4 13.8047 26.4931
5 4 13.801 26.4931
5 4 13.8073 26.4931
5 4 13.8023 26.4931
5 4 13.8029 26.4931
5 4 13.8166 26.4931
5 4 13.8086 26.4931
5 4 13.7976 26.4931
5 4 13.813 26.4931
5 4 13.8004 26.4931
5 4 13.816 26.4931
5 4 13.8048 26.4931
5 4 13.8032 26.4931
5 4 13.8008 26.4931
5 4 13.8098 26.4931
5 4 14.3116 26.4931
5 4 13.8214 26.4931
5 4 13.8076 26.4931
5 4 13.7971 26.4931
0 5 0.0715387 180.62
0 5 0.0706705 180.62
0 5 0.0711909 180.62
0 5 0.0760945 180.62
0 5 0.0767499 180.62
0 5 0.0536351 180.62
0 5 0.0764381 180.62
0 5 0.0763199 180.62
0 5 0.0459043 180.62
0 5 0.0479267 180.62
0 5 0.0716306 180.62
0 5 0.0767251 180.62
0 5 0.0721696 180.62
0 5 0.0529762 180.62
0 5 0.0763618 180.62
0 5 0.0773109 180.62
0 5 0.0718917 180.62
0 5 0.0728914 180.62
0 5 0.073367 180.62
0 5 0.0762926 180.62
0 5 0.0778069 180.62
0 5 0.0715141 180.62
0 5 0.0759873 180.62
0 5 0.0763684 180.62
0 5 0.0766618 180.62
0 5 0.0770471 180.62
0 5 0.0769279 180.62
0 5 0.0483766 180.62
0 5 0.0770949 180.62
0 5 0.0769384 180.62
0 5 0.0719992 180.62
0 5 0.0478277 180.62
0 5 0.0774358 180.62
0 5 0.0769663 180.62
0 5 0.073243 180.62
0 5 0.0720321 180.62
0 5 0.0724369 180.62
0 5 0.0770733 180.62
0 5 0.0768257 180.62
0 5 0.0505764 180.62
0 5 0.0773728 180.62
0 5 0.0781094 180.62
0 5 0.0713922 180.62
0 5 0.0770511 180.62
0 5 0.0770199 180.62
0 5 0.0772805 180.62
0 5 0.0763519 180.62
0 5 0.052125 180.62
0 5 0.078002 180.62
0 5 0.0771882 180.62
0 5 0.0728744 180.62
0 5 0.0765961 180.62
0 5 0.0719136 180.62
0 5 0.0768769 180.62
0 5 0.072128 180.62
0 5 0.0774821 180.62
0 5 0.0769535 180.62
0 5 0.0772149 180.62
0 5 0.0777608 180.62
0 5 0.0721956 180.62
0 5 0.0722155 180.62
0 5 0.0514417 180.62
0 5 0.0772872 180.62
0 5 0.0712576 180.62
0 5 0.0735468 180.62
0 5 0.071187 180.62
0 5 0.0773213 180.62
0 5 0.0769343 180.62
0 5 0.0461416 180.62
0 5 0.0471516 180.62
0 5 0.0769595 180.62
0 5 0.0721534 180.62
0 5 0.0468448 180.62
0 5 0.0511321 180.62
0 5 0.0766991 180.62
0 5 0.0516234 180.62
0 5 0.0768948 180.62
0 5 0.0766637 180.62
0 5 0.0758828 180.62
0 5 0.0705646 180.62
0 5 0.0775094 180.62
0 5 0.0717452 180.62
0 5 0.0732681 180.62
0 5 0.075764 180.62
0 5 0.0759673 180.62
0 5 0.0764569 180.62
0 5 0.076548 180.62
0 5 0.0769881 180.62
0 5 0.0766559 180.62
0 5 0.0765314 180.62
0 5 0.0767309 180.62
0 5 0.071678 180.62
0 5 0.0462173 180.62
0 5 0.0771188 180.62
0 5 0.0454233 180.62
0 5 0.0720312 180.62
0 5 0.0448054 180.62
0 5 0.0714143 180.62
0 5 0.0770429 180.62
0 5 0.0767864 180.62
1 5 0.064468 19.5926
1 5 0.0867066 19.5926
1 5 0.0847145 19.5926
1 5 0.0837326 19.5926
1 5 0.0817396 19.5926
1 5 0.0872797 19.5926
1 5 0.0818904 19.5926
1 5 0.0817865 19.5926
1 5 0.0864106 19.5926
1 5 0.0844787 19.5926
1 5 0.0625743 19.5926
1 5 0.0881401 19.5926
1 5 0.0866873 19.5926
1 5 0.0820223 19.5926
1 5 0.0836315 19.5926
1 5 0.0781656 19.5926
1 5 0.0820286 19.5926
1 5 0.0811209 19.5926
1 5 0.0864008 19.5926
1 5 0.052558 19.5926
1 5 0.0871421 19.5926
1 5 0.0784294 19.5926
1 5 0.079766 19.5926
1 5 0.0839344 19.5926
1 5 0.0880261 19.5926
1 5 0.083165 19.5926
1 5 0.0786831 19.5926
1 5 0.0794855 19.5926
1 5 0.0876978 19.5926
1 5 0.0595871 19.5926
1 5 0.0787888 19.5926
1 5 0.080278 19.5926
1 5 0.0816979 19.5926
1 5 0.0609242 19.5926
1 5 0.0609733 19.5926
1 5 0.0891687 19.5926
1 5 0.0818667 19.5926
1 5 0.0833406 19.5926
1 5 0.0487982 19.5926
1 5 0.0820778 19.5926
1 5 0.0910904 19.5926
1 5 0.0807 19.5926
1 5 0.0852616 19.5926
1 5 0.0880895 19.5926
1 5 0.0864019 19.5926
1 5 0.080042 19.5926
1 5 0.084584 19.5926
1 5 0.0851589 19.5926
1 5 0.0578913 19.5926
1 5 0.09022 19.5926
2 5 0.164438 -0
2 5 0.162386 -0
2 5 0.160074 -0
2 5 0.0967128 -0
2 5 0.158528 -0
2 5 0.167322 -0
2 5 0.104668 -0
2 5 0.157109 -0
2 5 0.152048 -0
2 5 0.160698 -0
2 5 0.150449 -0
2 5 0.156271 -0
2 5 0.157312 -0
2 5 0.15316 -0
2 5 0.153628 -0
2 5 0.167853 -0
2 5 0.164967 -0
2 5 0.152644 -0
2 5 0.155767 -0
2 5 0.154835 -0
2 5 0.167586 -0
2 5 0.160163 -0
2 5 0.0952761 -0
2 5 0.171365 -0
2 5 0.0939331 -0
2 5 0.171246 -0
2 5 0.152533 -0
2 5 0.156616 -0
2 5 0.112433 -0
2 5 0.169432 -0
2 5 0.172101 -0
2 5 0.15244 -0
2 5 0.163035 -0
2 5 0.156171 -0
2 5 0.16375 -0
2 5 0.160025 -0
2 5 0.11217 -0
2 5 0.154253 -0
2 5 0.152503 -0
2 5 0.152081 -0
2 5 0.169774 -0
2 5 0.0967412 -0
2 5 0.153268 -0
2 5 0.155547 -0
2 5 0.162396 -0
2 5 0.169474 -0
2 5 0.164494 -0
2 5 0.161734 -0
2 5 0.154615 -0
3 5 0.0454223 70.7066
2 5 0.152936 -0
3 5 0.0453509 70.7066
3 5 0.047766 70.7066
3 5 0.0427941 70.7066
3 5 0.0454446 70.7066
3 5 0.0448757 70.7066
3 5 0.0508776 70.7066
3 5 0.0414651 70.7066
3 5 0.0478533 70.7066
3 5 0.0480585 70.7066
3 5 0.0489523 70.7066
3 5 0.0466586 70.7066
3 5 0.0485017 70.7066
3 5 0.0475327 70.7066
3 5 0.0447406 70.7066
3 5 0.0497234 70.7066
3 5 0.0480672 70.7066
3 5 0.0538667 70.7066
3 5 0.0456927 70.7066
3 5 0.0481353 70.7066
3 5 0.045213 70.7066
3 5 0.0536605 70.7066
3 5 0.0473493 70.7066
3 5 0.036642 70.7066
3 5 0.0424696 70.7066
3 5 0.0472621 70.7066
3 5 0.0267973 70.7066
3 5 0.0459308 70.7066
3 5 0.0473252 70.7066
3 5 0.0360253 70.7066
3 5 0.0481774 70.7066
3 5 0.0482811 70.7066
3 5 0.0452417 70.7066
3 5 0.0435405 70.7066
3 5 0.0479129 70.7066
3 5 0.0447477 70.7066
3 5 0.0483771 70.7066
3 5 0.0464436 70.7066
3 5 0.0517814 70.7066
3 5 0.0466113 70.7066
3 5 0.0496733 70.7066
3 5 0.0453449 70.7066
3 5 0.0350595 70.7066
3 5 0.0393361 70.7066
3 5 0.0473621 70.7066
3 5 0.0450289 70.7066
3 5 0.0344788 70.7066
3 5 0.0466146 70.7066
3 5 0.0494888 70.7066
3 5 0.0481162 70.7066
4 5 0.0456378 99.9388
4 5 0.0758009 99.9388
4 5 0.0757786 99.9388
4 5 0.0758735 99.9388
4 5 0.0763523 99.9388
4 5 0.0477348 99.9388
4 5 0.0765251 99.9388
4 5 0.0722577 99.9388
4 5 0.0718719 99.9388
4 5 0.0715312 99.9388
4 5 0.0768329 99.9388
4 5 0.0460715 99.9388
4 5 0.0706011 99.9388
4 5 0.0758055 99.9388
4 5 0.0453394 99.9388
4 5 0.0711101 99.9388
4 5 0.0465868 99.9388
4 5 0.0722679 99.9388
4 5 0.0733222 99.9388
4 5 0.0760965 99.9388
4 5 0.0708433 99.9388
4 5 0.0773058 99.9388
4 5 0.0763411 99.9388
4 5 0.0766861 99.9388
4 5 0.0762675 99.9388
4 5 0.0723411 99.9388
4 5 0.0764771 99.9388
4 5 0.0715573 99.9388
4 5 0.0765119 99.9388
4 5 0.075989 99.9388
4 5 0.0769514 99.9388
4 5 0.0766531 99.9388
4 5 0.0761476 99.9388
4 5 0.0454088 99.9388
4 5 0.0479067 99.9388
4 5 0.0771195 99.9388
4 5 0.0716109 99.9388
4 5 0.0764046 99.9388
4 5 0.0763884 99.9388
4 5 0.0772434 99.9388
4 5 0.0762821 99.9388
4 5 0.0772645 99.9388
4 5 0.0757388 99.9388
4 5 0.0463866 99.9388
4 5 0.0712858 99.9388
4 5 0.0763572 99.9388
4 5 0.0706912 99.9388
4 5 0.072185 99.9388
4 5 0.0711554 99.9388
4 5 0.076044 99.9388
5 5 11.0418 26.4778
5 5 11.268 26.4778
5 5 11.1181 26.4778
5 5 12.2656 26.4778
5 5 11.9978 26.4778
5 5 11.2541 26.4778
5 5 11.1348 26.4778
5 5 11.2412 26.4778
5 5 11.0834 26.4778
5 5 11.2557 26.4778
5 5 11.1376 26.4778
5 5 11.081 26.4778
5 5 11.1661 26.4778
5 5 11.148 26.4778
5 5 11.9953 26.4778
5 5 11.0679 26.4778
5 5 11.1123 26.4778
5 5 11.137 26.4778
5 5 11.1145 26.4778
5 5 11.1308 26.4778
5 5 11.1513 26.4778
5 5 11.2116 26.4778
5 5 11.1542 26.4778
5 5 11.2686 26.4778
5 5 11.9981 26.4778
5 5 11.1885 26.4778
5 5 11.139 26.4778
5 5 11.1983 26.4778
5 5 11.1655 26.4778
5 5 11.0828 26.4778
5 5 11.1285 26.4778
5 5 11.2491 26.4778
5 5 11.1494 26.4778
5 5 11.2524 26.4778
5 5 11.1001 26.4778
5 5 11.1492 26.4778
5 5 11.0542 26.4778
5 5 11.0465 26.4778
5 5 11.2584 26.4778
5 5 11.1473 26.4778
5 5 11.2196 26.4778
5 5 12.2244 26.4778
5 5 11.1373 26.4778
5 5 11.9887 26.4778
5 5 11.1062 26.4778
5 5 11.1627 26.4778
5 5 11.1913 26.4778
5 5 11.1609 26.4778
5 5 11.1094 26.4778
5 5 11.3073 26.4778
0 7 0.0328689 180.063
0 7 0.0365026 180.063
0 7 0.0531021 180.063
0 7 0.034949 180.063
0 7 0.0521496 180.063
0 7 0.0334821 180.063
0 7 0.0372704 180.063
0 7 0.0532105 180.063
0 7 0.0336557 180.063
0 7 0.0502453 180.063
0 7 0.0378708 180.063
0 7 0.0345498 180.063
0 7 0.0517336 180.063
0 7 0.033915 180.063
0 7 0.0547167 180.063
0 7 0.0357365 180.063
0 7 0.0541979 180.063
0 7 0.0363866 180.063
0 7 0.0344637 180.063
0 7 0.0512659 180.063
0 7 0.0524921 180.063
0 7 0.0384492 180.063
0 7 0.0541392 180.063
0 7 0.0373371 180.063
0 7 0.0383199 180.063
0 7 0.0366911 180.063
0 7 0.0334276 180.063
0 7 0.0309898 180.063
0 7 0.0353596 180.063
0 7 0.0511161 180.063
0 7 0.0522363 180.063
0 7 0.0354004 180.063
0 7 0.0345952 180.063
0 7 0.0518904 180.063
0 7 0.0369283 180.063
0 7 0.0379672 180.063
0 7 0.0556079 180.063
0 7 0.0361222 180.063
0 7 0.051708 180.063
0 7 0.0523426 180.063
0 7 0.0523611 180.063
0 7 0.0348515 180.063
0 7 0.0345692 180.063
0 7 0.0380343 180.063
0 7 0.0333147 180.063
0 7 0.0505807 180.063
0 7 0.0531171 180.063
0 7 0.0544007 180.063
0 7 0.051187 180.063
0 7 0.0557104 180.063
0 7 0.0338119 180.063
0 7 0.0529801 180.063
0 7 0.0530927 180.063
0 7 0.0344107 180.063
0 7 0.039202 180.063
0 7 0.0366761 180.063
0 7 0.0342131 180.063
0 7 0.052419 180.063
0 7 0.0521289 180.063
0 7 0.0347385 180.063
0 7 0.050422 180.063
0 7 0.033684 180.063
0 7 0.0528875 180.063
0 7 0.0504268 180.063
0 7 0.0363129 180.063
0 7 0.0347541 180.063
0 7 0.0546927 180.063
0 7 0.0525199 180.063
0 7 0.0342309 180.063
0 7 0.0345156 180.063
0 7 0.0524014 180.063
0 7 0.0373427 180.063
0 7 0.0347058 180.063
0 7 0.0327845 180.063
0 7 0.0379006 180.063
0 7 0.0541986 180.063
0 7 0.0320733 180.063
0 7 0.0523999 180.063
0 7 0.0378707 180.063
0 7 0.0341882 180.063
0 7 0.0345137 180.063
0 7 0.0536622 180.063
0 7 0.0549996 180.063
0 7 0.0526425 180.063
0 7 0.054954 180.063
0 7 0.0406824 180.063
0 7 0.0366987 180.063
0 7 0.0527652 180.063
0 7 0.0539149 180.063
0 7 0.0378944 180.063
0 7 0.0527113 180.063
0 7 0.031648 180.063
0 7 0.0382836 180.063
0 7 0.0407622 180.063
0 7 0.0338746 180.063
0 7 0.0338604 180.063
0 7 0.0535225 180.063
0 7 0.0348256 180.063
0 7 0.0352287 180.063
0 7 0.0523549 180.063
1 7 0.0594757 19.5912
1 7 0.047755 19.5912
1 7 0.0420504 19.5912
1 7 0.0578379 19.5912
1 7 0.0458376 19.5912
1 7 0.0587239 19.5912
1 7 0.0495768 19.5912
1 7 0.0582136 19.5912
1 7 0.0579356 19.5912
1 7 0.0431095 19.5912
1 7 0.0540615 19.5912
1 7 0.0590959 19.5912
1 7 0.0462747 19.5912
1 7 0.0432271 19.5912
1 7 0.0446813 19.5912
1 7 0.0596807 19.5912
1 7 0.0555016 19.5912
1 7 0.0451381 19.5912
1 7 0.0602438 19.5912
1 7 0.0456964 19.5912
1 7 0.0569214 19.5912
1 7 0.0394568 19.5912
1 7 0.0563583 19.5912
1 7 0.0576597 19.5912
1 7 0.0583247 19.5912
1 7 0.0582859 19.5912
1 7 0.0555896 19.5912
1 7 0.0581042 19.5912
1 7 0.0566508 19.5912
1 7 0.0372571 19.5912
1 7 0.0363696 19.5912
1 7 0.0367224 19.5912
1 7 0.0386049 19.5912
1 7 0.0513525 19.5912
1 7 0.0596312 19.5912
1 7 0.0548495 19.5912
1 7 0.0464926 19.5912
1 7 0.055419 19.5912
1 7 0.046886 19.5912
1 7 0.0587423 19.5912
1 7 0.0436609 19.5912
1 7 0.0593666 19.5912
1 7 0.0590819 19.5912
1 7 0.0369022 19.5912
1 7 0.0501694 19.5912
1 7 0.0593803 19.5912
1 7 0.0465968 19.5912
1 7 0.0357258 19.5912
1 7 0.0588176 19.5912
1 7 0.0586544 19.5912
2 7 0.100005 -2.01644e-31
2 7 0.114328 -2.01644e-31
2 7 0.151504 -2.01644e-31
2 7 0.14776 -2.01644e-31
2 7 0.148445 -2.01644e-31
2 7 0.102025 -2.01644e-31
2 7 0.115648 -2.01644e-31
2 7 0.118547 -2.01644e-31
2 7 0.146922 -2.01644e-31
2 7 0.147622 -2.01644e-31
2 7 0.146254 -2.01644e-31
2 7 0.148212 -2.01644e-31
2 7 0.102386 -2.01644e-31
2 7 0.115346 -2.01644e-31
2 7 0.0985131 -2.01644e-31
2 7 0.149017 -2.01644e-31
2 7 0.119769 -2.01644e-31
2 7 0.105187 -2.01644e-31
2 7 0.147576 -2.01644e-31
2 7 0.101655 -2.01644e-31
2 7 0.150067 -2.01644e-31
2 7 0.151027 -2.01644e-31
2 7 0.117416 -2.01644e-31
2 7 0.148756 -2.01644e-31
2 7 0.149712 -2.01644e-31
2 7 0.152813 -2.01644e-31
2 7 0.100859 -2.01644e-31
2 7 0.119841 -2.01644e-31
2 7 0.10171 -2.01644e-31
2 7 0.148966 -2.01644e-31
2 7 0.0973133 -2.01644e-31
2 7 0.0953397 -2.01644e-31
2 7 0.148119 -2.01644e-31
2 7 0.150945 -2.01644e-31
2 7 0.149124 -2.01644e-31
2 7 0.0999576 -2.01644e-31
2 7 0.105831 -2.01644e-31
2 7 0.11887 -2.01644e-31
2 7 0.151357 -2.01644e-31
2 7 0.108288 -2.01644e-31
2 7 0.14685 -2.01644e-31
2 7 0.148612 -2.01644e-31
2 7 0.103053 -2.01644e-31
2 7 0.152119 -2.01644e-31
2 7 0.117153 -2.01644e-31
2 7 0.0983434 -2.01644e-31
2 7 0.0991359 -2.01644e-31
2 7 0.148285 -2.01644e-31
2 7 0.15731 -2.01644e-31
2 7 0.114113 -2.01644e-31
3 7 0.033113 70.7066
3 7 0.0291889 70.7066
3 7 0.0345578 70.7066
3 7 0.0249801 70.7066
3 7 0.0306008 70.7066
3 7 0.0228808 70.7066
3 7 0.0307893 70.7066
3 7 0.03158 70.7066
3 7 0.0328602 70.7066
3 7 0.0272308 70.7066
3 7 0.0225011 70.7066
3 7 0.0327398 70.7066
3 7 0.0227851 70.7066
3 7 0.0319494 70.7066
3 7 0.0251957 70.7066
3 7 0.0268363 70.7066
3 7 0.029407 70.7066
3 7 0.0317705 70.7066
3 7 0.0258312 70.7066
3 7 0.0316063 70.7066
3 7 0.0355369 70.7066
3 7 0.0215084 70.7066
3 7 0.0313569 70.7066
3 7 0.0257563 70.7066
3 7 0.0193187 70.7066
3 7 0.0222254 70.7066
3 7 0.0330399 70.7066
3 7 0.0319337 70.7066
3 7 0.03184 70.7066
3 7 0.0186018 70.7066
3 7 0.0207588 70.7066
3 7 0.0337861 70.7066
3 7 0.0330261 70.7066
3 7 0.0376925 70.7066
3 7 0.0343305 70.7066
3 7 0.0296613 70.7066
3 7 0.0234318 70.7066
3 7 0.0215775 70.7066
3 7 0.020774 70.7066
3 7 0.0359083 70.7066
3 7 0.0303078 70.7066
3 7 0.0168789 70.7066
3 7 0.0296709 70.7066
3 7 0.0328682 70.7066
3 7 0.0228245 70.7066
3 7 0.0298393 70.7066
3 7 0.0336861 70.7066
3 7 0.0320998 70.7066
3 7 0.0235875 70.7066
3 7 0.0318716 70.7066
4 7 0.0467997 99.855
4 7 0.0313517 99.855
4 7 0.0463862 99.855
4 7 0.0314169 99.855
4 7 0.0311489 99.855
4 7 0.0477748 99.855
4 7 0.0468088 99.855
4 7 0.0455258 99.855
4 7 0.0463188 99.855
4 7 0.031945 99.855
4 7 0.0320824 99.855
4 7 0.033614 99.855
4 7 0.0470012 99.855
4 7 0.0444151 99.855
4 7 0.0470883 99.855
4 7 0.0350262 99.855
4 7 0.0448148 99.855
4 7 0.0468148 99.855
4 7 0.0484801 99.855
4 7 0.0319256 99.855
4 7 0.0462853 99.855
4 7 0.031169 99.855
4 7 0.0349904 99.855
4 7 0.0458553 99.855
4 7 0.0309065 99.855
4 7 0.031263 99.855
4 7 0.0309784 99.855
4 7 0.047074 99.855
4 7 0.0483517 99.855
4 7 0.0471575 99.855
4 7 0.0389526 99.855
4 7 0.0300795 99.855
4 7 0.047034 99.855
4 7 0.0464203 99.855
4 7 0.029316 99.855
4 7 0.0465274 99.855
4 7 0.0491308 99.855
4 7 0.0476249 99.855
4 7 0.0459685 99.855
4 7 0.0307567 99.855
4 7 0.0333731 99.855
4 7 0.0493369 99.855
4 7 0.0473644 99.855
4 7 0.0467376 99.855
4 7 0.0477601 99.855
4 7 0.0470703 99.855
4 7 0.0350519 99.855
4 7 0.0471781 99.855
4 7 0.0316798 99.855
4 7 0.0463366 99.855
5 7 7.97147 26.4917
5 7 7.96616 26.4917
5 7 7.92283 26.4917
5 7 7.98933 26.4917
5 7 8.65028 26.4917
5 7 8.68965 26.4917
5 7 7.76501 26.4917
5 7 7.76039 26.4917
5 7 7.95081 26.4917
5 7 7.89734 26.4917
5 7 7.79887 26.4917
5 7 7.88281 26.4917
5 7 7.91726 26.4917
5 7 7.77497 26.4917
5 7 8.47144 26.4917
5 7 7.7448 26.4917
5 7 7.8885 26.4917
5 7 7.79123 26.4917
5 7 7.9469 26.4917
5 7 7.94311 26.4917
5 7 7.76624 26.4917
5 7 8.69739 26.4917
5 7 7.8791 26.4917
5 7 7.77611 26.4917
5 7 8.5838 26.4917
5 7 7.9032 26.4917
5 7 7.92306 26.4917
5 7 7.79561 26.4917
5 7 7.78245 26.4917
5 7 8.32378 26.4917
5 7 7.88606 26.4917
5 7 7.9226 26.4917
5 7 7.88629 26.4917
5 7 7.90098 26.4917
5 7 7.79756 26.4917
5 7 7.93403 26.4917
5 7 8.12821 26.4917
5 7 7.9088 26.4917
5 7 7.90723 26.4917
5 7 7.73765 26.4917
5 7 7.93947 26.4917
5 7 7.92264 26.4917
5 7 7.89807 26.4917
5 7 8.67961 26.4917
5 7 7.89742 26.4917
5 7 7.95505 26.4917
5 7 7.84321 26.4917
5 7 7.77328 26.4917
5 7 7.98624 26.4917
5 7 7.93089 26.4917
0 8 0.0293669 180.621
0 8 0.0449913 180.621
0 8 0.0267981 180.621
0 8 0.0315978 180.621
0 8 0.0454201 180.621
0 8 0.0414238 180.621
0 8 0.0418207 180.621
0 8 0.0289477 180.621
0 8 0.031768 180.621
0 8 0.0419342 180.621
0 8 0.0286954 180.621
0 8 0.0254107 180.621
0 8 0.0294075 180.621
0 8 0.0293522 180.621
0 8 0.0291855 180.621
0 8 0.0403119 180.621
0 8 0.0288922 180.621
0 8 0.0316821 180.621
0 8 0.0452702 180.621
0 8 0.0283549 180.621
0 8 0.0414209 180.621
0 8 0.0417729 180.621
0 8 0.028241 180.621
0 8 0.0417713 180.621
0 8 0.0307652 180.621
0 8 0.0291035 180.621
0 8 0.029835 180.621
0 8 0.0474184 180.621
0 8 0.0449967 180.621
0 8 0.0296146 180.621
0 8 0.0400178 180.621
0 8 0.0455572 180.621
0 8 0.0282976 180.621
0 8 0.0289313 180.621
0 8 0.0276616 180.621
0 8 0.0273173 180.621
0 8 0.0401967 180.621
0 8 0.0284627 180.621
0 8 0.0321426 180.621
0 8 0.0317233 180.621
0 8 0.0303302 180.621
0 8 0.0420671 180.621
0 8 0.0302203 180.621
0 8 0.0481982 180.621
0 8 0.0310689 180.621
0 8 0.0246503 180.621
0 8 0.0462012 180.621
0 8 0.0333843 180.621
0 8 0.0402264 180.621
0 8 0.0279379 180.621
0 8 0.0450011 180.621
0 8 0.0286717 180.621
0 8 0.0439855 180.621
0 8 0.0269361 180.621
0 8 0.0469168 180.621
0 8 0.0404776 180.621
0 8 0.0282097 180.621
0 8 0.0418302 180.621
0 8 0.0315362 180.621
0 8 0.0284469 180.621
0 8 0.0276733 180.621
0 8 0.0304552 180.621
0 8 0.028964 180.621
0 8 0.0274846 180.621
0 8 0.044867 180.621
0 8 0.0427177 180.621
0 8 0.0282257 180.621
0 8 0.0284503 180.621
0 8 0.0279456 180.621
0 8 0.0276364 180.621
0 8 0.027192 180.621
0 8 0.037776 180.621
0 8 0.0324167 180.621
0 8 0.0455818 180.621
0 8 0.0268196 180.621
0 8 0.0434712 180.621
0 8 0.0463066 180.621
0 8 0.0291006 180.621
0 8 0.0407149 180.621
0 8 0.0305276 180.621
0 8 0.0403886 180.621
0 8 0.0444309 180.621
0 8 0.0413565 180.621
0 8 0.0454364 180.621
0 8 0.0302521 180.621
0 8 0.0465555 180.621
0 8 0.0324177 180.621
0 8 0.0315269 180.621
0 8 0.0406268 180.621
0 8 0.0450415 180.621
0 8 0.0309043 180.621
0 8 0.0271529 180.621
0 8 0.0297384 180.621
0 8 0.0275166 180.621
0 8 0.0465624 180.621
0 8 0.027656 180.621
0 8 0.0266965 180.621
0 8 0.0293754 180.621
0 8 0.0305064 180.621
0 8 0.0304849 180.621
1 8 0.0576019 19.5949
1 8 0.0540838 19.5949
1 8 0.0337354 19.5949
1 8 0.0543084 19.5949
1 8 0.0518103 19.5949
1 8 0.0515734 19.5949
1 8 0.0521935 19.5949
1 8 0.0580447 19.5949
1 8 0.0504576 19.5949
1 8 0.0349478 19.5949
1 8 0.0431637 19.5949
1 8 0.0515428 19.5949
1 8 0.0519324 19.5949
1 8 0.050659 19.5949
1 8 0.040891 19.5949
1 8 0.0548766 19.5949
1 8 0.0569347 19.5949
1 8 0.0519487 19.5949
1 8 0.0526956 19.5949
1 8 0.039743 19.5949
1 8 0.041414 19.5949
1 8 0.0559841 19.5949
1 8 0.0502669 19.5949
1 8 0.0466196 19.5949
1 8 0.0474839 19.5949
1 8 0.0549642 19.5949
1 8 0.0515492 19.5949
1 8 0.0334206 19.5949
1 8 0.0357209 19.5949
1 8 0.0521833 19.5949
1 8 0.037094 19.5949
1 8 0.0552954 19.5949
1 8 0.0361282 19.5949
1 8 0.0530465 19.5949
1 8 0.0557234 19.5949
1 8 0.0337972 19.5949
1 8 0.0548365 19.5949
1 8 0.0504517 19.5949
1 8 0.0336461 19.5949
1 8 0.042951 19.5949
1 8 0.0530103 19.5949
1 8 0.0355372 19.5949
1 8 0.0541317 19.5949
1 8 0.0513158 19.5949
1 8 0.0444867 19.5949
1 8 0.0480707 19.5949
1 8 0.0556762 19.5949
1 8 0.0460294 19.5949
1 8 0.0356518 19.5949
1 8 0.0571891 19.5949
2 8 0.087559 -3.44927e-22
2 8 0.128628 -3.44927e-22
2 8 0.108011 -3.44927e-22
2 8 0.12944 -3.44927e-22
2 8 0.0873504 -3.44927e-22
2 8 0.129732 -3.44927e-22
2 8 0.128748 -3.44927e-22
2 8 0.10315 -3.44927e-22
2 8 0.0853704 -3.44927e-22
2 8 0.091501 -3.44927e-22
2 8 0.124159 -3.44927e-22
2 8 0.0892935 -3.44927e-22
2 8 0.0861795 -3.44927e-22
2 8 0.0876938 -3.44927e-22
2 8 0.129677 -3.44927e-22
2 8 0.128312 -3.44927e-22
2 8 0.0875717 -3.44927e-22
2 8 0.100256 -3.44927e-22
2 8 0.126224 -3.44927e-22
2 8 0.125489 -3.44927e-22
2 8 0.122879 -3.44927e-22
2 8 0.101039 -3.44927e-22
2 8 0.0859315 -3.44927e-22
2 8 0.0903058 -3.44927e-22
2 8 0.133007 -3.44927e-22
2 8 0.0925413 -3.44927e-22
2 8 0.083092 -3.44927e-22
2 8 0.129575 -3.44927e-22
2 8 0.104456 -3.44927e-22
2 8 0.12677 -3.44927e-22
2 8 0.121936 -3.44927e-22
2 8 0.0909434 -3.44927e-22
2 8 0.124153 -3.44927e-22
2 8 0.114297 -3.44927e-22
2 8 0.122458 -3.44927e-22
2 8 0.086848 -3.44927e-22
2 8 0.125854 -3.44927e-22
2 8 0.0905896 -3.44927e-22
2 8 0.123085 -3.44927e-22
2 8 0.127743 -3.44927e-22
2 8 0.103694 -3.44927e-22
2 8 0.1216 -3.44927e-22
2 8 0.0950381 -3.44927e-22
2 8 0.10621 -3.44927e-22
2 8 0.129514 -3.44927e-22
2 8 0.123766 -3.44927e-22
2 8 0.0870884 -3.44927e-22
2 8 0.128715 -3.44927e-22
2 8 0.0837435 -3.44927e-22
2 8 0.123731 -3.44927e-22
3 8 0.031086 70.7066
3 8 0.0223476 70.7066
3 8 0.0304431 70.7066
3 8 0.0301771 70.7066
3 8 0.0304931 70.7066
3 8 0.031278 70.7066
3 8 0.0307168 70.7066
3 8 0.02845 70.7066
3 8 0.0299693 70.7066
3 8 0.0264271 70.7066
3 8 0.0325734 70.7066
3 8 0.0276117 70.7066
3 8 0.0319318 70.7066
3 8 0.0225266 70.7066
3 8 0.0276857 70.7066
3 8 0.0204055 70.7066
3 8 0.0264499 70.7066
3 8 0.029284 70.7066
3 8 0.0226268 70.7066
3 8 0.0299094 70.7066
3 8 0.0293015 70.7066
3 8 0.0217247 70.7066
3 8 0.031363 70.7066
3 8 0.031592 70.7066
3 8 0.0255876 70.7066
3 8 0.0299456 70.7066
3 8 0.0237393 70.7066
3 8 0.0309334 70.7066
3 8 0.0320813 70.7066
3 8 0.0148565 70.7066
3 8 0.0202297 70.7066
3 8 0.037308 70.7066
3 8 0.0214668 70.7066
3 8 0.0177302 70.7066
3 8 0.0325923 70.7066
3 8 0.0226814 70.7066
3 8 0.0273666 70.7066
3 8 0.0280064 70.7066
3 8 0.0198076 70.7066
3 8 0.0225179 70.7066
3 8 0.0200408 70.7066
3 8 0.031252 70.7066
3 8 0.0344314 70.7066
3 8 0.0297713 70.7066
3 8 0.0275501 70.7066
3 8 0.0236907 70.7066
3 8 0.0318808 70.7066
3 8 0.0198961 70.7066
3 8 0.0206348 70.7066
3 8 0.032814 70.7066
4 8 0.0470863 99.882
4 8 0.0427783 99.882
4 8 0.0322136 99.882
4 8 0.0289528 99.882
4 8 0.0283078 99.882
4 8 0.0483624 99.882
4 8 0.0437455 99.882
4 8 0.0424825 99.882
4 8 0.0436253 99.882
4 8 0.0357923 99.882
4 8 0.0438694 99.882
4 8 0.048448 99.882
4 8 0.0452211 99.882
4 8 0.043324 99.882
4 8 0.0437747 99.882
4 8 0.0329984 99.882
4 8 0.0377932 99.882
4 8 0.029309 99.882
4 8 0.0246713 99.882
4 8 0.0446362 99.882
4 8 0.0438154 99.882
4 8 0.043682 99.882
4 8 0.0485383 99.882
4 8 0.0338311 99.882
4 8 0.0345568 99.882
4 8 0.0420756 99.882
4 8 0.0355272 99.882
4 8 0.0293286 99.882
4 8 0.042833 99.882
4 8 0.0428687 99.882
4 8 0.0427297 99.882
4 8 0.0420086 99.882
4 8 0.0429522 99.882
4 8 0.0303423 99.882
4 8 0.0527234 99.882
4 8 0.0427803 99.882
4 8 0.0450315 99.882
4 8 0.0453517 99.882
4 8 0.0457866 99.882
4 8 0.0294322 99.882
4 8 0.0408656 99.882
4 8 0.0437403 99.882
4 8 0.0441919 99.882
4 8 0.031987 99.882
4 8 0.0444484 99.882
4 8 0.030051 99.882
4 8 0.0458892 99.882
4 8 0.0352 99.882
4 8 0.045842 99.882
4 8 0.0350762 99.882
5 8 7.26669 26.4321
5 8 6.80194 26.4321
5 8 6.69358 26.4321
5 8 7.39047 26.4321
5 8 6.80904 26.4321
5 8 6.81096 26.4321
5 8 6.84436 26.4321
5 8 6.79024 26.4321
5 8 6.65757 26.4321
5 8 6.73867 26.4321
5 8 6.69236 26.4321
5 8 6.9114 26.4321
5 8 6.65089 26.4321
5 8 6.74708 26.4321
5 8 6.69384 26.4321
5 8 6.76679 26.4321
5 8 6.68464 26.4321
5 8 6.64741 26.4321
5 8 6.69294 26.4321
5 8 6.80883 26.4321
5 8 6.63843 26.4321
5 8 6.76301 26.4321
5 8 7.19377 26.4321
5 8 6.80504 26.4321
5 8 6.77933 26.4321
5 8 6.79271 26.4321
5 8 6.69178 26.4321
5 8 6.89247 26.4321
5 8 6.75074 26.4321
5 8 6.76056 26.4321
5 8 6.74566 26.4321
5 8 6.81337 26.4321
5 8 6.65897 26.4321
5 8 7.36545 26.4321
5 8 6.66335 26.4321
5 8 6.90168 26.4321
5 8 6.63597 26.4321
5 8 6.78781 26.4321
5 8 6.69241 26.4321
5 8 6.74809 26.4321
5 8 7.38948 26.4321
5 8 6.79289 26.4321
5 8 6.66287 26.4321
5 8 6.79162 26.4321
5 8 6.78185 26.4321
5 8 6.69849 26.4321
5 8 6.77959 26.4321
5 8 6.74133 26.4321
5 8 6.7417 26.4321
5 8 6.75232 26.4321
0 9 0.0398933 180.938
0 9 0.026674 180.938
0 9 0.0420641 180.938
0 9 0.0393213 180.938
0 9 0.0429667 180.938
0 9 0.0396705 180.938
0 9 0.0416422 180.938
0 9 0.039451 180.938
0 9 0.0272383 180.938
0 9 0.0267685 180.938
0 9 0.0400763 180.938
0 9 0.0389482 180.938
0 9 0.0419911 180.938
0 9 0.0410616 180.938
0 9 0.0419242 180.938
0 9 0.0307245 180.938
0 9 0.0480659 180.938
0 9 0.0466831 180.938
0 9 0.040074 180.938
0 9 0.0291145 180.938
0 9 0.0391466 180.938
0 9 0.0467246 180.938
0 9 0.0394423 180.938
0 9 0.0376907 180.938
0 9 0.0400028 180.938
0 9 0.0395448 180.938
0 9 0.0407587 180.938
0 9 0.0419754 180.938
0 9 0.0404911 180.938
0 9 0.0279804 180.938
0 9 0.0428449 180.938
0 9 0.0277107 180.938
0 9 0.03996 180.938
0 9 0.0405771 180.938
0 9 0.0416831 180.938
0 9 0.0291405 180.938
0 9 0.0381017 180.938
0 9 0.0423215 180.938
0 9 0.027855 180.938
0 9 0.0389871 180.938
0 9 0.042311 180.938
0 9 0.0288807 180.938
0 9 0.0432603 180.938
0 9 0.0419266 180.938
0 9 0.0225902 180.938
0 9 0.026707 180.938
0 9 0.0416576 180.938
0 9 0.0392179 180.938
0 9 0.0420014 180.938
0 9 0.0268466 180.938
0 9 0.0358925 180.938
0 9 0.0414724 180.938
0 9 0.0430236 180.938
0 9 0.0396508 180.938
0 9 0.0289662 180.938
0 9 0.0422917 180.938
0 9 0.0424237 180.938
0 9 0.0363826 180.938
0 9 0.0472652 180.938
0 9 0.0392679 180.938
0 9 0.0416499 180.938
0 9 0.0270065 180.938
0 9 0.0419616 180.938
0 9 0.0288214 180.938
0 9 0.041888 180.938
0 9 0.0416418 180.938
0 9 0.0241356 180.938
0 9 0.0373556 180.938
0 9 0.0412922 180.938
0 9 0.0391368 180.938
0 9 0.0397 180.938
0 9 0.0458799 180.938
0 9 0.0265339 180.938
0 9 0.0400191 180.938
0 9 0.02607 180.938
0 9 0.0416836 180.938
0 9 0.0421621 180.938
0 9 0.0408123 180.938
0 9 0.0448984 180.938
0 9 0.0296669 180.938
0 9 0.0369215 180.938
0 9 0.0403585 180.938
0 9 0.0416889 180.938
0 9 0.02575 180.938
0 9 0.0363317 180.938
0 9 0.0428095 180.938
0 9 0.0422658 180.938
0 9 0.0420461 180.938
0 9 0.0269275 180.938
0 9 0.0392942 180.938
0 9 0.0259186 180.938
0 9 0.0388207 180.938
0 9 0.0419455 180.938
0 9 0.0377155 180.938
0 9 0.0286638 180.938
0 9 0.0257592 180.938
0 9 0.0295566 180.938
0 9 0.0366214 180.938
0 9 0.0394277 180.938
0 9 0.0263842 180.938
1 9 0.0425873 19.5889
1 9 0.0483561 19.5889
1 9 0.0497041 19.5889
1 9 0.0466991 19.5889
1 9 0.0310168 19.5889
1 9 0.0481567 19.5889
1 9 0.0465627 19.5889
1 9 0.0487071 19.5889
1 9 0.0297344 19.5889
1 9 0.0475969 19.5889
1 9 0.0307021 19.5889
1 9 0.0502556 19.5889
1 9 0.0452314 19.5889
1 9 0.0300402 19.5889
1 9 0.0456718 19.5889
1 9 0.0456616 19.5889
1 9 0.0477085 19.5889
1 9 0.0447505 19.5889
1 9 0.0462778 19.5889
1 9 0.0450179 19.5889
1 9 0.0481263 19.5889
1 9 0.0453358 19.5889
1 9 0.0489405 19.5889
1 9 0.0431121 19.5889
1 9 0.0482637 19.5889
1 9 0.0460273 19.5889
1 9 0.0452976 19.5889
1 9 0.0449144 19.5889
1 9 0.0466653 19.5889
1 9 0.0460562 19.5889
1 9 0.0473904 19.5889
1 9 0.0466258 19.5889
1 9 0.0506219 19.5889
1 9 0.0312903 19.5889
1 9 0.04774 19.5889
1 9 0.0316825 19.5889
1 9 0.0456515 19.5889
1 9 0.0477275 19.5889
1 9 0.0363941 19.5889
1 9 0.0354041 19.5889
1 9 0.0479123 19.5889
1 9 0.0475122 19.5889
1 9 0.0509921 19.5889
1 9 0.0324711 19.5889
1 9 0.0468237 19.5889
1 9 0.0326988 19.5889
1 9 0.0487534 19.5889
1 9 0.0482173 19.5889
1 9 0.043413 19.5889
1 9 0.0472346 19.5889
2 9 0.0514548 -0
2 9 0.0315743 -0
2 9 0.0507582 -0
2 9 0.0514824 -0
2 9 0.0490026 -0
2 9 0.0532945 -0
2 9 0.0459236 -0
2 9 0.0497022 -0
2 9 0.0485776 -0
2 9 0.0508 -0
2 9 0.0503596 -0
2 9 0.0491005 -0
2 9 0.0518633 -0
2 9 0.0499362 -0
2 9 0.0246259 -0
2 9 0.0488358 -0
2 9 0.049588 -0
2 9 0.0483551 -0
2 9 0.0482191 -0
2 9 0.0231655 -0
2 9 0.0466639 -0
2 9 0.048987 -0
2 9 0.0248481 -0
2 9 0.0516311 -0
2 9 0.0284055 -0
2 9 0.0512559 -0
2 9 0.0518698 -0
2 9 0.0446861 -0
2 9 0.0450181 -0
2 9 0.0481222 -0
2 9 0.0423739 -0
2 9 0.0480696 -0
2 9 0.0290726 -0
2 9 0.0537151 -0
2 9 0.0488613 -0
2 9 0.0504518 -0
2 9 0.0335704 -0
2 9 0.0509481 -0
2 9 0.0392416 -0
2 9 0.0508132 -0
2 9 0.0484133 -0
2 9 0.0334943 -0
2 9 0.0458898 -0
2 9 0.0480203 -0
2 9 0.047772 -0
2 9 0.0500994 -0
2 9 0.0520931 -0
2 9 0.0474767 -0
2 9 0.0257371 -0
2 9 0.0460932 -0
3 9 0.0303415 70.7066
3 9 0.0306367 70.7066
3 9 0.030105 70.7066
3 9 0.0303664 70.7066
3 9 0.0265886 70.7066
3 9 0.02821 70.7066
3 9 0.0294522 70.7066
3 9 0.0219338 70.7066
3 9 0.0304242 70.7066
3 9 0.0302212 70.7066
3 9 0.0294881 70.7066
3 9 0.027966 70.7066
3 9 0.0191005 70.7066
3 9 0.0273066 70.7066
3 9 0.0297925 70.7066
3 9 0.0181468 70.7066
3 9 0.0273604 70.7066
3 9 0.0265156 70.7066
3 9 0.0316396 70.7066
3 9 0.0273209 70.7066
3 9 0.0185807 70.7066
3 9 0.0303287 70.7066
3 9 0.0302133 70.7066
3 9 0.0274399 70.7066
3 9 0.029939 70.7066
3 9 0.0308096 70.7066
3 9 0.0177676 70.7066
3 9 0.0208433 70.7066
3 9 0.0323051 70.7066
3 9 0.0298286 70.7066
3 9 0.0321752 70.7066
3 9 0.0280953 70.7066
3 9 0.0286901 70.7066
3 9 0.0295231 70.7066
3 9 0.0296811 70.7066
3 9 0.0303124 70.7066
3 9 0.0327811 70.7066
3 9 0.0191974 70.7066
3 9 0.0178019 70.7066
3 9 0.0295095 70.7066
3 9 0.0284668 70.7066
3 9 0.0282141 70.7066
3 9 0.0192619 70.7066
3 9 0.0297829 70.7066
3 9 0.0179769 70.7066
3 9 0.030802 70.7066
3 9 0.0300598 70.7066
3 9 0.0191002 70.7066
3 9 0.0216041 70.7066
3 9 0.0306028 70.7066
4 9 0.0243154 99.8551
4 9 0.0250906 99.8551
4 9 0.0382951 99.8551
4 9 0.0385418 99.8551
4 9 0.0386308 99.8551
4 9 0.0390988 99.8551
4 9 0.0265306 99.8551
4 9 0.0336246 99.8551
4 9 0.0261573 99.8551
4 9 0.0269799 99.8551
4 9 0.0262142 99.8551
4 9 0.038826 99.8551
4 9 0.0245006 99.8551
4 9 0.038943 99.8551
4 9 0.0378989 99.8551
4 9 0.0356204 99.8551
4 9 0.0261602 99.8551
4 9 0.0388258 99.8551
4 9 0.023709 99.8551
4 9 0.0355936 99.8551
4 9 0.0245336 99.8551
4 9 0.0387423 99.8551
4 9 0.027706 99.8551
4 9 0.024529 99.8551
4 9 0.0362391 99.8551
4 9 0.0249136 99.8551
4 9 0.026733 99.8551
4 9 0.0377931 99.8551
4 9 0.0380196 99.8551
4 9 0.0379942 99.8551
4 9 0.0352878 99.8551
4 9 0.0382958 99.8551
4 9 0.034584 99.8551
4 9 0.0224914 99.8551
4 9 0.0358135 99.8551
4 9 0.0354548 99.8551
4 9 0.0399636 99.8551
4 9 0.0385926 99.8551
4 9 0.0365988 99.8551
4 9 0.0357424 99.8551
4 9 0.0250418 99.8551
4 9 0.0271753 99.8551
4 9 0.0379872 99.8551
4 9 0.0377833 99.8551
4 9 0.0260679 99.8551
4 9 0.0366303 99.8551
4 9 0.0381119 99.8551
4 9 0.0249416 99.8551
4 9 0.0378376 99.8551
4 9 0.0383468 99.8551
5 9 6.23587 26.4921
5 9 6.1335 26.4921
5 9 6.7258 26.4921
5 9 6.48549 26.4921
5 9 6.64094 26.4921
5 9 6.24779 26.4921
5 9 6.14402 26.4921
5 9 6.11889 26.4921
5 9 6.37056 26.4921
5 9 6.2461 26.4921
5 9 6.10953 26.4921
5 9 6.20761 26.4921
5 9 6.13752 26.4921
5 9 6.77751 26.4921
5 9 6.77373 26.4921
5 9 6.13321 26.4921
5 9 6.18863 26.4921
5 9 6.08343 26.4921
5 9 6.63737 26.4921
5 9 6.71079 26.4921
5 9 6.24265 26.4921
5 9 6.32763 26.4921
5 9 6.15242 26.4921
5 9 6.10541 26.4921
5 9 6.19579 26.4921
5 9 6.11595 26.4921
5 9 6.69299 26.4921
5 9 6.10189 26.4921
5 9 6.21966 26.4921
5 9 6.74327 26.4921
5 9 6.10451 26.4921
5 9 6.22397 26.4921
5 9 6.21765 26.4921
5 9 6.08022 26.4921
5 9 6.6567 26.4921
5 9 6.72928 26.4921
5 9 6.10469 26.4921
5 9 6.75491 26.4921
5 9 6.76419 26.4921
5 9 6.08687 26.4921
5 9 6.20904 26.4921
5 9 6.23861 26.4921
5 9 6.70492 26.4921
5 9 6.75934 26.4921
5 9 6.08187 26.4921
5 9 6.34536 26.4921
5 9 6.21431 26.4921
5 9 6.66789 26.4921
5 9 6.2417 26.4921
5 9 6.09333 26.4921
0 15 0.0173289 179.833
0 15 0.0194199 179.833
0 15 0.0188624 179.833
0 15 0.0254102 179.833
0 15 0.0206852 179.833
0 15 0.016538 179.833
0 15 0.0234106 179.833
0 15 0.018872 179.833
0 15 0.0234071 179.833
0 15 0.0201183 179.833
0 15 0.0189558 179.833
0 15 0.0243853 179.833
0 15 0.0205808 179.833
0 15 0.0202292 179.833
0 15 0.0236017 179.833
0 15 0.0158044 179.833
0 15 0.0193822 179.833
0 15 0.0193232 179.833
0 15 0.0236579 179.833
0 15 0.0165343 179.833
0 15 0.0202465 179.833
0 15 0.0211875 179.833
0 15 0.0246621 179.833
0 15 0.0184148 179.833
0 15 0.0239397 179.833
0 15 0.0199932 179.833
0 15 0.0234714 179.833
0 15 0.0181316 179.833
0 15 0.0187126 179.833
0 15 0.0250843 179.833
0 15 0.0234965 179.833
0 15 0.0197342 179.833
0 15 0.024863 179.833
0 15 0.0240373 179.833
0 15 0.017602 179.833
0 15 0.0211719 179.833
0 15 0.0247985 179.833
0 15 0.0191704 179.833
0 15 0.018676 179.833
0 15 0.019869 179.833
0 15 0.0195626 179.833
0 15 0.0234001 179.833
0 15 0.0184882 179.833
0 15 0.0233682 179.833
0 15 0.0188475 179.833
0 15 0.0246086 179.833
0 15 0.0235983 179.833
0 15 0.017364 179.833
0 15 0.0236123 179.833
0 15 0.0196865 179.833
0 15 0.020337 179.833
0 15 0.019386 179.833
0 15 0.0233116 179.833
0 15 0.0191662 179.833
0 15 0.0212904 179.833
0 15 0.0238875 179.833
0 15 0.0234608 179.833
0 15 0.0249836 179.833
0 15 0.0235613 179.833
0 15 0.0170726 179.833
0 15 0.025466 179.833
0 15 0.0183368 179.833
0 15 0.0184708 179.833
0 15 0.0234601 179.833
0 15 0.023624 179.833
0 15 0.0149328 179.833
0 15 0.0180683 179.833
0 15 0.0166237 179.833
0 15 0.0243843 179.833
0 15 0.0180496 179.833
0 15 0.0177538 179.833
0 15 0.0236467 179.833
0 15 0.0235342 179.833
0 15 0.0185224 179.833
0 15 0.0159697 179.833
0 15 0.0234335 179.833
0 15 0.0236506 179.833
0 15 0.0189122 179.833
0 15 0.0180764 179.833
0 15 0.0185477 179.833
0 15 0.0143537 179.833
0 15 0.0191196 179.833
0 15 0.0189549 179.833
0 15 0.023819 179.833
0 15 0.018322 179.833
0 15 0.0238972 179.833
0 15 0.0240005 179.833
0 15 0.0203092 179.833
0 15 0.0247077 179.833
0 15 0.024768 179.833
0 15 0.0188888 179.833
0 15 0.0202808 179.833
0 15 0.0237809 179.833
0 15 0.0236955 179.833
0 15 0.0245128 179.833
0 15 0.014804 179.833
0 15 0.0239153 179.833
0 15 0.0235668 179.833
0 15 0.0204407 179.833
0 15 0.0246701 179.833
1 15 0.0262019 19.5926
1 15 0.0283478 19.5926
1 15 0.0294577 19.5926
1 15 0.024063 19.5926
1 15 0.0216839 19.5926
1 15 0.0285169 19.5926
1 15 0.0276311 19.5926
1 15 0.0198592 19.5926
1 15 0.0228806 19.5926
1 15 0.0221565 19.5926
1 15 0.0219533 19.5926
1 15 0.0223841 19.5926
1 15 0.0256677 19.5926
1 15 0.0200077 19.5926
1 15 0.0281711 19.5926
1 15 0.025991 19.5926
1 15 0.0268468 19.5926
1 15 0.0261286 19.5926
1 15 0.032023 19.5926
1 15 0.0274526 19.5926
1 15 0.0265356 19.5926
1 15 0.0267274 19.5926
1 15 0.0271068 19.5926
1 15 0.0280743 19.5926
1 15 0.0273432 19.5926
1 15 0.0246203 19.5926
1 15 0.0267653 19.5926
1 15 0.0257626 19.5926
1 15 0.0223133 19.5926
1 15 0.0257282 19.5926
1 15 0.0214131 19.5926
1 15 0.0277057 19.5926
1 15 0.0239687 19.5926
1 15 0.0271922 19.5926
1 15 0.0270798 19.5926
1 15 0.0254875 19.5926
1 15 0.0190342 19.5926
1 15 0.023395 19.5926
1 15 0.0216235 19.5926
1 15 0.0213997 19.5926
1 15 0.0267588 19.5926
1 15 0.020852 19.5926
1 15 0.0269165 19.5926
1 15 0.0304907 19.5926
1 15 0.020458 19.5926
1 15 0.0265503 19.5926
1 15 0.0256009 19.5926
1 15 0.0212958 19.5926
1 15 0.0271699 19.5926
1 15 0.0236289 19.5926
2 15 0.0385969 -3.93126e-16
2 15 0.0438781 -3.93126e-16
2 15 0.0494102 -3.93126e-16
2 15 0.0331593 -3.93126e-16
2 15 0.0466297 -3.93126e-16
2 15 0.0441339 -3.93126e-16
2 15 0.0474946 -3.93126e-16
2 15 0.0477754 -3.93126e-16
2 15 0.0474294 -3.93126e-16
2 15 0.032089 -3.93126e-16
2 15 0.0489392 -3.93126e-16
2 15 0.0472512 -3.93126e-16
2 15 0.0421735 -3.93126e-16
2 15 0.045244 -3.93126e-16
2 15 0.0358882 -3.93126e-16
2 15 0.0494132 -3.93126e-16
2 15 0.0449912 -3.93126e-16
2 15 0.0460915 -3.93126e-16
2 15 0.049693 -3.93126e-16
2 15 0.0463072 -3.93126e-16
2 15 0.0341887 -3.93126e-16
2 15 0.0442282 -3.93126e-16
2 15 0.0471649 -3.93126e-16
2 15 0.040297 -3.93126e-16
2 15 0.0438305 -3.93126e-16
2 15 0.0460384 -3.93126e-16
2 15 0.031809 -3.93126e-16
2 15 0.0472162 -3.93126e-16
2 15 0.0399704 -3.93126e-16
2 15 0.0471763 -3.93126e-16
2 15 0.0484336 -3.93126e-16
2 15 0.0473401 -3.93126e-16
2 15 0.0469812 -3.93126e-16
2 15 0.0480093 -3.93126e-16
2 15 0.0419343 -3.93126e-16
2 15 0.0463289 -3.93126e-16
2 15 0.0447088 -3.93126e-16
2 15 0.0309285 -3.93126e-16
2 15 0.0417647 -3.93126e-16
2 15 0.029991 -3.93126e-16
2 15 0.0473256 -3.93126e-16
2 15 0.0433229 -3.93126e-16
2 15 0.0343978 -3.93126e-16
2 15 0.0469402 -3.93126e-16
2 15 0.0428917 -3.93126e-16
2 15 0.0490272 -3.93126e-16
2 15 0.0301874 -3.93126e-16
2 15 0.0356942 -3.93126e-16
2 15 0.0459012 -3.93126e-16
2 15 0.0358925 -3.93126e-16
3 15 0.0175743 70.7066
3 15 0.0193769 70.7066
3 15 0.0167355 70.7066
3 15 0.0175148 70.7066
3 15 0.0193384 70.7066
3 15 0.0242557 70.7066
3 15 0.0157561 70.7066
3 15 0.017493 70.7066
3 15 0.017603 70.7066
3 15 0.0191492 70.7066
3 15 0.0119674 70.7066
3 15 0.026061 70.7066
3 15 0.0230808 70.7066
3 15 0.020093 70.7066
3 15 0.0252836 70.7066
3 15 0.0130553 70.7066
3 15 0.0172327 70.7066
3 15 0.0225839 70.7066
3 15 0.0211546 70.7066
3 15 0.0196516 70.7066
3 15 0.0188047 70.7066
3 15 0.0194736 70.7066
3 15 0.0187585 70.7066
3 15 0.020937 70.7066
3 15 0.0196986 70.7066
3 15 0.0179213 70.7066
3 15 0.0181727 70.7066
3 15 0.0176511 70.7066
3 15 0.018474 70.7066
3 15 0.0192249 70.7066
3 15 0.0190154 70.7066
3 15 0.0188296 70.7066
3 15 0.0164868 70.7066
3 15 0.0186515 70.7066
3 15 0.0260195 70.7066
3 15 0.01347 70.7066
3 15 0.0164827 70.7066
3 15 0.0192694 70.7066
3 15 0.019987 70.7066
3 15 0.0185392 70.7066
3 15 0.0258474 70.7066
3 15 0.0184844 70.7066
3 15 0.0176379 70.7066
3 15 0.0185611 70.7066
3 15 0.0140221 70.7066
3 15 0.0142619 70.7066
3 15 0.0183458 70.7066
3 15 0.0231081 70.7066
3 15 0.0243391 70.7066
3 15 0.0192985 70.7066
4 15 0.0203545 99.6486
4 15 0.018076 99.6486
4 15 0.0167801 99.6486
4 15 0.0168994 99.6486
4 15 0.0197577 99.6486
4 15 0.0162799 99.6486
4 15 0.0204284 99.6486
4 15 0.0177567 99.6486
4 15 0.0206787 99.6486
4 15 0.0204966 99.6486
4 15 0.019124 99.6486
4 15 0.0176108 99.6486
4 15 0.0195192 99.6486
4 15 0.0181906 99.6486
4 15 0.0131923 99.6486
4 15 0.0188624 99.6486
4 15 0.0189632 99.6486
4 15 0.0193978 99.6486
4 15 0.0149798 99.6486
4 15 0.0156071 99.6486
4 15 0.0159782 99.6486
4 15 0.0215247 99.6486
4 15 0.0213178 99.6486
4 15 0.0180626 99.6486
4 15 0.0202826 99.6486
4 15 0.0187595 99.6486
4 15 0.0212714 99.6486
4 15 0.0164533 99.6486
4 15 0.0162809 99.6486
4 15 0.0212616 99.6486
4 15 0.0173582 99.6486
4 15 0.0203923 99.6486
4 15 0.018493 99.6486
4 15 0.0203954 99.6486
4 15 0.0178139 99.6486
4 15 0.01882 99.6486
4 15 0.0202401 99.6486
4 15 0.0178696 99.6486
4 15 0.0202461 99.6486
4 15 0.0211885 99.6486
4 15 0.0218485 99.6486
4 15 0.0197938 99.6486
4 15 0.0178485 99.6486
4 15 0.0175703 99.6486
4 15 0.0201774 99.6486
4 15 0.0201778 99.6486
4 15 0.0202949 99.6486
4 15 0.0210265 99.6486
4 15 0.0203226 99.6486
4 15 0.0203896 99.6486
5 15 3.34885 26.4984
5 15 3.38146 26.4984
5 15 3.37893 26.4984
5 15 3.39425 26.4984
5 15 3.62259 26.4984
5 15 3.40157 26.4984
5 15 3.62299 26.4984
5 15 3.37988 26.4984
5 15 3.63805 26.4984
5 15 3.34689 26.4984
5 15 3.63889 26.4984
5 15 3.34428 26.4984
5 15 3.40342 26.4984
5 15 3.34624 26.4984
5 15 3.33976 26.4984
5 15 3.63362 26.4984
5 15 3.39147 26.4984
5 15 3.4232 26.4984
5 15 3.41368 26.4984
5 15 3.34801 26.4984
5 15 3.63207 26.4984
5 15 3.415 26.4984
5 15 3.63296 26.4984
5 15 3.39001 26.4984
5 15 3.41136 26.4984
5 15 3.34058 26.4984
5 15 3.40881 26.4984
5 15 3.40989 26.4984
5 15 3.37985 26.4984
5 15 3.3654 26.4984
5 15 3.34481 26.4984
5 15 3.39084 26.4984
5 15 3.40612 26.4984
5 15 3.43591 26.4984
5 15 3.625 26.4984
5 15 3.38851 26.4984
5 15 3.34633 26.4984
5 15 3.35031 26.4984
5 15 3.38536 26.4984
5 15 3.37606 26.4984
5 15 3.43511 26.4984
5 15 3.62246 26.4984
5 15 3.4079 26.4984
5 15 3.38679 26.4984
5 15 3.3381 26.4984
5 15 3.34565 26.4984
5 15 3.37263 26.4984
5 15 3.39693 26.4984
5 15 3.39044 26.4984
5 15 3.39059 26.4984
0 16 0.0174679 179.833
0 16 0.0188121 179.833
0 16 0.0207877 179.833
0 16 0.0190927 179.833
0 16 0.0174966 179.833
0 16 0.0188228 179.833
0 16 0.0177622 179.833
0 16 0.0200049 179.833
0 16 0.020726 179.833
0 16 0.0186947 179.833
0 16 0.0185477 179.833
0 16 0.0189045 179.833
0 16 0.0186828 179.833
0 16 0.0209345 179.833
0 16 0.0191667 179.833
0 16 0.0188894 179.833
0 16 0.0182703 179.833
0 16 0.020292 179.833
0 16 0.0193063 179.833
0 16 0.0194173 179.833
0 16 0.0187216 179.833
0 16 0.0161903 179.833
0 16 0.0204096 179.833
0 16 0.0214248 179.833
0 16 0.0208289 179.833
0 16 0.0202123 179.833
0 16 0.022314 179.833
0 16 0.0176128 179.833
0 16 0.0191397 179.833
0 16 0.0209549 179.833
0 16 0.0212423 179.833
0 16 0.0199715 179.833
0 16 0.0214543 179.833
0 16 0.0189831 179.833
0 16 0.0217039 179.833
0 16 0.0184526 179.833
0 16 0.0209912 179.833
0 16 0.0189735 179.833
0 16 0.0189577 179.833
0 16 0.0193501 179.833
0 16 0.0193445 179.833
0 16 0.0207712 179.833
0 16 0.0214214 179.833
0 16 0.0175571 179.833
0 16 0.0217138 179.833
0 16 0.0204016 179.833
0 16 0.0186043 179.833
0 16 0.0199574 179.833
0 16 0.0171609 179.833
0 16 0.0195192 179.833
0 16 0.0194844 179.833
0 16 0.0219635 179.833
0 16 0.0199998 179.833
0 16 0.0189596 179.833
0 16 0.0205441 179.833
0 16 0.0200862 179.833
0 16 0.0209202 179.833
0 16 0.0214168 179.833
0 16 0.0187186 179.833
0 16 0.0179146 179.833
0 16 0.0193767 179.833
0 16 0.0211947 179.833
0 16 0.0207556 179.833
0 16 0.0180674 179.833
0 16 0.0233142 179.833
0 16 0.0153915 179.833
0 16 0.0177065 179.833
0 16 0.0207114 179.833
0 16 0.020289 179.833
0 16 0.0199866 179.833
0 16 0.0205503 179.833
0 16 0.0192651 179.833
0 16 0.0184759 179.833
0 16 0.0190343 179.833
0 16 0.0211926 179.833
0 16 0.0193106 179.833
0 16 0.0171024 179.833
0 16 0.0184863 179.833
0 16 0.0195035 179.833
0 16 0.0221124 179.833
0 16 0.020405 179.833
0 16 0.0230236 179.833
0 16 0.0228543 179.833
0 16 0.0201062 179.833
0 16 0.018655 179.833
0 16 0.0216411 179.833
0 16 0.0187424 179.833
0 16 0.0180453 179.833
0 16 0.0194217 179.833
0 16 0.0208888 179.833
0 16 0.0217174 179.833
0 16 0.0189541 179.833
0 16 0.0186575 179.833
0 16 0.017873 179.833
0 16 0.0180597 179.833
0 16 0.0207626 179.833
0 16 0.0160669 179.833
0 16 0.0218918 179.833
0 16 0.0199776 179.833
0 16 0.0190863 179.833
1 16 0.0224615 19.5926
1 16 0.0193202 19.5926
1 16 0.0231941 19.5926
1 16 0.0232212 19.5926
1 16 0.0297867 19.5926
1 16 0.0295348 19.5926
1 16 0.0208239 19.5926
1 16 0.0220897 19.5926
1 16 0.0244022 19.5926
1 16 0.0225539 19.5926
1 16 0.0253121 19.5926
1 16 0.0235382 19.5926
1 16 0.0274651 19.5926
1 16 0.0230979 19.5926
1 16 0.0262173 19.5926
1 16 0.0235035 19.5926
1 16 0.0307407 19.5926
1 16 0.0230233 19.5926
1 16 0.0226174 19.5926
1 16 0.0275284 19.5926
1 16 0.0260105 19.5926
1 16 0.0304052 19.5926
1 16 0.0226055 19.5926
1 16 0.0254832 19.5926
1 16 0.026968 19.5926
1 16 0.0243392 19.5926
1 16 0.0219972 19.5926
1 16 0.0234173 19.5926
1 16 0.0217362 19.5926
1 16 0.0217981 19.5926
1 16 0.021669 19.5926
1 16 0.0317765 19.5926
1 16 0.0271754 19.5926
1 16 0.0277553 19.5926
1 16 0.031637 19.5926
1 16 0.023137 19.5926
1 16 0.0214254 19.5926
1 16 0.028671 19.5926
1 16 0.0277427 19.5926
1 16 0.0232407 19.5926
1 16 0.0294725 19.5926
1 16 0.0309646 19.5926
1 16 0.0228864 19.5926
1 16 0.0199295 19.5926
1 16 0.0237411 19.5926
1 16 0.020716 19.5926
1 16 0.034686 19.5926
1 16 0.0284958 19.5926
1 16 0.0299682 19.5926
1 16 0.0236793 19.5926
2 16 0.0382833 -3.93126e-16
2 16 0.0489428 -3.93126e-16
2 16 0.0470862 -3.93126e-16
2 16 0.0398582 -3.93126e-16
2 16 0.0334679 -3.93126e-16
2 16 0.0376354 -3.93126e-16
2 16 0.0353897 -3.93126e-16
2 16 0.0475836 -3.93126e-16
2 16 0.0476748 -3.93126e-16
2 16 0.0428425 -3.93126e-16
2 16 0.039823 -3.93126e-16
2 16 0.0358134 -3.93126e-16
2 16 0.0431752 -3.93126e-16
2 16 0.0355645 -3.93126e-16
2 16 0.0446497 -3.93126e-16
2 16 0.0505981 -3.93126e-16
2 16 0.0348765 -3.93126e-16
2 16 0.035205 -3.93126e-16
2 16 0.0494973 -3.93126e-16
2 16 0.0345933 -3.93126e-16
2 16 0.0516528 -3.93126e-16
2 16 0.0325095 -3.93126e-16
2 16 0.0414661 -3.93126e-16
2 16 0.0478457 -3.93126e-16
2 16 0.0347015 -3.93126e-16
2 16 0.0505817 -3.93126e-16
2 16 0.0370979 -3.93126e-16
2 16 0.0463713 -3.93126e-16
2 16 0.0467343 -3.93126e-16
2 16 0.0425064 -3.93126e-16
2 16 0.0302988 -3.93126e-16
2 16 0.048859 -3.93126e-16
2 16 0.0346844 -3.93126e-16
2 16 0.0369885 -3.93126e-16
2 16 0.0405538 -3.93126e-16
2 16 0.0393595 -3.93126e-16
2 16 0.0347156 -3.93126e-16
2 16 0.0399053 -3.93126e-16
2 16 0.0409331 -3.93126e-16
2 16 0.0502932 -3.93126e-16
2 16 0.0408043 -3.93126e-16
2 16 0.0473182 -3.93126e-16
2 16 0.045927 -3.93126e-16
2 16 0.0317982 -3.93126e-16
2 16 0.0437178 -3.93126e-16
2 16 0.0348542 -3.93126e-16
2 16 0.0480171 -3.93126e-16
2 16 0.0413715 -3.93126e-16
2 16 0.0364174 -3.93126e-16
2 16 0.046909 -3.93126e-16
3 16 0.0258217 70.7066
3 16 0.021267 70.7066
3 16 0.0267996 70.7066
3 16 0.0237 70.7066
3 16 0.014499 70.7066
3 16 0.0253057 70.7066
3 16 0.0270337 70.7066
3 16 0.0242677 70.7066
3 16 0.0224036 70.7066
3 16 0.0205307 70.7066
3 16 0.0165539 70.7066
3 16 0.0237855 70.7066
3 16 0.0161795 70.7066
3 16 0.0183996 70.7066
3 16 0.0234537 70.7066
3 16 0.0161608 70.7066
3 16 0.0280124 70.7066
3 16 0.0231592 70.7066
3 16 0.020843 70.7066
3 16 0.0123483 70.7066
3 16 0.0246647 70.7066
3 16 0.0152572 70.7066
3 16 0.0198256 70.7066
3 16 0.0198581 70.7066
3 16 0.013111 70.7066
3 16 0.0161733 70.7066
3 16 0.0146252 70.7066
3 16 0.0157294 70.7066
3 16 0.0188798 70.7066
3 16 0.0175554 70.7066
3 16 0.01603 70.7066
3 16 0.024154 70.7066
3 16 0.0230353 70.7066
3 16 0.0185817 70.7066
3 16 0.0222906 70.7066
3 16 0.0156295 70.7066
3 16 0.0153633 70.7066
3 16 0.0257855 70.7066
3 16 0.0167642 70.7066
3 16 0.0236164 70.7066
3 16 0.0156444 70.7066
3 16 0.0222465 70.7066
3 16 0.0242039 70.7066
3 16 0.0245245 70.7066
3 16 0.0169481 70.7066
3 16 0.0202436 70.7066
3 16 0.0191765 70.7066
3 16 0.0158341 70.7066
3 16 0.0147518 70.7066
3 16 0.0212294 70.7066
4 16 0.0200128 99.6486
4 16 0.0145621 99.6486
4 16 0.012931 99.6486
4 16 0.0178651 99.6486
4 16 0.0184612 99.6486
4 16 0.0185727 99.6486
4 16 0.0198109 99.6486
4 16 0.019242 99.6486
4 16 0.0182135 99.6486
4 16 0.0194115 99.6486
4 16 0.0166619 99.6486
4 16 0.0178564 99.6486
4 16 0.0181084 99.6486
4 16 0.0178337 99.6486
4 16 0.0201365 99.6486
4 16 0.0190388 99.6486
4 16 0.0172283 99.6486
4 16 0.01892 99.6486
4 16 0.0167298 99.6486
4 16 0.018208 99.6486
4 16 0.0156859 99.6486
4 16 0.0176869 99.6486
4 16 0.0168269 99.6486
4 16 0.0197514 99.6486
4 16 0.0165751 99.6486
4 16 0.0165685 99.6486
4 16 0.019657 99.6486
4 16 0.0181574 99.6486
4 16 0.0215434 99.6486
4 16 0.0195033 99.6486
4 16 0.0176078 99.6486
4 16 0.0166438 99.6486
4 16 0.0195066 99.6486
4 16 0.0201664 99.6486
4 16 0.0184646 99.6486
4 16 0.0182666 99.6486
4 16 0.0191557 99.6486
4 16 0.0177643 99.6486
4 16 0.0194489 99.6486
4 16 0.0155062 99.6486
4 16 0.0198396 99.6486
4 16 0.0181984 99.6486
4 16 0.0199826 99.6486
4 16 0.0166334 99.6486
4 16 0.0175203 99.6486
4 16 0.0180689 99.6486
4 16 0.0205847 99.6486
4 16 0.0171319 99.6486
4 16 0.0151315 99.6486
4 16 0.0179687 99.6486
5 16 3.38493 26.4984
5 16 3.39258 26.4984
5 16 3.37458 26.4984
5 16 3.39912 26.4984
5 16 3.41052 26.4984
5 16 3.37798 26.4984
5 16 3.38757 26.4984
5 16 3.37542 26.4984
5 16 3.39613 26.4984
5 16 3.39976 26.4984
5 16 3.3905 26.4984
5 16 3.413 26.4984
5 16 3.38965 26.4984
5 16 3.38909 26.4984
5 16 3.40286 26.4984
5 16 3.39222 26.4984
5 16 3.38487 26.4984
5 16 3.42395 26.4984
5 16 3.40566 26.4984
5 16 3.39756 26.4984
5 16 3.40667 26.4984
5 16 3.40295 26.4984
5 16 3.4114 26.4984
5 16 3.39409 26.4984
5 16 3.39561 26.4984
5 16 3.38587 26.4984
5 16 3.37489 26.4984
5 16 3.38241 26.4984
5 16 3.3958 26.4984
5 16 3.39282 26.4984
5 16 3.53387 26.4984
5 16 3.37317 26.4984
5 16 3.43265 26.4984
5 16 3.37307 26.4984
5 16 3.37989 26.4984
5 16 3.43672 26.4984
5 16 3.37223 26.4984
5 16 3.38019 26.4984
5 16 3.39209 26.4984
5 16 3.39089 26.4984
5 16 3.40515 26.4984
5 16 3.42022 26.4984
5 16 3.38616 26.4984
5 16 3.38205 26.4984
5 16 3.38989 26.4984
5 16 3.3789 26.4984
5 16 3.3972 26.4984
5 16 3.38902 26.4984
5 16 3.39785 26.4984
5 16 3.38339 26.4984
0 17 0.0192983 180.143
0 17 0.0192582 180.143
0 17 0.0187396 180.143
0 17 0.0198578 180.143
0 17 0.018696 180.143
0 17 0.018178 180.143
0 17 0.0198023 180.143
0 17 0.0167397 180.143
0 17 0.0210872 180.143
0 17 0.0198747 180.143
0 17 0.0182597 180.143
0 17 0.0164153 180.143
0 17 0.016436 180.143
0 17 0.016525 180.143
0 17 0.0224042 180.143
0 17 0.019373 180.143
0 17 0.0184583 180.143
0 17 0.0157453 180.143
0 17 0.0191307 180.143
0 17 0.0161859 180.143
0 17 0.0162489 180.143
0 17 0.0223386 180.143
0 17 0.0140816 180.143
0 17 0.0163171 180.143
0 17 0.016392 180.143
0 17 0.017607 180.143
0 17 0.0174674 180.143
0 17 0.0166919 180.143
0 17 0.0211792 180.143
0 17 0.018134 180.143
0 17 0.0206003 180.143
0 17 0.0168607 180.143
0 17 0.017707 180.143
0 17 0.0186663 180.143
0 17 0.0185098 180.143
0 17 0.0183435 180.143
0 17 0.0186309 180.143
0 17 0.0197186 180.143
0 17 0.0182804 180.143
0 17 0.0147259 180.143
0 17 0.0211645 180.143
0 17 0.0187088 180.143
0 17 0.0210771 180.143
0 17 0.0182472 180.143
0 17 0.0191342 180.143
0 17 0.0208622 180.143
0 17 0.0171921 180.143
0 17 0.0183082 180.143
0 17 0.0193463 180.143
0 17 0.0181558 180.143
0 17 0.0172307 180.143
0 17 0.0168844 180.143
0 17 0.0175392 180.143
0 17 0.0188856 180.143
0 17 0.0190076 180.143
0 17 0.0173484 180.143
0 17 0.0199826 180.143
0 17 0.0177241 180.143
0 17 0.0175905 180.143
0 17 0.0192838 180.143
0 17 0.0188113 180.143
0 17 0.0165674 180.143
0 17 0.0168835 180.143
0 17 0.0203384 180.143
0 17 0.0190739 180.143
0 17 0.0174269 180.143
0 17 0.0196761 180.143
0 17 0.0165745 180.143
0 17 0.0173808 180.143
0 17 0.0210587 180.143
0 17 0.0176216 180.143
0 17 0.0191669 180.143
0 17 0.0170532 180.143
0 17 0.0153045 180.143
0 17 0.017487 180.143
0 17 0.016547 180.143
0 17 0.0203733 180.143
0 17 0.0167455 180.143
0 17 0.0208424 180.143
0 17 0.0174067 180.143
0 17 0.0152824 180.143
0 17 0.0199489 180.143
0 17 0.0165191 180.143
0 17 0.0150351 180.143
0 17 0.0189112 180.143
0 17 0.0170644 180.143
0 17 0.0132213 180.143
0 17 0.0161844 180.143
0 17 0.0201227 180.143
0 17 0.0183311 180.143
0 17 0.0197331 180.143
0 17 0.0181693 180.143
0 17 0.0196127 180.143
0 17 0.0206198 180.143
0 17 0.017634 180.143
0 17 0.0152292 180.143
0 17 0.021142 180.143
0 17 0.0185549 180.143
0 17 0.0196177 180.143
0 17 0.018842 180.143
1 17 0.0171009 19.587
1 17 0.0207872 19.587
1 17 0.019925 19.587
1 17 0.0207731 19.587
1 17 0.0174017 19.587
1 17 0.0175561 19.587
1 17 0.022866 19.587
1 17 0.0231391 19.587
1 17 0.0193165 19.587
1 17 0.019179 19.587
1 17 0.020478 19.587
1 17 0.0229729 19.587
1 17 0.0158914 19.587
1 17 0.0195167 19.587
1 17 0.0195625 19.587
1 17 0.0190426 19.587
1 17 0.0196925 19.587
1 17 0.0191903 19.587
1 17 0.0235575 19.587
1 17 0.0177869 19.587
1 17 0.0200301 19.587
1 17 0.0208128 19.587
1 17 0.0192684 19.587
1 17 0.0164787 19.587
1 17 0.0197158 19.587
1 17 0.0203536 19.587
1 17 0.0227787 19.587
1 17 0.0183416 19.587
1 17 0.0167685 19.587
1 17 0.0170177 19.587
1 17 0.0177973 19.587
1 17 0.0196588 19.587
1 17 0.0211295 19.587
1 17 0.0232693 19.587
1 17 0.0195977 19.587
1 17 0.0190706 19.587
1 17 0.0173075 19.587
1 17 0.0187283 19.587
1 17 0.0165307 19.587
1 17 0.0210638 19.587
1 17 0.018301 19.587
1 17 0.0177115 19.587
1 17 0.019602 19.587
1 17 0.019624 19.587
1 17 0.020306 19.587
1 17 0.0172096 19.587
1 17 0.018348 19.587
1 17 0.0210045 19.587
1 17 0.0189998 19.587
1 17 0.0200578 19.587
2 17 0.0291819 -4.9322e-17
2 17 0.034845 -4.9322e-17
2 17 0.043721 -4.9322e-17
2 17 0.032522 -4.9322e-17
2 17 0.0358614 -4.9322e-17
2 17 0.0394015 -4.9322e-17
2 17 0.034184 -4.9322e-17
2 17 0.0332994 -4.9322e-17
2 17 0.0445815 -4.9322e-17
2 17 0.0288981 -4.9322e-17
2 17 0.0284198 -4.9322e-17
2 17 0.0393335 -4.9322e-17
2 17 0.0408252 -4.9322e-17
2 17 0.0405515 -4.9322e-17
2 17 0.0404063 -4.9322e-17
2 17 0.0400215 -4.9322e-17
2 17 0.0402909 -4.9322e-17
2 17 0.0392194 -4.9322e-17
2 17 0.0399537 -4.9322e-17
2 17 0.0400139 -4.9322e-17
2 17 0.025094 -4.9322e-17
2 17 0.0344081 -4.9322e-17
2 17 0.0340579 -4.9322e-17
2 17 0.0398019 -4.9322e-17
2 17 0.0295299 -4.9322e-17
2 17 0.0407316 -4.9322e-17
2 17 0.0301098 -4.9322e-17
2 17 0.0392622 -4.9322e-17
2 17 0.030063 -4.9322e-17
2 17 0.0290948 -4.9322e-17
2 17 0.0422609 -4.9322e-17
2 17 0.0443736 -4.9322e-17
2 17 0.029795 -4.9322e-17
2 17 0.0326873 -4.9322e-17
2 17 0.0401513 -4.9322e-17
2 17 0.0335595 -4.9322e-17
2 17 0.0295293 -4.9322e-17
2 17 0.0400855 -4.9322e-17
2 17 0.0406958 -4.9322e-17
2 17 0.0293593 -4.9322e-17
2 17 0.0383294 -4.9322e-17
2 17 0.040293 -4.9322e-17
2 17 0.0430285 -4.9322e-17
2 17 0.0458224 -4.9322e-17
2 17 0.0309801 -4.9322e-17
2 17 0.0277185 -4.9322e-17
2 17 0.0395815 -4.9322e-17
2 17 0.040724 -4.9322e-17
2 17 0.0375652 -4.9322e-17
2 17 0.040581 -4.9322e-17
3 17 0.0234362 70.7066
3 17 0.0153542 70.7066
3 17 0.0114502 70.7066
3 17 0.0161315 70.7066
3 17 0.0225201 70.7066
3 17 0.0197642 70.7066
3 17 0.0209616 70.7066
3 17 0.0206243 70.7066
3 17 0.0219044 70.7066
3 17 0.0169889 70.7066
3 17 0.0166182 70.7066
3 17 0.011625 70.7066
3 17 0.0209553 70.7066
3 17 0.0237064 70.7066
3 17 0.0155875 70.7066
3 17 0.0193166 70.7066
3 17 0.0244109 70.7066
3 17 0.0243296 70.7066
3 17 0.0174488 70.7066
3 17 0.0200813 70.7066
3 17 0.0226165 70.7066
3 17 0.0150388 70.7066
3 17 0.0219709 70.7066
3 17 0.0125174 70.7066
3 17 0.0138821 70.7066
3 17 0.0195484 70.7066
3 17 0.0219661 70.7066
3 17 0.0176889 70.7066
3 17 0.0253985 70.7066
3 17 0.020264 70.7066
3 17 0.016963 70.7066
3 17 0.0193355 70.7066
3 17 0.0236881 70.7066
3 17 0.0197888 70.7066
3 17 0.013628 70.7066
3 17 0.0164943 70.7066
3 17 0.0143273 70.7066
3 17 0.0226213 70.7066
3 17 0.0197018 70.7066
3 17 0.0134519 70.7066
3 17 0.0231589 70.7066
3 17 0.0229133 70.7066
3 17 0.0240234 70.7066
3 17 0.0182081 70.7066
3 17 0.0159668 70.7066
3 17 0.0221178 70.7066
3 17 0.0207276 70.7066
3 17 0.0240066 70.7066
3 17 0.0214345 70.7066
3 17 0.0216975 70.7066
4 17 0.0189737 99.747
4 17 0.017519 99.747
4 17 0.0167056 99.747
4 17 0.0194494 99.747
4 17 0.0157855 99.747
4 17 0.0165979 99.747
4 17 0.0212364 99.747
4 17 0.0170916 99.747
4 17 0.021342 99.747
4 17 0.0158606 99.747
4 17 0.0211804 99.747
4 17 0.0192209 99.747
4 17 0.0160235 99.747
4 17 0.016286 99.747
4 17 0.0200371 99.747
4 17 0.0183616 99.747
4 17 0.018222 99.747
4 17 0.0148898 99.747
4 17 0.0218078 99.747
4 17 0.0224125 99.747
4 17 0.0276007 99.747
4 17 0.0211952 99.747
4 17 0.020882 99.747
4 17 0.0168716 99.747
4 17 0.0172019 99.747
4 17 0.0186314 99.747
4 17 0.016741 99.747
4 17 0.0240812 99.747
4 17 0.0179395 99.747
4 17 0.0204657 99.747
4 17 0.0174825 99.747
4 17 0.0213963 99.747
4 17 0.0229814 99.747
4 17 0.0167902 99.747
4 17 0.0179666 99.747
4 17 0.0215498 99.747
4 17 0.0265163 99.747
4 17 0.0228201 99.747
4 17 0.0155199 99.747
4 17 0.0156759 99.747
4 17 0.0161365 99.747
4 17 0.0218211 99.747
4 17 0.0168891 99.747
4 17 0.0214104 99.747
4 17 0.0220753 99.747
4 17 0.0213025 99.747
4 17 0.0183751 99.747
4 17 0.0202665 99.747
4 17 0.0248485 99.747
4 17 0.0195225 99.747
5 17 2.83508 26.4559
5 17 2.81031 26.4559
5 17 2.82397 26.4559
5 17 2.78674 26.4559
5 17 2.82693 26.4559
5 17 2.8258 26.4559
5 17 2.84158 26.4559
5 17 2.83436 26.4559
5 17 2.84765 26.4559
5 17 2.82986 26.4559
5 17 2.83256 26.4559
5 17 2.82265 26.4559
5 17 2.84597 26.4559
5 17 2.82322 26.4559
5 17 2.7819 26.4559
5 17 2.81999 26.4559
5 17 2.82762 26.4559
5 17 2.83592 26.4559
5 17 2.83172 26.4559
5 17 2.83115 26.4559
5 17 2.85195 26.4559
5 17 2.83582 26.4559
5 17 2.82624 26.4559
5 17 2.83488 26.4559
5 17 2.81768 26.4559
5 17 2.82701 26.4559
5 17 2.82864 26.4559
5 17 2.82257 26.4559
5 17 2.8472 26.4559
5 17 2.82817 26.4559
5 17 2.8482 26.4559
5 17 2.82803 26.4559
5 17 2.82621 26.4559
5 17 2.83734 26.4559
5 17 2.8253 26.4559
5 17 2.85406 26.4559
5 17 2.82727 26.4559
5 17 2.83055 26.4559
5 17 2.79081 26.4559
5 17 2.82639 26.4559
5 17 2.84934 26.4559
5 17 2.83562 26.4559
5 17 2.82655 26.4559
5 17 2.83396 26.4559
5 17 2.85928 26.4559
5 17 2.83029 26.4559
5 17 2.82551 26.4559
5 17 2.83175 26.4559
5 17 2.83563 26.4559
5 17 2.83596 26.4559
0 31 0.0119653 180.279
0 31 0.0106577 180.279
0 31 0.0126121 180.279
0 31 0.0122701 180.279
0 31 0.0122 180.279
0 31 0.0116794 180.279
0 31 0.0124835 180.279
0 31 0.0150451 180.279
0 31 0.0116318 180.279
0 31 0.0105098 180.279
0 31 0.0110922 180.279
0 31 0.0108959 180.279
0 31 0.0119889 180.279
0 31 0.0136391 180.279
0 31 0.0122771 180.279
0 31 0.0119805 180.279
0 31 0.010839 180.279
0 31 0.0120614 180.279
0 31 0.0127668 180.279
0 31 0.0127043 180.279
0 31 0.0118856 180.279
0 31 0.0120658 180.279
0 31 0.0130125 180.279
0 31 0.0145344 180.279
0 31 0.0118706 180.279
0 31 0.0131865 180.279
0 31 0.012667 180.279
0 31 0.0118556 180.279
0 31 0.0136739 180.279
0 31 0.0113898 180.279
0 31 0.0119193 180.279
0 31 0.0121588 180.279
0 31 0.0118289 180.279
0 31 0.0132147 180.279
0 31 0.0127053 180.279
0 31 0.0136667 180.279
0 31 0.0121526 180.279
0 31 0.0103204 180.279
0 31 0.012142 180.279
0 31 0.012231 180.279
0 31 0.0122184 180.279
0 31 0.0119898 180.279
0 31 0.0114206 180.279
0 31 0.0118747 180.279
0 31 0.0111547 180.279
0 31 0.0119637 180.279
0 31 0.0145163 180.279
0 31 0.0118765 180.279
0 31 0.0126231 180.279
0 31 0.0110342 180.279
0 31 0.014158 180.279
0 31 0.0120356 180.279
0 31 0.0133756 180.279
0 31 0.0116964 180.279
0 31 0.0127491 180.279
0 31 0.0133736 180.279
0 31 0.0120733 180.279
0 31 0.0127387 180.279
0 31 0.0113022 180.279
0 31 0.0120983 180.279
0 31 0.0130519 180.279
0 31 0.0119865 180.279
0 31 0.0102318 180.279
0 31 0.0109815 180.279
0 31 0.0119176 180.279
0 31 0.0102906 180.279
0 31 0.0115652 180.279
0 31 0.0112008 180.279
0 31 0.0119051 180.279
0 31 0.0126876 180.279
0 31 0.0124073 180.279
0 31 0.0121302 180.279
0 31 0.0108876 180.279
0 31 0.0133237 180.279
0 31 0.0119457 180.279
0 31 0.012814 180.279
0 31 0.0122611 180.279
0 31 0.0145572 180.279
0 31 0.0119844 180.279
0 31 0.0131489 180.279
0 31 0.0119375 180.279
0 31 0.0124393 180.279
0 31 0.0125511 180.279
0 31 0.00941763 180.279
0 31 0.0141288 180.279
0 31 0.011969 180.279
0 31 0.0147655 180.279
0 31 0.014061 180.279
0 31 0.0115475 180.279
0 31 0.0122352 180.279
0 31 0.0119617 180.279
0 31 0.0118882 180.279
0 31 0.0119698 180.279
0 31 0.0125654 180.279
0 31 0.0115223 180.279
0 31 0.0111634 180.279
0 31 0.0123559 180.279
0 31 0.0119584 180.279
0 31 0.0124832 180.279
0 31 0.012518 180.279
1 31 0.0121799 19.5872
1 31 0.011454 19.5872
1 31 0.0145957 19.5872
1 31 0.0140614 19.5872
1 31 0.01419 19.5872
1 31 0.0148219 19.5872
1 31 0.0129694 19.5872
1 31 0.0137036 19.5872
1 31 0.0114644 19.5872
1 31 0.0136625 19.5872
1 31 0.014377 19.5872
1 31 0.0144523 19.5872
1 31 0.0137861 19.5872
1 31 0.0154325 19.5872
1 31 0.0143423 19.5872
1 31 0.0148453 19.5872
1 31 0.0151331 19.5872
1 31 0.0139416 19.5872
1 31 0.014447 19.5872
1 31 0.0143991 19.5872
1 31 0.0153438 19.5872
1 31 0.0141001 19.5872
1 31 0.0143336 19.5872
1 31 0.0115006 19.5872
1 31 0.0135664 19.5872
1 31 0.0159941 19.5872
1 31 0.0141241 19.5872
1 31 0.0143701 19.5872
1 31 0.0141316 19.5872
1 31 0.0141199 19.5872
1 31 0.0143144 19.5872
1 31 0.0151831 19.5872
1 31 0.0131384 19.5872
1 31 0.0157171 19.5872
1 31 0.0140576 19.5872
1 31 0.0141814 19.5872
1 31 0.01426 19.5872
1 31 0.014889 19.5872
1 31 0.0141114 19.5872
1 31 0.0133179 19.5872
1 31 0.0130868 19.5872
1 31 0.0163226 19.5872
1 31 0.0122193 19.5872
1 31 0.0114561 19.5872
1 31 0.0151525 19.5872
1 31 0.0141717 19.5872
1 31 0.0140093 19.5872
1 31 0.0132983 19.5872
1 31 0.0151031 19.5872
1 31 0.0136744 19.5872
2 31 0.0187331 -5.20211e-17
2 31 0.0303867 -5.20211e-17
2 31 0.0199113 -5.20211e-17
2 31 0.0292655 -5.20211e-17
2 31 0.0238025 -5.20211e-17
2 31 0.0201784 -5.20211e-17
2 31 0.0187063 -5.20211e-17
2 31 0.0261989 -5.20211e-17
2 31 0.0263162 -5.20211e-17
2 31 0.0248233 -5.20211e-17
2 31 0.0197251 -5.20211e-17
2 31 0.0232665 -5.20211e-17
2 31 0.018014 -5.20211e-17
2 31 0.0178301 -5.20211e-17
2 31 0.0279865 -5.20211e-17
2 31 0.0275152 -5.20211e-17
2 31 0.0259634 -5.20211e-17
2 31 0.0286287 -5.20211e-17
2 31 0.0276059 -5.20211e-17
2 31 0.0307941 -5.20211e-17
2 31 0.0255703 -5.20211e-17
2 31 0.0183696 -5.20211e-17
2 31 0.0259728 -5.20211e-17
2 31 0.0201045 -5.20211e-17
2 31 0.0213609 -5.20211e-17
2 31 0.0273596 -5.20211e-17
2 31 0.0237968 -5.20211e-17
2 31 0.0263202 -5.20211e-17
2 31 0.0255726 -5.20211e-17
2 31 0.0186715 -5.20211e-17
2 31 0.0267944 -5.20211e-17
2 31 0.0205602 -5.20211e-17
2 31 0.0202973 -5.20211e-17
2 31 0.0192479 -5.20211e-17
2 31 0.0263821 -5.20211e-17
2 31 0.0272906 -5.20211e-17
2 31 0.02601 -5.20211e-17
2 31 0.0234183 -5.20211e-17
2 31 0.0198811 -5.20211e-17
2 31 0.0305927 -5.20211e-17
2 31 0.0239492 -5.20211e-17
2 31 0.0282672 -5.20211e-17
2 31 0.0286319 -5.20211e-17
2 31 0.0234462 -5.20211e-17
2 31 0.0255364 -5.20211e-17
2 31 0.0250736 -5.20211e-17
2 31 0.0205712 -5.20211e-17
2 31 0.0221331 -5.20211e-17
2 31 0.0231086 -5.20211e-17
2 31 0.0240577 -5.20211e-17
3 31 0.00928377 70.7066
3 31 0.0104603 70.7066
3 31 0.0171198 70.7066
3 31 0.0124348 70.7066
3 31 0.0172998 70.7066
3 31 0.0136138 70.7066
3 31 0.0129 70.7066
3 31 0.0117889 70.7066
3 31 0.0126461 70.7066
3 31 0.00939585 70.7066
3 31 0.0126148 70.7066
3 31 0.0131814 70.7066
3 31 0.0096261 70.7066
3 31 0.00926919 70.7066
3 31 0.0119679 70.7066
3 31 0.0153161 70.7066
3 31 0.00914541 70.7066
3 31 0.0154068 70.7066
3 31 0.0142838 70.7066
3 31 0.0135402 70.7066
3 31 0.012524 70.7066
3 31 0.0135166 70.7066
3 31 0.0130717 70.7066
3 31 0.0146113 70.7066
3 31 0.0138507 70.7066
3 31 0.018302 70.7066
3 31 0.0122999 70.7066
3 31 0.0120246 70.7066
3 31 0.012036 70.7066
3 31 0.0138446 70.7066
3 31 0.0135916 70.7066
3 31 0.0154841 70.7066
3 31 0.00910375 70.7066
3 31 0.0183364 70.7066
3 31 0.0131841 70.7066
3 31 0.0160917 70.7066
3 31 0.0175055 70.7066
3 31 0.0109139 70.7066
3 31 0.0148347 70.7066
3 31 0.0182776 70.7066
3 31 0.0101113 70.7066
3 31 0.0121191 70.7066
3 31 0.0171368 70.7066
3 31 0.0117603 70.7066
3 31 0.0089583 70.7066
3 31 0.0137808 70.7066
3 31 0.0147221 70.7066
3 31 0.0153596 70.7066
3 31 0.0170174 70.7066
3 31 0.0161214 70.7066
4 31 0.0183959 97.7841
4 31 0.0211011 97.7841
4 31 0.0211542 97.7841
4 31 0.0151812 97.7841
4 31 0.011152 97.7841
4 31 0.00987573 97.7841
4 31 0.0141359 97.7841
4 31 0.0150668 97.7841
4 31 0.0188142 97.7841
4 31 0.0205444 97.7841
4 31 0.017392 97.7841
4 31 0.0144266 97.7841
4 31 0.0158011 97.7841
4 31 0.0170636 97.7841
4 31 0.0211091 97.7841
4 31 0.0221618 97.7841
4 31 0.0115576 97.7841
4 31 0.0186107 97.7841
4 31 0.0112718 97.7841
4 31 0.021344 97.7841
4 31 0.0186723 97.7841
4 31 0.0118391 97.7841
4 31 0.019279 97.7841
4 31 0.0117134 97.7841
4 31 0.0175863 97.7841
4 31 0.0160119 97.7841
4 31 0.0118882 97.7841
4 31 0.0223927 97.7841
4 31 0.0208349 97.7841
4 31 0.019393 97.7841
4 31 0.0204191 97.7841
4 31 0.0207319 97.7841
4 31 0.0181348 97.7841
4 31 0.0130151 97.7841
4 31 0.0105195 97.7841
4 31 0.0125607 97.7841
4 31 0.0199027 97.7841
4 31 0.0115515 97.7841
4 31 0.0173623 97.7841
4 31 0.0134115 97.7841
4 31 0.0202874 97.7841
4 31 0.0189523 97.7841
4 31 0.020898 97.7841
4 31 0.02193 97.7841
4 31 0.0207615 97.7841
4 31 0.0114724 97.7841
4 31 0.0214774 97.7841
4 31 0.022519 97.7841
4 31 0.00973707 97.7841
4 31 0.0177694 97.7841
5 31 1.7272 26.498
5 31 1.69818 26.498
0 32 0.0141512 180.279
5 31 1.69469 26.498
0 32 0.0121055 180.279
0 32 0.0132125 180.279
0 32 0.00866244 180.279
5 31 1.69163 26.498
0 32 0.013977 180.279
0 32 0.0120914 180.279
0 32 0.0133028 180.279
5 31 1.69941 26.498
0 32 0.013714 180.279
0 32 0.011509 180.279
0 32 0.0127441 180.279
5 31 1.69843 26.498
0 32 0.0115716 180.279
0 32 0.0138974 180.279
0 32 0.0122229 180.279
0 32 0.012648 180.279
5 31 1.69895 26.498
0 32 0.0124937 180.279
0 32 0.0125833 180.279
0 32 0.0102573 180.279
5 31 1.69776 26.498
0 32 0.0120996 180.279
0 32 0.0122367 180.279
0 32 0.013369 180.279
5 31 1.71005 26.498
0 32 0.0121547 180.279
0 32 0.0126457 180.279
0 32 0.0113052 180.279
0 32 0.0132726 180.279
5 31 1.69274 26.498
0 32 0.0129281 180.279
0 32 0.0116735 180.279
0 32 0.0109043 180.279
5 31 1.69926 26.498
0 32 0.0121006 180.279
0 32 0.0129957 180.279
0 32 0.0119099 180.279
5 31 1.70245 26.498
0 32 0.00999561 180.279
0 32 0.01389 180.279
5 31 1.69856 26.498
0 32 0.0108028 180.279
0 32 0.0110121 180.279
5 31 1.69914 26.498
0 32 0.0118855 180.279
0 32 0.0123028 180.279
5 31 1.69217 26.498
0 32 0.01192 180.279
0 32 0.0130078 180.279
5 31 1.69633 26.498
0 32 0.0104287 180.279
5 31 1.69475 26.498
0 32 0.012915 180.279
5 31 1.69371 26.498
0 32 0.0117149 180.279
0 32 0.0127811 180.279
5 31 1.69348 26.498
0 32 0.011513 180.279
0 32 0.0119207 180.279
0 32 0.0118576 180.279
5 31 1.69857 26.498
0 32 0.0132385 180.279
0 32 0.013305 180.279
5 31 1.69563 26.498
0 32 0.0122451 180.279
0 32 0.0114444 180.279
5 31 1.69591 26.498
0 32 0.0118457 180.279
0 32 0.0127161 180.279
0 32 0.0113815 180.279
5 31 1.69828 26.498
0 32 0.0125635 180.279
0 32 0.012703 180.279
5 31 1.69857 26.498
0 32 0.0119195 180.279
0 32 0.0137579 180.279
5 31 1.69253 26.498
0 32 0.0135542 180.279
5 31 1.70084 26.498
0 32 0.0096287 180.279
0 32 0.012862 180.279
5 31 1.70096 26.498
0 32 0.0120012 180.279
0 32 0.012089 180.279
0 32 0.0129944 180.279
5 31 1.70017 26.498
0 32 0.0119029 180.279
5 31 1.70173 26.498
0 32 0.011742 180.279
0 32 0.012207 180.279
5 31 1.69735 26.498
0 32 0.0116596 180.279
0 32 0.0118747 180.279
0 32 0.0149939 180.279
5 31 1.69868 26.498
0 32 0.0122312 180.279
0 32 0.0118687 180.279
5 31 1.6972 26.498
0 32 0.0117122 180.279
0 32 0.0114929 180.279
0 32 0.0144964 180.279
0 32 0.0124799 180.279
0 32 0.0121167 180.279
0 32 0.011568 180.279
0 32 0.0118644 180.279
0 32 0.0102308 180.279
0 32 0.0123485 180.279
0 32 0.0131965 180.279
5 31 1.69864 26.498
0 32 0.0130585 180.279
5 31 1.70802 26.498
0 32 0.0126385 180.279
5 31 1.69695 26.498
5 31 1.69803 26.498
5 31 1.69613 26.498
0 32 0.0115068 180.279
0 32 0.0129379 180.279
5 31 1.69859 26.498
0 32 0.0128444 180.279
0 32 0.012303 180.279
5 31 1.69881 26.498
0 32 0.0123942 180.279
0 32 0.0132229 180.279
5 31 1.69835 26.498
0 32 0.0119331 180.279
0 32 0.0123826 180.279
5 31 1.69029 26.498
0 32 0.0120817 180.279
0 32 0.0131047 180.279
5 31 1.69837 26.498
0 32 0.0119925 180.279
0 32 0.012575 180.279
5 31 1.69842 26.498
0 32 0.0117322 180.279
0 32 0.0120853 180.279
0 32 0.0118882 180.279
5 31 1.69926 26.498
0 32 0.0123776 180.279
0 32 0.0126003 180.279
0 32 0.0120414 180.279
5 31 1.69705 26.498
1 32 0.0135103 19.5872
1 32 0.0131965 19.5872
5 31 1.69743 26.498
1 32 0.0143284 19.5872
5 31 1.69595 26.498
1 32 0.0122352 19.5872
1 32 0.0158654 19.5872
1 32 0.0141518 19.5872
1 32 0.0139992 19.5872
5 31 1.69817 26.498
1 32 0.0137538 19.5872
1 32 0.0132787 19.5872
1 32 0.0123123 19.5872
5 31 1.69957 26.498
1 32 0.0131323 19.5872
1 32 0.0145186 19.5872
1 32 0.0147175 19.5872
5 31 1.697 26.498
1 32 0.0139596 19.5872
1 32 0.0144898 19.5872
1 32 0.0136562 19.5872
1 32 0.0130411 19.5872
1 32 0.014241 19.5872
1 32 0.0145106 19.5872
1 32 0.0142371 19.5872
1 32 0.0139574 19.5872
1 32 0.0155074 19.5872
1 32 0.0134665 19.5872
1 32 0.0126059 19.5872
1 32 0.0139554 19.5872
1 32 0.0140336 19.5872
1 32 0.013836 19.5872
1 32 0.0119169 19.5872
1 32 0.0123383 19.5872
1 32 0.0132661 19.5872
1 32 0.0153813 19.5872
1 32 0.0139485 19.5872
1 32 0.0156319 19.5872
1 32 0.0130635 19.5872
1 32 0.015327 19.5872
1 32 0.013528 19.5872
1 32 0.0134404 19.5872
1 32 0.013998 19.5872
1 32 0.0131454 19.5872
1 32 0.0132413 19.5872
1 32 0.0138256 19.5872
1 32 0.0137101 19.5872
1 32 0.0146481 19.5872
1 32 0.0140162 19.5872
1 32 0.0147477 19.5872
1 32 0.0161476 19.5872
1 32 0.0141548 19.5872
1 32 0.0121051 19.5872
1 32 0.0121723 19.5872
1 32 0.0142217 19.5872
2 32 0.0238842 -5.20211e-17
2 32 0.0235348 -5.20211e-17
2 32 0.0214345 -5.20211e-17
2 32 0.0179009 -5.20211e-17
2 32 0.0238758 -5.20211e-17
2 32 0.0286681 -5.20211e-17
2 32 0.0301159 -5.20211e-17
2 32 0.020202 -5.20211e-17
2 32 0.0239171 -5.20211e-17
2 32 0.0199912 -5.20211e-17
2 32 0.0270298 -5.20211e-17
2 32 0.0290602 -5.20211e-17
2 32 0.0287567 -5.20211e-17
2 32 0.0273828 -5.20211e-17
2 32 0.0240389 -5.20211e-17
2 32 0.022307 -5.20211e-17
2 32 0.0281377 -5.20211e-17
2 32 0.0222193 -5.20211e-17
2 32 0.0184561 -5.20211e-17
2 32 0.0274289 -5.20211e-17
2 32 0.0313293 -5.20211e-17
2 32 0.020171 -5.20211e-17
2 32 0.0242341 -5.20211e-17
2 32 0.0238275 -5.20211e-17
2 32 0.02525 -5.20211e-17
2 32 0.0268355 -5.20211e-17
2 32 0.0281157 -5.20211e-17
2 32 0.0207877 -5.20211e-17
2 32 0.018001 -5.20211e-17
2 32 0.0210556 -5.20211e-17
2 32 0.0203189 -5.20211e-17
2 32 0.0175905 -5.20211e-17
2 32 0.0194712 -5.20211e-17
2 32 0.0238934 -5.20211e-17
2 32 0.0189547 -5.20211e-17
2 32 0.0263814 -5.20211e-17
2 32 0.0222676 -5.20211e-17
2 32 0.02636 -5.20211e-17
2 32 0.022652 -5.20211e-17
2 32 0.0262569 -5.20211e-17
2 32 0.0184189 -5.20211e-17
2 32 0.028499 -5.20211e-17
2 32 0.0236718 -5.20211e-17
2 32 0.0241659 -5.20211e-17
2 32 0.0280548 -5.20211e-17
2 32 0.0254697 -5.20211e-17
2 32 0.0230983 -5.20211e-17
2 32 0.0247943 -5.20211e-17
2 32 0.0208152 -5.20211e-17
2 32 0.0210991 -5.20211e-17
3 32 0.0148797 70.7066
3 32 0.0160847 70.7066
3 32 0.0167668 70.7066
3 32 0.0162957 70.7066
3 32 0.0156528 70.7066
3 32 0.0136612 70.7066
3 32 0.0158953 70.7066
3 32 0.016993 70.7066
3 32 0.0138708 70.7066
3 32 0.0143052 70.7066
3 32 0.0138586 70.7066
3 32 0.0121595 70.7066
3 32 0.0137369 70.7066
3 32 0.01215 70.7066
3 32 0.0170854 70.7066
3 32 0.017095 70.7066
3 32 0.0194737 70.7066
3 32 0.0138316 70.7066
3 32 0.00896601 70.7066
3 32 0.0158834 70.7066
3 32 0.0162946 70.7066
3 32 0.0130707 70.7066
3 32 0.0167411 70.7066
3 32 0.0160314 70.7066
3 32 0.0109379 70.7066
3 32 0.0162481 70.7066
3 32 0.00974834 70.7066
3 32 0.0137833 70.7066
3 32 0.0176611 70.7066
3 32 0.0156252 70.7066
3 32 0.00714536 70.7066
3 32 0.0130961 70.7066
3 32 0.0126023 70.7066
3 32 0.0117413 70.7066
3 32 0.0129129 70.7066
3 32 0.01475 70.7066
3 32 0.0184702 70.7066
3 32 0.0157823 70.7066
3 32 0.0115221 70.7066
3 32 0.00997199 70.7066
3 32 0.0100324 70.7066
3 32 0.0107529 70.7066
3 32 0.00975398 70.7066
3 32 0.00971903 70.7066
3 32 0.00960852 70.7066
3 32 0.0109223 70.7066
3 32 0.0104434 70.7066
3 32 0.0105094 70.7066
3 32 0.0179837 70.7066
3 32 0.0107094 70.7066
4 32 0.017498 97.7841
4 32 0.0143913 97.7841
4 32 0.0224147 97.7841
4 32 0.0152495 97.7841
4 32 0.0193326 97.7841
4 32 0.0124251 97.7841
4 32 0.0193191 97.7841
4 32 0.013924 97.7841
4 32 0.0141563 97.7841
4 32 0.0151461 97.7841
4 32 0.0152808 97.7841
4 32 0.0218932 97.7841
4 32 0.0141014 97.7841
4 32 0.0139891 97.7841
4 32 0.0144355 97.7841
4 32 0.0147792 97.7841
4 32 0.0141422 97.7841
4 32 0.01511 97.7841
4 32 0.0143019 97.7841
4 32 0.0148818 97.7841
4 32 0.0146515 97.7841
4 32 0.0148196 97.7841
4 32 0.0143055 97.7841
4 32 0.0157701 97.7841
4 32 0.0190895 97.7841
4 32 0.0152177 97.7841
4 32 0.0144763 97.7841
4 32 0.0143293 97.7841
4 32 0.0138375 97.7841
4 32 0.0145557 97.7841
4 32 0.0155497 97.7841
4 32 0.0166202 97.7841
4 32 0.0145758 97.7841
4 32 0.0162847 97.7841
4 32 0.0123904 97.7841
4 32 0.0146974 97.7841
4 32 0.012716 97.7841
4 32 0.0153849 97.7841
4 32 0.0148747 97.7841
4 32 0.0142549 97.7841
4 32 0.0143541 97.7841
4 32 0.0218215 97.7841
4 32 0.0164414 97.7841
4 32 0.0168086 97.7841
4 32 0.0145324 97.7841
4 32 0.014449 97.7841
4 32 0.0143469 97.7841
4 32 0.0146565 97.7841
4 32 0.0148327 97.7841
4 32 0.0137784 97.7841
5 32 1.78294 26.498
5 32 1.7958 26.498
5 32 1.81486 26.498
5 32 1.80769 26.498
5 32 1.68836 26.498
5 32 1.69132 26.498
5 32 1.65658 26.498
5 32 1.77276 26.498
5 32 1.76967 26.498
5 32 1.8047 26.498
5 32 1.69615 26.498
5 32 1.7789 26.498
5 32 1.77545 26.498
5 32 1.69246 26.498
5 32 1.65497 26.498
5 32 1.7837 26.498
5 32 1.79245 26.498
5 32 1.786 26.498
5 32 1.79084 26.498
5 32 1.78358 26.498
5 32 1.78976 26.498
5 32 1.79707 26.498
5 32 1.69334 26.498
5 32 1.78995 26.498
5 32 1.68982 26.498
5 32 1.78836 26.498
5 32 1.6964 26.498
5 32 1.78381 26.498
5 32 1.77091 26.498
5 32 1.65457 26.498
5 32 1.75808 26.498
5 32 1.79661 26.498
5 32 1.69256 26.498
5 32 1.79923 26.498
5 32 1.80293 26.498
5 32 1.70156 26.498
5 32 1.78544 26.498
5 32 1.80379 26.498
5 32 1.79392 26.498
5 32 1.7675 26.498
5 32 1.6928 26.498
5 32 1.77702 26.498
5 32 1.78569 26.498
5 32 1.76307 26.498
5 32 1.83069 26.498
5 32 1.77515 26.498
5 32 1.79146 26.498
5 32 1.789 26.498
5 32 1.80002 26.498
5 32 1.79824 26.498
0 33 0.0109496 180.279
0 33 0.0109169 180.279
0 33 0.0118187 180.279
0 33 0.0113104 180.279
0 33 0.0119555 180.279
0 33 0.0109583 180.279
0 33 0.0108866 180.279
0 33 0.0111625 180.279
0 33 0.0109221 180.279
0 33 0.0108688 180.279
0 33 0.0111436 180.279
0 33 0.0110414 180.279
0 33 0.0110975 180.279
0 33 0.0109729 180.279
0 33 0.0115568 180.279
0 33 0.0109402 180.279
0 33 0.0112265 180.279
0 33 0.0115211 180.279
0 33 0.011263 180.279
0 33 0.0110261 180.279
0 33 0.0109516 180.279
0 33 0.0109553 180.279
0 33 0.0109198 180.279
0 33 0.0116149 180.279
0 33 0.0109449 180.279
0 33 0.0108897 180.279
0 33 0.0111765 180.279
0 33 0.0117109 180.279
0 33 0.0108592 180.279
0 33 0.0109101 180.279
0 33 0.01092 180.279
0 33 0.0110449 180.279
0 33 0.0109167 180.279
0 33 0.0113322 180.279
0 33 0.0112553 180.279
0 33 0.011204 180.279
0 33 0.0109055 180.279
0 33 0.0109195 180.279
0 33 0.011355 180.279
0 33 0.0108978 180.279
0 33 0.0109747 180.279
0 33 0.0112142 180.279
0 33 0.0111464 180.279
0 33 0.010895 180.279
0 33 0.0109056 180.279
0 33 0.0109862 180.279
0 33 0.0108673 180.279
0 33 0.0112124 180.279
0 33 0.0109639 180.279
0 33 0.0109365 180.279
0 33 0.0115258 180.279
0 33 0.0109383 180.279
0 33 0.0109323 180.279
0 33 0.0109302 180.279
0 33 0.0109418 180.279
0 33 0.0108882 180.279
0 33 0.011248 180.279
0 33 0.0112597 180.279
0 33 0.0109278 180.279
0 33 0.0116887 180.279
0 33 0.0109316 180.279
0 33 0.0109118 180.279
0 33 0.0111998 180.279
0 33 0.0111038 180.279
0 33 0.0118431 180.279
0 33 0.0112073 180.279
0 33 0.0109216 180.279
0 33 0.011626 180.279
0 33 0.0108597 180.279
0 33 0.0110623 180.279
0 33 0.0111336 180.279
0 33 0.0110343 180.279
0 33 0.0109782 180.279
0 33 0.011242 180.279
0 33 0.0109295 180.279
0 33 0.0109292 180.279
0 33 0.0112243 180.279
0 33 0.0116733 180.279
0 33 0.0112474 180.279
0 33 0.0111552 180.279
0 33 0.0110135 180.279
0 33 0.0109666 180.279
0 33 0.0109223 180.279
0 33 0.0111903 180.279
0 33 0.0112205 180.279
0 33 0.0109272 180.279
0 33 0.0109269 180.279
0 33 0.0112567 180.279
0 33 0.0109232 180.279
0 33 0.0109365 180.279
0 33 0.011569 180.279
0 33 0.0114787 180.279
0 33 0.0112 180.279
0 33 0.0110256 180.279
0 33 0.0108714 180.279
0 33 0.0113162 180.279
0 33 0.0109036 180.279
0 33 0.010909 180.279
0 33 0.0112162 180.279
1 33 0.0126062 19.5872
1 33 0.0133332 19.5872
1 33 0.0126123 19.5872
0 33 0.0111088 180.279
1 33 0.0126419 19.5872
1 33 0.013125 19.5872
1 33 0.0135866 19.5872
1 33 0.0126696 19.5872
1 33 0.0131846 19.5872
1 33 0.012692 19.5872
1 33 0.0128644 19.5872
1 33 0.0125628 19.5872
1 33 0.0129323 19.5872
1 33 0.0125947 19.5872
1 33 0.012572 19.5872
1 33 0.0125552 19.5872
1 33 0.0126973 19.5872
1 33 0.0129839 19.5872
1 33 0.0129215 19.5872
1 33 0.0126223 19.5872
1 33 0.0126594 19.5872
1 33 0.0125877 19.5872
1 33 0.012599 19.5872
1 33 0.0129916 19.5872
1 33 0.0126426 19.5872
1 33 0.0133498 19.5872
1 33 0.0129886 19.5872
1 33 0.0129386 19.5872
1 33 0.0134968 19.5872
1 33 0.0125753 19.5872
1 33 0.0130035 19.5872
1 33 0.0127518 19.5872
1 33 0.0125923 19.5872
1 33 0.0125763 19.5872
1 33 0.0126192 19.5872
1 33 0.012587 19.5872
1 33 0.013391 19.5872
1 33 0.0126027 19.5872
1 33 0.0125518 19.5872
1 33 0.0129285 19.5872
1 33 0.0125391 19.5872
1 33 0.0131004 19.5872
1 33 0.0133722 19.5872
1 33 0.0126288 19.5872
1 33 0.0125922 19.5872
1 33 0.0130969 19.5872
1 33 0.0126171 19.5872
1 33 0.0126857 19.5872
1 33 0.0125876 19.5872
1 33 0.0126284 19.5872
1 33 0.0132857 19.5872
2 33 0.020274 -5.20211e-17
2 33 0.0198842 -5.20211e-17
2 33 0.029827 -5.20211e-17
2 33 0.0197874 -5.20211e-17
2 33 0.0212411 -5.20211e-17
2 33 0.0199229 -5.20211e-17
2 33 0.0210767 -5.20211e-17
2 33 0.019857 -5.20211e-17
2 33 0.022028 -5.20211e-17
2 33 0.0216453 -5.20211e-17
2 33 0.0218488 -5.20211e-17
2 33 0.021942 -5.20211e-17
2 33 0.0214898 -5.20211e-17
2 33 0.0217514 -5.20211e-17
2 33 0.0217618 -5.20211e-17
2 33 0.0216472 -5.20211e-17
2 33 0.0214867 -5.20211e-17
2 33 0.0202011 -5.20211e-17
2 33 0.0221689 -5.20211e-17
2 33 0.0199348 -5.20211e-17
2 33 0.0212988 -5.20211e-17
2 33 0.02449 -5.20211e-17
2 33 0.0198763 -5.20211e-17
2 33 0.0215258 -5.20211e-17
2 33 0.0198155 -5.20211e-17
2 33 0.0217382 -5.20211e-17
2 33 0.0197259 -5.20211e-17
2 33 0.0206752 -5.20211e-17
2 33 0.0216958 -5.20211e-17
2 33 0.0218185 -5.20211e-17
2 33 0.0197638 -5.20211e-17
2 33 0.0210439 -5.20211e-17
2 33 0.0212789 -5.20211e-17
2 33 0.021987 -5.20211e-17
2 33 0.0202274 -5.20211e-17
2 33 0.0201269 -5.20211e-17
2 33 0.0233112 -5.20211e-17
2 33 0.0235868 -5.20211e-17
2 33 0.0199511 -5.20211e-17
2 33 0.0211566 -5.20211e-17
2 33 0.0197872 -5.20211e-17
2 33 0.0210237 -5.20211e-17
2 33 0.0209121 -5.20211e-17
2 33 0.0213238 -5.20211e-17
2 33 0.0211364 -5.20211e-17
2 33 0.0233919 -5.20211e-17
2 33 0.0211447 -5.20211e-17
2 33 0.0197059 -5.20211e-17
2 33 0.0198789 -5.20211e-17
2 33 0.0221535 -5.20211e-17
3 33 0.00973657 70.7066
3 33 0.00923891 70.7066
3 33 0.0108401 70.7066
3 33 0.0103943 70.7066
3 33 0.010436 70.7066
3 33 0.00920141 70.7066
3 33 0.00982646 70.7066
3 33 0.0100496 70.7066
3 33 0.0087858 70.7066
3 33 0.00974929 70.7066
3 33 0.0114762 70.7066
3 33 0.0104598 70.7066
3 33 0.00957081 70.7066
3 33 0.0114338 70.7066
3 33 0.00928889 70.7066
3 33 0.0101003 70.7066
3 33 0.013551 70.7066
3 33 0.010442 70.7066
3 33 0.0104466 70.7066
3 33 0.0103948 70.7066
3 33 0.0105951 70.7066
3 33 0.00913184 70.7066
3 33 0.00934352 70.7066
3 33 0.0100451 70.7066
3 33 0.00990837 70.7066
3 33 0.0112247 70.7066
3 33 0.0110037 70.7066
3 33 0.0106857 70.7066
3 33 0.0115501 70.7066
3 33 0.00968266 70.7066
3 33 0.0105615 70.7066
3 33 0.0111582 70.7066
3 33 0.00864313 70.7066
3 33 0.0105934 70.7066
3 33 0.0111933 70.7066
3 33 0.00868302 70.7066
3 33 0.0108713 70.7066
3 33 0.00946135 70.7066
3 33 0.00923379 70.7066
3 33 0.0109752 70.7066
3 33 0.00912307 70.7066
3 33 0.0102084 70.7066
3 33 0.0104414 70.7066
3 33 0.00934902 70.7066
3 33 0.0111093 70.7066
3 33 0.011035 70.7066
3 33 0.0114471 70.7066
3 33 0.0108011 70.7066
3 33 0.010228 70.7066
3 33 0.0108415 70.7066
4 33 0.0141435 97.7841
4 33 0.0132782 97.7841
4 33 0.0145336 97.7841
4 33 0.0124859 97.7841
4 33 0.0117121 97.7841
4 33 0.0140014 97.7841
4 33 0.0138139 97.7841
4 33 0.0130953 97.7841
4 33 0.0124441 97.7841
4 33 0.0124673 97.7841
4 33 0.012533 97.7841
4 33 0.0125504 97.7841
4 33 0.0124937 97.7841
4 33 0.0138747 97.7841
4 33 0.0124572 97.7841
4 33 0.0123926 97.7841
4 33 0.0125603 97.7841
4 33 0.0132818 97.7841
4 33 0.0140447 97.7841
4 33 0.0141413 97.7841
4 33 0.0124806 97.7841
4 33 0.0139739 97.7841
4 33 0.0144746 97.7841
4 33 0.0131635 97.7841
4 33 0.0145294 97.7841
4 33 0.0131157 97.7841
4 33 0.0220697 97.7841
4 33 0.0124683 97.7841
4 33 0.012544 97.7841
4 33 0.0134465 97.7841
4 33 0.0147247 97.7841
4 33 0.012779 97.7841
4 33 0.0129319 97.7841
4 33 0.0136878 97.7841
4 33 0.0120181 97.7841
4 33 0.0150462 97.7841
4 33 0.0144882 97.7841
4 33 0.0152215 97.7841
4 33 0.0138817 97.7841
4 33 0.0133341 97.7841
4 33 0.016693 97.7841
4 33 0.0134174 97.7841
4 33 0.0126302 97.7841
4 33 0.0124119 97.7841
4 33 0.0149884 97.7841
4 33 0.0119466 97.7841
4 33 0.012468 97.7841
4 33 0.0124997 97.7841
4 33 0.0143903 97.7841
4 33 0.0137101 97.7841
5 33 1.7985 26.498

5 33 1.79488 26.498
5 33 1.77607 26.498
5 33 1.74515 26.498
5 33 1.69768 26.498
5 33 1.80461 26.498
5 33 1.79812 26.498
5 33 1.7971 26.498
5 33 1.80008 26.498
5 33 1.80909 26.498
5 33 1.79826 26.498
5 33 1.71391 26.498
5 33 1.79891 26.498
5 33 1.78212 26.498
5 33 1.79964 26.498
5 33 1.79738 26.498
5 33 1.7661 26.498
5 33 1.78777 26.498
5 33 1.77559 26.498
5 33 1.77969 26.498
5 33 1.76726 26.498
5 33 1.7965 26.498
5 33 1.79227 26.498
5 33 1.70138 26.498
5 33 1.78712 26.498
5 33 1.76064 26.498
5 33 1.7764 26.498
5 33 1.79172 26.498
5 33 1.79803 26.498
5 33 1.69876 26.498
5 33 1.80123 26.498
5 33 1.80025 26.498
5 33 1.78683 26.498
5 33 1.80297 26.498
5 33 1.78257 26.498
5 33 1.77683 26.498
5 33 1.80123 26.498
5 33 1.79908 26.498
5 33 1.79731 26.498
5 33 1.67756 26.498
5 33 1.73625 26.498
5 33 1.77335 26.498
5 33 1.80571 26.498
5 33 1.74095 26.498
5 33 1.78396 26.498
5 33 1.79745 26.498
5 33 1.80231 26.498
5 33 1.77832 26.498
5 33 1.76821 26.498
