0.0 2.0 0.617464 -0.000412552
0.0 2.0 0.616547 -0.000412552
0.0 2.0 0.639686 -0.000412552
0.0 2.0 0.613702 -0.000412552
0.0 2.0 0.61181 -0.000412552
0.0 2.0 0.616855 -0.000412552
0.0 2.0 0.622189 -0.000412552
0.0 2.0 0.625784 -0.000412552
0.0 2.0 0.617579 -0.000412552
0.0 2.0 0.61892 -0.000412552
0.0 2.0 0.618484 -0.000412552
0.0 2.0 0.621464 -0.000412552
0.0 2.0 0.619664 -0.000412552
0.0 2.0 0.620167 -0.000412552
0.0 2.0 0.631937 -0.000412552
0.0 2.0 0.617512 -0.000412552
0.0 2.0 0.611452 -0.000412552
0.0 2.0 0.622707 -0.000412552
0.0 2.0 0.621986 -0.000412552
0.0 2.0 0.615992 -0.000412552
0.0 2.0 0.607144 -0.000412552
0.0 2.0 0.633792 -0.000412552
0.0 2.0 0.615521 -0.000412552
0.0 2.0 0.616059 -0.000412552
0.0 2.0 0.606664 -0.000412552
0.0 2.0 0.623978 -0.000412552
0.0 2.0 0.617767 -0.000412552
0.0 2.0 0.615361 -0.000412552
0.0 2.0 0.626847 -0.000412552
0.0 2.0 0.623422 -0.000412552
0.0 2.0 0.612239 -0.000412552
0.0 2.0 0.618806 -0.000412552
0.0 2.0 0.623244 -0.000412552
0.0 2.0 0.636276 -0.000412552
0.0 2.0 0.628575 -0.000412552
0.0 2.0 0.617353 -0.000412552
0.0 2.0 0.617841 -0.000412552
0.0 2.0 0.638174 -0.000412552
0.0 2.0 0.614086 -0.000412552
0.0 2.0 0.630232 -0.000412552
0.0 2.0 0.628711 -0.000412552
0.0 2.0 0.624663 -0.000412552
0.0 2.0 0.637462 -0.000412552
0.0 2.0 0.626476 -0.000412552
0.0 2.0 0.62335 -0.000412552
0.0 2.0 0.616542 -0.000412552
0.0 2.0 0.622078 -0.000412552
0.0 2.0 0.620719 -0.000412552
0.0 2.0 0.626899 -0.000412552
0.0 2.0 0.635651 -0.000412552
0.0 3.0 1.14523 -0.00739604
0.0 3.0 1.55814 -0.177196
0.0 3.0 0.898696 -0.070839
0.0 3.0 2.19 -0.416641
0.0 3.0 1.16665 -0.259954
0.0 3.0 0.414257 -0.00739811
0.0 3.0 0.40076 -0.502426
0.0 3.0 1.74568 -0.0561296
0.0 3.0 0.959204 -0.0778924
0.0 3.0 2.1594 -0.0332039
0.0 3.0 0.915798 -0.381335
0.0 3.0 1.58606 -0.161531
0.0 3.0 0.931495 -0.502426
0.0 3.0 0.411607 -0.435683
0.0 3.0 0.987743 -0.0671015
0.0 3.0 1.6122 -0.358077
0.0 3.0 2.15134 -0.0332039
0.0 3.0 0.408235 -0.502426
0.0 3.0 1.65643 -0.144293
0.0 3.0 1.15068 -0.0332039
0.0 3.0 2.19484 -0.364788
0.0 3.0 0.40237 -0.0337582
0.0 3.0 0.409259 -0.502426
0.0 3.0 0.382295 -0.00742057
0.0 3.0 0.400124 -0.0962225
0.0 3.0 1.54595 -0.0133108
0.0 3.0 1.64583 -0.156213
0.0 3.0 0.92896 -0.256668
0.0 3.0 1.16693 -0.0297992
0.0 3.0 0.915417 -0.502426
0.0 3.0 0.410211 -0.502426
0.0 3.0 0.409286 -0.00330606
0.0 3.0 0.390587 -0.17423
0.0 3.0 0.37639 -9.39748e-05
0.0 3.0 1.81356 -0.00796117
0.0 3.0 1.58443 -0.502426
0.0 3.0 0.395026 -0.0265627
0.0 3.0 2.20424 -0.00928242
0.0 3.0 0.926515 -0.0975738
0.0 3.0 1.16622 -0.502426
0.0 3.0 1.82435 -0.0271274
0.0 3.0 0.371445 -0.00205893
0.0 3.0 0.410203 -0.632302
0.0 3.0 1.63316 -0.0470197
0.0 3.0 0.952399 -0.000612572
0.0 3.0 0.407073 -0.502426
0.0 3.0 0.423495 -0.502426
0.0 3.0 0.383657 -0.0519609
0.0 3.0 2.08612 -0.321187
0.0 3.0 0.412232 -0.0379032
0.0 4.0 0.358997 -0.00750219
0.0 4.0 0.62723 -0.177674
0.0 4.0 0.727074 -0.36447
0.0 4.0 0.765915 -0.127578
0.0 4.0 0.381293 -0.618704
0.0 4.0 0.712742 -0.16036
0.0 4.0 0.387237 -0.334366
0.0 4.0 1.15074 -0.393001
0.0 4.0 1.30819 -0.985227
0.0 4.0 0.706798 -0.839098
0.0 4.0 0.369213 -0.0380606
0.0 4.0 1.29451 -0.00802979
0.0 4.0 1.3613 -0.442056
0.0 4.0 0.363917 -0.00995639
0.0 4.0 0.723126 -0.0677022
0.0 4.0 1.2838 -0.447609
0.0 4.0 0.719978 -0.695493
0.0 4.0 0.720975 -0.0526744
0.0 4.0 0.360954 -3.70319e-08
0.0 4.0 1.36105 -0.00739604
0.0 4.0 0.628765 -0.292601
0.0 4.0 0.777002 -0.225311
0.0 4.0 1.49053 -0.0302094
0.0 4.0 0.372795 -0.103128
0.0 4.0 1.43531 -0.238678
0.0 4.0 0.374772 -0.0534905
0.0 4.0 0.782752 -0.0180886
0.0 4.0 0.748314 -0.127093
0.0 4.0 0.641469 -0.00928757
0.0 4.0 1.38677 -0.0100697
0.0 4.0 0.782791 -0.66299
0.0 4.0 0.725306 -0.0902539
0.0 4.0 0.806403 -0.0450907
0.0 4.0 0.816937 -0.0336587
0.0 4.0 0.876068 -0.0704384
0.0 4.0 0.954528 -0.502426
0.0 4.0 0.99345 -0.0011843
0.0 4.0 0.368834 -0.237466
0.0 4.0 0.359647 -0.0909157
0.0 4.0 0.728656 -0.0121137
0.0 4.0 0.714371 -0.140198
0.0 4.0 0.926764 -0.00391045
0.0 4.0 1.41051 -0.00953441
0.0 4.0 0.730881 -0.0168384
0.0 4.0 1.08401 -0.0199884
0.0 4.0 0.922155 -0.000293183
0.0 4.0 0.861899 -0.0985592
0.0 4.0 1.20016 -0.0739534
0.0 4.0 1.44918 -0.000126051
0.0 4.0 1.13875 -0.181547
0.0 5.0 0.528799 -0.638357
0.0 5.0 0.561126 -0.0622743
0.0 5.0 0.656518 -0.00845311
0.0 5.0 0.656933 -0.0188003
0.0 5.0 0.665157 -0.392459
0.0 5.0 0.726933 -0.350617
0.0 5.0 0.576063 -0.0109854
0.0 5.0 0.561043 -0.0603311
0.0 5.0 0.662979 -0.129457
0.0 5.0 0.731263 -0.638357
0.0 5.0 0.545122 -0.0205082
0.0 5.0 0.551065 -0.424952
0.0 5.0 0.661271 -0.0170075
0.0 5.0 0.56768 -0.638357
0.0 5.0 0.662821 -0.638357
0.0 5.0 0.659072 -0.122831
0.0 5.0 0.741633 -2.00948e-05
0.0 5.0 1.15997 -0.638357
0.0 5.0 0.643757 -8.88123e-08
0.0 5.0 0.72706 -0.0839381
0.0 5.0 0.518589 -0.0439253
0.0 5.0 0.564227 -0.143743
0.0 5.0 0.562213 -0.00987253
0.0 5.0 0.723506 -0.638357
0.0 5.0 0.558033 -0.602386
0.0 5.0 0.576272 -0.15329
0.0 5.0 0.559946 -0.440028
0.0 5.0 0.647679 -3.10082e-10
0.0 5.0 0.663394 -0.185709
0.0 5.0 0.637647 -0.638357
0.0 5.0 0.73092 -0.00016128
0.0 5.0 0.720494 -0.00761817
0.0 5.0 0.653939 -0.0377601
0.0 5.0 0.657114 -0.366896
0.0 5.0 0.56637 -0.0376102
0.0 5.0 0.760102 -7.66054e-15
0.0 5.0 0.66197 -0.0746221
0.0 5.0 1.13841 -0.0639737
0.0 5.0 0.564312 -0.117156
0.0 5.0 0.748003 -0.125558
0.0 5.0 0.564161 -0.0777522
0.0 5.0 0.663444 -0.356708
0.0 5.0 0.730483 -0.34067
0.0 5.0 0.734415 -0.000175074
0.0 5.0 0.564502 -0.0373814
0.0 5.0 0.553594 -0.0857466
0.0 5.0 0.550811 -1.00175e-12
0.0 5.0 0.660429 -0.556922
0.0 5.0 0.668183 -0.0253572
0.0 5.0 0.558169 -0.192976
0.0 6.0 0.75098 -0.512878
0.0 6.0 1.06698 -0.00828173
0.0 6.0 0.592605 -0.0179596
0.0 6.0 0.652871 -0.059158
0.0 6.0 0.615658 -0.415796
0.0 6.0 0.622208 -0.122376
0.0 6.0 0.611721 -0.0642253
0.0 6.0 0.798326 -0.0342184
0.0 6.0 1.11825 -4.47962e-06
0.0 6.0 0.626916 -0.638357
0.0 6.0 0.656922 -0.638357
0.0 6.0 0.625874 -0.0173859
0.0 6.0 0.784221 -0.220206
0.0 6.0 0.62409 -0.440173
0.0 6.0 0.718041 -0.464352
0.0 6.0 0.789352 -0.357837
0.0 6.0 0.843509 -0.0588989
0.0 6.0 0.871772 -0.19914
0.0 6.0 0.60788 -0.184959
0.0 6.0 0.746622 -0.0177395
0.0 6.0 0.781557 -0.0680944
0.0 6.0 0.616073 -0.638357
0.0 6.0 0.651621 -0.41508
0.0 6.0 0.693643 -0.638357
0.0 6.0 0.932852 -0.638357
0.0 6.0 0.800211 -0.227629
0.0 6.0 0.624108 -0.123317
0.0 6.0 0.787199 -0.37541
0.0 6.0 0.658447 -0.524833
0.0 6.0 0.607047 -0.638357
0.0 6.0 0.649438 -0.00237544
0.0 6.0 0.770066 -0.134011
0.0 6.0 0.779054 -0.0203968
0.0 6.0 0.717221 -2.46059e-12
0.0 6.0 0.659656 -0.0226704
0.0 6.0 0.996612 -0.223848
0.0 6.0 0.620275 -0.216047
0.0 6.0 0.608382 -0.638357
0.0 6.0 0.602034 -0.638357
0.0 6.0 0.654555 -0.0543093
0.0 6.0 0.632081 -0.0601577
0.0 6.0 0.921691 -0.00848307
0.0 6.0 0.723872 -0.00986467
0.0 6.0 0.830222 -0.106117
0.0 6.0 0.78605 -0.203432
0.0 6.0 0.624785 -0.00900428
0.0 6.0 0.62374 -0.0113893
0.0 6.0 0.753696 -0.0828914
0.0 6.0 1.12101 -0.0134123
0.0 6.0 0.60397 -0.28132
1.0 2.0 1.91322 2.71472
1.0 2.0 1.93244 2.71472
1.0 2.0 1.91784 2.71472
1.0 2.0 0.77513 2.71472
1.0 2.0 0.793993 2.71472
1.0 2.0 2.1642 2.71472
1.0 2.0 1.90987 2.71472
1.0 2.0 1.91508 2.71472
1.0 2.0 1.89975 2.71472
1.0 2.0 0.787767 2.71472
1.0 2.0 1.91934 2.71472
1.0 2.0 1.96732 2.71472
1.0 2.0 0.795504 2.71472
1.0 2.0 1.90722 2.71472
1.0 2.0 0.783378 2.71472
1.0 2.0 1.92308 2.71472
1.0 2.0 2.12144 2.71472
1.0 2.0 1.91999 2.71472
1.0 2.0 2.04137 2.71472
1.0 2.0 1.89744 2.71472
1.0 2.0 1.8822 2.71472
1.0 2.0 1.88336 2.71472
1.0 2.0 0.7794 2.71472
1.0 2.0 1.93974 2.71472
1.0 2.0 1.93011 2.71472
1.0 2.0 0.816787 2.71472
1.0 2.0 0.784474 2.71472
1.0 2.0 0.784334 2.71472
1.0 2.0 0.786307 2.71472
1.0 2.0 1.92397 2.71472
1.0 2.0 1.93251 2.71472
1.0 2.0 1.91825 2.71472
1.0 2.0 0.790361 2.71472
1.0 2.0 0.774173 2.71472
1.0 2.0 1.9028 2.71472
1.0 2.0 1.91215 2.71472
1.0 2.0 0.784621 2.71472
1.0 2.0 1.9351 2.71472
1.0 2.0 2.0015 2.71472
1.0 2.0 1.97042 2.71472
1.0 2.0 1.94583 2.71472
1.0 2.0 1.94089 2.71472
1.0 2.0 0.776868 2.71472
1.0 2.0 0.806108 2.71472
1.0 2.0 1.93164 2.71472
1.0 2.0 1.94057 2.71472
1.0 2.0 0.815563 2.71472
1.0 2.0 0.791462 2.71472
1.0 2.0 0.784022 2.71472
1.0 2.0 1.90258 2.71472
1.0 3.0 2.13122 2.71567
1.0 3.0 1.06185 2.21571
1.0 3.0 2.26173 0.787194
1.0 3.0 0.452332 2.31454
1.0 3.0 1.69135 2.71286
1.0 3.0 0.462628 2.42773
1.0 3.0 0.477049 2.51289
1.0 3.0 1.61784 2.70169
1.0 3.0 0.461568 2.31454
1.0 3.0 1.05984 1.71049
1.0 3.0 0.385288 2.71814
1.0 3.0 0.905671 2.6449
1.0 3.0 0.966945 1.75027
1.0 3.0 0.469376 -0.303772
1.0 3.0 0.470122 2.31454
1.0 3.0 0.951307 2.71049
1.0 3.0 1.61042 2.19714
1.0 3.0 0.938798 2.71802
1.0 3.0 0.45447 2.39062
1.0 3.0 1.70498 -0.625996
1.0 3.0 1.92269 2.69475
1.0 3.0 0.443724 2.28839
1.0 3.0 1.73966 2.71828
1.0 3.0 1.10687 2.712
1.0 3.0 0.472219 -0.383842
1.0 3.0 1.70976 2.46353
1.0 3.0 2.17816 2.63159
1.0 3.0 0.383228 2.69473
1.0 3.0 0.384021 2.71349
1.0 3.0 0.442548 2.5261
1.0 3.0 1.70049 1.45486
1.0 3.0 0.456038 2.31454
1.0 3.0 0.942387 -0.714827
1.0 3.0 1.64967 2.42626
1.0 3.0 0.44948 1.9386
1.0 3.0 0.478565 1.62563
1.0 3.0 0.925027 2.43146
1.0 3.0 0.477434 0.0790629
1.0 3.0 1.6416 2.64737
1.0 3.0 2.15622 2.67453
1.0 3.0 0.369267 2.71781
1.0 3.0 2.18462 0.787194
1.0 3.0 0.916178 2.66088
1.0 3.0 0.465019 2.31454
1.0 3.0 1.66913 0.0198432
1.0 3.0 0.931595 2.6998
1.0 3.0 0.444854 2.36288
1.0 3.0 0.953331 2.66541
1.0 3.0 0.460774 2.31454
1.0 3.0 0.965838 -1.13398
1.0 4.0 1.15053 2.71131
1.0 4.0 1.97398 2.0857
1.0 4.0 1.15433 -0.303619
1.0 4.0 1.33816 2.56407
1.0 4.0 0.762181 2.65398
1.0 4.0 0.756163 2.71769
1.0 4.0 0.746212 2.71587
1.0 4.0 0.981903 0.247
1.0 4.0 0.966147 2.39894
1.0 4.0 0.899386 0.127722
1.0 4.0 1.15685 -0.601179
1.0 4.0 1.44143 1.78236
1.0 4.0 1.52154 1.8606
1.0 4.0 1.05594 0.202775
1.0 4.0 1.51221 2.25151
1.0 4.0 2.15812 2.71752
1.0 4.0 1.2491 -1.05675
1.0 4.0 0.372472 2.35149
1.0 4.0 1.71867 2.57338
1.0 4.0 0.701177 2.08357
1.0 4.0 1.16117 2.68625
1.0 4.0 1.18056 2.71529
1.0 4.0 0.922611 -1.13143
1.0 4.0 0.874522 0.5782
1.0 4.0 0.371265 2.29641
1.0 4.0 0.758825 2.5921
1.0 4.0 0.893134 -0.692163
1.0 4.0 1.14988 1.9519
1.0 4.0 1.27395 2.54588
1.0 4.0 1.20513 0.442617
1.0 4.0 0.392447 -0.983927
1.0 4.0 0.390265 -0.0194439
1.0 4.0 0.812322 2.71789
1.0 4.0 1.41544 2.37237
1.0 4.0 0.919727 0.936037
1.0 4.0 0.791942 -1.57663
1.0 4.0 0.789711 2.71799
1.0 4.0 0.63525 0.618409
1.0 4.0 0.827668 -0.962262
1.0 4.0 1.03399 0.0813754
1.0 4.0 0.696603 -0.837925
1.0 4.0 1.47291 -0.127405
1.0 4.0 0.95772 2.64878
1.0 4.0 0.921848 -0.109048
1.0 4.0 0.95304 1.70333
1.0 4.0 1.204 2.63758
1.0 4.0 0.897265 2.59183
1.0 4.0 0.993768 2.65894
1.0 4.0 0.901981 -0.0627852
1.0 4.0 1.17904 0.252332
1.0 5.0 0.561638 2.70735
1.0 5.0 0.719744 -0.3867
1.0 5.0 0.716417 1.60028
1.0 5.0 0.683795 1.60429
1.0 5.0 0.747934 0.611687
1.0 5.0 0.669638 0.202775
1.0 5.0 0.731529 2.66435
1.0 5.0 0.674015 -0.432403
1.0 5.0 0.66488 2.66562
1.0 5.0 0.729138 2.71542
1.0 5.0 0.744182 0.467118
1.0 5.0 0.702332 0.222146
1.0 5.0 0.666004 2.36118
1.0 5.0 0.719758 2.65088
1.0 5.0 0.721113 1.60105
1.0 5.0 0.759925 2.71814
1.0 5.0 1.38303 -0.183479
1.0 5.0 0.741843 -0.451333
1.0 5.0 0.557663 -0.665188
1.0 5.0 0.561702 -2.80871
1.0 5.0 0.555088 0.84491
1.0 5.0 0.548158 0.418598
1.0 5.0 0.718553 2.45521
1.0 5.0 0.746593 2.71636
1.0 5.0 0.719804 2.6708
1.0 5.0 0.676778 1.56134
1.0 5.0 0.676429 -0.616778
1.0 5.0 0.653779 2.70597
1.0 5.0 0.664499 2.71806
1.0 5.0 0.562665 -0.0479522
1.0 5.0 0.67496 -0.636753
1.0 5.0 0.731469 2.70243
1.0 5.0 1.85712 2.2133
1.0 5.0 0.734913 2.69949
1.0 5.0 0.55631 0.124218
1.0 5.0 0.7835 0.89694
1.0 5.0 0.66621 0.136447
1.0 5.0 0.671954 0.947826
1.0 5.0 0.722506 -0.352049
1.0 5.0 0.548089 -1.46768
1.0 5.0 0.614249 2.64635
1.0 5.0 0.671358 -2.80871
1.0 5.0 0.724825 1.79849
1.0 5.0 0.669364 0.156102
1.0 5.0 0.732867 2.71521
1.0 5.0 0.587805 -2.25523
1.0 5.0 0.599864 2.70526
1.0 5.0 1.36427 2.35446
1.0 5.0 0.581588 0.479885
1.0 5.0 0.567993 2.71754
1.0 6.0 0.730987 2.71765
1.0 6.0 0.614135 1.11646
1.0 6.0 0.614135 1.11646
1.0 6.0 0.614135 1.11646
1.0 6.0 0.614135 1.11646
1.0 6.0 0.614135 1.11646
1.0 6.0 0.614135 1.11646
1.0 6.0 0.614135 1.11646
1.0 6.0 0.614135 1.11646
1.0 6.0 0.614135 1.11646
1.0 6.0 0.614135 1.11646
1.0 6.0 0.614135 1.11646
1.0 6.0 0.614135 1.11646
1.0 6.0 0.614135 1.11646
1.0 6.0 0.614135 1.11646
1.0 6.0 0.614135 1.11646
1.0 6.0 0.614135 1.11646
1.0 6.0 0.614135 1.11646
1.0 6.0 0.614135 1.11646
1.0 6.0 0.614135 1.11646
1.0 6.0 0.614135 1.11646
1.0 6.0 0.614135 1.11646
1.0 6.0 0.614135 1.11646
1.0 6.0 0.614135 1.11646
1.0 6.0 0.614135 1.11646
1.0 6.0 0.614135 1.11646
1.0 6.0 0.614135 1.11646
1.0 6.0 0.614135 1.11646
1.0 6.0 0.614135 1.11646
1.0 6.0 0.614135 1.11646
1.0 6.0 0.614135 1.11646
1.0 6.0 0.614135 1.11646
1.0 6.0 0.614135 1.11646
1.0 6.0 0.614135 1.11646
1.0 6.0 0.614135 1.11646
1.0 6.0 0.614135 1.11646
1.0 6.0 0.614135 1.11646
1.0 6.0 0.614135 1.11646
1.0 6.0 0.614135 1.11646
1.0 6.0 0.614135 1.11646
1.0 6.0 0.614135 1.11646
1.0 6.0 0.614135 1.11646
1.0 6.0 0.614135 1.11646
1.0 6.0 0.614135 1.11646
1.0 6.0 0.614135 1.11646
1.0 6.0 0.614135 1.11646
1.0 6.0 0.614135 1.11646
1.0 6.0 0.614135 1.11646
1.0 6.0 0.614135 1.11646
1.0 6.0 0.614135 1.11646
2.0 2.0 1.92232 -2.31892e-09
2.0 2.0 1.92969 -2.31892e-09
2.0 2.0 1.88483 -2.31892e-09
2.0 2.0 0.784495 -2.31892e-09
2.0 2.0 0.791954 -2.31892e-09
2.0 2.0 0.779552 -2.31892e-09
2.0 2.0 1.88979 -2.31892e-09
2.0 2.0 1.96238 -2.31892e-09
2.0 2.0 1.87581 -2.31892e-09
2.0 2.0 1.94546 -2.31892e-09
2.0 2.0 0.843342 -2.31892e-09
2.0 2.0 1.92994 -2.31892e-09
2.0 2.0 1.8857 -2.31892e-09
2.0 2.0 1.91273 -2.31892e-09
2.0 2.0 1.96023 -2.31892e-09
2.0 2.0 1.84281 -2.31892e-09
2.0 2.0 0.780797 -2.31892e-09
2.0 2.0 0.786537 -2.31892e-09
2.0 2.0 1.89013 -2.31892e-09
2.0 2.0 0.810083 -2.31892e-09
2.0 2.0 1.89084 -2.31892e-09
2.0 2.0 1.8708 -2.31892e-09
2.0 2.0 2.07305 -2.31892e-09
2.0 2.0 0.784422 -2.31892e-09
2.0 2.0 1.91762 -2.31892e-09
2.0 2.0 1.91807 -2.31892e-09
2.0 2.0 1.94237 -2.31892e-09
2.0 2.0 0.778558 -2.31892e-09
2.0 2.0 0.816366 -2.31892e-09
2.0 2.0 1.94899 -2.31892e-09
2.0 2.0 1.90649 -2.31892e-09
2.0 2.0 0.791893 -2.31892e-09
2.0 2.0 1.89448 -2.31892e-09
2.0 2.0 0.782423 -2.31892e-09
2.0 2.0 1.89446 -2.31892e-09
2.0 2.0 1.88962 -2.31892e-09
2.0 2.0 1.88848 -2.31892e-09
2.0 2.0 1.93416 -2.31892e-09
2.0 2.0 1.90673 -2.31892e-09
2.0 2.0 1.93579 -2.31892e-09
2.0 2.0 1.8782 -2.31892e-09
2.0 2.0 0.791118 -2.31892e-09
2.0 2.0 0.78109 -2.31892e-09
2.0 2.0 2.11928 -2.31892e-09
2.0 2.0 1.91697 -2.31892e-09
2.0 2.0 1.87311 -2.31892e-09
2.0 2.0 1.95588 -2.31892e-09
2.0 2.0 1.89864 -2.31892e-09
2.0 2.0 1.86788 -2.31892e-09
2.0 2.0 1.92901 -2.31892e-09
2.0 3.0 0.426524 -3.73203e-06
2.0 3.0 1.16193 -5.82831e-08
2.0 3.0 1.5592 -1.26453e-05
2.0 3.0 0.425265 -2.14833e-08
2.0 3.0 2.21159 -1.18485e-07
2.0 3.0 1.14924 -6.36958e-07
2.0 3.0 0.416829 -1.58879e-06
2.0 3.0 0.923043 -8.41335e-09
2.0 3.0 2.10764 -7.17873e-07
2.0 3.0 0.430917 -1.71785e-07
2.0 3.0 0.959906 -2.12079e-11
2.0 3.0 1.56144 -9.49367e-14
2.0 3.0 0.41318 -3.83898e-14
2.0 3.0 0.386464 -4.24992e-07
2.0 3.0 0.417128 -9.67273e-06
2.0 3.0 0.436653 -7.37825e-06
2.0 3.0 0.408079 -5.33331e-07
2.0 3.0 0.393855 -4.70472e-06
2.0 3.0 0.419542 -4.77946e-09
2.0 3.0 2.2098 -1.2745e-07
2.0 3.0 1.62602 -1.0711e-10
2.0 3.0 1.71777 -3.89744e-06
2.0 3.0 1.11331 -5.31227e-09
2.0 3.0 1.64534 -2.11041e-08
2.0 3.0 1.05574 -2.61407e-11
2.0 3.0 1.67585 -1.22155e-06
2.0 3.0 0.42386 -2.23497e-07
2.0 3.0 0.387265 -1.05509e-06
2.0 3.0 0.914288 -1.11845e-15
2.0 3.0 0.458364 -9.94154e-07
2.0 3.0 1.14815 -6.2377e-08
2.0 3.0 2.22571 -3.01453e-06
2.0 3.0 0.914879 -4.00987e-06
2.0 3.0 0.927837 -7.63131e-06
2.0 3.0 0.415109 -1.39204e-09
2.0 3.0 0.974174 -1.44338e-06
2.0 3.0 0.406033 -3.07259e-08
2.0 3.0 1.6505 -2.84099e-06
2.0 3.0 0.922026 -1.46976e-06
2.0 3.0 0.417142 -1.04944e-06
2.0 3.0 1.18248 -5.75904e-15
2.0 3.0 2.05362 -1.03987e-07
2.0 3.0 0.922113 -4.48592e-07
2.0 3.0 1.8512 -4.77319e-07
2.0 3.0 1.77105 -6.38132e-07
2.0 3.0 1.78622 -1.88911e-07
2.0 3.0 0.421075 -3.53058e-07
2.0 3.0 0.415337 -3.5963e-08
2.0 3.0 0.403037 -1.45323e-08
2.0 3.0 1.85329 -2.20273e-07
2.0 4.0 1.11249 -1.72423e-05
2.0 4.0 1.18498 -3.76253e-07
2.0 4.0 0.989302 -6.23937e-06
2.0 4.0 0.366074 -1.15653e-06
2.0 4.0 0.895427 -1.82276e-06
2.0 4.0 1.48179 -6.01231e-06
2.0 4.0 1.31867 -1.07894e-06
2.0 4.0 1.20315 -2.18588e-06
2.0 4.0 1.98314 -2.48528e-07
2.0 4.0 0.744238 -2.42317e-10
2.0 4.0 0.699216 -1.08808e-07
2.0 4.0 0.79771 -1.28679e-07
2.0 4.0 0.723139 -2.92668e-05
2.0 4.0 0.638462 -9.42542e-08
2.0 4.0 1.59489 -1.40603e-08
2.0 4.0 0.631498 -3.49154e-07
2.0 4.0 1.02481 -1.89902e-10
2.0 4.0 0.356322 -1.54939e-12
2.0 4.0 1.32494 -2.30883e-07
2.0 4.0 1.46333 -7.49383e-21
2.0 4.0 0.760024 -1.45735e-08
2.0 4.0 1.00198 -5.15889e-06
2.0 4.0 0.72517 -4.08163e-12
2.0 4.0 1.01053 -1.94075e-06
2.0 4.0 0.720196 -3.06302e-14
2.0 4.0 0.972911 -3.10902e-06
2.0 4.0 0.676372 -1.44735e-06
2.0 4.0 0.743421 -1.18462e-05
2.0 4.0 1.00554 -3.32334e-07
2.0 4.0 0.947087 -1.12737e-10
2.0 4.0 0.788145 -1.18634e-07
2.0 4.0 0.758036 -1.41782e-08
2.0 4.0 0.879577 -7.35613e-07
2.0 4.0 0.365108 -5.33923e-15
2.0 4.0 0.988552 -6.22065e-07
2.0 4.0 0.792357 -5.71871e-14
2.0 4.0 1.05732 -8.47387e-12
2.0 4.0 0.376348 -1.3763e-06
2.0 4.0 1.53176 -6.18187e-06
2.0 4.0 0.72472 -7.18407e-08
2.0 4.0 0.776698 -5.28962e-10
2.0 4.0 0.366369 -1.4924e-06
2.0 4.0 1.89547 -4.15483e-07
2.0 4.0 1.35137 -4.57428e-06
2.0 4.0 1.06712 -2.68564e-06
2.0 4.0 1.42856 -5.01168e-05
2.0 4.0 0.37092 -3.6587e-07
2.0 4.0 1.24146 -1.5427e-09
2.0 4.0 0.713556 -2.11779e-07
2.0 4.0 0.759254 -2.75341e-08
2.0 5.0 0.583581 -2.93362e-07
2.0 5.0 0.611838 -1.57514e-07
2.0 5.0 0.529736 -7.77357e-10
2.0 5.0 0.560002 -2.97964e-09
2.0 5.0 0.604016 -1.068e-05
2.0 5.0 0.549843 -6.35826e-09
2.0 5.0 0.577506 -6.92018e-08
2.0 5.0 0.572339 -1.81914e-07
2.0 5.0 0.659449 -3.20476e-06
2.0 5.0 0.725969 -6.54994e-12
2.0 5.0 0.752697 -1.35441e-07
2.0 5.0 0.591399 -6.44079e-06
2.0 5.0 0.659922 -1.61673e-06
2.0 5.0 0.598877 -1.68336e-07
2.0 5.0 0.699854 -5.80313e-15
2.0 5.0 0.563471 -5.9057e-06
2.0 5.0 0.662127 -6.77418e-10
2.0 5.0 0.557529 -1.77047e-11
2.0 5.0 0.561232 -2.38192e-07
2.0 5.0 0.554757 -4.35214e-07
2.0 5.0 0.562901 -6.1049e-11
2.0 5.0 0.561467 -3.65609e-06
2.0 5.0 0.720284 -1.113e-06
2.0 5.0 0.566076 -1.06186e-10
2.0 5.0 0.729345 -5.07939e-07
2.0 5.0 0.797135 -9.68709e-07
2.0 5.0 0.730913 -5.07306e-11
2.0 5.0 0.568149 -1.75968e-07
2.0 5.0 0.58121 -5.79237e-07
2.0 5.0 1.35932 -2.78122e-06
2.0 5.0 0.662638 -2.98342e-06
2.0 5.0 0.664028 -3.28953e-08
2.0 5.0 0.57699 -7.30152e-12
2.0 5.0 0.727781 -1.60169e-15
2.0 5.0 2.20981 -4.59061e-07
2.0 5.0 0.726292 -1.22859e-10
2.0 5.0 0.660863 -1.35297e-08
2.0 5.0 0.666199 -2.11445e-07
2.0 5.0 0.681146 -4.63214e-15
2.0 5.0 0.735732 -6.02316e-12
2.0 5.0 0.726209 -5.91336e-08
2.0 5.0 0.728059 -3.29293e-08
2.0 5.0 0.566085 -2.21415e-06
2.0 5.0 0.65991 -2.74025e-07
2.0 5.0 0.65716 -1.73894e-06
2.0 5.0 0.735126 -4.71895e-08
2.0 5.0 0.674171 -2.41013e-05
2.0 5.0 0.658981 -7.36771e-16
2.0 5.0 0.658981 -7.36771e-16
2.0 5.0 0.658981 -7.36771e-16
2.0 5.0 0.658981 -7.36771e-16
2.0 5.0 0.658981 -7.36771e-16
2.0 5.0 0.658981 -7.36771e-16
2.0 5.0 0.658981 -7.36771e-16
2.0 5.0 0.658981 -7.36771e-16
2.0 5.0 0.658981 -7.36771e-16
2.0 5.0 0.658981 -7.36771e-16
2.0 5.0 0.658981 -7.36771e-16
2.0 5.0 0.658981 -7.36771e-16
2.0 5.0 0.658981 -7.36771e-16
2.0 5.0 0.658981 -7.36771e-16
2.0 5.0 0.658981 -7.36771e-16
2.0 5.0 0.658981 -7.36771e-16
2.0 5.0 0.658981 -7.36771e-16
2.0 5.0 0.658981 -7.36771e-16
2.0 5.0 0.658981 -7.36771e-16
2.0 5.0 0.658981 -7.36771e-16
2.0 5.0 0.658981 -7.36771e-16
2.0 5.0 0.658981 -7.36771e-16
2.0 5.0 0.658981 -7.36771e-16
2.0 5.0 0.658981 -7.36771e-16
2.0 5.0 0.658981 -7.36771e-16
2.0 5.0 0.658981 -7.36771e-16
2.0 5.0 0.658981 -7.36771e-16
2.0 5.0 0.658981 -7.36771e-16
2.0 5.0 0.658981 -7.36771e-16
2.0 5.0 0.658981 -7.36771e-16
2.0 5.0 0.658981 -7.36771e-16
2.0 5.0 0.658981 -7.36771e-16
2.0 5.0 0.658981 -7.36771e-16
2.0 5.0 0.658981 -7.36771e-16
2.0 5.0 0.658981 -7.36771e-16
2.0 5.0 0.658981 -7.36771e-16
2.0 5.0 0.658981 -7.36771e-16
2.0 5.0 0.658981 -7.36771e-16
2.0 5.0 0.658981 -7.36771e-16
2.0 5.0 0.658981 -7.36771e-16
2.0 5.0 0.658981 -7.36771e-16
2.0 5.0 0.658981 -7.36771e-16
2.0 5.0 0.658981 -7.36771e-16
2.0 5.0 0.658981 -7.36771e-16
2.0 5.0 0.658981 -7.36771e-16
2.0 5.0 0.658981 -7.36771e-16
2.0 5.0 0.658981 -7.36771e-16
2.0 5.0 0.658981 -7.36771e-16
2.0 5.0 0.658981 -7.36771e-16
2.0 5.0 0.658981 -7.36771e-16
2.0 5.0 0.658981 -7.36771e-16
2.0 5.0 0.658981 -7.36771e-16
2.0 5.0 0.658981 -7.36771e-16
3.0 2.0 1.85627 9.00504
3.0 2.0 1.85186 9.00504
3.0 2.0 0.751829 9.00504
3.0 2.0 1.88074 9.00504
3.0 2.0 0.768931 9.00504
3.0 2.0 1.94983 9.00504
3.0 2.0 0.76531 9.00504
3.0 2.0 1.90784 9.00504
3.0 2.0 1.99887 9.00504
3.0 2.0 1.88233 9.00504
3.0 2.0 0.76041 9.00504
3.0 2.0 2.79717 9.00504
3.0 2.0 2.80561 9.00504
3.0 2.0 0.735432 9.00504
3.0 2.0 0.702063 9.00504
3.0 2.0 2.83787 9.00504
3.0 2.0 0.746951 9.00504
3.0 2.0 0.705458 9.00504
3.0 2.0 0.695804 9.00504
3.0 2.0 2.82943 9.00504
3.0 2.0 2.94524 9.00504
3.0 2.0 3.01589 9.00504
3.0 2.0 0.702441 9.00504
3.0 2.0 0.69476 9.00504
3.0 2.0 0.733038 9.00504
3.0 2.0 0.792422 9.00504
3.0 2.0 0.707669 9.00504
3.0 2.0 1.96014 9.00504
3.0 2.0 2.82367 9.00504
3.0 2.0 0.722723 9.00504
3.0 2.0 2.97252 9.00504
3.0 2.0 0.701066 9.00504
3.0 2.0 2.03542 9.00504
3.0 2.0 0.736391 9.00504
3.0 2.0 2.03475 9.00504
3.0 2.0 2.81487 9.00504
3.0 2.0 3.12263 9.00504
3.0 2.0 1.95696 9.00504
3.0 2.0 0.594428 9.00504
3.0 2.0 1.86133 9.00504
3.0 2.0 0.589463 9.00504
3.0 2.0 1.95068 9.00504
3.0 2.0 1.80524 9.00504
3.0 2.0 0.59456 9.00504
3.0 2.0 0.69358 9.00504
3.0 2.0 0.589008 9.00504
3.0 2.0 1.9321 9.00504
3.0 2.0 0.707938 9.00504
3.0 2.0 0.594142 9.00504
3.0 2.0 0.760666 9.00504
3.0 3.0 1.15907 9.83272
3.0 3.0 0.411299 9.79421
3.0 3.0 0.388032 8.99798
3.0 3.0 1.62555 9.79421
3.0 3.0 0.926128 9.86601
3.0 3.0 0.91394 9.9979
3.0 3.0 1.18581 9.99587
3.0 3.0 0.368164 9.99981
3.0 3.0 0.907693 9.9932
3.0 3.0 2.16624 9.39577
3.0 3.0 1.60382 9.97637
3.0 3.0 0.371837 10.0
3.0 3.0 0.911097 9.61329
3.0 3.0 1.83386 9.86783
3.0 3.0 0.364381 10.0
3.0 3.0 0.938979 9.87017
3.0 3.0 0.944166 9.81397
3.0 3.0 0.378826 8.97957
3.0 3.0 0.904179 9.24701
3.0 3.0 0.375894 9.99999
3.0 3.0 0.365963 9.99915
3.0 3.0 1.55473 9.42547
3.0 3.0 0.372825 10.0
3.0 3.0 0.37141 9.9978
3.0 3.0 0.92891 9.99727
3.0 3.0 1.6519 9.79421
3.0 3.0 0.364974 9.99602
3.0 3.0 1.69048 10.0
3.0 3.0 0.91888 9.99727
3.0 3.0 0.363958 9.9956
3.0 3.0 1.60166 9.79421
3.0 3.0 0.368995 9.9986
3.0 3.0 0.372215 9.99602
3.0 3.0 0.957227 10.0
3.0 3.0 1.59153 9.94246
3.0 3.0 0.36958 9.99998
3.0 3.0 1.14767 9.99962
3.0 3.0 1.63499 8.95785
3.0 3.0 0.901462 9.94603
3.0 3.0 0.99301 9.79421
3.0 3.0 0.39346 9.98787
3.0 3.0 0.36301 10.0
3.0 3.0 0.379146 9.99999
3.0 3.0 1.70207 9.79421
3.0 3.0 0.908909 9.99826
3.0 3.0 0.368828 9.99999
3.0 3.0 1.61241 9.79421
3.0 3.0 0.39484 9.79421
3.0 3.0 1.70416 9.79421
3.0 3.0 0.383954 8.99965
3.0 4.0 0.361036 9.83575
3.0 4.0 1.44796 8.97359
3.0 4.0 0.762411 8.63897
3.0 4.0 1.11287 9.00448
3.0 4.0 1.02864 9.99839
3.0 4.0 0.781658 9.92638
3.0 4.0 0.810748 9.99991
3.0 4.0 0.364985 8.90234
3.0 4.0 0.972929 9.98349
3.0 4.0 0.362067 9.99898
3.0 4.0 0.68245 10.0
3.0 4.0 0.762183 8.4844
3.0 4.0 0.798934 9.99999
3.0 4.0 0.924166 10.0
3.0 4.0 1.34861 9.00503
3.0 4.0 1.30441 10.0
3.0 4.0 0.994056 9.99554
3.0 4.0 1.07323 9.99998
3.0 4.0 1.01836 8.8518
3.0 4.0 0.366757 8.41159
3.0 4.0 0.362073 10.0
3.0 4.0 0.85075 8.99986
3.0 4.0 0.736047 10.0
3.0 4.0 0.892957 10.0
3.0 4.0 1.08371 9.98999
3.0 4.0 0.753124 9.97342
3.0 4.0 1.11486 9.90147
3.0 4.0 1.46355 8.98371
3.0 4.0 1.48888 9.99875
3.0 4.0 1.04136 9.99752
3.0 4.0 0.745121 9.99999
3.0 4.0 0.944189 10.0
3.0 4.0 0.95041 9.97713
3.0 4.0 1.41051 8.96514
3.0 4.0 1.10991 10.0
3.0 4.0 0.733426 9.97196
3.0 4.0 1.32218 8.79632
3.0 4.0 1.31051 8.99006
3.0 4.0 1.66213 10.0
3.0 4.0 0.962568 9.99944
3.0 4.0 0.663796 9.59745
3.0 4.0 0.869147 9.67323
3.0 4.0 1.75271 8.99006
3.0 4.0 0.996459 9.95115
3.0 4.0 1.24808 9.32988
3.0 4.0 0.659269 9.88504
3.0 4.0 0.915755 9.05385
3.0 4.0 0.37648 8.00714
3.0 4.0 1.44766 9.99979
3.0 4.0 0.871189 9.99979
3.0 5.0 0.568065 9.87244
3.0 5.0 0.656009 8.9994
3.0 5.0 0.657648 9.13131
3.0 5.0 0.653588 9.99876
3.0 5.0 0.783185 8.67578
3.0 5.0 0.726333 8.92805
3.0 5.0 0.55972 9.00503
3.0 5.0 0.494388 9.79746
3.0 5.0 0.543188 9.99547
3.0 5.0 0.660572 9.99909
3.0 5.0 0.5714 10.0
3.0 5.0 0.728974 9.40084
3.0 5.0 0.648483 10.0
3.0 5.0 0.555274 10.0
3.0 5.0 0.660656 9.74547
3.0 5.0 0.601197 9.97262
3.0 5.0 0.733528 9.8033
3.0 5.0 1.16252 9.15053
3.0 5.0 0.654399 9.99972
3.0 5.0 0.7613 9.99567
3.0 5.0 0.736755 9.00499
3.0 5.0 0.645404 10.0
3.0 5.0 0.713291 8.00714
3.0 5.0 0.720267 8.77208
3.0 5.0 0.734096 9.99992
3.0 5.0 0.725265 9.32134
3.0 5.0 0.66264 9.88998
3.0 5.0 0.583964 9.9955
3.0 5.0 0.659063 9.05668
3.0 5.0 0.573518 9.99982
3.0 5.0 0.585989 8.00714
3.0 5.0 0.556473 9.94279
3.0 5.0 0.56329 9.99523
3.0 5.0 0.718684 9.58103
3.0 5.0 0.523841 9.99991
3.0 5.0 0.674349 9.99649
3.0 5.0 0.723685 9.88504
3.0 5.0 0.661288 9.99994
3.0 5.0 0.755459 8.27063
3.0 5.0 0.575643 9.28895
3.0 5.0 0.770878 9.99978
3.0 5.0 0.899577 9.89347
3.0 5.0 0.674949 9.94667
3.0 5.0 0.6472 10.0
3.0 5.0 0.749068 9.99999
3.0 5.0 0.567533 9.88925
3.0 5.0 0.738689 9.23986
3.0 5.0 0.726353 9.02736
3.0 5.0 0.738538 9.99917
3.0 5.0 0.66491 9.99824
3.0 5.0 0.66491 9.99824
3.0 5.0 0.66491 9.99824
3.0 5.0 0.66491 9.99824
3.0 5.0 0.66491 9.99824
3.0 5.0 0.66491 9.99824
3.0 5.0 0.66491 9.99824
3.0 5.0 0.66491 9.99824
3.0 5.0 0.66491 9.99824
3.0 5.0 0.66491 9.99824
3.0 5.0 0.66491 9.99824
3.0 5.0 0.66491 9.99824
3.0 5.0 0.66491 9.99824
3.0 5.0 0.66491 9.99824
3.0 5.0 0.66491 9.99824
3.0 5.0 0.66491 9.99824
3.0 5.0 0.66491 9.99824
3.0 5.0 0.66491 9.99824
3.0 5.0 0.66491 9.99824
3.0 5.0 0.66491 9.99824
3.0 5.0 0.66491 9.99824
3.0 5.0 0.66491 9.99824
3.0 5.0 0.66491 9.99824
3.0 5.0 0.66491 9.99824
3.0 5.0 0.66491 9.99824
3.0 5.0 0.66491 9.99824
3.0 5.0 0.66491 9.99824
3.0 5.0 0.66491 9.99824
3.0 5.0 0.66491 9.99824
3.0 5.0 0.66491 9.99824
3.0 5.0 0.66491 9.99824
3.0 5.0 0.66491 9.99824
3.0 5.0 0.66491 9.99824
3.0 5.0 0.66491 9.99824
3.0 5.0 0.66491 9.99824
3.0 5.0 0.66491 9.99824
3.0 5.0 0.66491 9.99824
3.0 5.0 0.66491 9.99824
3.0 5.0 0.66491 9.99824
3.0 5.0 0.66491 9.99824
3.0 5.0 0.66491 9.99824
3.0 5.0 0.66491 9.99824
3.0 5.0 0.66491 9.99824
3.0 5.0 0.66491 9.99824
3.0 5.0 0.66491 9.99824
3.0 5.0 0.66491 9.99824
3.0 5.0 0.66491 9.99824
3.0 5.0 0.66491 9.99824
3.0 5.0 0.66491 9.99824
3.0 5.0 0.66491 9.99824
3.0 5.0 0.66491 9.99824
4.0 2.0 0.764505 99.4571
4.0 2.0 0.775969 99.4571
4.0 2.0 0.795361 99.4571
4.0 2.0 2.0991 99.4571
4.0 2.0 0.819995 99.4571
4.0 2.0 3.098 99.4571
4.0 2.0 0.766149 99.4571
4.0 2.0 0.803292 99.4571
4.0 2.0 2.05905 99.4571
4.0 2.0 0.727595 99.4571
4.0 2.0 2.05142 99.4571
4.0 2.0 0.62566 99.4571
4.0 2.0 0.628598 99.4571
4.0 2.0 3.07197 99.4571
4.0 2.0 2.86038 99.4571
4.0 2.0 0.761477 99.4571
4.0 2.0 2.99457 99.4571
4.0 2.0 1.93293 99.4571
4.0 2.0 0.785185 99.4571
4.0 2.0 0.81157 99.4571
4.0 2.0 0.766177 99.4571
4.0 2.0 3.12401 99.4571
4.0 2.0 0.761036 99.4571
4.0 2.0 2.12992 99.4571
4.0 2.0 0.785576 99.4571
4.0 2.0 0.62109 99.4571
4.0 2.0 0.769032 99.4571
4.0 2.0 0.825713 99.4571
4.0 2.0 2.81725 99.4571
4.0 2.0 0.789154 99.4571
4.0 2.0 2.17145 99.4571
4.0 2.0 0.766682 99.4571
4.0 2.0 1.84023 99.4571
4.0 2.0 3.01562 99.4571
4.0 2.0 0.781754 99.4571
4.0 2.0 0.806456 99.4571
4.0 2.0 0.812509 99.4571
4.0 2.0 0.777446 99.4571
4.0 2.0 2.94418 99.4571
4.0 2.0 2.10083 99.4571
4.0 2.0 0.772195 99.4571
4.0 2.0 2.99588 99.4571
4.0 2.0 2.13177 99.4571
4.0 2.0 2.01038 99.4571
4.0 2.0 2.96623 99.4571
4.0 2.0 0.720884 99.4571
4.0 2.0 0.792429 99.4571
4.0 2.0 2.98943 99.4571
4.0 2.0 3.03672 99.4571
4.0 2.0 2.90904 99.4571
4.0 3.0 0.928548 99.7941
4.0 3.0 0.518918 99.9639
4.0 3.0 1.11003 99.9212
4.0 3.0 0.401655 97.6327
4.0 3.0 1.79749 99.8286
4.0 3.0 0.494741 99.8286
4.0 3.0 0.417138 99.4664
4.0 3.0 2.00512 99.6539
4.0 3.0 0.426252 99.781
4.0 3.0 1.71327 99.8226
4.0 3.0 1.72708 99.5885
4.0 3.0 0.430853 99.9867
4.0 3.0 0.39285 99.3281
4.0 3.0 0.430861 99.9762
4.0 3.0 0.412896 99.819
4.0 3.0 2.252 99.3371
4.0 3.0 1.62129 99.8134
4.0 3.0 0.915016 99.1847
4.0 3.0 1.69442 99.8452
4.0 3.0 0.97138 99.8021
4.0 3.0 1.62836 99.807
4.0 3.0 0.942697 99.7575
4.0 3.0 0.441466 99.9612
4.0 3.0 0.438993 99.9752
4.0 3.0 1.63829 99.6635
4.0 3.0 0.433593 99.9076
4.0 3.0 1.70041 99.8145
4.0 3.0 2.18813 99.9613
4.0 3.0 2.25769 99.8939
4.0 3.0 0.964439 99.9517
4.0 3.0 0.411824 98.7993
4.0 3.0 0.930423 99.69
4.0 3.0 0.428825 99.9809
4.0 3.0 0.435912 99.853
4.0 3.0 0.424189 99.886
4.0 3.0 1.64656 99.6746
4.0 3.0 0.953069 99.8089
4.0 3.0 0.399233 99.8022
4.0 3.0 2.1399 99.7083
4.0 3.0 0.918294 98.542
4.0 3.0 2.02977 99.3237
4.0 3.0 1.67969 99.6291
4.0 3.0 0.42672 99.8296
4.0 3.0 0.997904 99.8248
4.0 3.0 1.66563 99.8066
4.0 3.0 0.432309 99.3773
4.0 3.0 1.63745 99.9034
4.0 3.0 0.943736 99.7054
4.0 3.0 0.451365 99.7943
4.0 3.0 1.04506 99.8094
4.0 4.0 0.925343 99.8429
4.0 4.0 1.40947 99.0087
4.0 4.0 0.784823 99.7722
4.0 4.0 1.15321 99.933
4.0 4.0 0.854813 99.1146
4.0 4.0 0.748074 99.6026
4.0 4.0 0.895142 99.4991
4.0 4.0 1.17667 99.7127
4.0 4.0 0.999072 99.9752
4.0 4.0 1.35556 99.2135
4.0 4.0 0.803476 99.9062
4.0 4.0 1.12498 98.328
4.0 4.0 0.67372 99.8948
4.0 4.0 1.00941 99.4247
4.0 4.0 0.882057 99.6664
4.0 4.0 1.38084 97.9673
4.0 4.0 0.7366 99.7927
4.0 4.0 0.925086 99.844
4.0 4.0 1.14973 99.8628
4.0 4.0 0.960185 97.2641
4.0 4.0 0.380068 99.3624
4.0 4.0 0.689283 99.0251
4.0 4.0 1.28704 99.9169
4.0 4.0 0.761117 99.738
4.0 4.0 1.25621 99.9931
4.0 4.0 1.29488 99.9177
4.0 4.0 0.401783 99.9683
4.0 4.0 1.20087 99.8406
4.0 4.0 1.85467 99.9633
4.0 4.0 1.00244 99.8997
4.0 4.0 1.39333 99.1239
4.0 4.0 1.27672 99.7697
4.0 4.0 0.772164 99.643
4.0 4.0 0.878878 99.7584
4.0 4.0 0.826972 99.9937
4.0 4.0 1.05672 99.5489
4.0 4.0 0.955652 99.7271
4.0 4.0 0.728737 98.7057
4.0 4.0 1.05205 99.8473
4.0 4.0 0.750117 99.8415
4.0 4.0 1.20227 99.9515
4.0 4.0 1.88418 98.9756
4.0 4.0 0.755425 99.3281
4.0 4.0 1.01271 98.3675
4.0 4.0 1.17238 99.7938
4.0 4.0 1.44794 98.3824
4.0 4.0 0.998303 99.9575
4.0 4.0 0.635607 98.9928
4.0 4.0 1.59599 99.6522
4.0 4.0 1.56036 99.5131
4.0 5.0 0.568465 98.1038
4.0 5.0 0.686452 99.7457
4.0 5.0 0.596032 99.8629
4.0 5.0 0.728499 99.502
4.0 5.0 0.655958 99.9515
4.0 5.0 0.640259 99.7403
4.0 5.0 0.665144 98.0369
4.0 5.0 0.573966 98.9104
4.0 5.0 0.568189 99.3628
4.0 5.0 0.567866 99.5514
4.0 5.0 0.66164 99.5122
4.0 5.0 2.25127 99.6513
4.0 5.0 0.563739 99.3073
4.0 5.0 0.549986 99.3048
4.0 5.0 0.582606 99.3189
4.0 5.0 0.549591 99.347
4.0 5.0 0.67584 99.9876
4.0 5.0 0.718336 99.7987
4.0 5.0 0.677534 99.7421
4.0 5.0 1.87961 99.9156
4.0 5.0 0.749054 99.9546
4.0 5.0 0.679194 99.5962
4.0 5.0 0.612494 99.91
4.0 5.0 0.703347 98.0952
4.0 5.0 0.55575 99.6719
4.0 5.0 0.58369 99.739
4.0 5.0 0.582823 99.5278
4.0 5.0 1.19543 99.919
4.0 5.0 2.27752 96.4349
4.0 5.0 0.68364 99.7356
4.0 5.0 0.815258 99.9208
4.0 5.0 0.72507 99.1623
4.0 5.0 0.669676 98.6481
4.0 5.0 0.70351 99.2318
4.0 5.0 0.74709 99.5233
4.0 5.0 1.06054 99.9446
4.0 5.0 0.554061 99.2965
4.0 5.0 0.823122 99.9164
4.0 5.0 0.57319 99.7086
4.0 5.0 0.756423 99.647
4.0 5.0 0.67692 99.9459
4.0 5.0 0.612875 99.728
4.0 5.0 0.580902 99.7009
4.0 5.0 0.779697 99.7412
4.0 5.0 0.795901 99.8989
4.0 5.0 0.760899 99.8613
4.0 5.0 0.549759 99.92
4.0 5.0 0.739257 99.2129
4.0 5.0 0.696792 99.9008
4.0 5.0 1.10302 99.8282
4.0 5.0 1.10302 99.8282
4.0 5.0 1.10302 99.8282
4.0 5.0 1.10302 99.8282
4.0 5.0 1.10302 99.8282
4.0 5.0 1.10302 99.8282
4.0 5.0 1.10302 99.8282
4.0 5.0 1.10302 99.8282
4.0 5.0 1.10302 99.8282
4.0 5.0 1.10302 99.8282
4.0 5.0 1.10302 99.8282
4.0 5.0 1.10302 99.8282
4.0 5.0 1.10302 99.8282
4.0 5.0 1.10302 99.8282
4.0 5.0 1.10302 99.8282
4.0 5.0 1.10302 99.8282
4.0 5.0 1.10302 99.8282
4.0 5.0 1.10302 99.8282
4.0 5.0 1.10302 99.8282
4.0 5.0 1.10302 99.8282
4.0 5.0 1.10302 99.8282
4.0 5.0 1.10302 99.8282
4.0 5.0 1.10302 99.8282
4.0 5.0 1.10302 99.8282
4.0 5.0 1.10302 99.8282
4.0 5.0 1.10302 99.8282
4.0 5.0 1.10302 99.8282
4.0 5.0 1.10302 99.8282
4.0 5.0 1.10302 99.8282
4.0 5.0 1.10302 99.8282
4.0 5.0 1.10302 99.8282
4.0 5.0 1.10302 99.8282
4.0 5.0 1.10302 99.8282
4.0 5.0 1.10302 99.8282
4.0 5.0 1.10302 99.8282
4.0 5.0 1.10302 99.8282
4.0 5.0 1.10302 99.8282
4.0 5.0 1.10302 99.8282
4.0 5.0 1.10302 99.8282
4.0 5.0 1.10302 99.8282
4.0 5.0 1.10302 99.8282
4.0 5.0 1.10302 99.8282
4.0 5.0 1.10302 99.8282
4.0 5.0 1.10302 99.8282
4.0 5.0 1.10302 99.8282
4.0 5.0 1.10302 99.8282
4.0 5.0 1.10302 99.8282
4.0 5.0 1.10302 99.8282
4.0 5.0 1.10302 99.8282
4.0 5.0 1.10302 99.8282
4.0 5.0 1.10302 99.8282
5.0 2.0 58.9006 -20.9528
5.0 2.0 57.5675 -20.9528
5.0 2.0 57.4202 -20.9528
5.0 2.0 61.2006 -20.9528
5.0 2.0 59.6721 -20.9528
5.0 2.0 59.2364 -20.9528
5.0 2.0 59.6353 -20.9528
5.0 2.0 57.4189 -20.9528
5.0 2.0 55.9018 -20.9528
5.0 2.0 59.6934 -20.9528
5.0 2.0 59.9267 -20.9528
5.0 2.0 57.6714 -20.9528
5.0 2.0 58.7059 -20.9528
5.0 2.0 57.9516 -20.9528
5.0 2.0 57.6514 -20.9528
5.0 2.0 57.2968 -20.9528
5.0 2.0 58.7022 -20.9528
5.0 2.0 59.6332 -20.9528
5.0 2.0 57.3835 -20.9528
5.0 2.0 55.9104 -20.9528
5.0 2.0 59.7635 -20.9528
5.0 2.0 57.4551 -20.9528
5.0 2.0 59.699 -20.9528
5.0 2.0 59.2915 -20.9528
5.0 2.0 59.8047 -20.9528
5.0 2.0 59.299 -20.9528
5.0 2.0 57.6731 -20.9528
5.0 2.0 57.6028 -20.9528
5.0 2.0 57.5373 -20.9528
5.0 2.0 59.9573 -20.9528
5.0 2.0 59.6375 -20.9528
5.0 2.0 58.7208 -20.9528
5.0 2.0 57.4119 -20.9528
5.0 2.0 58.277 -20.9528
5.0 2.0 57.4846 -20.9528
5.0 2.0 59.9577 -20.9528
5.0 2.0 58.8201 -20.9528
5.0 2.0 57.5873 -20.9528
5.0 2.0 59.3701 -20.9528
5.0 2.0 58.899 -20.9528
5.0 2.0 57.6956 -20.9528
5.0 2.0 59.3643 -20.9528
5.0 2.0 57.4821 -20.9528
5.0 2.0 59.6952 -20.9528
5.0 2.0 59.414 -20.9528
5.0 2.0 57.2413 -20.9528
5.0 2.0 55.9111 -20.9528
5.0 2.0 58.8147 -20.9528
5.0 2.0 57.3872 -20.9528
5.0 2.0 59.0246 -20.9528
5.0 3.0 30.1381 -20.9508
5.0 3.0 30.1048 -21.0831
5.0 3.0 29.9078 -20.9406
5.0 3.0 29.9405 -20.9411
5.0 3.0 28.7444 -20.9965
5.0 3.0 28.7221 -20.9436
5.0 3.0 30.0583 -20.949
5.0 3.0 29.6964 -20.949
5.0 3.0 29.3284 -20.9047
5.0 3.0 29.5449 -21.0247
5.0 3.0 29.085 -21.0202
5.0 3.0 29.2929 -21.055
5.0 3.0 28.6994 -20.9424
5.0 3.0 30.2507 -21.0462
5.0 3.0 30.5535 -20.9429
5.0 3.0 28.7365 -20.9406
5.0 3.0 29.4252 -20.9499
5.0 3.0 29.7263 -20.9642
5.0 3.0 30.0578 -20.9482
5.0 3.0 29.8424 -20.9407
5.0 3.0 30.0589 -21.0716
5.0 3.0 28.9532 -20.9406
5.0 3.0 29.57 -20.9413
5.0 3.0 30.2687 -20.9472
5.0 3.0 28.6751 -20.9407
5.0 3.0 28.6734 -20.981
5.0 3.0 29.1391 -20.9625
5.0 3.0 29.6419 -21.0415
5.0 3.0 29.1713 -20.9407
5.0 3.0 29.9522 -21.0997
5.0 3.0 30.5719 -20.9411
5.0 3.0 29.5682 -21.0246
5.0 3.0 29.8081 -20.9415
5.0 3.0 30.9879 -21.0306
5.0 3.0 30.3251 -20.8294
5.0 3.0 30.3055 -21.1015
5.0 3.0 29.6256 -20.9507
5.0 3.0 29.4527 -20.9421
5.0 3.0 29.5647 -20.9869
5.0 3.0 29.1166 -20.9544
5.0 3.0 28.6689 -20.9394
5.0 3.0 28.9639 -20.9114
5.0 3.0 29.4906 -20.8265
5.0 3.0 30.0865 -20.9453
5.0 3.0 30.0525 -21.0328
5.0 3.0 28.6437 -20.9758
5.0 3.0 29.0967 -20.941
5.0 3.0 30.2707 -21.0006
5.0 3.0 30.5545 -20.9867
5.0 3.0 30.327 -20.9406
5.0 4.0 19.1877 -20.9545
5.0 4.0 19.6886 -20.9407
5.0 4.0 19.5917 -20.9697
5.0 4.0 19.706 -21.0408
5.0 4.0 19.7382 -21.0622
5.0 4.0 19.5388 -21.0486
5.0 4.0 19.9296 -20.8475
5.0 4.0 19.423 -20.9406
5.0 4.0 19.5678 -20.9588
5.0 4.0 19.8463 -21.0466
5.0 4.0 19.8104 -21.1303
5.0 4.0 19.6852 -20.9686
5.0 4.0 19.5747 -21.0462
5.0 4.0 20.0186 -21.0467
5.0 4.0 19.7235 -20.9655
5.0 4.0 20.1628 -21.0545
5.0 4.0 20.1411 -20.9448
5.0 4.0 19.7832 -20.9492
5.0 4.0 19.4551 -20.9414
5.0 4.0 19.7819 -21.0308
5.0 4.0 19.9715 -20.9406
5.0 4.0 19.6822 -20.9412
5.0 4.0 19.5725 -21.0368
5.0 4.0 19.4619 -20.9609
5.0 4.0 19.4856 -20.9406
5.0 4.0 19.6919 -20.9982
5.0 4.0 19.6735 -20.9983
5.0 4.0 19.6347 -20.9423
5.0 4.0 19.5831 -20.9451
5.0 4.0 19.4447 -21.0479
5.0 4.0 19.6917 -20.9462
5.0 4.0 18.8607 -20.9465
5.0 4.0 20.0082 -21.0133
5.0 4.0 19.4525 -20.9409
5.0 4.0 19.1237 -21.0462
5.0 4.0 19.5732 -20.9407
5.0 4.0 20.0764 -20.9406
5.0 4.0 20.1036 -21.0847
5.0 4.0 19.4087 -21.0266
5.0 4.0 19.7345 -20.9407
5.0 4.0 19.7157 -20.954
5.0 4.0 20.0206 -20.9549
5.0 4.0 19.5736 -20.9407
5.0 4.0 19.8936 -20.9441
5.0 4.0 20.0542 -20.9406
5.0 4.0 19.6507 -20.9407
5.0 4.0 19.6703 -21.0811
5.0 4.0 19.2112 -20.9507
5.0 4.0 19.4891 -20.9838
5.0 4.0 19.4268 -20.9406
5.0 5.0 14.5599 -20.9414
5.0 5.0 14.4048 -20.9406
5.0 5.0 14.6633 -21.0462
5.0 5.0 13.9078 -20.9523
5.0 5.0 14.5905 -20.9409
5.0 5.0 14.5678 -20.9415
5.0 5.0 14.5824 -20.9282
5.0 5.0 14.391 -20.9421
5.0 5.0 14.8371 -21.0501
5.0 5.0 14.5474 -21.0478
5.0 5.0 14.512 -21.0466
5.0 5.0 14.4261 -21.0465
5.0 5.0 14.5735 -21.0146
5.0 5.0 14.5526 -20.9429
5.0 5.0 14.3952 -20.9406
5.0 5.0 14.5905 -20.9415
5.0 5.0 14.6548 -21.0734
5.0 5.0 14.9557 -20.9409
5.0 5.0 14.5935 -21.0879
5.0 5.0 14.6066 -20.9677
5.0 5.0 14.5748 -21.0527
5.0 5.0 14.5243 -20.9407
5.0 5.0 14.6258 -20.9749
5.0 5.0 14.5501 -21.0677
5.0 5.0 14.5667 -21.0127
5.0 5.0 14.4027 -20.9406
5.0 5.0 14.6232 -21.0462
5.0 5.0 14.3997 -21.1506
5.0 5.0 14.5356 -20.967
5.0 5.0 14.5315 -20.831
5.0 5.0 14.6515 -21.0462
5.0 5.0 14.6268 -21.0463
5.0 5.0 14.5553 -20.9422
5.0 5.0 14.6506 -20.8981
5.0 5.0 14.4511 -20.9436
5.0 5.0 14.7242 -21.1992
5.0 5.0 14.73 -20.8453
5.0 5.0 14.5701 -21.0321
5.0 5.0 14.4301 -21.0012
5.0 5.0 14.6205 -21.0462
5.0 5.0 14.5385 -20.9406
5.0 5.0 14.6545 -21.2046
5.0 5.0 14.6495 -20.9645
5.0 5.0 14.67 -20.8551
5.0 5.0 14.4006 -20.9408
5.0 5.0 14.4371 -20.9408
5.0 5.0 14.5558 -20.9406
5.0 5.0 14.5556 -21.0597
5.0 5.0 14.5902 -20.9406
5.0 5.0 14.6244 -21.0462
5.0 5.0 14.6244 -21.0462
5.0 5.0 14.6244 -21.0462
5.0 5.0 14.6244 -21.0462
5.0 5.0 14.6244 -21.0462
5.0 5.0 14.6244 -21.0462
5.0 5.0 14.6244 -21.0462
5.0 5.0 14.6244 -21.0462
5.0 5.0 14.6244 -21.0462
5.0 5.0 14.6244 -21.0462
5.0 5.0 14.6244 -21.0462
5.0 5.0 14.6244 -21.0462
5.0 5.0 14.6244 -21.0462
5.0 5.0 14.6244 -21.0462
5.0 5.0 14.6244 -21.0462
5.0 5.0 14.6244 -21.0462
5.0 5.0 14.6244 -21.0462
5.0 5.0 14.6244 -21.0462
5.0 5.0 14.6244 -21.0462
5.0 5.0 14.6244 -21.0462
5.0 5.0 14.6244 -21.0462
5.0 5.0 14.6244 -21.0462
5.0 5.0 14.6244 -21.0462
5.0 5.0 14.6244 -21.0462
5.0 5.0 14.6244 -21.0462
5.0 5.0 14.6244 -21.0462
5.0 5.0 14.6244 -21.0462
5.0 5.0 14.6244 -21.0462
5.0 5.0 14.6244 -21.0462
5.0 5.0 14.6244 -21.0462
5.0 5.0 14.6244 -21.0462
5.0 5.0 14.6244 -21.0462
5.0 5.0 14.6244 -21.0462
5.0 5.0 14.6244 -21.0462
5.0 5.0 14.6244 -21.0462
5.0 5.0 14.6244 -21.0462
5.0 5.0 14.6244 -21.0462
5.0 5.0 14.6244 -21.0462
5.0 5.0 14.6244 -21.0462
5.0 5.0 14.6244 -21.0462
5.0 5.0 14.6244 -21.0462
5.0 5.0 14.6244 -21.0462
5.0 5.0 14.6244 -21.0462
5.0 5.0 14.6244 -21.0462
5.0 5.0 14.6244 -21.0462
5.0 5.0 14.6244 -21.0462
5.0 5.0 14.6244 -21.0462
5.0 5.0 14.6244 -21.0462
5.0 5.0 14.6244 -21.0462
5.0 5.0 14.6244 -21.0462
5.0 5.0 14.6244 -21.0462
