0.0 3.0 0.347156 2.02203
0.0 3.0 0.370168 2.04193
0.0 3.0 0.934203 2.03871
0.0 3.0 0.981823 2.03488
0.0 3.0 0.354206 2.03483
0.0 3.0 0.36891 2.04188
0.0 3.0 0.917464 2.03514
0.0 3.0 0.353568 2.03952
0.0 3.0 1.01888 2.03782
0.0 3.0 0.776957 2.02775
0.0 3.0 1.08283 2.02937
0.0 3.0 0.337282 2.03844
0.0 3.0 1.1095 2.03957
0.0 3.0 0.863533 2.03
0.0 3.0 0.821973 2.03798
0.0 3.0 1.07712 2.04197
0.0 3.0 0.934501 2.03921
0.0 3.0 0.438167 2.0257
0.0 3.0 1.18373 2.04198
0.0 3.0 0.950996 2.04026
0.0 3.0 1.00135 2.04193
0.0 3.0 0.880207 2.04197
0.0 3.0 0.823036 2.0408
0.0 3.0 0.88874 2.04197
0.0 3.0 0.337537 2.0257
0.0 3.0 0.44144 2.04133
0.0 3.0 1.75075 2.0257
0.0 3.0 0.422584 2.02068
0.0 3.0 1.07487 2.04179
0.0 3.0 0.78839 2.04079
0.0 3.0 0.912212 2.04197
0.0 3.0 0.863169 2.04127
0.0 3.0 0.364642 2.02131
0.0 3.0 0.402779 2.0418
0.0 3.0 0.853004 2.04177
0.0 3.0 0.367654 2.0257
0.0 3.0 0.921646 2.0257
0.0 3.0 0.42902 2.03778
0.0 3.0 1.27204 2.04159
0.0 3.0 0.913389 2.04162
0.0 3.0 1.08733 2.04121
0.0 3.0 0.903791 2.04165
0.0 3.0 1.05152 2.04066
0.0 3.0 0.908663 2.04177
0.0 3.0 1.2606 2.03938
0.0 3.0 0.352592 2.04197
0.0 3.0 0.404292 2.02131
0.0 3.0 1.0073 2.02385
0.0 3.0 0.364974 2.03457
0.0 3.0 0.900223 2.04135
0.0 4.0 0.395326 2.03781
0.0 4.0 0.965272 2.0416
0.0 4.0 0.389397 2.03994
0.0 4.0 0.387999 2.04032
0.0 4.0 0.406613 2.04184
0.0 4.0 1.06562 2.04195
0.0 4.0 0.401535 2.04103
0.0 4.0 0.410411 2.04168
0.0 4.0 0.811839 2.0407
0.0 4.0 1.01032 2.04159
0.0 4.0 0.811684 2.04007
0.0 4.0 0.97477 2.02822
0.0 4.0 0.379603 2.03514
0.0 4.0 1.01017 2.04047
0.0 4.0 0.954648 2.03692
0.0 4.0 0.372993 2.02657
0.0 4.0 1.4131 2.04195
0.0 4.0 0.613344 2.04197
0.0 4.0 0.882148 2.04037
0.0 4.0 0.378463 2.0416
0.0 4.0 1.00957 2.04117
0.0 4.0 0.595149 2.04187
0.0 4.0 0.868648 2.04175
0.0 4.0 0.317479 2.03539
0.0 4.0 0.876112 2.03778
0.0 4.0 0.634263 2.03915
0.0 4.0 0.319228 2.04131
0.0 4.0 0.866893 2.0295
0.0 4.0 0.328783 2.03906
0.0 4.0 0.787647 2.04186
0.0 4.0 0.961607 2.0257
0.0 4.0 0.36267 2.02852
0.0 4.0 0.338595 2.04198
0.0 4.0 1.18233 2.01952
0.0 4.0 1.04059 2.0164
0.0 4.0 0.388494 2.04032
0.0 4.0 0.853738 2.04194
0.0 4.0 0.79886 2.04015
0.0 4.0 1.06547 2.0259
0.0 4.0 1.08434 2.01481
0.0 4.0 1.08284 2.02172
0.0 4.0 1.03175 2.03101
0.0 4.0 0.84913 2.02646
0.0 4.0 0.77094 2.04032
0.0 4.0 0.719556 2.0418
0.0 4.0 0.370868 2.03573
0.0 4.0 0.595561 2.04166
0.0 4.0 0.362305 2.03489
0.0 4.0 0.870526 2.0418
0.0 4.0 0.864594 2.04074
0.0 5.0 0.635995 2.03657
0.0 5.0 0.665343 2.03649
0.0 5.0 0.801047 2.04029
0.0 5.0 1.01088 2.0257
0.0 5.0 0.61415 2.04022
0.0 5.0 0.585573 2.02153
0.0 5.0 0.578828 2.04189
0.0 5.0 0.622488 2.02118
0.0 5.0 0.667493 2.02162
0.0 5.0 0.64539 2.04188
0.0 5.0 0.732988 2.02197
0.0 5.0 0.575149 2.03614
0.0 5.0 0.606262 2.0257
0.0 5.0 0.66325 2.0257
0.0 5.0 1.35432 2.0257
0.0 5.0 0.542642 2.04198
0.0 5.0 0.608711 2.04191
0.0 5.0 0.594532 2.02534
0.0 5.0 1.35693 2.04166
0.0 5.0 0.799794 2.04184
0.0 5.0 0.726021 2.04136
0.0 5.0 0.967743 2.04195
0.0 5.0 0.63777 2.03229
0.0 5.0 0.661463 2.03885
0.0 5.0 0.587778 2.04186
0.0 5.0 0.969357 2.03729
0.0 5.0 1.43037 2.04076
0.0 5.0 0.669546 2.03532
0.0 5.0 0.739018 2.02714
0.0 5.0 0.565494 2.04192
0.0 5.0 0.566012 2.03971
0.0 5.0 0.737999 2.02279
0.0 5.0 1.27805 2.04007
0.0 5.0 0.583543 2.01814
0.0 5.0 0.843761 2.04137
0.0 5.0 0.649496 2.04079
0.0 5.0 0.527354 2.03295
0.0 5.0 0.573089 2.04102
0.0 5.0 0.657114 2.04194
0.0 5.0 0.746774 2.0164
0.0 5.0 0.574971 2.03878
0.0 5.0 0.679711 2.03842
0.0 5.0 0.64001 2.0414
0.0 5.0 0.593607 2.03175
0.0 5.0 0.753334 2.04146
0.0 5.0 1.08691 2.03666
0.0 5.0 0.825848 2.03978
0.0 5.0 0.584061 2.03906
0.0 5.0 0.759804 2.04197
0.0 5.0 1.2347 2.04073
0.0 7.0 0.633309 2.02346
0.0 7.0 0.602401 2.03836
0.0 7.0 0.797885 2.04191
0.0 7.0 0.614728 2.02212
0.0 7.0 0.657245 2.03853
0.0 7.0 0.720946 2.04197
0.0 7.0 0.646988 2.04185
0.0 7.0 0.867373 2.03192
0.0 7.0 0.793256 2.01976
0.0 7.0 0.916185 2.02143
0.0 7.0 0.629332 2.04192
0.0 7.0 0.796191 2.0164
0.0 7.0 0.755655 2.04172
0.0 7.0 0.764994 2.04133
0.0 7.0 0.815401 2.04197
0.0 7.0 0.601682 2.02453
0.0 7.0 0.59816 2.02385
0.0 7.0 0.970642 2.03781
0.0 7.0 0.589156 2.04046
0.0 7.0 0.61104 2.04187
0.0 7.0 0.783888 2.02197
0.0 7.0 0.809156 2.04091
0.0 7.0 0.781944 2.04181
0.0 7.0 0.605823 2.02205
0.0 7.0 0.813609 2.01882
0.0 7.0 0.772872 2.04041
0.0 7.0 0.625668 2.04192
0.0 7.0 0.639713 2.04148
0.0 7.0 0.790726 2.0164
0.0 7.0 0.62078 2.0308
0.0 7.0 0.620841 2.0401
0.0 7.0 0.901229 2.04167
0.0 7.0 0.591241 2.04041
0.0 7.0 1.34305 2.04117
0.0 7.0 0.603977 2.04153
0.0 7.0 0.805909 2.04129
0.0 7.0 0.61643 2.04197
0.0 7.0 0.749272 2.02097
0.0 7.0 0.608447 2.04183
0.0 7.0 0.71413 2.02128
0.0 7.0 0.606999 2.04114
0.0 7.0 0.785091 2.0164
0.0 7.0 0.858957 2.04192
0.0 7.0 0.77045 2.02775
0.0 7.0 0.783502 2.03609
0.0 7.0 0.678781 2.03942
0.0 7.0 1.31453 2.03937
0.0 7.0 0.787964 2.04162
0.0 7.0 0.620066 2.03531
0.0 7.0 1.37884 2.03751
0.0 8.0 0.578872 2.04147
0.0 8.0 0.867447 2.04094
0.0 8.0 0.574815 2.0289
0.0 8.0 0.598335 2.02082
0.0 8.0 0.565375 2.02986
0.0 8.0 0.633563 2.04198
0.0 8.0 0.87111 2.03726
0.0 8.0 0.603857 2.04113
0.0 8.0 0.792025 2.04198
0.0 8.0 0.862197 2.03434
0.0 8.0 0.553244 2.02674
0.0 8.0 0.874131 2.04191
0.0 8.0 0.563034 2.02028
0.0 8.0 0.617186 2.03912
0.0 8.0 0.775322 2.04153
0.0 8.0 0.634626 2.03195
0.0 8.0 0.85238 2.04172
0.0 8.0 0.596751 2.04168
0.0 8.0 0.845056 2.03471
0.0 8.0 0.585309 2.04173
0.0 8.0 0.595142 2.04105
0.0 8.0 0.590671 2.01491
0.0 8.0 0.604251 2.03839
0.0 8.0 0.613927 2.04134
0.0 8.0 0.797042 2.04178
0.0 8.0 0.656472 2.04187
0.0 8.0 0.610666 2.02674
0.0 8.0 0.876924 2.04168
0.0 8.0 0.610194 2.04167
0.0 8.0 0.875012 2.04198
0.0 8.0 0.627326 2.04122
0.0 8.0 0.643667 2.04059
0.0 8.0 0.854318 2.04159
0.0 8.0 0.586243 2.0164
0.0 8.0 0.944745 2.04007
0.0 8.0 0.726165 2.02869
0.0 8.0 0.801143 2.02124
0.0 8.0 0.596026 2.04055
0.0 8.0 0.612944 2.04179
0.0 8.0 0.645812 2.04137
0.0 8.0 0.657133 2.02912
0.0 8.0 0.813257 2.0414
0.0 8.0 0.590563 2.04197
0.0 8.0 0.651267 2.0352
0.0 8.0 0.555466 2.02578
0.0 8.0 0.560988 2.04041
0.0 8.0 0.653387 2.02385
0.0 8.0 0.587554 2.04058
0.0 8.0 0.98694 2.04198
0.0 8.0 0.610718 2.03773
0.0 9.0 0.731751 2.04166
0.0 9.0 0.936189 2.0419
0.0 9.0 0.982856 2.02072
0.0 9.0 0.846811 2.03855
0.0 9.0 0.85655 2.03998
0.0 9.0 1.1999 2.03828
0.0 9.0 0.913005 2.04036
0.0 9.0 0.939149 2.01747
0.0 9.0 1.26187 2.04193
0.0 9.0 0.846635 2.04168
0.0 9.0 1.04139 2.01617
0.0 9.0 0.853561 2.03539
0.0 9.0 0.91797 2.02191
0.0 9.0 1.22535 2.04149
0.0 9.0 1.36095 2.04195
0.0 9.0 0.74548 2.04095
0.0 9.0 0.987165 2.04174
0.0 9.0 0.903944 2.0338
0.0 9.0 0.826672 2.03648
0.0 9.0 1.04699 2.0418
0.0 9.0 1.54343 2.04191
0.0 9.0 0.840997 2.04043
0.0 9.0 0.860706 2.04032
0.0 9.0 0.872757 2.0414
0.0 9.0 1.31269 2.04184
0.0 9.0 0.83027 2.04088
0.0 9.0 0.85684 2.04163
0.0 9.0 0.747982 2.03964
0.0 9.0 0.91611 2.04183
0.0 9.0 0.831548 2.03978
0.0 9.0 0.969402 2.02624
0.0 9.0 1.2 2.04136
0.0 9.0 0.833418 2.04188
0.0 9.0 1.21914 2.04188
0.0 9.0 0.789435 2.02187
0.0 9.0 0.908291 2.04136
0.0 9.0 0.829448 2.04175
0.0 9.0 1.33621 2.02725
0.0 9.0 1.48788 2.03808
0.0 9.0 0.89628 2.04079
0.0 9.0 0.984803 2.0405
0.0 9.0 0.866178 2.04197
0.0 9.0 1.39793 2.04059
0.0 9.0 0.900972 2.04197
0.0 9.0 0.916136 2.02215
0.0 9.0 1.2259 2.0224
0.0 9.0 1.28974 2.04079
0.0 9.0 0.805053 2.04187
0.0 9.0 0.908092 2.02687
0.0 9.0 1.31335 2.04196
0.0 15.0 1.16693 2.03795
0.0 15.0 0.774231 2.03546
0.0 15.0 0.950087 2.03049
0.0 15.0 0.795198 2.04032
0.0 15.0 1.23723 2.03619
0.0 15.0 0.928608 2.04194
0.0 15.0 0.938765 2.01635
0.0 15.0 0.916071 2.04189
0.0 15.0 0.909784 2.04189
0.0 15.0 0.794493 2.03885
0.0 15.0 0.779983 2.04166
0.0 15.0 0.792767 2.04101
0.0 15.0 1.33862 2.0202
0.0 15.0 0.944199 2.04188
0.0 15.0 0.896789 2.01528
0.0 15.0 0.975511 2.03934
0.0 15.0 0.933774 2.0419
0.0 15.0 1.45043 2.03925
0.0 15.0 1.37395 2.02446
0.0 15.0 1.29513 2.02018
0.0 15.0 1.1959 2.02097
0.0 15.0 1.16812 2.02924
0.0 15.0 0.956302 2.03606
0.0 15.0 1.02134 2.04037
0.0 15.0 0.888693 2.0395
0.0 15.0 1.16021 2.04048
0.0 15.0 0.766917 2.04054
0.0 15.0 1.25631 2.04141
0.0 15.0 0.915487 2.03973
0.0 15.0 0.89519 2.04195
0.0 15.0 1.27489 2.03965
0.0 15.0 1.18737 2.03581
0.0 15.0 1.01338 2.04197
0.0 15.0 1.28375 2.04195
0.0 15.0 1.25914 2.04172
0.0 15.0 1.26757 2.00678
0.0 15.0 1.33645 2.03038
0.0 15.0 0.940507 2.03566
0.0 15.0 0.968856 2.0418
0.0 15.0 1.23306 2.0184
0.0 15.0 0.777301 2.04065
0.0 15.0 0.872165 2.04011
0.0 15.0 1.25626 2.04164
0.0 15.0 1.35646 2.02119
0.0 15.0 1.02732 2.02064
0.0 15.0 0.994049 2.03672
0.0 15.0 0.957978 2.04031
0.0 15.0 0.912797 2.04148
0.0 15.0 1.27336 2.02043
0.0 15.0 0.878008 2.04194
0.0 16.0 1.40858 2.04187
0.0 16.0 0.869073 2.04048
0.0 16.0 1.2966 2.03028
0.0 16.0 1.28302 2.04144
0.0 16.0 1.41623 2.04041
0.0 16.0 1.30539 2.04194
0.0 16.0 0.926729 2.03052
0.0 16.0 0.936429 2.0414
0.0 16.0 1.31916 2.04027
0.0 16.0 1.21437 2.03634
0.0 16.0 0.917118 2.04153
0.0 16.0 0.988643 2.04055
0.0 16.0 1.33379 2.04197
0.0 16.0 1.23007 2.02674
0.0 16.0 1.44114 2.02659
0.0 16.0 1.00814 2.03573
0.0 16.0 0.837397 2.01479
0.0 16.0 1.30958 2.03912
0.0 16.0 1.20188 2.03958
0.0 16.0 0.989651 2.03808
0.0 16.0 1.2918 2.04178
0.0 16.0 0.839416 2.04186
0.0 16.0 1.0521 2.04191
0.0 16.0 1.28169 2.03232
0.0 16.0 1.30358 2.02193
0.0 16.0 0.848012 2.04175
0.0 16.0 1.29296 2.01977
0.0 16.0 1.42892 2.01481
0.0 16.0 1.25986 2.02747
0.0 16.0 0.831751 2.03912
0.0 16.0 0.828733 2.03526
0.0 16.0 1.31835 2.04197
0.0 16.0 1.35086 2.04138
0.0 16.0 0.90935 2.04153
0.0 16.0 0.903709 2.02385
0.0 16.0 1.30804 2.03628
0.0 16.0 0.937007 2.04037
0.0 16.0 1.25827 2.04159
0.0 16.0 1.27975 2.04071
0.0 16.0 0.893106 2.03036
0.0 16.0 1.00403 2.02537
0.0 16.0 1.0187 2.0164
0.0 16.0 1.319 2.04194
0.0 16.0 0.833535 2.0418
0.0 16.0 1.4955 2.04096
0.0 16.0 1.33267 2.04155
0.0 16.0 1.00702 2.04054
0.0 16.0 0.840625 2.01831
0.0 16.0 1.33876 2.04103
0.0 16.0 0.945953 2.03159
0.0 17.0 0.935736 2.03856
0.0 17.0 1.35072 2.04139
0.0 17.0 0.76204 2.0405
0.0 17.0 0.936605 2.01453
0.0 17.0 0.88891 2.04179
0.0 17.0 1.3618 2.02198
0.0 17.0 0.928243 2.04197
0.0 17.0 0.885547 2.04118
0.0 17.0 1.27447 2.0399
0.0 17.0 1.38684 2.03889
0.0 17.0 1.2535 2.03793
0.0 17.0 0.945958 2.03703
0.0 17.0 0.910987 2.04187
0.0 17.0 1.3851 2.03951
0.0 17.0 1.03177 2.02044
0.0 17.0 0.806798 2.04022
0.0 17.0 1.22905 2.04032
0.0 17.0 0.928061 2.04177
0.0 17.0 1.36797 2.04091
0.0 17.0 0.944437 2.03902
0.0 17.0 0.94643 2.04163
0.0 17.0 0.831521 2.02658
0.0 17.0 1.39983 2.02145
0.0 17.0 0.934066 2.04183
0.0 17.0 1.00662 2.04189
0.0 17.0 0.904623 2.02273
0.0 17.0 1.01099 2.04045
0.0 17.0 1.04815 2.02731
0.0 17.0 0.808086 2.03827
0.0 17.0 1.39087 2.04197
0.0 17.0 1.22344 2.03942
0.0 17.0 0.842695 2.0164
0.0 17.0 1.21814 2.04192
0.0 17.0 0.890201 2.03514
0.0 17.0 0.90587 2.03201
0.0 17.0 0.797839 2.04079
0.0 17.0 1.22536 2.04089
0.0 17.0 0.912398 2.03704
0.0 17.0 0.884053 2.04096
0.0 17.0 1.04743 2.04136
0.0 17.0 0.880765 2.04194
0.0 17.0 0.879454 2.04064
0.0 17.0 0.910665 2.02073
0.0 17.0 0.920691 2.03705
0.0 17.0 0.912003 2.04037
0.0 17.0 0.807824 2.0164
0.0 17.0 0.911774 2.03739
0.0 17.0 1.3595 2.03423
0.0 17.0 1.01131 2.04114
0.0 17.0 1.25665 2.04102
0.0 31.0 1.34833 2.02617
0.0 31.0 1.02476 2.01392
0.0 31.0 1.28049 2.03556
0.0 31.0 1.28174 2.03636
0.0 31.0 1.01012 2.04113
0.0 31.0 1.35063 2.02933
0.0 31.0 1.03653 2.04011
0.0 31.0 1.02798 2.03661
0.0 31.0 1.33097 2.03684
0.0 31.0 1.33783 2.02207
0.0 31.0 1.34008 2.0164
0.0 31.0 1.35093 2.03988
0.0 31.0 1.00388 2.03917
0.0 31.0 1.39541 2.03795
0.0 31.0 1.28928 2.04174
0.0 31.0 1.24844 2.02207
0.0 31.0 0.980555 2.02157
0.0 31.0 1.24777 2.04172
0.0 31.0 0.999017 2.01681
0.0 31.0 0.985516 2.00494
0.0 31.0 1.4557 2.01246
0.0 31.0 1.47048 2.04169
0.0 31.0 1.38862 2.02421
0.0 31.0 1.33323 2.04163
0.0 31.0 1.52045 2.03419
0.0 31.0 1.53208 2.04177
0.0 31.0 1.30158 2.03683
0.0 31.0 1.32321 2.03651
0.0 31.0 1.01651 2.01481
0.0 31.0 1.32383 2.03532
0.0 31.0 1.26724 2.0382
0.0 31.0 1.36591 2.04182
0.0 31.0 1.31696 2.0399
0.0 31.0 1.34766 2.03922
0.0 31.0 1.35134 2.02199
0.0 31.0 1.39586 2.04045
0.0 31.0 1.28777 2.04172
0.0 31.0 1.3283 2.0224
0.0 31.0 1.38288 2.0164
0.0 31.0 1.32045 2.04138
0.0 31.0 0.972981 2.03784
0.0 31.0 1.30946 2.02153
0.0 31.0 0.966285 2.00494
0.0 31.0 1.30651 2.02077
0.0 31.0 1.37458 2.02385
0.0 31.0 1.2625 2.04049
0.0 31.0 1.34993 2.04186
0.0 31.0 1.3629 2.03933
0.0 31.0 1.26147 2.0141
0.0 31.0 1.33413 2.04194
0.0 32.0 1.23182 2.0417
0.0 32.0 1.29982 2.02222
0.0 32.0 1.46678 2.04175
0.0 32.0 0.895794 2.04133
0.0 32.0 0.933869 2.02172
0.0 32.0 1.28406 2.04098
0.0 32.0 0.873363 2.02385
0.0 32.0 1.40275 2.03836
0.0 32.0 0.905232 2.04179
0.0 32.0 0.849388 2.01365
0.0 32.0 1.2407 2.03137
0.0 32.0 1.24804 2.04195
0.0 32.0 1.88014 2.03813
0.0 32.0 0.899667 2.04062
0.0 32.0 1.26955 2.04037
0.0 32.0 1.34537 2.04111
0.0 32.0 0.943431 2.04175
0.0 32.0 1.37268 2.00395
0.0 32.0 1.33249 2.04175
0.0 32.0 1.54841 2.04157
0.0 32.0 1.24584 2.01747
0.0 32.0 1.46899 2.0164
0.0 32.0 1.42834 2.0178
0.0 32.0 1.51789 2.04193
0.0 32.0 1.32767 2.03803
0.0 32.0 1.32846 2.04172
0.0 32.0 1.38213 2.0394
0.0 32.0 1.32444 2.02687
0.0 32.0 1.30715 2.02778
0.0 32.0 1.2821 2.03948
0.0 32.0 0.877833 2.0409
0.0 32.0 1.2658 2.03394
0.0 32.0 0.892877 2.03014
0.0 32.0 1.28637 2.04187
0.0 32.0 1.31232 2.04032
0.0 32.0 1.32769 2.04152
0.0 32.0 1.38609 2.04114
0.0 32.0 0.885663 2.04197
0.0 32.0 1.37004 2.03588
0.0 32.0 0.863303 2.04147
0.0 32.0 1.47984 2.02156
0.0 32.0 1.24691 2.03942
0.0 32.0 1.2786 2.03787
0.0 32.0 1.39914 2.02168
0.0 32.0 0.859441 2.0408
0.0 32.0 1.36249 2.04196
0.0 32.0 0.9157 2.00464
0.0 32.0 1.33958 2.03789
0.0 32.0 0.861558 2.0409
0.0 32.0 1.33328 2.04137
0.0 33.0 0.902377 2.03591
0.0 33.0 0.876742 2.04028
0.0 33.0 1.0283 2.04194
0.0 33.0 0.997428 2.02111
0.0 33.0 0.93758 2.02674
0.0 33.0 1.03687 2.04096
0.0 33.0 0.975921 2.02191
0.0 33.0 0.947924 2.01268
0.0 33.0 1.02995 2.01944
0.0 33.0 1.02826 2.0191
0.0 33.0 0.99935 2.02385
0.0 33.0 1.01496 2.04165
0.0 33.0 1.05999 2.03885
0.0 33.0 1.00924 2.04189
0.0 33.0 1.02024 2.04052
0.0 33.0 1.05255 2.0361
0.0 33.0 1.02569 2.01803
0.0 33.0 1.00778 2.04196
0.0 33.0 0.998166 2.04193
0.0 33.0 1.02594 2.04142
0.0 33.0 0.987941 2.03877
0.0 33.0 0.982749 2.04039
0.0 33.0 0.961066 2.02674
0.0 33.0 0.911287 2.0164
0.0 33.0 1.00248 2.02385
0.0 33.0 0.921872 2.04064
0.0 33.0 1.00783 2.01481
0.0 33.0 1.00471 2.03839
0.0 33.0 1.04046 2.041
0.0 33.0 0.995908 2.04123
0.0 33.0 0.98531 2.01935
0.0 33.0 0.893396 2.04182
0.0 33.0 0.954163 2.04171
0.0 33.0 0.987146 2.04179
0.0 33.0 0.934541 2.03252
0.0 33.0 0.922291 2.04197
0.0 33.0 0.920649 2.02172
0.0 33.0 1.0481 2.04126
0.0 33.0 0.9343 2.00471
0.0 33.0 0.941377 2.04149
0.0 33.0 0.945038 2.03514
0.0 33.0 0.901811 2.04195
0.0 33.0 0.921621 2.04148
0.0 33.0 0.996577 2.04081
0.0 33.0 1.03353 2.00535
0.0 33.0 0.90211 2.01787
0.0 33.0 1.01975 2.03929
0.0 33.0 1.04063 2.03827
0.0 33.0 1.00403 2.0418
0.0 33.0 1.03651 2.0246
1.0 3.0 0.429717 16.6482
1.0 3.0 1.03159 16.6358
1.0 3.0 0.469143 16.6515
1.0 3.0 0.399301 16.5901
1.0 3.0 0.966595 16.6482
1.0 3.0 0.985567 16.637
1.0 3.0 0.900228 16.6228
1.0 3.0 0.902966 16.6524
1.0 3.0 0.401674 16.6326
1.0 3.0 0.453241 16.6432
1.0 3.0 0.959514 16.6486
1.0 3.0 0.394917 16.5901
1.0 3.0 0.499459 16.6508
1.0 3.0 1.27709 16.6311
1.0 3.0 1.84895 16.5831
1.0 3.0 1.11681 16.6506
1.0 3.0 1.22859 16.651
1.0 3.0 0.466058 16.6487
1.0 3.0 0.466058 16.6487
1.0 3.0 0.466058 16.6487
1.0 3.0 0.466058 16.6487
1.0 3.0 0.466058 16.6487
1.0 3.0 0.466058 16.6487
1.0 3.0 0.466058 16.6487
1.0 3.0 0.466058 16.6487
1.0 3.0 0.466058 16.6487
1.0 3.0 0.466058 16.6487
1.0 3.0 0.466058 16.6487
1.0 3.0 0.466058 16.6487
1.0 3.0 0.466058 16.6487
1.0 3.0 0.466058 16.6487
1.0 3.0 0.466058 16.6487
1.0 3.0 0.466058 16.6487
1.0 3.0 0.466058 16.6487
1.0 3.0 0.466058 16.6487
1.0 3.0 0.466058 16.6487
1.0 3.0 0.466058 16.6487
1.0 3.0 0.466058 16.6487
1.0 3.0 0.466058 16.6487
1.0 3.0 0.466058 16.6487
1.0 3.0 0.466058 16.6487
1.0 3.0 0.466058 16.6487
1.0 3.0 0.466058 16.6487
1.0 3.0 0.466058 16.6487
1.0 3.0 0.466058 16.6487
1.0 3.0 0.466058 16.6487
1.0 3.0 0.466058 16.6487
1.0 3.0 0.466058 16.6487
1.0 3.0 0.466058 16.6487
1.0 3.0 0.466058 16.6487
1.0 4.0 1.09743 16.6399
1.0 4.0 0.37257 16.6476
1.0 4.0 0.609363 16.5963
1.0 4.0 1.19143 16.6477
1.0 4.0 0.859035 16.6523
1.0 4.0 0.716478 16.6335
1.0 4.0 0.819618 16.649
1.0 4.0 0.327529 16.598
1.0 4.0 0.954182 16.6466
1.0 4.0 0.750712 16.649
1.0 4.0 0.403265 16.5893
1.0 4.0 0.808572 16.6504
1.0 4.0 0.702056 16.5292
1.0 4.0 0.396688 16.6517
1.0 4.0 0.396832 16.6462
1.0 4.0 0.415466 16.6487
1.0 4.0 0.657865 16.632
1.0 4.0 0.793712 16.6519
1.0 4.0 0.796826 16.6516
1.0 4.0 0.405605 16.641
1.0 4.0 0.841068 16.6025
1.0 4.0 1.09781 16.6402
1.0 4.0 0.386612 16.6272
1.0 4.0 0.412541 16.6461
1.0 4.0 0.934861 16.652
1.0 4.0 1.11086 16.6527
1.0 4.0 0.796808 16.6267
1.0 4.0 1.02173 16.6445
1.0 4.0 0.355877 16.6524
1.0 4.0 0.871863 16.651
1.0 4.0 1.04941 16.6514
1.0 4.0 1.03064 16.6518
1.0 4.0 0.753441 16.6454
1.0 4.0 1.09334 16.6517
1.0 4.0 0.674083 16.6449
1.0 4.0 1.05897 16.6468
1.0 4.0 1.33239 16.6409
1.0 4.0 1.40158 16.6507
1.0 4.0 0.672773 16.6337
1.0 4.0 0.672773 16.6337
1.0 4.0 0.672773 16.6337
1.0 4.0 0.672773 16.6337
1.0 4.0 0.672773 16.6337
1.0 4.0 0.672773 16.6337
1.0 4.0 0.672773 16.6337
1.0 4.0 0.672773 16.6337
1.0 4.0 0.672773 16.6337
1.0 4.0 0.672773 16.6337
1.0 4.0 0.672773 16.6337
1.0 4.0 0.672773 16.6337
1.0 5.0 1.37721 16.6469
1.0 5.0 0.563532 16.6441
1.0 5.0 0.667686 16.5101
1.0 5.0 0.589847 16.6027
1.0 5.0 0.699972 16.6513
1.0 5.0 0.912421 16.647
1.0 5.0 0.707519 16.638
1.0 5.0 0.558335 16.6328
1.0 5.0 0.646941 16.645
1.0 5.0 0.753972 16.6391
1.0 5.0 0.575952 16.6524
1.0 5.0 0.697877 16.6506
1.0 5.0 0.773957 16.6511
1.0 5.0 0.547905 16.5609
1.0 5.0 0.668503 16.6455
1.0 5.0 0.692925 16.6332
1.0 5.0 0.576612 16.5262
1.0 5.0 0.721007 16.6453
1.0 5.0 0.896143 16.625
1.0 5.0 1.02085 16.6527
1.0 5.0 0.599664 16.6445
1.0 5.0 2.09342 16.651
1.0 5.0 0.611931 16.6239
1.0 5.0 1.2525 16.648
1.0 5.0 0.740251 16.6515
1.0 5.0 0.9025 16.6487
1.0 5.0 0.573201 16.6494
1.0 5.0 1.3708 16.6481
1.0 5.0 0.63794 16.6511
1.0 5.0 0.676169 16.648
1.0 5.0 0.567462 16.6487
1.0 5.0 1.28693 16.6517
1.0 5.0 0.739248 16.6377
1.0 5.0 0.831832 16.6517
1.0 5.0 1.46041 16.6309
1.0 5.0 1.81394 16.6417
1.0 5.0 0.70246 16.6519
1.0 5.0 0.540271 16.6515
1.0 5.0 0.588679 16.6148
1.0 5.0 0.584677 16.6229
1.0 5.0 0.641788 16.6062
1.0 5.0 0.660718 16.6422
1.0 5.0 0.660718 16.6422
1.0 5.0 0.660718 16.6422
1.0 5.0 0.660718 16.6422
1.0 5.0 0.660718 16.6422
1.0 5.0 0.660718 16.6422
1.0 5.0 0.660718 16.6422
1.0 5.0 0.660718 16.6422
1.0 5.0 0.660718 16.6422
1.0 7.0 0.614834 16.6509
1.0 7.0 0.846224 16.6524
1.0 7.0 0.664155 16.6425
1.0 7.0 0.630521 16.646
1.0 7.0 0.676439 16.6506
1.0 7.0 0.802221 16.6324
1.0 7.0 0.671466 16.65
1.0 7.0 0.807052 16.6396
1.0 7.0 0.833688 16.6528
1.0 7.0 0.596196 16.6435
1.0 7.0 0.648086 16.598
1.0 7.0 0.608264 16.6294
1.0 7.0 0.923553 16.6329
1.0 7.0 0.644739 16.6249
1.0 7.0 0.818353 16.6428
1.0 7.0 0.910178 16.6426
1.0 7.0 0.83037 16.6526
1.0 7.0 0.699015 16.6528
1.0 7.0 0.816154 16.648
1.0 7.0 0.633198 16.6033
1.0 7.0 0.73396 16.6409
1.0 7.0 0.621568 16.6517
1.0 7.0 0.598772 16.6174
1.0 7.0 1.30239 16.6508
1.0 7.0 0.648799 16.6309
1.0 7.0 0.66187 16.6397
1.0 7.0 0.619071 16.6306
1.0 7.0 0.656367 16.6504
1.0 7.0 0.631334 16.6388
1.0 7.0 0.805979 16.6486
1.0 7.0 0.837279 16.6519
1.0 7.0 0.632091 16.6245
1.0 7.0 0.640751 16.6528
1.0 7.0 0.911886 16.6435
1.0 7.0 0.848812 16.6487
1.0 7.0 1.32663 16.6409
1.0 7.0 0.624504 16.6479
1.0 7.0 1.36282 16.6455
1.0 7.0 0.965483 16.6233
1.0 7.0 0.830711 16.6524
1.0 7.0 0.925813 16.6513
1.0 7.0 0.601616 16.6527
1.0 7.0 0.623778 16.6514
1.0 7.0 0.623778 16.6514
1.0 7.0 0.623778 16.6514
1.0 7.0 0.623778 16.6514
1.0 7.0 0.623778 16.6514
1.0 7.0 0.623778 16.6514
1.0 7.0 0.623778 16.6514
1.0 7.0 0.623778 16.6514
1.0 8.0 0.873497 16.6266
1.0 8.0 0.805101 16.6517
1.0 8.0 0.915534 16.6168
1.0 8.0 0.872206 16.6487
1.0 8.0 0.969822 16.508
1.0 8.0 0.905854 16.6431
1.0 8.0 0.893814 16.6401
1.0 8.0 0.57628 16.6505
1.0 8.0 0.596763 16.6509
1.0 8.0 0.618909 16.5506
1.0 8.0 0.61337 16.6397
1.0 8.0 0.980481 16.6515
1.0 8.0 0.845657 16.647
1.0 8.0 0.81217 16.6514
1.0 8.0 0.637798 16.6406
1.0 8.0 0.598445 16.6148
1.0 8.0 0.657476 16.6507
1.0 8.0 0.620022 16.6519
1.0 8.0 0.567447 16.6482
1.0 8.0 0.566189 16.6235
1.0 8.0 0.840763 16.6528
1.0 8.0 0.814359 16.6528
1.0 8.0 0.926352 16.5575
1.0 8.0 0.857517 16.6404
1.0 8.0 0.863389 16.6254
1.0 8.0 0.605698 16.6527
1.0 8.0 0.617983 16.6126
1.0 8.0 0.856316 16.6483
1.0 8.0 0.868757 16.6143
1.0 8.0 0.611418 16.6415
1.0 8.0 0.611418 16.6415
1.0 8.0 0.611418 16.6415
1.0 8.0 0.611418 16.6415
1.0 8.0 0.611418 16.6415
1.0 8.0 0.611418 16.6415
1.0 8.0 0.611418 16.6415
1.0 8.0 0.611418 16.6415
1.0 8.0 0.611418 16.6415
1.0 8.0 0.611418 16.6415
1.0 8.0 0.611418 16.6415
1.0 8.0 0.611418 16.6415
1.0 8.0 0.611418 16.6415
1.0 8.0 0.611418 16.6415
1.0 8.0 0.611418 16.6415
1.0 8.0 0.611418 16.6415
1.0 8.0 0.611418 16.6415
1.0 8.0 0.611418 16.6415
1.0 8.0 0.611418 16.6415
1.0 8.0 0.611418 16.6415
1.0 8.0 0.611418 16.6415
1.0 9.0 1.31423 16.6272
1.0 9.0 0.835939 16.5473
1.0 9.0 0.973261 16.6517
1.0 9.0 0.767581 16.6335
1.0 9.0 0.923361 16.6299
1.0 9.0 0.761591 16.6503
1.0 9.0 0.970048 16.6478
1.0 9.0 0.849758 16.6436
1.0 9.0 0.91177 16.642
1.0 9.0 1.1918 16.5262
1.0 9.0 1.31385 16.5747
1.0 9.0 0.85656 16.6492
1.0 9.0 1.01679 16.6472
1.0 9.0 0.894541 16.6527
1.0 9.0 0.977396 16.6435
1.0 9.0 0.888856 16.6524
1.0 9.0 0.935335 16.6527
1.0 9.0 0.760647 16.6524
1.0 9.0 0.850589 16.5678
1.0 9.0 0.746363 16.6416
1.0 9.0 1.28621 16.6369
1.0 9.0 0.968267 16.6451
1.0 9.0 1.27397 16.6425
1.0 9.0 0.841197 16.649
1.0 9.0 1.24881 16.6524
1.0 9.0 0.92458 16.5962
1.0 9.0 1.2978 16.652
1.0 9.0 0.863347 16.6517
1.0 9.0 1.17134 16.6451
1.0 9.0 0.858764 16.6528
1.0 9.0 0.826387 16.6518
1.0 9.0 0.897936 16.651
1.0 9.0 0.82413 16.6508
1.0 9.0 0.900975 16.6223
1.0 9.0 1.1714 16.6519
1.0 9.0 1.26734 16.6523
1.0 9.0 0.898988 16.6527
1.0 9.0 0.878316 16.6176
1.0 9.0 1.29264 16.6517
1.0 9.0 0.932547 16.6491
1.0 9.0 0.900187 16.6091
1.0 9.0 1.15893 16.6524
1.0 9.0 0.803619 16.6177
1.0 9.0 0.825585 16.648
1.0 9.0 0.825585 16.648
1.0 9.0 0.825585 16.648
1.0 9.0 0.825585 16.648
1.0 9.0 0.825585 16.648
1.0 9.0 0.825585 16.648
1.0 9.0 0.825585 16.648
1.0 15.0 1.24732 16.6519
1.0 15.0 1.0358 16.6431
1.0 15.0 0.933294 16.642
1.0 15.0 0.916905 16.6518
1.0 15.0 0.774658 16.6455
1.0 15.0 0.799537 16.6211
1.0 15.0 0.789133 16.6321
1.0 15.0 0.918262 16.6399
1.0 15.0 1.33382 16.6331
1.0 15.0 1.00908 16.6495
1.0 15.0 1.25982 16.6466
1.0 15.0 1.14144 16.6396
1.0 15.0 0.901179 16.6517
1.0 15.0 1.40025 16.5262
1.0 15.0 1.28001 16.6528
1.0 15.0 1.16634 16.6342
1.0 15.0 0.807076 16.6404
1.0 15.0 0.888342 16.6331
1.0 15.0 1.28143 16.6527
1.0 15.0 0.781503 16.6248
1.0 15.0 0.870543 16.6522
1.0 15.0 0.956608 16.6288
1.0 15.0 1.22545 16.6516
1.0 15.0 1.25842 16.6513
1.0 15.0 0.857226 16.6524
1.0 15.0 0.796127 16.6487
1.0 15.0 1.26086 16.6476
1.0 15.0 0.997182 16.6498
1.0 15.0 0.906071 16.6427
1.0 15.0 0.821808 16.6526
1.0 15.0 1.31273 16.6528
1.0 15.0 0.919585 16.6508
1.0 15.0 0.929707 16.6203
1.0 15.0 0.818514 16.5964
1.0 15.0 1.28391 16.6518
1.0 15.0 1.43668 16.6126
1.0 15.0 0.909243 16.6451
1.0 15.0 0.773082 16.6503
1.0 15.0 0.847497 16.5262
1.0 15.0 1.21158 16.6275
1.0 15.0 1.25424 16.6021
1.0 15.0 0.773879 16.6522
1.0 15.0 0.80732 16.5339
1.0 15.0 1.15129 16.6528
1.0 15.0 0.866521 16.6528
1.0 15.0 1.35637 16.6454
1.0 15.0 1.27029 16.6476
1.0 15.0 0.891567 16.6528
1.0 15.0 1.42716 16.649
1.0 15.0 0.787677 16.6528
1.0 16.0 1.26956 16.6462
1.0 16.0 0.980949 16.5262
1.0 16.0 1.65682 16.6502
1.0 16.0 0.880738 16.6396
1.0 16.0 1.31897 16.651
1.0 16.0 0.965099 16.6487
1.0 16.0 0.826713 16.5262
1.0 16.0 1.32831 16.6515
1.0 16.0 0.94831 16.6462
1.0 16.0 1.31186 16.6293
1.0 16.0 0.802335 16.652
1.0 16.0 0.903932 16.6269
1.0 16.0 1.30974 16.6527
1.0 16.0 0.813919 16.6142
1.0 16.0 1.27502 16.6442
1.0 16.0 0.89078 16.6466
1.0 16.0 0.884693 16.6515
1.0 16.0 0.878488 16.6476
1.0 16.0 1.42947 16.6323
1.0 16.0 1.04337 16.5815
1.0 16.0 0.878117 16.6471
1.0 16.0 0.911823 16.6267
1.0 16.0 1.28559 16.6108
1.0 16.0 0.919389 16.6311
1.0 16.0 0.944748 16.6228
1.0 16.0 0.986178 16.6476
1.0 16.0 1.08951 16.6478
1.0 16.0 1.28362 16.6528
1.0 16.0 0.822433 16.6501
1.0 16.0 1.4469 16.5262
1.0 16.0 1.44833 16.6528
1.0 16.0 0.96689 16.6509
1.0 16.0 1.44466 16.5926
1.0 16.0 1.40279 16.6161
1.0 16.0 1.27736 16.6032
1.0 16.0 0.921029 16.6508
1.0 16.0 1.20716 16.6488
1.0 16.0 0.96851 16.6235
1.0 16.0 0.990096 16.6515
1.0 16.0 0.938685 16.5262
1.0 16.0 1.28381 16.6487
1.0 16.0 1.33764 16.6476
1.0 16.0 1.42377 16.6379
1.0 16.0 1.07634 16.6394
1.0 16.0 0.960157 16.6499
1.0 16.0 0.947192 16.6527
1.0 16.0 1.44866 16.6515
1.0 16.0 1.14179 16.6483
1.0 16.0 0.909002 16.6464
1.0 16.0 1.34299 16.6246
1.0 17.0 1.36918 16.6509
1.0 17.0 1.38412 16.5262
1.0 17.0 0.915333 16.5792
1.0 17.0 0.907613 16.6431
1.0 17.0 0.924659 16.6516
1.0 17.0 0.955768 16.632
1.0 17.0 0.937333 16.6362
1.0 17.0 0.933885 16.6523
1.0 17.0 0.982445 16.6528
1.0 17.0 0.876316 16.647
1.0 17.0 1.33177 16.6141
1.0 17.0 0.89651 16.5262
1.0 17.0 0.919453 16.6462
1.0 17.0 0.903117 16.6324
1.0 17.0 0.902216 16.6303
1.0 17.0 1.01157 16.615
1.0 17.0 0.933263 16.6527
1.0 17.0 0.80578 16.6445
1.0 17.0 1.04062 16.6391
1.0 17.0 0.935177 16.6528
1.0 17.0 1.35334 16.6444
1.0 17.0 1.30975 16.6523
1.0 17.0 0.849349 16.6518
1.0 17.0 1.3411 16.6412
1.0 17.0 0.890109 16.5454
1.0 17.0 0.911172 16.6236
1.0 17.0 0.878167 16.6479
1.0 17.0 0.895049 16.6402
1.0 17.0 0.883273 16.6181
1.0 17.0 0.831936 16.6519
1.0 17.0 0.926267 16.6513
1.0 17.0 1.30934 16.6503
1.0 17.0 0.834566 16.6505
1.0 17.0 0.978527 16.6473
1.0 17.0 0.983894 16.6474
1.0 17.0 1.02573 16.63
1.0 17.0 0.876144 16.6517
1.0 17.0 0.897191 16.6406
1.0 17.0 0.985523 16.6485
1.0 17.0 0.961562 16.6523
1.0 17.0 0.909663 16.6476
1.0 17.0 0.873646 16.6493
1.0 17.0 1.2391 16.6454
1.0 17.0 0.825423 16.6517
1.0 17.0 1.40915 16.6413
1.0 17.0 0.948349 16.6512
1.0 17.0 0.967741 16.6454
1.0 17.0 0.927675 16.6334
1.0 17.0 0.91705 16.6509
1.0 17.0 1.36201 16.6457
1.0 31.0 1.36992 16.6505
1.0 31.0 1.37036 16.6527
1.0 31.0 1.30741 16.6476
1.0 31.0 1.35263 16.6103
1.0 31.0 1.3514 16.6517
1.0 31.0 1.24486 16.6458
1.0 31.0 1.30795 16.652
1.0 31.0 1.258 16.6506
1.0 31.0 1.32812 16.6356
1.0 31.0 0.982355 16.6526
1.0 31.0 1.35599 16.6461
1.0 31.0 1.23727 16.6528
1.0 31.0 0.975953 16.6527
1.0 31.0 1.19777 16.6515
1.0 31.0 1.31425 16.6501
1.0 31.0 1.2418 16.6176
1.0 31.0 1.28295 16.5361
1.0 31.0 1.01272 16.6521
1.0 31.0 1.39264 16.6476
1.0 31.0 1.01698 16.3864
1.0 31.0 1.01929 16.6521
1.0 31.0 1.35533 16.6227
1.0 31.0 0.99256 16.6433
1.0 31.0 1.41457 16.6516
1.0 31.0 1.2735 16.6363
1.0 31.0 1.30421 16.6508
1.0 31.0 1.38023 16.6528
1.0 31.0 1.34788 16.6522
1.0 31.0 1.32312 16.6499
1.0 31.0 1.31773 16.6518
1.0 31.0 1.35607 16.6508
1.0 31.0 1.02345 16.651
1.0 31.0 1.27217 16.6467
1.0 31.0 0.994433 16.6042
1.0 31.0 1.01365 16.626
1.0 31.0 1.31861 16.6476
1.0 31.0 1.39424 16.5965
1.0 31.0 1.35515 16.6476
1.0 31.0 1.31322 16.6469
1.0 31.0 1.29483 16.647
1.0 31.0 1.38553 16.6425
1.0 31.0 0.985217 16.5987
1.0 31.0 1.33354 16.6431
1.0 31.0 0.98797 16.6474
1.0 31.0 1.39051 16.6463
1.0 31.0 1.42152 16.631
1.0 31.0 0.968689 16.6303
1.0 31.0 0.983958 16.6372
1.0 31.0 1.25061 16.6475
1.0 31.0 1.00857 16.647
1.0 32.0 1.27614 16.6375
1.0 32.0 1.28019 16.6476
1.0 32.0 1.29546 16.6431
1.0 32.0 1.31977 16.6513
1.0 32.0 0.930227 16.6476
1.0 32.0 0.930506 16.634
1.0 32.0 1.26833 16.651
1.0 32.0 0.927544 16.613
1.0 32.0 1.36527 16.6523
1.0 32.0 0.918549 16.6508
1.0 32.0 1.27 16.6501
1.0 32.0 1.35313 16.5909
1.0 32.0 1.3768 16.635
1.0 32.0 1.32562 16.6517
1.0 32.0 1.3929 16.6439
1.0 32.0 1.30522 16.6425
1.0 32.0 1.31501 16.6528
1.0 32.0 1.32302 16.622
1.0 32.0 0.930288 16.6434
1.0 32.0 0.949294 16.6522
1.0 32.0 1.27955 16.6528
1.0 32.0 0.95638 16.6508
1.0 32.0 0.920101 16.6499
1.0 32.0 0.950309 16.6497
1.0 32.0 1.37794 16.6512
1.0 32.0 0.931376 16.6527
1.0 32.0 1.0242 16.6073
1.0 32.0 1.32912 16.6507
1.0 32.0 0.923215 16.6517
1.0 32.0 1.31791 16.5476
1.0 32.0 1.51268 16.6528
1.0 32.0 1.29806 16.6482
1.0 32.0 0.92497 16.6275
1.0 32.0 1.35686 16.6369
1.0 32.0 1.32219 16.6481
1.0 32.0 1.30042 16.6204
1.0 32.0 1.33494 16.6506
1.0 32.0 1.29055 16.612
1.0 32.0 1.37137 16.6423
1.0 32.0 1.27231 16.6524
1.0 32.0 0.92226 16.6483
1.0 32.0 1.29976 16.6515
1.0 32.0 1.27196 16.6405
1.0 32.0 1.34433 16.6518
1.0 32.0 0.92242 16.6493
1.0 32.0 1.30658 16.6407
1.0 32.0 0.939967 16.5376
1.0 32.0 1.25476 16.6497
1.0 32.0 1.33558 16.5262
1.0 32.0 0.932912 16.6527
1.0 33.0 1.02333 16.6445
1.0 33.0 1.02461 16.6325
1.0 33.0 0.995545 16.644
1.0 33.0 0.994082 16.6501
1.0 33.0 1.02223 16.6324
1.0 33.0 0.976081 16.6326
1.0 33.0 1.16327 16.6509
1.0 33.0 1.02371 16.6421
1.0 33.0 1.00127 16.6495
1.0 33.0 1.01724 16.6516
1.0 33.0 1.02238 16.6526
1.0 33.0 0.994726 16.6177
1.0 33.0 1.03068 16.648
1.0 33.0 1.02387 16.63
1.0 33.0 0.976294 16.6517
1.0 33.0 1.23204 16.651
1.0 33.0 0.920608 16.6218
1.0 33.0 0.970132 16.6333
1.0 33.0 1.09366 16.6515
1.0 33.0 0.998168 16.6363
1.0 33.0 1.06137 16.6515
1.0 33.0 1.03625 16.6391
1.0 33.0 1.03162 16.6391
1.0 33.0 1.02941 16.598
1.0 33.0 0.991313 16.6416
1.0 33.0 0.988814 16.6485
1.0 33.0 0.995924 16.6517
1.0 33.0 0.990209 16.651
1.0 33.0 0.981838 16.6477
1.0 33.0 1.05013 16.6381
1.0 33.0 1.01504 16.5848
1.0 33.0 1.01679 16.6402
1.0 33.0 0.994389 16.6438
1.0 33.0 0.988747 16.6185
1.0 33.0 1.02177 16.6513
1.0 33.0 1.02107 16.63
1.0 33.0 1.00952 16.6476
1.0 33.0 0.999917 16.6483
1.0 33.0 1.02325 16.6368
1.0 33.0 1.01481 16.5933
1.0 33.0 0.965699 16.6518
1.0 33.0 1.01534 16.6509
1.0 33.0 1.02805 16.6407
1.0 33.0 0.994849 16.6455
1.0 33.0 0.937281 16.6509
1.0 33.0 0.948204 16.652
1.0 33.0 1.028 16.6521
1.0 33.0 1.00955 16.6524
1.0 33.0 1.02634 16.6472
1.0 33.0 0.991028 16.6479
2.0 3.0 0.387871 -1.7236e-43
2.0 3.0 0.391489 -1.7236e-43
2.0 3.0 0.993449 -1.7236e-43
2.0 3.0 0.368756 -1.7236e-43
2.0 3.0 1.09576 -1.7236e-43
2.0 3.0 1.03126 -1.7236e-43
2.0 3.0 0.996912 -1.7236e-43
2.0 3.0 1.18166 -1.7236e-43
2.0 3.0 1.14992 -1.7236e-43
2.0 3.0 0.389986 -1.7236e-43
2.0 3.0 0.381832 -1.7236e-43
2.0 3.0 0.93539 -1.7236e-43
2.0 3.0 1.07567 -1.7236e-43
2.0 3.0 1.20904 -1.7236e-43
2.0 3.0 1.06632 -1.7236e-43
2.0 3.0 0.400668 -1.7236e-43
2.0 3.0 1.00588 -1.7236e-43
2.0 3.0 0.341054 -1.7236e-43
2.0 3.0 1.15423 -1.7236e-43
2.0 3.0 0.372646 -1.7236e-43
2.0 3.0 1.06625 -1.7236e-43
2.0 3.0 0.933319 -1.7236e-43
2.0 3.0 0.884359 -1.7236e-43
2.0 3.0 0.910318 -1.7236e-43
2.0 3.0 1.19558 -1.7236e-43
2.0 3.0 1.10621 -1.7236e-43
2.0 3.0 0.984061 -1.7236e-43
2.0 3.0 1.17119 -1.7236e-43
2.0 3.0 0.918289 -1.7236e-43
2.0 3.0 0.385329 -1.7236e-43
2.0 3.0 0.415592 -1.7236e-43
2.0 3.0 0.415592 -1.7236e-43
2.0 3.0 0.415592 -1.7236e-43
2.0 3.0 0.415592 -1.7236e-43
2.0 3.0 0.415592 -1.7236e-43
2.0 3.0 0.415592 -1.7236e-43
2.0 3.0 0.415592 -1.7236e-43
2.0 3.0 0.415592 -1.7236e-43
2.0 3.0 0.415592 -1.7236e-43
2.0 3.0 0.415592 -1.7236e-43
2.0 3.0 0.415592 -1.7236e-43
2.0 3.0 0.415592 -1.7236e-43
2.0 3.0 0.415592 -1.7236e-43
2.0 3.0 0.415592 -1.7236e-43
2.0 3.0 0.415592 -1.7236e-43
2.0 3.0 0.415592 -1.7236e-43
2.0 3.0 0.415592 -1.7236e-43
2.0 3.0 0.415592 -1.7236e-43
2.0 3.0 0.415592 -1.7236e-43
2.0 3.0 0.415592 -1.7236e-43
2.0 4.0 0.32566 -1.7236e-43
2.0 4.0 0.325112 -1.7236e-43
2.0 4.0 0.773797 -1.7236e-43
2.0 4.0 0.93673 -1.7236e-43
2.0 4.0 0.815914 -1.7236e-43
2.0 4.0 0.890102 -1.7236e-43
2.0 4.0 1.1956 -1.7236e-43
2.0 4.0 1.205 -1.7236e-43
2.0 4.0 0.961851 -1.7236e-43
2.0 4.0 1.22959 -1.7236e-43
2.0 4.0 1.02144 -1.7236e-43
2.0 4.0 1.38936 -1.7236e-43
2.0 4.0 0.332219 -1.7236e-43
2.0 4.0 1.22042 -1.7236e-43
2.0 4.0 0.396569 -1.7236e-43
2.0 4.0 0.643924 -1.7236e-43
2.0 4.0 0.340449 -1.7236e-43
2.0 4.0 1.03464 -1.7236e-43
2.0 4.0 0.376176 -1.7236e-43
2.0 4.0 0.312349 -1.7236e-43
2.0 4.0 0.343547 -1.7236e-43
2.0 4.0 1.00346 -1.7236e-43
2.0 4.0 0.848188 -1.7236e-43
2.0 4.0 1.12448 -1.7236e-43
2.0 4.0 0.904279 -1.7236e-43
2.0 4.0 0.361118 -1.7236e-43
2.0 4.0 1.19819 -1.7236e-43
2.0 4.0 0.849321 -1.7236e-43
2.0 4.0 0.820064 -1.7236e-43
2.0 4.0 0.331356 -1.7236e-43
2.0 4.0 0.364772 -1.7236e-43
2.0 4.0 0.993375 -1.7236e-43
2.0 4.0 0.802442 -1.7236e-43
2.0 4.0 1.0918 -1.7236e-43
2.0 4.0 0.949942 -1.7236e-43
2.0 4.0 0.314143 -1.7236e-43
2.0 4.0 0.624372 -1.7236e-43
2.0 4.0 0.369008 -1.7236e-43
2.0 4.0 0.613392 -1.7236e-43
2.0 4.0 0.983924 -1.7236e-43
2.0 4.0 0.364615 -1.7236e-43
2.0 4.0 0.364615 -1.7236e-43
2.0 4.0 0.364615 -1.7236e-43
2.0 4.0 0.364615 -1.7236e-43
2.0 4.0 0.364615 -1.7236e-43
2.0 4.0 0.364615 -1.7236e-43
2.0 4.0 0.364615 -1.7236e-43
2.0 4.0 0.364615 -1.7236e-43
2.0 4.0 0.364615 -1.7236e-43
2.0 4.0 0.364615 -1.7236e-43
2.0 5.0 1.636 -1.12104e-44
2.0 5.0 0.912367 -1.12104e-44
2.0 5.0 0.634514 -1.12104e-44
2.0 5.0 0.765543 -1.12104e-44
2.0 5.0 0.718421 -1.12104e-44
2.0 5.0 1.34476 -1.12104e-44
2.0 5.0 0.980981 -1.12104e-44
2.0 5.0 1.15571 -1.12104e-44
2.0 5.0 0.576252 -1.12104e-44
2.0 5.0 2.05466 -1.12104e-44
2.0 5.0 0.770398 -1.12104e-44
2.0 5.0 1.36634 -1.12104e-44
2.0 5.0 1.35817 -1.12104e-44
2.0 5.0 2.12411 -1.12104e-44
2.0 5.0 0.627931 -1.12104e-44
2.0 5.0 0.670479 -1.12104e-44
2.0 5.0 1.31819 -1.12104e-44
2.0 5.0 0.585957 -1.12104e-44
2.0 5.0 0.672525 -1.12104e-44
2.0 5.0 0.648975 -1.12104e-44
2.0 5.0 0.624787 -1.12104e-44
2.0 5.0 1.27442 -1.12104e-44
2.0 5.0 0.614603 -1.12104e-44
2.0 5.0 0.847848 -1.12104e-44
2.0 5.0 0.571601 -1.12104e-44
2.0 5.0 0.673229 -1.12104e-44
2.0 5.0 0.744422 -1.12104e-44
2.0 5.0 0.657432 -1.12104e-44
2.0 5.0 0.722347 -1.12104e-44
2.0 5.0 0.588274 -1.12104e-44
2.0 5.0 1.01828 -1.12104e-44
2.0 5.0 0.669069 -1.12104e-44
2.0 5.0 0.855041 -1.12104e-44
2.0 5.0 0.911048 -1.12104e-44
2.0 5.0 0.626623 -1.12104e-44
2.0 5.0 0.742036 -1.12104e-44
2.0 5.0 0.650873 -1.12104e-44
2.0 5.0 2.14281 -1.12104e-44
2.0 5.0 1.42111 -1.12104e-44
2.0 5.0 0.732985 -1.12104e-44
2.0 5.0 0.726685 -1.12104e-44
2.0 5.0 1.76505 -1.12104e-44
2.0 5.0 0.66176 -1.12104e-44
2.0 5.0 0.567341 -1.12104e-44
2.0 5.0 0.567341 -1.12104e-44
2.0 5.0 0.567341 -1.12104e-44
2.0 5.0 0.567341 -1.12104e-44
2.0 5.0 0.567341 -1.12104e-44
2.0 5.0 0.567341 -1.12104e-44
2.0 5.0 0.567341 -1.12104e-44
2.0 7.0 1.35967 -1.12104e-44
2.0 7.0 0.815431 -1.12104e-44
2.0 7.0 0.796025 -1.12104e-44
2.0 7.0 0.908351 -1.12104e-44
2.0 7.0 0.60248 -1.12104e-44
2.0 7.0 0.799705 -1.12104e-44
2.0 7.0 0.803419 -1.12104e-44
2.0 7.0 0.60433 -1.12104e-44
2.0 7.0 0.616396 -1.12104e-44
2.0 7.0 0.82402 -1.12104e-44
2.0 7.0 0.605616 -1.12104e-44
2.0 7.0 0.826433 -1.12104e-44
2.0 7.0 0.603858 -1.12104e-44
2.0 7.0 1.2707 -1.12104e-44
2.0 7.0 0.809351 -1.12104e-44
2.0 7.0 0.817056 -1.12104e-44
2.0 7.0 0.818674 -1.12104e-44
2.0 7.0 0.603938 -1.12104e-44
2.0 7.0 0.609338 -1.12104e-44
2.0 7.0 0.910396 -1.12104e-44
2.0 7.0 0.829338 -1.12104e-44
2.0 7.0 0.905984 -1.12104e-44
2.0 7.0 0.767448 -1.12104e-44
2.0 7.0 0.650286 -1.12104e-44
2.0 7.0 0.893545 -1.12104e-44
2.0 7.0 0.621514 -1.12104e-44
2.0 7.0 0.602436 -1.12104e-44
2.0 7.0 0.824899 -1.12104e-44
2.0 7.0 0.800141 -1.12104e-44
2.0 7.0 0.872535 -1.12104e-44
2.0 7.0 0.771542 -1.12104e-44
2.0 7.0 0.799656 -1.12104e-44
2.0 7.0 0.755953 -1.12104e-44
2.0 7.0 0.812554 -1.12104e-44
2.0 7.0 0.90179 -1.12104e-44
2.0 7.0 1.28397 -1.12104e-44
2.0 7.0 0.664982 -1.12104e-44
2.0 7.0 0.902089 -1.12104e-44
2.0 7.0 0.945857 -1.12104e-44
2.0 7.0 0.662451 -1.12104e-44
2.0 7.0 0.6196 -1.12104e-44
2.0 7.0 0.919575 -1.12104e-44
2.0 7.0 0.796334 -1.12104e-44
2.0 7.0 0.610353 -1.12104e-44
2.0 7.0 0.8446 -1.12104e-44
2.0 7.0 1.34804 -1.12104e-44
2.0 7.0 1.34804 -1.12104e-44
2.0 7.0 1.34804 -1.12104e-44
2.0 7.0 1.34804 -1.12104e-44
2.0 7.0 1.34804 -1.12104e-44
2.0 8.0 0.870746 -1.12104e-44
2.0 8.0 0.940784 -1.12104e-44
2.0 8.0 0.754506 -1.12104e-44
2.0 8.0 0.642533 -1.12104e-44
2.0 8.0 0.619991 -1.12104e-44
2.0 8.0 0.764272 -1.12104e-44
2.0 8.0 0.999277 -1.12104e-44
2.0 8.0 0.652732 -1.12104e-44
2.0 8.0 0.587049 -1.12104e-44
2.0 8.0 0.579416 -1.12104e-44
2.0 8.0 0.573073 -1.12104e-44
2.0 8.0 0.837888 -1.12104e-44
2.0 8.0 0.604519 -1.12104e-44
2.0 8.0 0.584476 -1.12104e-44
2.0 8.0 0.727331 -1.12104e-44
2.0 8.0 0.866461 -1.12104e-44
2.0 8.0 0.818152 -1.12104e-44
2.0 8.0 0.884927 -1.12104e-44
2.0 8.0 0.56217 -1.12104e-44
2.0 8.0 0.586897 -1.12104e-44
2.0 8.0 0.584907 -1.12104e-44
2.0 8.0 0.628144 -1.12104e-44
2.0 8.0 0.585593 -1.12104e-44
2.0 8.0 0.910792 -1.12104e-44
2.0 8.0 0.583871 -1.12104e-44
2.0 8.0 0.790672 -1.12104e-44
2.0 8.0 0.598126 -1.12104e-44
2.0 8.0 0.598905 -1.12104e-44
2.0 8.0 0.844954 -1.12104e-44
2.0 8.0 0.611193 -1.12104e-44
2.0 8.0 0.591092 -1.12104e-44
2.0 8.0 0.861956 -1.12104e-44
2.0 8.0 0.582839 -1.12104e-44
2.0 8.0 0.601391 -1.12104e-44
2.0 8.0 0.736124 -1.12104e-44
2.0 8.0 0.736124 -1.12104e-44
2.0 8.0 0.736124 -1.12104e-44
2.0 8.0 0.736124 -1.12104e-44
2.0 8.0 0.736124 -1.12104e-44
2.0 8.0 0.736124 -1.12104e-44
2.0 8.0 0.736124 -1.12104e-44
2.0 8.0 0.736124 -1.12104e-44
2.0 8.0 0.736124 -1.12104e-44
2.0 8.0 0.736124 -1.12104e-44
2.0 8.0 0.736124 -1.12104e-44
2.0 8.0 0.736124 -1.12104e-44
2.0 8.0 0.736124 -1.12104e-44
2.0 8.0 0.736124 -1.12104e-44
2.0 8.0 0.736124 -1.12104e-44
2.0 8.0 0.736124 -1.12104e-44
2.0 9.0 0.95858 -1.12104e-44
2.0 9.0 0.852985 -1.12104e-44
2.0 9.0 0.977408 -1.12104e-44
2.0 9.0 0.706176 -1.12104e-44
2.0 9.0 1.1846 -1.12104e-44
2.0 9.0 0.924526 -1.12104e-44
2.0 9.0 1.8765 -1.12104e-44
2.0 9.0 0.867244 -1.12104e-44
2.0 9.0 1.07313 -1.12104e-44
2.0 9.0 1.29684 -1.12104e-44
2.0 9.0 0.922622 -1.12104e-44
2.0 9.0 0.869104 -1.12104e-44
2.0 9.0 0.872927 -1.12104e-44
2.0 9.0 0.93761 -1.12104e-44
2.0 9.0 1.30441 -1.12104e-44
2.0 9.0 1.24664 -1.12104e-44
2.0 9.0 0.925499 -1.12104e-44
2.0 9.0 0.830715 -1.12104e-44
2.0 9.0 1.2862 -1.12104e-44
2.0 9.0 0.979546 -1.12104e-44
2.0 9.0 0.916754 -1.12104e-44
2.0 9.0 1.31409 -1.12104e-44
2.0 9.0 0.890814 -1.12104e-44
2.0 9.0 1.39041 -1.12104e-44
2.0 9.0 1.38104 -1.12104e-44
2.0 9.0 0.856019 -1.12104e-44
2.0 9.0 0.82132 -1.12104e-44
2.0 9.0 0.957491 -1.12104e-44
2.0 9.0 0.964398 -1.12104e-44
2.0 9.0 0.83514 -1.12104e-44
2.0 9.0 0.829131 -1.12104e-44
2.0 9.0 1.28513 -1.12104e-44
2.0 9.0 0.954931 -1.12104e-44
2.0 9.0 0.908468 -1.12104e-44
2.0 9.0 0.944706 -1.12104e-44
2.0 9.0 0.70475 -1.12104e-44
2.0 9.0 0.947955 -1.12104e-44
2.0 9.0 0.905653 -1.12104e-44
2.0 9.0 0.816497 -1.12104e-44
2.0 9.0 1.27031 -1.12104e-44
2.0 9.0 0.967059 -1.12104e-44
2.0 9.0 0.922583 -1.12104e-44
2.0 9.0 0.713643 -1.12104e-44
2.0 9.0 0.861603 -1.12104e-44
2.0 9.0 1.34871 -1.12104e-44
2.0 9.0 1.34871 -1.12104e-44
2.0 9.0 1.34871 -1.12104e-44
2.0 9.0 1.34871 -1.12104e-44
2.0 9.0 1.34871 -1.12104e-44
2.0 9.0 1.34871 -1.12104e-44
2.0 15.0 0.873348 -2.8026e-45
2.0 15.0 1.30994 -2.8026e-45
2.0 15.0 0.957476 -2.8026e-45
2.0 15.0 1.27028 -2.8026e-45
2.0 15.0 1.41997 -2.8026e-45
2.0 15.0 0.857452 -2.8026e-45
2.0 15.0 0.967263 -2.8026e-45
2.0 15.0 0.784617 -2.8026e-45
2.0 15.0 0.784379 -2.8026e-45
2.0 15.0 0.877729 -2.8026e-45
2.0 15.0 0.926281 -2.8026e-45
2.0 15.0 1.15976 -2.8026e-45
2.0 15.0 0.780157 -2.8026e-45
2.0 15.0 0.892467 -2.8026e-45
2.0 15.0 0.826227 -2.8026e-45
2.0 15.0 1.30386 -2.8026e-45
2.0 15.0 0.775501 -2.8026e-45
2.0 15.0 0.898305 -2.8026e-45
2.0 15.0 1.28739 -2.8026e-45
2.0 15.0 1.20135 -2.8026e-45
2.0 15.0 1.27429 -2.8026e-45
2.0 15.0 1.06862 -2.8026e-45
2.0 15.0 0.856925 -2.8026e-45
2.0 15.0 1.23133 -2.8026e-45
2.0 15.0 0.777117 -2.8026e-45
2.0 15.0 1.00314 -2.8026e-45
2.0 15.0 1.28674 -2.8026e-45
2.0 15.0 0.987489 -2.8026e-45
2.0 15.0 1.30061 -2.8026e-45
2.0 15.0 1.31416 -2.8026e-45
2.0 15.0 0.777786 -2.8026e-45
2.0 15.0 0.932581 -2.8026e-45
2.0 15.0 1.34792 -2.8026e-45
2.0 15.0 1.21592 -2.8026e-45
2.0 15.0 0.781251 -2.8026e-45
2.0 15.0 0.866436 -2.8026e-45
2.0 15.0 1.01233 -2.8026e-45
2.0 15.0 1.25983 -2.8026e-45
2.0 15.0 0.869388 -2.8026e-45
2.0 15.0 1.35862 -2.8026e-45
2.0 15.0 0.882822 -2.8026e-45
2.0 15.0 1.29603 -2.8026e-45
2.0 15.0 1.21483 -2.8026e-45
2.0 15.0 1.3851 -2.8026e-45
2.0 15.0 0.925764 -2.8026e-45
2.0 15.0 0.964862 -2.8026e-45
2.0 15.0 0.771796 -2.8026e-45
2.0 15.0 1.15073 -2.8026e-45
2.0 15.0 1.30135 -2.8026e-45
2.0 15.0 0.909871 -2.8026e-45
2.0 16.0 0.935027 -2.8026e-45
2.0 16.0 1.40377 -2.8026e-45
2.0 16.0 0.969003 -2.8026e-45
2.0 16.0 1.25756 -2.8026e-45
2.0 16.0 1.34188 -2.8026e-45
2.0 16.0 0.969826 -2.8026e-45
2.0 16.0 0.84475 -2.8026e-45
2.0 16.0 1.35424 -2.8026e-45
2.0 16.0 1.36325 -2.8026e-45
2.0 16.0 0.979969 -2.8026e-45
2.0 16.0 0.905919 -2.8026e-45
2.0 16.0 1.35167 -2.8026e-45
2.0 16.0 0.93124 -2.8026e-45
2.0 16.0 0.81899 -2.8026e-45
2.0 16.0 1.30679 -2.8026e-45
2.0 16.0 0.916453 -2.8026e-45
2.0 16.0 0.989171 -2.8026e-45
2.0 16.0 0.872438 -2.8026e-45
2.0 16.0 0.837927 -2.8026e-45
2.0 16.0 1.25614 -2.8026e-45
2.0 16.0 1.29318 -2.8026e-45
2.0 16.0 1.02594 -2.8026e-45
2.0 16.0 0.953789 -2.8026e-45
2.0 16.0 1.24991 -2.8026e-45
2.0 16.0 0.819955 -2.8026e-45
2.0 16.0 0.992156 -2.8026e-45
2.0 16.0 1.19959 -2.8026e-45
2.0 16.0 0.832036 -2.8026e-45
2.0 16.0 0.808029 -2.8026e-45
2.0 16.0 0.902763 -2.8026e-45
2.0 16.0 1.32972 -2.8026e-45
2.0 16.0 1.46782 -2.8026e-45
2.0 16.0 0.835949 -2.8026e-45
2.0 16.0 0.876704 -2.8026e-45
2.0 16.0 0.877749 -2.8026e-45
2.0 16.0 1.06833 -2.8026e-45
2.0 16.0 1.36158 -2.8026e-45
2.0 16.0 0.917306 -2.8026e-45
2.0 16.0 0.871451 -2.8026e-45
2.0 16.0 1.34108 -2.8026e-45
2.0 16.0 1.47746 -2.8026e-45
2.0 16.0 1.68769 -2.8026e-45
2.0 16.0 1.40055 -2.8026e-45
2.0 16.0 1.00767 -2.8026e-45
2.0 16.0 0.926236 -2.8026e-45
2.0 16.0 0.945378 -2.8026e-45
2.0 16.0 1.46655 -2.8026e-45
2.0 16.0 1.29987 -2.8026e-45
2.0 16.0 1.03104 -2.8026e-45
2.0 16.0 0.868698 -2.8026e-45
2.0 17.0 0.910924 -2.8026e-45
2.0 17.0 0.997532 -2.8026e-45
2.0 17.0 0.929408 -2.8026e-45
2.0 17.0 1.34213 -2.8026e-45
2.0 17.0 1.33483 -2.8026e-45
2.0 17.0 1.01631 -2.8026e-45
2.0 17.0 0.961247 -2.8026e-45
2.0 17.0 1.04021 -2.8026e-45
2.0 17.0 0.996447 -2.8026e-45
2.0 17.0 1.33846 -2.8026e-45
2.0 17.0 1.51381 -2.8026e-45
2.0 17.0 0.785487 -2.8026e-45
2.0 17.0 0.837732 -2.8026e-45
2.0 17.0 1.22913 -2.8026e-45
2.0 17.0 0.935811 -2.8026e-45
2.0 17.0 0.846776 -2.8026e-45
2.0 17.0 1.31124 -2.8026e-45
2.0 17.0 1.48244 -2.8026e-45
2.0 17.0 1.22678 -2.8026e-45
2.0 17.0 0.891582 -2.8026e-45
2.0 17.0 0.927151 -2.8026e-45
2.0 17.0 1.05249 -2.8026e-45
2.0 17.0 0.912335 -2.8026e-45
2.0 17.0 1.36144 -2.8026e-45
2.0 17.0 0.803999 -2.8026e-45
2.0 17.0 0.862632 -2.8026e-45
2.0 17.0 1.36919 -2.8026e-45
2.0 17.0 0.919153 -2.8026e-45
2.0 17.0 1.3287 -2.8026e-45
2.0 17.0 0.882166 -2.8026e-45
2.0 17.0 1.34756 -2.8026e-45
2.0 17.0 0.941875 -2.8026e-45
2.0 17.0 1.24093 -2.8026e-45
2.0 17.0 1.27235 -2.8026e-45
2.0 17.0 1.02702 -2.8026e-45
2.0 17.0 1.01293 -2.8026e-45
2.0 17.0 0.856497 -2.8026e-45
2.0 17.0 1.301 -2.8026e-45
2.0 17.0 1.34322 -2.8026e-45
2.0 17.0 0.911017 -2.8026e-45
2.0 17.0 0.891387 -2.8026e-45
2.0 17.0 0.943255 -2.8026e-45
2.0 17.0 1.39053 -2.8026e-45
2.0 17.0 1.30303 -2.8026e-45
2.0 17.0 0.941772 -2.8026e-45
2.0 17.0 0.962015 -2.8026e-45
2.0 17.0 0.817852 -2.8026e-45
2.0 17.0 0.888802 -2.8026e-45
2.0 17.0 0.832085 -2.8026e-45
2.0 17.0 0.873845 -2.8026e-45
2.0 31.0 1.3029 -2.8026e-45
2.0 31.0 1.24593 -2.8026e-45
2.0 31.0 1.30699 -2.8026e-45
2.0 31.0 1.00085 -2.8026e-45
2.0 31.0 1.30038 -2.8026e-45
2.0 31.0 1.36072 -2.8026e-45
2.0 31.0 1.3759 -2.8026e-45
2.0 31.0 1.42201 -2.8026e-45
2.0 31.0 1.01247 -2.8026e-45
2.0 31.0 1.30669 -2.8026e-45
2.0 31.0 0.954553 -2.8026e-45
2.0 31.0 1.26117 -2.8026e-45
2.0 31.0 0.990362 -2.8026e-45
2.0 31.0 1.1593 -2.8026e-45
2.0 31.0 0.985013 -2.8026e-45
2.0 31.0 1.37407 -2.8026e-45
2.0 31.0 1.34725 -2.8026e-45
2.0 31.0 1.25748 -2.8026e-45
2.0 31.0 1.00925 -2.8026e-45
2.0 31.0 1.36183 -2.8026e-45
2.0 31.0 1.32171 -2.8026e-45
2.0 31.0 1.00583 -2.8026e-45
2.0 31.0 1.28256 -2.8026e-45
2.0 31.0 1.32781 -2.8026e-45
2.0 31.0 1.37152 -2.8026e-45
2.0 31.0 1.30572 -2.8026e-45
2.0 31.0 1.36453 -2.8026e-45
2.0 31.0 1.32829 -2.8026e-45
2.0 31.0 1.27916 -2.8026e-45
2.0 31.0 1.40507 -2.8026e-45
2.0 31.0 0.965311 -2.8026e-45
2.0 31.0 1.31791 -2.8026e-45
2.0 31.0 1.33586 -2.8026e-45
2.0 31.0 1.30042 -2.8026e-45
2.0 31.0 1.0088 -2.8026e-45
2.0 31.0 1.3064 -2.8026e-45
2.0 31.0 0.994138 -2.8026e-45
2.0 31.0 1.0112 -2.8026e-45
2.0 31.0 0.968952 -2.8026e-45
2.0 31.0 1.34627 -2.8026e-45
2.0 31.0 1.25592 -2.8026e-45
2.0 31.0 0.966438 -2.8026e-45
2.0 31.0 1.46111 -2.8026e-45
2.0 31.0 0.990004 -2.8026e-45
2.0 31.0 0.996156 -2.8026e-45
2.0 31.0 1.28559 -2.8026e-45
2.0 31.0 0.968096 -2.8026e-45
2.0 31.0 1.00681 -2.8026e-45
2.0 31.0 1.31567 -2.8026e-45
2.0 31.0 0.99661 -2.8026e-45
2.0 32.0 1.3475 -2.8026e-45
2.0 32.0 1.30193 -2.8026e-45
2.0 32.0 0.930192 -2.8026e-45
2.0 32.0 0.934818 -2.8026e-45
2.0 32.0 0.929171 -2.8026e-45
2.0 32.0 1.32857 -2.8026e-45
2.0 32.0 1.3586 -2.8026e-45
2.0 32.0 1.26656 -2.8026e-45
2.0 32.0 1.40145 -2.8026e-45
2.0 32.0 0.934465 -2.8026e-45
2.0 32.0 0.941663 -2.8026e-45
2.0 32.0 1.37845 -2.8026e-45
2.0 32.0 0.929186 -2.8026e-45
2.0 32.0 1.34703 -2.8026e-45
2.0 32.0 0.953221 -2.8026e-45
2.0 32.0 0.927635 -2.8026e-45
2.0 32.0 1.18692 -2.8026e-45
2.0 32.0 0.930922 -2.8026e-45
2.0 32.0 1.32447 -2.8026e-45
2.0 32.0 0.955752 -2.8026e-45
2.0 32.0 1.3636 -2.8026e-45
2.0 32.0 0.953741 -2.8026e-45
2.0 32.0 1.48703 -2.8026e-45
2.0 32.0 0.936506 -2.8026e-45
2.0 32.0 1.44106 -2.8026e-45
2.0 32.0 0.948399 -2.8026e-45
2.0 32.0 1.43818 -2.8026e-45
2.0 32.0 1.31939 -2.8026e-45
2.0 32.0 1.4397 -2.8026e-45
2.0 32.0 1.28306 -2.8026e-45
2.0 32.0 0.949208 -2.8026e-45
2.0 32.0 1.31615 -2.8026e-45
2.0 32.0 1.27911 -2.8026e-45
2.0 32.0 1.37431 -2.8026e-45
2.0 32.0 1.31812 -2.8026e-45
2.0 32.0 1.34648 -2.8026e-45
2.0 32.0 1.32546 -2.8026e-45
2.0 32.0 1.38197 -2.8026e-45
2.0 32.0 1.26526 -2.8026e-45
2.0 32.0 1.40825 -2.8026e-45
2.0 32.0 0.937455 -2.8026e-45
2.0 32.0 1.34491 -2.8026e-45
2.0 32.0 1.35208 -2.8026e-45
2.0 32.0 0.932433 -2.8026e-45
2.0 32.0 1.2806 -2.8026e-45
2.0 32.0 1.36682 -2.8026e-45
2.0 32.0 1.26756 -2.8026e-45
2.0 32.0 0.947819 -2.8026e-45
2.0 32.0 0.949468 -2.8026e-45
2.0 32.0 1.30785 -2.8026e-45
2.0 33.0 1.01923 -2.8026e-45
2.0 33.0 1.02558 -2.8026e-45
2.0 33.0 1.01282 -2.8026e-45
2.0 33.0 0.955255 -2.8026e-45
2.0 33.0 1.03652 -2.8026e-45
2.0 33.0 1.04158 -2.8026e-45
2.0 33.0 1.00828 -2.8026e-45
2.0 33.0 0.994472 -2.8026e-45
2.0 33.0 1.03201 -2.8026e-45
2.0 33.0 1.03797 -2.8026e-45
2.0 33.0 1.04688 -2.8026e-45
2.0 33.0 0.99341 -2.8026e-45
2.0 33.0 1.08252 -2.8026e-45
2.0 33.0 1.01531 -2.8026e-45
2.0 33.0 0.957242 -2.8026e-45
2.0 33.0 0.952253 -2.8026e-45
2.0 33.0 1.02697 -2.8026e-45
2.0 33.0 1.00607 -2.8026e-45
2.0 33.0 0.995917 -2.8026e-45
2.0 33.0 1.01762 -2.8026e-45
2.0 33.0 1.00454 -2.8026e-45
2.0 33.0 0.953305 -2.8026e-45
2.0 33.0 1.00608 -2.8026e-45
2.0 33.0 1.00306 -2.8026e-45
2.0 33.0 1.04417 -2.8026e-45
2.0 33.0 1.0267 -2.8026e-45
2.0 33.0 1.04849 -2.8026e-45
2.0 33.0 1.03654 -2.8026e-45
2.0 33.0 1.01763 -2.8026e-45
2.0 33.0 1.02206 -2.8026e-45
2.0 33.0 0.999453 -2.8026e-45
2.0 33.0 1.02599 -2.8026e-45
2.0 33.0 0.981834 -2.8026e-45
2.0 33.0 1.0036 -2.8026e-45
2.0 33.0 1.02012 -2.8026e-45
2.0 33.0 1.02711 -2.8026e-45
2.0 33.0 0.997476 -2.8026e-45
2.0 33.0 0.969718 -2.8026e-45
2.0 33.0 1.03151 -2.8026e-45
2.0 33.0 0.990874 -2.8026e-45
2.0 33.0 1.00229 -2.8026e-45
2.0 33.0 1.00438 -2.8026e-45
2.0 33.0 1.04642 -2.8026e-45
2.0 33.0 1.04669 -2.8026e-45
2.0 33.0 0.980501 -2.8026e-45
2.0 33.0 1.01312 -2.8026e-45
2.0 33.0 1.03559 -2.8026e-45
2.0 33.0 1.00834 -2.8026e-45
2.0 33.0 0.93723 -2.8026e-45
2.0 33.0 0.989269 -2.8026e-45
3.0 3.0 0.89948 211.234
3.0 3.0 0.924456 211.278
3.0 3.0 1.48476 211.412
3.0 3.0 0.889989 211.285
3.0 3.0 0.376169 210.98
3.0 3.0 0.430421 211.286
3.0 3.0 1.10455 211.148
3.0 3.0 1.11271 210.638
3.0 3.0 0.99027 208.012
3.0 3.0 1.09512 211.41
3.0 3.0 0.439156 211.413
3.0 3.0 1.07995 210.907
3.0 3.0 0.96701 209.893
3.0 3.0 0.437421 210.867
3.0 3.0 1.13923 211.215
3.0 3.0 1.06299 210.325
3.0 3.0 0.931763 211.069
3.0 3.0 1.29848 210.765
3.0 3.0 1.08955 211.191
3.0 3.0 0.375855 210.583
3.0 3.0 1.16416 210.714
3.0 3.0 1.4537 210.335
3.0 3.0 1.2875 211.269
3.0 3.0 0.360491 211.406
3.0 3.0 0.387135 210.894
3.0 3.0 0.92289 210.172
3.0 3.0 0.424039 210.735
3.0 3.0 0.989167 211.409
3.0 3.0 1.0552 211.345
3.0 3.0 0.384716 211.229
3.0 3.0 1.10987 211.42
3.0 3.0 1.0957 211.364
3.0 3.0 1.04198 208.946
3.0 3.0 1.17977 210.834
3.0 3.0 0.383477 211.315
3.0 3.0 1.04261 211.426
3.0 3.0 0.420896 211.403
3.0 3.0 0.902153 211.412
3.0 3.0 0.407184 210.509
3.0 3.0 0.429368 211.248
3.0 3.0 0.429368 211.248
3.0 3.0 0.429368 211.248
3.0 3.0 0.429368 211.248
3.0 3.0 0.429368 211.248
3.0 3.0 0.429368 211.248
3.0 3.0 0.429368 211.248
3.0 3.0 0.429368 211.248
3.0 3.0 0.429368 211.248
3.0 3.0 0.429368 211.248
3.0 3.0 0.429368 211.248
3.0 4.0 0.322197 210.308
3.0 4.0 0.614329 211.369
3.0 4.0 0.83333 211.416
3.0 4.0 0.41176 210.512
3.0 4.0 0.627441 211.104
3.0 4.0 0.776113 210.929
3.0 4.0 0.822888 209.635
3.0 4.0 0.834077 209.553
3.0 4.0 0.876687 210.716
3.0 4.0 0.342424 208.314
3.0 4.0 0.343157 209.547
3.0 4.0 0.758775 210.94
3.0 4.0 0.869024 211.371
3.0 4.0 0.969635 211.244
3.0 4.0 1.07242 211.387
3.0 4.0 0.369145 209.562
3.0 4.0 0.99808 211.422
3.0 4.0 0.344701 209.327
3.0 4.0 0.859502 211.408
3.0 4.0 1.4232 205.989
3.0 4.0 1.28195 211.326
3.0 4.0 1.21732 208.821
3.0 4.0 0.79111 211.231
3.0 4.0 0.34474 208.514
3.0 4.0 0.370403 211.418
3.0 4.0 0.874547 211.332
3.0 4.0 1.41437 209.793
3.0 4.0 0.34124 211.318
3.0 4.0 0.880608 211.42
3.0 4.0 0.858623 210.955
3.0 4.0 0.376365 211.083
3.0 4.0 1.05635 210.76
3.0 4.0 0.366134 210.888
3.0 4.0 0.33981 211.403
3.0 4.0 0.405283 210.718
3.0 4.0 0.849688 211.275
3.0 4.0 0.380414 211.412
3.0 4.0 0.884791 211.397
3.0 4.0 0.359489 211.148
3.0 4.0 0.358522 210.908
3.0 4.0 1.38799 210.957
3.0 4.0 1.01335 211.408
3.0 4.0 1.01335 211.408
3.0 4.0 1.01335 211.408
3.0 4.0 1.01335 211.408
3.0 4.0 1.01335 211.408
3.0 4.0 1.01335 211.408
3.0 4.0 1.01335 211.408
3.0 4.0 1.01335 211.408
3.0 4.0 1.01335 211.408
3.0 5.0 0.869634 211.426
3.0 5.0 0.760866 210.808
3.0 5.0 1.81886 210.55
3.0 5.0 0.672072 211.019
3.0 5.0 0.578231 211.307
3.0 5.0 1.46044 207.996
3.0 5.0 0.582769 211.284
3.0 5.0 0.753281 210.391
3.0 5.0 1.8709 210.539
3.0 5.0 0.657316 211.11
3.0 5.0 1.35131 211.373
3.0 5.0 0.68014 211.211
3.0 5.0 0.827658 209.477
3.0 5.0 0.648837 211.417
3.0 5.0 0.75001 211.382
3.0 5.0 0.837608 211.046
3.0 5.0 0.691308 209.906
3.0 5.0 0.581453 211.362
3.0 5.0 0.682348 211.349
3.0 5.0 1.03626 211.3
3.0 5.0 0.861436 211.403
3.0 5.0 0.683137 211.172
3.0 5.0 1.28004 210.41
3.0 5.0 0.736435 210.401
3.0 5.0 0.57272 211.069
3.0 5.0 0.611497 210.042
3.0 5.0 0.703745 211.421
3.0 5.0 1.3372 211.086
3.0 5.0 0.655784 211.406
3.0 5.0 0.739511 210.94
3.0 5.0 0.56524 210.974
3.0 5.0 1.3451 210.089
3.0 5.0 0.673788 211.403
3.0 5.0 0.753432 211.374
3.0 5.0 0.573038 210.926
3.0 5.0 0.653293 211.021
3.0 5.0 0.56794 208.41
3.0 5.0 0.637542 210.98
3.0 5.0 0.757515 211.348
3.0 5.0 0.671037 209.245
3.0 5.0 0.671037 209.245
3.0 5.0 0.671037 209.245
3.0 5.0 0.671037 209.245
3.0 5.0 0.671037 209.245
3.0 5.0 0.671037 209.245
3.0 5.0 0.671037 209.245
3.0 5.0 0.671037 209.245
3.0 5.0 0.671037 209.245
3.0 5.0 0.671037 209.245
3.0 5.0 0.671037 209.245
3.0 7.0 0.83137 211.262
3.0 7.0 0.805265 211.22
3.0 7.0 0.619482 211.382
3.0 7.0 1.27402 210.543
3.0 7.0 0.617454 209.427
3.0 7.0 0.616994 211.343
3.0 7.0 1.27362 209.552
3.0 7.0 0.840683 208.44
3.0 7.0 0.62073 211.42
3.0 7.0 0.612701 211.083
3.0 7.0 0.622783 211.413
3.0 7.0 0.931337 211.403
3.0 7.0 0.641237 208.012
3.0 7.0 0.834852 211.197
3.0 7.0 0.879824 211.368
3.0 7.0 0.654567 211.42
3.0 7.0 0.631294 211.339
3.0 7.0 0.834017 211.412
3.0 7.0 0.828112 210.511
3.0 7.0 0.921139 211.417
3.0 7.0 0.802987 210.921
3.0 7.0 0.806481 211.255
3.0 7.0 0.906955 211.191
3.0 7.0 0.7819 210.434
3.0 7.0 0.799266 211.262
3.0 7.0 0.906563 211.232
3.0 7.0 0.627615 211.001
3.0 7.0 0.802887 211.287
3.0 7.0 0.620548 211.349
3.0 7.0 1.26675 211.178
3.0 7.0 0.630694 205.121
3.0 7.0 0.841439 210.188
3.0 7.0 0.627373 210.33
3.0 7.0 0.80737 210.942
3.0 7.0 0.826788 211.228
3.0 7.0 0.592511 210.787
3.0 7.0 0.800182 210.861
3.0 7.0 0.619166 210.506
3.0 7.0 0.906201 210.608
3.0 7.0 0.901709 210.671
3.0 7.0 0.806035 210.996
3.0 7.0 0.898016 210.933
3.0 7.0 0.612346 211.069
3.0 7.0 1.33271 211.406
3.0 7.0 0.618618 211.413
3.0 7.0 0.618618 211.413
3.0 7.0 0.618618 211.413
3.0 7.0 0.618618 211.413
3.0 7.0 0.618618 211.413
3.0 7.0 0.618618 211.413
3.0 8.0 0.612526 211.289
3.0 8.0 0.826482 210.798
3.0 8.0 0.963955 210.754
3.0 8.0 0.644674 211.397
3.0 8.0 0.784025 211.139
3.0 8.0 0.872337 211.164
3.0 8.0 0.622525 211.323
3.0 8.0 0.89568 211.407
3.0 8.0 0.660605 210.592
3.0 8.0 0.870183 211.323
3.0 8.0 0.585411 211.392
3.0 8.0 0.662351 211.3
3.0 8.0 0.842978 209.109
3.0 8.0 0.605133 211.403
3.0 8.0 0.645466 210.991
3.0 8.0 0.901218 211.138
3.0 8.0 0.780916 211.058
3.0 8.0 0.651412 211.092
3.0 8.0 0.865611 211.339
3.0 8.0 0.781169 211.309
3.0 8.0 0.854905 210.928
3.0 8.0 0.603911 211.024
3.0 8.0 0.605864 211.328
3.0 8.0 0.647029 211.3
3.0 8.0 0.57602 211.369
3.0 8.0 0.829386 211.426
3.0 8.0 0.631916 211.166
3.0 8.0 0.635363 211.349
3.0 8.0 0.802663 211.341
3.0 8.0 0.59001 210.23
3.0 8.0 0.73305 211.251
3.0 8.0 0.674005 211.426
3.0 8.0 0.791355 211.305
3.0 8.0 0.791355 211.305
3.0 8.0 0.791355 211.305
3.0 8.0 0.791355 211.305
3.0 8.0 0.791355 211.305
3.0 8.0 0.791355 211.305
3.0 8.0 0.791355 211.305
3.0 8.0 0.791355 211.305
3.0 8.0 0.791355 211.305
3.0 8.0 0.791355 211.305
3.0 8.0 0.791355 211.305
3.0 8.0 0.791355 211.305
3.0 8.0 0.791355 211.305
3.0 8.0 0.791355 211.305
3.0 8.0 0.791355 211.305
3.0 8.0 0.791355 211.305
3.0 8.0 0.791355 211.305
3.0 8.0 0.791355 211.305
3.0 9.0 0.892788 211.3
3.0 9.0 1.18876 211.403
3.0 9.0 1.06169 209.827
3.0 9.0 0.917497 211.414
3.0 9.0 0.982455 210.957
3.0 9.0 0.896573 211.289
3.0 9.0 0.835806 211.389
3.0 9.0 1.29926 211.287
3.0 9.0 0.87396 211.348
3.0 9.0 0.961467 211.348
3.0 9.0 0.953017 209.003
3.0 9.0 0.988319 211.335
3.0 9.0 1.3032 210.286
3.0 9.0 0.901553 211.214
3.0 9.0 0.844296 211.332
3.0 9.0 0.955011 211.323
3.0 9.0 0.838777 205.256
3.0 9.0 0.749042 211.374
3.0 9.0 0.748883 210.659
3.0 9.0 0.790059 211.289
3.0 9.0 0.971379 211.288
3.0 9.0 1.20542 210.913
3.0 9.0 0.747481 211.215
3.0 9.0 1.29746 211.342
3.0 9.0 0.819154 210.391
3.0 9.0 0.903601 210.75
3.0 9.0 1.29767 211.394
3.0 9.0 0.905655 206.794
3.0 9.0 0.888057 211.422
3.0 9.0 0.885576 211.42
3.0 9.0 0.825017 211.372
3.0 9.0 1.32015 211.219
3.0 9.0 0.849204 210.112
3.0 9.0 0.857593 211.42
3.0 9.0 0.99246 211.408
3.0 9.0 0.750451 211.424
3.0 9.0 0.850686 211.3
3.0 9.0 1.28941 211.342
3.0 9.0 0.95394 211.413
3.0 9.0 0.732225 210.701
3.0 9.0 1.26474 211.42
3.0 9.0 0.897347 211.337
3.0 9.0 0.817622 211.35
3.0 9.0 0.863361 211.417
3.0 9.0 0.97038 210.892
3.0 9.0 0.97038 210.892
3.0 9.0 0.97038 210.892
3.0 9.0 0.97038 210.892
3.0 9.0 0.97038 210.892
3.0 9.0 0.97038 210.892
3.0 15.0 1.30519 210.379
3.0 15.0 0.976668 210.838
3.0 15.0 0.859689 211.299
3.0 15.0 0.873609 210.302
3.0 15.0 1.45171 211.269
3.0 15.0 0.79809 210.133
3.0 15.0 1.37576 211.085
3.0 15.0 0.803175 211.264
3.0 15.0 0.924339 207.585
3.0 15.0 0.877489 211.317
3.0 15.0 0.868667 209.375
3.0 15.0 1.29522 211.414
3.0 15.0 1.46834 211.169
3.0 15.0 0.908914 210.941
3.0 15.0 0.865543 209.323
3.0 15.0 0.863417 211.37
3.0 15.0 1.28248 211.403
3.0 15.0 0.992311 211.247
3.0 15.0 1.21809 211.06
3.0 15.0 1.24637 211.139
3.0 15.0 1.1607 210.992
3.0 15.0 1.29553 211.064
3.0 15.0 0.988526 211.399
3.0 15.0 0.874788 210.071
3.0 15.0 0.774987 210.967
3.0 15.0 1.28568 211.393
3.0 15.0 0.939116 211.319
3.0 15.0 1.30761 211.278
3.0 15.0 1.24186 210.873
3.0 15.0 0.861945 211.285
3.0 15.0 0.805246 210.819
3.0 15.0 1.16407 211.403
3.0 15.0 0.80715 211.04
3.0 15.0 0.984123 211.191
3.0 15.0 1.17025 211.257
3.0 15.0 0.862834 210.518
3.0 15.0 1.29701 211.069
3.0 15.0 1.27462 211.341
3.0 15.0 0.938427 210.067
3.0 15.0 0.910401 210.711
3.0 15.0 1.32061 211.421
3.0 15.0 1.16025 211.069
3.0 15.0 0.86684 211.326
3.0 15.0 0.919143 211.408
3.0 15.0 0.76797 211.145
3.0 15.0 1.32052 211.326
3.0 15.0 1.27692 211.413
3.0 15.0 0.981925 211.403
3.0 15.0 0.980889 211.412
3.0 15.0 0.799554 209.323
3.0 16.0 1.29158 210.937
3.0 16.0 1.29161 211.041
3.0 16.0 0.942214 211.374
3.0 16.0 1.30745 210.722
3.0 16.0 0.837834 210.819
3.0 16.0 1.34928 211.069
3.0 16.0 0.944813 211.043
3.0 16.0 1.04282 210.279
3.0 16.0 0.904176 211.426
3.0 16.0 0.880159 211.286
3.0 16.0 1.44229 211.184
3.0 16.0 1.15953 211.214
3.0 16.0 0.827389 211.001
3.0 16.0 0.889702 210.197
3.0 16.0 1.35584 211.423
3.0 16.0 0.960227 211.037
3.0 16.0 1.3372 204.225
3.0 16.0 1.3151 210.736
3.0 16.0 0.830192 210.865
3.0 16.0 0.988205 211.391
3.0 16.0 0.986402 211.345
3.0 16.0 1.41232 210.459
3.0 16.0 1.747 211.403
3.0 16.0 1.27536 211.309
3.0 16.0 1.21887 211.289
3.0 16.0 1.31075 211.363
3.0 16.0 0.895912 211.307
3.0 16.0 0.837894 209.93
3.0 16.0 0.880188 210.959
3.0 16.0 1.31617 211.378
3.0 16.0 0.994788 211.385
3.0 16.0 1.44167 210.873
3.0 16.0 1.42599 210.172
3.0 16.0 0.924599 211.197
3.0 16.0 1.41445 211.248
3.0 16.0 0.974322 211.408
3.0 16.0 0.899198 210.819
3.0 16.0 1.2894 206.758
3.0 16.0 0.922856 211.319
3.0 16.0 1.10192 210.548
3.0 16.0 1.32216 210.432
3.0 16.0 0.84284 210.435
3.0 16.0 0.825789 209.694
3.0 16.0 1.32237 211.175
3.0 16.0 1.27436 211.411
3.0 16.0 1.68986 211.188
3.0 16.0 0.975737 211.144
3.0 16.0 0.842196 210.785
3.0 16.0 1.3825 211.403
3.0 16.0 1.26834 211.426
3.0 17.0 0.891961 207.107
3.0 17.0 1.28078 211.301
3.0 17.0 1.38493 211.412
3.0 17.0 0.950603 210.964
3.0 17.0 1.24168 211.314
3.0 17.0 0.894433 211.416
3.0 17.0 1.36631 210.97
3.0 17.0 0.906724 211.042
3.0 17.0 0.876393 211.394
3.0 17.0 1.39358 210.867
3.0 17.0 0.957363 208.799
3.0 17.0 0.9345 210.95
3.0 17.0 0.888272 210.108
3.0 17.0 1.24955 211.403
3.0 17.0 1.40034 211.369
3.0 17.0 1.34972 209.143
3.0 17.0 0.906629 211.058
3.0 17.0 0.995217 211.348
3.0 17.0 1.29755 211.378
3.0 17.0 1.23528 210.161
3.0 17.0 0.880172 210.362
3.0 17.0 1.22493 211.42
3.0 17.0 0.913397 211.421
3.0 17.0 1.14692 210.019
3.0 17.0 0.983005 211.305
3.0 17.0 0.886857 210.628
3.0 17.0 0.894827 211.04
3.0 17.0 0.86931 211.089
3.0 17.0 0.92423 211.221
3.0 17.0 1.20738 209.764
3.0 17.0 0.871907 211.088
3.0 17.0 0.995469 211.326
3.0 17.0 0.93527 211.287
3.0 17.0 0.866822 211.161
3.0 17.0 1.04496 211.421
3.0 17.0 0.98672 211.36
3.0 17.0 0.86694 210.997
3.0 17.0 0.942546 211.403
3.0 17.0 0.934986 210.632
3.0 17.0 0.947095 211.13
3.0 17.0 1.33184 211.416
3.0 17.0 1.25247 204.88
3.0 17.0 1.37427 211.412
3.0 17.0 1.42357 210.928
3.0 17.0 0.942715 211.418
3.0 17.0 0.863929 211.097
3.0 17.0 0.857688 211.426
3.0 17.0 0.862048 211.413
3.0 17.0 0.847686 211.375
3.0 17.0 0.804378 211.315
3.0 31.0 1.31621 211.3
3.0 31.0 1.01693 211.294
3.0 31.0 1.23536 211.394
3.0 31.0 1.35579 211.211
3.0 31.0 1.28166 211.399
3.0 31.0 1.02333 211.017
3.0 31.0 1.2803 210.779
3.0 31.0 1.33312 211.421
3.0 31.0 1.34649 210.509
3.0 31.0 1.3077 210.179
3.0 31.0 1.41139 211.379
3.0 31.0 1.39817 210.819
3.0 31.0 1.01211 211.311
3.0 31.0 1.264 210.777
3.0 31.0 1.3566 209.956
3.0 31.0 1.52615 211.272
3.0 31.0 1.25078 211.382
3.0 31.0 1.35112 211.409
3.0 31.0 0.994162 211.426
3.0 31.0 1.22699 211.413
3.0 31.0 1.34806 211.175
3.0 31.0 1.31635 211.382
3.0 31.0 1.37372 211.425
3.0 31.0 1.3201 211.392
3.0 31.0 1.30503 208.193
3.0 31.0 1.01214 211.279
3.0 31.0 1.01745 210.904
3.0 31.0 1.31283 211.042
3.0 31.0 0.972504 210.245
3.0 31.0 1.2804 211.424
3.0 31.0 1.26299 210.98
3.0 31.0 1.30653 211.069
3.0 31.0 0.979487 211.146
3.0 31.0 1.25531 211.278
3.0 31.0 1.00516 209.577
3.0 31.0 1.28391 211.403
3.0 31.0 1.33309 211.368
3.0 31.0 1.28017 211.225
3.0 31.0 1.3295 211.412
3.0 31.0 1.29194 211.223
3.0 31.0 1.30033 210.622
3.0 31.0 1.39658 211.279
3.0 31.0 1.32208 211.291
3.0 31.0 1.26513 210.984
3.0 31.0 1.35731 211.194
3.0 31.0 1.33514 211.214
3.0 31.0 1.2875 211.237
3.0 31.0 1.29753 211.375
3.0 31.0 1.00666 210.197
3.0 31.0 1.47332 210.141
3.0 32.0 0.921687 211.349
3.0 32.0 0.950214 209.032
3.0 32.0 0.922978 211.387
3.0 32.0 1.35737 210.643
3.0 32.0 0.938174 210.758
3.0 32.0 0.935949 210.802
3.0 32.0 0.931256 210.502
3.0 32.0 1.48109 210.969
3.0 32.0 1.45376 210.959
3.0 32.0 1.41489 210.808
3.0 32.0 1.31548 211.389
3.0 32.0 0.944327 211.224
3.0 32.0 1.29348 211.254
3.0 32.0 0.93451 211.267
3.0 32.0 1.42699 210.884
3.0 32.0 1.31758 210.892
3.0 32.0 1.43733 210.459
3.0 32.0 1.33485 210.786
3.0 32.0 0.932942 211.197
3.0 32.0 1.24857 211.4
3.0 32.0 1.28401 211.289
3.0 32.0 0.9461 211.314
3.0 32.0 1.34201 210.796
3.0 32.0 1.30051 211.214
3.0 32.0 0.933841 211.411
3.0 32.0 1.2803 211.177
3.0 32.0 1.29207 211.392
3.0 32.0 1.31442 205.183
3.0 32.0 1.36519 211.04
3.0 32.0 1.40332 211.375
3.0 32.0 0.94742 210.528
3.0 32.0 1.35321 211.337
3.0 32.0 0.933681 210.98
3.0 32.0 1.3165 211.411
3.0 32.0 1.30858 211.336
3.0 32.0 1.33319 211.399
3.0 32.0 1.37795 211.092
3.0 32.0 1.31847 209.095
3.0 32.0 0.923068 211.423
3.0 32.0 1.1863 211.395
3.0 32.0 0.950193 211.288
3.0 32.0 1.32205 210.123
3.0 32.0 1.30425 211.205
3.0 32.0 1.33794 211.152
3.0 32.0 1.26368 211.403
3.0 32.0 1.2461 211.42
3.0 32.0 1.36682 211.042
3.0 32.0 0.932298 211.194
3.0 32.0 1.29204 208.463
3.0 32.0 1.32787 211.401
3.0 33.0 1.04234 210.089
3.0 33.0 1.05193 211.345
3.0 33.0 1.02657 211.389
3.0 33.0 1.00375 211.371
3.0 33.0 0.998682 210.762
3.0 33.0 1.01322 210.757
3.0 33.0 1.00672 211.131
3.0 33.0 1.35264 210.593
3.0 33.0 1.00629 211.287
3.0 33.0 1.04298 211.336
3.0 33.0 0.984898 211.403
3.0 33.0 1.04006 207.07
3.0 33.0 1.31421 209.577
3.0 33.0 1.01025 211.164
3.0 33.0 1.02525 211.403
3.0 33.0 1.01416 211.078
3.0 33.0 1.03189 210.986
3.0 33.0 1.0018 210.533
3.0 33.0 0.994504 209.856
3.0 33.0 0.988349 211.086
3.0 33.0 1.01467 211.148
3.0 33.0 1.03452 211.139
3.0 33.0 1.03117 208.013
3.0 33.0 1.33024 211.019
3.0 33.0 1.41394 211.168
3.0 33.0 0.991814 211.413
3.0 33.0 1.2793 210.266
3.0 33.0 1.02893 211.036
3.0 33.0 0.986173 211.025
3.0 33.0 1.02873 211.42
3.0 33.0 0.992943 211.42
3.0 33.0 0.995135 211.135
3.0 33.0 1.3914 211.375
3.0 33.0 1.40592 211.372
3.0 33.0 1.00864 211.382
3.0 33.0 1.03262 209.178
3.0 33.0 1.03502 209.667
3.0 33.0 1.02522 210.166
3.0 33.0 1.03508 211.426
3.0 33.0 1.05689 211.106
3.0 33.0 1.03084 211.42
3.0 33.0 0.991695 211.341
3.0 33.0 1.03805 211.135
3.0 33.0 1.70616 210.913
3.0 33.0 0.9976 208.352
3.0 33.0 1.01754 210.312
3.0 33.0 1.00537 210.79
3.0 33.0 0.989026 211.393
3.0 33.0 1.51302 210.299
3.0 33.0 1.01151 211.387
4.0 3.0 0.43427 9.97606
4.0 3.0 1.15872 9.98499
4.0 3.0 1.25964 9.93609
4.0 3.0 0.335112 9.97923
4.0 3.0 0.388313 9.98196
4.0 3.0 0.380883 9.94218
4.0 3.0 0.89634 9.99521
4.0 3.0 0.397815 9.92107
4.0 3.0 0.394359 9.99196
4.0 3.0 0.886691 9.99883
4.0 3.0 0.967273 9.85324
4.0 3.0 1.10644 9.97185
4.0 3.0 0.34289 9.94218
4.0 3.0 0.382063 9.95047
4.0 3.0 1.18275 9.98519
4.0 3.0 0.980662 9.94747
4.0 3.0 0.365767 9.97305
4.0 3.0 0.358987 9.96776
4.0 3.0 1.26415 9.9969
4.0 3.0 0.322916 9.9613
4.0 3.0 0.86293 9.92426
4.0 3.0 0.825975 9.9838
4.0 3.0 0.979239 9.97323
4.0 3.0 1.26427 9.95018
4.0 3.0 0.431838 9.99716
4.0 3.0 0.446927 9.9448
4.0 3.0 1.25116 9.96455
4.0 3.0 0.950807 9.98973
4.0 3.0 0.830835 9.98263
4.0 3.0 1.05307 9.98519
4.0 3.0 0.334397 9.9708
4.0 3.0 0.423334 9.96899
4.0 3.0 0.847319 9.96314
4.0 3.0 0.969328 9.98628
4.0 3.0 1.03756 9.94714
4.0 3.0 0.340795 9.98351
4.0 3.0 0.329457 9.92107
4.0 3.0 0.341906 9.99567
4.0 3.0 0.331369 9.9769
4.0 3.0 0.786115 9.99102
4.0 3.0 0.399216 9.98401
4.0 3.0 0.324612 9.92107
4.0 3.0 0.956991 9.99294
4.0 3.0 0.837341 9.98348
4.0 3.0 0.957993 9.99498
4.0 3.0 0.894106 9.95802
4.0 3.0 0.80021 9.99556
4.0 3.0 1.01849 9.98194
4.0 3.0 1.01849 9.98194
4.0 3.0 1.01849 9.98194
4.0 4.0 0.332159 9.96261
4.0 4.0 0.399314 9.98296
4.0 4.0 0.848441 9.87114
4.0 4.0 0.86925 9.9953
4.0 4.0 0.870468 9.99508
4.0 4.0 0.344474 9.98512
4.0 4.0 0.630151 9.99095
4.0 4.0 0.95942 9.99124
4.0 4.0 0.330725 9.86885
4.0 4.0 0.865288 9.99172
4.0 4.0 1.14198 9.95445
4.0 4.0 0.763338 9.98285
4.0 4.0 1.02697 9.94316
4.0 4.0 0.951634 9.89968
4.0 4.0 0.362561 9.98372
4.0 4.0 0.846895 9.97986
4.0 4.0 0.959405 9.79473
4.0 4.0 0.971376 9.96256
4.0 4.0 0.997245 9.99272
4.0 4.0 1.02395 9.989
4.0 4.0 0.39977 9.80661
4.0 4.0 0.797039 9.83205
4.0 4.0 0.622582 9.89669
4.0 4.0 0.381096 9.93316
4.0 4.0 0.337454 9.96728
4.0 4.0 0.331547 9.98974
4.0 4.0 1.10605 9.97157
4.0 4.0 1.02006 9.99777
4.0 4.0 0.788938 9.95226
4.0 4.0 0.776279 9.92416
4.0 4.0 0.965698 9.9762
4.0 4.0 1.00074 9.98832
4.0 4.0 0.399482 9.92505
4.0 4.0 0.891587 9.97485
4.0 4.0 0.387705 9.89151
4.0 4.0 0.370676 9.89833
4.0 4.0 0.350622 9.96957
4.0 4.0 0.394214 9.97104
4.0 4.0 0.786459 9.93753
4.0 4.0 0.411733 9.9823
4.0 4.0 0.332714 9.99595
4.0 4.0 0.332714 9.99595
4.0 4.0 0.332714 9.99595
4.0 4.0 0.332714 9.99595
4.0 4.0 0.332714 9.99595
4.0 4.0 0.332714 9.99595
4.0 4.0 0.332714 9.99595
4.0 4.0 0.332714 9.99595
4.0 4.0 0.332714 9.99595
4.0 4.0 0.332714 9.99595
4.0 5.0 0.579135 9.99729
4.0 5.0 0.669321 9.97302
4.0 5.0 0.54212 9.99299
4.0 5.0 2.07876 9.99124
4.0 5.0 0.573148 9.95302
4.0 5.0 0.644248 9.9695
4.0 5.0 0.544846 9.95302
4.0 5.0 0.57976 9.95302
4.0 5.0 0.646522 9.95302
4.0 5.0 0.590221 9.97139
4.0 5.0 0.682498 9.93788
4.0 5.0 0.597082 9.98424
4.0 5.0 1.82715 9.99272
4.0 5.0 0.566069 9.9901
4.0 5.0 1.54683 9.9348
4.0 5.0 0.667992 9.97808
4.0 5.0 0.575846 9.99557
4.0 5.0 0.75966 9.95628
4.0 5.0 0.674684 9.94893
4.0 5.0 0.743723 9.92107
4.0 5.0 0.685597 9.98285
4.0 5.0 0.946562 9.94218
4.0 5.0 0.662376 9.92107
4.0 5.0 0.634225 9.95528
4.0 5.0 1.25017 9.96658
4.0 5.0 0.571023 9.97293
4.0 5.0 0.635455 9.86557
4.0 5.0 0.660115 9.99927
4.0 5.0 0.765553 9.95348
4.0 5.0 1.09855 9.92828
4.0 5.0 0.570406 9.97943
4.0 5.0 0.635818 9.90277
4.0 5.0 0.731751 9.95302
4.0 5.0 0.637862 9.96131
4.0 5.0 0.575561 9.99285
4.0 5.0 0.635285 9.99937
4.0 5.0 0.9095 9.96964
4.0 5.0 0.545675 9.9615
4.0 5.0 0.957031 9.9879
4.0 5.0 0.634383 9.91362
4.0 5.0 0.74557 9.98514
4.0 5.0 0.565257 9.99519
4.0 5.0 0.650648 9.99781
4.0 5.0 0.75326 9.99124
4.0 5.0 0.623261 9.97987
4.0 5.0 0.623261 9.97987
4.0 5.0 0.623261 9.97987
4.0 5.0 0.623261 9.97987
4.0 5.0 0.623261 9.97987
4.0 5.0 0.623261 9.97987
4.0 7.0 0.921384 9.92107
4.0 7.0 0.86372 9.92107
4.0 7.0 0.81794 9.99183
4.0 7.0 0.768791 9.93778
4.0 7.0 0.799803 9.94984
4.0 7.0 0.654644 9.98106
4.0 7.0 0.606534 9.97646
4.0 7.0 0.818207 9.98456
4.0 7.0 0.601 9.96261
4.0 7.0 0.753798 9.97116
4.0 7.0 0.805059 9.93943
4.0 7.0 0.762415 9.99376
4.0 7.0 0.621788 9.97808
4.0 7.0 0.744587 9.97742
4.0 7.0 0.576301 9.95396
4.0 7.0 0.599899 9.97808
4.0 7.0 0.826151 9.98952
4.0 7.0 1.294 9.98285
4.0 7.0 0.777944 9.97951
4.0 7.0 1.28195 9.95835
4.0 7.0 0.845322 9.9978
4.0 7.0 0.73353 9.9852
4.0 7.0 0.6085 9.97013
4.0 7.0 0.84266 9.92107
4.0 7.0 0.832636 9.99702
4.0 7.0 0.611565 9.95745
4.0 7.0 0.652522 9.93807
4.0 7.0 0.814066 9.99521
4.0 7.0 0.841766 9.95945
4.0 7.0 1.3044 9.9859
4.0 7.0 0.615243 9.98576
4.0 7.0 0.835481 9.98239
4.0 7.0 0.594754 9.93675
4.0 7.0 0.783508 9.99702
4.0 7.0 0.818832 9.94953
4.0 7.0 0.619291 9.95382
4.0 7.0 0.809506 9.9905
4.0 7.0 1.32567 9.98736
4.0 7.0 0.90168 9.91358
4.0 7.0 0.61632 9.98728
4.0 7.0 0.99536 9.98285
4.0 7.0 0.608434 9.98132
4.0 7.0 0.882873 9.98576
4.0 7.0 0.7602 9.98187
4.0 7.0 0.611636 9.98779
4.0 7.0 0.611636 9.98779
4.0 7.0 0.611636 9.98779
4.0 7.0 0.611636 9.98779
4.0 7.0 0.611636 9.98779
4.0 7.0 0.611636 9.98779
4.0 8.0 0.589193 9.96363
4.0 8.0 0.607857 9.98465
4.0 8.0 0.630147 9.92107
4.0 8.0 0.894795 9.79866
4.0 8.0 0.59099 9.97646
4.0 8.0 0.924254 9.99483
4.0 8.0 0.64506 9.99158
4.0 8.0 0.648294 9.97445
4.0 8.0 0.844196 9.98779
4.0 8.0 0.663402 9.99121
4.0 8.0 0.811821 9.9201
4.0 8.0 0.599833 9.9932
4.0 8.0 0.922875 9.97473
4.0 8.0 0.622496 9.95036
4.0 8.0 0.809802 9.96517
4.0 8.0 0.862217 9.99301
4.0 8.0 0.823942 9.96275
4.0 8.0 0.60252 9.91466
4.0 8.0 0.650918 9.92862
4.0 8.0 0.763961 9.97459
4.0 8.0 0.623523 9.87378
4.0 8.0 0.639845 9.92505
4.0 8.0 0.561484 9.98106
4.0 8.0 0.840481 9.97317
4.0 8.0 0.589852 9.99272
4.0 8.0 0.598193 9.97079
4.0 8.0 0.565719 9.98218
4.0 8.0 0.827679 9.86031
4.0 8.0 0.607143 9.97808
4.0 8.0 0.963197 9.96151
4.0 8.0 0.579399 9.99069
4.0 8.0 0.650302 9.97507
4.0 8.0 0.954629 9.98991
4.0 8.0 0.8187 9.9544
4.0 8.0 0.612234 9.9395
4.0 8.0 0.774759 9.98874
4.0 8.0 0.889732 9.98076
4.0 8.0 0.889732 9.98076
4.0 8.0 0.889732 9.98076
4.0 8.0 0.889732 9.98076
4.0 8.0 0.889732 9.98076
4.0 8.0 0.889732 9.98076
4.0 8.0 0.889732 9.98076
4.0 8.0 0.889732 9.98076
4.0 8.0 0.889732 9.98076
4.0 8.0 0.889732 9.98076
4.0 8.0 0.889732 9.98076
4.0 8.0 0.889732 9.98076
4.0 8.0 0.889732 9.98076
4.0 8.0 0.889732 9.98076
4.0 9.0 0.897416 9.99808
4.0 9.0 0.91055 9.99514
4.0 9.0 1.29883 9.97867
4.0 9.0 0.841529 9.95302
4.0 9.0 1.25242 9.97019
4.0 9.0 0.971086 9.99138
4.0 9.0 0.82816 9.97862
4.0 9.0 0.803952 9.98196
4.0 9.0 0.957114 9.97924
4.0 9.0 0.91422 9.94731
4.0 9.0 0.83261 9.95302
4.0 9.0 0.838389 9.93041
4.0 9.0 0.91775 9.98649
4.0 9.0 0.91425 9.97381
4.0 9.0 1.27437 9.82006
4.0 9.0 1.03451 9.94218
4.0 9.0 0.80395 9.88569
4.0 9.0 1.0184 9.98576
4.0 9.0 0.981195 9.97926
4.0 9.0 1.02456 9.99769
4.0 9.0 0.850313 9.99606
4.0 9.0 0.836981 9.87474
4.0 9.0 1.33157 9.90378
4.0 9.0 0.910761 9.90258
4.0 9.0 1.02976 9.89451
4.0 9.0 1.28455 9.95771
4.0 9.0 0.913386 9.96278
4.0 9.0 0.782757 9.84877
4.0 9.0 0.82354 9.98981
4.0 9.0 0.779946 9.97476
4.0 9.0 0.967933 9.9692
4.0 9.0 0.902816 9.98717
4.0 9.0 0.966578 9.81953
4.0 9.0 0.999819 9.98285
4.0 9.0 0.830749 9.92107
4.0 9.0 0.798468 9.96016
4.0 9.0 1.06072 9.94893
4.0 9.0 0.78831 9.99945
4.0 9.0 0.78831 9.99945
4.0 9.0 0.78831 9.99945
4.0 9.0 0.78831 9.99945
4.0 9.0 0.78831 9.99945
4.0 9.0 0.78831 9.99945
4.0 9.0 0.78831 9.99945
4.0 9.0 0.78831 9.99945
4.0 9.0 0.78831 9.99945
4.0 9.0 0.78831 9.99945
4.0 9.0 0.78831 9.99945
4.0 9.0 0.78831 9.99945
4.0 9.0 0.78831 9.99945
4.0 15.0 0.863794 9.92256
4.0 15.0 0.852694 9.97115
4.0 15.0 0.76997 9.98716
4.0 15.0 1.16493 9.88367
4.0 15.0 0.876238 9.94852
4.0 15.0 0.845513 9.92107
4.0 15.0 0.880644 9.98572
4.0 15.0 0.988753 9.9643
4.0 15.0 0.785682 9.98991
4.0 15.0 1.31151 9.99588
4.0 15.0 0.942648 9.96884
4.0 15.0 0.864881 9.97102
4.0 15.0 1.36819 9.99673
4.0 15.0 1.27866 9.98481
4.0 15.0 1.14701 9.92107
4.0 15.0 0.926998 9.99139
4.0 15.0 1.27563 9.95576
4.0 15.0 1.15902 9.87594
4.0 15.0 1.34272 9.99311
4.0 15.0 0.796453 9.99614
4.0 15.0 0.985478 9.75475
4.0 15.0 0.863835 9.92107
4.0 15.0 0.931348 9.87698
4.0 15.0 0.766372 9.94798
4.0 15.0 1.20965 9.99672
4.0 15.0 0.893008 9.95466
4.0 15.0 1.2061 9.99217
4.0 15.0 1.24718 9.92773
4.0 15.0 1.00038 9.97484
4.0 15.0 1.29109 9.92107
4.0 15.0 1.23246 9.99722
4.0 15.0 1.23443 9.95113
4.0 15.0 1.11865 9.92107
4.0 15.0 0.800949 9.85846
4.0 15.0 0.916084 9.85948
4.0 15.0 1.10177 9.94448
4.0 15.0 1.01405 9.97019
4.0 15.0 1.28676 9.98388
4.0 15.0 0.864199 9.98576
4.0 15.0 0.835441 9.89282
4.0 15.0 1.33563 9.99006
4.0 15.0 1.45872 9.96113
4.0 15.0 0.763548 9.98991
4.0 15.0 1.17434 9.99607
4.0 15.0 0.906336 9.97879
4.0 15.0 1.39244 9.76356
4.0 15.0 0.871823 9.94722
4.0 15.0 0.848941 9.97678
4.0 15.0 0.976866 9.77183
4.0 15.0 1.16252 9.96183
4.0 16.0 1.04219 9.9578
4.0 16.0 0.892264 9.9662
4.0 16.0 1.21063 9.94218
4.0 16.0 0.834664 9.93778
4.0 16.0 0.842297 9.9905
4.0 16.0 0.893923 9.99521
4.0 16.0 1.44429 9.96113
4.0 16.0 1.31817 9.99277
4.0 16.0 0.84392 9.97235
4.0 16.0 1.32485 9.86997
4.0 16.0 1.1962 9.89168
4.0 16.0 1.00034 9.96317
4.0 16.0 1.42231 9.9479
4.0 16.0 0.898425 9.93878
4.0 16.0 0.98701 9.99047
4.0 16.0 1.30603 9.97104
4.0 16.0 1.25477 9.97817
4.0 16.0 1.43417 9.94874
4.0 16.0 0.919154 9.99695
4.0 16.0 1.03057 9.87698
4.0 16.0 0.807544 9.88499
4.0 16.0 1.31297 9.99009
4.0 16.0 0.900993 9.92107
4.0 16.0 1.00281 9.99272
4.0 16.0 0.967094 9.82078
4.0 16.0 0.954604 9.97077
4.0 16.0 1.28943 9.96014
4.0 16.0 0.914611 9.98565
4.0 16.0 0.843269 9.98607
4.0 16.0 1.33588 9.94353
4.0 16.0 1.34766 9.98285
4.0 16.0 0.956254 9.97808
4.0 16.0 0.917121 9.98767
4.0 16.0 1.43271 9.94464
4.0 16.0 0.954764 9.97754
4.0 16.0 1.31114 9.96279
4.0 16.0 1.43002 9.96581
4.0 16.0 1.44058 9.91687
4.0 16.0 0.832333 9.99511
4.0 16.0 1.32785 9.97104
4.0 16.0 0.926731 9.99118
4.0 16.0 1.44716 9.98285
4.0 16.0 0.919515 9.95466
4.0 16.0 1.52525 9.98372
4.0 16.0 1.328 9.85948
4.0 16.0 1.2682 9.98193
4.0 16.0 1.53163 9.93799
4.0 16.0 0.926423 9.97424
4.0 16.0 1.3342 9.97622
4.0 16.0 1.30751 9.89357
4.0 17.0 0.924899 9.96529
4.0 17.0 0.843324 9.97538
4.0 17.0 1.41426 9.87698
4.0 17.0 0.938027 9.97552
4.0 17.0 0.799324 9.99642
4.0 17.0 0.893068 9.98884
4.0 17.0 0.94248 9.92107
4.0 17.0 1.46843 9.76356
4.0 17.0 0.87073 9.96624
4.0 17.0 1.4181 9.99138
4.0 17.0 0.958618 9.98373
4.0 17.0 1.38423 9.96861
4.0 17.0 1.01267 9.983
4.0 17.0 0.996869 9.97808
4.0 17.0 0.913621 9.99194
4.0 17.0 0.892512 9.87815
4.0 17.0 0.782809 9.98991
4.0 17.0 1.42615 9.94893
4.0 17.0 1.21943 9.97492
4.0 17.0 0.916037 9.95347
4.0 17.0 0.887434 9.96311
4.0 17.0 0.807043 9.92107
4.0 17.0 1.38109 9.96189
4.0 17.0 0.948969 9.99099
4.0 17.0 0.942094 9.90381
4.0 17.0 0.956883 9.92282
4.0 17.0 1.35944 9.99124
4.0 17.0 0.941138 9.90598
4.0 17.0 1.26755 9.99272
4.0 17.0 0.938228 9.99702
4.0 17.0 0.929391 9.99213
4.0 17.0 0.9522 9.95662
4.0 17.0 1.24528 9.89893
4.0 17.0 0.972978 9.99667
4.0 17.0 1.38002 9.78458
4.0 17.0 0.936337 9.95294
4.0 17.0 1.22527 9.99
4.0 17.0 0.955546 9.96262
4.0 17.0 1.40985 9.95465
4.0 17.0 1.2572 9.99702
4.0 17.0 0.899293 9.95327
4.0 17.0 0.837912 9.98928
4.0 17.0 0.923502 9.97895
4.0 17.0 0.971709 9.88042
4.0 17.0 0.90264 9.99272
4.0 17.0 1.04401 9.9537
4.0 17.0 1.37071 9.96658
4.0 17.0 0.922263 9.94764
4.0 17.0 1.32642 9.94193
4.0 17.0 0.80594 9.98818
4.0 31.0 1.01852 9.80366
4.0 31.0 1.34319 9.9989
4.0 31.0 1.27569 9.92107
4.0 31.0 1.00582 9.88535
4.0 31.0 1.38066 9.98675
4.0 31.0 1.40615 9.99624
4.0 31.0 1.40344 9.98641
4.0 31.0 1.29768 9.94718
4.0 31.0 1.26133 9.97666
4.0 31.0 1.37262 9.9801
4.0 31.0 1.40003 9.93742
4.0 31.0 1.34235 9.89807
4.0 31.0 1.38395 9.86924
4.0 31.0 1.27551 9.99658
4.0 31.0 1.46629 9.93699
4.0 31.0 1.31547 9.98875
4.0 31.0 1.4756 9.98385
4.0 31.0 1.37724 9.98422
4.0 31.0 1.32579 9.98707
4.0 31.0 1.33026 9.98648
4.0 31.0 1.32288 9.99101
4.0 31.0 1.35128 9.99514
4.0 31.0 1.40847 9.98196
4.0 31.0 1.38139 9.96147
4.0 31.0 1.3986 9.99602
4.0 31.0 1.32235 9.79325
4.0 31.0 1.73333 9.96863
4.0 31.0 1.24518 9.99937
4.0 31.0 1.39415 9.99896
4.0 31.0 1.30962 9.98002
4.0 31.0 1.49405 9.96113
4.0 31.0 1.42886 9.97969
4.0 31.0 1.23598 9.9691
4.0 31.0 1.38802 9.97666
4.0 31.0 1.31945 9.94622
4.0 31.0 1.309 9.90471
4.0 31.0 1.3779 9.98516
4.0 31.0 1.33067 9.94537
4.0 31.0 1.32012 9.92374
4.0 31.0 1.39877 9.94623
4.0 31.0 1.40471 9.95424
4.0 31.0 1.48265 9.99272
4.0 31.0 1.29176 9.99493
4.0 31.0 1.34025 9.94218
4.0 31.0 1.30206 9.86161
4.0 31.0 1.33715 9.99115
4.0 31.0 1.45129 9.97276
4.0 31.0 1.33479 9.93395
4.0 31.0 1.4298 9.98573
4.0 31.0 1.36389 9.99566
4.0 32.0 1.32723 9.99747
4.0 32.0 1.33213 9.98991
4.0 32.0 1.34922 9.97862
4.0 32.0 1.27401 9.99272
4.0 32.0 0.943123 9.94874
4.0 32.0 1.29139 9.9822
4.0 32.0 1.47687 9.76356
4.0 32.0 1.3744 9.94196
4.0 32.0 1.30224 9.98838
4.0 32.0 1.32028 9.95667
4.0 32.0 0.946535 9.97002
4.0 32.0 1.15697 9.98521
4.0 32.0 0.938037 9.99138
4.0 32.0 1.252 9.96725
4.0 32.0 0.956825 9.95851
4.0 32.0 0.9434 9.98974
4.0 32.0 1.30854 9.98798
4.0 32.0 0.948774 9.94981
4.0 32.0 1.28996 9.96734
4.0 32.0 1.2944 9.91087
4.0 32.0 1.72373 9.95563
4.0 32.0 1.45127 9.99646
4.0 32.0 0.933797 9.93647
4.0 32.0 1.42063 9.96331
4.0 32.0 1.78133 9.9381
4.0 32.0 0.933168 9.98651
4.0 32.0 1.30325 9.94792
4.0 32.0 0.996716 9.92107
4.0 32.0 0.883796 9.95302
4.0 32.0 0.935467 9.94394
4.0 32.0 1.40335 9.99074
4.0 32.0 1.30208 9.96646
4.0 32.0 0.946389 9.95774
4.0 32.0 0.866928 9.95505
4.0 32.0 0.880818 9.94861
4.0 32.0 0.935246 9.98763
4.0 32.0 1.00804 9.93041
4.0 32.0 0.934943 9.96131
4.0 32.0 1.43913 9.92107
4.0 32.0 0.939696 9.96999
4.0 32.0 1.39653 9.99355
4.0 32.0 0.945879 9.99702
4.0 32.0 1.48272 9.9625
4.0 32.0 0.979058 9.96147
4.0 32.0 1.49164 9.88778
4.0 32.0 1.33261 9.98711
4.0 32.0 1.41246 9.95769
4.0 32.0 0.992989 9.99702
4.0 32.0 1.35003 9.94218
4.0 32.0 0.927029 9.77003
4.0 33.0 0.986299 9.96693
4.0 33.0 1.0295 9.9799
4.0 33.0 0.981646 9.98029
4.0 33.0 1.00241 9.9786
4.0 33.0 0.993483 9.9288
4.0 33.0 1.02523 9.97104
4.0 33.0 1.0026 9.9704
4.0 33.0 1.00629 9.93779
4.0 33.0 0.983242 9.98444
4.0 33.0 1.00472 9.95482
4.0 33.0 1.39933 9.98223
4.0 33.0 1.28073 9.97067
4.0 33.0 1.00143 9.97713
4.0 33.0 1.02206 9.85871
4.0 33.0 1.02343 9.97808
4.0 33.0 1.27465 9.9927
4.0 33.0 1.0409 9.94514
4.0 33.0 1.36265 9.94218
4.0 33.0 1.05355 9.97538
4.0 33.0 1.02636 9.91523
4.0 33.0 1.27727 9.88853
4.0 33.0 1.38032 9.98778
4.0 33.0 0.996413 9.89744
4.0 33.0 0.997067 9.94218
4.0 33.0 1.3874 9.92107
4.0 33.0 1.03016 9.96784
4.0 33.0 1.00708 9.94793
4.0 33.0 1.00991 9.99702
4.0 33.0 1.08654 9.92107
4.0 33.0 1.0081 9.99472
4.0 33.0 1.40874 9.97963
4.0 33.0 0.972784 9.84511
4.0 33.0 1.02047 9.99377
4.0 33.0 0.994132 9.98707
4.0 33.0 1.31168 9.98448
4.0 33.0 0.989882 9.96162
4.0 33.0 1.27711 9.96995
4.0 33.0 1.27612 9.99041
4.0 33.0 0.986684 9.99854
4.0 33.0 1.06123 9.98193
4.0 33.0 1.02267 9.92726
4.0 33.0 1.02921 9.97859
4.0 33.0 1.03266 9.96884
4.0 33.0 0.993805 9.99095
4.0 33.0 1.00117 9.99031
4.0 33.0 0.988804 9.99635
4.0 33.0 1.03244 9.95302
4.0 33.0 0.995 9.98585
4.0 33.0 1.40977 9.97819
4.0 33.0 0.994648 9.97068
5.0 3.0 29.055 25.0221
5.0 3.0 29.5867 25.0217
5.0 3.0 28.8691 25.0222
5.0 3.0 28.6722 25.0222
5.0 3.0 29.2897 25.0215
5.0 3.0 28.5121 25.0092
5.0 3.0 29.4648 25.0218
5.0 3.0 29.0518 25.0222
5.0 3.0 28.5144 25.022
5.0 3.0 28.5206 25.0222
5.0 3.0 29.4227 25.0222
5.0 3.0 28.5504 25.0221
5.0 3.0 30.0604 25.0218
5.0 3.0 28.7949 25.0218
5.0 3.0 28.7652 25.0222
5.0 3.0 29.3908 25.0171
5.0 3.0 28.5715 25.0222
5.0 3.0 29.1866 25.0222
5.0 3.0 29.123 25.0221
5.0 3.0 28.6093 25.0221
5.0 3.0 29.3406 25.0221
5.0 3.0 29.0272 25.0131
5.0 3.0 28.8269 25.0221
5.0 3.0 29.0523 25.0222
5.0 3.0 29.2627 25.0179
5.0 3.0 30.0618 25.0222
5.0 3.0 28.5716 25.0222
5.0 3.0 28.7861 25.0222
5.0 3.0 30.207 25.0115
5.0 3.0 29.735 25.0221
5.0 3.0 29.0023 25.021
5.0 3.0 29.2497 25.0222
5.0 3.0 28.7297 25.0202
5.0 3.0 28.6767 25.0222
5.0 3.0 29.0721 25.0221
5.0 3.0 28.4558 25.0197
5.0 3.0 29.6514 25.0222
5.0 3.0 29.541 25.0222
5.0 3.0 28.7042 25.0222
5.0 3.0 28.7181 25.0214
5.0 3.0 29.0874 25.0208
5.0 3.0 28.7598 25.0192
5.0 3.0 29.3643 25.0222
5.0 3.0 28.5093 25.0219
5.0 3.0 28.5093 25.0219
5.0 3.0 28.5093 25.0219
5.0 3.0 28.5093 25.0219
5.0 3.0 28.5093 25.0219
5.0 3.0 28.5093 25.0219
5.0 3.0 28.5093 25.0219
5.0 4.0 19.535 25.0205
5.0 4.0 19.1991 25.0073
5.0 4.0 19.8731 25.0189
5.0 4.0 19.171 25.0131
5.0 4.0 19.9258 25.0221
5.0 4.0 19.7199 25.0222
5.0 4.0 19.6073 25.0222
5.0 4.0 19.6046 25.0221
5.0 4.0 19.2081 25.0222
5.0 4.0 19.6871 25.022
5.0 4.0 19.2474 25.0222
5.0 4.0 19.7095 25.0222
5.0 4.0 19.6743 25.0222
5.0 4.0 19.3743 25.0222
5.0 4.0 19.4566 25.0217
5.0 4.0 19.6182 25.022
5.0 4.0 19.1642 25.0222
5.0 4.0 19.5584 25.0222
5.0 4.0 19.2335 25.0219
5.0 4.0 19.7215 25.0221
5.0 4.0 19.4937 24.9374
5.0 4.0 19.2255 25.0222
5.0 4.0 19.55 25.0222
5.0 4.0 19.7116 25.0222
5.0 4.0 19.6407 25.0205
5.0 4.0 19.3603 25.0221
5.0 4.0 19.3932 25.0222
5.0 4.0 19.621 25.0222
5.0 4.0 19.381 25.0221
5.0 4.0 19.2621 25.0221
5.0 4.0 19.7287 25.0222
5.0 4.0 19.2694 25.0221
5.0 4.0 19.8159 25.0222
5.0 4.0 19.3262 25.0222
5.0 4.0 19.5626 25.0221
5.0 4.0 19.5615 25.0215
5.0 4.0 20.0046 25.0128
5.0 4.0 19.7285 25.0174
5.0 4.0 19.6018 25.0193
5.0 4.0 19.3156 25.0221
5.0 4.0 19.315 25.0085
5.0 4.0 19.0938 25.0157
5.0 4.0 19.0938 25.0157
5.0 4.0 19.0938 25.0157
5.0 4.0 19.0938 25.0157
5.0 4.0 19.0938 25.0157
5.0 4.0 19.0938 25.0157
5.0 4.0 19.0938 25.0157
5.0 4.0 19.0938 25.0157
5.0 4.0 19.0938 25.0157
5.0 5.0 14.539 25.0176
5.0 5.0 14.5621 25.0222
5.0 5.0 14.7357 25.0222
5.0 5.0 14.4902 25.0213
5.0 5.0 14.8071 25.0186
5.0 5.0 14.5037 25.022
5.0 5.0 14.5778 25.0213
5.0 5.0 14.786 25.022
5.0 5.0 14.5308 25.0222
5.0 5.0 14.6364 25.0222
5.0 5.0 14.4591 25.0222
5.0 5.0 14.6173 25.0218
5.0 5.0 14.5914 25.0222
5.0 5.0 14.705 25.0221
5.0 5.0 14.6188 25.0214
5.0 5.0 14.5141 25.0222
5.0 5.0 14.5007 25.0222
5.0 5.0 14.5803 25.0222
5.0 5.0 14.4544 25.0221
5.0 5.0 14.6387 25.0222
5.0 5.0 14.485 25.0222
5.0 5.0 14.5947 25.0219
5.0 5.0 14.4552 25.0218
5.0 5.0 14.4737 25.021
5.0 5.0 14.6133 25.0221
5.0 5.0 14.5935 25.0176
5.0 5.0 14.9289 25.0221
5.0 5.0 14.6071 25.0221
5.0 5.0 14.6815 25.022
5.0 5.0 14.4699 25.0034
5.0 5.0 15.0504 25.022
5.0 5.0 14.4845 25.0088
5.0 5.0 15.0165 25.0222
5.0 5.0 14.4302 25.0183
5.0 5.0 14.4994 25.0222
5.0 5.0 14.5171 25.0222
5.0 5.0 14.5917 25.0206
5.0 5.0 14.5538 25.0222
5.0 5.0 14.6872 25.0222
5.0 5.0 14.8365 25.0222
5.0 5.0 14.8365 25.0222
5.0 5.0 14.8365 25.0222
5.0 5.0 14.8365 25.0222
5.0 5.0 14.8365 25.0222
5.0 5.0 14.8365 25.0222
5.0 5.0 14.8365 25.0222
5.0 5.0 14.8365 25.0222
5.0 5.0 14.8365 25.0222
5.0 5.0 14.8365 25.0222
5.0 5.0 14.8365 25.0222
5.0 7.0 9.76405 25.0222
5.0 7.0 9.81966 25.0221
5.0 7.0 9.82544 25.0221
5.0 7.0 9.81741 25.0219
5.0 7.0 9.77376 25.0164
5.0 7.0 9.8059 24.9893
5.0 7.0 9.69026 25.0222
5.0 7.0 9.80923 25.0171
5.0 7.0 9.65534 25.0222
5.0 7.0 9.72718 25.0221
5.0 7.0 9.8018 25.0222
5.0 7.0 9.62447 25.0221
5.0 7.0 9.83127 25.019
5.0 7.0 9.66095 25.0217
5.0 7.0 9.73002 25.0218
5.0 7.0 9.80615 25.0216
5.0 7.0 9.73466 25.0222
5.0 7.0 9.62409 25.0222
5.0 7.0 9.81313 25.0208
5.0 7.0 9.68103 25.0221
5.0 7.0 9.72777 25.0219
5.0 7.0 9.77592 25.0222
5.0 7.0 9.86491 25.0221
5.0 7.0 9.68915 25.0222
5.0 7.0 9.74679 25.0221
5.0 7.0 9.6825 25.0222
5.0 7.0 9.80977 25.0217
5.0 7.0 9.72117 25.0222
5.0 7.0 10.0107 25.0221
5.0 7.0 9.7146 25.0222
5.0 7.0 9.70509 25.0188
5.0 7.0 9.62272 25.0209
5.0 7.0 9.69363 25.0179
5.0 7.0 9.76035 25.0222
5.0 7.0 9.72499 25.0221
5.0 7.0 9.76114 25.0222
5.0 7.0 9.82319 25.0219
5.0 7.0 9.80761 25.0206
5.0 7.0 9.68875 25.0171
5.0 7.0 9.81575 25.0222
5.0 7.0 9.80056 25.0207
5.0 7.0 9.784 25.0222
5.0 7.0 9.81541 25.0222
5.0 7.0 9.81541 25.0222
5.0 7.0 9.81541 25.0222
5.0 7.0 9.81541 25.0222
5.0 7.0 9.81541 25.0222
5.0 7.0 9.81541 25.0222
5.0 7.0 9.81541 25.0222
5.0 7.0 9.81541 25.0222
5.0 8.0 8.33512 25.0222
5.0 8.0 8.36136 25.0222
5.0 8.0 8.41088 25.0218
5.0 8.0 8.36047 25.0219
5.0 8.0 8.35502 25.0217
5.0 8.0 8.34267 25.0221
5.0 8.0 8.44614 25.0221
5.0 8.0 8.35093 25.0222
5.0 8.0 8.44575 25.0221
5.0 8.0 8.30422 25.0168
5.0 8.0 8.48084 25.022
5.0 8.0 8.38322 25.022
5.0 8.0 8.44982 25.0206
5.0 8.0 8.35848 25.0222
5.0 8.0 8.35654 25.0215
5.0 8.0 8.47592 25.0208
5.0 8.0 8.40331 25.0176
5.0 8.0 8.41717 25.0222
5.0 8.0 8.32896 25.0181
5.0 8.0 8.39141 25.0222
5.0 8.0 8.32888 24.9628
5.0 8.0 8.45816 25.0222
5.0 8.0 8.44342 25.0149
5.0 8.0 8.41616 25.0209
5.0 8.0 8.39374 25.0131
5.0 8.0 8.32525 25.0222
5.0 8.0 8.40685 25.0197
5.0 8.0 8.41942 25.0221
5.0 8.0 8.31387 25.0222
5.0 8.0 8.35162 25.0219
5.0 8.0 8.35162 25.0219
5.0 8.0 8.35162 25.0219
5.0 8.0 8.35162 25.0219
5.0 8.0 8.35162 25.0219
5.0 8.0 8.35162 25.0219
5.0 8.0 8.35162 25.0219
5.0 8.0 8.35162 25.0219
5.0 8.0 8.35162 25.0219
5.0 8.0 8.35162 25.0219
5.0 8.0 8.35162 25.0219
5.0 8.0 8.35162 25.0219
5.0 8.0 8.35162 25.0219
5.0 8.0 8.35162 25.0219
5.0 8.0 8.35162 25.0219
5.0 8.0 8.35162 25.0219
5.0 8.0 8.35162 25.0219
5.0 8.0 8.35162 25.0219
5.0 8.0 8.35162 25.0219
5.0 8.0 8.35162 25.0219
5.0 8.0 8.35162 25.0219
5.0 9.0 7.40742 25.0193
5.0 9.0 7.41459 25.0221
5.0 9.0 7.51804 25.0221
5.0 9.0 7.3452 25.0176
5.0 9.0 7.40121 25.0222
5.0 9.0 7.50239 25.0187
5.0 9.0 7.40731 25.0221
5.0 9.0 7.4884 25.0221
5.0 9.0 7.3353 25.0191
5.0 9.0 7.38235 25.0195
5.0 9.0 7.36021 25.0221
5.0 9.0 7.41577 25.021
5.0 9.0 7.48077 25.0171
5.0 9.0 7.38656 25.0214
5.0 9.0 7.39684 25.0148
5.0 9.0 7.40327 25.022
5.0 9.0 7.40092 24.9893
5.0 9.0 7.36558 25.0222
5.0 9.0 7.53893 25.0212
5.0 9.0 7.40133 25.0222
5.0 9.0 7.34709 25.0222
5.0 9.0 7.40759 25.0217
5.0 9.0 7.4883 25.0222
5.0 9.0 7.40742 25.0221
5.0 9.0 7.49052 25.0221
5.0 9.0 7.41415 25.0222
5.0 9.0 7.37008 25.0222
5.0 9.0 7.36103 25.0213
5.0 9.0 7.46629 25.0179
5.0 9.0 7.48614 25.0222
5.0 9.0 7.37814 25.0222
5.0 9.0 7.3842 25.0222
5.0 9.0 7.39518 25.0221
5.0 9.0 7.40239 25.0222
5.0 9.0 7.48033 25.0222
5.0 9.0 7.3494 25.0221
5.0 9.0 7.381 25.019
5.0 9.0 7.50927 25.0203
5.0 9.0 7.37507 25.0217
5.0 9.0 7.35996 25.0221
5.0 9.0 7.35528 25.022
5.0 9.0 7.35669 25.0199
5.0 9.0 7.41898 25.0169
5.0 9.0 7.46034 25.0222
5.0 9.0 7.46034 25.0222
5.0 9.0 7.46034 25.0222
5.0 9.0 7.46034 25.0222
5.0 9.0 7.46034 25.0222
5.0 9.0 7.46034 25.0222
5.0 9.0 7.46034 25.0222
5.0 15.0 4.28142 25.0222
5.0 15.0 4.27772 25.0183
5.0 15.0 4.22649 25.0222
5.0 15.0 4.31335 25.0221
5.0 15.0 4.32363 25.0222
5.0 15.0 4.23096 25.0222
5.0 15.0 4.33313 25.0222
5.0 15.0 4.21545 25.0131
5.0 15.0 4.22335 25.0222
5.0 15.0 4.32155 25.0222
5.0 15.0 4.23039 25.0215
5.0 15.0 4.34222 25.0221
5.0 15.0 4.32681 25.0222
5.0 15.0 4.33575 25.0222
5.0 15.0 4.2868 25.0209
5.0 15.0 4.27447 24.9781
5.0 15.0 4.23412 25.018
5.0 15.0 4.23688 25.0222
5.0 15.0 4.32546 25.0222
5.0 15.0 4.35002 25.0221
5.0 15.0 4.22749 25.0221
5.0 15.0 4.28489 25.0221
5.0 15.0 4.22525 25.0199
5.0 15.0 4.24453 25.0222
5.0 15.0 4.23401 25.0222
5.0 15.0 4.23749 25.0131
5.0 15.0 4.22889 25.0216
5.0 15.0 4.21261 25.0187
5.0 15.0 4.29748 25.0131
5.0 15.0 4.31212 25.0216
5.0 15.0 4.28007 25.0131
5.0 15.0 4.29314 25.0204
5.0 15.0 4.32534 25.0222
5.0 15.0 4.23036 25.0212
5.0 15.0 4.23337 25.0218
5.0 15.0 4.31404 25.0222
5.0 15.0 4.22042 25.0222
5.0 15.0 4.23495 25.018
5.0 15.0 4.22696 25.0221
5.0 15.0 4.23013 25.0215
5.0 15.0 4.27759 25.0216
5.0 15.0 4.23416 25.0222
5.0 15.0 4.28751 25.0131
5.0 15.0 4.28069 25.0218
5.0 15.0 4.33659 25.0221
5.0 15.0 4.32985 25.0189
5.0 15.0 4.22752 25.0221
5.0 15.0 4.23054 25.0217
5.0 15.0 4.22158 25.0222
5.0 15.0 4.22007 25.0221
5.0 16.0 4.03652 25.0216
5.0 16.0 3.95427 25.0222
5.0 16.0 4.05443 25.0221
5.0 16.0 4.00001 25.022
5.0 16.0 3.95186 25.0131
5.0 16.0 4.01318 25.0222
5.0 16.0 4.00961 25.0221
5.0 16.0 4.03277 25.0214
5.0 16.0 4.02796 25.015
5.0 16.0 3.94633 25.0222
5.0 16.0 4.03583 25.0222
5.0 16.0 3.94463 25.0222
5.0 16.0 3.92979 25.0131
5.0 16.0 4.02473 25.0221
5.0 16.0 4.02835 25.0222
5.0 16.0 4.00908 25.0222
5.0 16.0 3.9329 25.0221
5.0 16.0 4.06676 25.0222
5.0 16.0 4.03833 25.0214
5.0 16.0 4.02967 25.0221
5.0 16.0 3.94487 25.0221
5.0 16.0 4.00484 25.016
5.0 16.0 4.02059 25.0222
5.0 16.0 3.95391 25.0222
5.0 16.0 4.048 25.0221
5.0 16.0 3.96144 25.0159
5.0 16.0 3.94838 25.0222
5.0 16.0 4.04118 25.022
5.0 16.0 4.04411 25.0222
5.0 16.0 4.05252 25.022
5.0 16.0 3.94783 25.0222
5.0 16.0 4.03844 25.0206
5.0 16.0 3.96422 25.0209
5.0 16.0 4.02908 25.0221
5.0 16.0 3.95326 25.0222
5.0 16.0 3.92541 25.0131
5.0 16.0 3.99619 25.0131
5.0 16.0 4.03614 25.0131
5.0 16.0 3.94961 25.0221
5.0 16.0 3.93604 25.0222
5.0 16.0 4.04527 25.0221
5.0 16.0 3.98163 25.0218
5.0 16.0 3.93832 25.0222
5.0 16.0 4.02209 25.0221
5.0 16.0 4.05642 25.0221
5.0 16.0 3.96376 25.0221
5.0 16.0 4.02566 25.0206
5.0 16.0 3.94251 25.0131
5.0 16.0 3.94494 25.0215
5.0 16.0 3.9697 25.0222
5.0 17.0 3.70973 25.022
5.0 17.0 3.69967 25.0222
5.0 17.0 3.71016 25.0222
5.0 17.0 3.70915 25.0222
5.0 17.0 3.72196 25.0221
5.0 17.0 3.70949 25.0129
5.0 17.0 3.71168 25.0222
5.0 17.0 3.69942 25.0222
5.0 17.0 3.71318 25.001
5.0 17.0 3.71289 25.0215
5.0 17.0 3.77068 25.0135
5.0 17.0 3.7515 25.0222
5.0 17.0 3.70973 25.0205
5.0 17.0 3.71081 25.0222
5.0 17.0 3.75109 25.0219
5.0 17.0 3.77297 25.0134
5.0 17.0 3.70564 25.0222
5.0 17.0 3.75893 25.0221
5.0 17.0 3.76548 25.0191
5.0 17.0 3.69771 25.0222
5.0 17.0 3.77904 25.022
5.0 17.0 3.77138 25.0222
5.0 17.0 3.69806 25.0131
5.0 17.0 3.70216 25.022
5.0 17.0 3.76853 25.0222
5.0 17.0 3.69834 25.0222
5.0 17.0 3.79483 25.0209
5.0 17.0 3.7031 25.0222
5.0 17.0 3.70849 25.0194
5.0 17.0 3.75202 25.0198
5.0 17.0 3.70491 25.0131
5.0 17.0 3.80042 25.0205
5.0 17.0 3.76035 25.0135
5.0 17.0 3.70412 25.0221
5.0 17.0 3.76366 25.0219
5.0 17.0 3.71356 25.0221
5.0 17.0 3.70527 25.0221
5.0 17.0 3.76088 25.0217
5.0 17.0 3.77933 25.022
5.0 17.0 3.80257 25.0211
5.0 17.0 3.70809 25.0222
5.0 17.0 3.79587 25.0221
5.0 17.0 3.70508 25.0217
5.0 17.0 3.8009 25.0219
5.0 17.0 3.78085 25.0208
5.0 17.0 3.76532 25.0131
5.0 17.0 3.77734 25.0222
5.0 17.0 3.78162 25.0131
5.0 17.0 3.78837 25.0222
5.0 17.0 3.78662 25.0222
5.0 31.0 2.06594 25.0218
5.0 31.0 2.13412 25.0222
5.0 31.0 2.04732 25.0154
5.0 31.0 2.06173 25.019
5.0 31.0 2.06514 25.022
5.0 31.0 2.17281 25.0222
5.0 31.0 2.05278 25.0131
5.0 31.0 2.12577 25.0222
5.0 31.0 2.17656 25.0222
5.0 31.0 2.07411 25.0215
5.0 31.0 2.07581 25.0222
5.0 31.0 2.23454 25.0202
5.0 31.0 2.04437 25.0131
5.0 31.0 2.05181 25.0213
5.0 31.0 2.2011 25.0131
5.0 31.0 2.08882 25.0221
5.0 31.0 2.24006 25.0201
5.0 31.0 2.09708 25.0221
5.0 31.0 2.06449 25.0218
5.0 31.0 2.17564 25.0148
5.0 31.0 2.10236 25.0221
5.0 31.0 2.05268 25.0221
5.0 31.0 2.05369 25.0222
5.0 31.0 2.06567 25.0221
5.0 31.0 2.05221 25.0219
5.0 31.0 2.0729 25.0221
5.0 31.0 2.05962 25.0217
5.0 31.0 2.08823 25.0207
5.0 31.0 2.07444 25.0215
5.0 31.0 2.09589 25.0216
5.0 31.0 2.06026 25.0222
5.0 31.0 2.08656 25.022
5.0 31.0 2.08761 25.0221
5.0 31.0 2.06417 25.022
5.0 31.0 2.03864 25.021
5.0 31.0 2.17295 25.0215
5.0 31.0 2.11365 25.0131
5.0 31.0 2.06028 25.0222
5.0 31.0 2.10624 25.0131
5.0 31.0 2.10424 25.0222
5.0 31.0 2.06686 25.0222
5.0 31.0 2.09264 25.0219
5.0 31.0 2.06693 25.0222
5.0 31.0 2.13075 25.0205
5.0 31.0 2.05331 25.0205
5.0 31.0 2.052 25.0199
5.0 31.0 2.08633 25.0222
5.0 31.0 2.06608 25.0222
5.0 31.0 2.06159 25.0217
5.0 31.0 2.07828 25.0215
5.0 32.0 1.92639 25.0219
5.0 32.0 1.93191 25.0222
5.0 32.0 1.92307 25.0076
5.0 32.0 1.93486 25.0218
5.0 32.0 1.91725 25.0216
5.0 32.0 1.92371 25.0222
5.0 32.0 1.92825 25.0206
5.0 32.0 1.94276 25.0222
5.0 32.0 1.91905 25.0222
5.0 32.0 1.9314 25.0221
5.0 32.0 1.92123 24.9753
5.0 32.0 1.91963 25.0222
5.0 32.0 1.93204 25.0192
5.0 32.0 1.91792 25.0209
5.0 32.0 1.92265 25.0222
5.0 32.0 1.92083 25.0203
5.0 32.0 1.93766 25.0221
5.0 32.0 1.91596 25.0131
5.0 32.0 1.94105 25.0194
5.0 32.0 1.92606 25.0222
5.0 32.0 1.93009 25.0221
5.0 32.0 1.93446 25.0131
5.0 32.0 2.29998 25.0214
5.0 32.0 1.91884 25.0222
5.0 32.0 1.93821 25.0222
5.0 32.0 1.92061 25.0222
5.0 32.0 1.91604 25.022
5.0 32.0 1.93229 25.0212
5.0 32.0 1.92479 25.0215
5.0 32.0 1.94835 25.0215
5.0 32.0 1.91808 25.0221
5.0 32.0 1.9178 25.0221
5.0 32.0 1.93335 25.0204
5.0 32.0 1.93903 25.0131
5.0 32.0 1.91837 25.0222
5.0 32.0 1.93857 25.0212
5.0 32.0 1.92061 25.0171
5.0 32.0 1.9189 25.0212
5.0 32.0 1.92721 25.0222
5.0 32.0 1.92006 25.0219
5.0 32.0 1.92556 25.0131
5.0 32.0 1.93558 25.0221
5.0 32.0 1.91704 25.0176
5.0 32.0 1.92286 25.0222
5.0 32.0 1.94014 25.0214
5.0 32.0 1.92305 25.022
5.0 32.0 1.92335 25.0222
5.0 32.0 1.92743 25.0131
5.0 32.0 1.91951 25.0216
5.0 32.0 1.92834 25.0193
5.0 33.0 1.86371 25.022
5.0 33.0 1.86948 25.0222
5.0 33.0 1.88204 25.0222
5.0 33.0 1.93909 25.0222
5.0 33.0 1.88762 25.0151
5.0 33.0 2.13501 25.0222
5.0 33.0 1.88506 25.0218
5.0 33.0 1.88228 25.0131
5.0 33.0 1.8824 24.9374
5.0 33.0 1.969 25.0216
5.0 33.0 1.88401 25.0211
5.0 33.0 1.86757 25.022
5.0 33.0 1.86752 25.0221
5.0 33.0 2.10264 25.0222
5.0 33.0 1.9404 25.0222
5.0 33.0 1.96641 25.0201
5.0 33.0 1.94175 25.0221
5.0 33.0 1.88478 25.0222
5.0 33.0 1.87198 25.0221
5.0 33.0 1.97401 25.0221
5.0 33.0 1.99975 25.0222
5.0 33.0 1.88903 25.0189
5.0 33.0 1.86752 25.0222
5.0 33.0 1.91466 25.0211
5.0 33.0 1.86757 25.0221
5.0 33.0 1.89122 25.0189
5.0 33.0 1.89122 25.0189
5.0 33.0 1.89122 25.0189
5.0 33.0 1.89122 25.0189
5.0 33.0 1.89122 25.0189
5.0 33.0 1.89122 25.0189
5.0 33.0 1.89122 25.0189
5.0 33.0 1.89122 25.0189
5.0 33.0 1.89122 25.0189
5.0 33.0 1.89122 25.0189
5.0 33.0 1.89122 25.0189
5.0 33.0 1.89122 25.0189
5.0 33.0 1.89122 25.0189
5.0 33.0 1.89122 25.0189
5.0 33.0 1.89122 25.0189
5.0 33.0 1.89122 25.0189
5.0 33.0 1.89122 25.0189
5.0 33.0 1.89122 25.0189
5.0 33.0 1.89122 25.0189
5.0 33.0 1.89122 25.0189
5.0 33.0 1.89122 25.0189
5.0 33.0 1.89122 25.0189
5.0 33.0 1.89122 25.0189
5.0 33.0 1.89122 25.0189
5.0 33.0 1.89122 25.0189
