0.0 3.0 0.357172 2.04109
0.0 3.0 0.652939 2.01479
0.0 3.0 0.619103 2.04182
0.0 3.0 1.36989 2.03778
0.0 3.0 0.411424 2.03942
0.0 3.0 0.794697 2.04179
0.0 3.0 0.345548 2.01989
0.0 3.0 1.12371 2.03636
0.0 3.0 0.654887 2.04194
0.0 3.0 0.654904 2.03738
0.0 3.0 0.347169 2.04009
0.0 3.0 0.817354 2.03733
0.0 3.0 0.342234 2.04193
0.0 3.0 0.650347 2.04079
0.0 3.0 0.833517 2.04183
0.0 3.0 0.64144 2.03933
0.0 3.0 0.67564 2.04191
0.0 3.0 1.1461 2.0352
0.0 3.0 0.703506 2.04178
0.0 3.0 0.337198 2.03943
0.0 3.0 1.01099 2.04028
0.0 3.0 1.68273 2.04139
0.0 3.0 1.07142 2.04007
0.0 3.0 0.634256 2.01958
0.0 3.0 0.596479 2.01861
0.0 3.0 0.396861 2.04169
0.0 3.0 1.20907 2.02053
0.0 3.0 0.37784 2.02603
0.0 3.0 1.08194 2.04179
0.0 3.0 1.55206 2.04188
0.0 3.0 0.341312 2.04037
0.0 3.0 0.925497 2.04134
0.0 3.0 0.616159 2.03942
0.0 3.0 0.653054 2.04154
0.0 3.0 1.10077 2.03849
0.0 3.0 0.66799 2.03687
0.0 3.0 1.05646 2.03622
0.0 3.0 0.8362 2.03436
0.0 3.0 0.683956 2.04147
0.0 3.0 0.349744 2.04051
0.0 3.0 0.687685 2.04159
0.0 3.0 1.10723 2.02885
0.0 3.0 0.420592 2.04163
0.0 3.0 0.801708 2.01617
0.0 3.0 0.392525 2.0412
0.0 3.0 0.40863 2.02213
0.0 3.0 2.10793 2.0257
0.0 3.0 1.55646 2.04194
0.0 3.0 0.641874 2.03618
0.0 3.0 0.37839 2.04153
0.0 4.0 0.60225 2.03339
0.0 4.0 1.06227 2.04093
0.0 4.0 0.597174 2.04165
0.0 4.0 0.394869 2.02628
0.0 4.0 0.930524 2.03733
0.0 4.0 0.585766 2.04195
0.0 4.0 0.976926 2.04087
0.0 4.0 0.613568 2.04188
0.0 4.0 0.424662 2.04117
0.0 4.0 0.580583 2.01982
0.0 4.0 0.994699 2.02245
0.0 4.0 1.14342 2.04194
0.0 4.0 0.621351 2.04195
0.0 4.0 0.35194 2.04196
0.0 4.0 0.625042 2.04168
0.0 4.0 1.01277 2.03514
0.0 4.0 0.923295 2.02087
0.0 4.0 0.325523 2.02199
0.0 4.0 0.321696 2.04181
0.0 4.0 0.399613 2.04175
0.0 4.0 0.598463 2.03983
0.0 4.0 0.611661 2.04197
0.0 4.0 0.834892 2.03989
0.0 4.0 0.376159 2.04197
0.0 4.0 0.809574 2.04169
0.0 4.0 0.597306 2.04091
0.0 4.0 0.904642 2.04198
0.0 4.0 0.800014 2.04144
0.0 4.0 0.982489 2.03896
0.0 4.0 0.396835 2.02215
0.0 4.0 0.596786 2.03255
0.0 4.0 0.611074 2.04159
0.0 4.0 1.19977 2.04197
0.0 4.0 0.977056 2.04175
0.0 4.0 0.810845 2.04191
0.0 4.0 1.18657 2.04147
0.0 4.0 0.619403 2.04191
0.0 4.0 0.353251 2.04182
0.0 4.0 0.373076 2.0418
0.0 4.0 0.321813 2.04192
0.0 4.0 0.885066 2.04183
0.0 4.0 1.06326 2.04161
0.0 4.0 0.883515 2.02185
0.0 4.0 0.762054 2.03514
0.0 4.0 0.726277 2.04007
0.0 4.0 0.315821 2.0257
0.0 4.0 0.347856 2.04198
0.0 4.0 0.885549 2.04196
0.0 4.0 0.375893 2.04144
0.0 4.0 0.806094 2.04133
0.0 5.0 0.99202 2.03865
0.0 5.0 1.41934 2.04032
0.0 5.0 0.573441 2.04192
0.0 5.0 1.52697 2.04197
0.0 5.0 0.709678 2.04194
0.0 5.0 0.564535 2.04187
0.0 5.0 0.676619 2.04162
0.0 5.0 1.00937 2.01382
0.0 5.0 0.552117 2.04183
0.0 5.0 1.53018 2.04197
0.0 5.0 0.569322 2.04197
0.0 5.0 0.99116 2.04159
0.0 5.0 0.678528 2.03989
0.0 5.0 0.610656 2.04141
0.0 5.0 0.757266 2.04163
0.0 5.0 0.943935 2.02426
0.0 5.0 1.22422 2.03738
0.0 5.0 0.578869 2.04183
0.0 5.0 0.666946 2.04002
0.0 5.0 1.86208 2.04177
0.0 5.0 0.601158 2.04184
0.0 5.0 0.528433 2.04181
0.0 5.0 0.944849 2.04164
0.0 5.0 0.584413 2.01065
0.0 5.0 1.81057 2.04197
0.0 5.0 0.584077 2.04197
0.0 5.0 0.590689 2.04044
0.0 5.0 1.50254 2.04198
0.0 5.0 0.893714 2.0224
0.0 5.0 0.543087 2.02385
0.0 5.0 0.546419 2.04152
0.0 5.0 0.660175 2.01776
0.0 5.0 0.585113 2.0419
0.0 5.0 0.757339 2.02169
0.0 5.0 0.817497 2.0214
0.0 5.0 1.36129 2.03965
0.0 5.0 0.607663 2.04195
0.0 5.0 2.07194 2.03419
0.0 5.0 0.571925 2.04183
0.0 5.0 0.969862 2.04143
0.0 5.0 0.563702 2.02208
0.0 5.0 1.28222 2.0415
0.0 5.0 0.888828 2.02977
0.0 5.0 0.697551 2.02385
0.0 5.0 0.673318 2.0164
0.0 5.0 1.41386 2.04191
0.0 5.0 0.588503 2.04175
0.0 5.0 0.966342 2.0164
0.0 5.0 0.899887 2.0403
0.0 5.0 0.671823 2.04152
0.0 7.0 0.74441 2.04192
0.0 7.0 0.632667 2.02211
0.0 7.0 0.801633 2.04126
0.0 7.0 0.578724 2.03607
0.0 7.0 0.793922 2.04094
0.0 7.0 0.813493 2.04139
0.0 7.0 0.934149 2.04189
0.0 7.0 1.60092 2.03978
0.0 7.0 0.641557 2.04192
0.0 7.0 0.610542 2.01647
0.0 7.0 0.787028 2.03019
0.0 7.0 0.590769 2.02185
0.0 7.0 0.5936 2.01471
0.0 7.0 0.780694 2.04039
0.0 7.0 0.909397 2.01361
0.0 7.0 0.598583 2.00734
0.0 7.0 0.80961 2.03188
0.0 7.0 1.65051 2.04185
0.0 7.0 0.618921 2.04192
0.0 7.0 0.808501 2.03368
0.0 7.0 0.752394 2.04195
0.0 7.0 0.817335 2.02674
0.0 7.0 0.616126 2.03992
0.0 7.0 0.67628 2.03573
0.0 7.0 0.768168 2.0148
0.0 7.0 0.646076 2.04131
0.0 7.0 0.808111 2.02385
0.0 7.0 0.685208 2.02067
0.0 7.0 0.604467 2.04192
0.0 7.0 0.612207 2.04191
0.0 7.0 0.788232 2.04193
0.0 7.0 0.605315 2.01466
0.0 7.0 0.777839 2.0414
0.0 7.0 1.53722 2.04032
0.0 7.0 0.765295 2.04191
0.0 7.0 0.784733 2.04062
0.0 7.0 1.65594 2.04164
0.0 7.0 0.752918 2.01824
0.0 7.0 0.900237 2.03958
0.0 7.0 0.770643 2.04158
0.0 7.0 0.599627 2.04039
0.0 7.0 0.7857 2.0346
0.0 7.0 0.625629 2.0224
0.0 7.0 0.902149 2.0418
0.0 7.0 0.619753 2.04178
0.0 7.0 0.676751 2.04195
0.0 7.0 0.829093 2.04182
0.0 7.0 0.637007 2.04192
0.0 7.0 0.898481 2.03419
0.0 7.0 0.795593 2.04198
0.0 8.0 1.21706 2.04127
0.0 8.0 1.28816 2.04196
0.0 8.0 1.09319 2.04079
0.0 8.0 0.821473 2.04183
0.0 8.0 0.583535 2.04036
0.0 8.0 0.650757 2.0356
0.0 8.0 0.613772 2.04051
0.0 8.0 0.560715 2.04197
0.0 8.0 0.791296 2.04002
0.0 8.0 0.56162 2.02195
0.0 8.0 0.579961 2.04194
0.0 8.0 0.656081 2.04061
0.0 8.0 1.69283 2.03798
0.0 8.0 1.01815 2.04193
0.0 8.0 0.808473 2.04041
0.0 8.0 1.70653 2.02153
0.0 8.0 0.798998 2.02625
0.0 8.0 0.622048 2.03038
0.0 8.0 1.26068 2.04194
0.0 8.0 0.825227 2.02063
0.0 8.0 0.584 2.03592
0.0 8.0 1.13064 2.02057
0.0 8.0 1.66428 2.0408
0.0 8.0 0.588521 2.04082
0.0 8.0 0.580252 2.03959
0.0 8.0 1.72515 2.03622
0.0 8.0 0.62221 2.03737
0.0 8.0 1.15761 2.04195
0.0 8.0 0.611703 2.02127
0.0 8.0 0.86033 2.0224
0.0 8.0 0.616456 2.03598
0.0 8.0 0.613798 2.01814
0.0 8.0 0.653318 2.03443
0.0 8.0 1.68662 2.0216
0.0 8.0 0.95634 2.04176
0.0 8.0 0.597425 2.04031
0.0 8.0 0.604708 2.03969
0.0 8.0 0.951358 2.03645
0.0 8.0 0.597848 2.0164
0.0 8.0 0.596571 2.04198
0.0 8.0 1.1748 2.03439
0.0 8.0 0.673549 2.01481
0.0 8.0 0.633345 2.04032
0.0 8.0 0.563538 2.04163
0.0 8.0 0.603696 2.04187
0.0 8.0 0.870021 2.04024
0.0 8.0 0.606632 2.0188
0.0 8.0 1.13712 2.03321
0.0 8.0 0.874576 2.01655
0.0 8.0 0.634031 2.04195
0.0 9.0 0.904149 2.04136
0.0 9.0 1.33533 2.01235
0.0 9.0 1.78871 2.0418
0.0 9.0 1.03381 2.04188
0.0 9.0 1.18301 2.04183
0.0 9.0 1.58561 2.01977
0.0 9.0 1.27527 2.0417
0.0 9.0 1.00666 2.04166
0.0 9.0 1.37313 2.03151
0.0 9.0 0.889684 2.03688
0.0 9.0 0.893009 2.01875
0.0 9.0 1.14099 2.04133
0.0 9.0 0.698044 2.0136
0.0 9.0 0.862064 2.03764
0.0 9.0 0.960824 2.01481
0.0 9.0 0.818589 2.04127
0.0 9.0 1.25017 2.01798
0.0 9.0 0.706587 2.01444
0.0 9.0 0.960212 2.02199
0.0 9.0 0.909243 2.0393
0.0 9.0 1.29081 2.04175
0.0 9.0 1.36039 2.04172
0.0 9.0 0.829488 2.04197
0.0 9.0 0.907545 2.04195
0.0 9.0 0.713605 2.04138
0.0 9.0 0.838491 2.03778
0.0 9.0 1.36074 2.03778
0.0 9.0 1.21627 2.04173
0.0 9.0 1.32229 2.0209
0.0 9.0 1.34008 2.04072
0.0 9.0 0.890841 2.02197
0.0 9.0 0.852059 2.04191
0.0 9.0 0.867978 2.04172
0.0 9.0 0.843588 2.02723
0.0 9.0 0.958739 2.0403
0.0 9.0 1.63657 2.01475
0.0 9.0 1.84052 2.03791
0.0 9.0 0.870063 2.01982
0.0 9.0 1.29421 2.04196
0.0 9.0 1.78488 2.03953
0.0 9.0 0.907876 2.04138
0.0 9.0 0.901469 2.04045
0.0 9.0 1.01877 2.04197
0.0 9.0 0.928754 2.01748
0.0 9.0 0.733819 2.03675
0.0 9.0 0.860972 2.02484
0.0 9.0 0.865205 2.01065
0.0 9.0 1.35984 2.04192
0.0 9.0 0.856906 2.04177
0.0 9.0 1.4867 2.04037
0.0 15.0 0.805151 2.02356
0.0 15.0 1.27216 2.04197
0.0 15.0 1.17936 2.03911
0.0 15.0 0.966817 2.04173
0.0 15.0 0.939109 2.04032
0.0 15.0 1.49134 2.01682
0.0 15.0 1.36802 2.04133
0.0 15.0 0.998398 2.02194
0.0 15.0 0.84255 2.03228
0.0 15.0 1.29128 2.01652
0.0 15.0 1.27713 2.02019
0.0 15.0 1.31268 2.01983
0.0 15.0 0.864085 2.02676
0.0 15.0 1.40528 2.03843
0.0 15.0 0.991953 2.03852
0.0 15.0 1.3197 2.02095
0.0 15.0 1.341 2.03629
0.0 15.0 1.30155 2.0418
0.0 15.0 1.24731 2.0403
0.0 15.0 1.23128 2.04195
0.0 15.0 1.41082 2.02072
0.0 15.0 1.0102 2.01384
0.0 15.0 1.01049 2.03942
0.0 15.0 1.22264 2.0371
0.0 15.0 1.3951 2.01504
0.0 15.0 0.79355 2.02809
0.0 15.0 1.33525 2.02168
0.0 15.0 0.931456 2.03629
0.0 15.0 0.848677 2.04197
0.0 15.0 1.38695 2.03858
0.0 15.0 0.8602 2.02135
0.0 15.0 1.2864 2.01995
0.0 15.0 1.18629 2.03746
0.0 15.0 0.873207 2.02877
0.0 15.0 1.0002 2.01106
0.0 15.0 0.875924 2.04084
0.0 15.0 0.988819 2.0299
0.0 15.0 1.1775 2.00438
0.0 15.0 1.2772 2.02201
0.0 15.0 0.798509 2.04183
0.0 15.0 0.9164 2.04168
0.0 15.0 1.24751 2.04194
0.0 15.0 0.991137 2.04133
0.0 15.0 0.921998 2.04026
0.0 15.0 0.796097 2.01825
0.0 15.0 0.795194 2.01481
0.0 15.0 0.916843 2.02598
0.0 15.0 1.29949 2.04115
0.0 15.0 0.8469 2.0397
0.0 15.0 1.30649 2.0414
0.0 16.0 0.906067 2.04191
0.0 16.0 1.49234 2.01479
0.0 16.0 1.2474 2.01288
0.0 16.0 1.061 2.01374
0.0 16.0 0.990994 2.01196
0.0 16.0 0.901996 2.04191
0.0 16.0 1.45349 2.04182
0.0 16.0 1.29814 2.04097
0.0 16.0 0.842703 2.0212
0.0 16.0 0.92478 2.0346
0.0 16.0 0.978794 2.03844
0.0 16.0 0.946228 2.04192
0.0 16.0 0.836714 2.02198
0.0 16.0 1.33957 2.00525
0.0 16.0 0.906382 2.04172
0.0 16.0 0.826765 2.04156
0.0 16.0 1.31688 2.04195
0.0 16.0 1.48875 2.04172
0.0 16.0 1.02219 2.01481
0.0 16.0 1.06098 2.04101
0.0 16.0 0.838685 2.04174
0.0 16.0 1.33623 2.04186
0.0 16.0 0.908568 2.04183
0.0 16.0 1.48103 2.04137
0.0 16.0 0.956045 2.04034
0.0 16.0 1.29673 2.04045
0.0 16.0 1.04374 2.03269
0.0 16.0 1.24692 2.03812
0.0 16.0 0.898446 2.04075
0.0 16.0 0.984887 2.02385
0.0 16.0 1.4476 2.01481
0.0 16.0 1.32435 2.01692
0.0 16.0 0.837193 2.04132
0.0 16.0 1.65132 2.01222
0.0 16.0 1.02606 2.04185
0.0 16.0 0.83712 2.02385
0.0 16.0 1.39602 2.0209
0.0 16.0 0.996672 2.0416
0.0 16.0 0.819647 2.04109
0.0 16.0 0.836029 2.04195
0.0 16.0 1.01308 2.02385
0.0 16.0 0.897136 2.01481
0.0 16.0 1.43751 2.04172
0.0 16.0 1.31178 2.04168
0.0 16.0 1.01553 2.01481
0.0 16.0 0.967187 2.03784
0.0 16.0 1.30155 2.01481
0.0 16.0 1.28946 2.03316
0.0 16.0 1.24201 2.04133
0.0 16.0 1.0123 2.04191
0.0 17.0 1.07173 2.04032
0.0 17.0 1.18914 2.04197
0.0 17.0 0.929638 2.04069
0.0 17.0 1.30006 2.04195
0.0 17.0 1.25364 2.04092
0.0 17.0 0.935982 2.02725
0.0 17.0 1.00631 2.02033
0.0 17.0 1.21694 2.03808
0.0 17.0 0.941367 2.01464
0.0 17.0 0.915966 2.04188
0.0 17.0 0.979836 2.04143
0.0 17.0 1.19639 2.03619
0.0 17.0 0.796377 2.02078
0.0 17.0 0.829045 2.04182
0.0 17.0 0.853452 2.02064
0.0 17.0 0.932009 2.04116
0.0 17.0 0.903145 2.04195
0.0 17.0 0.885932 2.02385
0.0 17.0 0.895468 2.04198
0.0 17.0 1.20186 2.03815
0.0 17.0 1.20846 2.04094
0.0 17.0 1.46095 2.04195
0.0 17.0 1.17818 2.02177
0.0 17.0 0.892367 2.03528
0.0 17.0 0.938942 2.04191
0.0 17.0 0.993019 2.02137
0.0 17.0 0.886112 2.01878
0.0 17.0 0.939771 2.04116
0.0 17.0 1.20148 2.04002
0.0 17.0 0.877385 2.04188
0.0 17.0 1.17145 2.04133
0.0 17.0 0.935933 2.04007
0.0 17.0 1.42451 2.04198
0.0 17.0 0.941441 2.03691
0.0 17.0 1.46215 2.04172
0.0 17.0 0.929288 2.01481
0.0 17.0 1.04662 2.02065
0.0 17.0 0.885428 2.02192
0.0 17.0 1.29161 2.03885
0.0 17.0 1.244 2.04183
0.0 17.0 0.927367 2.04189
0.0 17.0 0.960933 2.01481
0.0 17.0 0.877058 2.04164
0.0 17.0 0.918817 2.04175
0.0 17.0 0.918944 2.02198
0.0 17.0 0.89309 2.04027
0.0 17.0 1.27989 2.04169
0.0 17.0 0.997637 2.03784
0.0 17.0 0.882969 2.02385
0.0 17.0 0.858002 2.04192
0.0 31.0 1.29611 2.04196
0.0 31.0 1.41539 2.03889
0.0 31.0 1.4297 2.0164
0.0 31.0 1.02345 2.01263
0.0 31.0 1.3502 2.03915
0.0 31.0 1.27387 2.03563
0.0 31.0 1.26022 2.04194
0.0 31.0 1.32708 2.0146
0.0 31.0 1.39821 2.04175
0.0 31.0 1.28665 2.0224
0.0 31.0 1.02964 2.04168
0.0 31.0 1.48784 2.03529
0.0 31.0 1.26976 2.04139
0.0 31.0 1.2403 2.04186
0.0 31.0 1.23456 2.03545
0.0 31.0 1.34185 2.03107
0.0 31.0 1.24169 2.00531
0.0 31.0 1.50416 2.01065
0.0 31.0 1.22057 2.02146
0.0 31.0 1.27388 2.01065
0.0 31.0 1.38354 2.04153
0.0 31.0 1.28859 2.02133
0.0 31.0 1.31104 2.02189
0.0 31.0 0.933581 2.04182
0.0 31.0 1.30174 2.04177
0.0 31.0 1.00316 2.01481
0.0 31.0 1.0057 2.03945
0.0 31.0 1.34544 2.04197
0.0 31.0 1.29592 2.02397
0.0 31.0 1.2863 2.04165
0.0 31.0 1.35231 2.03589
0.0 31.0 0.984985 2.04115
0.0 31.0 1.37937 2.04185
0.0 31.0 1.27885 2.04032
0.0 31.0 1.31093 2.03335
0.0 31.0 1.26537 2.02109
0.0 31.0 0.967094 2.01808
0.0 31.0 1.47635 2.04182
0.0 31.0 1.31089 2.03024
0.0 31.0 1.27929 2.04198
0.0 31.0 1.24993 2.04187
0.0 31.0 1.36619 2.04118
0.0 31.0 1.29202 2.04042
0.0 31.0 1.34558 2.04168
0.0 31.0 1.33253 2.01481
0.0 31.0 0.980979 2.04174
0.0 31.0 0.945604 2.04062
0.0 31.0 1.51163 2.03623
0.0 31.0 0.999599 2.04145
0.0 31.0 1.34121 2.04114
0.0 32.0 1.50429 2.02129
0.0 32.0 0.915666 2.04036
0.0 32.0 0.852335 2.04156
0.0 32.0 1.28323 2.0164
0.0 32.0 1.28185 2.03573
0.0 32.0 1.2323 2.01461
0.0 32.0 1.42617 2.04175
0.0 32.0 1.35244 2.04179
0.0 32.0 1.21959 2.04194
0.0 32.0 1.30473 2.02385
0.0 32.0 1.55933 2.03923
0.0 32.0 0.923711 2.00247
0.0 32.0 0.855908 2.00992
0.0 32.0 1.83496 2.04183
0.0 32.0 1.32261 2.02829
0.0 32.0 1.33044 2.04166
0.0 32.0 1.29773 2.01065
0.0 32.0 1.49199 2.0334
0.0 32.0 0.914732 2.04047
0.0 32.0 1.32671 2.04095
0.0 32.0 1.53631 2.04175
0.0 32.0 0.908257 2.04187
0.0 32.0 1.2818 2.04077
0.0 32.0 1.31146 2.04185
0.0 32.0 0.873608 2.02221
0.0 32.0 1.33766 2.01672
0.0 32.0 1.36395 2.02778
0.0 32.0 1.58077 2.04086
0.0 32.0 1.44782 2.03812
0.0 32.0 0.883379 2.02172
0.0 32.0 1.27161 2.01065
0.0 32.0 1.40376 2.03821
0.0 32.0 1.25369 2.04007
0.0 32.0 1.31805 2.04116
0.0 32.0 0.87043 2.04189
0.0 32.0 1.31971 2.04041
0.0 32.0 0.84963 2.03808
0.0 32.0 1.32033 2.03629
0.0 32.0 1.4057 2.02153
0.0 32.0 1.29734 2.04193
0.0 32.0 1.41669 2.04179
0.0 32.0 0.870811 2.03173
0.0 32.0 1.31402 2.04129
0.0 32.0 0.873636 2.04189
0.0 32.0 1.35381 2.0372
0.0 32.0 1.23761 2.04174
0.0 32.0 1.28701 2.03899
0.0 32.0 1.29655 2.04198
0.0 32.0 1.30149 2.02207
0.0 32.0 1.29645 2.04191
0.0 33.0 0.998566 2.02385
0.0 33.0 1.00253 2.04198
0.0 33.0 0.92649 2.04198
0.0 33.0 0.963681 2.04107
0.0 33.0 0.981107 2.04171
0.0 33.0 0.9445 2.04181
0.0 33.0 1.02568 2.04146
0.0 33.0 1.01526 2.02385
0.0 33.0 0.883415 2.04188
0.0 33.0 0.887135 2.04197
0.0 33.0 0.949666 2.01857
0.0 33.0 0.924921 2.04189
0.0 33.0 1.04243 2.01479
0.0 33.0 0.994568 2.00953
0.0 33.0 0.999394 2.03899
0.0 33.0 1.00034 2.01641
0.0 33.0 0.932236 2.03501
0.0 33.0 0.938691 2.04192
0.0 33.0 1.10788 2.04166
0.0 33.0 1.02134 2.02194
0.0 33.0 0.997233 2.01938
0.0 33.0 0.932144 2.00588
0.0 33.0 1.03405 2.036
0.0 33.0 1.04816 2.04184
0.0 33.0 1.02666 2.04196
0.0 33.0 1.00078 2.02221
0.0 33.0 0.909836 2.03817
0.0 33.0 0.910051 2.02385
0.0 33.0 0.98824 2.0414
0.0 33.0 0.983704 2.02153
0.0 33.0 1.01185 2.03629
0.0 33.0 1.02586 2.01446
0.0 33.0 0.989511 2.04041
0.0 33.0 0.940092 2.04191
0.0 33.0 0.963375 2.04164
0.0 33.0 0.997944 2.03628
0.0 33.0 1.0623 2.04159
0.0 33.0 0.93786 2.01896
0.0 33.0 1.04102 2.0164
0.0 33.0 1.03824 2.03184
0.0 33.0 0.964799 2.04145
0.0 33.0 0.99729 2.03207
0.0 33.0 1.04458 2.03144
0.0 33.0 0.924859 2.01722
0.0 33.0 0.939084 2.04197
0.0 33.0 1.00053 2.04197
0.0 33.0 1.0011 2.03413
0.0 33.0 1.01869 2.0416
0.0 33.0 1.01303 2.04195
0.0 33.0 0.990858 2.04025
1.0 3.0 0.928838 16.6436
1.0 3.0 0.738028 16.6516
1.0 3.0 1.14673 16.651
1.0 3.0 0.74819 16.5729
1.0 3.0 0.766811 16.6514
1.0 3.0 0.456951 16.6517
1.0 3.0 0.890908 16.6506
1.0 3.0 0.979989 16.6128
1.0 3.0 0.756495 16.6324
1.0 3.0 1.07942 16.644
1.0 3.0 0.748588 16.6519
1.0 3.0 0.443346 16.6485
1.0 3.0 0.74571 16.6336
1.0 3.0 0.448692 16.6501
1.0 3.0 0.811625 16.6528
1.0 3.0 0.746505 16.6496
1.0 3.0 0.453426 16.6381
1.0 3.0 0.88976 16.635
1.0 3.0 0.759141 16.6526
1.0 3.0 0.744583 16.6456
1.0 3.0 0.445592 16.6495
1.0 3.0 0.401336 16.6507
1.0 3.0 0.986927 16.649
1.0 3.0 0.397323 16.65
1.0 3.0 0.416806 16.6521
1.0 3.0 0.396269 16.6519
1.0 3.0 0.449061 16.6346
1.0 3.0 0.406096 16.6202
1.0 3.0 0.468055 16.6455
1.0 3.0 1.00605 16.6519
1.0 3.0 0.456481 16.6361
1.0 3.0 0.724017 16.6523
1.0 3.0 0.451861 16.6516
1.0 3.0 0.391788 16.6441
1.0 3.0 0.419284 16.6461
1.0 3.0 0.419635 16.6516
1.0 3.0 0.489477 16.6335
1.0 3.0 0.753408 16.5875
1.0 3.0 0.735297 16.6466
1.0 3.0 0.518917 16.6329
1.0 3.0 1.12501 16.6517
1.0 3.0 1.49908 16.6517
1.0 3.0 0.394579 16.6527
1.0 3.0 0.74459 16.6061
1.0 3.0 0.487051 16.6515
1.0 3.0 0.748664 16.6519
1.0 3.0 1.53803 16.6304
1.0 3.0 1.07785 16.6459
1.0 3.0 1.34798 16.6446
1.0 3.0 0.440498 16.6469
1.0 4.0 0.957043 16.6435
1.0 4.0 0.983934 16.5781
1.0 4.0 0.430928 16.6512
1.0 4.0 0.33335 16.6485
1.0 4.0 0.331868 16.5885
1.0 4.0 1.08438 16.6515
1.0 4.0 1.20521 16.6298
1.0 4.0 0.339272 16.6528
1.0 4.0 0.385092 16.6324
1.0 4.0 0.771512 16.648
1.0 4.0 0.38431 16.6464
1.0 4.0 1.16825 16.6519
1.0 4.0 1.20427 16.6481
1.0 4.0 0.588561 16.5987
1.0 4.0 0.882997 16.6487
1.0 4.0 0.770492 16.6512
1.0 4.0 1.16818 16.6437
1.0 4.0 0.790171 16.6525
1.0 4.0 0.609774 16.6507
1.0 4.0 0.331726 16.6495
1.0 4.0 0.374103 16.6525
1.0 4.0 0.691264 16.6497
1.0 4.0 0.392756 16.6456
1.0 4.0 0.332931 16.6505
1.0 4.0 0.600176 16.6516
1.0 4.0 0.378924 16.6528
1.0 4.0 0.98348 16.6518
1.0 4.0 0.757112 16.6517
1.0 4.0 0.332625 16.6119
1.0 4.0 0.356794 16.6326
1.0 4.0 0.870036 16.6212
1.0 4.0 0.39236 16.6481
1.0 4.0 0.622196 16.6471
1.0 4.0 0.817654 16.6461
1.0 4.0 0.419019 16.6496
1.0 4.0 1.14593 16.6504
1.0 4.0 1.09593 16.648
1.0 4.0 0.799847 16.6461
1.0 4.0 0.831814 16.608
1.0 4.0 1.02298 16.6509
1.0 4.0 0.45618 16.6521
1.0 4.0 0.942302 16.6486
1.0 4.0 1.07871 16.6521
1.0 4.0 0.827113 16.623
1.0 4.0 0.359552 16.6478
1.0 4.0 0.804609 16.6166
1.0 4.0 1.06687 16.5863
1.0 4.0 0.333128 16.635
1.0 4.0 0.687505 16.6518
1.0 4.0 0.800985 16.6356
1.0 5.0 0.670691 16.6176
1.0 5.0 0.828424 16.6481
1.0 5.0 1.52007 16.6525
1.0 5.0 0.632454 16.6408
1.0 5.0 0.549554 16.5924
1.0 5.0 1.37495 16.6325
1.0 5.0 0.859731 16.6368
1.0 5.0 0.943323 16.6507
1.0 5.0 0.683226 16.6528
1.0 5.0 0.690268 16.6214
1.0 5.0 0.833622 16.6436
1.0 5.0 2.03215 16.6422
1.0 5.0 0.684366 16.6481
1.0 5.0 1.35331 16.6403
1.0 5.0 0.687631 16.648
1.0 5.0 0.743454 16.6463
1.0 5.0 0.902044 16.5262
1.0 5.0 1.80089 16.6462
1.0 5.0 0.952202 16.6513
1.0 5.0 1.51029 16.5962
1.0 5.0 0.593564 16.6528
1.0 5.0 1.37559 16.6524
1.0 5.0 0.66738 16.5882
1.0 5.0 0.788165 16.6269
1.0 5.0 0.541804 16.6519
1.0 5.0 1.00928 16.6517
1.0 5.0 1.37771 16.6527
1.0 5.0 0.715592 16.6277
1.0 5.0 0.538756 16.592
1.0 5.0 0.648085 16.648
1.0 5.0 1.40336 16.639
1.0 5.0 0.672845 16.5416
1.0 5.0 0.700527 16.5262
1.0 5.0 1.48253 16.6037
1.0 5.0 0.68731 16.6491
1.0 5.0 0.576285 16.6497
1.0 5.0 0.596063 16.6528
1.0 5.0 0.827179 16.6505
1.0 5.0 0.754078 16.6331
1.0 5.0 0.620337 16.6424
1.0 5.0 0.593246 16.6046
1.0 5.0 1.51954 16.6516
1.0 5.0 0.590638 16.5993
1.0 5.0 0.552415 16.6343
1.0 5.0 0.597715 16.6435
1.0 5.0 0.740153 16.6513
1.0 5.0 0.712948 16.6521
1.0 5.0 0.693708 16.6504
1.0 5.0 0.91358 16.652
1.0 5.0 0.546973 16.6488
1.0 7.0 0.62358 16.6485
1.0 7.0 0.819291 16.6461
1.0 7.0 0.915589 16.6508
1.0 7.0 0.616247 16.6501
1.0 7.0 0.803308 16.6524
1.0 7.0 0.914833 16.651
1.0 7.0 0.822584 16.6528
1.0 7.0 0.640128 16.6424
1.0 7.0 0.913947 16.6502
1.0 7.0 0.624333 16.6509
1.0 7.0 0.622524 16.6219
1.0 7.0 0.852443 16.614
1.0 7.0 0.621123 16.5262
1.0 7.0 0.832625 16.6515
1.0 7.0 1.63258 16.6484
1.0 7.0 0.675126 16.6527
1.0 7.0 0.614124 16.6356
1.0 7.0 0.926576 16.6371
1.0 7.0 0.632121 16.6379
1.0 7.0 0.805716 16.6523
1.0 7.0 1.33464 16.5991
1.0 7.0 0.622229 16.6143
1.0 7.0 0.883993 16.6512
1.0 7.0 0.802949 16.6522
1.0 7.0 0.619273 16.652
1.0 7.0 1.64552 16.6361
1.0 7.0 0.619377 16.6378
1.0 7.0 0.623994 16.6519
1.0 7.0 0.800038 16.6516
1.0 7.0 0.824449 16.635
1.0 7.0 0.918158 16.6496
1.0 7.0 0.850589 16.6481
1.0 7.0 0.637181 16.6528
1.0 7.0 0.801042 16.6469
1.0 7.0 0.827624 16.6324
1.0 7.0 0.640253 16.6512
1.0 7.0 0.857622 16.6506
1.0 7.0 0.813743 16.5532
1.0 7.0 0.809283 16.6509
1.0 7.0 0.82338 16.6071
1.0 7.0 0.920538 16.5635
1.0 7.0 0.650159 16.6464
1.0 7.0 0.696723 16.6498
1.0 7.0 0.624897 16.5668
1.0 7.0 0.618259 16.5776
1.0 7.0 0.81578 16.6446
1.0 7.0 1.57117 16.6369
1.0 7.0 0.925021 16.6432
1.0 7.0 0.621856 16.6485
1.0 7.0 0.689913 16.652
1.0 8.0 0.942224 16.6209
1.0 8.0 1.18066 16.5625
1.0 8.0 0.629512 16.6467
1.0 8.0 1.61214 16.6409
1.0 8.0 0.660889 16.618
1.0 8.0 0.842943 16.6363
1.0 8.0 0.630213 16.6525
1.0 8.0 0.852086 16.6512
1.0 8.0 0.601629 16.6417
1.0 8.0 0.606232 16.5978
1.0 8.0 1.72149 16.6514
1.0 8.0 0.842282 16.6505
1.0 8.0 0.592251 16.612
1.0 8.0 0.843952 16.645
1.0 8.0 0.892374 16.6485
1.0 8.0 0.608153 16.6033
1.0 8.0 0.708152 16.6436
1.0 8.0 0.89551 16.6462
1.0 8.0 0.585425 16.6511
1.0 8.0 0.590575 16.6317
1.0 8.0 0.902019 16.6488
1.0 8.0 0.802261 16.6296
1.0 8.0 0.625579 16.6474
1.0 8.0 1.08698 16.6474
1.0 8.0 1.20653 16.6474
1.0 8.0 0.584499 16.6527
1.0 8.0 0.619853 16.6479
1.0 8.0 0.801287 16.6523
1.0 8.0 0.935284 16.6277
1.0 8.0 0.638264 16.6412
1.0 8.0 0.593176 16.6369
1.0 8.0 0.596906 16.5262
1.0 8.0 0.643214 16.6111
1.0 8.0 0.813691 16.6497
1.0 8.0 0.859013 16.6469
1.0 8.0 1.17539 16.6518
1.0 8.0 0.594152 16.5765
1.0 8.0 0.600905 16.6513
1.0 8.0 0.655912 16.5262
1.0 8.0 0.849763 16.6507
1.0 8.0 0.667991 16.6468
1.0 8.0 1.56173 16.6526
1.0 8.0 1.17344 16.6526
1.0 8.0 0.594707 16.6497
1.0 8.0 1.62447 16.6517
1.0 8.0 0.58805 16.6471
1.0 8.0 0.802029 16.6431
1.0 8.0 0.589481 16.5908
1.0 8.0 0.667247 16.6515
1.0 8.0 1.5769 16.6399
1.0 9.0 1.77877 16.6528
1.0 9.0 1.19944 16.6508
1.0 9.0 1.66875 16.6422
1.0 9.0 0.943514 16.6515
1.0 9.0 0.842275 16.6528
1.0 9.0 0.828123 16.631
1.0 9.0 0.903918 16.6492
1.0 9.0 1.31676 16.6522
1.0 9.0 0.977352 16.614
1.0 9.0 0.747169 16.5933
1.0 9.0 0.934608 16.6424
1.0 9.0 0.932428 16.6516
1.0 9.0 0.933388 16.635
1.0 9.0 1.31279 16.6516
1.0 9.0 0.745312 16.6488
1.0 9.0 1.66998 16.6126
1.0 9.0 0.834463 16.6433
1.0 9.0 1.68808 16.6525
1.0 9.0 0.785157 16.6405
1.0 9.0 1.30891 16.5935
1.0 9.0 1.22447 16.6487
1.0 9.0 0.893425 16.6528
1.0 9.0 0.956286 16.6457
1.0 9.0 1.21106 16.6445
1.0 9.0 0.889644 16.6517
1.0 9.0 0.890624 16.6528
1.0 9.0 0.885872 16.6481
1.0 9.0 0.857398 16.6466
1.0 9.0 1.172 16.6528
1.0 9.0 0.891139 16.6517
1.0 9.0 0.855733 16.6417
1.0 9.0 1.29706 16.6307
1.0 9.0 0.980038 16.6526
1.0 9.0 0.794522 16.6321
1.0 9.0 0.979696 16.6502
1.0 9.0 0.736865 16.6526
1.0 9.0 0.85458 16.6521
1.0 9.0 1.77832 16.3715
1.0 9.0 0.862859 16.6467
1.0 9.0 0.881433 16.6383
1.0 9.0 1.68335 16.6517
1.0 9.0 0.876982 16.5987
1.0 9.0 0.91395 16.6126
1.0 9.0 1.6201 16.6318
1.0 9.0 0.86772 16.6523
1.0 9.0 1.32219 16.652
1.0 9.0 0.971045 16.6516
1.0 9.0 1.67318 16.6323
1.0 9.0 0.959208 16.6451
1.0 9.0 0.854832 16.6438
1.0 15.0 1.17042 16.6297
1.0 15.0 1.26768 16.6521
1.0 15.0 1.26777 16.6491
1.0 15.0 0.780142 16.652
1.0 15.0 0.863714 16.6528
1.0 15.0 0.981311 16.6119
1.0 15.0 0.972399 16.6528
1.0 15.0 1.2891 16.6519
1.0 15.0 1.18319 16.6528
1.0 15.0 0.891551 16.5795
1.0 15.0 1.27345 16.6443
1.0 15.0 0.916106 16.652
1.0 15.0 1.41814 16.6473
1.0 15.0 1.36594 16.6522
1.0 15.0 0.786566 16.6116
1.0 15.0 0.926554 16.6428
1.0 15.0 0.97284 16.6462
1.0 15.0 1.28296 16.6434
1.0 15.0 0.803353 16.651
1.0 15.0 1.27973 16.6482
1.0 15.0 0.948112 16.6295
1.0 15.0 1.28547 16.651
1.0 15.0 1.30565 16.6232
1.0 15.0 0.856444 16.6212
1.0 15.0 0.779784 16.6516
1.0 15.0 0.892145 16.616
1.0 15.0 1.26617 16.6436
1.0 15.0 0.862321 16.6466
1.0 15.0 0.851669 16.5984
1.0 15.0 1.42442 16.6468
1.0 15.0 0.880257 16.6464
1.0 15.0 0.863339 16.6419
1.0 15.0 0.869266 16.6479
1.0 15.0 1.34106 16.5881
1.0 15.0 1.27249 16.648
1.0 15.0 0.9675 16.5326
1.0 15.0 1.15283 16.6465
1.0 15.0 0.861783 16.6516
1.0 15.0 1.28213 16.6113
1.0 15.0 1.37257 16.6487
1.0 15.0 0.963437 16.5262
1.0 15.0 0.862238 16.6524
1.0 15.0 1.4223 16.6369
1.0 15.0 1.02036 16.6476
1.0 15.0 1.39843 16.6509
1.0 15.0 1.32262 16.6275
1.0 15.0 0.898598 16.6356
1.0 15.0 1.01526 16.6508
1.0 15.0 1.16123 16.642
1.0 15.0 0.922771 16.6525
1.0 16.0 0.777074 16.6523
1.0 16.0 0.874123 16.648
1.0 16.0 0.908993 16.6368
1.0 16.0 1.27784 16.6527
1.0 16.0 1.45608 16.6525
1.0 16.0 1.04969 16.6469
1.0 16.0 1.29218 16.6473
1.0 16.0 1.46716 16.634
1.0 16.0 1.23087 16.6526
1.0 16.0 0.806026 16.6528
1.0 16.0 0.889408 16.6357
1.0 16.0 0.903007 16.5804
1.0 16.0 0.970902 16.6528
1.0 16.0 1.51102 16.6519
1.0 16.0 0.867295 16.6508
1.0 16.0 0.830279 16.6482
1.0 16.0 1.48395 16.6508
1.0 16.0 1.25057 16.6409
1.0 16.0 1.30169 16.6457
1.0 16.0 0.907074 16.63
1.0 16.0 1.05004 16.6249
1.0 16.0 1.48211 16.6252
1.0 16.0 1.4912 16.6526
1.0 16.0 1.06583 16.5933
1.0 16.0 1.01053 16.6508
1.0 16.0 0.795483 16.649
1.0 16.0 0.815426 16.6118
1.0 16.0 0.775768 16.5266
1.0 16.0 0.891907 16.6507
1.0 16.0 0.904866 16.6522
1.0 16.0 0.909292 16.6246
1.0 16.0 0.88615 16.6511
1.0 16.0 0.821654 16.6517
1.0 16.0 1.45068 16.6504
1.0 16.0 0.947547 16.6517
1.0 16.0 1.47181 16.5912
1.0 16.0 0.839361 16.6504
1.0 16.0 1.50173 16.6517
1.0 16.0 1.50574 16.6396
1.0 16.0 1.20751 16.6436
1.0 16.0 0.784254 16.6516
1.0 16.0 0.791624 16.6501
1.0 16.0 1.24809 16.5262
1.0 16.0 0.803727 16.6528
1.0 16.0 0.791328 16.5954
1.0 16.0 1.18144 16.6432
1.0 16.0 1.38383 16.6528
1.0 16.0 0.917701 16.648
1.0 16.0 1.34057 16.6417
1.0 16.0 0.822069 16.6514
1.0 17.0 1.26261 16.6351
1.0 17.0 1.22849 16.6521
1.0 17.0 0.965257 16.6517
1.0 17.0 0.89973 16.6524
1.0 17.0 1.26595 16.6399
1.0 17.0 1.45238 16.6409
1.0 17.0 1.24218 16.6511
1.0 17.0 0.9319 16.6234
1.0 17.0 0.917872 16.6402
1.0 17.0 0.930231 16.6356
1.0 17.0 0.939463 16.6505
1.0 17.0 0.899753 16.6476
1.0 17.0 0.840122 16.6471
1.0 17.0 1.17298 16.6335
1.0 17.0 1.0019 16.6449
1.0 17.0 0.90337 16.6311
1.0 17.0 0.916357 16.6527
1.0 17.0 1.37605 16.6528
1.0 17.0 1.17917 16.6387
1.0 17.0 1.33134 16.6501
1.0 17.0 1.20024 16.6391
1.0 17.0 0.807003 16.6396
1.0 17.0 0.986472 16.6365
1.0 17.0 0.918473 16.6468
1.0 17.0 1.23976 16.6503
1.0 17.0 0.893708 16.6495
1.0 17.0 0.915914 16.6381
1.0 17.0 1.18134 16.6183
1.0 17.0 1.20764 16.6112
1.0 17.0 1.36966 16.6478
1.0 17.0 1.38293 16.6528
1.0 17.0 0.924514 16.6417
1.0 17.0 1.26292 16.5364
1.0 17.0 0.888103 16.6508
1.0 17.0 0.835119 16.6462
1.0 17.0 0.861369 16.6476
1.0 17.0 0.837381 16.6194
1.0 17.0 0.829222 16.6224
1.0 17.0 0.939583 16.5262
1.0 17.0 0.922792 16.6504
1.0 17.0 0.875926 16.6517
1.0 17.0 0.903809 16.651
1.0 17.0 0.885272 16.5262
1.0 17.0 1.38644 16.6209
1.0 17.0 0.943248 16.6451
1.0 17.0 0.916468 16.6508
1.0 17.0 0.889836 16.638
1.0 17.0 1.01796 16.6497
1.0 17.0 1.36985 16.6505
1.0 17.0 0.874282 16.6524
1.0 31.0 1.4944 16.6429
1.0 31.0 1.00348 16.6468
1.0 31.0 0.998029 16.6524
1.0 31.0 1.24097 16.6059
1.0 31.0 0.988724 16.6528
1.0 31.0 1.34325 16.6381
1.0 31.0 1.21645 16.6403
1.0 31.0 1.28412 16.6033
1.0 31.0 1.23235 16.6485
1.0 31.0 1.3227 16.6202
1.0 31.0 1.18115 16.598
1.0 31.0 1.2954 16.6467
1.0 31.0 1.36721 16.5962
1.0 31.0 1.35446 16.6413
1.0 31.0 1.2795 16.6195
1.0 31.0 0.944336 16.6508
1.0 31.0 0.989069 16.6327
1.0 31.0 1.32053 16.6433
1.0 31.0 1.51257 16.6409
1.0 31.0 1.57641 16.6524
1.0 31.0 1.26461 16.5821
1.0 31.0 1.25456 16.6528
1.0 31.0 1.47647 16.6368
1.0 31.0 1.30571 16.6164
1.0 31.0 1.25195 16.649
1.0 31.0 0.964496 16.6517
1.0 31.0 1.26324 16.6526
1.0 31.0 0.984144 16.6454
1.0 31.0 1.24007 16.6303
1.0 31.0 1.44308 16.6233
1.0 31.0 0.983954 16.6516
1.0 31.0 1.33717 16.6528
1.0 31.0 1.22148 16.6377
1.0 31.0 1.28889 16.6391
1.0 31.0 1.28466 16.6042
1.0 31.0 0.971848 16.6459
1.0 31.0 0.999563 16.6476
1.0 31.0 1.30744 16.6355
1.0 31.0 1.4682 16.6512
1.0 31.0 1.38369 16.6527
1.0 31.0 0.971315 16.6507
1.0 31.0 1.26361 16.6515
1.0 31.0 1.2785 16.6527
1.0 31.0 1.30126 16.6434
1.0 31.0 1.50657 16.6464
1.0 31.0 1.01791 16.6476
1.0 31.0 1.27594 16.649
1.0 31.0 1.37158 16.5756
1.0 31.0 1.30179 16.6331
1.0 31.0 1.36009 16.6418
1.0 32.0 1.37452 16.6081
1.0 32.0 0.92073 16.6397
1.0 32.0 1.31112 16.6528
1.0 32.0 0.945722 16.6457
1.0 32.0 1.31528 16.6516
1.0 32.0 1.32267 16.6381
1.0 32.0 1.47398 16.6517
1.0 32.0 1.31325 16.5262
1.0 32.0 1.35025 16.6465
1.0 32.0 1.37614 16.6526
1.0 32.0 1.32667 16.6527
1.0 32.0 1.38577 16.65
1.0 32.0 1.37266 16.5575
1.0 32.0 1.38583 16.6508
1.0 32.0 1.31689 16.6313
1.0 32.0 1.423 16.6501
1.0 32.0 0.949165 16.5865
1.0 32.0 0.88362 16.6396
1.0 32.0 1.29286 16.6418
1.0 32.0 1.28317 16.6176
1.0 32.0 1.30564 16.6469
1.0 32.0 1.30369 16.6528
1.0 32.0 1.61787 16.6462
1.0 32.0 1.43134 16.6518
1.0 32.0 1.31491 16.6526
1.0 32.0 1.30871 16.6507
1.0 32.0 1.35008 16.5942
1.0 32.0 1.35874 16.6453
1.0 32.0 1.40255 16.6514
1.0 32.0 1.3154 16.6469
1.0 32.0 0.90607 16.6311
1.0 32.0 0.912261 16.6168
1.0 32.0 1.21709 16.6473
1.0 32.0 1.29764 16.6528
1.0 32.0 1.52654 16.6386
1.0 32.0 1.29311 16.6368
1.0 32.0 1.3275 16.65
1.0 32.0 1.47913 16.6437
1.0 32.0 1.4569 16.6528
1.0 32.0 0.947142 16.649
1.0 32.0 1.27264 16.646
1.0 32.0 1.30881 16.652
1.0 32.0 0.938462 16.6516
1.0 32.0 1.32194 16.6511
1.0 32.0 1.30169 16.6519
1.0 32.0 1.27504 16.6516
1.0 32.0 1.31599 16.649
1.0 32.0 1.32055 16.6509
1.0 32.0 0.949249 16.6522
1.0 32.0 1.26359 16.6517
1.0 33.0 1.24226 16.5953
1.0 33.0 0.98873 16.6434
1.0 33.0 0.983556 16.618
1.0 33.0 1.02962 16.6506
1.0 33.0 1.07718 16.6519
1.0 33.0 0.975886 16.6214
1.0 33.0 1.02246 16.6396
1.0 33.0 1.01397 16.6508
1.0 33.0 0.99319 16.6487
1.0 33.0 0.99952 16.6075
1.0 33.0 1.02225 16.6412
1.0 33.0 0.98567 16.6519
1.0 33.0 1.03225 16.6516
1.0 33.0 1.01679 16.5769
1.0 33.0 1.02055 16.6528
1.0 33.0 0.982801 16.5987
1.0 33.0 1.00349 16.5736
1.0 33.0 1.00078 16.5816
1.0 33.0 0.996286 16.616
1.0 33.0 0.975016 16.6517
1.0 33.0 0.968533 16.6527
1.0 33.0 0.994063 16.6497
1.0 33.0 1.02518 16.6453
1.0 33.0 1.01363 16.6523
1.0 33.0 1.02953 16.6519
1.0 33.0 1.01924 16.5964
1.0 33.0 1.0081 16.6517
1.0 33.0 1.00739 16.6445
1.0 33.0 0.998669 16.5973
1.0 33.0 1.04322 16.6436
1.0 33.0 0.96096 16.6519
1.0 33.0 0.990992 16.635
1.0 33.0 0.963899 16.6428
1.0 33.0 1.01501 16.652
1.0 33.0 1.00057 16.6444
1.0 33.0 0.978348 16.6517
1.0 33.0 0.993184 16.6209
1.0 33.0 1.01089 16.643
1.0 33.0 0.956748 16.6445
1.0 33.0 0.996768 16.651
1.0 33.0 1.00646 16.6528
1.0 33.0 1.03236 16.6507
1.0 33.0 1.03526 16.6149
1.0 33.0 1.01061 16.6431
1.0 33.0 1.01474 16.6118
1.0 33.0 0.977827 16.649
1.0 33.0 0.948292 16.6486
1.0 33.0 0.985654 16.6457
1.0 33.0 0.986257 16.6442
1.0 33.0 0.947072 16.6434
2.0 3.0 0.923856 -2.98643e-07
2.0 3.0 0.692556 -2.7632e-05
2.0 3.0 0.716013 -1.50946e-07
2.0 3.0 0.356738 -3.86995e-06
2.0 3.0 0.376209 -4.57419e-08
2.0 3.0 0.371682 -2.02233e-10
2.0 3.0 0.369201 -7.20152e-07
2.0 3.0 0.373057 -3.47475e-15
2.0 3.0 0.382007 -4.33104e-09
2.0 3.0 0.634684 -3.95211e-15
2.0 3.0 0.404337 -3.1702e-07
2.0 3.0 0.362485 -4.37783e-07
2.0 3.0 1.05864 -5.62565e-09
2.0 3.0 0.350939 -2.61774e-08
2.0 3.0 0.394373 -6.63188e-07
2.0 3.0 0.653137 -2.14296e-06
2.0 3.0 0.693111 -7.42468e-07
2.0 3.0 1.05231 -1.14802e-07
2.0 3.0 0.406262 -9.73539e-07
2.0 3.0 0.919109 -7.10738e-10
2.0 3.0 1.09093 -9.38437e-08
2.0 3.0 1.08104 -3.93366e-07
2.0 3.0 0.736582 -2.2741e-06
2.0 3.0 0.73464 -1.01481e-06
2.0 3.0 0.399468 -7.41058e-15
2.0 3.0 0.360761 -2.23058e-06
2.0 3.0 0.972226 -9.67804e-07
2.0 3.0 0.338567 -3.58518e-11
2.0 3.0 0.673303 -4.7543e-06
2.0 3.0 0.441235 -7.70847e-06
2.0 3.0 0.417151 -1.64174e-06
2.0 3.0 0.679079 -4.46449e-08
2.0 3.0 0.705663 -1.48408e-06
2.0 3.0 0.392535 -2.13123e-07
2.0 3.0 1.10088 -1.63728e-16
2.0 3.0 0.900194 -1.62667e-07
2.0 3.0 1.45686 -4.55757e-07
2.0 3.0 0.921752 -1.35887e-09
2.0 3.0 0.728285 -1.45516e-08
2.0 3.0 0.932522 -5.87408e-07
2.0 3.0 1.10319 -1.96869e-08
2.0 3.0 1.32596 -3.92941e-06
2.0 3.0 1.36056 -1.21635e-05
2.0 3.0 0.92016 -4.81477e-07
2.0 3.0 0.697052 -5.29949e-14
2.0 3.0 0.711063 -1.39209e-07
2.0 3.0 0.384479 -1.42877e-06
2.0 3.0 0.662347 -9.59634e-08
2.0 3.0 1.31979 -2.2733e-05
2.0 3.0 0.686495 -1.01535e-09
2.0 4.0 0.900551 -1.15526e-07
2.0 4.0 0.620473 -1.07783e-07
2.0 4.0 0.872141 -2.38933e-06
2.0 4.0 1.00898 -5.52807e-06
2.0 4.0 0.85518 -3.32341e-13
2.0 4.0 0.583178 -1.51688e-07
2.0 4.0 0.402427 -5.34149e-07
2.0 4.0 0.763697 -7.61827e-06
2.0 4.0 0.34559 -5.73275e-06
2.0 4.0 0.616656 -2.46309e-06
2.0 4.0 0.323334 -3.73281e-07
2.0 4.0 0.805665 -2.40714e-08
2.0 4.0 0.387493 -7.79867e-13
2.0 4.0 0.616159 -4.71691e-07
2.0 4.0 0.318944 -9.79863e-07
2.0 4.0 1.09785 -3.01625e-06
2.0 4.0 0.881525 -5.76333e-13
2.0 4.0 1.04296 -3.5795e-07
2.0 4.0 0.315816 -3.38101e-13
2.0 4.0 1.21246 -4.21302e-09
2.0 4.0 1.01986 -1.45213e-10
2.0 4.0 0.603502 -3.67073e-07
2.0 4.0 0.876796 -2.89993e-10
2.0 4.0 1.12033 -3.8489e-06
2.0 4.0 0.840647 -5.84659e-09
2.0 4.0 0.867468 -4.0964e-07
2.0 4.0 1.17956 -2.36577e-08
2.0 4.0 0.849477 -1.1937e-05
2.0 4.0 1.15974 -1.50287e-07
2.0 4.0 0.585337 -1.03241e-07
2.0 4.0 0.857083 -4.78746e-08
2.0 4.0 0.789941 -3.48008e-06
2.0 4.0 0.385533 -1.19148e-06
2.0 4.0 0.602539 -3.22116e-06
2.0 4.0 0.894045 -4.4315e-08
2.0 4.0 0.881694 -2.72614e-10
2.0 4.0 0.965879 -1.41211e-07
2.0 4.0 0.374171 -7.1082e-11
2.0 4.0 0.324101 -4.06612e-06
2.0 4.0 0.958409 -5.52513e-08
2.0 4.0 0.393675 -9.25973e-07
2.0 4.0 1.00616 -4.17614e-06
2.0 4.0 0.365832 -8.35323e-14
2.0 4.0 0.595711 -3.05825e-07
2.0 4.0 0.952561 -8.39673e-10
2.0 4.0 1.09902 -3.84754e-12
2.0 4.0 1.05082 -1.27069e-15
2.0 4.0 0.329025 -1.03041e-05
2.0 4.0 0.832957 -5.52932e-06
2.0 4.0 0.399933 -1.18e-06
2.0 5.0 0.714706 -2.12044e-07
2.0 5.0 0.825815 -1.88307e-15
2.0 5.0 0.538976 -6.77624e-11
2.0 5.0 0.678085 -4.73547e-08
2.0 5.0 0.558525 -1.26623e-05
2.0 5.0 0.560549 -1.80092e-07
2.0 5.0 0.831177 -9.46995e-11
2.0 5.0 1.50291 -1.02939e-05
2.0 5.0 0.632314 -3.04778e-07
2.0 5.0 0.681458 -1.44523e-12
2.0 5.0 0.691376 -8.35313e-09
2.0 5.0 0.952597 -3.62486e-09
2.0 5.0 0.536492 -4.50861e-08
2.0 5.0 0.565048 -1.48926e-08
2.0 5.0 0.566082 -2.27106e-09
2.0 5.0 0.67385 -1.85237e-06
2.0 5.0 0.542313 -2.80335e-05
2.0 5.0 0.546753 -2.24706e-07
2.0 5.0 0.525791 -1.16899e-07
2.0 5.0 0.730985 -5.04434e-10
2.0 5.0 0.743106 -9.05515e-06
2.0 5.0 0.684721 -3.97973e-07
2.0 5.0 1.18046 -7.71452e-09
2.0 5.0 0.870826 -7.45074e-08
2.0 5.0 0.745397 -2.86774e-08
2.0 5.0 0.772459 -1.72725e-06
2.0 5.0 0.543471 -6.53012e-09
2.0 5.0 0.693486 -1.16423e-06
2.0 5.0 0.695108 -4.62267e-08
2.0 5.0 0.783369 -9.66432e-06
2.0 5.0 0.601619 -3.27631e-07
2.0 5.0 0.560578 -1.30804e-08
2.0 5.0 1.3917 -2.47438e-09
2.0 5.0 1.31571 -1.87604e-09
2.0 5.0 0.591538 -1.13043e-08
2.0 5.0 0.665135 -2.65437e-12
2.0 5.0 0.578997 -8.00231e-08
2.0 5.0 0.779512 -3.82234e-08
2.0 5.0 1.38646 -5.66618e-06
2.0 5.0 0.660594 -1.35759e-06
2.0 5.0 0.557373 -1.95555e-08
2.0 5.0 0.56875 -4.82205e-06
2.0 5.0 0.66571 -2.58077e-07
2.0 5.0 0.970615 -3.63938e-12
2.0 5.0 0.641612 -1.45052e-10
2.0 5.0 0.848604 -1.52135e-08
2.0 5.0 1.38419 -4.84314e-09
2.0 5.0 0.568791 -8.7089e-10
2.0 5.0 1.46259 -1.41983e-06
2.0 5.0 0.756183 -1.07552e-07
2.0 7.0 0.898694 -5.2598e-06
2.0 7.0 0.62344 -4.53512e-13
2.0 7.0 0.637668 -9.90305e-07
2.0 7.0 0.588964 -2.09825e-09
2.0 7.0 0.817436 -1.74709e-06
2.0 7.0 0.584546 -2.52664e-06
2.0 7.0 0.659199 -5.65072e-11
2.0 7.0 0.624342 -1.53789e-07
2.0 7.0 0.681753 -2.15049e-07
2.0 7.0 0.762138 -3.70611e-05
2.0 7.0 0.595985 -7.14404e-07
2.0 7.0 0.636614 -5.72722e-06
2.0 7.0 0.625939 -9.13291e-08
2.0 7.0 0.660461 -1.11786e-07
2.0 7.0 0.877753 -4.52433e-08
2.0 7.0 0.780195 -5.36907e-14
2.0 7.0 0.623025 -4.87242e-06
2.0 7.0 0.813789 -8.2767e-08
2.0 7.0 1.57159 -2.78601e-06
2.0 7.0 0.690359 -3.41104e-06
2.0 7.0 0.916607 -2.06069e-07
2.0 7.0 0.931819 -2.45674e-07
2.0 7.0 0.935056 -4.53608e-06
2.0 7.0 1.33615 -1.64396e-05
2.0 7.0 0.611036 -5.86198e-07
2.0 7.0 0.764874 -2.01793e-09
2.0 7.0 1.33484 -4.169e-06
2.0 7.0 0.590625 -4.5975e-07
2.0 7.0 0.630745 -1.94649e-12
2.0 7.0 0.74706 -6.11158e-06
2.0 7.0 0.603178 -3.51753e-08
2.0 7.0 0.796052 -4.5287e-09
2.0 7.0 0.743104 -3.7568e-06
2.0 7.0 0.639879 -2.64727e-10
2.0 7.0 0.849637 -1.69843e-08
2.0 7.0 0.933311 -1.86044e-09
2.0 7.0 1.31484 -3.37588e-11
2.0 7.0 0.594151 -1.87041e-07
2.0 7.0 0.80601 -1.04623e-08
2.0 7.0 1.58146 -7.90614e-10
2.0 7.0 0.586917 -1.38921e-11
2.0 7.0 0.613528 -7.56123e-06
2.0 7.0 0.582205 -5.28773e-06
2.0 7.0 0.583987 -3.20932e-07
2.0 7.0 0.803737 -7.49231e-09
2.0 7.0 0.579208 -1.96536e-09
2.0 7.0 0.622355 -4.8449e-06
2.0 7.0 0.609533 -8.36462e-07
2.0 7.0 0.969708 -3.9635e-10
2.0 7.0 0.62459 -8.87356e-07
2.0 8.0 1.16755 -2.60054e-13
2.0 8.0 0.826034 -3.33982e-10
2.0 8.0 0.606938 -4.96262e-05
2.0 8.0 0.62626 -6.1301e-07
2.0 8.0 1.66973 -1.20678e-08
2.0 8.0 0.613293 -1.00225e-07
2.0 8.0 1.62476 -5.15895e-07
2.0 8.0 0.875143 -4.96262e-05
2.0 8.0 0.616284 -3.86427e-05
2.0 8.0 1.64367 -1.50059e-07
2.0 8.0 0.794674 -7.41991e-07
2.0 8.0 0.869114 -6.21194e-09
2.0 8.0 0.846187 -5.33524e-06
2.0 8.0 0.834016 -5.45786e-08
2.0 8.0 0.657853 -4.90684e-08
2.0 8.0 0.868482 -8.35732e-08
2.0 8.0 0.933606 -8.25297e-07
2.0 8.0 0.661959 -3.84689e-08
2.0 8.0 0.587432 -2.46747e-06
2.0 8.0 1.61203 -2.08879e-07
2.0 8.0 1.00186 -1.53387e-06
2.0 8.0 0.814881 -2.58108e-08
2.0 8.0 0.591967 -7.93698e-10
2.0 8.0 0.870149 -1.54932e-10
2.0 8.0 0.659289 -3.39064e-07
2.0 8.0 0.569084 -1.04859e-06
2.0 8.0 0.769754 -9.77832e-07
2.0 8.0 0.611542 -4.45309e-07
2.0 8.0 0.656685 -1.13697e-08
2.0 8.0 1.67317 -1.94021e-06
2.0 8.0 0.635938 -1.05182e-05
2.0 8.0 0.817363 -6.33193e-07
2.0 8.0 0.846182 -3.81712e-08
2.0 8.0 0.658348 -5.43891e-10
2.0 8.0 1.19306 -5.79489e-08
2.0 8.0 0.886864 -4.77685e-06
2.0 8.0 0.628904 -2.15588e-05
2.0 8.0 0.711482 -1.05596e-08
2.0 8.0 0.656382 -6.34101e-06
2.0 8.0 0.606001 -1.30909e-14
2.0 8.0 0.872775 -6.06204e-09
2.0 8.0 1.69095 -2.33701e-12
2.0 8.0 0.608063 -3.30205e-11
2.0 8.0 0.660522 -1.35597e-16
2.0 8.0 0.799782 -1.44374e-07
2.0 8.0 1.17514 -1.77342e-06
2.0 8.0 0.649935 -3.83682e-09
2.0 8.0 0.576103 -5.00256e-07
2.0 8.0 0.574801 -7.56356e-07
2.0 8.0 1.6719 -4.18721e-12
2.0 9.0 0.885142 -1.12953e-10
2.0 9.0 1.29367 -2.59758e-06
2.0 9.0 0.97953 -1.96315e-16
2.0 9.0 1.32711 -1.04057e-13
2.0 9.0 0.81228 -9.38166e-06
2.0 9.0 1.71593 -4.27885e-07
2.0 9.0 0.867286 -2.49869e-08
2.0 9.0 0.933301 -3.83784e-09
2.0 9.0 0.901362 -1.32702e-06
2.0 9.0 0.833549 -3.21879e-08
2.0 9.0 1.24857 -7.61533e-08
2.0 9.0 0.847246 -7.08106e-08
2.0 9.0 0.861382 -6.10247e-12
2.0 9.0 1.30891 -3.13958e-07
2.0 9.0 1.28943 -3.73775e-08
2.0 9.0 1.39518 -5.24464e-08
2.0 9.0 0.96928 -1.40404e-05
2.0 9.0 0.718458 -3.32667e-06
2.0 9.0 1.04662 -2.78577e-08
2.0 9.0 0.941961 -6.52738e-06
2.0 9.0 1.28051 -1.01272e-06
2.0 9.0 0.966904 -2.15665e-07
2.0 9.0 0.788662 -5.26134e-10
2.0 9.0 1.74385 -1.06041e-14
2.0 9.0 1.64503 -1.16402e-05
2.0 9.0 0.916884 -3.22749e-07
2.0 9.0 0.729554 -1.59508e-08
2.0 9.0 1.22697 -6.77168e-06
2.0 9.0 0.838223 -3.21382e-07
2.0 9.0 0.850091 -1.84648e-06
2.0 9.0 0.798733 -5.91117e-07
2.0 9.0 0.725062 -4.70418e-09
2.0 9.0 0.903829 -2.29112e-10
2.0 9.0 1.61126 -1.72875e-07
2.0 9.0 0.862309 -4.08266e-13
2.0 9.0 0.833605 -3.2533e-05
2.0 9.0 0.852755 -1.42525e-08
2.0 9.0 0.898857 -2.86422e-08
2.0 9.0 1.67609 -4.31e-09
2.0 9.0 1.69895 -5.09452e-06
2.0 9.0 0.955441 -9.65371e-09
2.0 9.0 0.795751 -2.22716e-06
2.0 9.0 0.741312 -4.6615e-10
2.0 9.0 1.73397 -1.40666e-08
2.0 9.0 0.918389 -1.86384e-06
2.0 9.0 0.730958 -1.86301e-11
2.0 9.0 1.64785 -4.10055e-13
2.0 9.0 1.22618 -6.40659e-12
2.0 9.0 0.90237 -5.5333e-08
2.0 9.0 0.958071 -5.22893e-06
2.0 15.0 1.27198 -4.73154e-08
2.0 15.0 0.899252 -4.695e-12
2.0 15.0 0.777494 -1.05664e-09
2.0 15.0 1.13191 -2.71133e-06
2.0 15.0 0.938128 -1.81974e-07
2.0 15.0 1.32334 -2.77736e-08
2.0 15.0 1.29159 -2.0055e-06
2.0 15.0 1.49398 -4.07497e-10
2.0 15.0 0.892429 -8.46529e-10
2.0 15.0 1.29118 -4.62064e-11
2.0 15.0 1.36615 -3.47086e-11
2.0 15.0 0.759936 -1.25419e-09
2.0 15.0 0.974933 -2.1704e-10
2.0 15.0 0.876527 -1.72012e-08
2.0 15.0 1.2613 -1.27926e-06
2.0 15.0 0.75287 -4.68409e-05
2.0 15.0 1.15993 -5.00562e-13
2.0 15.0 0.974824 -2.77171e-06
2.0 15.0 0.852436 -1.33564e-06
2.0 15.0 1.30955 -7.97686e-09
2.0 15.0 0.997756 -4.21764e-05
2.0 15.0 0.826568 -3.81919e-07
2.0 15.0 0.84581 -2.71654e-07
2.0 15.0 1.29743 -3.72835e-08
2.0 15.0 1.16798 -1.82686e-07
2.0 15.0 0.915054 -5.35531e-12
2.0 15.0 0.821064 -3.6824e-11
2.0 15.0 1.18579 -8.60658e-08
2.0 15.0 1.34767 -3.17653e-07
2.0 15.0 0.795177 -1.12704e-05
2.0 15.0 0.841471 -5.26313e-09
2.0 15.0 0.858314 -2.58078e-09
2.0 15.0 0.920552 -5.14969e-06
2.0 15.0 0.793746 -1.43314e-06
2.0 15.0 1.25496 -7.54769e-07
2.0 15.0 0.931077 -1.78383e-07
2.0 15.0 0.817708 -1.79396e-06
2.0 15.0 1.28695 -3.17786e-13
2.0 15.0 0.894687 -2.45422e-09
2.0 15.0 0.961089 -4.6938e-13
2.0 15.0 0.79024 -3.03494e-11
2.0 15.0 0.869504 -8.27401e-14
2.0 15.0 1.0021 -3.36478e-07
2.0 15.0 1.13693 -5.30123e-08
2.0 15.0 1.31675 -7.15267e-06
2.0 15.0 0.862196 -1.92364e-09
2.0 15.0 0.867387 -4.30359e-18
2.0 15.0 1.34999 -1.78901e-13
2.0 15.0 1.25717 -3.01648e-07
2.0 15.0 1.16825 -2.245e-15
2.0 16.0 1.4793 -2.35133e-06
2.0 16.0 0.988778 -5.52761e-09
2.0 16.0 1.31588 -2.19705e-06
2.0 16.0 1.4853 -9.01279e-06
2.0 16.0 0.897776 -1.95344e-07
2.0 16.0 1.05665 -6.26193e-09
2.0 16.0 1.30435 -1.289e-12
2.0 16.0 1.32175 -5.9874e-23
2.0 16.0 1.49986 -6.78797e-08
2.0 16.0 0.902499 -4.54004e-07
2.0 16.0 1.3008 -1.94816e-10
2.0 16.0 1.51419 -5.03193e-07
2.0 16.0 0.846017 -1.38918e-06
2.0 16.0 1.3063 -6.44132e-08
2.0 16.0 0.917628 -7.08061e-08
2.0 16.0 1.26935 -7.27803e-22
2.0 16.0 1.51479 -5.63137e-06
2.0 16.0 1.34251 -5.81183e-06
2.0 16.0 1.2605 -5.62457e-06
2.0 16.0 1.48907 -1.00991e-07
2.0 16.0 1.02736 -1.43834e-10
2.0 16.0 0.857455 -1.28652e-07
2.0 16.0 1.31628 -5.18166e-08
2.0 16.0 1.20975 -2.25944e-07
2.0 16.0 1.03605 -8.83408e-08
2.0 16.0 0.978862 -7.55574e-06
2.0 16.0 1.04242 -1.26006e-10
2.0 16.0 1.30562 -2.92761e-06
2.0 16.0 0.899999 -1.28762e-07
2.0 16.0 0.985923 -5.3036e-06
2.0 16.0 1.51255 -1.24831e-06
2.0 16.0 1.34065 -2.07743e-10
2.0 16.0 0.920789 -2.77559e-05
2.0 16.0 1.20899 -3.73787e-06
2.0 16.0 1.34247 -3.13358e-06
2.0 16.0 1.31312 -8.96165e-11
2.0 16.0 1.48626 -1.40489e-06
2.0 16.0 0.979079 -4.71058e-08
2.0 16.0 1.08491 -2.71339e-06
2.0 16.0 0.837579 -3.61673e-07
2.0 16.0 0.83799 -1.85822e-10
2.0 16.0 1.27334 -6.0829e-07
2.0 16.0 1.03846 -1.50371e-17
2.0 16.0 0.939775 -5.4478e-10
2.0 16.0 1.3413 -1.33634e-05
2.0 16.0 1.31034 -6.30874e-06
2.0 16.0 1.35433 -1.90283e-07
2.0 16.0 1.04145 -2.35229e-11
2.0 16.0 0.842964 -1.44911e-05
2.0 16.0 0.871629 -5.22353e-18
2.0 17.0 1.2219 -1.0329e-09
2.0 17.0 1.37393 -2.17985e-07
2.0 17.0 0.926807 -1.23003e-05
2.0 17.0 1.22988 -3.04203e-06
2.0 17.0 1.44681 -1.00832e-09
2.0 17.0 0.947197 -4.04178e-10
2.0 17.0 0.936235 -1.41981e-07
2.0 17.0 0.918403 -6.75092e-06
2.0 17.0 1.35546 -7.28938e-07
2.0 17.0 0.79511 -1.57629e-08
2.0 17.0 0.802469 -1.63729e-08
2.0 17.0 0.918088 -9.97533e-13
2.0 17.0 0.931278 -1.5256e-05
2.0 17.0 0.926272 -2.49891e-07
2.0 17.0 1.43031 -6.62024e-07
2.0 17.0 1.19279 -1.27982e-08
2.0 17.0 0.890457 -8.87081e-07
2.0 17.0 0.883343 -1.96965e-12
2.0 17.0 0.938704 -9.22884e-07
2.0 17.0 0.924153 -5.43074e-14
2.0 17.0 1.01032 -1.95417e-11
2.0 17.0 0.941247 -2.68725e-07
2.0 17.0 1.39034 -2.4642e-06
2.0 17.0 0.838068 -2.05714e-08
2.0 17.0 0.913608 -1.98015e-08
2.0 17.0 1.35831 -1.46659e-07
2.0 17.0 0.920462 -1.61365e-07
2.0 17.0 1.23711 -1.99754e-06
2.0 17.0 0.937566 -2.56899e-05
2.0 17.0 1.45987 -2.6532e-09
2.0 17.0 0.954626 -1.57873e-06
2.0 17.0 1.22805 -3.69194e-10
2.0 17.0 1.0187 -1.33547e-09
2.0 17.0 0.945582 -3.38138e-06
2.0 17.0 1.38705 -1.73331e-05
2.0 17.0 0.880424 -9.63073e-06
2.0 17.0 1.35411 -1.70823e-05
2.0 17.0 1.32829 -2.90888e-07
2.0 17.0 0.947084 -3.37014e-06
2.0 17.0 0.972003 -5.07874e-11
2.0 17.0 1.34127 -1.13658e-06
2.0 17.0 0.933951 -1.37235e-09
2.0 17.0 0.937198 -1.87389e-09
2.0 17.0 0.940008 -6.05332e-15
2.0 17.0 0.903989 -5.54841e-09
2.0 17.0 0.929569 -2.17243e-08
2.0 17.0 0.91937 -8.0023e-07
2.0 17.0 1.20631 -4.26561e-09
2.0 17.0 0.879978 -9.92453e-10
2.0 17.0 0.889561 -1.35651e-05
2.0 31.0 1.53417 -1.31019e-07
2.0 31.0 1.3554 -8.79484e-08
2.0 31.0 1.01441 -2.62698e-06
2.0 31.0 1.3204 -1.70124e-06
2.0 31.0 0.962959 -1.25603e-07
2.0 31.0 1.24909 -5.74573e-08
2.0 31.0 1.00482 -2.79538e-09
2.0 31.0 1.34744 -4.75807e-07
2.0 31.0 1.2073 -7.41575e-09
2.0 31.0 1.36525 -9.03082e-07
2.0 31.0 1.23161 -2.78291e-09
2.0 31.0 1.37004 -1.23397e-05
2.0 31.0 1.38799 -3.03015e-07
2.0 31.0 1.30578 -4.12945e-06
2.0 31.0 1.41161 -1.86608e-13
2.0 31.0 1.39398 -3.37256e-12
2.0 31.0 1.41041 -2.83479e-08
2.0 31.0 1.02102 -1.68486e-07
2.0 31.0 1.28815 -8.75857e-09
2.0 31.0 1.2741 -1.54523e-09
2.0 31.0 1.25534 -2.38367e-05
2.0 31.0 1.34919 -6.07747e-07
2.0 31.0 1.49299 -3.86111e-10
2.0 31.0 1.27765 -6.05019e-06
2.0 31.0 1.35944 -3.89569e-06
2.0 31.0 1.23095 -1.04252e-06
2.0 31.0 0.992022 -7.12271e-09
2.0 31.0 1.37613 -1.84432e-06
2.0 31.0 1.28423 -4.67627e-06
2.0 31.0 0.98888 -7.3145e-12
2.0 31.0 1.23553 -1.67015e-06
2.0 31.0 1.34743 -1.87818e-06
2.0 31.0 1.33263 -4.58082e-07
2.0 31.0 0.980202 -1.00266e-08
2.0 31.0 1.25023 -9.66761e-08
2.0 31.0 1.37634 -9.14202e-10
2.0 31.0 1.2916 -2.39127e-09
2.0 31.0 1.33786 -5.31409e-10
2.0 31.0 1.3043 -3.50604e-08
2.0 31.0 1.24751 -4.32694e-07
2.0 31.0 1.37459 -1.36534e-12
2.0 31.0 1.3926 -3.88177e-12
2.0 31.0 1.3428 -4.43738e-08
2.0 31.0 1.50431 -5.7565e-06
2.0 31.0 1.30697 -7.89753e-07
2.0 31.0 1.3428 -2.03995e-06
2.0 31.0 1.23511 -3.24405e-06
2.0 31.0 1.36811 -5.9397e-06
2.0 31.0 1.25202 -8.56502e-07
2.0 31.0 1.27487 -5.20318e-07
2.0 32.0 1.45059 -4.5207e-09
2.0 32.0 0.941119 -1.63915e-06
2.0 32.0 1.26659 -7.48136e-10
2.0 32.0 1.50713 -2.02537e-08
2.0 32.0 1.2993 -8.52957e-06
2.0 32.0 1.34239 -1.34987e-05
2.0 32.0 1.31924 -3.72433e-13
2.0 32.0 0.951661 -2.18228e-08
2.0 32.0 0.931658 -4.42436e-08
2.0 32.0 1.30975 -4.99025e-06
2.0 32.0 1.30964 -2.68391e-06
2.0 32.0 0.94961 -1.68466e-13
2.0 32.0 1.34751 -4.08224e-17
2.0 32.0 1.19441 -2.13542e-07
2.0 32.0 1.29877 -2.40017e-06
2.0 32.0 1.13898 -7.46421e-08
2.0 32.0 1.28489 -5.87436e-07
2.0 32.0 1.47286 -1.14468e-06
2.0 32.0 1.30695 -3.46551e-07
2.0 32.0 1.35739 -6.06827e-06
2.0 32.0 0.931157 -4.14403e-11
2.0 32.0 1.31941 -9.96367e-11
2.0 32.0 1.24253 -2.88094e-13
2.0 32.0 1.33874 -1.61225e-06
2.0 32.0 1.31132 -1.7711e-09
2.0 32.0 1.48178 -1.19669e-07
2.0 32.0 1.28023 -4.77234e-06
2.0 32.0 0.945497 -1.1213e-11
2.0 32.0 1.31066 -6.44548e-07
2.0 32.0 0.952243 -9.13683e-07
2.0 32.0 1.28529 -2.6304e-07
2.0 32.0 1.33964 -1.36511e-10
2.0 32.0 0.922937 -1.88149e-10
2.0 32.0 0.941987 -6.20892e-07
2.0 32.0 1.30027 -2.48448e-15
2.0 32.0 1.28558 -3.5471e-06
2.0 32.0 1.29877 -9.99404e-09
2.0 32.0 1.35017 -5.66127e-06
2.0 32.0 1.31145 -5.25764e-05
2.0 32.0 0.928766 -4.40908e-10
2.0 32.0 1.30707 -1.89987e-09
2.0 32.0 1.29353 -3.32545e-09
2.0 32.0 0.931203 -3.62759e-05
2.0 32.0 1.53595 -3.03958e-06
2.0 32.0 1.47225 -4.83682e-08
2.0 32.0 1.31811 -3.6562e-05
2.0 32.0 0.955533 -1.54695e-07
2.0 32.0 1.28669 -7.53115e-07
2.0 32.0 1.3479 -1.1955e-06
2.0 32.0 1.30134 -2.45546e-06
2.0 33.0 0.952463 -4.43806e-06
2.0 33.0 1.00345 -8.8061e-08
2.0 33.0 1.01908 -8.83909e-09
2.0 33.0 1.03105 -5.66479e-08
2.0 33.0 0.997189 -2.19252e-07
2.0 33.0 1.00962 -6.84712e-06
2.0 33.0 0.998458 -1.48098e-07
2.0 33.0 1.03983 -4.91154e-06
2.0 33.0 1.04677 -2.99212e-09
2.0 33.0 1.00195 -1.37142e-13
2.0 33.0 0.994284 -1.58584e-06
2.0 33.0 1.00728 -6.5653e-08
2.0 33.0 1.02147 -8.23057e-10
2.0 33.0 0.997777 -6.24683e-08
2.0 33.0 1.02293 -1.77188e-06
2.0 33.0 1.02811 -4.12054e-08
2.0 33.0 1.05158 -3.90286e-06
2.0 33.0 0.992796 -1.53266e-05
2.0 33.0 0.991393 -4.33798e-07
2.0 33.0 0.990709 -1.63961e-07
2.0 33.0 0.950638 -4.87324e-06
2.0 33.0 1.03357 -5.40088e-07
2.0 33.0 1.00065 -3.46125e-10
2.0 33.0 0.980385 -7.87182e-09
2.0 33.0 0.982981 -5.44273e-08
2.0 33.0 1.04825 -2.49266e-10
2.0 33.0 1.00935 -3.44218e-07
2.0 33.0 0.989536 -1.87108e-09
2.0 33.0 0.97112 -1.12961e-15
2.0 33.0 1.02997 -4.10346e-06
2.0 33.0 1.038 -2.17216e-07
2.0 33.0 1.03264 -2.12294e-10
2.0 33.0 0.972075 -4.99594e-17
2.0 33.0 1.00177 -3.53689e-07
2.0 33.0 0.968099 -3.5684e-06
2.0 33.0 0.966028 -3.59615e-10
2.0 33.0 0.990904 -3.13834e-07
2.0 33.0 0.960837 -2.86882e-09
2.0 33.0 1.00506 -1.30841e-06
2.0 33.0 1.01259 -5.03859e-10
2.0 33.0 1.00182 -1.66505e-06
2.0 33.0 0.974158 -5.39519e-15
2.0 33.0 1.05138 -7.03849e-07
2.0 33.0 1.00917 -6.14282e-08
2.0 33.0 1.04388 -4.97653e-07
2.0 33.0 0.993493 -2.16728e-09
2.0 33.0 0.99556 -3.77232e-07
2.0 33.0 0.988313 -2.56033e-06
2.0 33.0 0.989555 -8.0966e-05
2.0 33.0 0.981449 -5.70764e-05
3.0 3.0 0.700139 211.374
3.0 3.0 1.45509 211.069
3.0 3.0 0.915346 210.171
3.0 3.0 1.0872 208.298
3.0 3.0 0.684188 211.348
3.0 3.0 0.892313 211.418
3.0 3.0 0.654532 211.164
3.0 3.0 0.359949 211.394
3.0 3.0 0.437426 210.847
3.0 3.0 0.468324 211.362
3.0 3.0 0.819724 211.275
3.0 3.0 0.97477 211.397
3.0 3.0 0.688213 211.241
3.0 3.0 1.09404 211.403
3.0 3.0 0.680865 209.643
3.0 3.0 0.38069 211.334
3.0 3.0 0.428949 211.403
3.0 3.0 0.863336 210.509
3.0 3.0 0.905679 209.494
3.0 3.0 0.428926 210.806
3.0 3.0 1.09563 211.231
3.0 3.0 0.865279 210.077
3.0 3.0 0.452126 210.956
3.0 3.0 1.0329 211.248
3.0 3.0 1.11167 210.512
3.0 3.0 1.11203 209.841
3.0 3.0 0.377121 211.078
3.0 3.0 0.432598 211.412
3.0 3.0 0.892288 209.4
3.0 3.0 0.923356 210.077
3.0 3.0 0.6645 211.034
3.0 3.0 1.17004 211.266
3.0 3.0 0.458193 211.374
3.0 3.0 0.41904 204.225
3.0 3.0 0.691367 211.236
3.0 3.0 0.423882 211.403
3.0 3.0 1.19437 210.963
3.0 3.0 0.819348 209.608
3.0 3.0 1.02506 211.404
3.0 3.0 1.18884 211.2
3.0 3.0 1.12078 211.382
3.0 3.0 1.13132 211.029
3.0 3.0 0.86645 211.022
3.0 3.0 0.396051 211.412
3.0 3.0 1.05747 211.156
3.0 3.0 0.417367 210.704
3.0 3.0 0.924049 211.316
3.0 3.0 1.14255 211.374
3.0 3.0 0.985516 211.397
3.0 3.0 1.01246 211.278
3.0 4.0 0.617219 211.362
3.0 4.0 0.889031 211.403
3.0 4.0 1.00117 211.22
3.0 4.0 0.399744 210.509
3.0 4.0 0.859102 211.316
3.0 4.0 0.609369 211.403
3.0 4.0 0.879497 211.265
3.0 4.0 0.416203 209.958
3.0 4.0 0.445814 206.378
3.0 4.0 0.386278 210.118
3.0 4.0 0.418964 207.87
3.0 4.0 1.44253 211.3
3.0 4.0 1.12003 211.225
3.0 4.0 0.345861 211.223
3.0 4.0 0.99493 209.822
3.0 4.0 0.617797 211.34
3.0 4.0 0.379087 211.413
3.0 4.0 0.871258 211.341
3.0 4.0 0.610191 211.378
3.0 4.0 0.413478 211.326
3.0 4.0 0.608422 211.248
3.0 4.0 1.08348 211.332
3.0 4.0 0.58143 211.391
3.0 4.0 0.821552 211.391
3.0 4.0 1.49666 211.244
3.0 4.0 0.891296 211.413
3.0 4.0 0.362331 211.415
3.0 4.0 0.40214 211.332
3.0 4.0 0.58245 209.825
3.0 4.0 0.853614 209.141
3.0 4.0 0.989356 211.3
3.0 4.0 0.607676 211.126
3.0 4.0 0.388415 210.782
3.0 4.0 0.985403 211.382
3.0 4.0 0.346042 211.188
3.0 4.0 0.382165 210.716
3.0 4.0 1.40341 211.376
3.0 4.0 0.405172 211.069
3.0 4.0 0.977357 211.406
3.0 4.0 0.382621 211.012
3.0 4.0 0.75658 210.694
3.0 4.0 0.57246 210.986
3.0 4.0 1.09071 210.587
3.0 4.0 0.619464 211.406
3.0 4.0 0.390866 211.421
3.0 4.0 1.23724 209.85
3.0 4.0 0.811227 210.943
3.0 4.0 0.996242 211.412
3.0 4.0 0.398114 210.881
3.0 4.0 0.372138 211.284
3.0 5.0 0.588256 208.248
3.0 5.0 0.632181 210.63
3.0 5.0 0.962105 210.171
3.0 5.0 0.601262 211.329
3.0 5.0 0.685085 211.396
3.0 5.0 0.852911 211.086
3.0 5.0 0.945291 211.394
3.0 5.0 1.47648 210.941
3.0 5.0 0.686507 211.423
3.0 5.0 0.590763 211.188
3.0 5.0 0.557229 210.986
3.0 5.0 1.06826 208.012
3.0 5.0 1.40072 211.262
3.0 5.0 0.625003 211.403
3.0 5.0 1.36891 208.656
3.0 5.0 0.554242 210.953
3.0 5.0 0.829258 210.739
3.0 5.0 0.680669 211.019
3.0 5.0 0.580076 210.785
3.0 5.0 0.577259 210.896
3.0 5.0 0.820499 211.319
3.0 5.0 0.617919 211.403
3.0 5.0 0.563496 211.239
3.0 5.0 1.32416 211.227
3.0 5.0 0.67627 211.42
3.0 5.0 0.606258 211.412
3.0 5.0 0.564232 209.926
3.0 5.0 0.836688 211.3
3.0 5.0 0.543637 210.956
3.0 5.0 0.57979 210.171
3.0 5.0 0.64825 206.669
3.0 5.0 1.36155 210.088
3.0 5.0 0.68486 210.325
3.0 5.0 0.759883 210.921
3.0 5.0 0.57099 211.323
3.0 5.0 1.51532 211.024
3.0 5.0 0.97124 208.166
3.0 5.0 0.689436 210.953
3.0 5.0 0.571542 211.219
3.0 5.0 0.958137 211.347
3.0 5.0 2.06159 211.194
3.0 5.0 0.568844 211.284
3.0 5.0 1.36032 211.229
3.0 5.0 0.809905 211.033
3.0 5.0 0.827429 211.403
3.0 5.0 0.927303 211.315
3.0 5.0 0.665634 211.372
3.0 5.0 1.29032 210.509
3.0 5.0 0.65588 211.421
3.0 5.0 0.654243 210.933
3.0 7.0 0.584772 210.061
3.0 7.0 0.85022 211.426
3.0 7.0 1.63767 210.959
3.0 7.0 0.647264 210.933
3.0 7.0 0.807473 210.984
3.0 7.0 0.809049 211.262
3.0 7.0 0.935483 210.278
3.0 7.0 0.612784 210.042
3.0 7.0 0.841135 209.441
3.0 7.0 0.798659 208.352
3.0 7.0 0.927956 211.36
3.0 7.0 0.736617 211.426
3.0 7.0 0.815777 210.509
3.0 7.0 0.574102 211.139
3.0 7.0 0.615623 211.413
3.0 7.0 1.36019 211.214
3.0 7.0 0.5886 211.361
3.0 7.0 0.911919 208.361
3.0 7.0 0.619018 211.215
3.0 7.0 0.582843 210.483
3.0 7.0 0.939364 210.892
3.0 7.0 0.615337 210.716
3.0 7.0 1.32623 211.278
3.0 7.0 0.928745 210.909
3.0 7.0 0.613657 210.241
3.0 7.0 0.587864 211.394
3.0 7.0 0.774041 210.799
3.0 7.0 1.30485 211.364
3.0 7.0 0.58968 211.015
3.0 7.0 0.632342 210.588
3.0 7.0 0.641224 211.33
3.0 7.0 0.609295 211.214
3.0 7.0 0.862403 210.264
3.0 7.0 0.645843 211.319
3.0 7.0 0.807925 208.452
3.0 7.0 1.26941 210.654
3.0 7.0 0.640469 210.854
3.0 7.0 0.556219 207.567
3.0 7.0 0.622459 211.353
3.0 7.0 0.774406 210.971
3.0 7.0 1.57017 211.042
3.0 7.0 0.647479 211.404
3.0 7.0 0.842837 211.362
3.0 7.0 1.64586 210.698
3.0 7.0 0.616342 208.41
3.0 7.0 0.799569 210.649
3.0 7.0 0.602192 211.425
3.0 7.0 0.757859 210.747
3.0 7.0 0.773931 210.6
3.0 7.0 0.6123 211.38
3.0 8.0 0.617898 211.042
3.0 8.0 0.810261 211.159
3.0 8.0 0.579202 211.397
3.0 8.0 0.836196 211.339
3.0 8.0 0.618119 209.143
3.0 8.0 0.652318 211.389
3.0 8.0 0.620279 210.97
3.0 8.0 0.923274 211.037
3.0 8.0 0.87887 206.636
3.0 8.0 0.568877 211.2
3.0 8.0 1.20535 211.385
3.0 8.0 0.61027 211.235
3.0 8.0 0.894886 211.323
3.0 8.0 0.984183 211.42
3.0 8.0 0.602505 211.104
3.0 8.0 0.840784 210.012
3.0 8.0 1.15164 210.612
3.0 8.0 1.71324 211.271
3.0 8.0 1.62244 211.161
3.0 8.0 0.584496 211.416
3.0 8.0 0.807966 209.678
3.0 8.0 1.65328 211.214
3.0 8.0 0.849758 211.42
3.0 8.0 0.613754 211.214
3.0 8.0 0.602176 211.348
3.0 8.0 1.26872 211.375
3.0 8.0 0.985407 211.386
3.0 8.0 0.59839 210.787
3.0 8.0 0.595141 210.825
3.0 8.0 0.855188 211.019
3.0 8.0 1.25829 211.349
3.0 8.0 0.953754 209.012
3.0 8.0 0.778704 211.194
3.0 8.0 0.604979 211.382
3.0 8.0 1.78509 211.408
3.0 8.0 1.62102 211.339
3.0 8.0 0.583851 206.669
3.0 8.0 0.802057 211.072
3.0 8.0 0.863295 211.413
3.0 8.0 0.608333 210.533
3.0 8.0 0.761444 210.917
3.0 8.0 0.85567 210.735
3.0 8.0 1.69076 211.194
3.0 8.0 0.650102 211.339
3.0 8.0 0.627625 211.375
3.0 8.0 0.829607 210.847
3.0 8.0 0.639067 211.22
3.0 8.0 1.26282 211.339
3.0 8.0 1.6254 211.418
3.0 8.0 1.08537 211.287
3.0 9.0 1.28699 211.28
3.0 9.0 1.82927 211.187
3.0 9.0 0.883666 211.41
3.0 9.0 0.8974 210.808
3.0 9.0 1.35536 211.069
3.0 9.0 0.897272 211.042
3.0 9.0 0.983231 211.363
3.0 9.0 1.70947 210.959
3.0 9.0 0.848999 211.403
3.0 9.0 0.952268 211.301
3.0 9.0 1.71271 209.556
3.0 9.0 0.741263 208.536
3.0 9.0 1.21495 211.317
3.0 9.0 0.840237 211.223
3.0 9.0 0.734132 211.205
3.0 9.0 1.39954 211.387
3.0 9.0 0.742897 211.426
3.0 9.0 0.836597 209.827
3.0 9.0 1.06856 211.197
3.0 9.0 0.858734 210.012
3.0 9.0 1.3712 211.323
3.0 9.0 1.78836 210.197
3.0 9.0 1.41355 211.262
3.0 9.0 0.884991 211.411
3.0 9.0 0.95161 211.338
3.0 9.0 0.85167 211.392
3.0 9.0 0.799609 211.41
3.0 9.0 0.964918 211.129
3.0 9.0 0.889797 211.413
3.0 9.0 0.993584 210.926
3.0 9.0 0.899621 211.403
3.0 9.0 1.23055 211.097
3.0 9.0 1.60778 211.287
3.0 9.0 0.939251 210.209
3.0 9.0 1.31375 211.22
3.0 9.0 0.8924 206.268
3.0 9.0 1.26553 211.007
3.0 9.0 0.952029 211.42
3.0 9.0 1.17849 211.383
3.0 9.0 1.62978 210.997
3.0 9.0 0.967805 211.292
3.0 9.0 1.21541 211.403
3.0 9.0 1.39206 211.342
3.0 9.0 0.905249 211.001
3.0 9.0 1.35693 211.289
3.0 9.0 0.963973 210.302
3.0 9.0 1.35553 210.158
3.0 9.0 0.929227 211.426
3.0 9.0 0.856633 211.404
3.0 9.0 0.832456 211.423
3.0 15.0 0.905639 211.375
3.0 15.0 1.36463 211.416
3.0 15.0 1.13924 211.228
3.0 15.0 1.29024 211.382
3.0 15.0 1.30548 211.422
3.0 15.0 1.10947 211.342
3.0 15.0 0.89728 211.127
3.0 15.0 1.31509 210.778
3.0 15.0 1.20236 210.702
3.0 15.0 1.2934 211.233
3.0 15.0 1.30436 211.117
3.0 15.0 1.13681 211.256
3.0 15.0 0.79713 211.22
3.0 15.0 1.33346 207.587
3.0 15.0 1.15169 211.275
3.0 15.0 1.27397 211.42
3.0 15.0 0.834216 211.14
3.0 15.0 1.31776 211.286
3.0 15.0 1.34447 210.699
3.0 15.0 0.797929 211.412
3.0 15.0 0.820748 210.975
3.0 15.0 0.820003 210.735
3.0 15.0 1.00012 211.275
3.0 15.0 1.12383 210.506
3.0 15.0 1.36891 208.799
3.0 15.0 1.27611 211.374
3.0 15.0 1.14582 210.722
3.0 15.0 0.83533 211.035
3.0 15.0 0.985095 211.422
3.0 15.0 0.793631 211.31
3.0 15.0 0.843879 210.888
3.0 15.0 1.37344 211.394
3.0 15.0 1.36504 209.71
3.0 15.0 1.27007 210.736
3.0 15.0 0.998649 208.317
3.0 15.0 1.36649 209.186
3.0 15.0 0.843479 211.369
3.0 15.0 1.00212 211.426
3.0 15.0 0.769224 211.316
3.0 15.0 0.863406 211.169
3.0 15.0 1.35603 210.539
3.0 15.0 0.848258 211.426
3.0 15.0 0.810367 210.214
3.0 15.0 1.39343 211.214
3.0 15.0 1.16654 211.045
3.0 15.0 0.820522 211.069
3.0 15.0 1.3389 211.12
3.0 15.0 0.98188 211.278
3.0 15.0 1.27248 211.095
3.0 15.0 1.28877 211.413
3.0 16.0 1.29423 211.241
3.0 16.0 0.989141 210.819
3.0 16.0 0.860712 210.765
3.0 16.0 0.863206 211.394
3.0 16.0 1.31122 211.287
3.0 16.0 0.939041 211.069
3.0 16.0 0.995583 211.117
3.0 16.0 0.829315 211.323
3.0 16.0 1.36862 211.355
3.0 16.0 1.20648 210.392
3.0 16.0 1.30404 211.413
3.0 16.0 1.40978 211.117
3.0 16.0 1.24165 211.409
3.0 16.0 0.837611 211.089
3.0 16.0 1.31259 211.408
3.0 16.0 0.89625 211.126
3.0 16.0 1.46912 210.189
3.0 16.0 1.32999 210.974
3.0 16.0 1.29003 211.38
3.0 16.0 0.909643 208.408
3.0 16.0 0.872522 211.403
3.0 16.0 1.31646 211.413
3.0 16.0 0.831789 211.398
3.0 16.0 0.925734 209.86
3.0 16.0 0.931497 210.51
3.0 16.0 1.45848 210.171
3.0 16.0 0.833138 210.548
3.0 16.0 1.47528 211.37
3.0 16.0 1.24791 210.171
3.0 16.0 0.975372 209.369
3.0 16.0 1.48947 211.35
3.0 16.0 1.3329 209.16
3.0 16.0 1.30161 211.345
3.0 16.0 1.33401 211.127
3.0 16.0 1.2958 209.2
3.0 16.0 1.31884 211.423
3.0 16.0 0.871612 211.403
3.0 16.0 0.915806 210.992
3.0 16.0 1.23413 211.236
3.0 16.0 1.45013 211.389
3.0 16.0 0.926524 211.42
3.0 16.0 0.912229 211.405
3.0 16.0 1.3815 210.371
3.0 16.0 0.961559 211.413
3.0 16.0 0.998211 211.257
3.0 16.0 1.38267 210.742
3.0 16.0 0.903139 211.262
3.0 16.0 1.2714 211.105
3.0 16.0 1.31333 207.431
3.0 16.0 0.901789 210.97
3.0 17.0 1.35752 210.437
3.0 17.0 0.998194 211.302
3.0 17.0 1.1905 211.42
3.0 17.0 0.980403 211.339
3.0 17.0 0.801759 211.229
3.0 17.0 0.978626 211.106
3.0 17.0 1.00506 210.655
3.0 17.0 1.31289 211.287
3.0 17.0 0.995292 210.955
3.0 17.0 0.894142 211.298
3.0 17.0 0.938001 210.42
3.0 17.0 0.969925 210.948
3.0 17.0 0.881008 210.163
3.0 17.0 0.802317 211.381
3.0 17.0 0.903265 211.327
3.0 17.0 0.929032 208.463
3.0 17.0 0.935035 211.323
3.0 17.0 1.3096 211.319
3.0 17.0 1.36133 210.953
3.0 17.0 0.925419 211.11
3.0 17.0 0.86611 210.94
3.0 17.0 0.874544 210.089
3.0 17.0 0.935627 211.42
3.0 17.0 0.890163 211.342
3.0 17.0 0.880812 208.781
3.0 17.0 1.30413 208.352
3.0 17.0 0.927547 211.246
3.0 17.0 0.940178 210.716
3.0 17.0 0.878864 210.602
3.0 17.0 0.933026 211.416
3.0 17.0 0.932671 210.012
3.0 17.0 0.878518 210.929
3.0 17.0 0.867392 211.412
3.0 17.0 0.925849 211.164
3.0 17.0 0.915441 211.396
3.0 17.0 0.928825 210.953
3.0 17.0 0.95317 208.884
3.0 17.0 0.868019 210.548
3.0 17.0 1.25915 211.413
3.0 17.0 0.843168 210.855
3.0 17.0 1.00874 210.933
3.0 17.0 1.36198 211.287
3.0 17.0 1.24723 209.672
3.0 17.0 0.878068 211.363
3.0 17.0 0.894718 211.085
3.0 17.0 0.934615 210.765
3.0 17.0 0.96483 210.606
3.0 17.0 0.82136 211.426
3.0 17.0 0.874926 210.98
3.0 17.0 0.938723 211.282
3.0 31.0 1.31094 211.171
3.0 31.0 1.46149 211.259
3.0 31.0 1.31574 211.104
3.0 31.0 1.28772 211.417
3.0 31.0 1.01636 210.816
3.0 31.0 1.28382 211.115
3.0 31.0 0.988652 210.969
3.0 31.0 1.29763 211.286
3.0 31.0 0.977186 211.32
3.0 31.0 1.01168 211.215
3.0 31.0 1.46861 211.041
3.0 31.0 1.3767 210.735
3.0 31.0 1.25085 211.279
3.0 31.0 1.43282 210.547
3.0 31.0 1.30755 211.007
3.0 31.0 1.3654 210.325
3.0 31.0 0.966865 210.472
3.0 31.0 1.23529 211.424
3.0 31.0 1.32 211.278
3.0 31.0 1.29861 211.394
3.0 31.0 1.25154 211.417
3.0 31.0 1.29916 211.037
3.0 31.0 1.28068 210.321
3.0 31.0 1.01244 209.155
3.0 31.0 1.3545 211.403
3.0 31.0 1.28354 211.389
3.0 31.0 1.49542 211.167
3.0 31.0 1.35641 211.401
3.0 31.0 1.28659 211.071
3.0 31.0 1.45139 211.375
3.0 31.0 1.38706 211.414
3.0 31.0 1.27621 211.008
3.0 31.0 1.33971 210.765
3.0 31.0 1.01468 211.042
3.0 31.0 1.29694 211.412
3.0 31.0 1.39093 210.921
3.0 31.0 1.00333 211.253
3.0 31.0 1.30993 211.314
3.0 31.0 1.01193 211.169
3.0 31.0 1.25689 208.311
3.0 31.0 0.987567 210.819
3.0 31.0 1.24178 211.348
3.0 31.0 1.32816 211.375
3.0 31.0 1.01733 211.313
3.0 31.0 1.27177 211.341
3.0 31.0 0.951281 210.991
3.0 31.0 1.39783 210.151
3.0 31.0 0.985876 210.41
3.0 31.0 1.32322 211.392
3.0 31.0 0.994931 210.904
3.0 32.0 1.27283 211.269
3.0 32.0 1.37764 210.12
3.0 32.0 1.30467 210.929
3.0 32.0 1.32436 211.098
3.0 32.0 1.33423 210.79
3.0 32.0 1.50988 211.214
3.0 32.0 1.19928 211.194
3.0 32.0 1.34494 211.426
3.0 32.0 1.27024 211.092
3.0 32.0 0.928711 211.104
3.0 32.0 1.53829 211.395
3.0 32.0 1.36531 211.067
3.0 32.0 1.24967 211.395
3.0 32.0 1.45173 211.22
3.0 32.0 1.31915 211.403
3.0 32.0 1.44424 207.746
3.0 32.0 1.30358 207.011
3.0 32.0 1.51317 211.183
3.0 32.0 1.28135 210.905
3.0 32.0 1.33083 211.374
3.0 32.0 0.928974 211.416
3.0 32.0 1.33621 211.223
3.0 32.0 1.21467 211.375
3.0 32.0 0.928723 211.048
3.0 32.0 1.31603 210.997
3.0 32.0 1.34271 211.22
3.0 32.0 0.944653 211.415
3.0 32.0 1.25069 208.012
3.0 32.0 1.25545 210.953
3.0 32.0 0.947811 211.113
3.0 32.0 1.28762 210.044
3.0 32.0 1.4973 210.018
3.0 32.0 1.32062 211.195
3.0 32.0 1.32624 211.412
3.0 32.0 1.31327 211.085
3.0 32.0 1.2881 207.967
3.0 32.0 0.955876 205.894
3.0 32.0 1.40029 211.337
3.0 32.0 1.31912 211.348
3.0 32.0 1.40943 211.234
3.0 32.0 1.27697 211.397
3.0 32.0 1.34105 211.375
3.0 32.0 1.29256 211.403
3.0 32.0 1.2732 210.197
3.0 32.0 1.32065 208.865
3.0 32.0 1.33728 211.392
3.0 32.0 1.511 211.027
3.0 32.0 1.32416 211.148
3.0 32.0 1.2869 210.716
3.0 32.0 1.27628 209.754
3.0 33.0 0.981549 210.975
3.0 33.0 1.32688 211.022
3.0 33.0 1.39035 211.0
3.0 33.0 1.23648 209.85
3.0 33.0 1.34491 211.394
3.0 33.0 1.38922 210.075
3.0 33.0 1.41475 210.676
3.0 33.0 0.9938 211.404
3.0 33.0 1.46427 211.215
3.0 33.0 1.38632 211.3
3.0 33.0 1.32777 211.235
3.0 33.0 1.27657 210.94
3.0 33.0 1.04666 209.313
3.0 33.0 1.27802 211.395
3.0 33.0 1.2851 210.904
3.0 33.0 1.38137 211.013
3.0 33.0 0.985386 211.406
3.0 33.0 1.02148 209.743
3.0 33.0 0.987752 204.172
3.0 33.0 1.39377 211.426
3.0 33.0 1.04249 211.349
3.0 33.0 1.28983 211.413
3.0 33.0 1.37652 210.941
3.0 33.0 1.01863 211.214
3.0 33.0 0.986069 211.083
3.0 33.0 0.9825 211.233
3.0 33.0 0.989727 211.359
3.0 33.0 1.29982 211.3
3.0 33.0 1.29673 211.378
3.0 33.0 1.32612 209.862
3.0 33.0 1.01871 211.354
3.0 33.0 1.39332 211.092
3.0 33.0 1.04356 210.791
3.0 33.0 1.00185 208.452
3.0 33.0 1.29491 211.07
3.0 33.0 1.36781 210.692
3.0 33.0 1.01588 207.07
3.0 33.0 1.0312 210.042
3.0 33.0 1.36789 211.076
3.0 33.0 0.98421 210.635
3.0 33.0 0.99893 211.134
3.0 33.0 1.02273 211.412
3.0 33.0 0.987645 211.388
3.0 33.0 1.00802 211.215
3.0 33.0 1.00848 211.146
3.0 33.0 1.04499 211.42
3.0 33.0 1.02921 211.368
3.0 33.0 1.26195 210.829
3.0 33.0 1.02594 211.425
3.0 33.0 1.31862 211.089
4.0 3.0 0.418719 9.97552
4.0 3.0 0.406162 9.95386
4.0 3.0 1.15472 9.77779
4.0 3.0 0.883992 9.98619
4.0 3.0 0.354996 9.96191
4.0 3.0 0.767709 9.99707
4.0 3.0 1.16507 9.94933
4.0 3.0 0.990649 9.99326
4.0 3.0 0.390195 9.96307
4.0 3.0 0.950522 9.77779
4.0 3.0 0.417624 9.98912
4.0 3.0 0.378583 9.92402
4.0 3.0 1.16319 9.93196
4.0 3.0 0.3721 9.98242
4.0 3.0 0.411849 9.98576
4.0 3.0 0.323886 9.96781
4.0 3.0 1.05684 9.90026
4.0 3.0 1.28162 9.99311
4.0 3.0 0.353842 9.9922
4.0 3.0 1.02641 9.92673
4.0 3.0 0.883183 9.98639
4.0 3.0 0.339174 9.96113
4.0 3.0 0.34493 9.94218
4.0 3.0 0.318288 9.82851
4.0 3.0 0.365427 9.88371
4.0 3.0 0.383787 9.9467
4.0 3.0 1.02072 9.95353
4.0 3.0 1.10818 9.87005
4.0 3.0 1.16661 9.97351
4.0 3.0 0.323643 9.9887
4.0 3.0 1.07231 9.95485
4.0 3.0 0.336998 9.96845
4.0 3.0 0.426614 9.95213
4.0 3.0 0.34075 9.77779
4.0 3.0 1.08761 9.94972
4.0 3.0 0.367576 9.99522
4.0 3.0 0.959679 9.98294
4.0 3.0 0.36356 9.89062
4.0 3.0 0.392852 9.872
4.0 3.0 0.385578 9.96298
4.0 3.0 0.362987 9.81127
4.0 3.0 1.65789 9.89781
4.0 3.0 1.0864 9.98519
4.0 3.0 0.36004 9.94783
4.0 3.0 0.324544 9.89631
4.0 3.0 0.380464 9.99521
4.0 3.0 0.605982 9.98024
4.0 3.0 0.388006 9.77779
4.0 3.0 0.353175 9.77779
4.0 3.0 0.932103 9.92107
4.0 4.0 0.770396 9.97677
4.0 4.0 0.356959 9.94982
4.0 4.0 0.830527 9.94514
4.0 4.0 0.832316 9.99194
4.0 4.0 0.393762 9.84964
4.0 4.0 0.984397 9.91732
4.0 4.0 1.01197 9.995
4.0 4.0 0.849783 9.97437
4.0 4.0 0.984882 9.91608
4.0 4.0 0.369706 9.97062
4.0 4.0 1.39232 9.94204
4.0 4.0 0.926242 9.99829
4.0 4.0 0.366046 9.8224
4.0 4.0 0.83559 9.98146
4.0 4.0 0.617646 9.92107
4.0 4.0 0.370129 9.87168
4.0 4.0 0.617444 9.95466
4.0 4.0 0.407719 9.99432
4.0 4.0 0.837703 9.92107
4.0 4.0 0.338393 9.98991
4.0 4.0 0.863348 9.98467
4.0 4.0 0.371356 9.98804
4.0 4.0 0.866325 9.77779
4.0 4.0 0.833243 9.77779
4.0 4.0 0.4086 9.99626
4.0 4.0 1.41644 9.97157
4.0 4.0 1.15212 9.95172
4.0 4.0 0.865942 9.99273
4.0 4.0 1.23575 9.98796
4.0 4.0 0.397188 9.99357
4.0 4.0 0.780279 9.89728
4.0 4.0 0.367065 9.97808
4.0 4.0 0.923436 9.77779
4.0 4.0 0.95436 9.92716
4.0 4.0 0.86445 9.99038
4.0 4.0 0.381024 9.90668
4.0 4.0 1.44662 9.99286
4.0 4.0 0.630799 9.77779
4.0 4.0 0.830716 9.95868
4.0 4.0 0.562379 9.95778
4.0 4.0 0.878701 9.81542
4.0 4.0 0.881097 9.98891
4.0 4.0 0.964946 9.95262
4.0 4.0 0.604921 9.95905
4.0 4.0 0.600775 9.97104
4.0 4.0 1.0065 9.77779
4.0 4.0 1.18278 9.98316
4.0 4.0 1.00585 9.98081
4.0 4.0 0.381485 9.99702
4.0 4.0 0.607271 9.92107
4.0 5.0 0.671063 9.9969
4.0 5.0 0.780747 9.9235
4.0 5.0 0.813038 9.95268
4.0 5.0 0.70681 9.82739
4.0 5.0 0.818096 9.98108
4.0 5.0 0.634683 9.7911
4.0 5.0 1.33805 9.99375
4.0 5.0 0.659441 9.94881
4.0 5.0 0.808285 9.91685
4.0 5.0 2.06515 9.98579
4.0 5.0 0.804923 9.99514
4.0 5.0 0.936285 9.9806
4.0 5.0 0.617005 9.97565
4.0 5.0 0.75471 9.9866
4.0 5.0 0.584502 9.86724
4.0 5.0 0.664828 9.97702
4.0 5.0 0.574062 9.95489
4.0 5.0 0.782648 9.85948
4.0 5.0 0.561216 9.95711
4.0 5.0 0.671677 9.99479
4.0 5.0 1.32302 9.92107
4.0 5.0 1.46517 9.97218
4.0 5.0 0.59429 9.96177
4.0 5.0 0.774325 9.99757
4.0 5.0 0.630377 9.9817
4.0 5.0 0.918492 9.99595
4.0 5.0 1.3154 9.92181
4.0 5.0 0.75594 9.94138
4.0 5.0 0.940178 9.99564
4.0 5.0 0.738462 9.98818
4.0 5.0 0.902891 9.87469
4.0 5.0 0.746782 9.96602
4.0 5.0 1.00404 9.9922
4.0 5.0 0.836207 9.99658
4.0 5.0 0.673336 9.98285
4.0 5.0 0.931379 9.90969
4.0 5.0 0.578326 9.95522
4.0 5.0 0.622703 9.99337
4.0 5.0 0.975078 9.98286
4.0 5.0 0.68781 9.92107
4.0 5.0 0.639898 9.99883
4.0 5.0 0.760297 9.93666
4.0 5.0 0.575832 9.89055
4.0 5.0 0.623063 9.96062
4.0 5.0 0.941856 9.98557
4.0 5.0 0.578615 9.92476
4.0 5.0 1.43301 9.98706
4.0 5.0 1.32981 9.99273
4.0 5.0 1.5343 9.98619
4.0 5.0 0.642561 9.92107
4.0 7.0 0.6289 9.94412
4.0 7.0 0.803278 9.97182
4.0 7.0 0.56981 9.99394
4.0 7.0 0.919329 9.95367
4.0 7.0 0.808102 9.97139
4.0 7.0 0.824291 9.98991
4.0 7.0 0.590461 9.96784
4.0 7.0 0.62374 9.84895
4.0 7.0 0.607534 9.98323
4.0 7.0 0.609882 9.98081
4.0 7.0 0.925775 9.96979
4.0 7.0 0.809878 9.93749
4.0 7.0 0.617533 9.94736
4.0 7.0 0.555676 9.95184
4.0 7.0 0.710778 9.88511
4.0 7.0 0.979655 9.94218
4.0 7.0 0.584822 9.9907
4.0 7.0 0.690145 9.90123
4.0 7.0 0.586965 9.99602
4.0 7.0 0.9202 9.97214
4.0 7.0 0.927279 9.96754
4.0 7.0 0.588335 9.96018
4.0 7.0 0.676289 9.97065
4.0 7.0 0.655908 9.99138
4.0 7.0 0.810517 9.99521
4.0 7.0 0.606123 9.98646
4.0 7.0 0.651817 9.97234
4.0 7.0 0.617058 9.99043
4.0 7.0 1.40085 9.96565
4.0 7.0 0.791321 9.9845
4.0 7.0 0.894541 9.98707
4.0 7.0 0.917751 9.96147
4.0 7.0 0.827093 9.96118
4.0 7.0 0.632394 9.98608
4.0 7.0 0.66345 9.91463
4.0 7.0 1.34679 9.92107
4.0 7.0 0.775111 9.87698
4.0 7.0 0.808046 9.92107
4.0 7.0 0.6129 9.92107
4.0 7.0 0.606598 9.97157
4.0 7.0 0.82076 9.94218
4.0 7.0 0.602538 9.89817
4.0 7.0 0.611066 9.98707
4.0 7.0 0.61822 9.97247
4.0 7.0 0.656611 9.76509
4.0 7.0 0.828051 9.95015
4.0 7.0 0.631388 9.93619
4.0 7.0 0.807825 9.98911
4.0 7.0 0.900024 9.98991
4.0 7.0 0.812013 9.97104
4.0 8.0 0.845113 9.97808
4.0 8.0 0.874351 9.99536
4.0 8.0 0.9481 9.99756
4.0 8.0 0.625098 9.99132
4.0 8.0 0.852783 9.99042
4.0 8.0 0.589572 9.98407
4.0 8.0 0.644901 9.97038
4.0 8.0 0.602 9.9263
4.0 8.0 0.592749 9.95724
4.0 8.0 0.853061 9.99702
4.0 8.0 0.670502 9.97808
4.0 8.0 0.751608 9.96784
4.0 8.0 0.81853 9.99028
4.0 8.0 0.989248 9.97853
4.0 8.0 0.657061 9.98384
4.0 8.0 0.834432 9.96785
4.0 8.0 1.14856 9.9747
4.0 8.0 0.860736 9.99326
4.0 8.0 0.56663 9.95577
4.0 8.0 0.675027 9.99267
4.0 8.0 0.560336 9.9524
4.0 8.0 0.621937 9.99402
4.0 8.0 0.59372 9.97082
4.0 8.0 0.839515 9.97988
4.0 8.0 0.847749 9.77779
4.0 8.0 1.21441 9.99121
4.0 8.0 1.15521 9.95228
4.0 8.0 0.621288 9.99273
4.0 8.0 0.65605 9.97412
4.0 8.0 0.60963 9.99138
4.0 8.0 1.70723 9.96416
4.0 8.0 0.851704 9.96183
4.0 8.0 1.20469 9.9948
4.0 8.0 0.834707 9.95598
4.0 8.0 0.622269 9.95398
4.0 8.0 0.758391 9.96936
4.0 8.0 0.871651 9.77779
4.0 8.0 1.66205 9.92107
4.0 8.0 1.08807 9.98787
4.0 8.0 1.19451 9.94058
4.0 8.0 1.70009 9.91684
4.0 8.0 0.796772 9.97297
4.0 8.0 1.1896 9.99702
4.0 8.0 0.594968 9.97281
4.0 8.0 1.71268 9.83136
4.0 8.0 0.987627 9.77779
4.0 8.0 0.786982 9.9531
4.0 8.0 0.612151 9.93348
4.0 8.0 0.588247 9.96047
4.0 8.0 0.840327 9.92507
4.0 9.0 0.852964 9.98231
4.0 9.0 1.66863 9.93518
4.0 9.0 1.28826 9.9905
4.0 9.0 0.834399 9.99784
4.0 9.0 1.32129 9.99325
4.0 9.0 1.13794 9.98993
4.0 9.0 0.869935 9.92808
4.0 9.0 1.28406 9.91929
4.0 9.0 1.17541 9.98356
4.0 9.0 0.968145 9.91676
4.0 9.0 0.997711 9.99682
4.0 9.0 0.898681 9.92847
4.0 9.0 0.883018 9.86519
4.0 9.0 0.889161 9.99121
4.0 9.0 1.00075 9.90246
4.0 9.0 0.749495 9.97581
4.0 9.0 1.7365 9.89777
4.0 9.0 1.29882 9.93699
4.0 9.0 0.753731 9.96302
4.0 9.0 0.942925 9.99179
4.0 9.0 0.933783 9.89868
4.0 9.0 0.887625 9.99796
4.0 9.0 0.86962 9.9904
4.0 9.0 0.982668 9.87698
4.0 9.0 1.30981 9.92716
4.0 9.0 0.872603 9.99451
4.0 9.0 1.17084 9.99519
4.0 9.0 1.79363 9.99719
4.0 9.0 0.809082 9.85948
4.0 9.0 0.856875 9.90963
4.0 9.0 0.732231 9.99021
4.0 9.0 1.7559 9.92611
4.0 9.0 0.908562 9.87908
4.0 9.0 1.81945 9.9711
4.0 9.0 0.88248 9.92107
4.0 9.0 0.922241 9.96703
4.0 9.0 0.881665 9.94893
4.0 9.0 0.989586 9.99143
4.0 9.0 0.983312 9.89588
4.0 9.0 0.694657 9.98866
4.0 9.0 0.985886 9.9674
4.0 9.0 1.20632 9.88828
4.0 9.0 0.854266 9.97808
4.0 9.0 1.74908 9.94344
4.0 9.0 0.822672 9.82948
4.0 9.0 1.69365 9.93921
4.0 9.0 1.18805 9.96342
4.0 9.0 0.946448 9.91123
4.0 9.0 1.33466 9.94218
4.0 9.0 0.978957 9.94893
4.0 15.0 0.876708 9.98991
4.0 15.0 0.932928 9.99273
4.0 15.0 1.22727 9.95677
4.0 15.0 1.30944 9.77779
4.0 15.0 1.2822 9.99702
4.0 15.0 1.25126 9.98851
4.0 15.0 0.935153 9.99398
4.0 15.0 0.775324 9.98898
4.0 15.0 1.14783 9.99585
4.0 15.0 1.30279 9.97569
4.0 15.0 1.25034 9.99273
4.0 15.0 0.95095 9.77779
4.0 15.0 0.761919 9.96036
4.0 15.0 1.27073 9.92887
4.0 15.0 0.910727 9.89817
4.0 15.0 0.840603 9.99154
4.0 15.0 0.873539 9.96017
4.0 15.0 1.28494 9.93742
4.0 15.0 0.780913 9.94893
4.0 15.0 0.913857 9.77779
4.0 15.0 0.85101 9.93097
4.0 15.0 1.28761 9.9939
4.0 15.0 1.48418 9.97082
4.0 15.0 1.1958 9.97559
4.0 15.0 0.87938 9.99138
4.0 15.0 0.925979 9.9735
4.0 15.0 1.2476 9.88293
4.0 15.0 0.780342 9.9829
4.0 15.0 0.821145 9.92107
4.0 15.0 1.27923 9.96074
4.0 15.0 0.876909 9.92499
4.0 15.0 0.909001 9.9893
4.0 15.0 0.780556 9.94919
4.0 15.0 0.984929 9.99796
4.0 15.0 0.903867 9.99091
4.0 15.0 1.05642 9.99223
4.0 15.0 1.25361 9.92017
4.0 15.0 0.791085 9.91691
4.0 15.0 0.778059 9.97879
4.0 15.0 0.907414 9.98464
4.0 15.0 1.30778 9.99546
4.0 15.0 0.86664 9.92401
4.0 15.0 1.34434 9.96576
4.0 15.0 1.25253 9.94514
4.0 15.0 1.02054 9.94218
4.0 15.0 0.92647 9.94719
4.0 15.0 1.27432 9.97808
4.0 15.0 0.783134 9.98855
4.0 15.0 1.22236 9.92107
4.0 15.0 0.849825 9.98376
4.0 16.0 1.48586 9.99609
4.0 16.0 1.02551 9.87698
4.0 16.0 1.30509 9.9801
4.0 16.0 1.49433 9.9723
4.0 16.0 1.26031 9.9669
4.0 16.0 1.04753 9.98285
4.0 16.0 1.34985 9.9839
4.0 16.0 1.02912 9.99309
4.0 16.0 0.899096 9.93041
4.0 16.0 1.39028 9.92107
4.0 16.0 1.27748 9.91399
4.0 16.0 1.40571 9.93849
4.0 16.0 1.32232 9.99093
4.0 16.0 1.26804 9.98356
4.0 16.0 0.906945 9.99273
4.0 16.0 1.00407 9.99273
4.0 16.0 1.25456 9.99134
4.0 16.0 0.930943 9.99326
4.0 16.0 0.884769 9.98783
4.0 16.0 1.25361 9.95203
4.0 16.0 1.28951 9.98157
4.0 16.0 1.47546 9.98285
4.0 16.0 1.25037 9.92126
4.0 16.0 1.24069 9.9064
4.0 16.0 1.28728 9.98806
4.0 16.0 1.31469 9.97988
4.0 16.0 1.19275 9.95213
4.0 16.0 0.982218 9.94893
4.0 16.0 1.30131 9.98818
4.0 16.0 1.46992 9.96066
4.0 16.0 0.890378 9.93778
4.0 16.0 0.844959 9.98356
4.0 16.0 1.30663 9.93183
4.0 16.0 0.995613 9.9817
4.0 16.0 1.29311 9.97938
4.0 16.0 0.882049 9.99311
4.0 16.0 0.850004 9.99726
4.0 16.0 0.861598 9.96563
4.0 16.0 0.955888 9.8981
4.0 16.0 0.926527 9.98106
4.0 16.0 1.3209 9.99273
4.0 16.0 0.835263 9.98403
4.0 16.0 1.10177 9.97988
4.0 16.0 0.91925 9.83626
4.0 16.0 0.96125 9.95473
4.0 16.0 0.943415 9.99138
4.0 16.0 0.933426 9.99359
4.0 16.0 1.29297 9.94394
4.0 16.0 0.809695 9.96918
4.0 16.0 0.810636 9.8698
4.0 17.0 0.926333 9.92107
4.0 17.0 1.23392 9.94372
4.0 17.0 0.901982 9.93627
4.0 17.0 0.999963 9.96474
4.0 17.0 1.38005 9.92107
4.0 17.0 0.976529 9.98187
4.0 17.0 0.88197 9.96892
4.0 17.0 1.40822 9.98357
4.0 17.0 1.41988 9.97104
4.0 17.0 0.88333 9.97808
4.0 17.0 0.891979 9.96596
4.0 17.0 0.982611 9.94218
4.0 17.0 0.990396 9.95833
4.0 17.0 0.863036 9.98987
4.0 17.0 0.880001 9.93675
4.0 17.0 0.868374 9.96256
4.0 17.0 1.38415 9.92357
4.0 17.0 1.25878 9.99095
4.0 17.0 1.10301 9.99601
4.0 17.0 0.884318 9.99595
4.0 17.0 0.915024 9.97957
4.0 17.0 0.880845 9.97988
4.0 17.0 0.844719 9.95554
4.0 17.0 0.823299 9.98995
4.0 17.0 1.22158 9.99749
4.0 17.0 1.42484 9.9787
4.0 17.0 0.946344 9.98661
4.0 17.0 1.0266 9.99273
4.0 17.0 1.0054 9.98966
4.0 17.0 1.35677 9.96098
4.0 17.0 1.43992 9.83587
4.0 17.0 1.24928 9.98196
4.0 17.0 0.782247 9.98639
4.0 17.0 0.935441 9.94893
4.0 17.0 0.946581 9.99124
4.0 17.0 1.23104 9.96118
4.0 17.0 0.891907 9.97104
4.0 17.0 0.848429 9.95728
4.0 17.0 0.786425 9.82696
4.0 17.0 0.91873 9.8768
4.0 17.0 1.28236 9.97553
4.0 17.0 1.28307 9.99138
4.0 17.0 0.818355 9.95485
4.0 17.0 0.829191 9.97062
4.0 17.0 0.9115 9.98213
4.0 17.0 0.848549 9.99504
4.0 17.0 0.844943 9.97611
4.0 17.0 0.82695 9.8578
4.0 17.0 0.82119 9.88722
4.0 17.0 0.957517 9.96794
4.0 31.0 1.34758 9.94342
4.0 31.0 1.31551 9.95576
4.0 31.0 1.39815 9.91713
4.0 31.0 1.45029 9.95338
4.0 31.0 1.26431 9.97906
4.0 31.0 1.39072 9.99174
4.0 31.0 1.28919 9.94874
4.0 31.0 1.3263 9.99785
4.0 31.0 1.41148 9.97262
4.0 31.0 1.38317 9.95932
4.0 31.0 1.28515 9.87657
4.0 31.0 1.27087 9.99001
4.0 31.0 1.41191 9.95692
4.0 31.0 1.36415 9.91048
4.0 31.0 1.30224 9.98748
4.0 31.0 1.26675 9.94218
4.0 31.0 1.32409 9.93754
4.0 31.0 1.32561 9.99106
4.0 31.0 1.31554 9.94306
4.0 31.0 1.31876 9.99273
4.0 31.0 1.23755 9.99444
4.0 31.0 1.33096 9.96298
4.0 31.0 1.43805 9.99455
4.0 31.0 1.25383 9.9829
4.0 31.0 1.32269 9.95114
4.0 31.0 1.48298 9.98953
4.0 31.0 1.37904 9.90608
4.0 31.0 1.8597 9.99404
4.0 31.0 1.29858 9.92107
4.0 31.0 1.41388 9.98206
4.0 31.0 1.42657 9.99273
4.0 31.0 1.24612 9.94472
4.0 31.0 1.2725 9.98579
4.0 31.0 1.33313 9.95133
4.0 31.0 1.36734 9.93981
4.0 31.0 1.40437 9.99818
4.0 31.0 1.30542 9.99757
4.0 31.0 1.30943 9.99419
4.0 31.0 1.22509 9.97879
4.0 31.0 1.27295 9.99158
4.0 31.0 1.23753 9.87895
4.0 31.0 1.32994 9.9651
4.0 31.0 1.36758 9.97133
4.0 31.0 1.32601 9.99326
4.0 31.0 1.47065 9.97274
4.0 31.0 1.34953 9.99461
4.0 31.0 1.37612 9.97147
4.0 31.0 1.42496 9.96675
4.0 31.0 1.23975 9.97808
4.0 31.0 1.25279 9.96957
4.0 32.0 0.923752 9.82994
4.0 32.0 0.939365 9.97221
4.0 32.0 1.31609 9.98888
4.0 32.0 0.93641 9.97973
4.0 32.0 1.2629 9.95302
4.0 32.0 1.2782 9.95779
4.0 32.0 0.954834 9.99848
4.0 32.0 1.26315 9.98867
4.0 32.0 0.934932 9.97677
4.0 32.0 0.932363 9.97138
4.0 32.0 1.26435 9.96666
4.0 32.0 1.45512 9.97167
4.0 32.0 1.25787 9.94675
4.0 32.0 1.49814 9.96686
4.0 32.0 1.31772 9.95163
4.0 32.0 1.35886 9.98101
4.0 32.0 1.53664 9.99908
4.0 32.0 1.60614 9.96407
4.0 32.0 1.31301 9.98285
4.0 32.0 0.937309 9.98519
4.0 32.0 0.938509 9.90923
4.0 32.0 0.935942 9.92107
4.0 32.0 0.966815 9.97988
4.0 32.0 1.718 9.92194
4.0 32.0 1.48109 9.9968
4.0 32.0 1.32811 9.87382
4.0 32.0 0.908663 9.87569
4.0 32.0 0.932602 9.96985
4.0 32.0 1.32926 9.98424
4.0 32.0 1.35094 9.92107
4.0 32.0 0.882221 9.93968
4.0 32.0 1.3575 9.98991
4.0 32.0 0.868169 9.9922
4.0 32.0 1.33144 9.96318
4.0 32.0 1.37592 9.96515
4.0 32.0 1.29433 9.9845
4.0 32.0 1.39738 9.98032
4.0 32.0 1.00458 9.89002
4.0 32.0 1.3836 9.98196
4.0 32.0 0.987485 9.92107
4.0 32.0 0.936604 9.93665
4.0 32.0 1.78387 9.94514
4.0 32.0 1.35257 9.96056
4.0 32.0 0.993571 9.9903
4.0 32.0 0.946353 9.83423
4.0 32.0 0.965315 9.87844
4.0 32.0 0.911156 9.99173
4.0 32.0 0.937057 9.93684
4.0 32.0 1.36043 9.98226
4.0 32.0 0.961398 9.98386
4.0 33.0 1.46487 9.97808
4.0 33.0 1.39349 9.97349
4.0 33.0 1.44895 9.95303
4.0 33.0 1.01989 9.93041
4.0 33.0 1.00475 9.98905
4.0 33.0 1.39433 9.92107
4.0 33.0 0.993978 9.99521
4.0 33.0 1.35548 9.96517
4.0 33.0 1.31964 9.99261
4.0 33.0 1.00116 9.98949
4.0 33.0 0.989158 9.98133
4.0 33.0 0.976488 9.95482
4.0 33.0 1.03879 9.95187
4.0 33.0 1.00285 9.99437
4.0 33.0 1.02944 9.99758
4.0 33.0 1.02477 9.93551
4.0 33.0 1.30053 9.97157
4.0 33.0 1.03436 9.93354
4.0 33.0 1.26751 9.99846
4.0 33.0 1.05112 9.96147
4.0 33.0 0.987192 9.96886
4.0 33.0 0.991006 9.97818
4.0 33.0 1.26485 9.92107
4.0 33.0 1.3661 9.96104
4.0 33.0 0.981026 9.99012
4.0 33.0 1.43536 9.95285
4.0 33.0 0.992541 9.94378
4.0 33.0 1.34833 9.98159
4.0 33.0 1.36689 9.93041
4.0 33.0 1.32875 9.94319
4.0 33.0 1.01805 9.97293
4.0 33.0 1.25877 9.93931
4.0 33.0 1.27192 9.96261
4.0 33.0 1.41682 9.87698
4.0 33.0 1.02966 9.94913
4.0 33.0 1.00578 9.99138
4.0 33.0 0.991201 9.95929
4.0 33.0 0.963882 9.97082
4.0 33.0 1.04337 9.9191
4.0 33.0 1.00327 9.99398
4.0 33.0 1.35033 9.93665
4.0 33.0 1.03629 9.98576
4.0 33.0 1.00166 9.98559
4.0 33.0 1.04087 9.98081
4.0 33.0 0.996966 9.98699
4.0 33.0 1.333 9.87698
4.0 33.0 0.996328 9.98887
4.0 33.0 1.42837 9.88041
4.0 33.0 1.04038 9.95596
4.0 33.0 1.40035 9.99682
5.0 3.0 28.7027 25.0206
5.0 3.0 29.013 25.022
5.0 3.0 28.5468 25.0212
5.0 3.0 29.4501 25.0218
5.0 3.0 28.967 25.0219
5.0 3.0 29.3342 25.0207
5.0 3.0 29.1493 25.0219
5.0 3.0 29.1719 25.0219
5.0 3.0 29.0485 25.0217
5.0 3.0 29.5571 25.0221
5.0 3.0 28.7454 25.0221
5.0 3.0 28.2596 25.022
5.0 3.0 29.2837 25.0219
5.0 3.0 29.2211 25.0216
5.0 3.0 27.8305 25.0204
5.0 3.0 28.7193 24.9886
5.0 3.0 29.4721 25.0171
5.0 3.0 29.6002 25.0221
5.0 3.0 28.5446 25.0222
5.0 3.0 28.4183 25.0221
5.0 3.0 29.6084 25.0222
5.0 3.0 29.161 25.0198
5.0 3.0 28.7525 25.0222
5.0 3.0 28.9913 25.0222
5.0 3.0 28.6503 25.022
5.0 3.0 29.723 24.9886
5.0 3.0 29.186 25.0214
5.0 3.0 29.311 25.0222
5.0 3.0 28.5262 25.0222
5.0 3.0 29.0083 25.021
5.0 3.0 29.1939 25.0219
5.0 3.0 29.3615 25.0221
5.0 3.0 29.0379 25.0222
5.0 3.0 29.3765 25.0222
5.0 3.0 28.4841 25.0222
5.0 3.0 29.2456 25.0211
5.0 3.0 29.2649 25.0209
5.0 3.0 29.472 25.022
5.0 3.0 28.8298 25.0222
5.0 3.0 28.9504 25.0205
5.0 3.0 29.6957 25.0221
5.0 3.0 29.7018 25.019
5.0 3.0 29.1649 25.0221
5.0 3.0 28.4106 25.0131
5.0 3.0 28.7591 25.0217
5.0 3.0 29.152 25.0222
5.0 3.0 28.7266 25.0193
5.0 3.0 29.0032 25.0222
5.0 3.0 29.6621 25.0193
5.0 3.0 28.5808 25.022
5.0 4.0 19.5102 25.0222
5.0 4.0 19.6253 25.0219
5.0 4.0 19.7249 25.0222
5.0 4.0 19.3269 25.0193
5.0 4.0 19.6907 25.0215
5.0 4.0 19.8497 25.0222
5.0 4.0 19.2352 25.0219
5.0 4.0 19.1697 25.0211
5.0 4.0 19.5233 25.022
5.0 4.0 19.3284 25.0106
5.0 4.0 19.9639 25.0221
5.0 4.0 20.0222 25.0067
5.0 4.0 19.5854 25.0148
5.0 4.0 19.5707 25.021
5.0 4.0 19.846 25.0222
5.0 4.0 19.6662 25.0222
5.0 4.0 19.7507 25.0215
5.0 4.0 19.643 25.0222
5.0 4.0 19.5988 25.0212
5.0 4.0 20.0392 25.0123
5.0 4.0 19.4174 25.022
5.0 4.0 18.9048 25.0222
5.0 4.0 19.0745 25.0221
5.0 4.0 20.2081 25.0207
5.0 4.0 19.7786 25.0222
5.0 4.0 20.0011 25.022
5.0 4.0 19.2765 25.0221
5.0 4.0 19.6864 25.0217
5.0 4.0 19.5163 25.022
5.0 4.0 19.7082 25.0221
5.0 4.0 19.2714 25.0214
5.0 4.0 20.1718 25.0216
5.0 4.0 18.9015 25.0221
5.0 4.0 19.6706 25.0222
5.0 4.0 19.5545 25.0205
5.0 4.0 19.5738 25.0222
5.0 4.0 18.9056 25.0195
5.0 4.0 18.9972 25.0187
5.0 4.0 19.047 25.0216
5.0 4.0 19.7723 25.0219
5.0 4.0 19.538 25.0215
5.0 4.0 19.4806 25.022
5.0 4.0 19.2908 25.0211
5.0 4.0 18.8736 25.0152
5.0 4.0 19.6735 25.0131
5.0 4.0 19.7521 25.0139
5.0 4.0 19.3601 25.022
5.0 4.0 19.6892 25.0213
5.0 4.0 19.01 25.022
5.0 4.0 19.2189 25.0213
5.0 5.0 14.4376 25.0212
5.0 5.0 14.456 25.0221
5.0 5.0 14.8301 25.0222
5.0 5.0 14.8815 25.0216
5.0 5.0 14.9693 25.0221
5.0 5.0 14.1635 25.0222
5.0 5.0 14.7176 25.0169
5.0 5.0 14.2497 25.0222
5.0 5.0 14.8952 25.017
5.0 5.0 14.6724 24.9938
5.0 5.0 14.4942 25.0168
5.0 5.0 14.6519 25.022
5.0 5.0 14.5583 25.0215
5.0 5.0 14.9557 25.0219
5.0 5.0 14.4951 25.0204
5.0 5.0 14.5549 25.0222
5.0 5.0 15.1926 25.0216
5.0 5.0 14.4777 25.0116
5.0 5.0 14.7039 25.0222
5.0 5.0 14.8018 25.022
5.0 5.0 14.6493 25.0217
5.0 5.0 14.9291 25.0221
5.0 5.0 14.0648 25.0193
5.0 5.0 14.8011 25.0207
5.0 5.0 14.5357 25.0204
5.0 5.0 14.7004 25.0202
5.0 5.0 14.6521 25.0141
5.0 5.0 14.1641 25.0222
5.0 5.0 14.8294 25.0222
5.0 5.0 14.4731 25.0221
5.0 5.0 14.4358 25.0211
5.0 5.0 14.0712 25.0201
5.0 5.0 14.4463 25.0167
5.0 5.0 14.9369 25.022
5.0 5.0 14.2629 25.0221
5.0 5.0 14.6548 25.0222
5.0 5.0 14.0595 25.0116
5.0 5.0 14.6623 25.0218
5.0 5.0 14.4812 25.0222
5.0 5.0 15.0481 25.0217
5.0 5.0 14.821 25.0222
5.0 5.0 14.4476 25.0062
5.0 5.0 14.3859 25.0216
5.0 5.0 14.4876 25.0221
5.0 5.0 14.6893 25.0221
5.0 5.0 14.1654 25.0085
5.0 5.0 14.5188 25.0215
5.0 5.0 14.3742 25.0222
5.0 5.0 14.5053 25.0213
5.0 5.0 14.6662 25.0211
5.0 7.0 9.79908 25.0222
5.0 7.0 9.67263 25.0221
5.0 7.0 9.67258 25.0222
5.0 7.0 9.76926 25.0216
5.0 7.0 10.0317 25.0222
5.0 7.0 9.72049 25.0222
5.0 7.0 9.67973 25.0221
5.0 7.0 10.0702 25.0174
5.0 7.0 9.83192 25.0157
5.0 7.0 9.64634 25.0218
5.0 7.0 10.0751 25.021
5.0 7.0 9.64706 25.0221
5.0 7.0 9.6419 25.022
5.0 7.0 10.0602 25.0222
5.0 7.0 9.69459 25.0221
5.0 7.0 9.66061 25.0221
5.0 7.0 9.73258 25.0197
5.0 7.0 9.61352 25.02
5.0 7.0 9.68098 25.0218
5.0 7.0 9.72017 25.0222
5.0 7.0 9.71245 24.9782
5.0 7.0 9.81056 25.0159
5.0 7.0 9.76754 25.0222
5.0 7.0 10.0486 25.0222
5.0 7.0 9.80994 25.0204
5.0 7.0 9.77522 25.0213
5.0 7.0 10.0035 25.0221
5.0 7.0 9.6957 25.0083
5.0 7.0 9.61615 25.0217
5.0 7.0 9.77723 25.0222
5.0 7.0 9.81345 25.0222
5.0 7.0 9.77424 25.0222
5.0 7.0 9.78643 25.0222
5.0 7.0 9.70686 25.0222
5.0 7.0 9.78079 25.0108
5.0 7.0 9.72827 25.0221
5.0 7.0 9.39644 25.0217
5.0 7.0 9.7931 25.0222
5.0 7.0 9.66015 25.0218
5.0 7.0 9.37785 25.0221
5.0 7.0 9.79257 25.0218
5.0 7.0 9.6906 25.021
5.0 7.0 9.71077 25.022
5.0 7.0 9.81487 25.0222
5.0 7.0 9.72661 25.0222
5.0 7.0 9.70197 25.0206
5.0 7.0 9.78528 25.0204
5.0 7.0 9.7234 25.0132
5.0 7.0 9.99755 25.014
5.0 7.0 9.7799 25.0222
5.0 8.0 8.29012 25.0219
5.0 8.0 8.42671 25.0212
5.0 8.0 8.44536 25.0213
5.0 8.0 8.34936 25.0175
5.0 8.0 8.3091 25.0221
5.0 8.0 8.37316 25.0221
5.0 8.0 8.38388 25.0207
5.0 8.0 8.4008 25.0201
5.0 8.0 8.41876 25.0221
5.0 8.0 8.3305 25.0064
5.0 8.0 8.27278 24.9782
5.0 8.0 8.41018 25.0222
5.0 8.0 8.33461 24.9782
5.0 8.0 8.30784 25.0222
5.0 8.0 8.33798 25.0222
5.0 8.0 8.43579 25.0221
5.0 8.0 8.0447 25.0219
5.0 8.0 8.32641 25.022
5.0 8.0 8.33271 25.0222
5.0 8.0 8.45583 25.0221
5.0 8.0 8.45259 24.9782
5.0 8.0 8.307 25.0222
5.0 8.0 8.49263 25.0131
5.0 8.0 8.38967 24.9983
5.0 8.0 8.32926 25.0217
5.0 8.0 8.35777 25.0222
5.0 8.0 8.25729 25.0222
5.0 8.0 8.31365 25.0219
5.0 8.0 8.47716 25.0222
5.0 8.0 8.34 24.9782
5.0 8.0 8.33794 25.0221
5.0 8.0 8.46492 25.0029
5.0 8.0 8.37434 25.0218
5.0 8.0 8.40003 25.0215
5.0 8.0 8.35659 25.0222
5.0 8.0 8.39512 25.0222
5.0 8.0 8.4693 25.0213
5.0 8.0 8.34331 25.0222
5.0 8.0 8.34163 25.002
5.0 8.0 8.44792 25.0221
5.0 8.0 8.33396 25.0221
5.0 8.0 8.27784 25.0218
5.0 8.0 8.32358 25.0222
5.0 8.0 8.37123 25.022
5.0 8.0 8.34189 25.0213
5.0 8.0 8.4344 25.0163
5.0 8.0 8.35874 25.0214
5.0 8.0 8.33818 25.0192
5.0 8.0 8.42736 25.0213
5.0 8.0 8.33162 24.9848
5.0 9.0 7.42036 25.0213
5.0 9.0 7.42769 24.9782
5.0 9.0 7.31329 25.022
5.0 9.0 7.48655 25.0218
5.0 9.0 7.46921 25.0221
5.0 9.0 7.42058 25.0216
5.0 9.0 7.28773 25.0221
5.0 9.0 7.30438 25.0222
5.0 9.0 7.39962 24.9906
5.0 9.0 7.23602 25.0147
5.0 9.0 7.37244 25.0172
5.0 9.0 7.29359 25.0218
5.0 9.0 7.40728 25.0121
5.0 9.0 7.40724 25.0199
5.0 9.0 7.3537 25.0131
5.0 9.0 7.41827 25.0221
5.0 9.0 7.33959 25.0192
5.0 9.0 7.36748 25.0213
5.0 9.0 7.48462 25.0221
5.0 9.0 7.3502 25.0222
5.0 9.0 7.46635 25.022
5.0 9.0 7.36597 25.0118
5.0 9.0 7.35927 24.9782
5.0 9.0 7.40931 25.0193
5.0 9.0 7.40359 25.0222
5.0 9.0 7.2404 25.0194
5.0 9.0 7.351 25.0222
5.0 9.0 7.41911 25.0222
5.0 9.0 7.37914 25.0207
5.0 9.0 7.4627 25.0214
5.0 9.0 7.4745 25.0211
5.0 9.0 7.37579 25.0193
5.0 9.0 7.4707 25.0222
5.0 9.0 7.4027 25.0222
5.0 9.0 7.46112 25.0129
5.0 9.0 7.5034 25.0222
5.0 9.0 7.39137 25.0222
5.0 9.0 7.36116 25.0222
5.0 9.0 7.40266 25.022
5.0 9.0 7.53261 25.0221
5.0 9.0 7.50499 25.0216
5.0 9.0 7.42863 25.0221
5.0 9.0 7.2965 25.022
5.0 9.0 7.41359 25.0026
5.0 9.0 7.44466 25.021
5.0 9.0 7.4115 25.0148
5.0 9.0 7.25428 25.0222
5.0 9.0 7.50186 25.0222
5.0 9.0 7.39399 25.0205
5.0 9.0 7.41125 25.0219
5.0 15.0 4.2271 25.0222
5.0 15.0 4.21739 25.022
5.0 15.0 4.33143 25.0215
5.0 15.0 4.31724 25.0209
5.0 15.0 4.23058 25.0222
5.0 15.0 4.37804 24.9942
5.0 15.0 4.21874 25.0222
5.0 15.0 4.28368 25.0222
5.0 15.0 4.31861 25.0222
5.0 15.0 4.22444 25.0199
5.0 15.0 4.34998 25.0152
5.0 15.0 4.22212 25.0222
5.0 15.0 4.31952 25.0222
5.0 15.0 4.29167 24.9782
5.0 15.0 4.23422 24.9782
5.0 15.0 4.23258 25.0199
5.0 15.0 4.21176 25.0222
5.0 15.0 4.31147 25.0218
5.0 15.0 4.341 25.0222
5.0 15.0 4.22874 25.0222
5.0 15.0 4.28483 25.02
5.0 15.0 4.2269 25.0158
5.0 15.0 4.23558 25.0211
5.0 15.0 4.30666 25.0206
5.0 15.0 4.38438 25.0215
5.0 15.0 4.22331 24.9933
5.0 15.0 4.22158 25.0214
5.0 15.0 4.28671 25.0196
5.0 15.0 4.3282 25.022
5.0 15.0 4.29094 25.0221
5.0 15.0 4.2094 25.0222
5.0 15.0 4.23837 25.0216
5.0 15.0 4.23326 25.0197
5.0 15.0 4.2343 25.0155
5.0 15.0 4.30768 25.0219
5.0 15.0 4.224 25.0172
5.0 15.0 4.23699 25.0222
5.0 15.0 4.22386 25.0198
5.0 15.0 4.28958 25.022
5.0 15.0 4.30162 25.022
5.0 15.0 4.29096 25.0218
5.0 15.0 4.29406 25.0218
5.0 15.0 4.22962 25.0215
5.0 15.0 4.34129 25.0215
5.0 15.0 4.21115 25.0222
5.0 15.0 4.24113 25.0222
5.0 15.0 4.32927 25.022
5.0 15.0 4.23101 25.0221
5.0 15.0 4.28398 25.0222
5.0 15.0 4.35429 25.0222
5.0 16.0 3.95458 25.0222
5.0 16.0 3.96665 25.0216
5.0 16.0 4.05191 25.0219
5.0 16.0 3.93713 25.0212
5.0 16.0 4.03801 25.0218
5.0 16.0 3.93982 25.0222
5.0 16.0 4.03726 24.9782
5.0 16.0 4.03884 25.0222
5.0 16.0 3.9344 25.021
5.0 16.0 3.99853 25.0216
5.0 16.0 4.02135 25.0222
5.0 16.0 4.06919 25.0222
5.0 16.0 4.0397 25.0168
5.0 16.0 3.99336 25.0104
5.0 16.0 4.02226 25.0131
5.0 16.0 3.94508 25.022
5.0 16.0 4.04393 25.0096
5.0 16.0 3.9749 24.9782
5.0 16.0 3.95179 25.0124
5.0 16.0 3.94695 25.0219
5.0 16.0 4.00583 24.9928
5.0 16.0 3.98938 25.0219
5.0 16.0 3.94079 25.0222
5.0 16.0 4.05105 25.0218
5.0 16.0 4.07917 25.022
5.0 16.0 3.95003 25.022
5.0 16.0 3.95066 25.0222
5.0 16.0 3.91753 25.0221
5.0 16.0 4.04255 25.0221
5.0 16.0 3.94949 25.0222
5.0 16.0 3.94685 25.0212
5.0 16.0 3.91817 25.0071
5.0 16.0 4.04831 25.0222
5.0 16.0 4.04295 25.0219
5.0 16.0 3.94584 25.0211
5.0 16.0 4.02797 25.0222
5.0 16.0 4.01577 25.0221
5.0 16.0 4.05314 25.0174
5.0 16.0 3.95302 25.0218
5.0 16.0 4.0379 25.0221
5.0 16.0 3.98497 25.0222
5.0 16.0 4.04555 25.0221
5.0 16.0 3.96735 25.0095
5.0 16.0 4.04053 25.0216
5.0 16.0 3.91758 24.9896
5.0 16.0 4.04858 25.0163
5.0 16.0 3.9456 25.0221
5.0 16.0 3.94452 25.0177
5.0 16.0 4.04101 25.022
5.0 16.0 4.06112 25.022
5.0 17.0 3.79679 24.9918
5.0 17.0 3.71348 25.0221
5.0 17.0 3.77261 25.0221
5.0 17.0 3.6934 25.0222
5.0 17.0 3.70454 25.018
5.0 17.0 3.71967 25.0221
5.0 17.0 3.70325 25.0222
5.0 17.0 3.70621 25.0222
5.0 17.0 3.70143 25.0222
5.0 17.0 3.69341 25.0209
5.0 17.0 3.71094 25.0199
5.0 17.0 3.70792 25.0131
5.0 17.0 3.78649 25.0207
5.0 17.0 3.69771 25.0222
5.0 17.0 3.69988 25.0222
5.0 17.0 3.69298 25.0131
5.0 17.0 3.70962 25.0222
5.0 17.0 3.74388 25.0219
5.0 17.0 3.70187 25.0203
5.0 17.0 3.77931 25.0212
5.0 17.0 3.7206 25.0221
5.0 17.0 3.71609 25.0221
5.0 17.0 3.75873 25.0222
5.0 17.0 3.76566 25.0222
5.0 17.0 3.6964 25.0034
5.0 17.0 3.7003 25.0222
5.0 17.0 3.70959 25.022
5.0 17.0 3.78947 24.9874
5.0 17.0 3.79144 25.0217
5.0 17.0 3.70317 25.0194
5.0 17.0 3.78459 25.0131
5.0 17.0 3.70654 25.0222
5.0 17.0 3.79339 25.0222
5.0 17.0 3.79663 25.0221
5.0 17.0 3.81293 25.0221
5.0 17.0 3.7731 25.0222
5.0 17.0 3.78166 25.0221
5.0 17.0 3.70691 25.0219
5.0 17.0 3.80116 25.0093
5.0 17.0 3.79156 25.022
5.0 17.0 3.69867 25.0131
5.0 17.0 3.70445 25.022
5.0 17.0 3.71311 25.0222
5.0 17.0 3.69864 25.0221
5.0 17.0 3.81403 25.0222
5.0 17.0 3.69871 25.0217
5.0 17.0 3.69541 25.0215
5.0 17.0 3.70544 25.0071
5.0 17.0 3.77137 24.9782
5.0 17.0 3.68921 25.0149
5.0 31.0 2.04641 25.0221
5.0 31.0 2.09694 25.0221
5.0 31.0 2.21715 25.0212
5.0 31.0 2.0633 25.0222
5.0 31.0 2.06033 25.0219
5.0 31.0 2.0591 25.0201
5.0 31.0 2.06915 25.0221
5.0 31.0 2.20699 25.0222
5.0 31.0 2.05624 25.0187
5.0 31.0 2.08805 25.0221
5.0 31.0 2.19801 25.0187
5.0 31.0 2.07153 25.0173
5.0 31.0 2.08255 25.021
5.0 31.0 2.12481 25.0222
5.0 31.0 2.0713 25.022
5.0 31.0 2.04226 25.022
5.0 31.0 2.0576 25.0222
5.0 31.0 2.06284 25.0209
5.0 31.0 2.18227 25.0222
5.0 31.0 2.06175 25.0026
5.0 31.0 2.06385 25.0222
5.0 31.0 2.05452 25.0222
5.0 31.0 2.23199 25.0183
5.0 31.0 2.08207 25.0222
5.0 31.0 2.17113 25.0214
5.0 31.0 2.07313 25.0222
5.0 31.0 2.10779 25.0182
5.0 31.0 2.05971 25.022
5.0 31.0 2.07193 25.0222
5.0 31.0 2.05503 25.0221
5.0 31.0 2.06558 25.0221
5.0 31.0 2.04584 25.0222
5.0 31.0 2.05521 25.0221
5.0 31.0 2.03911 25.0218
5.0 31.0 2.06915 25.0181
5.0 31.0 2.08022 24.9782
5.0 31.0 2.05103 25.0221
5.0 31.0 2.06271 25.0222
5.0 31.0 2.18084 25.0222
5.0 31.0 2.12021 25.0218
5.0 31.0 2.08238 25.0221
5.0 31.0 2.05443 25.0222
5.0 31.0 2.1353 25.0222
5.0 31.0 2.06221 25.0221
5.0 31.0 2.05131 25.0222
5.0 31.0 2.08817 25.0222
5.0 31.0 2.10629 25.0222
5.0 31.0 2.05586 25.0193
5.0 31.0 2.04389 25.0131
5.0 31.0 2.0598 25.0222
5.0 32.0 1.92353 25.0221
5.0 32.0 1.94264 25.0221
5.0 32.0 1.92774 25.0219
5.0 32.0 1.94374 25.0207
5.0 32.0 1.93035 25.022
5.0 32.0 1.94353 25.0222
5.0 32.0 1.93335 25.0215
5.0 32.0 1.95444 24.9929
5.0 32.0 1.91642 25.0165
5.0 32.0 1.91773 25.0221
5.0 32.0 1.94715 25.0221
5.0 32.0 1.92232 25.011
5.0 32.0 1.91632 25.0221
5.0 32.0 1.94593 25.0222
5.0 32.0 1.94622 25.0179
5.0 32.0 1.93299 25.0215
5.0 32.0 1.92486 25.0178
5.0 32.0 1.93069 25.0221
5.0 32.0 1.92622 25.0222
5.0 32.0 1.91431 25.022
5.0 32.0 1.94123 25.0214
5.0 32.0 1.92944 25.0222
5.0 32.0 1.92396 25.0214
5.0 32.0 1.93796 25.0218
5.0 32.0 1.92524 25.0222
5.0 32.0 1.91723 25.0165
5.0 32.0 1.93496 25.0171
5.0 32.0 1.92295 25.022
5.0 32.0 1.92175 25.0216
5.0 32.0 1.92149 25.0211
5.0 32.0 1.93559 25.0222
5.0 32.0 1.92335 25.0222
5.0 32.0 1.91731 25.0222
5.0 32.0 1.92146 25.022
5.0 32.0 1.91786 25.022
5.0 32.0 1.91574 25.0172
5.0 32.0 1.91722 25.0017
5.0 32.0 1.92604 25.0117
5.0 32.0 1.92935 25.022
5.0 32.0 1.9439 25.0209
5.0 32.0 1.92386 25.0131
5.0 32.0 1.91696 25.0221
5.0 32.0 1.93858 25.0221
5.0 32.0 1.94947 25.0222
5.0 32.0 1.91971 25.0222
5.0 32.0 1.93559 24.9792
5.0 32.0 1.92128 25.0222
5.0 32.0 1.92276 25.0221
5.0 32.0 1.94034 25.0222
5.0 32.0 1.92454 25.0222
5.0 33.0 1.98344 25.0207
5.0 33.0 2.02192 25.0222
5.0 33.0 2.05256 25.0222
5.0 33.0 1.88332 25.0221
5.0 33.0 1.87704 25.0222
5.0 33.0 1.87864 25.0222
5.0 33.0 1.86733 25.0212
5.0 33.0 1.86741 25.0222
5.0 33.0 1.8664 25.0222
5.0 33.0 1.87511 25.0222
5.0 33.0 1.87805 24.9782
5.0 33.0 1.8769 25.0222
5.0 33.0 1.87569 25.0222
5.0 33.0 1.87902 25.0222
5.0 33.0 1.87149 25.0212
5.0 33.0 1.88524 25.0221
5.0 33.0 1.89034 25.0221
5.0 33.0 2.0357 25.0219
5.0 33.0 1.8883 25.0221
5.0 33.0 1.88451 25.0219
5.0 33.0 1.87485 25.0218
5.0 33.0 2.01276 25.0222
5.0 33.0 2.01981 25.014
5.0 33.0 1.98634 25.0119
5.0 33.0 1.97325 25.0222
5.0 33.0 1.98597 25.0222
5.0 33.0 1.98597 25.0222
5.0 33.0 1.98597 25.0222
5.0 33.0 1.98597 25.0222
5.0 33.0 1.98597 25.0222
5.0 33.0 1.98597 25.0222
5.0 33.0 1.98597 25.0222
5.0 33.0 1.98597 25.0222
5.0 33.0 1.98597 25.0222
5.0 33.0 1.98597 25.0222
5.0 33.0 1.98597 25.0222
5.0 33.0 1.98597 25.0222
5.0 33.0 1.98597 25.0222
5.0 33.0 1.98597 25.0222
5.0 33.0 1.98597 25.0222
5.0 33.0 1.98597 25.0222
5.0 33.0 1.98597 25.0222
5.0 33.0 1.98597 25.0222
5.0 33.0 1.98597 25.0222
5.0 33.0 1.98597 25.0222
5.0 33.0 1.98597 25.0222
5.0 33.0 1.98597 25.0222
5.0 33.0 1.98597 25.0222
5.0 33.0 1.98597 25.0222
5.0 33.0 1.98597 25.0222
