0.0 3.0 0.396023 2.04197
0.0 3.0 0.811772 2.04197
0.0 3.0 0.786519 2.04197
0.0 3.0 0.898864 2.04198
0.0 3.0 0.419336 2.04197
0.0 3.0 0.883589 2.04198
0.0 3.0 0.397058 2.04198
0.0 3.0 1.10406 2.04197
0.0 3.0 0.779786 2.04197
0.0 3.0 1.68396 2.04198
0.0 3.0 1.12869 2.04197
0.0 3.0 0.420478 2.04198
0.0 3.0 0.420488 2.04198
0.0 3.0 1.61875 2.04198
0.0 3.0 1.10667 2.04197
0.0 3.0 0.411819 2.04197
0.0 3.0 1.17843 2.04198
0.0 3.0 1.70833 2.04197
0.0 3.0 1.08584 2.04197
0.0 3.0 0.792976 2.04198
0.0 3.0 0.752521 2.04197
0.0 3.0 0.795825 2.04197
0.0 3.0 0.39125 2.04198
0.0 3.0 0.799786 2.04197
0.0 3.0 0.390119 2.04197
0.0 3.0 0.801275 2.04197
0.0 3.0 0.801717 2.04197
0.0 3.0 1.66432 2.04198
0.0 3.0 1.1182 2.04197
0.0 3.0 1.13953 2.04197
0.0 3.0 0.382585 2.04197
0.0 3.0 0.798645 2.04198
0.0 3.0 1.17779 2.04198
0.0 3.0 0.404242 2.04197
0.0 3.0 0.994137 2.04197
0.0 3.0 0.762675 2.04198
0.0 3.0 0.401529 2.04197
0.0 3.0 0.747702 2.04198
0.0 3.0 1.06447 2.04197
0.0 3.0 0.73878 2.04198
0.0 3.0 0.804057 2.04198
0.0 3.0 0.768738 2.04198
0.0 3.0 1.21272 2.04198
0.0 3.0 1.04707 2.04197
0.0 3.0 1.80507 2.04197
0.0 3.0 1.19326 2.04198
0.0 3.0 0.382686 2.04198
0.0 3.0 0.456283 2.04197
0.0 3.0 0.398417 2.04197
0.0 3.0 0.739258 2.04198
0.0 4.0 0.475315 2.04198
0.0 4.0 1.08825 2.04198
0.0 4.0 1.2361 2.04198
0.0 4.0 0.738375 2.04198
0.0 4.0 0.46481 2.04197
0.0 4.0 0.757991 2.04197
0.0 4.0 0.748389 2.04198
0.0 4.0 0.751449 2.04198
0.0 4.0 1.0491 2.04198
0.0 4.0 1.08267 2.04197
0.0 4.0 0.762756 2.04197
0.0 4.0 0.72654 2.04197
0.0 4.0 0.47294 2.04198
0.0 4.0 0.45605 2.04198
0.0 4.0 0.981372 2.04197
0.0 4.0 0.85723 2.04197
0.0 4.0 1.11911 2.04197
0.0 4.0 0.426162 2.04198
0.0 4.0 0.419393 2.04198
0.0 4.0 0.69001 2.04197
0.0 4.0 0.809505 2.04198
0.0 4.0 0.655848 2.04197
0.0 4.0 0.378497 2.04197
0.0 4.0 0.398598 2.04197
0.0 4.0 0.856802 2.04198
0.0 4.0 1.11848 2.04198
0.0 4.0 0.808794 2.04197
0.0 4.0 1.08042 2.04197
0.0 4.0 0.895576 2.04197
0.0 4.0 1.11462 2.04197
0.0 4.0 1.00938 2.04198
0.0 4.0 0.471763 2.04198
0.0 4.0 0.431012 2.04197
0.0 4.0 0.772594 2.04198
0.0 4.0 0.444957 2.04197
0.0 4.0 0.737528 2.04198
0.0 4.0 0.987673 2.04198
0.0 4.0 0.388762 2.04197
0.0 4.0 0.873198 2.04198
0.0 4.0 1.15363 2.04198
0.0 4.0 0.373662 2.04198
0.0 4.0 0.480944 2.04197
0.0 4.0 0.480239 2.04197
0.0 4.0 0.854758 2.04198
0.0 4.0 1.53929 2.04197
0.0 4.0 0.743143 2.04198
0.0 4.0 0.611002 2.04197
0.0 4.0 0.720074 2.04198
0.0 4.0 0.727397 2.04198
0.0 4.0 0.818262 2.04198
0.0 5.0 0.603585 2.04197
0.0 5.0 0.660998 2.04198
0.0 5.0 0.679892 2.04197
0.0 5.0 0.597024 2.04197
0.0 5.0 0.588113 2.04197
0.0 5.0 0.756196 2.04198
0.0 5.0 1.25535 2.04197
0.0 5.0 0.712658 2.04197
0.0 5.0 0.781481 2.04198
0.0 5.0 0.616316 2.04197
0.0 5.0 0.630951 2.04197
0.0 5.0 0.703462 2.04198
0.0 5.0 1.05734 2.04198
0.0 5.0 0.740129 2.04198
0.0 5.0 0.581281 2.04197
0.0 5.0 0.782412 2.04197
0.0 5.0 0.593996 2.04197
0.0 5.0 0.775281 2.04198
0.0 5.0 0.590162 2.04197
0.0 5.0 0.731367 2.04198
0.0 5.0 0.733915 2.04198
0.0 5.0 1.23131 2.04198
0.0 5.0 1.27064 2.04197
0.0 5.0 0.749868 2.04198
0.0 5.0 0.588635 2.04197
0.0 5.0 0.826083 2.04198
0.0 5.0 0.731379 2.04197
0.0 5.0 0.953105 2.04197
0.0 5.0 0.559043 2.04198
0.0 5.0 0.788223 2.04198
0.0 5.0 0.599378 2.04197
0.0 5.0 0.685529 2.04198
0.0 5.0 0.557652 2.04197
0.0 5.0 0.692881 2.04198
0.0 5.0 0.716053 2.04197
0.0 5.0 0.90046 2.04198
0.0 5.0 0.83607 2.04197
0.0 5.0 0.719692 2.04197
0.0 5.0 0.88774 2.04198
0.0 5.0 1.04344 2.04198
0.0 5.0 0.586055 2.04197
0.0 5.0 1.20691 2.04197
0.0 5.0 0.68125 2.04198
0.0 5.0 1.03977 2.04198
0.0 5.0 0.684365 2.04197
0.0 5.0 0.62295 2.04198
0.0 5.0 1.46821 2.04197
0.0 5.0 0.797122 2.04198
0.0 5.0 0.762691 2.04197
0.0 5.0 0.687834 2.04197
0.0 7.0 1.36164 2.04198
0.0 7.0 0.661545 2.04197
0.0 7.0 0.835441 2.04198
0.0 7.0 0.747087 2.04197
0.0 7.0 0.867024 2.04197
0.0 7.0 0.645604 2.04198
0.0 7.0 0.817668 2.04197
0.0 7.0 0.64645 2.04197
0.0 7.0 1.38599 2.04198
0.0 7.0 0.667687 2.04197
0.0 7.0 0.638391 2.04197
0.0 7.0 0.765021 2.04198
0.0 7.0 0.67598 2.04198
0.0 7.0 0.674844 2.04197
0.0 7.0 0.85863 2.04198
0.0 7.0 0.67203 2.04197
0.0 7.0 0.860212 2.04197
0.0 7.0 0.740065 2.04197
0.0 7.0 0.64133 2.04197
0.0 7.0 1.42482 2.04198
0.0 7.0 1.57458 2.04197
0.0 7.0 1.44536 2.04198
0.0 7.0 0.724787 2.04197
0.0 7.0 0.819191 2.04197
0.0 7.0 0.633479 2.04197
0.0 7.0 0.636722 2.04197
0.0 7.0 0.875587 2.04197
0.0 7.0 0.692907 2.04197
0.0 7.0 1.36857 2.04197
0.0 7.0 1.61043 2.04198
0.0 7.0 0.871821 2.04198
0.0 7.0 0.953669 2.04198
0.0 7.0 0.628849 2.04198
0.0 7.0 0.843504 2.04198
0.0 7.0 0.646783 2.04197
0.0 7.0 0.643695 2.04197
0.0 7.0 0.841429 2.04197
0.0 7.0 0.640444 2.04197
0.0 7.0 0.855396 2.04197
0.0 7.0 1.54316 2.04197
0.0 7.0 0.622878 2.04197
0.0 7.0 0.826694 2.04197
0.0 7.0 0.880292 2.04197
0.0 7.0 0.626432 2.04197
0.0 7.0 0.643555 2.04197
0.0 7.0 0.641027 2.04197
0.0 7.0 0.622293 2.04197
0.0 7.0 0.636477 2.04197
0.0 7.0 0.642545 2.04197
0.0 7.0 0.617604 2.04197
0.0 8.0 1.30511 2.04197
0.0 8.0 1.39772 2.04198
0.0 8.0 0.855164 2.04197
0.0 8.0 0.67065 2.04198
0.0 8.0 1.38657 2.04198
0.0 8.0 0.804337 2.04197
0.0 8.0 0.620535 2.04197
0.0 8.0 0.733326 2.04198
0.0 8.0 1.6737 2.04197
0.0 8.0 1.37441 2.04197
0.0 8.0 1.59968 2.04198
0.0 8.0 0.875046 2.04197
0.0 8.0 0.723248 2.04197
0.0 8.0 0.806832 2.04197
0.0 8.0 0.695959 2.04198
0.0 8.0 0.713747 2.04197
0.0 8.0 0.809033 2.04198
0.0 8.0 0.707734 2.04197
0.0 8.0 1.10699 2.04197
0.0 8.0 0.677862 2.04197
0.0 8.0 1.66721 2.04197
0.0 8.0 1.03708 2.04197
0.0 8.0 1.01382 2.04197
0.0 8.0 0.808699 2.04197
0.0 8.0 1.05201 2.04197
0.0 8.0 0.946583 2.04198
0.0 8.0 0.70901 2.04198
0.0 8.0 0.68094 2.04197
0.0 8.0 1.65217 2.04197
0.0 8.0 1.69634 2.04197
0.0 8.0 0.738664 2.04198
0.0 8.0 1.02095 2.04198
0.0 8.0 0.708539 2.04197
0.0 8.0 1.7226 2.04197
0.0 8.0 0.946168 2.04198
0.0 8.0 0.670896 2.04197
0.0 8.0 0.803408 2.04197
0.0 8.0 0.699316 2.04198
0.0 8.0 0.662812 2.04197
0.0 8.0 1.55266 2.04198
0.0 8.0 0.673029 2.04198
0.0 8.0 1.09017 2.04197
0.0 8.0 0.753265 2.04197
0.0 8.0 0.861498 2.04197
0.0 8.0 0.720064 2.04197
0.0 8.0 1.64552 2.04198
0.0 8.0 0.693625 2.04198
0.0 8.0 0.817276 2.04198
0.0 8.0 0.73413 2.04198
0.0 8.0 0.61675 2.04197
0.0 9.0 0.881275 2.04197
0.0 9.0 0.937333 2.04198
0.0 9.0 0.923389 2.04197
0.0 9.0 0.765342 2.04197
0.0 9.0 0.92453 2.04198
0.0 9.0 0.89594 2.04197
0.0 9.0 0.749546 2.04197
0.0 9.0 0.924333 2.04198
0.0 9.0 0.752763 2.04197
0.0 9.0 1.02805 2.04197
0.0 9.0 1.44856 2.04197
0.0 9.0 1.30301 2.04197
0.0 9.0 0.893364 2.04198
0.0 9.0 1.02587 2.04197
0.0 9.0 0.87227 2.04197
0.0 9.0 1.42391 2.04197
0.0 9.0 1.05512 2.04197
0.0 9.0 0.875157 2.04197
0.0 9.0 0.92551 2.04197
0.0 9.0 1.47128 2.04197
0.0 9.0 0.958946 2.04198
0.0 9.0 0.754086 2.04197
0.0 9.0 1.0579 2.04197
0.0 9.0 0.935901 2.04197
0.0 9.0 0.938386 2.04198
0.0 9.0 0.863727 2.04198
0.0 9.0 0.740168 2.04197
0.0 9.0 0.888738 2.04197
0.0 9.0 0.760018 2.04197
0.0 9.0 1.06651 2.04197
0.0 9.0 0.957004 2.04197
0.0 9.0 1.19563 2.04197
0.0 9.0 0.858102 2.04197
0.0 9.0 1.66359 2.04197
0.0 9.0 0.94555 2.04197
0.0 9.0 0.756867 2.04198
0.0 9.0 1.02179 2.04197
0.0 9.0 0.933914 2.04197
0.0 9.0 1.06774 2.04197
0.0 9.0 0.925319 2.04197
0.0 9.0 1.45968 2.04197
0.0 9.0 1.01622 2.04197
0.0 9.0 1.29692 2.04197
0.0 9.0 1.0702 2.04197
0.0 9.0 0.942229 2.04197
0.0 9.0 1.01514 2.04198
0.0 9.0 0.935908 2.04197
0.0 9.0 0.922119 2.04198
0.0 9.0 0.882507 2.04198
0.0 9.0 1.0394 2.04198
0.0 15.0 0.986281 2.04197
0.0 15.0 0.903933 2.04198
0.0 15.0 1.3149 2.04197
0.0 15.0 1.4539 2.04197
0.0 15.0 1.32859 2.04198
0.0 15.0 1.22888 2.04197
0.0 15.0 1.17409 2.04197
0.0 15.0 1.37567 2.04198
0.0 15.0 1.27513 2.04197
0.0 15.0 0.927781 2.04198
0.0 15.0 0.985092 2.04198
0.0 15.0 1.37501 2.04198
0.0 15.0 1.20094 2.04197
0.0 15.0 1.37142 2.04197
0.0 15.0 0.827664 2.04197
0.0 15.0 0.907953 2.04198
0.0 15.0 1.03684 2.04197
0.0 15.0 0.848707 2.04197
0.0 15.0 0.904199 2.04197
0.0 15.0 1.33472 2.04197
0.0 15.0 1.34388 2.04197
0.0 15.0 1.33646 2.04198
0.0 15.0 1.07561 2.04198
0.0 15.0 1.00703 2.04197
0.0 15.0 1.34898 2.04197
0.0 15.0 0.90435 2.04197
0.0 15.0 1.3405 2.04197
0.0 15.0 0.836462 2.04198
0.0 15.0 1.48361 2.04197
0.0 15.0 0.952211 2.04198
0.0 15.0 0.848184 2.04198
0.0 15.0 1.35376 2.04198
0.0 15.0 1.3877 2.04197
0.0 15.0 1.23859 2.04197
0.0 15.0 1.34934 2.04197
0.0 15.0 1.31618 2.04197
0.0 15.0 0.886 2.04197
0.0 15.0 0.960792 2.04197
0.0 15.0 1.09877 2.04198
0.0 15.0 1.00968 2.04197
0.0 15.0 1.00835 2.04197
0.0 15.0 0.84187 2.04197
0.0 15.0 0.831318 2.04198
0.0 15.0 0.898649 2.04197
0.0 15.0 0.954008 2.04197
0.0 15.0 0.989512 2.04197
0.0 15.0 0.975256 2.04197
0.0 15.0 1.16377 2.04197
0.0 15.0 1.15885 2.04197
0.0 15.0 0.969184 2.04198
0.0 16.0 0.958427 2.04197
0.0 16.0 1.34802 2.04197
0.0 16.0 0.961116 2.04197
0.0 16.0 0.823417 2.04197
0.0 16.0 1.32118 2.04198
0.0 16.0 0.824806 2.04197
0.0 16.0 0.951757 2.04197
0.0 16.0 1.04497 2.04198
0.0 16.0 1.32646 2.04197
0.0 16.0 0.832389 2.04197
0.0 16.0 1.49089 2.04197
0.0 16.0 1.55595 2.04197
0.0 16.0 0.936838 2.04198
0.0 16.0 0.882525 2.04197
0.0 16.0 1.28747 2.04197
0.0 16.0 0.901976 2.04197
0.0 16.0 0.937005 2.04197
0.0 16.0 0.893441 2.04198
0.0 16.0 1.35304 2.04197
0.0 16.0 1.71518 2.04198
0.0 16.0 0.976129 2.04197
0.0 16.0 1.26887 2.04197
0.0 16.0 0.835172 2.04197
0.0 16.0 0.953275 2.04197
0.0 16.0 1.52978 2.04197
0.0 16.0 0.948962 2.04197
0.0 16.0 0.818573 2.04197
0.0 16.0 1.36177 2.04197
0.0 16.0 1.01056 2.04198
0.0 16.0 1.39988 2.04198
0.0 16.0 0.962921 2.04197
0.0 16.0 1.5497 2.04197
0.0 16.0 1.37829 2.04198
0.0 16.0 0.825751 2.04197
0.0 16.0 0.960337 2.04198
0.0 16.0 0.959064 2.04198
0.0 16.0 0.810012 2.04198
0.0 16.0 1.29818 2.04197
0.0 16.0 1.36462 2.04197
0.0 16.0 1.53645 2.04197
0.0 16.0 0.814887 2.04197
0.0 16.0 0.91969 2.04198
0.0 16.0 0.945039 2.04198
0.0 16.0 0.967522 2.04197
0.0 16.0 1.33858 2.04198
0.0 16.0 1.55355 2.04198
0.0 16.0 0.983233 2.04197
0.0 16.0 1.36614 2.04197
0.0 16.0 1.55275 2.04198
0.0 16.0 1.33928 2.04198
0.0 17.0 0.99886 2.04198
0.0 17.0 1.21921 2.04198
0.0 17.0 1.41076 2.04198
0.0 17.0 0.908583 2.04198
0.0 17.0 1.26787 2.04197
0.0 17.0 0.871275 2.04197
0.0 17.0 1.39463 2.04197
0.0 17.0 1.01684 2.04197
0.0 17.0 0.988032 2.04197
0.0 17.0 0.966307 2.04198
0.0 17.0 0.97569 2.04197
0.0 17.0 0.888316 2.04197
0.0 17.0 0.901683 2.04198
0.0 17.0 1.4053 2.04197
0.0 17.0 1.22222 2.04197
0.0 17.0 1.40058 2.04198
0.0 17.0 0.853417 2.04197
0.0 17.0 1.34141 2.04197
0.0 17.0 0.984937 2.04198
0.0 17.0 0.983324 2.04198
0.0 17.0 0.920831 2.04197
0.0 17.0 0.970229 2.04197
0.0 17.0 1.42882 2.04198
0.0 17.0 1.23284 2.04198
0.0 17.0 0.871687 2.04198
0.0 17.0 1.39174 2.04197
0.0 17.0 1.00526 2.04197
0.0 17.0 1.02007 2.04198
0.0 17.0 0.914873 2.04197
0.0 17.0 0.960712 2.04198
0.0 17.0 1.00048 2.04197
0.0 17.0 0.998652 2.04197
0.0 17.0 0.860046 2.04198
0.0 17.0 1.22737 2.04197
0.0 17.0 1.41275 2.04197
0.0 17.0 1.00004 2.04198
0.0 17.0 0.984445 2.04198
0.0 17.0 1.42662 2.04198
0.0 17.0 1.00595 2.04198
0.0 17.0 1.32924 2.04197
0.0 17.0 1.41085 2.04197
0.0 17.0 0.960242 2.04197
0.0 17.0 0.823456 2.04198
0.0 17.0 1.31915 2.04198
0.0 17.0 1.38576 2.04197
0.0 17.0 1.06069 2.04197
0.0 17.0 0.872026 2.04197
0.0 17.0 1.41801 2.04197
0.0 17.0 1.00008 2.04197
0.0 17.0 1.00299 2.04197
0.0 31.0 1.32963 2.04197
0.0 31.0 1.47339 2.04197
0.0 31.0 1.27519 2.04198
0.0 31.0 1.42906 2.04197
0.0 31.0 1.32159 2.04197
0.0 31.0 1.31547 2.04197
0.0 31.0 1.37783 2.04198
0.0 31.0 1.44426 2.04197
0.0 31.0 1.12039 2.04197
0.0 31.0 1.04075 2.04197
0.0 31.0 1.54233 2.04197
0.0 31.0 1.41767 2.04197
0.0 31.0 1.26321 2.04197
0.0 31.0 1.23985 2.04197
0.0 31.0 0.998127 2.04197
0.0 31.0 1.26277 2.04197
0.0 31.0 1.53191 2.04198
0.0 31.0 1.30992 2.04198
0.0 31.0 1.31457 2.04197
0.0 31.0 1.47141 2.04197
0.0 31.0 1.33645 2.04197
0.0 31.0 1.04511 2.04197
0.0 31.0 1.00077 2.04197
0.0 31.0 1.55129 2.04197
0.0 31.0 0.995553 2.04197
0.0 31.0 1.53662 2.04197
0.0 31.0 1.44805 2.04197
0.0 31.0 1.27317 2.04197
0.0 31.0 1.29893 2.04197
0.0 31.0 1.21178 2.04197
0.0 31.0 1.00243 2.04197
0.0 31.0 1.43228 2.04197
0.0 31.0 1.0432 2.04197
0.0 31.0 1.31843 2.04197
0.0 31.0 0.993649 2.04197
0.0 31.0 0.996967 2.04197
0.0 31.0 1.47392 2.04198
0.0 31.0 0.996343 2.04198
0.0 31.0 1.29569 2.04197
0.0 31.0 0.995533 2.04197
0.0 31.0 1.46897 2.04197
0.0 31.0 1.42251 2.04197
0.0 31.0 1.52213 2.04197
0.0 31.0 1.30459 2.04197
0.0 31.0 1.03159 2.04197
0.0 31.0 1.32569 2.04197
0.0 31.0 1.33756 2.04197
0.0 31.0 0.99091 2.04198
0.0 31.0 1.33519 2.04198
0.0 31.0 1.05537 2.04197
0.0 32.0 0.95246 2.04197
0.0 32.0 1.40701 2.04198
0.0 32.0 1.31268 2.04197
0.0 32.0 1.37018 2.04197
0.0 32.0 1.54484 2.04197
0.0 32.0 1.54543 2.04197
0.0 32.0 1.29412 2.04198
0.0 32.0 1.25194 2.04197
0.0 32.0 1.36438 2.04197
0.0 32.0 1.39105 2.04197
0.0 32.0 1.3644 2.04198
0.0 32.0 1.66627 2.04197
0.0 32.0 1.34026 2.04197
0.0 32.0 1.31637 2.04197
0.0 32.0 0.935461 2.04198
0.0 32.0 1.32073 2.04197
0.0 32.0 1.35435 2.04197
0.0 32.0 1.54922 2.04197
0.0 32.0 1.60873 2.04197
0.0 32.0 0.931524 2.04198
0.0 32.0 0.897305 2.04197
0.0 32.0 1.3355 2.04197
0.0 32.0 0.885433 2.04197
0.0 32.0 1.91397 2.04197
0.0 32.0 1.28355 2.04197
0.0 32.0 0.900368 2.04197
0.0 32.0 1.45949 2.04198
0.0 32.0 0.932404 2.04197
0.0 32.0 1.29099 2.04197
0.0 32.0 1.35886 2.04198
0.0 32.0 1.49351 2.04197
0.0 32.0 1.30059 2.04198
0.0 32.0 1.35086 2.04197
0.0 32.0 1.54163 2.04197
0.0 32.0 1.27843 2.04198
0.0 32.0 0.931176 2.04197
0.0 32.0 1.3729 2.04198
0.0 32.0 1.4067 2.04197
0.0 32.0 1.25467 2.04197
0.0 32.0 1.33997 2.04197
0.0 32.0 0.911261 2.04197
0.0 32.0 1.33928 2.04197
0.0 32.0 0.876595 2.04197
0.0 32.0 1.58404 2.04198
0.0 32.0 1.31954 2.04197
0.0 32.0 1.35685 2.04197
0.0 32.0 1.27252 2.04197
0.0 32.0 1.35655 2.04198
0.0 32.0 1.28822 2.04198
0.0 32.0 0.892728 2.04197
0.0 33.0 1.06603 2.04197
0.0 33.0 1.02558 2.04197
0.0 33.0 0.934291 2.04198
0.0 33.0 0.980961 2.04197
0.0 33.0 1.04206 2.04197
0.0 33.0 1.00821 2.04198
0.0 33.0 1.01101 2.04197
0.0 33.0 1.01975 2.04197
0.0 33.0 1.01152 2.04197
0.0 33.0 1.01284 2.04197
0.0 33.0 0.9994 2.04197
0.0 33.0 0.935213 2.04197
0.0 33.0 0.963325 2.04197
0.0 33.0 0.961412 2.04197
0.0 33.0 0.995364 2.04197
0.0 33.0 0.962339 2.04198
0.0 33.0 1.03335 2.04197
0.0 33.0 0.929595 2.04197
0.0 33.0 1.002 2.04198
0.0 33.0 0.964279 2.04198
0.0 33.0 1.03022 2.04198
0.0 33.0 1.06041 2.04197
0.0 33.0 1.01165 2.04197
0.0 33.0 1.01654 2.04197
0.0 33.0 1.05981 2.04197
0.0 33.0 1.04825 2.04197
0.0 33.0 1.00416 2.04197
0.0 33.0 0.917499 2.04197
0.0 33.0 0.925602 2.04197
0.0 33.0 0.923583 2.04198
0.0 33.0 0.968454 2.04197
0.0 33.0 1.04471 2.04197
0.0 33.0 1.05766 2.04197
0.0 33.0 1.00108 2.04197
0.0 33.0 1.06382 2.04197
0.0 33.0 1.00438 2.04198
0.0 33.0 1.05836 2.04197
0.0 33.0 1.01407 2.04197
0.0 33.0 1.05578 2.04197
0.0 33.0 1.07948 2.04197
0.0 33.0 0.972087 2.04198
0.0 33.0 1.0516 2.04197
0.0 33.0 1.03083 2.04197
0.0 33.0 0.97373 2.04198
0.0 33.0 0.976365 2.04197
0.0 33.0 1.04789 2.04197
0.0 33.0 0.938112 2.04197
0.0 33.0 0.944985 2.04198
0.0 33.0 0.965947 2.04197
0.0 33.0 0.992585 2.04198
1.0 3.0 0.827069 16.6528
1.0 3.0 0.847586 16.6528
1.0 3.0 0.416941 16.6528
1.0 3.0 0.96352 16.6528
1.0 3.0 0.817557 16.6528
1.0 3.0 1.14674 16.6528
1.0 3.0 0.875279 16.6528
1.0 3.0 0.822951 16.6528
1.0 3.0 0.837123 16.6528
1.0 3.0 0.408751 16.6528
1.0 3.0 0.802059 16.6528
1.0 3.0 0.828755 16.6528
1.0 3.0 1.07814 16.6528
1.0 3.0 0.997442 16.6527
1.0 3.0 0.849988 16.6528
1.0 3.0 0.464979 16.6528
1.0 3.0 1.25517 16.6528
1.0 3.0 0.412333 16.6528
1.0 3.0 0.440809 16.6528
1.0 3.0 0.472721 16.6528
1.0 3.0 0.408273 16.6528
1.0 3.0 0.456975 16.6528
1.0 3.0 0.436978 16.6528
1.0 3.0 0.80131 16.6528
1.0 3.0 0.945014 16.6528
1.0 3.0 0.822931 16.6528
1.0 3.0 0.416298 16.6528
1.0 3.0 0.41346 16.6528
1.0 3.0 0.80205 16.6528
1.0 3.0 0.413778 16.6528
1.0 3.0 0.478875 16.6528
1.0 3.0 0.937986 16.6528
1.0 3.0 0.494284 16.6528
1.0 3.0 0.805687 16.6528
1.0 3.0 0.46627 16.6528
1.0 3.0 0.412488 16.6528
1.0 3.0 0.410236 16.6528
1.0 3.0 0.816504 16.6528
1.0 3.0 0.836566 16.6528
1.0 3.0 1.00208 16.6528
1.0 3.0 1.0771 16.6528
1.0 3.0 0.435209 16.6528
1.0 3.0 0.488922 16.6528
1.0 3.0 0.779739 16.6528
1.0 3.0 0.40981 16.6528
1.0 3.0 0.48072 16.6528
1.0 3.0 0.822627 16.6528
1.0 3.0 0.841984 16.6528
1.0 3.0 0.817169 16.6528
1.0 3.0 1.11959 16.6528
1.0 4.0 0.736556 16.6528
1.0 4.0 1.04326 16.6528
1.0 4.0 0.763647 16.6528
1.0 4.0 0.954135 16.6528
1.0 4.0 0.939307 16.6528
1.0 4.0 1.5268 16.6528
1.0 4.0 0.854083 16.6528
1.0 4.0 0.779941 16.6528
1.0 4.0 0.481249 16.6528
1.0 4.0 0.945043 16.6528
1.0 4.0 1.26281 16.6528
1.0 4.0 1.08642 16.6528
1.0 4.0 0.443928 16.6528
1.0 4.0 0.763063 16.6528
1.0 4.0 0.415918 16.6528
1.0 4.0 0.390754 16.6528
1.0 4.0 0.741286 16.6528
1.0 4.0 1.30326 16.6528
1.0 4.0 0.764762 16.6528
1.0 4.0 0.930712 16.6528
1.0 4.0 0.861385 16.6528
1.0 4.0 1.16151 16.6528
1.0 4.0 0.417747 16.6528
1.0 4.0 0.727938 16.6528
1.0 4.0 0.381008 16.6528
1.0 4.0 0.728291 16.6528
1.0 4.0 0.949822 16.6528
1.0 4.0 0.768493 16.6528
1.0 4.0 0.968731 16.6528
1.0 4.0 0.447534 16.6528
1.0 4.0 1.49522 16.6528
1.0 4.0 1.33036 16.6527
1.0 4.0 0.836965 16.6528
1.0 4.0 0.86132 16.6528
1.0 4.0 0.43482 16.6528
1.0 4.0 0.439562 16.6528
1.0 4.0 1.54347 16.6528
1.0 4.0 0.767086 16.6528
1.0 4.0 0.727101 16.6528
1.0 4.0 0.403208 16.6528
1.0 4.0 0.45104 16.6528
1.0 4.0 0.387116 16.6528
1.0 4.0 0.758237 16.6528
1.0 4.0 0.856091 16.6528
1.0 4.0 0.44219 16.6528
1.0 4.0 0.763752 16.6528
1.0 4.0 0.927819 16.6528
1.0 4.0 0.39435 16.6528
1.0 4.0 0.461387 16.6528
1.0 4.0 0.408617 16.6528
1.0 5.0 0.704374 16.6528
1.0 5.0 0.644943 16.6528
1.0 5.0 0.809555 16.6528
1.0 5.0 1.24381 16.6528
1.0 5.0 0.763133 16.6526
1.0 5.0 0.632966 16.6528
1.0 5.0 0.599208 16.6527
1.0 5.0 0.632293 16.6528
1.0 5.0 0.749104 16.6528
1.0 5.0 0.602136 16.6528
1.0 5.0 0.697923 16.6527
1.0 5.0 0.602752 16.6526
1.0 5.0 0.98245 16.6528
1.0 5.0 0.619223 16.6528
1.0 5.0 1.28545 16.6528
1.0 5.0 0.9304 16.6528
1.0 5.0 1.47777 16.6528
1.0 5.0 0.712564 16.6528
1.0 5.0 0.7216 16.6528
1.0 5.0 0.751149 16.6528
1.0 5.0 0.70599 16.6528
1.0 5.0 1.31963 16.6528
1.0 5.0 0.671246 16.6528
1.0 5.0 0.992921 16.6528
1.0 5.0 0.697742 16.6528
1.0 5.0 0.759537 16.6526
1.0 5.0 0.722598 16.6528
1.0 5.0 0.607715 16.6526
1.0 5.0 0.635978 16.6528
1.0 5.0 0.795222 16.6528
1.0 5.0 0.617172 16.6528
1.0 5.0 0.736803 16.6528
1.0 5.0 2.07309 16.6528
1.0 5.0 0.79968 16.6528
1.0 5.0 0.995015 16.6528
1.0 5.0 0.725918 16.6528
1.0 5.0 1.3285 16.6528
1.0 5.0 0.787068 16.6528
1.0 5.0 0.703453 16.6528
1.0 5.0 0.780143 16.6528
1.0 5.0 0.73515 16.6528
1.0 5.0 0.562171 16.6528
1.0 5.0 0.742169 16.6528
1.0 5.0 0.632422 16.6528
1.0 5.0 0.920634 16.6528
1.0 5.0 0.705489 16.6528
1.0 5.0 1.57949 16.6528
1.0 5.0 0.886958 16.6528
1.0 5.0 0.626959 16.6528
1.0 5.0 0.76217 16.6526
1.0 7.0 0.883668 16.6528
1.0 7.0 1.39109 16.6528
1.0 7.0 0.749523 16.6528
1.0 7.0 0.667285 16.6528
1.0 7.0 1.40372 16.6528
1.0 7.0 0.707322 16.6528
1.0 7.0 0.668636 16.6528
1.0 7.0 0.67296 16.6528
1.0 7.0 0.672938 16.6528
1.0 7.0 0.659704 16.6528
1.0 7.0 0.740169 16.6528
1.0 7.0 0.872893 16.6528
1.0 7.0 0.654348 16.6528
1.0 7.0 0.691454 16.6527
1.0 7.0 0.696771 16.6528
1.0 7.0 0.800531 16.6528
1.0 7.0 0.880047 16.6528
1.0 7.0 0.901536 16.6528
1.0 7.0 0.707686 16.6528
1.0 7.0 0.671046 16.6527
1.0 7.0 0.655903 16.6528
1.0 7.0 0.7363 16.6528
1.0 7.0 0.89259 16.6528
1.0 7.0 1.39715 16.6528
1.0 7.0 0.870143 16.6528
1.0 7.0 0.908573 16.6528
1.0 7.0 0.866205 16.6527
1.0 7.0 0.985871 16.6528
1.0 7.0 0.927915 16.6528
1.0 7.0 0.670727 16.6528
1.0 7.0 0.905273 16.6528
1.0 7.0 0.797167 16.6528
1.0 7.0 1.6019 16.6528
1.0 7.0 0.674491 16.6528
1.0 7.0 0.632485 16.6528
1.0 7.0 0.701255 16.6528
1.0 7.0 0.869836 16.6528
1.0 7.0 0.620477 16.6528
1.0 7.0 0.78215 16.6528
1.0 7.0 0.912641 16.6528
1.0 7.0 0.6783 16.6526
1.0 7.0 1.0083 16.6528
1.0 7.0 0.883824 16.6527
1.0 7.0 0.855676 16.6526
1.0 7.0 0.696812 16.6528
1.0 7.0 0.714056 16.6528
1.0 7.0 0.977005 16.6528
1.0 7.0 1.43142 16.6528
1.0 7.0 0.899699 16.6528
1.0 7.0 1.52404 16.6526
1.0 8.0 1.60836 16.6527
1.0 8.0 0.766313 16.6528
1.0 8.0 0.695368 16.6527
1.0 8.0 1.40058 16.6528
1.0 8.0 0.807411 16.6526
1.0 8.0 0.681903 16.6528
1.0 8.0 1.32493 16.6528
1.0 8.0 0.713867 16.6528
1.0 8.0 0.673355 16.6528
1.0 8.0 1.33235 16.6528
1.0 8.0 0.832295 16.6527
1.0 8.0 1.00892 16.6528
1.0 8.0 0.864473 16.6526
1.0 8.0 0.727764 16.6528
1.0 8.0 0.654736 16.6528
1.0 8.0 1.56267 16.6528
1.0 8.0 0.67135 16.6527
1.0 8.0 0.657554 16.6528
1.0 8.0 1.3501 16.6528
1.0 8.0 0.640561 16.6528
1.0 8.0 1.02914 16.6528
1.0 8.0 0.87163 16.6528
1.0 8.0 0.859545 16.6527
1.0 8.0 0.668886 16.6528
1.0 8.0 0.853096 16.6528
1.0 8.0 0.965492 16.6528
1.0 8.0 0.743826 16.6528
1.0 8.0 1.33497 16.6528
1.0 8.0 0.845304 16.6526
1.0 8.0 1.38543 16.6528
1.0 8.0 1.54576 16.6528
1.0 8.0 0.723902 16.6527
1.0 8.0 0.989467 16.6528
1.0 8.0 0.656503 16.6527
1.0 8.0 0.67593 16.6528
1.0 8.0 0.717845 16.6528
1.0 8.0 0.857699 16.6526
1.0 8.0 1.62284 16.6526
1.0 8.0 1.40777 16.6528
1.0 8.0 1.067 16.6528
1.0 8.0 0.703529 16.6528
1.0 8.0 1.34282 16.6528
1.0 8.0 0.679887 16.6528
1.0 8.0 0.753287 16.6528
1.0 8.0 0.833758 16.6526
1.0 8.0 1.39514 16.6528
1.0 8.0 0.681159 16.6528
1.0 8.0 0.833459 16.6527
1.0 8.0 0.741041 16.6528
1.0 8.0 0.832078 16.6528
1.0 9.0 1.03357 16.6528
1.0 9.0 1.03081 16.6528
1.0 9.0 0.879612 16.6527
1.0 9.0 0.925225 16.6528
1.0 9.0 1.26059 16.6527
1.0 9.0 0.99805 16.6528
1.0 9.0 0.884498 16.6528
1.0 9.0 0.948257 16.6528
1.0 9.0 1.68812 16.6526
1.0 9.0 0.923821 16.6528
1.0 9.0 0.931459 16.6528
1.0 9.0 1.22377 16.6528
1.0 9.0 1.16737 16.6527
1.0 9.0 1.05379 16.6528
1.0 9.0 1.17817 16.6527
1.0 9.0 1.22325 16.6527
1.0 9.0 0.919853 16.6528
1.0 9.0 0.992797 16.6528
1.0 9.0 0.92805 16.6528
1.0 9.0 1.25616 16.6528
1.0 9.0 1.05415 16.6528
1.0 9.0 0.918302 16.6528
1.0 9.0 0.955884 16.6528
1.0 9.0 0.930112 16.6528
1.0 9.0 1.03207 16.6528
1.0 9.0 1.177 16.6526
1.0 9.0 0.754315 16.6527
1.0 9.0 0.972375 16.6528
1.0 9.0 0.763475 16.6528
1.0 9.0 1.05262 16.6528
1.0 9.0 1.01529 16.6528
1.0 9.0 0.954115 16.6528
1.0 9.0 0.942749 16.6528
1.0 9.0 0.931905 16.6527
1.0 9.0 1.5905 16.6526
1.0 9.0 0.957839 16.6528
1.0 9.0 0.99825 16.6528
1.0 9.0 0.765397 16.6528
1.0 9.0 1.01486 16.6528
1.0 9.0 0.882758 16.6527
1.0 9.0 0.943329 16.6528
1.0 9.0 1.27363 16.6528
1.0 9.0 1.02454 16.6527
1.0 9.0 1.23325 16.6526
1.0 9.0 0.954645 16.6528
1.0 9.0 1.04656 16.6528
1.0 9.0 0.876741 16.6528
1.0 9.0 0.960231 16.6528
1.0 9.0 0.745631 16.6528
1.0 9.0 1.21045 16.6527
1.0 15.0 0.944416 16.6528
1.0 15.0 0.935027 16.6527
1.0 15.0 0.9082 16.6528
1.0 15.0 1.28451 16.6526
1.0 15.0 0.929554 16.6528
1.0 15.0 1.25135 16.6526
1.0 15.0 1.19596 16.6526
1.0 15.0 1.36019 16.6528
1.0 15.0 0.885778 16.6528
1.0 15.0 1.22319 16.6526
1.0 15.0 1.16284 16.6526
1.0 15.0 1.3887 16.6528
1.0 15.0 0.899377 16.6528
1.0 15.0 1.17567 16.6527
1.0 15.0 1.39834 16.6528
1.0 15.0 0.830869 16.6527
1.0 15.0 0.904579 16.6528
1.0 15.0 1.34293 16.6528
1.0 15.0 1.27231 16.6527
1.0 15.0 1.17211 16.6526
1.0 15.0 0.823107 16.6528
1.0 15.0 0.882885 16.6527
1.0 15.0 1.28763 16.6527
1.0 15.0 1.31015 16.6528
1.0 15.0 0.946341 16.6528
1.0 15.0 1.15953 16.6528
1.0 15.0 0.92956 16.6528
1.0 15.0 1.31054 16.6528
1.0 15.0 1.15364 16.6528
1.0 15.0 1.3494 16.6528
1.0 15.0 1.32715 16.6528
1.0 15.0 1.14008 16.6527
1.0 15.0 0.911818 16.6528
1.0 15.0 1.37387 16.6528
1.0 15.0 1.18228 16.6528
1.0 15.0 1.33831 16.6528
1.0 15.0 0.892464 16.6527
1.0 15.0 0.986668 16.6527
1.0 15.0 0.894542 16.6527
1.0 15.0 1.16127 16.6528
1.0 15.0 1.1459 16.6526
1.0 15.0 0.916772 16.6528
1.0 15.0 0.832105 16.6528
1.0 15.0 0.880013 16.6528
1.0 15.0 0.825219 16.6528
1.0 15.0 0.95869 16.6526
1.0 15.0 1.35068 16.6528
1.0 15.0 0.843225 16.6528
1.0 15.0 0.933451 16.6528
1.0 15.0 1.36747 16.6526
1.0 16.0 0.931508 16.6528
1.0 16.0 0.805394 16.6528
1.0 16.0 0.896704 16.6528
1.0 16.0 0.895581 16.6528
1.0 16.0 1.30846 16.6528
1.0 16.0 1.28997 16.6528
1.0 16.0 1.30448 16.6526
1.0 16.0 0.958038 16.6528
1.0 16.0 0.922312 16.6528
1.0 16.0 1.03344 16.6527
1.0 16.0 1.34067 16.6528
1.0 16.0 1.32708 16.6528
1.0 16.0 0.890474 16.6526
1.0 16.0 1.07984 16.6528
1.0 16.0 1.56366 16.6528
1.0 16.0 1.38418 16.6528
1.0 16.0 1.07349 16.6528
1.0 16.0 0.822178 16.6528
1.0 16.0 0.819574 16.6527
1.0 16.0 1.27858 16.6528
1.0 16.0 0.811718 16.6528
1.0 16.0 0.813804 16.6528
1.0 16.0 0.935 16.6526
1.0 16.0 1.38328 16.6528
1.0 16.0 1.37054 16.6527
1.0 16.0 1.54128 16.6528
1.0 16.0 0.940877 16.6528
1.0 16.0 1.06382 16.6528
1.0 16.0 1.05523 16.6528
1.0 16.0 0.862996 16.6528
1.0 16.0 0.94809 16.6528
1.0 16.0 1.32078 16.6527
1.0 16.0 1.04955 16.6528
1.0 16.0 1.54403 16.6528
1.0 16.0 0.953773 16.6526
1.0 16.0 0.887542 16.6527
1.0 16.0 0.953621 16.6528
1.0 16.0 0.81297 16.6527
1.0 16.0 1.40385 16.6528
1.0 16.0 1.07987 16.6528
1.0 16.0 0.953648 16.6527
1.0 16.0 0.963864 16.6526
1.0 16.0 0.928663 16.6526
1.0 16.0 1.45764 16.6527
1.0 16.0 1.51211 16.6528
1.0 16.0 0.816159 16.6528
1.0 16.0 0.928308 16.6527
1.0 16.0 0.949837 16.6526
1.0 16.0 1.34375 16.6527
1.0 16.0 0.932336 16.6528
1.0 17.0 0.998947 16.6528
1.0 17.0 0.907286 16.6528
1.0 17.0 0.910698 16.6528
1.0 17.0 1.39111 16.6528
1.0 17.0 0.990564 16.6528
1.0 17.0 0.977333 16.6527
1.0 17.0 1.0237 16.6528
1.0 17.0 0.936876 16.6527
1.0 17.0 1.25727 16.6528
1.0 17.0 0.999277 16.6528
1.0 17.0 0.901485 16.6527
1.0 17.0 0.893133 16.6527
1.0 17.0 0.903986 16.6528
1.0 17.0 0.936218 16.6528
1.0 17.0 0.998236 16.6528
1.0 17.0 0.908771 16.6528
1.0 17.0 0.923323 16.6528
1.0 17.0 0.969384 16.6528
1.0 17.0 0.923462 16.6528
1.0 17.0 0.999553 16.6528
1.0 17.0 0.957895 16.6528
1.0 17.0 1.36177 16.6528
1.0 17.0 1.40652 16.6527
1.0 17.0 0.871259 16.6528
1.0 17.0 0.888996 16.6527
1.0 17.0 0.980395 16.6528
1.0 17.0 0.86631 16.6528
1.0 17.0 0.933304 16.6528
1.0 17.0 0.922204 16.6526
1.0 17.0 0.94137 16.6528
1.0 17.0 1.01277 16.6528
1.0 17.0 0.945361 16.6528
1.0 17.0 1.35868 16.6527
1.0 17.0 1.26617 16.6528
1.0 17.0 1.22971 16.6528
1.0 17.0 1.00169 16.6527
1.0 17.0 1.00158 16.6528
1.0 17.0 1.02686 16.6528
1.0 17.0 1.15044 16.6528
1.0 17.0 1.28602 16.6527
1.0 17.0 1.4104 16.6528
1.0 17.0 0.981699 16.6528
1.0 17.0 0.910138 16.6528
1.0 17.0 1.30064 16.6528
1.0 17.0 0.958203 16.6528
1.0 17.0 1.43396 16.6528
1.0 17.0 1.00177 16.6528
1.0 17.0 0.979087 16.6528
1.0 17.0 1.27739 16.6527
1.0 17.0 0.939049 16.6527
1.0 31.0 1.02538 16.6528
1.0 31.0 1.24974 16.6526
1.0 31.0 1.49017 16.6528
1.0 31.0 1.02119 16.6528
1.0 31.0 1.37128 16.6527
1.0 31.0 0.993572 16.6528
1.0 31.0 1.45144 16.6527
1.0 31.0 1.00466 16.6528
1.0 31.0 1.41413 16.6528
1.0 31.0 1.29849 16.6528
1.0 31.0 1.33077 16.6526
1.0 31.0 0.993719 16.6528
1.0 31.0 1.25846 16.6528
1.0 31.0 1.39705 16.6527
1.0 31.0 0.996888 16.6528
1.0 31.0 1.33128 16.6528
1.0 31.0 1.39196 16.6527
1.0 31.0 1.27221 16.6528
1.0 31.0 1.56005 16.6528
1.0 31.0 1.31697 16.6528
1.0 31.0 1.3351 16.6528
1.0 31.0 1.29481 16.6526
1.0 31.0 1.30505 16.6528
1.0 31.0 1.28581 16.6528
1.0 31.0 0.995697 16.6528
1.0 31.0 1.38638 16.6526
1.0 31.0 1.27908 16.6528
1.0 31.0 1.24876 16.6528
1.0 31.0 1.42984 16.6527
1.0 31.0 1.4067 16.6528
1.0 31.0 1.2705 16.6528
1.0 31.0 1.35517 16.6528
1.0 31.0 1.0222 16.6528
1.0 31.0 1.38202 16.6526
1.0 31.0 1.36462 16.6528
1.0 31.0 1.56133 16.6528
1.0 31.0 1.29192 16.6527
1.0 31.0 1.01765 16.6528
1.0 31.0 1.57028 16.6527
1.0 31.0 0.993758 16.6528
1.0 31.0 1.27367 16.6527
1.0 31.0 1.31806 16.6528
1.0 31.0 1.31785 16.6528
1.0 31.0 1.28872 16.6528
1.0 31.0 0.988666 16.6527
1.0 31.0 1.53732 16.6527
1.0 31.0 1.42043 16.6528
1.0 31.0 1.28141 16.6526
1.0 31.0 1.40917 16.6527
1.0 31.0 1.29302 16.6526
1.0 32.0 0.931175 16.6528
1.0 32.0 1.3668 16.6528
1.0 32.0 0.940558 16.6528
1.0 32.0 1.36345 16.6528
1.0 32.0 1.34133 16.6528
1.0 32.0 1.61152 16.6528
1.0 32.0 1.30674 16.6528
1.0 32.0 1.2935 16.6528
1.0 32.0 1.2857 16.6527
1.0 32.0 1.41966 16.6528
1.0 32.0 1.36414 16.6528
1.0 32.0 0.902156 16.6527
1.0 32.0 1.33219 16.6528
1.0 32.0 0.934791 16.6526
1.0 32.0 1.47375 16.6528
1.0 32.0 0.955732 16.6526
1.0 32.0 1.34154 16.6526
1.0 32.0 1.34792 16.6528
1.0 32.0 1.34598 16.6527
1.0 32.0 1.38852 16.6526
1.0 32.0 0.911105 16.6528
1.0 32.0 1.57454 16.6528
1.0 32.0 1.33869 16.6528
1.0 32.0 1.3473 16.6528
1.0 32.0 1.37521 16.6528
1.0 32.0 1.41379 16.6526
1.0 32.0 1.54734 16.6527
1.0 32.0 1.53711 16.6527
1.0 32.0 1.35356 16.6526
1.0 32.0 0.94861 16.6526
1.0 32.0 1.30296 16.6526
1.0 32.0 1.25611 16.6528
1.0 32.0 1.35131 16.6528
1.0 32.0 1.28413 16.6528
1.0 32.0 0.934646 16.6528
1.0 32.0 0.955249 16.6528
1.0 32.0 1.51413 16.6528
1.0 32.0 0.90993 16.6528
1.0 32.0 1.24704 16.6526
1.0 32.0 1.55777 16.6528
1.0 32.0 1.22654 16.6528
1.0 32.0 1.49669 16.6528
1.0 32.0 1.23281 16.6528
1.0 32.0 0.901403 16.6528
1.0 32.0 1.67879 16.6528
1.0 32.0 1.39906 16.6528
1.0 32.0 1.51723 16.6528
1.0 32.0 0.95101 16.6528
1.0 32.0 1.30124 16.6528
1.0 32.0 1.41868 16.6528
1.0 33.0 1.03586 16.6528
1.0 33.0 1.05878 16.6528
1.0 33.0 1.0329 16.6528
1.0 33.0 1.07011 16.6528
1.0 33.0 1.01013 16.6528
1.0 33.0 1.04621 16.6527
1.0 33.0 1.0473 16.6527
1.0 33.0 1.34589 16.6528
1.0 33.0 1.06366 16.6527
1.0 33.0 1.06056 16.6528
1.0 33.0 1.25912 16.6528
1.0 33.0 1.07221 16.6528
1.0 33.0 1.00652 16.6528
1.0 33.0 1.06316 16.6527
1.0 33.0 1.05448 16.6528
1.0 33.0 1.03823 16.6528
1.0 33.0 1.03583 16.6528
1.0 33.0 1.03983 16.6527
1.0 33.0 1.04659 16.6528
1.0 33.0 1.04029 16.6528
1.0 33.0 1.04857 16.6526
1.0 33.0 0.974283 16.6527
1.0 33.0 1.04051 16.6527
1.0 33.0 1.06165 16.6528
1.0 33.0 1.0559 16.6527
1.0 33.0 1.11732 16.6528
1.0 33.0 1.04923 16.6528
1.0 33.0 1.02849 16.6528
1.0 33.0 1.05847 16.6527
1.0 33.0 1.04236 16.6528
1.0 33.0 1.04444 16.6527
1.0 33.0 1.03489 16.6528
1.0 33.0 1.03224 16.6528
1.0 33.0 1.03364 16.6527
1.0 33.0 1.03877 16.6528
1.0 33.0 1.04872 16.6528
1.0 33.0 0.982715 16.6526
1.0 33.0 1.052 16.6527
1.0 33.0 1.06029 16.6528
1.0 33.0 1.05596 16.6528
1.0 33.0 1.02802 16.6528
1.0 33.0 1.03804 16.6528
1.0 33.0 1.08307 16.6528
1.0 33.0 1.228 16.6528
1.0 33.0 1.0427 16.6527
1.0 33.0 1.04371 16.6528
1.0 33.0 1.0379 16.6526
1.0 33.0 1.03498 16.6528
1.0 33.0 1.04564 16.6526
1.0 33.0 1.04723 16.6526
2.0 3.0 0.742639 -2.55307e-08
2.0 3.0 0.810915 -4.43116e-10
2.0 3.0 1.07433 -2.79969e-18
2.0 3.0 1.09636 -1.87844e-13
2.0 3.0 0.457537 -3.48092e-11
2.0 3.0 0.720878 -6.89418e-10
2.0 3.0 1.08129 -7.8024e-10
2.0 3.0 0.726201 -2.8231e-07
2.0 3.0 0.453557 -4.22321e-10
2.0 3.0 0.395912 -1.01442e-10
2.0 3.0 0.772628 -1.11271e-10
2.0 3.0 0.38512 -1.49228e-08
2.0 3.0 0.721396 -3.07985e-08
2.0 3.0 0.4934 -1.60788e-09
2.0 3.0 0.785963 -2.73649e-10
2.0 3.0 1.1073 -9.7146e-10
2.0 3.0 0.768092 -7.64122e-09
2.0 3.0 0.472038 -3.70263e-11
2.0 3.0 1.19767 -5.1233e-11
2.0 3.0 0.749667 -6.01229e-11
2.0 3.0 1.14025 -6.16402e-09
2.0 3.0 1.00056 -1.78176e-09
2.0 3.0 1.07166 -4.26866e-09
2.0 3.0 0.439185 -3.07375e-10
2.0 3.0 0.991234 -6.79828e-11
2.0 3.0 0.433269 -8.96866e-10
2.0 3.0 0.474463 -2.14032e-10
2.0 3.0 1.00819 -1.33182e-11
2.0 3.0 1.02278 -1.00297e-09
2.0 3.0 0.409253 -1.41945e-08
2.0 3.0 0.475392 -4.36423e-10
2.0 3.0 0.473976 -8.47357e-09
2.0 3.0 0.794181 -1.24266e-10
2.0 3.0 0.818249 -4.03409e-11
2.0 3.0 0.43306 -1.92939e-07
2.0 3.0 1.09938 -8.49894e-09
2.0 3.0 0.47233 -2.1706e-08
2.0 3.0 1.35955 -8.03341e-10
2.0 3.0 0.747937 -3.5434e-09
2.0 3.0 0.769013 -1.26841e-08
2.0 3.0 0.911971 -4.18665e-11
2.0 3.0 1.80296 -1.14745e-11
2.0 3.0 0.420359 -4.28804e-11
2.0 3.0 0.782793 -1.28004e-08
2.0 3.0 0.9853 -1.80348e-08
2.0 3.0 1.10628 -1.00962e-09
2.0 3.0 1.01091 -2.58863e-10
2.0 3.0 0.767689 -1.86084e-10
2.0 3.0 0.753178 -2.41293e-10
2.0 3.0 1.06281 -1.94152e-10
2.0 4.0 1.07892 -2.74183e-09
2.0 4.0 0.452549 -3.9658e-10
2.0 4.0 0.328485 -8.2497e-08
2.0 4.0 0.351542 -6.74541e-08
2.0 4.0 0.645825 -1.55002e-07
2.0 4.0 0.821965 -1.05022e-08
2.0 4.0 0.344635 -3.43835e-07
2.0 4.0 0.429148 -6.11751e-09
2.0 4.0 0.832623 -4.78902e-09
2.0 4.0 1.02368 -3.02136e-10
2.0 4.0 0.581027 -5.00729e-10
2.0 4.0 0.363086 -2.41657e-09
2.0 4.0 0.916775 -2.09442e-10
2.0 4.0 1.01432 -4.94604e-09
2.0 4.0 0.682993 -1.45767e-07
2.0 4.0 0.448013 -9.62081e-10
2.0 4.0 0.829758 -2.23978e-08
2.0 4.0 0.963073 -1.40435e-10
2.0 4.0 0.618043 -1.50233e-08
2.0 4.0 0.895322 -4.36574e-09
2.0 4.0 0.935229 -1.41475e-07
2.0 4.0 0.333541 -3.54199e-11
2.0 4.0 1.38421 -5.2721e-09
2.0 4.0 0.411558 -1.59945e-09
2.0 4.0 0.831389 -4.68276e-09
2.0 4.0 0.45448 -2.64072e-10
2.0 4.0 0.71374 -8.17297e-10
2.0 4.0 0.94367 -1.68586e-09
2.0 4.0 0.449865 -1.6212e-10
2.0 4.0 1.49351 -4.43396e-08
2.0 4.0 0.370589 -3.34986e-13
2.0 4.0 0.693746 -1.43517e-08
2.0 4.0 0.447832 -1.84397e-09
2.0 4.0 1.1021 -6.16239e-09
2.0 4.0 0.33846 -2.98187e-09
2.0 4.0 0.747782 -1.4865e-09
2.0 4.0 0.788744 -5.52325e-09
2.0 4.0 0.340418 -2.28642e-08
2.0 4.0 1.10209 -5.58002e-09
2.0 4.0 0.663245 -8.31146e-09
2.0 4.0 0.998938 -7.22366e-09
2.0 4.0 0.901223 -1.16714e-08
2.0 4.0 0.875673 -3.59799e-09
2.0 4.0 0.567974 -1.59394e-11
2.0 4.0 1.42169 -6.3227e-09
2.0 4.0 0.795612 -2.75452e-10
2.0 4.0 0.808893 -2.49828e-07
2.0 4.0 0.40843 -5.65017e-11
2.0 4.0 1.09087 -9.82882e-13
2.0 4.0 0.436385 -3.9757e-11
2.0 5.0 0.605072 -2.84946e-08
2.0 5.0 0.686313 -3.6791e-09
2.0 5.0 0.854846 -1.73069e-08
2.0 5.0 0.97702 -6.9144e-08
2.0 5.0 0.744232 -5.66547e-10
2.0 5.0 0.690756 -2.15821e-09
2.0 5.0 0.751568 -1.70945e-07
2.0 5.0 0.834863 -4.95129e-11
2.0 5.0 0.586058 -1.30084e-08
2.0 5.0 0.711661 -3.36655e-08
2.0 5.0 0.605524 -3.10542e-10
2.0 5.0 0.887958 -5.52933e-11
2.0 5.0 0.743157 -2.04374e-07
2.0 5.0 0.594265 -4.26839e-10
2.0 5.0 0.610909 -1.25364e-10
2.0 5.0 0.717323 -1.22856e-09
2.0 5.0 0.812883 -5.12218e-09
2.0 5.0 1.51601 -6.42862e-09
2.0 5.0 1.79621 -4.21734e-10
2.0 5.0 0.851234 -7.29385e-10
2.0 5.0 0.617604 -3.66775e-09
2.0 5.0 0.61814 -3.70274e-10
2.0 5.0 0.668723 -2.52658e-08
2.0 5.0 0.750471 -1.13416e-09
2.0 5.0 1.45462 -3.01662e-10
2.0 5.0 0.686801 -1.67037e-07
2.0 5.0 0.698272 -1.18548e-11
2.0 5.0 0.68974 -9.56665e-10
2.0 5.0 0.579035 -2.16432e-07
2.0 5.0 0.929329 -2.80322e-09
2.0 5.0 1.43819 -1.72369e-10
2.0 5.0 0.657304 -4.0648e-10
2.0 5.0 0.891899 -8.13441e-08
2.0 5.0 0.701342 -7.05529e-10
2.0 5.0 0.611518 -7.87019e-08
2.0 5.0 0.565278 -2.4836e-09
2.0 5.0 2.06559 -5.62126e-09
2.0 5.0 1.24897 -9.94126e-09
2.0 5.0 0.596626 -7.6205e-09
2.0 5.0 0.710018 -1.01944e-09
2.0 5.0 0.70388 -3.07705e-10
2.0 5.0 0.810539 -5.74803e-10
2.0 5.0 0.61648 -4.98504e-08
2.0 5.0 0.587035 -3.1138e-09
2.0 5.0 0.585198 -1.26674e-09
2.0 5.0 0.786168 -7.82679e-09
2.0 5.0 0.599754 -3.84463e-09
2.0 5.0 1.38155 -9.90449e-08
2.0 5.0 0.715475 -6.3387e-09
2.0 5.0 0.737221 -6.7328e-10
2.0 7.0 0.649898 -2.77709e-08
2.0 7.0 0.630325 -4.84802e-09
2.0 7.0 1.61477 -2.17206e-07
2.0 7.0 0.658104 -7.80641e-08
2.0 7.0 1.58561 -1.6304e-09
2.0 7.0 0.97171 -4.57512e-09
2.0 7.0 0.591717 -4.10764e-10
2.0 7.0 0.660333 -1.50726e-08
2.0 7.0 0.796186 -3.03102e-09
2.0 7.0 0.829615 -6.53823e-08
2.0 7.0 0.661391 -4.0321e-09
2.0 7.0 0.738657 -2.46185e-09
2.0 7.0 1.31994 -1.48916e-08
2.0 7.0 0.621027 -1.11353e-07
2.0 7.0 0.636075 -1.04574e-07
2.0 7.0 0.84262 -1.26239e-08
2.0 7.0 0.794992 -3.69021e-07
2.0 7.0 0.646804 -1.91168e-08
2.0 7.0 0.822599 -1.23377e-08
2.0 7.0 0.642068 -7.47542e-10
2.0 7.0 0.829424 -3.46333e-07
2.0 7.0 1.61789 -1.30349e-09
2.0 7.0 0.670859 -1.45248e-07
2.0 7.0 0.782314 -1.44437e-09
2.0 7.0 1.57424 -5.68361e-08
2.0 7.0 0.637253 -6.67497e-08
2.0 7.0 0.975667 -2.40344e-07
2.0 7.0 0.817707 -3.03249e-10
2.0 7.0 0.64663 -1.41356e-08
2.0 7.0 0.829503 -1.14556e-09
2.0 7.0 0.659029 -2.77996e-10
2.0 7.0 0.617521 -3.727e-09
2.0 7.0 0.605562 -9.98129e-10
2.0 7.0 1.58389 -2.89498e-08
2.0 7.0 0.611063 -3.92502e-08
2.0 7.0 0.647455 -1.38245e-07
2.0 7.0 0.930182 -1.17281e-07
2.0 7.0 0.628681 -2.98504e-09
2.0 7.0 0.847981 -1.50242e-09
2.0 7.0 0.764631 -3.8586e-09
2.0 7.0 0.795393 -1.70428e-08
2.0 7.0 0.64774 -1.53591e-08
2.0 7.0 0.790215 -4.47246e-08
2.0 7.0 0.786686 -2.33493e-08
2.0 7.0 0.946977 -8.91304e-10
2.0 7.0 0.810415 -2.16432e-07
2.0 7.0 0.661626 -2.11498e-09
2.0 7.0 0.794337 -1.25998e-09
2.0 7.0 0.805595 -1.08848e-07
2.0 7.0 0.936468 -1.37506e-09
2.0 8.0 1.65526 -2.23542e-08
2.0 8.0 0.653154 -4.23882e-08
2.0 8.0 0.905569 -3.49015e-08
2.0 8.0 0.68723 -2.91808e-10
2.0 8.0 1.17962 -5.57047e-08
2.0 8.0 0.843011 -2.16432e-07
2.0 8.0 0.633261 -5.95005e-10
2.0 8.0 1.30928 -5.5002e-12
2.0 8.0 0.77501 -3.99893e-09
2.0 8.0 1.32354 -4.70473e-09
2.0 8.0 0.674984 -7.39117e-10
2.0 8.0 0.646275 -2.36388e-11
2.0 8.0 1.3132 -1.52092e-09
2.0 8.0 0.630074 -3.42502e-08
2.0 8.0 0.641765 -5.75638e-08
2.0 8.0 0.656515 -1.65744e-08
2.0 8.0 0.616208 -2.85289e-10
2.0 8.0 1.35694 -3.05117e-12
2.0 8.0 1.19775 -4.30196e-08
2.0 8.0 1.65035 -7.52909e-08
2.0 8.0 0.659132 -1.66537e-10
2.0 8.0 0.639089 -1.54743e-09
2.0 8.0 0.6247 -3.11704e-09
2.0 8.0 0.685866 -4.76127e-12
2.0 8.0 0.823382 -1.04815e-07
2.0 8.0 1.00184 -2.45049e-09
2.0 8.0 0.881901 -2.16432e-07
2.0 8.0 1.64096 -2.91264e-10
2.0 8.0 0.908567 -6.64885e-15
2.0 8.0 0.842015 -5.93057e-09
2.0 8.0 0.849084 -7.10767e-09
2.0 8.0 1.5947 -8.92396e-08
2.0 8.0 0.67837 -2.77718e-09
2.0 8.0 0.657444 -1.93254e-07
2.0 8.0 1.54831 -3.5405e-08
2.0 8.0 0.593511 -2.07765e-09
2.0 8.0 1.1856 -9.22844e-08
2.0 8.0 0.836996 -5.41483e-08
2.0 8.0 0.822379 -1.54446e-08
2.0 8.0 1.15737 -3.36768e-08
2.0 8.0 0.695133 -8.77495e-11
2.0 8.0 0.797224 -7.31719e-10
2.0 8.0 1.33969 -7.6622e-11
2.0 8.0 1.60591 -1.5649e-08
2.0 8.0 0.910117 -2.32325e-08
2.0 8.0 1.32086 -2.6686e-09
2.0 8.0 0.704551 -2.15848e-10
2.0 8.0 0.652507 -1.37689e-07
2.0 8.0 0.728382 -7.92337e-09
2.0 8.0 0.98403 -1.74758e-11
2.0 9.0 1.01985 -3.16035e-10
2.0 9.0 0.957749 -3.66137e-11
2.0 9.0 1.05431 -1.71209e-09
2.0 9.0 0.912978 -3.68961e-11
2.0 9.0 0.948856 -3.46181e-09
2.0 9.0 0.760309 -2.78384e-07
2.0 9.0 0.98518 -1.21917e-09
2.0 9.0 0.743667 -9.22554e-09
2.0 9.0 1.32074 -1.19626e-08
2.0 9.0 0.952404 -6.24352e-10
2.0 9.0 0.907498 -3.55664e-11
2.0 9.0 1.49205 -1.34167e-10
2.0 9.0 0.892906 -1.44317e-12
2.0 9.0 0.917376 -1.35031e-10
2.0 9.0 0.941481 -1.28549e-12
2.0 9.0 1.056 -5.74893e-09
2.0 9.0 0.946208 -1.43511e-08
2.0 9.0 1.7776 -3.69749e-08
2.0 9.0 0.913163 -4.75545e-08
2.0 9.0 0.756162 -6.07768e-10
2.0 9.0 1.75077 -3.22907e-10
2.0 9.0 1.00464 -1.57736e-10
2.0 9.0 0.866667 -1.25594e-07
2.0 9.0 0.914879 -1.78682e-09
2.0 9.0 1.1745 -2.04584e-07
2.0 9.0 1.04134 -1.33874e-10
2.0 9.0 0.887463 -1.70939e-11
2.0 9.0 0.919417 -8.89604e-10
2.0 9.0 1.20306 -1.4335e-09
2.0 9.0 0.903294 -3.00881e-08
2.0 9.0 0.924687 -1.85588e-07
2.0 9.0 0.92017 -1.15568e-08
2.0 9.0 1.25718 -2.04409e-07
2.0 9.0 0.761848 -5.14156e-10
2.0 9.0 0.883509 -3.74685e-13
2.0 9.0 1.28162 -6.44527e-10
2.0 9.0 1.38077 -4.58147e-10
2.0 9.0 0.905471 -1.81332e-10
2.0 9.0 0.850614 -1.48402e-09
2.0 9.0 1.16171 -1.27011e-07
2.0 9.0 1.70054 -1.27602e-09
2.0 9.0 1.00219 -2.40028e-11
2.0 9.0 1.313 -3.87583e-08
2.0 9.0 0.924914 -5.73818e-09
2.0 9.0 0.928626 -2.64764e-10
2.0 9.0 0.890143 -3.05345e-10
2.0 9.0 0.913206 -1.59829e-08
2.0 9.0 1.06326 -9.70338e-10
2.0 9.0 1.72486 -1.81331e-08
2.0 9.0 0.738721 -5.63473e-09
2.0 15.0 1.02337 -1.3648e-07
2.0 15.0 0.841136 -6.54613e-09
2.0 15.0 0.918988 -2.54997e-08
2.0 15.0 0.780525 -2.13885e-07
2.0 15.0 0.810026 -7.39527e-10
2.0 15.0 1.30951 -3.46412e-10
2.0 15.0 1.26543 -3.44197e-10
2.0 15.0 0.946915 -4.931e-09
2.0 15.0 1.16678 -6.81309e-09
2.0 15.0 1.39615 -8.03618e-10
2.0 15.0 0.889843 -5.02137e-10
2.0 15.0 0.888722 -8.89396e-08
2.0 15.0 1.33913 -1.75092e-09
2.0 15.0 0.999147 -3.87501e-08
2.0 15.0 0.999948 -7.07035e-10
2.0 15.0 1.00094 -2.24615e-08
2.0 15.0 1.31853 -2.78575e-08
2.0 15.0 0.802069 -1.21917e-08
2.0 15.0 0.92361 -2.84287e-11
2.0 15.0 1.36482 -2.19588e-10
2.0 15.0 1.29732 -1.23542e-09
2.0 15.0 1.38224 -1.2118e-07
2.0 15.0 1.17112 -9.08392e-10
2.0 15.0 0.884486 -7.68181e-11
2.0 15.0 1.27869 -3.41527e-08
2.0 15.0 0.814617 -2.43038e-09
2.0 15.0 1.03033 -3.02196e-08
2.0 15.0 0.817304 -5.53235e-11
2.0 15.0 0.913769 -8.71899e-08
2.0 15.0 1.31243 -3.96419e-11
2.0 15.0 1.05629 -6.7694e-09
2.0 15.0 0.877821 -5.49409e-11
2.0 15.0 0.95366 -3.08196e-08
2.0 15.0 0.868822 -2.05725e-09
2.0 15.0 1.48231 -1.78818e-07
2.0 15.0 0.776439 -2.56121e-09
2.0 15.0 1.42152 -1.24784e-07
2.0 15.0 0.927015 -3.31061e-09
2.0 15.0 1.34291 -4.23655e-08
2.0 15.0 1.24083 -1.08603e-07
2.0 15.0 0.921276 -1.18393e-08
2.0 15.0 0.811496 -4.63041e-09
2.0 15.0 1.33394 -5.76681e-08
2.0 15.0 0.922538 -3.1338e-13
2.0 15.0 1.18784 -3.19767e-08
2.0 15.0 1.35929 -3.10835e-10
2.0 15.0 1.31183 -1.74813e-07
2.0 15.0 0.901118 -1.04468e-09
2.0 15.0 0.988147 -5.39569e-08
2.0 15.0 1.29205 -2.16432e-07
2.0 16.0 0.912318 -5.53924e-08
2.0 16.0 1.53128 -6.38308e-11
2.0 16.0 0.942017 -3.73954e-09
2.0 16.0 0.837053 -2.73856e-09
2.0 16.0 1.36096 -5.16645e-10
2.0 16.0 0.895894 -6.47577e-09
2.0 16.0 0.973616 -5.50486e-09
2.0 16.0 1.03909 -2.59441e-10
2.0 16.0 1.25875 -6.72105e-08
2.0 16.0 1.36829 -2.07983e-10
2.0 16.0 0.993284 -1.9783e-08
2.0 16.0 1.29347 -1.52625e-09
2.0 16.0 1.31678 -6.15017e-13
2.0 16.0 1.05812 -4.59207e-10
2.0 16.0 0.843378 -1.04287e-08
2.0 16.0 1.2442 -1.33715e-08
2.0 16.0 1.37244 -2.85448e-09
2.0 16.0 1.0763 -3.81578e-10
2.0 16.0 0.895371 -2.452e-08
2.0 16.0 1.41423 -2.16432e-07
2.0 16.0 0.831021 -9.10643e-09
2.0 16.0 0.917447 -5.19195e-10
2.0 16.0 1.50099 -3.323e-11
2.0 16.0 0.946266 -2.41614e-09
2.0 16.0 1.27064 -1.48535e-07
2.0 16.0 1.32017 -8.39681e-10
2.0 16.0 0.910547 -4.47352e-08
2.0 16.0 1.32469 -2.07172e-07
2.0 16.0 1.27744 -4.68607e-08
2.0 16.0 1.33384 -5.04018e-08
2.0 16.0 0.876979 -5.76922e-09
2.0 16.0 1.52824 -4.47497e-12
2.0 16.0 1.32201 -6.34529e-10
2.0 16.0 1.55547 -1.06661e-13
2.0 16.0 0.839002 -3.49783e-09
2.0 16.0 0.952549 -1.01887e-08
2.0 16.0 1.0651 -3.91208e-09
2.0 16.0 1.56223 -3.23922e-11
2.0 16.0 0.932118 -4.63479e-10
2.0 16.0 0.993196 -3.00749e-09
2.0 16.0 0.918985 -2.71928e-08
2.0 16.0 0.839255 -1.53888e-07
2.0 16.0 1.23315 -8.32188e-08
2.0 16.0 0.835771 -8.75582e-08
2.0 16.0 1.31622 -1.28558e-08
2.0 16.0 1.06611 -3.59563e-10
2.0 16.0 0.884492 -4.91052e-09
2.0 16.0 1.28607 -2.56224e-10
2.0 16.0 1.32532 -1.60295e-09
2.0 16.0 1.01646 -4.23143e-08
2.0 17.0 0.940908 -5.70767e-08
2.0 17.0 0.926354 -4.18445e-08
2.0 17.0 1.29937 -4.31651e-08
2.0 17.0 1.03533 -2.01822e-07
2.0 17.0 0.852399 -2.59651e-08
2.0 17.0 1.38628 -1.0533e-08
2.0 17.0 0.937438 -1.37789e-07
2.0 17.0 1.18948 -1.39857e-08
2.0 17.0 0.936446 -9.4858e-09
2.0 17.0 0.974777 -2.35528e-09
2.0 17.0 0.908222 -1.36561e-07
2.0 17.0 0.921728 -3.98183e-10
2.0 17.0 0.969032 -1.86148e-08
2.0 17.0 1.015 -6.89176e-09
2.0 17.0 0.981137 -8.94914e-08
2.0 17.0 1.40482 -5.62588e-09
2.0 17.0 0.938443 -3.57203e-10
2.0 17.0 0.95517 -1.82037e-08
2.0 17.0 1.38904 -1.64428e-07
2.0 17.0 1.22602 -2.04469e-09
2.0 17.0 0.941883 -1.63672e-08
2.0 17.0 1.32765 -3.99819e-12
2.0 17.0 0.971725 -2.97101e-10
2.0 17.0 1.39158 -5.51464e-10
2.0 17.0 1.45558 -8.73175e-12
2.0 17.0 0.937609 -3.78961e-09
2.0 17.0 1.36135 -3.16901e-10
2.0 17.0 0.826605 -4.97013e-08
2.0 17.0 0.939873 -3.18708e-08
2.0 17.0 0.935302 -5.90117e-10
2.0 17.0 0.856583 -1.18361e-10
2.0 17.0 0.935525 -4.3309e-08
2.0 17.0 0.928596 -3.69065e-09
2.0 17.0 1.39919 -2.16432e-07
2.0 17.0 1.37031 -1.00735e-08
2.0 17.0 0.932351 -7.48674e-11
2.0 17.0 1.00423 -6.38875e-08
2.0 17.0 1.01023 -2.75068e-10
2.0 17.0 1.04979 -1.8011e-09
2.0 17.0 1.03045 -4.41305e-08
2.0 17.0 0.940458 -8.60445e-09
2.0 17.0 1.29416 -4.01327e-09
2.0 17.0 0.955615 -1.05608e-08
2.0 17.0 0.897284 -1.85721e-08
2.0 17.0 1.02176 -6.59903e-08
2.0 17.0 0.933766 -3.51242e-09
2.0 17.0 0.94486 -4.47173e-08
2.0 17.0 1.29667 -1.74512e-08
2.0 17.0 0.954645 -1.48402e-08
2.0 17.0 0.901896 -7.7832e-10
2.0 31.0 1.38991 -1.06106e-07
2.0 31.0 1.00298 -2.05788e-09
2.0 31.0 1.29185 -1.3395e-11
2.0 31.0 1.3506 -3.82482e-08
2.0 31.0 1.26451 -1.43736e-08
2.0 31.0 0.995595 -2.63124e-09
2.0 31.0 1.26092 -2.11868e-13
2.0 31.0 1.33604 -7.65801e-09
2.0 31.0 1.38738 -1.14576e-08
2.0 31.0 1.29441 -1.66109e-08
2.0 31.0 1.38912 -8.95567e-09
2.0 31.0 0.996348 -3.27963e-08
2.0 31.0 1.41475 -4.27415e-10
2.0 31.0 1.52467 -3.95924e-08
2.0 31.0 1.44846 -7.67997e-11
2.0 31.0 1.4498 -1.04886e-08
2.0 31.0 0.990591 -2.83772e-08
2.0 31.0 1.33542 -1.59038e-10
2.0 31.0 1.37124 -1.2321e-08
2.0 31.0 1.42697 -2.00275e-08
2.0 31.0 0.993999 -1.14975e-09
2.0 31.0 1.48915 -7.797e-10
2.0 31.0 1.53759 -2.23906e-10
2.0 31.0 1.031 -1.48505e-08
2.0 31.0 1.35965 -8.04292e-08
2.0 31.0 1.00003 -2.55759e-08
2.0 31.0 1.42494 -2.33263e-08
2.0 31.0 1.54195 -1.17367e-07
2.0 31.0 0.995502 -1.97261e-07
2.0 31.0 1.28213 -2.11483e-07
2.0 31.0 1.34007 -1.76827e-07
2.0 31.0 1.49627 -1.65748e-09
2.0 31.0 0.958183 -3.44086e-08
2.0 31.0 1.35695 -2.05756e-08
2.0 31.0 1.55393 -6.58275e-08
2.0 31.0 1.42874 -5.15061e-08
2.0 31.0 1.44198 -1.18794e-08
2.0 31.0 1.31545 -5.468e-09
2.0 31.0 1.46373 -1.68091e-10
2.0 31.0 1.31056 -1.86528e-08
2.0 31.0 0.967586 -7.006e-10
2.0 31.0 1.33034 -6.42046e-09
2.0 31.0 0.986722 -4.4872e-08
2.0 31.0 1.35918 -2.78769e-09
2.0 31.0 1.43669 -1.01385e-07
2.0 31.0 1.31868 -1.75359e-07
2.0 31.0 1.36707 -2.85693e-08
2.0 31.0 1.34285 -1.39856e-08
2.0 31.0 1.51462 -9.42091e-09
2.0 31.0 1.32209 -4.80204e-08
2.0 32.0 0.967418 -5.66389e-09
2.0 32.0 1.30604 -3.29024e-08
2.0 32.0 1.50264 -8.0216e-08
2.0 32.0 1.25138 -4.2908e-09
2.0 32.0 1.36604 -1.3548e-10
2.0 32.0 1.3717 -3.05743e-09
2.0 32.0 0.977568 -1.43931e-08
2.0 32.0 1.32211 -1.15372e-09
2.0 32.0 1.256 -1.34558e-08
2.0 32.0 1.29572 -2.63046e-08
2.0 32.0 1.35933 -3.15693e-09
2.0 32.0 1.33172 -3.14869e-08
2.0 32.0 1.39049 -5.25311e-08
2.0 32.0 1.23002 -2.52553e-08
2.0 32.0 1.20759 -9.61592e-08
2.0 32.0 1.33265 -1.12332e-08
2.0 32.0 1.39719 -2.6063e-08
2.0 32.0 1.40614 -1.55539e-08
2.0 32.0 0.957168 -1.7504e-07
2.0 32.0 1.34877 -6.00304e-09
2.0 32.0 1.40421 -1.1194e-08
2.0 32.0 1.54578 -2.20878e-08
2.0 32.0 1.38119 -1.15136e-08
2.0 32.0 1.24759 -2.29339e-09
2.0 32.0 1.40778 -1.71451e-07
2.0 32.0 1.30617 -3.86119e-09
2.0 32.0 0.955214 -3.24503e-08
2.0 32.0 1.34526 -1.3717e-08
2.0 32.0 0.960215 -1.46191e-07
2.0 32.0 1.35573 -5.56607e-09
2.0 32.0 1.3109 -6.20001e-09
2.0 32.0 1.30238 -3.8907e-08
2.0 32.0 1.56262 -2.42703e-11
2.0 32.0 1.31742 -1.45341e-08
2.0 32.0 0.963175 -1.39655e-10
2.0 32.0 1.44827 -8.08263e-08
2.0 32.0 0.952578 -4.14071e-09
2.0 32.0 1.43477 -1.47888e-08
2.0 32.0 0.940735 -2.59283e-08
2.0 32.0 1.42178 -3.51588e-09
2.0 32.0 1.43161 -4.30528e-12
2.0 32.0 1.39005 -1.50002e-10
2.0 32.0 1.48161 -6.95278e-10
2.0 32.0 1.367 -9.0533e-09
2.0 32.0 0.929419 -8.85046e-08
2.0 32.0 0.965549 -1.23171e-12
2.0 32.0 1.33101 -9.6496e-15
2.0 32.0 1.29603 -9.38915e-09
2.0 32.0 1.32633 -1.28257e-09
2.0 32.0 1.38708 -4.20142e-08
2.0 33.0 1.05153 -2.79455e-08
2.0 33.0 1.05157 -4.08624e-09
2.0 33.0 1.03718 -9.28926e-08
2.0 33.0 1.03163 -1.14179e-09
2.0 33.0 1.01343 -3.65705e-08
2.0 33.0 1.00479 -5.069e-08
2.0 33.0 1.04462 -1.36329e-08
2.0 33.0 1.02184 -6.6241e-09
2.0 33.0 1.04803 -2.44608e-08
2.0 33.0 1.01178 -1.96144e-08
2.0 33.0 1.00945 -1.3487e-08
2.0 33.0 1.01439 -9.51684e-09
2.0 33.0 1.03283 -1.45708e-08
2.0 33.0 1.02923 -1.69878e-07
2.0 33.0 1.0431 -2.75678e-09
2.0 33.0 1.05993 -9.54437e-08
2.0 33.0 1.09072 -8.35715e-08
2.0 33.0 1.04052 -8.70528e-09
2.0 33.0 1.06773 -1.33328e-08
2.0 33.0 1.02334 -9.44081e-08
2.0 33.0 1.04585 -5.9368e-08
2.0 33.0 0.993918 -7.06763e-09
2.0 33.0 1.04825 -1.07377e-07
2.0 33.0 1.05406 -1.09e-07
2.0 33.0 1.05558 -4.34109e-09
2.0 33.0 1.04685 -1.31005e-10
2.0 33.0 1.04156 -2.33145e-10
2.0 33.0 1.06461 -4.28823e-09
2.0 33.0 1.02546 -1.03494e-07
2.0 33.0 1.02679 -1.1604e-09
2.0 33.0 1.03184 -2.82232e-08
2.0 33.0 1.01591 -1.7611e-10
2.0 33.0 1.03152 -1.5033e-08
2.0 33.0 1.03195 -5.56454e-12
2.0 33.0 1.03716 -1.53863e-09
2.0 33.0 1.00668 -4.34422e-10
2.0 33.0 1.002 -1.17536e-08
2.0 33.0 1.03348 -2.19944e-08
2.0 33.0 0.998548 -1.09523e-09
2.0 33.0 1.00832 -6.81313e-09
2.0 33.0 1.03091 -1.9259e-09
2.0 33.0 1.01257 -2.307e-11
2.0 33.0 1.03338 -7.83746e-11
2.0 33.0 0.98316 -3.67236e-10
2.0 33.0 1.01442 -6.03242e-09
2.0 33.0 1.02529 -2.24345e-10
2.0 33.0 1.03748 -5.83565e-11
2.0 33.0 1.01494 -3.18045e-08
2.0 33.0 1.01271 -2.16432e-07
2.0 33.0 0.969079 -5.26899e-12
3.0 3.0 0.754385 211.426
3.0 3.0 0.777262 211.426
3.0 3.0 0.47994 211.426
3.0 3.0 0.760256 211.423
3.0 3.0 0.98499 211.422
3.0 3.0 1.31061 211.423
3.0 3.0 0.505579 211.422
3.0 3.0 0.466059 211.423
3.0 3.0 0.417629 211.422
3.0 3.0 0.479194 211.422
3.0 3.0 0.547896 211.426
3.0 3.0 0.486069 211.422
3.0 3.0 1.33209 211.423
3.0 3.0 0.417964 211.422
3.0 3.0 0.452974 211.424
3.0 3.0 0.974118 211.422
3.0 3.0 0.475035 211.426
3.0 3.0 0.418349 211.423
3.0 3.0 1.06675 211.426
3.0 3.0 0.919242 211.423
3.0 3.0 1.0682 211.426
3.0 3.0 1.13727 211.426
3.0 3.0 0.968374 211.424
3.0 3.0 0.76535 211.422
3.0 3.0 0.396534 211.426
3.0 3.0 0.430198 211.424
3.0 3.0 0.427486 211.426
3.0 3.0 0.748698 211.426
3.0 3.0 0.410401 211.423
3.0 3.0 1.12681 211.426
3.0 3.0 1.15678 211.425
3.0 3.0 1.06222 211.426
3.0 3.0 0.961946 211.424
3.0 3.0 0.426248 211.422
3.0 3.0 0.492866 211.423
3.0 3.0 1.08235 211.426
3.0 3.0 0.919934 211.421
3.0 3.0 1.11633 211.424
3.0 3.0 0.920794 211.426
3.0 3.0 1.0582 211.426
3.0 3.0 0.413071 211.424
3.0 3.0 0.398579 211.424
3.0 3.0 1.05417 211.424
3.0 3.0 0.914452 211.425
3.0 3.0 1.1032 211.422
3.0 3.0 0.395906 211.426
3.0 3.0 1.05428 211.423
3.0 3.0 1.13471 211.426
3.0 3.0 0.460705 211.424
3.0 3.0 0.472757 211.425
3.0 4.0 1.11299 211.425
3.0 4.0 1.10801 211.425
3.0 4.0 1.03779 211.425
3.0 4.0 1.0142 211.423
3.0 4.0 0.956405 211.426
3.0 4.0 0.377464 211.426
3.0 4.0 1.02551 211.416
3.0 4.0 0.87939 211.426
3.0 4.0 1.02368 211.421
3.0 4.0 0.749222 211.426
3.0 4.0 0.926517 211.423
3.0 4.0 0.833216 211.426
3.0 4.0 0.858405 211.426
3.0 4.0 0.732778 211.426
3.0 4.0 0.468671 211.426
3.0 4.0 1.06896 211.426
3.0 4.0 0.946991 211.426
3.0 4.0 1.46952 211.422
3.0 4.0 0.853504 211.424
3.0 4.0 1.03372 211.426
3.0 4.0 0.70375 211.426
3.0 4.0 0.699118 211.424
3.0 4.0 0.767082 211.426
3.0 4.0 0.867669 211.426
3.0 4.0 0.396611 211.425
3.0 4.0 0.424649 211.423
3.0 4.0 0.43701 211.426
3.0 4.0 0.903532 211.425
3.0 4.0 1.1999 211.426
3.0 4.0 0.985588 211.425
3.0 4.0 0.697701 211.426
3.0 4.0 1.1431 211.425
3.0 4.0 1.47863 211.423
3.0 4.0 0.48001 211.426
3.0 4.0 1.06687 211.426
3.0 4.0 1.42507 211.426
3.0 4.0 1.15334 211.422
3.0 4.0 0.854841 211.426
3.0 4.0 0.885634 211.426
3.0 4.0 0.932077 211.423
3.0 4.0 0.938498 211.425
3.0 4.0 1.15731 211.424
3.0 4.0 0.856004 211.424
3.0 4.0 0.851959 211.426
3.0 4.0 0.835687 211.426
3.0 4.0 0.757727 211.425
3.0 4.0 0.693956 211.418
3.0 4.0 0.975567 211.426
3.0 4.0 1.05022 211.426
3.0 4.0 1.22754 211.426
3.0 5.0 0.754084 211.423
3.0 5.0 0.698982 211.422
3.0 5.0 0.595688 211.426
3.0 5.0 1.22073 211.426
3.0 5.0 0.725463 211.418
3.0 5.0 1.16763 211.425
3.0 5.0 1.42788 211.413
3.0 5.0 0.601365 211.424
3.0 5.0 0.608551 211.424
3.0 5.0 0.754351 211.425
3.0 5.0 0.623057 211.426
3.0 5.0 1.03076 211.426
3.0 5.0 1.36451 211.426
3.0 5.0 0.621856 211.417
3.0 5.0 1.48077 211.423
3.0 5.0 0.628785 211.425
3.0 5.0 1.4612 211.426
3.0 5.0 2.08194 211.419
3.0 5.0 0.622653 211.425
3.0 5.0 0.845436 211.425
3.0 5.0 0.731155 211.426
3.0 5.0 0.824104 211.426
3.0 5.0 1.36651 211.426
3.0 5.0 0.725108 211.425
3.0 5.0 1.01498 211.425
3.0 5.0 0.782659 211.426
3.0 5.0 0.603794 211.425
3.0 5.0 0.70102 211.422
3.0 5.0 0.713157 211.425
3.0 5.0 0.580229 211.425
3.0 5.0 0.906549 211.422
3.0 5.0 1.09149 211.424
3.0 5.0 0.75015 211.426
3.0 5.0 0.628842 211.425
3.0 5.0 0.613058 211.426
3.0 5.0 1.02144 211.426
3.0 5.0 1.49613 211.426
3.0 5.0 0.720928 211.425
3.0 5.0 0.61936 211.425
3.0 5.0 1.51411 211.425
3.0 5.0 1.02957 211.426
3.0 5.0 1.49749 211.426
3.0 5.0 0.606799 211.425
3.0 5.0 0.725024 211.425
3.0 5.0 0.636795 211.423
3.0 5.0 0.760323 211.426
3.0 5.0 0.726806 211.42
3.0 5.0 0.838253 211.422
3.0 5.0 0.766833 211.425
3.0 5.0 0.582025 211.426
3.0 7.0 0.729456 211.425
3.0 7.0 0.887114 211.426
3.0 7.0 0.642001 211.422
3.0 7.0 0.867841 211.426
3.0 7.0 0.879278 211.425
3.0 7.0 0.666228 211.413
3.0 7.0 0.730188 211.425
3.0 7.0 0.983282 211.426
3.0 7.0 0.716259 211.422
3.0 7.0 0.756434 211.423
3.0 7.0 0.888173 211.425
3.0 7.0 0.660196 211.417
3.0 7.0 0.664627 211.425
3.0 7.0 1.05361 211.426
3.0 7.0 0.71443 211.413
3.0 7.0 0.673273 211.423
3.0 7.0 0.867108 211.426
3.0 7.0 0.906355 211.426
3.0 7.0 1.58182 211.426
3.0 7.0 0.794871 211.424
3.0 7.0 0.782548 211.424
3.0 7.0 0.671041 211.422
3.0 7.0 0.667622 211.423
3.0 7.0 0.66932 211.425
3.0 7.0 0.625865 211.418
3.0 7.0 0.862725 211.426
3.0 7.0 0.66095 211.42
3.0 7.0 0.886755 211.426
3.0 7.0 0.774933 211.422
3.0 7.0 0.665471 211.419
3.0 7.0 1.60509 211.426
3.0 7.0 0.893468 211.425
3.0 7.0 0.670956 211.425
3.0 7.0 0.749849 211.424
3.0 7.0 0.670436 211.421
3.0 7.0 0.890605 211.426
3.0 7.0 0.631189 211.413
3.0 7.0 0.918628 211.426
3.0 7.0 0.878555 211.426
3.0 7.0 0.960637 211.424
3.0 7.0 0.66327 211.426
3.0 7.0 0.743427 211.422
3.0 7.0 0.627258 211.425
3.0 7.0 0.710195 211.425
3.0 7.0 0.732881 211.413
3.0 7.0 0.691863 211.42
3.0 7.0 0.688939 211.413
3.0 7.0 0.896639 211.426
3.0 7.0 1.58747 211.42
3.0 7.0 0.660255 211.419
3.0 8.0 0.932011 211.423
3.0 8.0 0.687112 211.426
3.0 8.0 1.30273 211.425
3.0 8.0 0.721874 211.424
3.0 8.0 1.06276 211.425
3.0 8.0 0.693354 211.423
3.0 8.0 1.60807 211.417
3.0 8.0 0.700486 211.426
3.0 8.0 0.688122 211.425
3.0 8.0 0.911039 211.423
3.0 8.0 0.73579 211.425
3.0 8.0 0.628628 211.425
3.0 8.0 1.55104 211.426
3.0 8.0 1.36292 211.425
3.0 8.0 0.666931 211.426
3.0 8.0 0.744859 211.42
3.0 8.0 0.802486 211.424
3.0 8.0 1.04322 211.424
3.0 8.0 0.67323 211.425
3.0 8.0 0.895553 211.424
3.0 8.0 1.03417 211.423
3.0 8.0 0.648202 211.424
3.0 8.0 0.666218 211.425
3.0 8.0 1.63522 211.425
3.0 8.0 0.618592 211.426
3.0 8.0 0.808346 211.416
3.0 8.0 0.729997 211.425
3.0 8.0 1.71948 211.413
3.0 8.0 1.07753 211.426
3.0 8.0 0.835433 211.422
3.0 8.0 0.726004 211.426
3.0 8.0 0.746526 211.423
3.0 8.0 0.827563 211.423
3.0 8.0 1.07412 211.426
3.0 8.0 0.785941 211.413
3.0 8.0 0.838432 211.418
3.0 8.0 0.699349 211.419
3.0 8.0 1.72256 211.426
3.0 8.0 1.57115 211.425
3.0 8.0 0.722519 211.425
3.0 8.0 1.40012 211.423
3.0 8.0 0.706929 211.423
3.0 8.0 1.70234 211.421
3.0 8.0 0.732787 211.422
3.0 8.0 0.695421 211.423
3.0 8.0 1.63967 211.423
3.0 8.0 0.700916 211.425
3.0 8.0 0.826275 211.426
3.0 8.0 0.933502 211.426
3.0 8.0 0.664859 211.424
3.0 9.0 0.927839 211.426
3.0 9.0 0.730224 211.423
3.0 9.0 1.05264 211.422
3.0 9.0 1.24749 211.426
3.0 9.0 1.09136 211.422
3.0 9.0 0.904126 211.424
3.0 9.0 0.944626 211.425
3.0 9.0 0.914579 211.426
3.0 9.0 0.936088 211.426
3.0 9.0 0.884559 211.425
3.0 9.0 0.953737 211.422
3.0 9.0 0.936107 211.426
3.0 9.0 0.954228 211.426
3.0 9.0 1.26266 211.423
3.0 9.0 1.67464 211.414
3.0 9.0 0.873857 211.417
3.0 9.0 1.27209 211.425
3.0 9.0 0.942806 211.425
3.0 9.0 0.899076 211.423
3.0 9.0 0.914807 211.424
3.0 9.0 0.98122 211.426
3.0 9.0 1.37525 211.417
3.0 9.0 0.946461 211.426
3.0 9.0 1.03055 211.426
3.0 9.0 1.06493 211.414
3.0 9.0 0.939519 211.426
3.0 9.0 0.731444 211.425
3.0 9.0 0.933849 211.426
3.0 9.0 1.10874 211.424
3.0 9.0 1.811 211.422
3.0 9.0 1.01166 211.426
3.0 9.0 1.21187 211.418
3.0 9.0 0.94679 211.422
3.0 9.0 1.07547 211.426
3.0 9.0 0.950055 211.426
3.0 9.0 1.02006 211.425
3.0 9.0 1.24513 211.426
3.0 9.0 0.896822 211.413
3.0 9.0 0.932069 211.423
3.0 9.0 0.896944 211.423
3.0 9.0 0.773056 211.423
3.0 9.0 1.24705 211.413
3.0 9.0 1.03332 211.426
3.0 9.0 1.43132 211.424
3.0 9.0 1.05209 211.426
3.0 9.0 0.957793 211.426
3.0 9.0 1.69972 211.425
3.0 9.0 0.928755 211.423
3.0 9.0 0.892883 211.423
3.0 9.0 1.38157 211.426
3.0 15.0 1.19418 211.418
3.0 15.0 0.840154 211.426
3.0 15.0 0.925115 211.423
3.0 15.0 0.88862 211.422
3.0 15.0 0.897316 211.425
3.0 15.0 1.37204 211.426
3.0 15.0 0.829737 211.426
3.0 15.0 1.37911 211.423
3.0 15.0 0.840891 211.426
3.0 15.0 0.974548 211.426
3.0 15.0 1.01974 211.42
3.0 15.0 1.37034 211.424
3.0 15.0 0.907501 211.423
3.0 15.0 0.834712 211.418
3.0 15.0 1.35194 211.425
3.0 15.0 1.36832 211.425
3.0 15.0 1.32728 211.423
3.0 15.0 0.895287 211.425
3.0 15.0 0.957336 211.415
3.0 15.0 0.908648 211.424
3.0 15.0 0.830887 211.426
3.0 15.0 1.15141 211.424
3.0 15.0 0.864331 211.424
3.0 15.0 1.01077 211.426
3.0 15.0 1.17362 211.419
3.0 15.0 0.825966 211.425
3.0 15.0 1.35456 211.425
3.0 15.0 1.03379 211.413
3.0 15.0 1.00035 211.42
3.0 15.0 1.19217 211.425
3.0 15.0 1.36634 211.424
3.0 15.0 0.827877 211.426
3.0 15.0 0.892117 211.418
3.0 15.0 0.883258 211.426
3.0 15.0 1.38563 211.425
3.0 15.0 0.84697 211.421
3.0 15.0 0.917223 211.424
3.0 15.0 0.896531 211.422
3.0 15.0 1.31377 211.422
3.0 15.0 0.846246 211.425
3.0 15.0 0.832075 211.423
3.0 15.0 1.31313 211.426
3.0 15.0 0.984573 211.423
3.0 15.0 0.91381 211.419
3.0 15.0 1.34627 211.42
3.0 15.0 1.20913 211.416
3.0 15.0 0.929983 211.423
3.0 15.0 0.912464 211.425
3.0 15.0 1.24672 211.414
3.0 15.0 1.39115 211.426
3.0 16.0 0.870774 211.413
3.0 16.0 1.07871 211.425
3.0 16.0 1.62573 211.423
3.0 16.0 1.06558 211.426
3.0 16.0 0.876478 211.423
3.0 16.0 1.31724 211.426
3.0 16.0 1.37602 211.42
3.0 16.0 0.974995 211.425
3.0 16.0 0.829984 211.422
3.0 16.0 0.829477 211.413
3.0 16.0 1.27094 211.425
3.0 16.0 0.951257 211.425
3.0 16.0 0.933361 211.426
3.0 16.0 1.23846 211.426
3.0 16.0 1.53857 211.424
3.0 16.0 1.35235 211.421
3.0 16.0 0.938117 211.426
3.0 16.0 0.915033 211.426
3.0 16.0 1.26305 211.416
3.0 16.0 1.35552 211.426
3.0 16.0 0.924822 211.425
3.0 16.0 0.938496 211.423
3.0 16.0 1.29718 211.426
3.0 16.0 0.809055 211.423
3.0 16.0 1.05008 211.426
3.0 16.0 1.02709 211.422
3.0 16.0 1.35249 211.426
3.0 16.0 1.46835 211.422
3.0 16.0 1.56798 211.425
3.0 16.0 0.887483 211.425
3.0 16.0 0.934277 211.422
3.0 16.0 1.071 211.426
3.0 16.0 1.07967 211.426
3.0 16.0 0.940632 211.426
3.0 16.0 1.42298 211.424
3.0 16.0 1.53105 211.423
3.0 16.0 1.02853 211.423
3.0 16.0 1.53551 211.426
3.0 16.0 0.803084 211.422
3.0 16.0 1.53665 211.425
3.0 16.0 1.05454 211.426
3.0 16.0 1.70923 211.422
3.0 16.0 0.914723 211.425
3.0 16.0 1.40364 211.417
3.0 16.0 1.05988 211.424
3.0 16.0 0.907547 211.426
3.0 16.0 1.40015 211.426
3.0 16.0 0.884533 211.422
3.0 16.0 0.818351 211.425
3.0 16.0 0.819711 211.424
3.0 17.0 0.967586 211.421
3.0 17.0 0.904452 211.425
3.0 17.0 0.997825 211.422
3.0 17.0 0.900947 211.426
3.0 17.0 0.993799 211.423
3.0 17.0 1.54256 211.423
3.0 17.0 0.887772 211.424
3.0 17.0 0.860285 211.423
3.0 17.0 1.24022 211.413
3.0 17.0 1.28185 211.426
3.0 17.0 1.39355 211.425
3.0 17.0 1.1291 211.426
3.0 17.0 0.930849 211.42
3.0 17.0 0.967652 211.42
3.0 17.0 1.35475 211.422
3.0 17.0 0.848268 211.424
3.0 17.0 1.18891 211.425
3.0 17.0 1.02977 211.425
3.0 17.0 1.00843 211.426
3.0 17.0 1.42055 211.426
3.0 17.0 0.992252 211.424
3.0 17.0 1.58845 211.426
3.0 17.0 0.99733 211.422
3.0 17.0 0.922215 211.425
3.0 17.0 1.40179 211.425
3.0 17.0 0.906704 211.425
3.0 17.0 0.86242 211.426
3.0 17.0 1.24905 211.423
3.0 17.0 1.0436 211.424
3.0 17.0 0.948993 211.421
3.0 17.0 0.965223 211.422
3.0 17.0 1.3351 211.426
3.0 17.0 1.41468 211.425
3.0 17.0 1.23614 211.425
3.0 17.0 1.32032 211.422
3.0 17.0 0.885201 211.426
3.0 17.0 1.02312 211.42
3.0 17.0 1.24129 211.426
3.0 17.0 1.37707 211.424
3.0 17.0 1.38725 211.426
3.0 17.0 1.02039 211.426
3.0 17.0 1.01492 211.423
3.0 17.0 1.25444 211.424
3.0 17.0 1.25723 211.423
3.0 17.0 0.926408 211.419
3.0 17.0 1.2279 211.421
3.0 17.0 0.97848 211.426
3.0 17.0 1.4192 211.424
3.0 17.0 1.43743 211.422
3.0 17.0 1.25993 211.425
3.0 31.0 1.44642 211.424
3.0 31.0 1.33547 211.426
3.0 31.0 1.4133 211.419
3.0 31.0 0.994977 211.426
3.0 31.0 1.31543 211.418
3.0 31.0 1.401 211.419
3.0 31.0 1.50626 211.422
3.0 31.0 0.995305 211.422
3.0 31.0 1.33886 211.425
3.0 31.0 1.30661 211.425
3.0 31.0 0.993624 211.422
3.0 31.0 1.34074 211.421
3.0 31.0 1.48356 211.425
3.0 31.0 1.33347 211.422
3.0 31.0 1.02701 211.426
3.0 31.0 1.00111 211.419
3.0 31.0 1.3812 211.426
3.0 31.0 0.984995 211.426
3.0 31.0 1.33257 211.417
3.0 31.0 1.38648 211.418
3.0 31.0 0.995166 211.414
3.0 31.0 1.49157 211.413
3.0 31.0 0.999384 211.422
3.0 31.0 1.49207 211.416
3.0 31.0 0.996046 211.424
3.0 31.0 1.334 211.426
3.0 31.0 1.45186 211.424
3.0 31.0 1.27069 211.42
3.0 31.0 1.4092 211.422
3.0 31.0 0.98426 211.422
3.0 31.0 0.995027 211.422
3.0 31.0 1.05705 211.413
3.0 31.0 1.50792 211.413
3.0 31.0 1.31093 211.418
3.0 31.0 1.38349 211.419
3.0 31.0 0.995639 211.421
3.0 31.0 1.33127 211.413
3.0 31.0 0.992884 211.422
3.0 31.0 1.31704 211.421
3.0 31.0 1.04979 211.425
3.0 31.0 1.37412 211.425
3.0 31.0 1.29466 211.413
3.0 31.0 1.31344 211.413
3.0 31.0 1.41408 211.426
3.0 31.0 0.992009 211.422
3.0 31.0 1.34477 211.421
3.0 31.0 1.06333 211.425
3.0 31.0 1.52697 211.413
3.0 31.0 1.29913 211.424
3.0 31.0 1.33544 211.423
3.0 32.0 1.36445 211.426
3.0 32.0 1.31785 211.418
3.0 32.0 1.33617 211.423
3.0 32.0 1.29102 211.421
3.0 32.0 1.45481 211.426
3.0 32.0 1.32855 211.421
3.0 32.0 1.37315 211.423
3.0 32.0 1.16907 211.416
3.0 32.0 0.971891 211.424
3.0 32.0 1.34269 211.418
3.0 32.0 0.898174 211.423
3.0 32.0 1.25603 211.426
3.0 32.0 1.38491 211.422
3.0 32.0 1.37824 211.422
3.0 32.0 1.31446 211.414
3.0 32.0 0.904316 211.425
3.0 32.0 0.939795 211.423
3.0 32.0 1.37397 211.423
3.0 32.0 1.21716 211.421
3.0 32.0 1.33885 211.425
3.0 32.0 1.46727 211.426
3.0 32.0 1.30227 211.425
3.0 32.0 0.899533 211.425
3.0 32.0 1.33359 211.423
3.0 32.0 1.38259 211.426
3.0 32.0 0.951824 211.424
3.0 32.0 1.40979 211.423
3.0 32.0 0.960569 211.424
3.0 32.0 0.875368 211.424
3.0 32.0 1.27834 211.424
3.0 32.0 1.50815 211.423
3.0 32.0 1.26561 211.413
3.0 32.0 1.35525 211.424
3.0 32.0 1.55001 211.426
3.0 32.0 1.57638 211.425
3.0 32.0 0.943647 211.425
3.0 32.0 1.60471 211.423
3.0 32.0 1.29038 211.413
3.0 32.0 1.62798 211.424
3.0 32.0 1.32488 211.423
3.0 32.0 1.27044 211.422
3.0 32.0 0.970212 211.425
3.0 32.0 1.6224 211.425
3.0 32.0 0.932529 211.422
3.0 32.0 0.89756 211.426
3.0 32.0 1.58041 211.426
3.0 32.0 0.945657 211.422
3.0 32.0 1.23856 211.424
3.0 32.0 1.6988 211.424
3.0 32.0 0.966221 211.422
3.0 33.0 1.03467 211.413
3.0 33.0 1.04119 211.426
3.0 33.0 1.06131 211.413
3.0 33.0 1.0125 211.426
3.0 33.0 1.02083 211.426
3.0 33.0 1.01476 211.425
3.0 33.0 1.0206 211.425
3.0 33.0 1.01839 211.416
3.0 33.0 1.04375 211.425
3.0 33.0 1.04956 211.42
3.0 33.0 1.04759 211.423
3.0 33.0 1.06096 211.415
3.0 33.0 1.02768 211.415
3.0 33.0 1.04488 211.426
3.0 33.0 1.01958 211.413
3.0 33.0 0.974911 211.413
3.0 33.0 1.37321 211.42
3.0 33.0 1.28977 211.422
3.0 33.0 1.41367 211.426
3.0 33.0 1.05066 211.424
3.0 33.0 1.01481 211.418
3.0 33.0 1.04733 211.423
3.0 33.0 1.01831 211.426
3.0 33.0 1.01959 211.423
3.0 33.0 0.992253 211.426
3.0 33.0 1.01705 211.414
3.0 33.0 1.012 211.426
3.0 33.0 1.37911 211.42
3.0 33.0 1.01269 211.417
3.0 33.0 1.00465 211.423
3.0 33.0 1.00595 211.422
3.0 33.0 1.32782 211.424
3.0 33.0 1.05401 211.422
3.0 33.0 1.01096 211.422
3.0 33.0 0.999837 211.426
3.0 33.0 1.04699 211.425
3.0 33.0 1.30253 211.413
3.0 33.0 0.992336 211.416
3.0 33.0 1.04593 211.414
3.0 33.0 1.23281 211.413
3.0 33.0 1.21659 211.422
3.0 33.0 1.22615 211.424
3.0 33.0 1.37394 211.424
3.0 33.0 1.06064 211.417
3.0 33.0 1.33354 211.422
3.0 33.0 1.38468 211.42
3.0 33.0 1.31537 211.413
3.0 33.0 1.39209 211.42
3.0 33.0 1.04213 211.419
3.0 33.0 1.02669 211.425
4.0 3.0 1.04023 9.99955
4.0 3.0 1.11622 9.99683
4.0 3.0 0.385822 9.99765
4.0 3.0 0.455201 9.99917
4.0 3.0 0.495363 9.99968
4.0 3.0 0.976131 9.99973
4.0 3.0 1.10259 9.99918
4.0 3.0 0.926489 9.99939
4.0 3.0 1.11859 9.99728
4.0 3.0 1.0938 9.9997
4.0 3.0 0.391307 9.99886
4.0 3.0 0.860073 9.9986
4.0 3.0 1.01247 9.9994
4.0 3.0 1.11638 9.99934
4.0 3.0 0.972112 9.99909
4.0 3.0 0.391502 9.99597
4.0 3.0 0.399064 9.99914
4.0 3.0 0.386472 9.99965
4.0 3.0 0.405281 9.9996
4.0 3.0 0.927006 9.99821
4.0 3.0 0.373626 9.99908
4.0 3.0 1.18842 9.99941
4.0 3.0 0.464607 9.99971
4.0 3.0 0.978917 9.99603
4.0 3.0 0.929863 9.99862
4.0 3.0 0.47043 9.99851
4.0 3.0 0.384473 9.99814
4.0 3.0 0.778261 9.99885
4.0 3.0 1.36764 9.99924
4.0 3.0 0.880251 9.99786
4.0 3.0 1.02716 9.99865
4.0 3.0 1.13019 9.99887
4.0 3.0 0.40009 9.99906
4.0 3.0 1.3823 9.99856
4.0 3.0 1.79086 9.99683
4.0 3.0 0.996549 9.99905
4.0 3.0 0.489173 9.99943
4.0 3.0 0.423343 9.99968
4.0 3.0 0.393876 9.99756
4.0 3.0 1.77957 9.99952
4.0 3.0 1.03953 9.99936
4.0 3.0 0.392008 9.99942
4.0 3.0 0.433382 9.99975
4.0 3.0 0.820784 9.99944
4.0 3.0 0.394892 9.99959
4.0 3.0 1.04534 9.99869
4.0 3.0 1.03934 9.99565
4.0 3.0 1.13334 9.99924
4.0 3.0 1.05519 9.99891
4.0 3.0 0.416079 9.99987
4.0 4.0 0.738023 9.99935
4.0 4.0 0.449265 9.99817
4.0 4.0 0.431394 9.99927
4.0 4.0 1.12699 9.99851
4.0 4.0 1.57401 9.99674
4.0 4.0 0.826316 9.9987
4.0 4.0 0.448874 9.99884
4.0 4.0 0.839046 9.99888
4.0 4.0 0.963255 9.99987
4.0 4.0 0.688501 9.9962
4.0 4.0 1.03264 9.99968
4.0 4.0 0.930321 9.99736
4.0 4.0 0.416533 9.99853
4.0 4.0 0.850505 9.99866
4.0 4.0 0.732679 9.99887
4.0 4.0 1.02083 9.99984
4.0 4.0 0.827514 9.99741
4.0 4.0 0.935443 9.99987
4.0 4.0 1.09344 9.9998
4.0 4.0 0.411981 9.99996
4.0 4.0 0.748853 9.998
4.0 4.0 0.725783 9.99902
4.0 4.0 0.935114 9.99883
4.0 4.0 1.16609 9.99453
4.0 4.0 1.51782 9.99989
4.0 4.0 1.14994 9.99958
4.0 4.0 0.762299 9.99917
4.0 4.0 0.919509 9.99816
4.0 4.0 0.434487 9.99803
4.0 4.0 0.844103 9.99943
4.0 4.0 0.415025 9.9992
4.0 4.0 1.01743 9.99558
4.0 4.0 0.455086 9.99562
4.0 4.0 0.414616 9.99956
4.0 4.0 0.465539 9.99927
4.0 4.0 0.946512 9.99811
4.0 4.0 1.15897 9.99921
4.0 4.0 1.03392 9.99646
4.0 4.0 0.397236 9.99829
4.0 4.0 0.851312 9.99889
4.0 4.0 1.03296 9.99928
4.0 4.0 1.51179 9.99969
4.0 4.0 1.03374 9.99621
4.0 4.0 1.13659 9.99718
4.0 4.0 0.445118 9.99954
4.0 4.0 0.932214 9.9971
4.0 4.0 0.690623 9.99879
4.0 4.0 0.726056 9.99926
4.0 4.0 0.677111 9.99859
4.0 4.0 1.51313 9.99934
4.0 5.0 0.634349 9.9981
4.0 5.0 0.6929 9.99902
4.0 5.0 0.705776 9.9993
4.0 5.0 0.57889 9.99463
4.0 5.0 0.82587 9.99647
4.0 5.0 1.41315 9.99721
4.0 5.0 0.868567 9.99963
4.0 5.0 0.756273 9.99833
4.0 5.0 0.6319 9.99905
4.0 5.0 0.690385 9.99872
4.0 5.0 1.4068 9.9962
4.0 5.0 0.749152 9.99917
4.0 5.0 0.687648 9.99719
4.0 5.0 0.86079 9.99941
4.0 5.0 0.870258 9.9996
4.0 5.0 0.762287 9.99851
4.0 5.0 0.674657 9.99938
4.0 5.0 0.700692 9.99967
4.0 5.0 0.724045 9.99903
4.0 5.0 0.618249 9.99864
4.0 5.0 0.652119 9.9989
4.0 5.0 0.707047 9.99537
4.0 5.0 0.768222 9.99872
4.0 5.0 0.617232 9.99926
4.0 5.0 0.694585 9.99677
4.0 5.0 0.595737 9.99747
4.0 5.0 1.41758 9.99768
4.0 5.0 0.621055 9.99832
4.0 5.0 0.876282 9.99964
4.0 5.0 0.704906 9.99959
4.0 5.0 1.43095 9.99837
4.0 5.0 0.639576 9.99933
4.0 5.0 1.52465 9.99523
4.0 5.0 0.722248 9.99833
4.0 5.0 1.44135 9.99875
4.0 5.0 0.840545 9.99662
4.0 5.0 0.899635 9.99856
4.0 5.0 2.0832 9.99837
4.0 5.0 0.72095 9.99919
4.0 5.0 0.701952 9.9974
4.0 5.0 0.588966 9.99854
4.0 5.0 0.679385 9.9993
4.0 5.0 1.36747 9.99714
4.0 5.0 0.746673 9.99826
4.0 5.0 0.600434 9.99823
4.0 5.0 0.677206 9.999
4.0 5.0 0.691467 9.99735
4.0 5.0 1.09103 9.99983
4.0 5.0 1.04308 9.99691
4.0 5.0 0.588381 9.99839
4.0 7.0 0.880159 9.9987
4.0 7.0 0.651688 9.99704
4.0 7.0 0.658704 9.99653
4.0 7.0 0.874689 9.99962
4.0 7.0 0.921594 9.99949
4.0 7.0 0.651569 9.99138
4.0 7.0 1.36636 9.99805
4.0 7.0 0.876294 9.9992
4.0 7.0 0.687847 9.99964
4.0 7.0 0.861641 9.99652
4.0 7.0 0.71352 9.99848
4.0 7.0 0.674109 9.99642
4.0 7.0 0.880077 9.99826
4.0 7.0 0.618463 9.99674
4.0 7.0 0.864085 9.99672
4.0 7.0 0.645987 9.99718
4.0 7.0 0.808663 9.999
4.0 7.0 0.89876 9.99847
4.0 7.0 0.661727 9.99981
4.0 7.0 0.687454 9.99431
4.0 7.0 0.653833 9.99616
4.0 7.0 0.745727 9.99815
4.0 7.0 1.0044 9.9972
4.0 7.0 1.57643 9.9985
4.0 7.0 0.672075 9.99754
4.0 7.0 0.621814 9.99893
4.0 7.0 0.992951 9.99808
4.0 7.0 0.914527 9.99954
4.0 7.0 0.675802 9.99808
4.0 7.0 1.55759 9.9987
4.0 7.0 0.657904 9.99875
4.0 7.0 0.724872 9.99936
4.0 7.0 1.50087 9.99745
4.0 7.0 0.99112 9.99893
4.0 7.0 0.804181 9.99893
4.0 7.0 0.85741 9.99804
4.0 7.0 0.623384 9.99938
4.0 7.0 0.862103 9.99898
4.0 7.0 1.5963 9.99666
4.0 7.0 0.715283 9.99694
4.0 7.0 0.889209 9.99894
4.0 7.0 1.51902 9.99352
4.0 7.0 0.8472 9.99883
4.0 7.0 0.689526 9.99885
4.0 7.0 0.619048 9.99975
4.0 7.0 0.819797 9.99676
4.0 7.0 0.707475 9.99818
4.0 7.0 1.64123 9.99868
4.0 7.0 0.867562 9.99759
4.0 7.0 0.87307 9.99852
4.0 8.0 0.862121 9.99811
4.0 8.0 0.732812 9.99965
4.0 8.0 1.33883 9.99915
4.0 8.0 1.63295 9.99831
4.0 8.0 0.608276 9.99825
4.0 8.0 0.754643 9.99879
4.0 8.0 1.64788 9.99819
4.0 8.0 0.819767 9.99519
4.0 8.0 0.759555 9.99298
4.0 8.0 1.61613 9.99906
4.0 8.0 1.6399 9.99811
4.0 8.0 0.696559 9.99905
4.0 8.0 1.66191 9.99886
4.0 8.0 1.71415 9.9973
4.0 8.0 0.66227 9.99627
4.0 8.0 1.04997 9.99915
4.0 8.0 1.6285 9.99138
4.0 8.0 1.66198 9.99783
4.0 8.0 1.37661 9.99967
4.0 8.0 0.643379 9.99917
4.0 8.0 0.669017 9.99752
4.0 8.0 1.36414 9.9997
4.0 8.0 0.724312 9.99737
4.0 8.0 0.710083 9.99865
4.0 8.0 0.854611 9.99846
4.0 8.0 0.675445 9.99874
4.0 8.0 1.03963 9.99785
4.0 8.0 1.58147 9.99734
4.0 8.0 0.711392 9.99975
4.0 8.0 0.722267 9.99921
4.0 8.0 0.802592 9.99598
4.0 8.0 0.680032 9.99967
4.0 8.0 0.621712 9.99971
4.0 8.0 1.63271 9.99864
4.0 8.0 0.628872 9.99664
4.0 8.0 0.842694 9.99883
4.0 8.0 0.706575 9.99949
4.0 8.0 1.04722 9.99966
4.0 8.0 0.714383 9.99599
4.0 8.0 0.918745 9.99886
4.0 8.0 0.768283 9.99408
4.0 8.0 0.735913 9.9992
4.0 8.0 0.639011 9.99734
4.0 8.0 1.75473 9.99523
4.0 8.0 0.644146 9.99754
4.0 8.0 0.717381 9.99932
4.0 8.0 1.30811 9.99978
4.0 8.0 1.32875 9.99979
4.0 8.0 0.696575 9.99939
4.0 8.0 0.69296 9.99941
4.0 9.0 0.735638 9.99768
4.0 9.0 0.907229 9.9996
4.0 9.0 0.890731 9.99729
4.0 9.0 1.03133 9.99959
4.0 9.0 0.92993 9.99895
4.0 9.0 0.885648 9.99675
4.0 9.0 0.934506 9.99845
4.0 9.0 1.28186 9.99477
4.0 9.0 0.912633 9.99702
4.0 9.0 0.904754 9.99914
4.0 9.0 1.39914 9.99757
4.0 9.0 1.09221 9.99946
4.0 9.0 0.93322 9.9999
4.0 9.0 0.940065 9.99786
4.0 9.0 1.78786 9.99747
4.0 9.0 0.935461 9.99731
4.0 9.0 1.20107 9.99805
4.0 9.0 1.29296 9.99708
4.0 9.0 1.04951 9.99889
4.0 9.0 1.749 9.99956
4.0 9.0 1.01725 9.99658
4.0 9.0 1.25876 9.99564
4.0 9.0 0.937219 9.99869
4.0 9.0 0.873021 9.99967
4.0 9.0 0.96944 9.99937
4.0 9.0 0.907459 9.99439
4.0 9.0 0.926663 9.9997
4.0 9.0 1.37879 9.9995
4.0 9.0 0.998998 9.99669
4.0 9.0 1.08916 9.99961
4.0 9.0 0.908949 9.99699
4.0 9.0 1.16128 9.99285
4.0 9.0 0.945466 9.99944
4.0 9.0 1.30373 9.99875
4.0 9.0 0.907461 9.99942
4.0 9.0 1.24439 9.9978
4.0 9.0 0.929571 9.99888
4.0 9.0 1.22807 9.99316
4.0 9.0 0.931485 9.99879
4.0 9.0 1.10688 9.99138
4.0 9.0 0.982103 9.99919
4.0 9.0 0.746816 9.99989
4.0 9.0 1.24923 9.99907
4.0 9.0 0.910748 9.99952
4.0 9.0 0.748572 9.9972
4.0 9.0 0.913655 9.99618
4.0 9.0 0.940672 9.99907
4.0 9.0 0.914083 9.99996
4.0 9.0 1.74292 9.99913
4.0 9.0 1.01932 9.99731
4.0 15.0 1.29555 9.99758
4.0 15.0 0.921851 9.99835
4.0 15.0 0.920029 9.99826
4.0 15.0 0.815433 9.99875
4.0 15.0 1.37359 9.99865
4.0 15.0 1.29086 9.9965
4.0 15.0 1.54939 9.9967
4.0 15.0 1.03833 9.99426
4.0 15.0 1.37692 9.99911
4.0 15.0 0.816613 9.99908
4.0 15.0 1.29686 9.99757
4.0 15.0 0.949971 9.99917
4.0 15.0 0.952575 9.99953
4.0 15.0 0.805424 9.99869
4.0 15.0 1.4238 9.9988
4.0 15.0 1.33909 9.99856
4.0 15.0 0.953779 9.99961
4.0 15.0 0.950844 9.99628
4.0 15.0 1.40071 9.99989
4.0 15.0 1.26031 9.99774
4.0 15.0 1.33599 9.99664
4.0 15.0 1.22355 9.99673
4.0 15.0 0.884733 9.99966
4.0 15.0 1.39838 9.99781
4.0 15.0 0.944486 9.99938
4.0 15.0 1.2815 9.99972
4.0 15.0 1.47722 9.99392
4.0 15.0 1.52085 9.99909
4.0 15.0 0.796643 9.99901
4.0 15.0 0.819113 9.99694
4.0 15.0 1.14368 9.99934
4.0 15.0 0.936754 9.99951
4.0 15.0 1.29331 9.99866
4.0 15.0 1.32814 9.99801
4.0 15.0 1.25682 9.99932
4.0 15.0 1.32611 9.99932
4.0 15.0 0.925178 9.99864
4.0 15.0 1.32996 9.99596
4.0 15.0 1.32464 9.99867
4.0 15.0 0.812203 9.99759
4.0 15.0 0.9983 9.99652
4.0 15.0 1.29463 9.99895
4.0 15.0 1.02916 9.99451
4.0 15.0 1.29152 9.99747
4.0 15.0 0.833117 9.99839
4.0 15.0 0.903841 9.99881
4.0 15.0 1.29796 9.99865
4.0 15.0 0.935954 9.997
4.0 15.0 0.819765 9.99744
4.0 15.0 0.985616 9.99936
4.0 16.0 0.937561 9.99733
4.0 16.0 1.37418 9.9969
4.0 16.0 0.911328 9.99739
4.0 16.0 1.31015 9.99734
4.0 16.0 1.3721 9.99936
4.0 16.0 0.895959 9.99653
4.0 16.0 1.1356 9.99786
4.0 16.0 1.37289 9.99797
4.0 16.0 1.01472 9.99642
4.0 16.0 1.09716 9.99976
4.0 16.0 0.935619 9.99676
4.0 16.0 0.814534 9.99851
4.0 16.0 1.10047 9.99773
4.0 16.0 0.828056 9.99924
4.0 16.0 0.91691 9.99891
4.0 16.0 1.03233 9.99972
4.0 16.0 1.0365 9.99899
4.0 16.0 1.43582 9.99923
4.0 16.0 1.5427 9.99957
4.0 16.0 0.981901 9.99809
4.0 16.0 1.07267 9.99951
4.0 16.0 1.37898 9.99708
4.0 16.0 1.53393 9.99726
4.0 16.0 0.825002 9.99961
4.0 16.0 1.35662 9.99914
4.0 16.0 0.838372 9.99825
4.0 16.0 1.60341 9.99998
4.0 16.0 0.923111 9.99826
4.0 16.0 1.05752 9.99666
4.0 16.0 0.819695 9.99765
4.0 16.0 1.02711 9.99953
4.0 16.0 0.916661 9.99835
4.0 16.0 1.28093 9.9981
4.0 16.0 0.835869 9.99708
4.0 16.0 1.32023 9.99924
4.0 16.0 1.26021 9.99658
4.0 16.0 1.03926 9.99985
4.0 16.0 1.30169 9.9967
4.0 16.0 1.35655 9.99863
4.0 16.0 1.04214 9.99833
4.0 16.0 1.31315 9.99831
4.0 16.0 1.26294 9.99727
4.0 16.0 0.814072 9.99747
4.0 16.0 0.921247 9.99865
4.0 16.0 1.53145 9.99865
4.0 16.0 0.980093 9.99759
4.0 16.0 0.834757 9.99925
4.0 16.0 0.903502 9.99603
4.0 16.0 1.05153 9.99913
4.0 16.0 1.32074 9.99956
4.0 17.0 0.892518 9.99673
4.0 17.0 0.879935 9.99751
4.0 17.0 1.27834 9.99705
4.0 17.0 1.49477 9.99895
4.0 17.0 0.924318 9.99614
4.0 17.0 0.887299 9.99697
4.0 17.0 0.898481 9.99966
4.0 17.0 0.995191 9.99661
4.0 17.0 0.974907 9.99931
4.0 17.0 0.894671 9.99921
4.0 17.0 1.26333 9.99537
4.0 17.0 0.910903 9.99801
4.0 17.0 1.31465 9.99519
4.0 17.0 1.00124 9.99516
4.0 17.0 1.40821 9.99898
4.0 17.0 0.977141 9.99736
4.0 17.0 0.953567 9.999
4.0 17.0 0.89028 9.99878
4.0 17.0 1.33415 9.99528
4.0 17.0 1.43731 9.99703
4.0 17.0 0.979355 9.99924
4.0 17.0 1.00313 9.99872
4.0 17.0 1.22764 9.99841
4.0 17.0 1.23342 9.99727
4.0 17.0 0.848863 9.9981
4.0 17.0 0.900207 9.9986
4.0 17.0 1.35634 9.99499
4.0 17.0 0.89483 9.99808
4.0 17.0 0.982306 9.99926
4.0 17.0 1.02508 9.99811
4.0 17.0 0.922522 9.9993
4.0 17.0 0.99142 9.99979
4.0 17.0 1.24749 9.99565
4.0 17.0 0.884367 9.99711
4.0 17.0 0.928139 9.99773
4.0 17.0 0.986372 9.99891
4.0 17.0 1.01142 9.99966
4.0 17.0 0.953439 9.99868
4.0 17.0 0.927302 9.999
4.0 17.0 0.989325 9.99753
4.0 17.0 0.922907 9.99835
4.0 17.0 1.40745 9.99638
4.0 17.0 0.927222 9.99972
4.0 17.0 1.43833 9.99594
4.0 17.0 1.02208 9.99861
4.0 17.0 1.3657 9.999
4.0 17.0 1.02247 9.99837
4.0 17.0 0.938441 9.99589
4.0 17.0 0.92847 9.99478
4.0 17.0 1.32705 9.99901
4.0 31.0 1.29684 9.99834
4.0 31.0 1.53386 9.9959
4.0 31.0 1.22629 9.99904
4.0 31.0 1.42927 9.99691
4.0 31.0 1.31864 9.99927
4.0 31.0 1.2779 9.99708
4.0 31.0 1.29807 9.99826
4.0 31.0 1.39695 9.99626
4.0 31.0 1.52907 9.99847
4.0 31.0 1.38226 9.99686
4.0 31.0 1.36542 9.99246
4.0 31.0 1.32003 9.9976
4.0 31.0 1.30115 9.99945
4.0 31.0 1.27375 9.99897
4.0 31.0 1.44154 9.99942
4.0 31.0 1.42935 9.99636
4.0 31.0 1.29762 9.99915
4.0 31.0 1.30419 9.99797
4.0 31.0 1.38295 9.99801
4.0 31.0 1.33901 9.9981
4.0 31.0 1.39152 9.9928
4.0 31.0 1.52846 9.99987
4.0 31.0 1.32147 9.99684
4.0 31.0 1.39516 9.9963
4.0 31.0 1.3541 9.99563
4.0 31.0 1.31303 9.99832
4.0 31.0 1.35714 9.99817
4.0 31.0 1.34819 9.99812
4.0 31.0 1.30335 9.99642
4.0 31.0 1.32031 9.9979
4.0 31.0 1.19615 9.99854
4.0 31.0 1.34741 9.9953
4.0 31.0 1.29298 9.99794
4.0 31.0 1.4776 9.99435
4.0 31.0 1.30246 9.99801
4.0 31.0 1.44514 9.99901
4.0 31.0 1.3911 9.99405
4.0 31.0 1.41833 9.99751
4.0 31.0 1.2966 9.99824
4.0 31.0 1.3121 9.99661
4.0 31.0 1.29462 9.99896
4.0 31.0 1.3522 9.99915
4.0 31.0 1.2742 9.99832
4.0 31.0 1.42417 9.99853
4.0 31.0 1.35168 9.99829
4.0 31.0 1.39967 9.9996
4.0 31.0 1.32778 9.99576
4.0 31.0 1.33883 9.99484
4.0 31.0 1.3013 9.99511
4.0 31.0 1.21537 9.99478
4.0 32.0 1.36341 9.99921
4.0 32.0 1.47604 9.99875
4.0 32.0 0.936983 9.99829
4.0 32.0 1.34727 9.99604
4.0 32.0 1.39064 9.99138
4.0 32.0 0.967969 9.99793
4.0 32.0 1.31039 9.99704
4.0 32.0 0.930813 9.99533
4.0 32.0 1.34113 9.9951
4.0 32.0 1.21514 9.99678
4.0 32.0 1.51516 9.99955
4.0 32.0 1.36136 9.99697
4.0 32.0 1.54858 9.99845
4.0 32.0 1.25907 9.9972
4.0 32.0 1.30976 9.99782
4.0 32.0 1.28297 9.9943
4.0 32.0 1.3587 9.99655
4.0 32.0 1.36771 9.99929
4.0 32.0 0.961241 9.9998
4.0 32.0 1.37717 9.99684
4.0 32.0 0.967736 9.99671
4.0 32.0 0.953061 9.99856
4.0 32.0 1.73937 9.99586
4.0 32.0 0.996753 9.99762
4.0 32.0 0.966316 9.99627
4.0 32.0 0.943141 9.9988
4.0 32.0 0.928308 9.99908
4.0 32.0 1.48418 9.99983
4.0 32.0 1.24084 9.99853
4.0 32.0 0.9225 9.99868
4.0 32.0 1.34958 9.99681
4.0 32.0 0.910917 9.9973
4.0 32.0 1.39193 9.99947
4.0 32.0 1.45165 9.99849
4.0 32.0 0.974469 9.99425
4.0 32.0 1.79048 9.99635
4.0 32.0 1.37999 9.99887
4.0 32.0 1.36697 9.99964
4.0 32.0 0.995124 9.99621
4.0 32.0 1.39482 9.99916
4.0 32.0 0.91165 9.99834
4.0 32.0 1.34177 9.99907
4.0 32.0 1.02414 9.99503
4.0 32.0 1.29543 9.99622
4.0 32.0 1.03213 9.99391
4.0 32.0 0.933416 9.99637
4.0 32.0 1.04339 9.99925
4.0 32.0 1.38884 9.99908
4.0 32.0 0.971759 9.9982
4.0 32.0 0.957896 9.99727
4.0 33.0 1.02477 9.99908
4.0 33.0 1.03133 9.9967
4.0 33.0 1.01923 9.99138
4.0 33.0 1.02703 9.99618
4.0 33.0 0.999547 9.99523
4.0 33.0 1.01573 9.99519
4.0 33.0 1.27045 9.99873
4.0 33.0 1.05998 9.99774
4.0 33.0 1.06396 9.99723
4.0 33.0 1.05058 9.9987
4.0 33.0 1.01663 9.99508
4.0 33.0 1.04132 9.99921
4.0 33.0 1.4263 9.99615
4.0 33.0 1.44431 9.9985
4.0 33.0 1.42927 9.99439
4.0 33.0 1.03544 9.99802
4.0 33.0 1.05277 9.99743
4.0 33.0 1.01155 9.99598
4.0 33.0 0.981028 9.9984
4.0 33.0 1.30507 9.99743
4.0 33.0 1.02216 9.99846
4.0 33.0 1.0456 9.99342
4.0 33.0 1.01628 9.99986
4.0 33.0 1.02362 9.99138
4.0 33.0 1.0491 9.99898
4.0 33.0 1.04839 9.99837
4.0 33.0 1.29595 9.995
4.0 33.0 1.04327 9.99874
4.0 33.0 1.02832 9.99449
4.0 33.0 1.00042 9.99872
4.0 33.0 1.00441 9.99474
4.0 33.0 1.03157 9.99556
4.0 33.0 1.0359 9.99525
4.0 33.0 1.05902 9.99868
4.0 33.0 1.02895 9.99938
4.0 33.0 1.03907 9.99727
4.0 33.0 1.04379 9.99461
4.0 33.0 1.03298 9.99826
4.0 33.0 1.37249 9.99665
4.0 33.0 1.02979 9.99665
4.0 33.0 1.02377 9.99633
4.0 33.0 0.985066 9.99765
4.0 33.0 1.44389 9.99143
4.0 33.0 1.36693 9.99416
4.0 33.0 1.44423 9.99803
4.0 33.0 1.4615 9.99591
4.0 33.0 1.04818 9.99675
4.0 33.0 1.36943 9.99925
4.0 33.0 1.03113 9.99542
4.0 33.0 1.41726 9.99914
5.0 3.0 28.8997 25.0222
5.0 3.0 29.9514 25.0222
5.0 3.0 29.2986 25.0222
5.0 3.0 28.7963 25.0222
5.0 3.0 29.1365 25.0222
5.0 3.0 29.0616 25.0222
5.0 3.0 29.0237 25.0222
5.0 3.0 29.0084 25.0222
5.0 3.0 29.3286 25.0222
5.0 3.0 29.2845 25.0222
5.0 3.0 29.0262 25.0222
5.0 3.0 29.1799 25.0222
5.0 3.0 29.2679 25.0222
5.0 3.0 28.5865 25.0222
5.0 3.0 28.7759 25.0222
5.0 3.0 29.4079 25.0222
5.0 3.0 29.0099 25.0222
5.0 3.0 28.9437 25.0222
5.0 3.0 29.1778 25.0222
5.0 3.0 28.5449 25.0222
5.0 3.0 28.6013 25.0222
5.0 3.0 29.836 25.0222
5.0 3.0 29.2633 25.0222
5.0 3.0 28.7526 25.0222
5.0 3.0 29.4769 25.0222
5.0 3.0 29.6668 25.0222
5.0 3.0 28.6731 25.0222
5.0 3.0 29.3535 25.0222
5.0 3.0 29.9477 25.0222
5.0 3.0 29.6254 25.0222
5.0 3.0 29.1202 25.0222
5.0 3.0 28.7431 25.0222
5.0 3.0 29.4099 25.0222
5.0 3.0 28.4629 25.0222
5.0 3.0 29.2394 25.0222
5.0 3.0 29.4365 25.0222
5.0 3.0 28.7822 25.0222
5.0 3.0 29.4021 25.0222
5.0 3.0 28.8427 25.0222
5.0 3.0 28.97 25.0222
5.0 3.0 27.9068 25.0222
5.0 3.0 28.5206 25.0222
5.0 3.0 28.5947 25.0222
5.0 3.0 29.373 25.0222
5.0 3.0 28.6099 25.0222
5.0 3.0 29.3189 25.0222
5.0 3.0 28.6455 25.0222
5.0 3.0 29.5569 25.0222
5.0 3.0 28.3379 25.0222
5.0 3.0 29.2139 25.0222
5.0 4.0 20.3071 25.0222
5.0 4.0 19.5745 25.0222
5.0 4.0 19.3682 25.0222
5.0 4.0 19.591 25.0222
5.0 4.0 19.1538 25.0222
5.0 4.0 19.0942 25.0222
5.0 4.0 19.6741 25.0222
5.0 4.0 19.1663 25.0222
5.0 4.0 19.5877 25.0222
5.0 4.0 19.1696 25.0222
5.0 4.0 19.0652 25.0222
5.0 4.0 19.3328 25.0222
5.0 4.0 19.3267 25.0222
5.0 4.0 19.3119 25.0222
5.0 4.0 20.0985 25.0222
5.0 4.0 19.7026 25.0222
5.0 4.0 19.0696 25.0222
5.0 4.0 19.4394 25.0222
5.0 4.0 19.2411 25.0222
5.0 4.0 19.017 25.0222
5.0 4.0 19.3317 25.0222
5.0 4.0 19.7158 25.0222
5.0 4.0 19.6506 25.0222
5.0 4.0 19.7777 25.0222
5.0 4.0 19.0697 25.0222
5.0 4.0 19.6026 25.0222
5.0 4.0 18.9226 25.0222
5.0 4.0 19.6265 25.0222
5.0 4.0 19.7676 25.0222
5.0 4.0 19.5474 25.0222
5.0 4.0 18.9419 25.0222
5.0 4.0 19.3 25.0222
5.0 4.0 19.3208 25.0222
5.0 4.0 19.4037 25.0222
5.0 4.0 19.3428 25.0222
5.0 4.0 19.8206 25.0222
5.0 4.0 19.6506 25.0222
5.0 4.0 19.9938 25.0222
5.0 4.0 19.2357 25.0222
5.0 4.0 19.768 25.0222
5.0 4.0 19.7272 25.0222
5.0 4.0 19.4973 25.0222
5.0 4.0 19.0197 25.0222
5.0 4.0 19.2395 25.0222
5.0 4.0 19.7192 25.0222
5.0 4.0 19.1057 25.0222
5.0 4.0 19.5961 25.0222
5.0 4.0 18.942 25.0222
5.0 4.0 19.6826 25.0222
5.0 4.0 19.2079 25.0222
5.0 5.0 15.3793 25.0222
5.0 5.0 14.4996 25.0222
5.0 5.0 14.6906 25.0222
5.0 5.0 14.5956 25.0222
5.0 5.0 14.5972 25.0222
5.0 5.0 14.4696 25.0222
5.0 5.0 14.4919 25.0222
5.0 5.0 14.5483 25.0222
5.0 5.0 14.7265 25.0222
5.0 5.0 14.591 25.0222
5.0 5.0 14.4921 25.0222
5.0 5.0 14.6042 25.0222
5.0 5.0 14.9148 25.0222
5.0 5.0 14.6237 25.0222
5.0 5.0 14.7959 25.0222
5.0 5.0 14.6974 25.0222
5.0 5.0 14.7148 25.0222
5.0 5.0 14.2032 25.0222
5.0 5.0 14.525 25.0222
5.0 5.0 14.5542 25.0222
5.0 5.0 14.5702 25.0222
5.0 5.0 14.4878 25.0222
5.0 5.0 14.6227 25.0222
5.0 5.0 14.5831 25.0222
5.0 5.0 14.5166 25.0222
5.0 5.0 14.9787 25.0222
5.0 5.0 14.097 25.0222
5.0 5.0 14.64 25.0222
5.0 5.0 14.717 25.0222
5.0 5.0 14.6128 25.0222
5.0 5.0 14.5575 25.0222
5.0 5.0 14.7203 25.0222
5.0 5.0 15.1077 25.0222
5.0 5.0 14.4605 25.0222
5.0 5.0 14.6983 25.0222
5.0 5.0 14.191 25.0222
5.0 5.0 14.603 25.0222
5.0 5.0 14.6309 25.0222
5.0 5.0 14.5686 25.0222
5.0 5.0 15.0322 25.0222
5.0 5.0 14.4624 25.0222
5.0 5.0 15.0622 25.0222
5.0 5.0 14.2747 25.0222
5.0 5.0 14.5005 25.0222
5.0 5.0 14.4731 25.0222
5.0 5.0 14.688 25.0222
5.0 5.0 14.9008 25.0222
5.0 5.0 14.5084 25.0222
5.0 5.0 14.5896 25.0222
5.0 5.0 14.4497 25.0222
5.0 7.0 9.72774 25.0222
5.0 7.0 9.83456 25.0222
5.0 7.0 9.65833 25.0222
5.0 7.0 9.78614 25.0222
5.0 7.0 9.73925 25.0222
5.0 7.0 9.81546 25.0222
5.0 7.0 9.76605 25.0222
5.0 7.0 9.59605 25.0222
5.0 7.0 9.72099 25.0222
5.0 7.0 9.79771 25.0222
5.0 7.0 9.78389 25.0222
5.0 7.0 9.81607 25.0222
5.0 7.0 9.71623 25.0222
5.0 7.0 9.84056 25.0222
5.0 7.0 9.40142 25.0222
5.0 7.0 9.69765 25.0222
5.0 7.0 9.78337 25.0222
5.0 7.0 9.81322 25.0222
5.0 7.0 9.40115 25.0222
5.0 7.0 9.78841 25.0222
5.0 7.0 9.67814 25.0222
5.0 7.0 9.63312 25.0222
5.0 7.0 9.73625 25.0222
5.0 7.0 9.67167 25.0222
5.0 7.0 9.64178 25.0222
5.0 7.0 9.73839 25.0222
5.0 7.0 9.68315 25.0222
5.0 7.0 9.39932 25.0222
5.0 7.0 9.72883 25.0222
5.0 7.0 9.67194 25.0222
5.0 7.0 9.81997 25.0222
5.0 7.0 9.79848 25.0222
5.0 7.0 9.64275 25.0222
5.0 7.0 9.73916 25.0222
5.0 7.0 9.78885 25.0222
5.0 7.0 9.7804 25.0222
5.0 7.0 9.73434 25.0222
5.0 7.0 9.72803 25.0222
5.0 7.0 9.81219 25.0222
5.0 7.0 9.82749 25.0222
5.0 7.0 9.71179 25.0222
5.0 7.0 10.0303 25.0222
5.0 7.0 9.73254 25.0222
5.0 7.0 9.80238 25.0222
5.0 7.0 9.64401 25.0222
5.0 7.0 9.77137 25.0222
5.0 7.0 9.72161 25.0222
5.0 7.0 9.65902 25.0222
5.0 7.0 9.73231 25.0222
5.0 7.0 9.69949 25.0222
5.0 8.0 8.45797 25.0222
5.0 8.0 8.40971 25.0222
5.0 8.0 8.38332 25.0222
5.0 8.0 8.41668 25.0222
5.0 8.0 8.42407 25.0222
5.0 8.0 8.3402 25.0222
5.0 8.0 8.50733 25.0222
5.0 8.0 8.3001 25.0222
5.0 8.0 8.43748 25.0222
5.0 8.0 8.41753 25.0222
5.0 8.0 8.34647 25.0222
5.0 8.0 8.364 25.0222
5.0 8.0 8.40783 25.0222
5.0 8.0 8.31637 25.0222
5.0 8.0 8.35227 25.0222
5.0 8.0 8.29703 25.0222
5.0 8.0 8.34434 25.0222
5.0 8.0 8.43107 25.0222
5.0 8.0 8.38047 25.0222
5.0 8.0 8.36857 25.0222
5.0 8.0 8.40158 25.0222
5.0 8.0 8.44106 25.0222
5.0 8.0 8.35743 25.0222
5.0 8.0 8.3215 25.0222
5.0 8.0 8.37899 25.0222
5.0 8.0 8.35043 25.0222
5.0 8.0 8.3783 25.0222
5.0 8.0 8.29657 25.0222
5.0 8.0 8.36587 25.0222
5.0 8.0 8.42388 25.0222
5.0 8.0 8.41552 25.0222
5.0 8.0 8.42477 25.0222
5.0 8.0 8.36578 25.0222
5.0 8.0 8.0727 25.0222
5.0 8.0 8.44699 25.0222
5.0 8.0 8.29452 25.0222
5.0 8.0 8.30578 25.0222
5.0 8.0 8.36685 25.0222
5.0 8.0 8.30365 25.0222
5.0 8.0 8.44132 25.0222
5.0 8.0 8.35496 25.0222
5.0 8.0 8.35541 25.0222
5.0 8.0 8.48694 25.0222
5.0 8.0 8.34545 25.0222
5.0 8.0 8.36583 25.0222
5.0 8.0 8.37357 25.0222
5.0 8.0 8.38604 25.0222
5.0 8.0 8.32157 25.0222
5.0 8.0 8.39048 25.0222
5.0 8.0 8.30792 25.0222
5.0 9.0 7.40578 25.0222
5.0 9.0 7.37415 25.0222
5.0 9.0 7.40047 25.0222
5.0 9.0 7.39702 25.0222
5.0 9.0 7.25819 25.0222
5.0 9.0 7.37594 25.0222
5.0 9.0 7.37866 25.0222
5.0 9.0 7.41092 25.0222
5.0 9.0 7.41387 25.0222
5.0 9.0 7.52624 25.0222
5.0 9.0 7.42668 25.0222
5.0 9.0 7.24523 25.0222
5.0 9.0 7.38811 25.0222
5.0 9.0 7.53117 25.0222
5.0 9.0 7.42719 25.0222
5.0 9.0 7.4057 25.0222
5.0 9.0 7.37016 25.0222
5.0 9.0 7.39308 25.0222
5.0 9.0 7.48359 25.0222
5.0 9.0 7.4045 25.0222
5.0 9.0 7.25886 25.0222
5.0 9.0 7.36507 25.0222
5.0 9.0 7.3842 25.0222
5.0 9.0 7.38598 25.0222
5.0 9.0 7.4394 25.0222
5.0 9.0 7.4063 25.0222
5.0 9.0 7.43272 25.0222
5.0 9.0 7.25537 25.0222
5.0 9.0 7.50625 25.0222
5.0 9.0 7.44685 25.0222
5.0 9.0 7.56767 25.0222
5.0 9.0 7.37645 25.0222
5.0 9.0 7.38582 25.0222
5.0 9.0 7.4335 25.0222
5.0 9.0 7.47729 25.0222
5.0 9.0 7.35515 25.0222
5.0 9.0 7.37361 25.0222
5.0 9.0 7.37124 25.0222
5.0 9.0 7.39346 25.0222
5.0 9.0 7.26449 25.0222
5.0 9.0 7.41361 25.0222
5.0 9.0 7.48993 25.0222
5.0 9.0 7.38804 25.0222
5.0 9.0 7.39261 25.0222
5.0 9.0 7.35478 25.0222
5.0 9.0 7.38981 25.0222
5.0 9.0 7.48538 25.0222
5.0 9.0 7.35681 25.0222
5.0 9.0 7.26042 25.0222
5.0 9.0 7.5127 25.0222
5.0 15.0 4.22098 25.0222
5.0 15.0 4.22507 25.0222
5.0 15.0 4.2353 25.0222
5.0 15.0 4.23529 25.0222
5.0 15.0 4.32896 25.0222
5.0 15.0 4.24474 25.0222
5.0 15.0 4.23537 25.0222
5.0 15.0 4.33767 25.0222
5.0 15.0 4.29862 25.0222
5.0 15.0 4.25535 25.0222
5.0 15.0 4.28739 25.0222
5.0 15.0 4.22292 25.0222
5.0 15.0 4.22061 25.0222
5.0 15.0 4.32287 25.0222
5.0 15.0 4.32847 25.0222
5.0 15.0 4.24458 25.0222
5.0 15.0 4.29774 25.0222
5.0 15.0 4.21878 25.0222
5.0 15.0 4.23414 25.0222
5.0 15.0 4.32738 25.0222
5.0 15.0 4.32062 25.0222
5.0 15.0 4.33405 25.0222
5.0 15.0 4.22467 25.0222
5.0 15.0 4.23022 25.0222
5.0 15.0 4.32489 25.0222
5.0 15.0 4.33944 25.0222
5.0 15.0 4.22307 25.0222
5.0 15.0 4.27229 25.0222
5.0 15.0 4.22742 25.0222
5.0 15.0 4.2989 25.0222
5.0 15.0 4.3211 25.0222
5.0 15.0 4.22804 25.0222
5.0 15.0 4.29288 25.0222
5.0 15.0 4.31895 25.0222
5.0 15.0 4.23153 25.0222
5.0 15.0 4.233 25.0222
5.0 15.0 4.33924 25.0222
5.0 15.0 4.23383 25.0222
5.0 15.0 4.32945 25.0222
5.0 15.0 4.35684 25.0222
5.0 15.0 4.23202 25.0222
5.0 15.0 4.30127 25.0222
5.0 15.0 4.33164 25.0222
5.0 15.0 4.31393 25.0222
5.0 15.0 4.31385 25.0222
5.0 15.0 4.22108 25.0222
5.0 15.0 4.23861 25.0222
5.0 15.0 4.34548 25.0222
5.0 15.0 4.22595 25.0222
5.0 15.0 4.30142 25.0222
5.0 16.0 3.93093 25.0222
5.0 16.0 3.96087 25.0222
5.0 16.0 3.97468 25.0222
5.0 16.0 4.05632 25.0222
5.0 16.0 3.93455 25.0222
5.0 16.0 4.04812 25.0222
5.0 16.0 3.95257 25.0222
5.0 16.0 4.02966 25.0222
5.0 16.0 4.06001 25.0222
5.0 16.0 4.03285 25.0222
5.0 16.0 3.97194 25.0222
5.0 16.0 4.03045 25.0222
5.0 16.0 4.067 25.0222
5.0 16.0 3.93248 25.0222
5.0 16.0 3.98397 25.0222
5.0 16.0 4.07601 25.0222
5.0 16.0 4.05744 25.0222
5.0 16.0 3.94777 25.0222
5.0 16.0 3.97314 25.0222
5.0 16.0 4.07486 25.0222
5.0 16.0 4.06112 25.0222
5.0 16.0 3.95867 25.0222
5.0 16.0 4.00936 25.0222
5.0 16.0 3.92285 25.0222
5.0 16.0 4.05506 25.0222
5.0 16.0 4.05628 25.0222
5.0 16.0 4.01713 25.0222
5.0 16.0 3.96578 25.0222
5.0 16.0 3.92244 25.0222
5.0 16.0 3.99585 25.0222
5.0 16.0 4.01844 25.0222
5.0 16.0 3.96544 25.0222
5.0 16.0 3.92335 25.0222
5.0 16.0 4.06321 25.0222
5.0 16.0 4.06291 25.0222
5.0 16.0 3.94321 25.0222
5.0 16.0 4.05615 25.0222
5.0 16.0 3.96419 25.0222
5.0 16.0 4.0597 25.0222
5.0 16.0 3.96997 25.0222
5.0 16.0 4.04349 25.0222
5.0 16.0 4.02662 25.0222
5.0 16.0 4.0823 25.0222
5.0 16.0 3.9712 25.0222
5.0 16.0 3.94074 25.0222
5.0 16.0 3.93659 25.0222
5.0 16.0 4.05076 25.0222
5.0 16.0 4.01123 25.0222
5.0 16.0 3.92864 25.0222
5.0 16.0 4.04759 25.0222
5.0 17.0 3.69822 25.0222
5.0 17.0 3.70272 25.0222
5.0 17.0 3.6968 25.0222
5.0 17.0 3.69298 25.0222
5.0 17.0 3.71058 25.0222
5.0 17.0 3.69343 25.0222
5.0 17.0 3.69288 25.0222
5.0 17.0 3.71822 25.0222
5.0 17.0 3.72282 25.0222
5.0 17.0 3.71827 25.0222
5.0 17.0 3.7155 25.0222
5.0 17.0 3.71784 25.0222
5.0 17.0 3.72057 25.0222
5.0 17.0 3.78676 25.0222
5.0 17.0 3.7151 25.0222
5.0 17.0 3.71324 25.0222
5.0 17.0 3.78491 25.0222
5.0 17.0 3.71113 25.0222
5.0 17.0 3.77362 25.0222
5.0 17.0 3.77344 25.0222
5.0 17.0 3.69967 25.0222
5.0 17.0 3.72149 25.0222
5.0 17.0 3.70841 25.0222
5.0 17.0 3.70849 25.0222
5.0 17.0 3.719 25.0222
5.0 17.0 3.79952 25.0222
5.0 17.0 3.76578 25.0222
5.0 17.0 3.76365 25.0222
5.0 17.0 3.70689 25.0222
5.0 17.0 3.69501 25.0222
5.0 17.0 3.70211 25.0222
5.0 17.0 3.7894 25.0222
5.0 17.0 3.7841 25.0222
5.0 17.0 3.69751 25.0222
5.0 17.0 3.77863 25.0222
5.0 17.0 3.79047 25.0222
5.0 17.0 3.78482 25.0222
5.0 17.0 3.68355 25.0222
5.0 17.0 3.68846 25.0222
5.0 17.0 3.78219 25.0222
5.0 17.0 3.70259 25.0222
5.0 17.0 3.70607 25.0222
5.0 17.0 3.69024 25.0222
5.0 17.0 3.78495 25.0222
5.0 17.0 3.68291 25.0222
5.0 17.0 3.67198 25.0222
5.0 17.0 3.67859 25.0222
5.0 17.0 3.67698 25.0222
5.0 17.0 3.69851 25.0222
5.0 17.0 3.80283 25.0222
5.0 31.0 2.0837 25.0222
5.0 31.0 2.19404 25.0222
5.0 31.0 2.05784 25.0222
5.0 31.0 2.0914 25.0222
5.0 31.0 2.08367 25.0222
5.0 31.0 2.07469 25.0222
5.0 31.0 2.12459 25.0222
5.0 31.0 2.08164 25.0222
5.0 31.0 2.08342 25.0222
5.0 31.0 2.22198 25.0222
5.0 31.0 2.09114 25.0222
5.0 31.0 2.06382 25.0222
5.0 31.0 2.19058 25.0222
5.0 31.0 2.03769 25.0222
5.0 31.0 2.0792 25.0222
5.0 31.0 2.08582 25.0222
5.0 31.0 2.04959 25.0222
5.0 31.0 2.27923 25.0222
5.0 31.0 2.0491 25.0222
5.0 31.0 2.06581 25.0222
5.0 31.0 2.07005 25.0222
5.0 31.0 2.23167 25.0222
5.0 31.0 2.07256 25.0222
5.0 31.0 2.19026 25.0222
5.0 31.0 2.06967 25.0222
5.0 31.0 2.0529 25.0222
5.0 31.0 2.06783 25.0222
5.0 31.0 2.05191 25.0222
5.0 31.0 2.20887 25.0222
5.0 31.0 2.05544 25.0222
5.0 31.0 2.05768 25.0222
5.0 31.0 2.07644 25.0222
5.0 31.0 2.07994 25.0222
5.0 31.0 2.0492 25.0222
5.0 31.0 2.06909 25.0222
5.0 31.0 2.13463 25.0222
5.0 31.0 2.06652 25.0222
5.0 31.0 2.09849 25.0222
5.0 31.0 2.11173 25.0222
5.0 31.0 2.10954 25.0222
5.0 31.0 2.1092 25.0222
5.0 31.0 2.1585 25.0222
5.0 31.0 2.08336 25.0222
5.0 31.0 2.1632 25.0222
5.0 31.0 2.10864 25.0222
5.0 31.0 2.05917 25.0222
5.0 31.0 2.08918 25.0222
5.0 31.0 2.05353 25.0222
5.0 31.0 2.05768 25.0222
5.0 31.0 2.09367 25.0222
5.0 32.0 1.94899 25.0222
5.0 32.0 1.93992 25.0222
5.0 32.0 1.94786 25.0222
5.0 32.0 1.93308 25.0222
5.0 32.0 1.95485 25.0222
5.0 32.0 1.93397 25.0222
5.0 32.0 1.93096 25.0222
5.0 32.0 1.91926 25.0222
5.0 32.0 1.92346 25.0222
5.0 32.0 1.94306 25.0222
5.0 32.0 1.94952 25.0222
5.0 32.0 1.92072 25.0222
5.0 32.0 1.95004 25.0222
5.0 32.0 1.92107 25.0222
5.0 32.0 1.93956 25.0222
5.0 32.0 1.92719 25.0222
5.0 32.0 1.92074 25.0222
5.0 32.0 1.93135 25.0222
5.0 32.0 1.91762 25.0222
5.0 32.0 1.94661 25.0222
5.0 32.0 1.92643 25.0222
5.0 32.0 1.92518 25.0222
5.0 32.0 1.94132 25.0222
5.0 32.0 1.93833 25.0222
5.0 32.0 1.91789 25.0222
5.0 32.0 1.9423 25.0222
5.0 32.0 1.92655 25.0222
5.0 32.0 1.91812 25.0222
5.0 32.0 1.93698 25.0222
5.0 32.0 1.92173 25.0222
5.0 32.0 1.92824 25.0222
5.0 32.0 1.91939 25.0222
5.0 32.0 1.92273 25.0222
5.0 32.0 1.92889 25.0222
5.0 32.0 1.92093 25.0222
5.0 32.0 1.92437 25.0222
5.0 32.0 1.93794 25.0222
5.0 32.0 1.92173 25.0222
5.0 32.0 1.92083 25.0222
5.0 32.0 1.92776 25.0222
5.0 32.0 1.93425 25.0222
5.0 32.0 1.93985 25.0222
5.0 32.0 1.92329 25.0222
5.0 32.0 1.92041 25.0222
5.0 32.0 1.93529 25.0222
5.0 32.0 1.92285 25.0222
5.0 32.0 1.94391 25.0222
5.0 32.0 1.93981 25.0222
5.0 32.0 1.92872 25.0222
5.0 32.0 1.95532 25.0222
5.0 33.0 1.88743 25.0222
5.0 33.0 1.88614 25.0222
5.0 33.0 1.88957 25.0222
5.0 33.0 1.88413 25.0222
5.0 33.0 1.97852 25.0222
5.0 33.0 1.88566 25.0222
5.0 33.0 1.98288 25.0222
5.0 33.0 1.99526 25.0222
5.0 33.0 1.98368 25.0222
5.0 33.0 1.8892 25.0222
5.0 33.0 1.96431 25.0222
5.0 33.0 1.9546 25.0222
5.0 33.0 1.95971 25.0222
5.0 33.0 1.8699 25.0222
5.0 33.0 1.87153 25.0222
5.0 33.0 1.87619 25.0222
5.0 33.0 1.87833 25.0222
5.0 33.0 1.87244 25.0222
5.0 33.0 1.98966 25.0222
5.0 33.0 1.87318 25.0222
5.0 33.0 1.88913 25.0222
5.0 33.0 1.86615 25.0222
5.0 33.0 1.89869 25.0222
5.0 33.0 1.86992 25.0222
5.0 33.0 1.89861 25.0222
5.0 33.0 1.87224 25.0222
5.0 33.0 1.87224 25.0222
5.0 33.0 1.87224 25.0222
5.0 33.0 1.87224 25.0222
5.0 33.0 1.87224 25.0222
5.0 33.0 1.87224 25.0222
5.0 33.0 1.87224 25.0222
5.0 33.0 1.87224 25.0222
5.0 33.0 1.87224 25.0222
5.0 33.0 1.87224 25.0222
5.0 33.0 1.87224 25.0222
5.0 33.0 1.87224 25.0222
5.0 33.0 1.87224 25.0222
5.0 33.0 1.87224 25.0222
5.0 33.0 1.87224 25.0222
5.0 33.0 1.87224 25.0222
5.0 33.0 1.87224 25.0222
5.0 33.0 1.87224 25.0222
5.0 33.0 1.87224 25.0222
5.0 33.0 1.87224 25.0222
5.0 33.0 1.87224 25.0222
5.0 33.0 1.87224 25.0222
5.0 33.0 1.87224 25.0222
5.0 33.0 1.87224 25.0222
5.0 33.0 1.87224 25.0222
