0.0 1.0 0.443679 -181.093
0.0 1.0 0.447036 -180.992
0.0 1.0 0.455939 -181.083
0.0 1.0 0.462993 -180.965
0.0 1.0 0.416357 -181.082
0.0 1.0 0.420876 -181.082
0.0 1.0 0.442187 -181.08
0.0 1.0 0.488223 -181.082
0.0 1.0 0.443614 -181.093
0.0 1.0 0.454308 -181.08
0.0 1.0 0.474851 -181.1
0.0 1.0 0.436672 -181.082
0.0 1.0 0.46133 -181.08
0.0 1.0 0.468762 -180.965
0.0 1.0 0.421429 -181.08
0.0 1.0 0.451131 -181.082
0.0 1.0 0.451144 -181.05
0.0 1.0 0.403194 -181.082
0.0 1.0 0.452676 -181.082
0.0 1.0 0.487755 -181.08
0.0 1.0 0.449998 -181.03
0.0 1.0 0.547719 -181.03
0.0 1.0 0.480577 -181.03
0.0 1.0 0.480269 -181.03
0.0 1.0 0.480945 -180.965
0.0 1.0 0.41957 -181.082
0.0 1.0 0.431787 -181.093
0.0 1.0 0.421607 -181.082
0.0 1.0 0.437769 -181.093
0.0 1.0 0.448328 -181.08
0.0 1.0 0.426419 -181.092
0.0 1.0 0.472835 -180.973
0.0 1.0 0.433244 -181.082
0.0 1.0 0.471548 -180.87
0.0 1.0 0.430585 -181.093
0.0 1.0 0.439916 -181.082
0.0 1.0 0.510234 -181.05
0.0 1.0 0.458373 -181.082
0.0 1.0 0.452505 -181.082
0.0 1.0 0.450136 -181.08
0.0 1.0 0.516883 -181.05
0.0 1.0 0.481565 -180.965
0.0 1.0 0.477667 -181.083
0.0 1.0 0.481834 -181.05
0.0 1.0 0.421449 -181.082
0.0 1.0 0.473435 -181.095
0.0 1.0 0.449145 -181.05
0.0 1.0 0.455903 -181.082
0.0 1.0 0.450225 -181.093
0.0 1.0 0.45092 -181.03
0.0 2.0 1.68922 -180.96
0.0 2.0 1.53588 -181.06
0.0 2.0 1.25964 -181.015
0.0 2.0 1.76037 -180.955
0.0 2.0 1.67394 -181.051
0.0 2.0 1.65559 -180.997
0.0 2.0 1.70731 -180.971
0.0 2.0 1.36689 -181.062
0.0 2.0 1.13215 -180.995
0.0 2.0 1.21477 -181.082
0.0 2.0 1.65959 -181.059
0.0 2.0 1.06559 -181.082
0.0 2.0 1.17883 -181.082
0.0 2.0 1.14531 -181.059
0.0 2.0 1.66322 -181.059
0.0 2.0 1.1357 -181.082
0.0 2.0 1.63498 -181.077
0.0 2.0 1.14112 -181.107
0.0 2.0 1.10871 -181.06
0.0 2.0 1.1302 -181.059
0.0 2.0 1.75169 -180.982
0.0 2.0 1.09496 -181.06
0.0 2.0 1.19819 -181.082
0.0 2.0 1.40696 -181.06
0.0 2.0 1.16915 -181.051
0.0 2.0 1.18653 -181.084
0.0 2.0 1.39463 -181.082
0.0 2.0 1.11178 -181.082
0.0 2.0 1.117 -180.998
0.0 2.0 1.72093 -181.099
0.0 2.0 1.39319 -181.05
0.0 2.0 1.1094 -180.971
0.0 2.0 1.21285 -180.836
0.0 2.0 1.37682 -181.05
0.0 2.0 0.991771 -181.06
0.0 2.0 1.08331 -181.066
0.0 2.0 1.16734 -181.059
0.0 2.0 1.70281 -180.996
0.0 2.0 1.20449 -181.036
0.0 2.0 1.59062 -180.955
0.0 2.0 1.21369 -181.082
0.0 2.0 1.24273 -181.105
0.0 2.0 1.11724 -181.091
0.0 2.0 1.54681 -181.082
0.0 2.0 1.09908 -181.06
0.0 2.0 1.52283 -181.082
0.0 2.0 1.4193 -181.082
0.0 2.0 1.18061 -181.082
0.0 2.0 1.20917 -181.077
0.0 2.0 1.56403 -181.059
0.0 4.0 1.37478 -181.041
0.0 4.0 1.47431 -180.96
0.0 4.0 1.36078 -181.072
0.0 4.0 1.62135 -181.083
0.0 4.0 1.44146 -180.96
0.0 4.0 1.3136 -181.053
0.0 4.0 1.27652 -181.069
0.0 4.0 1.53939 -181.051
0.0 4.0 1.47432 -180.904
0.0 4.0 1.19353 -181.061
0.0 4.0 1.53384 -181.026
0.0 4.0 1.64593 -180.96
0.0 4.0 1.18974 -181.056
0.0 4.0 1.62715 -181.083
0.0 4.0 1.42812 -181.058
0.0 4.0 1.62157 -181.083
0.0 4.0 1.36243 -181.051
0.0 4.0 1.63422 -181.015
0.0 4.0 1.46693 -181.046
0.0 4.0 1.55953 -181.073
0.0 4.0 1.6578 -180.96
0.0 4.0 1.40074 -181.082
0.0 4.0 1.48707 -181.096
0.0 4.0 1.25847 -180.972
0.0 4.0 1.17958 -180.96
0.0 4.0 1.49306 -181.05
0.0 4.0 1.30401 -181.1
0.0 4.0 1.31278 -181.025
0.0 4.0 1.22177 -181.035
0.0 4.0 1.42824 -181.004
0.0 4.0 1.59026 -181.099
0.0 4.0 1.4581 -181.061
0.0 4.0 1.39652 -180.96
0.0 4.0 1.44239 -181.085
0.0 4.0 1.48081 -180.98
0.0 4.0 1.23299 -181.09
0.0 4.0 1.61004 -181.028
0.0 4.0 1.38568 -181.067
0.0 4.0 1.45196 -181.079
0.0 4.0 1.55308 -181.063
0.0 4.0 1.40194 -180.967
0.0 4.0 1.52236 -181.075
0.0 4.0 1.28648 -181.1
0.0 4.0 1.47418 -181.001
0.0 4.0 1.60531 -181.043
0.0 4.0 1.27674 -181.078
0.0 4.0 1.5294 -180.748
0.0 4.0 1.58771 -180.991
0.0 4.0 1.49665 -181.055
0.0 4.0 1.71004 -181.013
0.0 5.0 0.269785 -181.046
0.0 5.0 0.259247 -181.046
0.0 5.0 0.241441 -181.017
0.0 5.0 0.249657 -181.014
0.0 5.0 0.252279 -180.979
0.0 5.0 0.246175 -181.017
0.0 5.0 0.828527 -180.902
0.0 5.0 0.259775 -181.077
0.0 5.0 0.244636 -181.017
0.0 5.0 0.251797 -180.88
0.0 5.0 0.264349 -181.077
0.0 5.0 0.7978 -181.029
0.0 5.0 0.731168 -181.093
0.0 5.0 0.717801 -180.969
0.0 5.0 0.910658 -181.061
0.0 5.0 1.06401 -180.954
0.0 5.0 0.743391 -181.093
0.0 5.0 1.23112 -181.046
0.0 5.0 1.07606 -181.01
0.0 5.0 0.742805 -180.935
0.0 5.0 1.66057 -180.971
0.0 5.0 1.6773 -181.034
0.0 5.0 0.941752 -181.039
0.0 5.0 0.811957 -180.751
0.0 5.0 1.68324 -181.043
0.0 5.0 1.19458 -180.915
0.0 5.0 1.09432 -180.971
0.0 5.0 0.836653 -181.046
0.0 5.0 1.74558 -180.88
0.0 5.0 1.7259 -181.029
0.0 5.0 1.58411 -180.88
0.0 5.0 1.61647 -180.88
0.0 5.0 2.43543 -181.014
0.0 5.0 1.25903 -181.061
0.0 5.0 2.46595 -181.022
0.0 5.0 2.49136 -180.916
0.0 5.0 2.02995 -180.971
0.0 5.0 2.05026 -180.911
0.0 5.0 0.834942 -181.001
0.0 5.0 0.806243 -181.064
0.0 5.0 1.62615 -181.029
0.0 5.0 1.60201 -181.093
0.0 5.0 1.66309 -181.054
0.0 5.0 1.63629 -180.64
0.0 5.0 1.72182 -181.061
0.0 5.0 1.76715 -180.918
0.0 5.0 1.85832 -181.093
0.0 5.0 1.70642 -180.89
0.0 5.0 1.72289 -181.064
0.0 5.0 1.58422 -180.885
0.0 10.0 0.194367 -180.953
0.0 10.0 0.194767 -180.953
0.0 10.0 0.196505 -181.066
0.0 10.0 0.196165 -180.953
0.0 10.0 0.196493 -181.066
0.0 10.0 0.190432 -180.953
0.0 10.0 0.186122 -181.071
0.0 10.0 0.198835 -181.066
0.0 10.0 0.184003 -181.071
0.0 10.0 0.193523 -180.953
0.0 10.0 0.191287 -180.953
0.0 10.0 0.192306 -180.953
0.0 10.0 0.194016 -180.953
0.0 10.0 0.191238 -180.953
0.0 10.0 0.195901 -180.953
0.0 10.0 0.192872 -180.953
0.0 10.0 0.196357 -181.066
0.0 10.0 0.184941 -181.071
0.0 10.0 0.192864 -180.953
0.0 10.0 0.195609 -180.953
0.0 10.0 0.195306 -181.066
0.0 10.0 0.20048 -181.066
0.0 10.0 0.195114 -180.953
0.0 10.0 0.189416 -180.953
0.0 10.0 0.192325 -180.953
0.0 10.0 0.196591 -181.066
0.0 10.0 0.186562 -181.071
0.0 10.0 0.194142 -180.955
0.0 10.0 0.192997 -180.953
0.0 10.0 0.196532 -180.953
0.0 10.0 0.192468 -180.953
0.0 10.0 0.19357 -180.953
0.0 10.0 0.183844 -181.071
0.0 10.0 0.19836 -181.066
0.0 10.0 0.2014 -181.066
0.0 10.0 0.194418 -180.953
0.0 10.0 0.200056 -181.066
0.0 10.0 0.18878 -180.994
0.0 10.0 0.191179 -180.953
0.0 10.0 0.190382 -180.953
0.0 10.0 0.189922 -180.953
0.0 10.0 0.192899 -180.953
0.0 10.0 0.190577 -180.953
0.0 10.0 0.193146 -180.953
0.0 10.0 0.18332 -181.071
0.0 10.0 0.193604 -180.953
0.0 10.0 0.195374 -180.953
0.0 10.0 0.193487 -180.944
0.0 10.0 0.19111 -181.071
0.0 10.0 0.198178 -180.955
0.0 20.0 0.965183 -180.783
0.0 20.0 0.872722 -180.999
0.0 20.0 0.892995 -181.012
0.0 20.0 0.91216 -180.969
0.0 20.0 0.153916 -181.024
0.0 20.0 0.154694 -180.946
0.0 20.0 0.867966 -181.069
0.0 20.0 0.956715 -180.986
0.0 20.0 0.805744 -181.036
0.0 20.0 0.819757 -181.087
0.0 20.0 0.734416 -181.068
0.0 20.0 0.981576 -181.1
0.0 20.0 0.82344 -180.986
0.0 20.0 0.923553 -181.024
0.0 20.0 0.836313 -181.032
0.0 20.0 0.151822 -180.946
0.0 20.0 0.151268 -180.946
0.0 20.0 0.900634 -181.086
0.0 20.0 0.988013 -181.106
0.0 20.0 0.897638 -181.009
0.0 20.0 0.934103 -181.027
0.0 20.0 0.998637 -181.036
0.0 20.0 0.821845 -181.083
0.0 20.0 0.93937 -181.07
0.0 20.0 0.938668 -181.012
0.0 20.0 0.755637 -181.012
0.0 20.0 1.02109 -181.084
0.0 20.0 0.91276 -180.913
0.0 20.0 0.79313 -181.068
0.0 20.0 0.838846 -181.016
0.0 20.0 0.961553 -180.935
0.0 20.0 0.821226 -180.934
0.0 20.0 0.865447 -181.013
0.0 20.0 0.976464 -181.038
0.0 20.0 0.992941 -181.098
0.0 20.0 0.790389 -180.927
0.0 20.0 0.154121 -180.946
0.0 20.0 0.152931 -181.097
0.0 20.0 0.153554 -180.946
0.0 20.0 1.05629 -181.03
0.0 20.0 0.15484 -180.946
0.0 20.0 0.982278 -181.074
0.0 20.0 0.153735 -180.946
0.0 20.0 0.801678 -181.041
0.0 20.0 0.151211 -180.946
0.0 20.0 1.04494 -181.057
0.0 20.0 0.147411 -180.946
0.0 20.0 1.10771 -181.003
0.0 20.0 1.04394 -181.044
0.0 20.0 0.151056 -180.946
0.0 25.0 0.718132 -180.724
0.0 25.0 0.952932 -180.724
0.0 25.0 0.954564 -180.724
0.0 25.0 0.844547 -180.724
0.0 25.0 0.76611 -180.724
0.0 25.0 0.858289 -180.724
0.0 25.0 0.973212 -180.724
0.0 25.0 0.876383 -180.724
0.0 25.0 0.847587 -180.724
0.0 25.0 0.849302 -180.724
0.0 25.0 0.850908 -180.724
0.0 25.0 0.823631 -180.724
0.0 25.0 1.21617 -180.724
0.0 25.0 1.21843 -180.724
0.0 25.0 0.798131 -180.724
0.0 25.0 1.1996 -180.724
0.0 25.0 0.873064 -180.724
0.0 25.0 0.86694 -180.724
0.0 25.0 0.844547 -180.724
0.0 25.0 0.967707 -180.724
0.0 25.0 0.849262 -180.724
0.0 25.0 0.785581 -180.724
0.0 25.0 0.845994 -180.724
0.0 25.0 0.964636 -180.724
0.0 25.0 0.755046 -180.724
0.0 25.0 1.19828 -180.724
0.0 25.0 0.783195 -180.724
0.0 25.0 0.848825 -180.724
0.0 25.0 0.75742 -180.724
0.0 25.0 0.867568 -180.724
0.0 25.0 0.754297 -180.724
0.0 25.0 0.785423 -180.724
0.0 25.0 1.21512 -180.724
0.0 25.0 1.1956 -180.724
0.0 25.0 0.845424 -180.724
0.0 25.0 0.968112 -180.724
0.0 25.0 0.845375 -180.724
0.0 25.0 1.03821 -180.724
0.0 25.0 1.20172 -180.724
0.0 25.0 0.784558 -180.724
0.0 25.0 0.995558 -180.724
0.0 25.0 0.758624 -180.724
0.0 25.0 0.786228 -180.724
0.0 25.0 0.857656 -180.724
0.0 25.0 0.850669 -180.724
0.0 25.0 0.849304 -180.724
0.0 25.0 0.866253 -180.724
0.0 25.0 0.845421 -180.724
0.0 25.0 1.18216 -180.724
0.0 25.0 0.85149 -180.724
1.0 1.0 0.485688 -19.5952
1.0 1.0 0.477709 -19.5954
1.0 1.0 0.520031 -19.5954
1.0 1.0 0.460515 -19.5953
1.0 1.0 0.481885 -19.5954
1.0 1.0 0.468921 -19.5954
1.0 1.0 0.425061 -19.5954
1.0 1.0 0.481346 -19.5952
1.0 1.0 0.531335 -19.5954
1.0 1.0 0.52715 -19.5954
1.0 1.0 0.496044 -19.5954
1.0 1.0 0.50117 -19.5949
1.0 1.0 0.474438 -19.5954
1.0 1.0 0.516678 -19.5954
1.0 1.0 0.469927 -19.5954
1.0 1.0 0.507007 -19.5953
1.0 1.0 0.474976 -19.5949
1.0 1.0 0.425042 -19.5953
1.0 1.0 0.449781 -19.5954
1.0 1.0 0.446466 -19.5954
1.0 1.0 0.442804 -19.5954
1.0 1.0 0.477996 -19.5952
1.0 1.0 0.452925 -19.5949
1.0 1.0 0.468935 -19.5954
1.0 1.0 0.48255 -19.5949
1.0 1.0 0.458782 -19.5953
1.0 1.0 0.468454 -19.5954
1.0 1.0 2.07548 -19.5952
1.0 1.0 2.26983 -19.5951
1.0 1.0 1.98297 -19.5954
1.0 1.0 1.84968 -19.5953
1.0 1.0 1.77626 -19.5947
1.0 1.0 2.07578 -19.5954
1.0 1.0 2.09909 -19.5954
1.0 1.0 2.01672 -19.5954
1.0 1.0 1.85097 -19.5954
1.0 1.0 2.09223 -19.5952
1.0 1.0 0.520643 -19.5954
1.0 1.0 0.512995 -19.5954
1.0 1.0 0.526231 -19.5954
1.0 1.0 0.472887 -19.5953
1.0 1.0 0.508425 -19.5954
1.0 1.0 0.497469 -19.5954
1.0 1.0 0.504529 -19.5954
1.0 1.0 0.495813 -19.5948
1.0 1.0 0.50574 -19.5954
1.0 1.0 0.487485 -19.5953
1.0 1.0 0.485059 -19.5954
1.0 1.0 0.514916 -19.5954
1.0 1.0 0.484513 -19.5949
1.0 2.0 1.18331 -19.5954
1.0 2.0 1.56578 -19.5954
1.0 2.0 1.10068 -19.5954
1.0 2.0 1.0877 -19.5916
1.0 2.0 1.59069 -19.5954
1.0 2.0 1.60725 -19.5954
1.0 2.0 1.52176 -19.5954
1.0 2.0 1.66396 -19.5954
1.0 2.0 1.65488 -19.5954
1.0 2.0 1.45984 -19.595
1.0 2.0 1.07771 -19.5954
1.0 2.0 1.96332 -19.5954
1.0 2.0 1.92564 -19.5951
1.0 2.0 2.13621 -19.5954
1.0 2.0 1.14622 -19.5954
1.0 2.0 1.53495 -19.5948
1.0 2.0 1.56439 -19.5951
1.0 2.0 1.16199 -19.5954
1.0 2.0 1.65711 -19.595
1.0 2.0 1.49038 -19.5953
1.0 2.0 1.65216 -19.5953
1.0 2.0 1.55412 -19.5954
1.0 2.0 1.67209 -19.5954
1.0 2.0 1.54535 -19.5954
1.0 2.0 1.16847 -19.5954
1.0 2.0 1.67955 -19.5954
1.0 2.0 1.33044 -19.5953
1.0 2.0 1.51889 -19.5947
1.0 2.0 1.54494 -19.5948
1.0 2.0 1.53097 -19.5954
1.0 2.0 1.61726 -19.5953
1.0 2.0 1.98801 -19.5951
1.0 2.0 1.81075 -19.5954
1.0 2.0 1.90776 -19.5954
1.0 2.0 1.43923 -19.5954
1.0 2.0 1.70279 -19.595
1.0 2.0 1.53716 -19.5954
1.0 2.0 1.69547 -19.5954
1.0 2.0 1.10082 -19.595
1.0 2.0 1.55051 -19.5953
1.0 2.0 1.70721 -19.5916
1.0 2.0 1.01365 -19.5954
1.0 2.0 1.02176 -19.5954
1.0 2.0 1.60992 -19.5953
1.0 2.0 1.76484 -19.5954
1.0 2.0 1.21382 -19.5954
1.0 2.0 1.55196 -19.5954
1.0 2.0 1.03484 -19.5954
1.0 2.0 1.03395 -19.5953
1.0 2.0 1.92998 -19.5954
1.0 4.0 1.26303 -19.5954
1.0 4.0 1.18425 -19.5954
1.0 4.0 1.31548 -19.5954
1.0 4.0 1.39545 -19.5954
1.0 4.0 1.08398 -19.5954
1.0 4.0 1.36562 -19.5954
1.0 4.0 1.19413 -19.5954
1.0 4.0 1.06313 -19.5954
1.0 4.0 1.3414 -19.5954
1.0 4.0 1.43368 -19.5954
1.0 4.0 1.43436 -19.5954
1.0 4.0 1.30698 -19.5954
1.0 4.0 1.40779 -19.5954
1.0 4.0 1.3337 -19.5954
1.0 4.0 1.44744 -19.5954
1.0 4.0 1.32601 -19.5954
1.0 4.0 1.40366 -19.5954
1.0 4.0 1.14601 -19.5954
1.0 4.0 1.29958 -19.5954
1.0 4.0 1.25063 -19.5954
1.0 4.0 1.05404 -19.5954
1.0 4.0 1.48662 -19.5954
1.0 4.0 1.0522 -19.5954
1.0 4.0 1.39311 -19.5954
1.0 4.0 1.29536 -19.5954
1.0 4.0 1.15177 -19.5954
1.0 4.0 1.34551 -19.5954
1.0 4.0 1.28909 -19.5954
1.0 4.0 1.19808 -19.5954
1.0 4.0 1.37446 -19.5954
1.0 4.0 1.43063 -19.5954
1.0 4.0 1.40715 -19.5954
1.0 4.0 1.13784 -19.5954
1.0 4.0 1.17175 -19.5954
1.0 4.0 1.45849 -19.5954
1.0 4.0 1.10208 -19.5954
1.0 4.0 1.40702 -19.5954
1.0 4.0 1.10642 -19.5954
1.0 4.0 1.29608 -19.5954
1.0 4.0 1.37527 -19.5954
1.0 4.0 1.09913 -19.5954
1.0 4.0 1.38194 -19.5954
1.0 4.0 1.3393 -19.5954
1.0 4.0 1.43742 -19.5954
1.0 4.0 1.41105 -19.5954
1.0 4.0 1.16803 -19.5954
1.0 4.0 1.22849 -19.5954
1.0 4.0 1.1993 -19.5954
1.0 4.0 1.32839 -19.5954
1.0 4.0 1.40633 -19.5954
1.0 5.0 0.263679 -19.5951
1.0 5.0 0.71984 -19.5953
1.0 5.0 1.62975 -19.5954
1.0 5.0 1.80049 -19.5953
1.0 5.0 0.261153 -19.5952
1.0 5.0 0.25954 -19.5951
1.0 5.0 1.87406 -19.5954
1.0 5.0 0.256442 -19.5953
1.0 5.0 0.269677 -19.5951
1.0 5.0 1.45258 -19.595
1.0 5.0 1.4696 -19.5953
1.0 5.0 2.19698 -19.595
1.0 5.0 1.62957 -19.5939
1.0 5.0 1.65847 -19.5954
1.0 5.0 0.254672 -19.5953
1.0 5.0 0.234623 -19.5953
1.0 5.0 0.280389 -19.5953
1.0 5.0 0.681534 -19.5952
1.0 5.0 1.54809 -19.5954
1.0 5.0 1.60084 -19.5937
1.0 5.0 1.45713 -19.5954
1.0 5.0 1.51026 -19.5949
1.0 5.0 0.268088 -19.5953
1.0 5.0 0.821497 -19.5954
1.0 5.0 0.25933 -19.5951
1.0 5.0 1.39254 -19.5954
1.0 5.0 1.4063 -19.5954
1.0 5.0 1.34579 -19.5929
1.0 5.0 1.62838 -19.5954
1.0 5.0 1.67122 -19.5937
1.0 5.0 0.794101 -19.5954
1.0 5.0 0.280708 -19.5953
1.0 5.0 0.757254 -19.5954
1.0 5.0 0.696543 -19.5954
1.0 5.0 1.84914 -19.5954
1.0 5.0 1.87272 -19.5954
1.0 5.0 2.10798 -19.5954
1.0 5.0 2.12325 -19.5953
1.0 5.0 1.0931 -19.5954
1.0 5.0 0.682117 -19.5954
1.0 5.0 1.33489 -19.5952
1.0 5.0 1.34984 -19.5954
1.0 5.0 1.00745 -19.5954
1.0 5.0 5.90354 -19.5954
1.0 5.0 5.62792 -19.5954
1.0 5.0 1.72736 -19.5953
1.0 5.0 1.99169 -19.5954
1.0 5.0 1.63866 -19.5953
1.0 5.0 1.63866 -19.5953
1.0 5.0 1.63866 -19.5953
1.0 10.0 0.194941 -19.5954
1.0 10.0 0.186876 -19.5954
1.0 10.0 0.195407 -19.5954
1.0 10.0 0.186331 -19.5954
1.0 10.0 0.193931 -19.5954
1.0 10.0 0.193994 -19.5954
1.0 10.0 0.193155 -19.5954
1.0 10.0 0.191874 -19.5954
1.0 10.0 0.190229 -19.5954
1.0 10.0 0.189716 -19.5954
1.0 10.0 0.192674 -19.5954
1.0 10.0 0.193385 -19.5954
1.0 10.0 0.194776 -19.5954
1.0 10.0 0.189993 -19.5954
1.0 10.0 0.192422 -19.5954
1.0 10.0 0.197122 -19.5954
1.0 10.0 0.19593 -19.5954
1.0 10.0 0.187421 -19.5954
1.0 10.0 0.187914 -19.5954
1.0 10.0 0.193582 -19.5954
1.0 10.0 0.192671 -19.5954
1.0 10.0 0.196942 -19.5954
1.0 10.0 0.196207 -19.5954
1.0 10.0 0.190675 -19.5954
1.0 10.0 0.601547 -19.5954
1.0 10.0 0.196506 -19.5954
1.0 10.0 0.195477 -19.5954
1.0 10.0 0.194918 -19.5954
1.0 10.0 0.19602 -19.5954
1.0 10.0 0.193106 -19.5954
1.0 10.0 0.195712 -19.5954
1.0 10.0 1.36942 -19.5947
1.0 10.0 1.50436 -19.5954
1.0 10.0 0.196866 -19.5954
1.0 10.0 1.48052 -19.5954
1.0 10.0 1.5253 -19.5954
1.0 10.0 0.185643 -19.5954
1.0 10.0 0.19416 -19.5954
1.0 10.0 0.196269 -19.5954
1.0 10.0 0.196011 -19.5954
1.0 10.0 0.196133 -19.5954
1.0 10.0 0.197028 -19.5954
1.0 10.0 0.189027 -19.5954
1.0 10.0 0.198207 -19.5954
1.0 10.0 0.196435 -19.5954
1.0 10.0 0.195506 -19.5954
1.0 10.0 0.197862 -19.5954
1.0 10.0 0.190859 -19.5954
1.0 10.0 0.193328 -19.5954
1.0 10.0 0.195676 -19.5954
1.0 20.0 1.15765 -19.5954
1.0 20.0 1.29919 -19.5954
1.0 20.0 0.154247 -19.5954
1.0 20.0 0.153 -19.5954
1.0 20.0 0.983468 -19.5954
1.0 20.0 0.154091 -19.5954
1.0 20.0 0.152171 -19.5954
1.0 20.0 0.151788 -19.5954
1.0 20.0 0.877798 -19.5949
1.0 20.0 0.150205 -19.5954
1.0 20.0 0.153577 -19.5954
1.0 20.0 0.154954 -19.5954
1.0 20.0 0.851305 -19.5954
1.0 20.0 0.152776 -19.5954
1.0 20.0 0.155952 -19.5954
1.0 20.0 0.736578 -19.5954
1.0 20.0 0.756497 -19.5948
1.0 20.0 0.942612 -19.5952
1.0 20.0 0.824465 -19.5954
1.0 20.0 0.711445 -19.5954
1.0 20.0 0.800117 -19.5954
1.0 20.0 0.755818 -19.5953
1.0 20.0 0.149845 -19.5954
1.0 20.0 0.1534 -19.5954
1.0 20.0 0.735184 -19.5954
1.0 20.0 0.149467 -19.5954
1.0 20.0 0.918133 -19.5954
1.0 20.0 0.154001 -19.5954
1.0 20.0 0.154971 -19.5954
1.0 20.0 0.153263 -19.5954
1.0 20.0 0.153317 -19.5954
1.0 20.0 1.01196 -19.5954
1.0 20.0 0.154257 -19.5954
1.0 20.0 0.148718 -19.5954
1.0 20.0 0.874875 -19.5954
1.0 20.0 0.152628 -19.5954
1.0 20.0 0.89536 -19.5954
1.0 20.0 0.152238 -19.5954
1.0 20.0 0.149128 -19.5954
1.0 20.0 0.77835 -19.5953
1.0 20.0 0.694311 -19.5953
1.0 20.0 0.152684 -19.5954
1.0 20.0 0.867377 -19.5954
1.0 20.0 0.893736 -19.5954
1.0 20.0 0.15241 -19.5954
1.0 20.0 0.990928 -19.5954
1.0 20.0 0.821156 -19.5954
1.0 20.0 0.941691 -19.5953
1.0 20.0 0.153309 -19.5954
1.0 20.0 0.153309 -19.5954
1.0 25.0 0.9371 -19.5949
1.0 25.0 1.39602 -19.5949
1.0 25.0 0.98774 -19.5949
1.0 25.0 0.95091 -19.5949
1.0 25.0 0.942885 -19.5949
1.0 25.0 0.998742 -19.5952
1.0 25.0 1.02718 -19.5952
1.0 25.0 1.40043 -19.5949
1.0 25.0 0.936822 -19.5949
1.0 25.0 1.02658 -19.5949
1.0 25.0 0.999795 -19.5949
1.0 25.0 1.38487 -19.5949
1.0 25.0 0.99706 -19.5949
1.0 25.0 2.16304 -19.5949
1.0 25.0 2.19898 -19.5952
1.0 25.0 1.0027 -19.5949
1.0 25.0 0.839712 -19.5949
1.0 25.0 0.944361 -19.5952
1.0 25.0 1.39896 -19.5949
1.0 25.0 1.37899 -19.5952
1.0 25.0 0.875744 -19.5949
1.0 25.0 1.38968 -19.5949
1.0 25.0 1.39836 -19.5949
1.0 25.0 1.36232 -19.5949
1.0 25.0 0.973508 -19.5949
1.0 25.0 0.837549 -19.5949
1.0 25.0 0.876999 -19.5949
1.0 25.0 1.32526 -19.5949
1.0 25.0 1.38409 -19.5952
1.0 25.0 1.0407 -19.5949
1.0 25.0 1.3874 -19.5952
1.0 25.0 0.836548 -19.5949
1.0 25.0 1.01344 -19.5949
1.0 25.0 0.974305 -19.5952
1.0 25.0 0.868889 -19.5949
1.0 25.0 0.999936 -19.5949
1.0 25.0 0.991156 -19.5949
1.0 25.0 0.840442 -19.5949
1.0 25.0 1.0347 -19.5949
1.0 25.0 1.37849 -19.5949
1.0 25.0 0.837282 -19.5949
1.0 25.0 0.974522 -19.5952
1.0 25.0 0.823415 -19.5949
1.0 25.0 0.963681 -19.5952
1.0 25.0 1.39281 -19.5949
1.0 25.0 1.38038 -19.5949
1.0 25.0 0.839742 -19.5952
1.0 25.0 1.39394 -19.5952
1.0 25.0 0.992589 -19.5949
1.0 25.0 1.31491 -19.5949
2.0 1.0 0.313407 -19.2085
2.0 1.0 0.842405 -19.2085
2.0 1.0 0.30801 -19.2085
2.0 1.0 0.303203 -19.2085
2.0 1.0 0.316521 -19.2085
2.0 1.0 0.320715 -19.2085
2.0 1.0 0.30025 -19.2085
2.0 1.0 0.316366 -19.2085
2.0 1.0 0.309303 -19.2085
2.0 1.0 0.30667 -19.2085
2.0 1.0 0.328597 -19.2085
2.0 1.0 0.342751 -19.2085
2.0 1.0 0.327681 -19.2085
2.0 1.0 0.313777 -19.2085
2.0 1.0 0.360676 -19.2085
2.0 1.0 0.315469 -19.2085
2.0 1.0 0.309544 -19.2085
2.0 1.0 0.326809 -19.2085
2.0 1.0 0.307212 -19.2085
2.0 1.0 0.321647 -19.2085
2.0 1.0 0.325141 -19.2085
2.0 1.0 0.309043 -19.2085
2.0 1.0 0.313601 -19.2085
2.0 1.0 0.305056 -19.2085
2.0 1.0 0.32447 -19.2085
2.0 1.0 0.303926 -19.2085
2.0 1.0 0.293233 -19.2085
2.0 1.0 0.31433 -19.2085
2.0 1.0 0.83067 -19.2085
2.0 1.0 0.314415 -19.2085
2.0 1.0 0.319707 -19.2085
2.0 1.0 0.285508 -19.2085
2.0 1.0 0.32436 -19.2085
2.0 1.0 0.28763 -19.2085
2.0 1.0 0.304304 -19.2085
2.0 1.0 0.320135 -19.2085
2.0 1.0 0.30293 -19.2085
2.0 1.0 0.292507 -19.2085
2.0 1.0 0.324953 -19.2085
2.0 1.0 0.315901 -19.2085
2.0 1.0 0.290237 -19.2085
2.0 1.0 0.304063 -19.2085
2.0 1.0 0.277921 -19.2085
2.0 1.0 0.320677 -19.2085
2.0 1.0 0.9182 -19.2085
2.0 1.0 0.320151 -19.2085
2.0 1.0 0.29422 -19.2085
2.0 1.0 0.325727 -19.2085
2.0 1.0 0.313036 -19.2085
2.0 1.0 0.517301 -19.2085
2.0 2.0 0.52968 -19.2085
2.0 2.0 0.712992 -19.2085
2.0 2.0 0.679288 -19.2085
2.0 2.0 0.671022 -19.2085
2.0 2.0 0.603451 -19.2085
2.0 2.0 0.548763 -19.2085
2.0 2.0 0.773338 -19.2085
2.0 2.0 0.521859 -19.2085
2.0 2.0 0.682199 -19.2085
2.0 2.0 0.781965 -19.2085
2.0 2.0 0.72273 -19.2085
2.0 2.0 0.576321 -19.2085
2.0 2.0 0.590084 -19.2085
2.0 2.0 0.72782 -19.2085
2.0 2.0 0.959631 -19.2085
2.0 2.0 0.638597 -19.2085
2.0 2.0 0.513038 -19.2085
2.0 2.0 0.577189 -19.2085
2.0 2.0 0.678962 -19.2085
2.0 2.0 0.468144 -19.2085
2.0 2.0 0.796733 -19.2085
2.0 2.0 0.580981 -19.2085
2.0 2.0 0.644245 -19.2085
2.0 2.0 0.643618 -19.2085
2.0 2.0 0.469081 -19.2085
2.0 2.0 0.677997 -19.2085
2.0 2.0 0.640312 -19.2085
2.0 2.0 0.852198 -19.2085
2.0 2.0 0.624701 -19.2085
2.0 2.0 0.703736 -19.2085
2.0 2.0 0.619734 -19.2085
2.0 2.0 0.809558 -19.2085
2.0 2.0 1.16349 -19.2085
2.0 2.0 0.626173 -19.2085
2.0 2.0 0.630257 -19.2085
2.0 2.0 0.327991 -19.2085
2.0 2.0 0.748908 -19.2085
2.0 2.0 0.661652 -19.2085
2.0 2.0 0.758954 -19.2085
2.0 2.0 0.669593 -19.2085
2.0 2.0 0.584087 -19.2085
2.0 2.0 0.836121 -19.2085
2.0 2.0 0.7093 -19.2085
2.0 2.0 0.554741 -19.2085
2.0 2.0 0.958449 -19.2085
2.0 2.0 0.945143 -19.2085
2.0 2.0 0.70905 -19.2085
2.0 2.0 0.661588 -19.2085
2.0 2.0 0.449194 -19.2085
2.0 2.0 0.421844 -19.2085
2.0 4.0 0.744297 -19.2085
2.0 4.0 0.956666 -19.2085
2.0 4.0 0.869996 -19.2085
2.0 4.0 0.835801 -19.2085
2.0 4.0 0.706685 -19.2085
2.0 4.0 0.804001 -19.2085
2.0 4.0 0.847265 -19.2085
2.0 4.0 0.695946 -19.2085
2.0 4.0 1.0693 -19.2085
2.0 4.0 0.845268 -19.2085
2.0 4.0 0.789533 -19.2085
2.0 4.0 0.859198 -19.2085
2.0 4.0 0.772843 -19.2085
2.0 4.0 0.845604 -19.2085
2.0 4.0 0.765569 -19.2085
2.0 4.0 0.998519 -19.2085
2.0 4.0 0.861406 -19.2085
2.0 4.0 0.727965 -19.2085
2.0 4.0 0.693998 -19.2085
2.0 4.0 0.845325 -19.2085
2.0 4.0 0.783472 -19.2085
2.0 4.0 0.817275 -19.2085
2.0 4.0 0.813092 -19.2085
2.0 4.0 0.855799 -19.2085
2.0 4.0 0.814313 -19.2085
2.0 4.0 0.829397 -19.2085
2.0 4.0 0.873509 -19.2085
2.0 4.0 0.769491 -19.2085
2.0 4.0 0.787609 -19.2085
2.0 4.0 0.816283 -19.2085
2.0 4.0 0.696501 -19.2085
2.0 4.0 0.798505 -19.2085
2.0 4.0 0.778946 -19.2085
2.0 4.0 0.803273 -19.2085
2.0 4.0 0.819995 -19.2085
2.0 4.0 0.754353 -19.2085
2.0 4.0 0.876871 -19.2085
2.0 4.0 0.78592 -19.2085
2.0 4.0 0.761769 -19.2085
2.0 4.0 0.802558 -19.2085
2.0 4.0 0.722382 -19.2085
2.0 4.0 0.879849 -19.2085
2.0 4.0 0.876967 -19.2085
2.0 4.0 0.812581 -19.2085
2.0 4.0 0.765235 -19.2085
2.0 4.0 0.706052 -19.2085
2.0 4.0 0.75036 -19.2085
2.0 4.0 0.722773 -19.2085
2.0 4.0 0.881872 -19.2085
2.0 4.0 0.85838 -19.2085
2.0 5.0 0.184305 -19.2085
2.0 5.0 0.176471 -19.2085
2.0 5.0 0.173195 -19.2085
2.0 5.0 0.353232 -19.2085
2.0 5.0 0.466312 -19.2085
2.0 5.0 0.333007 -19.2085
2.0 5.0 0.176998 -19.2085
2.0 5.0 0.167919 -19.2085
2.0 5.0 0.173362 -19.2085
2.0 5.0 0.342789 -19.2085
2.0 5.0 0.369617 -19.2085
2.0 5.0 0.974108 -19.2085
2.0 5.0 0.178246 -19.2085
2.0 5.0 0.902626 -19.2085
2.0 5.0 0.178649 -19.2085
2.0 5.0 0.168733 -19.2085
2.0 5.0 0.17025 -19.2085
2.0 5.0 0.185537 -19.2085
2.0 5.0 0.195523 -19.2085
2.0 5.0 0.37916 -19.2085
2.0 5.0 0.363511 -19.2085
2.0 5.0 0.373763 -19.2085
2.0 5.0 0.346149 -19.2085
2.0 5.0 0.494687 -19.2085
2.0 5.0 0.545022 -19.2085
2.0 5.0 0.626541 -19.2085
2.0 5.0 0.614481 -19.2085
2.0 5.0 0.596291 -19.2085
2.0 5.0 0.783258 -19.2085
2.0 5.0 0.499029 -19.2085
2.0 5.0 0.470705 -19.2085
2.0 5.0 0.52744 -19.2085
2.0 5.0 4.54915 -19.2085
2.0 5.0 4.61385 -19.2085
2.0 5.0 0.559394 -19.2085
2.0 5.0 0.520004 -19.2085
2.0 5.0 0.426083 -19.2085
2.0 5.0 4.67159 -19.2085
2.0 5.0 0.32182 -19.2085
2.0 5.0 0.969852 -19.2085
2.0 5.0 0.945777 -19.2085
2.0 5.0 5.20913 -19.2085
2.0 5.0 0.78115 -19.2085
2.0 5.0 0.78812 -19.2085
2.0 5.0 0.902332 -19.2085
2.0 5.0 0.900393 -19.2085
2.0 5.0 1.95203 -19.2085
2.0 5.0 1.89289 -19.2085
2.0 5.0 2.3675 -19.2085
2.0 5.0 21.0463 -19.2085
2.0 10.0 0.136486 -19.2085
2.0 10.0 0.137474 -19.2085
2.0 10.0 0.139941 -19.2085
2.0 10.0 0.142774 -19.2085
2.0 10.0 0.140649 -19.2085
2.0 10.0 0.141091 -19.2085
2.0 10.0 0.139135 -19.2085
2.0 10.0 0.264572 -19.2085
2.0 10.0 0.138841 -19.2085
2.0 10.0 0.144037 -19.2085
2.0 10.0 0.147442 -19.2085
2.0 10.0 0.145245 -19.2085
2.0 10.0 0.139632 -19.2085
2.0 10.0 0.136319 -19.2085
2.0 10.0 0.140613 -19.2085
2.0 10.0 0.141274 -19.2085
2.0 10.0 0.143057 -19.2085
2.0 10.0 0.140021 -19.2085
2.0 10.0 0.139439 -19.2085
2.0 10.0 0.14262 -19.2085
2.0 10.0 0.141686 -19.2085
2.0 10.0 0.142905 -19.2085
2.0 10.0 0.138709 -19.2085
2.0 10.0 0.141485 -19.2085
2.0 10.0 0.135925 -19.2085
2.0 10.0 0.141241 -19.2085
2.0 10.0 0.136708 -19.2085
2.0 10.0 0.142755 -19.2085
2.0 10.0 0.145888 -19.2085
2.0 10.0 0.139739 -19.2085
2.0 10.0 0.146431 -19.2085
2.0 10.0 0.139601 -19.2085
2.0 10.0 0.146413 -19.2085
2.0 10.0 0.145898 -19.2085
2.0 10.0 0.14154 -19.2085
2.0 10.0 0.138078 -19.2085
2.0 10.0 0.139424 -19.2085
2.0 10.0 0.146276 -19.2085
2.0 10.0 0.137433 -19.2085
2.0 10.0 0.131829 -19.2085
2.0 10.0 0.144314 -19.2085
2.0 10.0 0.140511 -19.2085
2.0 10.0 0.14345 -19.2085
2.0 10.0 0.139531 -19.2085
2.0 10.0 0.138976 -19.2085
2.0 10.0 0.140853 -19.2085
2.0 10.0 0.147924 -19.2085
2.0 10.0 0.14023 -19.2085
2.0 10.0 0.135133 -19.2085
2.0 10.0 0.137392 -19.2085
2.0 20.0 0.609514 -19.2085
2.0 20.0 0.137363 -19.2085
2.0 20.0 0.541517 -19.2085
2.0 20.0 0.663096 -19.2085
2.0 20.0 0.57285 -19.2085
2.0 20.0 0.614502 -19.2085
2.0 20.0 0.137357 -19.2085
2.0 20.0 0.137777 -19.2085
2.0 20.0 0.136351 -19.2085
2.0 20.0 0.644264 -19.2085
2.0 20.0 0.655986 -19.2085
2.0 20.0 0.794088 -19.2085
2.0 20.0 0.607136 -19.2085
2.0 20.0 0.674596 -19.2085
2.0 20.0 0.681506 -19.2085
2.0 20.0 0.137174 -19.2085
2.0 20.0 0.138933 -19.2085
2.0 20.0 0.133101 -19.2085
2.0 20.0 0.608067 -19.2085
2.0 20.0 0.134189 -19.2085
2.0 20.0 0.572778 -19.2085
2.0 20.0 0.136674 -19.2085
2.0 20.0 0.535862 -19.2085
2.0 20.0 0.664703 -19.2085
2.0 20.0 0.629227 -19.2085
2.0 20.0 0.617554 -19.2085
2.0 20.0 0.641265 -19.2085
2.0 20.0 0.553616 -19.2085
2.0 20.0 0.622515 -19.2085
2.0 20.0 0.133477 -19.2085
2.0 20.0 0.137261 -19.2085
2.0 20.0 0.679856 -19.2085
2.0 20.0 0.650496 -19.2085
2.0 20.0 0.556624 -19.2085
2.0 20.0 0.131718 -19.2085
2.0 20.0 0.707763 -19.2085
2.0 20.0 0.137858 -19.2085
2.0 20.0 0.549426 -19.2085
2.0 20.0 0.137937 -19.2085
2.0 20.0 0.136643 -19.2085
2.0 20.0 0.13862 -19.2085
2.0 20.0 0.135837 -19.2085
2.0 20.0 0.136524 -19.2085
2.0 20.0 0.135964 -19.2085
2.0 20.0 0.138131 -19.2085
2.0 20.0 0.139457 -19.2085
2.0 20.0 0.137 -19.2085
2.0 20.0 0.132582 -19.2085
2.0 20.0 0.64774 -19.2085
2.0 20.0 0.70216 -19.2085
2.0 25.0 0.885697 -19.2085
2.0 25.0 1.19904 -19.2085
2.0 25.0 0.865981 -19.2085
2.0 25.0 1.22079 -19.2085
2.0 25.0 1.24241 -19.2085
2.0 25.0 0.78386 -19.2085
2.0 25.0 1.06734 -19.2085
2.0 25.0 1.21739 -19.2085
2.0 25.0 0.873542 -19.2085
2.0 25.0 0.78329 -19.2085
2.0 25.0 0.863418 -19.2085
2.0 25.0 0.780457 -19.2085
2.0 25.0 0.860229 -19.2085
2.0 25.0 0.85499 -19.2085
2.0 25.0 0.885925 -19.2085
2.0 25.0 0.858075 -19.2085
2.0 25.0 1.2106 -19.2085
2.0 25.0 0.966205 -19.2085
2.0 25.0 0.855536 -19.2085
2.0 25.0 1.20037 -19.2085
2.0 25.0 1.20109 -19.2085
2.0 25.0 0.8594 -19.2085
2.0 25.0 0.970343 -19.2085
2.0 25.0 0.884004 -19.2085
2.0 25.0 0.781943 -19.2085
2.0 25.0 0.889524 -19.2085
2.0 25.0 0.937084 -19.2085
2.0 25.0 0.97451 -19.2085
2.0 25.0 1.20983 -19.2085
2.0 25.0 1.94354 -19.2085
2.0 25.0 1.98427 -19.2085
2.0 25.0 1.20444 -19.2085
2.0 25.0 0.785273 -19.2085
2.0 25.0 0.813625 -19.2085
2.0 25.0 0.857133 -19.2085
2.0 25.0 0.956235 -19.2085
2.0 25.0 0.863547 -19.2085
2.0 25.0 0.820154 -19.2085
2.0 25.0 1.22929 -19.2085
2.0 25.0 1.22189 -19.2085
2.0 25.0 0.836329 -19.2085
2.0 25.0 0.866045 -19.2085
2.0 25.0 0.860545 -19.2085
2.0 25.0 0.81499 -19.2085
2.0 25.0 0.869843 -19.2085
2.0 25.0 0.856852 -19.2085
2.0 25.0 0.888918 -19.2085
2.0 25.0 0.98362 -19.2085
2.0 25.0 1.19134 -19.2085
2.0 25.0 2.19413 -19.2085
3.0 1.0 0.412425 -80.7066
3.0 1.0 0.194851 -80.7066
3.0 1.0 0.204559 -80.7066
3.0 1.0 0.190411 -80.7066
3.0 1.0 0.194478 -80.7066
3.0 1.0 0.212933 -80.7066
3.0 1.0 0.198688 -80.7066
3.0 1.0 0.187363 -80.7066
3.0 1.0 0.220933 -80.7066
3.0 1.0 0.222953 -80.7066
3.0 1.0 0.213574 -80.7066
3.0 1.0 0.188324 -80.7066
3.0 1.0 0.20592 -80.7066
3.0 1.0 0.200948 -80.7066
3.0 1.0 0.217239 -80.7066
3.0 1.0 0.499699 -80.7066
3.0 1.0 0.190597 -80.7066
3.0 1.0 0.234828 -80.7066
3.0 1.0 0.436716 -80.7066
3.0 1.0 0.18643 -80.7066
3.0 1.0 0.199808 -80.7066
3.0 1.0 0.204083 -80.7066
3.0 1.0 0.200272 -80.7066
3.0 1.0 0.196235 -80.7066
3.0 1.0 0.200359 -80.7066
3.0 1.0 0.400226 -80.7066
3.0 1.0 0.217937 -80.7066
3.0 1.0 0.198791 -80.7066
3.0 1.0 0.200572 -80.7066
3.0 1.0 0.202298 -80.7066
3.0 1.0 0.222523 -80.7066
3.0 1.0 0.422983 -80.7066
3.0 1.0 0.19795 -80.7066
3.0 1.0 0.22555 -80.7066
3.0 1.0 0.409906 -80.7066
3.0 1.0 0.213341 -80.7066
3.0 1.0 0.203378 -80.7066
3.0 1.0 0.199819 -80.7066
3.0 1.0 0.203957 -80.7066
3.0 1.0 0.196878 -80.7066
3.0 1.0 0.210019 -80.7066
3.0 1.0 0.469641 -80.7066
3.0 1.0 0.21129 -80.7066
3.0 1.0 0.435018 -80.7066
3.0 1.0 0.227505 -80.7066
3.0 1.0 0.188062 -80.7066
3.0 1.0 0.220594 -80.7066
3.0 1.0 0.203948 -80.7066
3.0 1.0 0.207556 -80.7066
3.0 1.0 0.213153 -80.7066
3.0 2.0 0.260411 -80.7066
3.0 2.0 0.298006 -80.7066
3.0 2.0 0.357589 -80.7066
3.0 2.0 0.310182 -80.7066
3.0 2.0 0.286397 -80.7066
3.0 2.0 0.231244 -80.7066
3.0 2.0 0.234777 -80.7066
3.0 2.0 0.23251 -80.7066
3.0 2.0 0.288154 -80.7066
3.0 2.0 0.347209 -80.7066
3.0 2.0 0.342327 -80.7066
3.0 2.0 0.215102 -80.7066
3.0 2.0 0.265111 -80.7066
3.0 2.0 0.272217 -80.7066
3.0 2.0 0.308859 -80.7066
3.0 2.0 0.307713 -80.7066
3.0 2.0 0.233018 -80.7066
3.0 2.0 0.312578 -80.7066
3.0 2.0 0.196154 -80.7066
3.0 2.0 0.523458 -80.7066
3.0 2.0 0.223044 -80.7066
3.0 2.0 0.33006 -80.7066
3.0 2.0 0.399027 -80.7066
3.0 2.0 0.255105 -80.7066
3.0 2.0 0.296812 -80.7066
3.0 2.0 0.24056 -80.7066
3.0 2.0 0.208647 -80.7066
3.0 2.0 0.332525 -80.7066
3.0 2.0 0.332882 -80.7066
3.0 2.0 0.23934 -80.7066
3.0 2.0 0.325319 -80.7066
3.0 2.0 0.245299 -80.7066
3.0 2.0 0.352718 -80.7066
3.0 2.0 0.273866 -80.7066
3.0 2.0 0.325312 -80.7066
3.0 2.0 0.26134 -80.7066
3.0 2.0 0.326317 -80.7066
3.0 2.0 0.490701 -80.7066
3.0 2.0 0.207087 -80.7066
3.0 2.0 0.235818 -80.7066
3.0 2.0 0.326278 -80.7066
3.0 2.0 0.284054 -80.7066
3.0 2.0 0.278479 -80.7066
3.0 2.0 0.331456 -80.7066
3.0 2.0 0.238069 -80.7066
3.0 2.0 0.420472 -80.7066
3.0 2.0 0.340971 -80.7066
3.0 2.0 0.303373 -80.7066
3.0 2.0 0.418007 -80.7066
3.0 2.0 0.607141 -80.7066
3.0 4.0 0.533951 -80.7066
3.0 4.0 0.497292 -80.7066
3.0 4.0 0.568596 -80.7066
3.0 4.0 0.551524 -80.7066
3.0 4.0 0.541506 -80.7066
3.0 4.0 0.515089 -80.7066
3.0 4.0 0.475702 -80.7066
3.0 4.0 0.539448 -80.7066
3.0 4.0 0.541496 -80.7066
3.0 4.0 0.5122 -80.7066
3.0 4.0 0.577844 -80.7066
3.0 4.0 0.544354 -80.7066
3.0 4.0 0.58882 -80.7066
3.0 4.0 0.555183 -80.7066
3.0 4.0 0.509538 -80.7066
3.0 4.0 0.506425 -80.7066
3.0 4.0 0.627267 -80.7066
3.0 4.0 0.574531 -80.7066
3.0 4.0 0.547532 -80.7066
3.0 4.0 0.532107 -80.7066
3.0 4.0 0.637077 -80.7066
3.0 4.0 0.667415 -80.7066
3.0 4.0 0.523787 -80.7066
3.0 4.0 0.568023 -80.7066
3.0 4.0 0.501769 -80.7066
3.0 4.0 0.550483 -80.7066
3.0 4.0 0.534113 -80.7066
3.0 4.0 0.537876 -80.7066
3.0 4.0 0.527091 -80.7066
3.0 4.0 0.583695 -80.7066
3.0 4.0 0.538611 -80.7066
3.0 4.0 0.58945 -80.7066
3.0 4.0 0.472143 -80.7066
3.0 4.0 0.606976 -80.7066
3.0 4.0 0.533623 -80.7066
3.0 4.0 0.501874 -80.7066
3.0 4.0 0.590472 -80.7066
3.0 4.0 0.549639 -80.7066
3.0 4.0 0.602276 -80.7066
3.0 4.0 0.600203 -80.7066
3.0 4.0 0.559777 -80.7066
3.0 4.0 0.555454 -80.7066
3.0 4.0 0.53588 -80.7066
3.0 4.0 0.486719 -80.7066
3.0 4.0 0.547788 -80.7066
3.0 4.0 0.601284 -80.7066
3.0 4.0 0.582484 -80.7066
3.0 4.0 0.497568 -80.7066
3.0 4.0 0.571147 -80.7066
3.0 4.0 0.50596 -80.7066
3.0 5.0 0.142389 -80.7066
3.0 5.0 0.130651 -80.7066
3.0 5.0 0.135512 -80.7066
3.0 5.0 0.206728 -80.7066
3.0 5.0 0.131203 -80.7066
3.0 5.0 0.390989 -80.7066
3.0 5.0 0.136275 -80.7066
3.0 5.0 0.276202 -80.7066
3.0 5.0 0.172718 -80.7066
3.0 5.0 0.16522 -80.7066
3.0 5.0 0.226584 -80.7066
3.0 5.0 0.154896 -80.7066
3.0 5.0 0.198651 -80.7066
3.0 5.0 0.238598 -80.7066
3.0 5.0 0.364241 -80.7066
3.0 5.0 0.16134 -80.7066
3.0 5.0 0.434737 -80.7066
3.0 5.0 0.245402 -80.7066
3.0 5.0 0.181644 -80.7066
3.0 5.0 0.204396 -80.7066
3.0 5.0 0.540136 -80.7066
3.0 5.0 1.94506 -80.7066
3.0 5.0 0.182397 -80.7066
3.0 5.0 0.184944 -80.7066
3.0 5.0 0.23551 -80.7066
3.0 5.0 0.166731 -80.7066
3.0 5.0 0.189255 -80.7066
3.0 5.0 0.151545 -80.7066
3.0 5.0 0.147813 -80.7066
3.0 5.0 0.158724 -80.7066
3.0 5.0 0.201803 -80.7066
3.0 5.0 0.443788 -80.7066
3.0 5.0 0.139558 -80.7066
3.0 5.0 0.251029 -80.7066
3.0 5.0 0.33298 -80.7066
3.0 5.0 0.222715 -80.7066
3.0 5.0 0.226473 -80.7066
3.0 5.0 0.654895 -80.7066
3.0 5.0 0.75488 -80.7066
3.0 5.0 0.3405 -80.7066
3.0 5.0 1.30755 -80.7066
3.0 5.0 0.209413 -80.7066
3.0 5.0 0.528207 -80.7066
3.0 5.0 0.555412 -80.7066
3.0 5.0 0.828762 -80.7066
3.0 5.0 0.266982 -80.7066
3.0 5.0 1.62602 -80.7066
3.0 5.0 1.12007 -80.7066
3.0 5.0 1.17081 -80.7066
3.0 5.0 10.0674 -80.7066
3.0 10.0 0.12092 -80.7066
3.0 10.0 0.123164 -80.7066
3.0 10.0 0.118463 -80.7066
3.0 10.0 0.125079 -80.7066
3.0 10.0 0.117908 -80.7066
3.0 10.0 0.1194 -80.7066
3.0 10.0 0.124602 -80.7066
3.0 10.0 0.122271 -80.7066
3.0 10.0 0.124338 -80.7066
3.0 10.0 0.11518 -80.7066
3.0 10.0 0.123286 -80.7066
3.0 10.0 0.119335 -80.7066
3.0 10.0 0.123079 -80.7066
3.0 10.0 0.125536 -80.7066
3.0 10.0 0.121442 -80.7066
3.0 10.0 0.119939 -80.7066
3.0 10.0 0.117593 -80.7066
3.0 10.0 0.115651 -80.7066
3.0 10.0 0.11661 -80.7066
3.0 10.0 0.12267 -80.7066
3.0 10.0 0.122436 -80.7066
3.0 10.0 0.124421 -80.7066
3.0 10.0 0.115016 -80.7066
3.0 10.0 0.125506 -80.7066
3.0 10.0 0.114715 -80.7066
3.0 10.0 0.122569 -80.7066
3.0 10.0 0.122351 -80.7066
3.0 10.0 0.115966 -80.7066
3.0 10.0 0.115455 -80.7066
3.0 10.0 0.126443 -80.7066
3.0 10.0 0.114789 -80.7066
3.0 10.0 0.115079 -80.7066
3.0 10.0 0.116543 -80.7066
3.0 10.0 0.114742 -80.7066
3.0 10.0 0.119657 -80.7066
3.0 10.0 0.123518 -80.7066
3.0 10.0 0.121454 -80.7066
3.0 10.0 0.123588 -80.7066
3.0 10.0 0.115931 -80.7066
3.0 10.0 0.119897 -80.7066
3.0 10.0 0.1167 -80.7066
3.0 10.0 0.117403 -80.7066
3.0 10.0 0.122531 -80.7066
3.0 10.0 0.119308 -80.7066
3.0 10.0 0.114213 -80.7066
3.0 10.0 0.127079 -80.7066
3.0 10.0 0.118402 -80.7066
3.0 10.0 0.120641 -80.7066
3.0 10.0 0.113848 -80.7066
3.0 10.0 0.125263 -80.7066
3.0 20.0 0.128423 -80.7066
3.0 20.0 0.3694 -80.7066
3.0 20.0 0.446392 -80.7066
3.0 20.0 0.516292 -80.7066
3.0 20.0 0.127224 -80.7066
3.0 20.0 0.124549 -80.7066
3.0 20.0 0.45193 -80.7066
3.0 20.0 0.411991 -80.7066
3.0 20.0 0.128093 -80.7066
3.0 20.0 0.354934 -80.7066
3.0 20.0 0.468386 -80.7066
3.0 20.0 0.456774 -80.7066
3.0 20.0 0.40021 -80.7066
3.0 20.0 0.393935 -80.7066
3.0 20.0 0.124019 -80.7066
3.0 20.0 0.128604 -80.7066
3.0 20.0 0.453622 -80.7066
3.0 20.0 0.459396 -80.7066
3.0 20.0 0.476911 -80.7066
3.0 20.0 0.472469 -80.7066
3.0 20.0 0.421503 -80.7066
3.0 20.0 0.445485 -80.7066
3.0 20.0 0.122701 -80.7066
3.0 20.0 0.12719 -80.7066
3.0 20.0 0.123115 -80.7066
3.0 20.0 0.510986 -80.7066
3.0 20.0 0.484764 -80.7066
3.0 20.0 0.498205 -80.7066
3.0 20.0 0.468009 -80.7066
3.0 20.0 0.12909 -80.7066
3.0 20.0 0.484344 -80.7066
3.0 20.0 0.129711 -80.7066
3.0 20.0 0.128822 -80.7066
3.0 20.0 0.126802 -80.7066
3.0 20.0 0.127231 -80.7066
3.0 20.0 0.12888 -80.7066
3.0 20.0 0.129929 -80.7066
3.0 20.0 0.373275 -80.7066
3.0 20.0 0.386918 -80.7066
3.0 20.0 0.426903 -80.7066
3.0 20.0 0.448942 -80.7066
3.0 20.0 0.126918 -80.7066
3.0 20.0 0.133353 -80.7066
3.0 20.0 0.399928 -80.7066
3.0 20.0 0.12879 -80.7066
3.0 20.0 0.129263 -80.7066
3.0 20.0 0.129125 -80.7066
3.0 20.0 0.12937 -80.7066
3.0 20.0 0.130079 -80.7066
3.0 20.0 0.12606 -80.7066
3.0 25.0 0.783372 -80.7066
3.0 25.0 2.09379 -80.7066
3.0 25.0 1.3911 -80.7066
3.0 25.0 0.753839 -80.7066
3.0 25.0 0.855725 -80.7066
3.0 25.0 0.841709 -80.7066
3.0 25.0 0.799097 -80.7066
3.0 25.0 0.784089 -80.7066
3.0 25.0 0.825003 -80.7066
3.0 25.0 0.919545 -80.7066
3.0 25.0 0.827939 -80.7066
3.0 25.0 0.831236 -80.7066
3.0 25.0 0.826672 -80.7066
3.0 25.0 0.785611 -80.7066
3.0 25.0 0.84566 -80.7066
3.0 25.0 0.83416 -80.7066
3.0 25.0 0.848283 -80.7066
3.0 25.0 1.40081 -80.7066
3.0 25.0 1.12065 -80.7066
3.0 25.0 0.917635 -80.7066
3.0 25.0 1.32068 -80.7066
3.0 25.0 0.834147 -80.7066
3.0 25.0 0.840851 -80.7066
3.0 25.0 1.11939 -80.7066
3.0 25.0 0.825208 -80.7066
3.0 25.0 1.84997 -80.7066
3.0 25.0 1.88081 -80.7066
3.0 25.0 0.851502 -80.7066
3.0 25.0 0.847997 -80.7066
3.0 25.0 1.11406 -80.7066
3.0 25.0 0.849747 -80.7066
3.0 25.0 0.827764 -80.7066
3.0 25.0 1.1237 -80.7066
3.0 25.0 0.782482 -80.7066
3.0 25.0 0.796343 -80.7066
3.0 25.0 0.782433 -80.7066
3.0 25.0 0.758595 -80.7066
3.0 25.0 0.782754 -80.7066
3.0 25.0 0.849067 -80.7066
3.0 25.0 0.825952 -80.7066
3.0 25.0 0.82486 -80.7066
3.0 25.0 0.842061 -80.7066
3.0 25.0 0.840549 -80.7066
3.0 25.0 0.796665 -80.7066
3.0 25.0 0.901471 -80.7066
3.0 25.0 0.898327 -80.7066
3.0 25.0 0.705182 -80.7066
3.0 25.0 0.901862 -80.7066
3.0 25.0 0.847679 -80.7066
3.0 25.0 0.853408 -80.7066
4.0 1.0 0.398207 -99.9533
4.0 1.0 0.398724 -99.9793
4.0 1.0 0.42227 -99.9529
4.0 1.0 0.410149 -99.9904
4.0 1.0 0.378847 -99.9848
4.0 1.0 0.391152 -99.9897
4.0 1.0 0.427316 -99.9859
4.0 1.0 0.391938 -99.9904
4.0 1.0 0.409566 -99.9904
4.0 1.0 0.408272 -99.9904
4.0 1.0 0.420268 -99.9938
4.0 1.0 1.35381 -99.9849
4.0 1.0 0.374917 -99.9849
4.0 1.0 1.65008 -99.9938
4.0 1.0 0.372955 -99.9849
4.0 1.0 1.56721 -99.9977
4.0 1.0 1.58797 -99.9711
4.0 1.0 1.65792 -99.9936
4.0 1.0 1.69612 -99.9938
4.0 1.0 0.398244 -99.9939
4.0 1.0 0.367462 -99.9994
4.0 1.0 1.54113 -99.9797
4.0 1.0 0.398228 -99.9929
4.0 1.0 0.671539 -99.9938
4.0 1.0 0.436216 -99.9904
4.0 1.0 1.62326 -99.9824
4.0 1.0 0.406601 -99.9904
4.0 1.0 1.24253 -99.9849
4.0 1.0 1.77152 -99.9936
4.0 1.0 1.81797 -99.9897
4.0 1.0 1.94658 -99.9622
4.0 1.0 1.54375 -99.9849
4.0 1.0 1.2783 -99.9941
4.0 1.0 0.41926 -99.9897
4.0 1.0 0.42677 -99.9641
4.0 1.0 0.44576 -99.9897
4.0 1.0 0.413813 -99.9711
4.0 1.0 0.428963 -99.9641
4.0 1.0 3.60552 -99.9984
4.0 1.0 0.407459 -99.977
4.0 1.0 0.440288 -99.9859
4.0 1.0 0.43901 -99.9641
4.0 1.0 0.384298 -99.9904
4.0 1.0 0.423214 -99.9897
4.0 1.0 0.378944 -99.9929
4.0 1.0 2.9768 -99.967
4.0 1.0 0.400242 -99.9849
4.0 1.0 1.68078 -99.9778
4.0 1.0 0.414516 -99.9529
4.0 1.0 0.420037 -99.9897
4.0 2.0 1.16596 -99.9475
4.0 2.0 1.61707 -99.9748
4.0 2.0 0.425488 -99.9892
4.0 2.0 2.32748 -99.9945
4.0 2.0 3.99207 -99.9886
4.0 2.0 1.03736 -99.9795
4.0 2.0 3.11205 -99.9816
4.0 2.0 0.383303 -99.982
4.0 2.0 5.11785 -99.9483
4.0 2.0 0.706438 -99.9679
4.0 2.0 5.22219 -99.9866
4.0 2.0 1.3333 -99.9876
4.0 2.0 1.35957 -99.9887
4.0 2.0 1.27601 -99.9758
4.0 2.0 1.39046 -99.9758
4.0 2.0 1.89484 -99.994
4.0 2.0 3.12436 -99.9726
4.0 2.0 0.385727 -99.9964
4.0 2.0 1.39427 -99.9694
4.0 2.0 3.97136 -99.9842
4.0 2.0 1.50629 -99.9942
4.0 2.0 0.930628 -99.9966
4.0 2.0 2.39383 -99.9627
4.0 2.0 5.02134 -99.9814
4.0 2.0 5.03105 -99.9908
4.0 2.0 0.845752 -99.9758
4.0 2.0 3.71227 -99.9962
4.0 2.0 0.231375 -99.976
4.0 2.0 2.18617 -99.9794
4.0 2.0 0.216287 -99.981
4.0 2.0 1.80747 -99.9507
4.0 2.0 5.48458 -99.9916
4.0 2.0 1.90804 -99.9653
4.0 2.0 0.207861 -99.9382
4.0 2.0 0.226772 -99.9977
4.0 2.0 1.33861 -99.9907
4.0 2.0 0.949437 -99.9809
4.0 2.0 4.86082 -99.9907
4.0 2.0 1.20082 -99.9793
4.0 2.0 1.89315 -99.9559
4.0 2.0 2.06787 -99.9794
4.0 2.0 3.46473 -99.9679
4.0 2.0 0.8887 -99.9925
4.0 2.0 2.16106 -99.9805
4.0 2.0 0.87975 -99.9669
4.0 2.0 0.414556 -99.981
4.0 2.0 1.9479 -99.9748
4.0 2.0 1.76847 -99.999
4.0 2.0 5.6075 -99.9885
4.0 2.0 1.42223 -99.9908
4.0 4.0 2.09902 -99.9984
4.0 4.0 1.19877 -99.9998
4.0 4.0 1.5046 -99.9979
4.0 4.0 1.38851 -99.9991
4.0 4.0 2.47331 -99.9752
4.0 4.0 1.38906 -99.9765
4.0 4.0 1.73462 -99.9753
4.0 4.0 1.83563 -99.9871
4.0 4.0 1.41424 -99.9891
4.0 4.0 1.50421 -99.9986
4.0 4.0 1.83451 -99.993
4.0 4.0 2.02719 -99.9956
4.0 4.0 1.50447 -99.9774
4.0 4.0 1.24869 -99.9713
4.0 4.0 1.76289 -99.9763
4.0 4.0 1.44668 -99.9862
4.0 4.0 1.46897 -99.9804
4.0 4.0 1.70996 -99.9871
4.0 4.0 1.35576 -99.9666
4.0 4.0 1.47437 -99.9682
4.0 4.0 1.50053 -99.9999
4.0 4.0 1.45725 -99.9936
4.0 4.0 1.27566 -99.9848
4.0 4.0 1.85371 -99.9982
4.0 4.0 1.37689 -99.9974
4.0 4.0 1.44503 -99.9896
4.0 4.0 1.48564 -99.9693
4.0 4.0 1.1732 -99.9996
4.0 4.0 1.23646 -99.9758
4.0 4.0 1.8105 -99.9995
4.0 4.0 1.40705 -99.9684
4.0 4.0 2.3393 -99.999
4.0 4.0 1.43719 -99.9777
4.0 4.0 2.47098 -99.9889
4.0 4.0 2.2099 -99.9891
4.0 4.0 1.20077 -99.9913
4.0 4.0 1.21444 -99.9966
4.0 4.0 1.46463 -99.9947
4.0 4.0 1.05115 -99.9983
4.0 4.0 1.195 -99.9772
4.0 4.0 1.72491 -99.9772
4.0 4.0 1.17184 -99.9996
4.0 4.0 1.65023 -99.9978
4.0 4.0 2.1965 -99.9702
4.0 4.0 1.40817 -99.9906
4.0 4.0 1.06442 -99.9844
4.0 4.0 1.18526 -99.9774
4.0 4.0 2.23054 -99.9871
4.0 4.0 1.38448 -99.9937
4.0 4.0 1.22292 -99.9907
4.0 5.0 0.223769 -99.9783
4.0 5.0 0.235839 -99.9718
4.0 5.0 0.244345 -99.9783
4.0 5.0 0.22303 -99.9718
4.0 5.0 0.222885 -99.9718
4.0 5.0 0.246769 -99.9533
4.0 5.0 0.245682 -99.9533
4.0 5.0 0.231461 -99.9533
4.0 5.0 0.238623 -99.9718
4.0 5.0 2.46932 -99.9716
4.0 5.0 2.74413 -99.9965
4.0 5.0 2.77032 -99.9887
4.0 5.0 3.83903 -99.9903
4.0 5.0 2.70833 -99.9716
4.0 5.0 2.71592 -99.9771
4.0 5.0 2.83412 -99.9912
4.0 5.0 3.90203 -99.9569
4.0 5.0 1.52684 -99.9569
4.0 5.0 2.13155 -99.9632
4.0 5.0 3.37887 -99.9912
4.0 5.0 4.46709 -99.9828
4.0 5.0 1.86099 -99.9828
4.0 5.0 2.99332 -99.9689
4.0 5.0 3.1117 -99.9584
4.0 5.0 3.72471 -99.9851
4.0 5.0 4.20193 -99.9737
4.0 5.0 0.71484 -99.9522
4.0 5.0 1.15875 -99.9912
4.0 5.0 3.25919 -99.9822
4.0 5.0 5.25448 -99.9579
4.0 5.0 2.33651 -99.9582
4.0 5.0 5.3761 -99.9655
4.0 5.0 4.43434 -99.9887
4.0 5.0 5.38617 -99.9887
4.0 5.0 5.75778 -99.9898
4.0 5.0 5.51238 -99.9579
4.0 5.0 5.71423 -99.9557
4.0 5.0 5.50092 -99.9912
4.0 5.0 7.11 -99.9533
4.0 5.0 4.42553 -99.9822
4.0 5.0 5.11979 -99.9931
4.0 5.0 7.59743 -99.9828
4.0 5.0 7.72556 -99.9533
4.0 5.0 7.54269 -99.967
4.0 5.0 7.63933 -99.9584
4.0 5.0 6.15375 -99.9848
4.0 5.0 6.20872 -99.9554
4.0 5.0 8.00229 -99.9835
4.0 5.0 7.9249 -99.9533
4.0 5.0 21.9293 -99.9903
4.0 10.0 0.169434 -99.9811
4.0 10.0 0.170481 -99.987
4.0 10.0 0.173768 -99.9811
4.0 10.0 0.170359 -99.987
4.0 10.0 0.171728 -99.987
4.0 10.0 0.174589 -99.9811
4.0 10.0 0.173972 -99.987
4.0 10.0 0.171916 -99.987
4.0 10.0 0.169545 -99.9939
4.0 10.0 0.168816 -99.9668
4.0 10.0 0.178162 -99.9632
4.0 10.0 0.17397 -99.987
4.0 10.0 0.181437 -99.9632
4.0 10.0 0.174226 -99.987
4.0 10.0 0.182391 -99.9632
4.0 10.0 0.181373 -99.9632
4.0 10.0 0.181552 -99.9632
4.0 10.0 0.180037 -99.9632
4.0 10.0 0.172666 -99.987
4.0 10.0 0.170914 -99.9939
4.0 10.0 0.178132 -99.9632
4.0 10.0 0.177854 -99.9632
4.0 10.0 0.17232 -99.987
4.0 10.0 0.168357 -99.987
4.0 10.0 0.173833 -99.9811
4.0 10.0 0.174196 -99.9811
4.0 10.0 0.169289 -99.987
4.0 10.0 0.17024 -99.987
4.0 10.0 0.169666 -99.987
4.0 10.0 0.172638 -99.987
4.0 10.0 0.172371 -99.987
4.0 10.0 0.169931 -99.987
4.0 10.0 0.212353 -99.987
4.0 10.0 0.173444 -99.987
4.0 10.0 0.169696 -99.987
4.0 10.0 0.170515 -99.987
4.0 10.0 0.183581 -99.9632
4.0 10.0 0.170201 -99.9939
4.0 10.0 0.169324 -99.987
4.0 10.0 0.17951 -99.9632
4.0 10.0 0.172111 -99.987
4.0 10.0 0.169577 -99.987
4.0 10.0 0.178391 -99.9632
4.0 10.0 0.172332 -99.987
4.0 10.0 0.176587 -99.9632
4.0 10.0 0.169494 -99.987
4.0 10.0 0.17128 -99.987
4.0 10.0 0.170415 -99.987
4.0 10.0 0.169701 -99.987
4.0 10.0 0.174377 -99.9811
4.0 20.0 0.153481 -99.9849
4.0 20.0 0.838002 -99.99
4.0 20.0 0.774836 -99.9883
4.0 20.0 0.14633 -99.9849
4.0 20.0 0.151194 -99.9849
4.0 20.0 3.20149 -99.984
4.0 20.0 3.43059 -99.983
4.0 20.0 3.29071 -99.9883
4.0 20.0 3.74822 -99.9693
4.0 20.0 3.47157 -99.9673
4.0 20.0 4.04651 -99.9696
4.0 20.0 0.151314 -99.9849
4.0 20.0 0.152787 -99.9869
4.0 20.0 1.86622 -99.9854
4.0 20.0 1.4424 -99.9818
4.0 20.0 2.45444 -99.9899
4.0 20.0 1.01053 -99.9819
4.0 20.0 0.152117 -99.9849
4.0 20.0 0.842924 -99.9711
4.0 20.0 0.151612 -99.9869
4.0 20.0 1.05774 -99.9973
4.0 20.0 0.978287 -99.9883
4.0 20.0 0.909397 -99.9883
4.0 20.0 0.818768 -99.9717
4.0 20.0 1.36659 -99.977
4.0 20.0 0.152127 -99.9869
4.0 20.0 0.151018 -99.9849
4.0 20.0 0.151641 -99.9849
4.0 20.0 0.853958 -99.9883
4.0 20.0 0.151127 -99.9849
4.0 20.0 0.150891 -99.9849
4.0 20.0 0.151413 -99.9849
4.0 20.0 1.18409 -99.9883
4.0 20.0 0.152539 -99.9869
4.0 20.0 0.152447 -99.9849
4.0 20.0 0.881424 -99.9707
4.0 20.0 0.151237 -99.9849
4.0 20.0 0.948228 -99.9988
4.0 20.0 0.872521 -99.9892
4.0 20.0 0.151283 -99.9849
4.0 20.0 0.152403 -99.9849
4.0 20.0 0.153492 -99.9849
4.0 20.0 0.152403 -99.9849
4.0 20.0 0.150212 -99.9849
4.0 20.0 0.147248 -99.9869
4.0 20.0 3.57979 -99.9935
4.0 20.0 3.58092 -99.9685
4.0 20.0 3.59902 -99.9767
4.0 20.0 0.151092 -99.9849
4.0 20.0 0.151951 -99.9869
4.0 25.0 0.792407 -99.9533
4.0 25.0 0.656413 -99.9533
4.0 25.0 1.07518 -99.9533
4.0 25.0 0.728625 -99.9533
4.0 25.0 0.649212 -99.9533
4.0 25.0 0.730283 -99.9533
4.0 25.0 0.6514 -99.9533
4.0 25.0 1.07126 -99.9533
4.0 25.0 0.781316 -99.9533
4.0 25.0 1.49335 -99.9533
4.0 25.0 1.50509 -99.9533
4.0 25.0 2.2142 -99.9533
4.0 25.0 0.844685 -99.9533
4.0 25.0 2.54641 -99.9533
4.0 25.0 0.83627 -99.9533
4.0 25.0 0.872461 -99.9533
4.0 25.0 0.735146 -99.9533
4.0 25.0 0.745488 -99.9533
4.0 25.0 0.801397 -99.9533
4.0 25.0 0.751966 -99.9533
4.0 25.0 0.840783 -99.9533
4.0 25.0 1.518 -99.9533
4.0 25.0 1.33721 -99.9533
4.0 25.0 0.801227 -99.9533
4.0 25.0 0.850848 -99.9533
4.0 25.0 0.85278 -99.9533
4.0 25.0 0.754261 -99.9533
4.0 25.0 0.736953 -99.9533
4.0 25.0 0.750898 -99.9533
4.0 25.0 0.879151 -99.9533
4.0 25.0 0.864512 -99.9533
4.0 25.0 1.42254 -99.9533
4.0 25.0 0.83635 -99.9533
4.0 25.0 0.869041 -99.9533
4.0 25.0 2.05686 -99.9533
4.0 25.0 1.58502 -99.9533
4.0 25.0 0.802116 -99.9533
4.0 25.0 0.840973 -99.9533
4.0 25.0 0.804359 -99.9533
4.0 25.0 0.74869 -99.9533
4.0 25.0 0.796123 -99.9533
4.0 25.0 1.09639 -99.9533
4.0 25.0 1.3837 -99.9533
4.0 25.0 0.782358 -99.9533
4.0 25.0 1.61091 -99.9533
4.0 25.0 0.779874 -99.9533
4.0 25.0 0.651004 -99.9533
4.0 25.0 1.28543 -99.9533
4.0 25.0 2.13534 -99.9533
4.0 25.0 2.96489 -99.9533
5.0 1.0 58.9668 -26.4984
5.0 1.0 57.5239 -26.4984
5.0 1.0 59.4246 -26.4984
5.0 1.0 59.2233 -26.4984
5.0 1.0 59.3931 -26.4984
5.0 1.0 58.3226 -26.4984
5.0 1.0 58.8692 -26.4984
5.0 1.0 59.2017 -26.4984
5.0 1.0 58.8017 -26.4984
5.0 1.0 55.7766 -26.4984
5.0 1.0 55.9101 -26.4984
5.0 1.0 55.5796 -26.4984
5.0 1.0 55.911 -26.4984
5.0 1.0 55.8576 -26.4984
5.0 1.0 55.9705 -26.4984
5.0 1.0 57.2404 -26.4984
5.0 1.0 59.6783 -26.4984
5.0 1.0 55.845 -26.4984
5.0 1.0 58.4408 -26.4984
5.0 1.0 59.3154 -26.4983
5.0 1.0 58.9282 -26.4984
5.0 1.0 59.7683 -26.4984
5.0 1.0 55.8269 -26.4984
5.0 1.0 55.9105 -26.4984
5.0 1.0 55.9674 -26.4984
5.0 1.0 55.6193 -26.4984
5.0 1.0 55.6622 -26.4984
5.0 1.0 55.711 -26.4984
5.0 1.0 59.0293 -26.4984
5.0 1.0 59.6824 -26.4984
5.0 1.0 59.451 -26.4984
5.0 1.0 59.2229 -26.4984
5.0 1.0 55.5693 -26.4984
5.0 1.0 59.1852 -26.4984
5.0 1.0 59.4306 -26.4984
5.0 1.0 55.6157 -26.4984
5.0 1.0 56.085 -26.4984
5.0 1.0 56.0227 -26.4984
5.0 1.0 59.345 -26.4984
5.0 1.0 58.9643 -26.4984
5.0 1.0 59.4747 -26.4977
5.0 1.0 59.3253 -26.4984
5.0 1.0 58.9084 -26.4984
5.0 1.0 56.061 -26.4984
5.0 1.0 58.9994 -26.4984
5.0 1.0 55.7847 -26.4984
5.0 1.0 55.5712 -26.4984
5.0 1.0 55.7395 -26.4984
5.0 1.0 56.0012 -26.4984
5.0 1.0 56.0044 -26.4984
5.0 2.0 29.9543 -26.4984
5.0 2.0 29.7186 -26.4984
5.0 2.0 30.0898 -26.4984
5.0 2.0 30.2569 -26.4984
5.0 2.0 30.0385 -26.4984
5.0 2.0 30.5236 -26.4984
5.0 2.0 29.7779 -26.4984
5.0 2.0 29.7333 -26.4984
5.0 2.0 30.1694 -26.4984
5.0 2.0 28.0963 -26.4984
5.0 2.0 30.052 -26.4984
5.0 2.0 30.412 -26.4984
5.0 2.0 29.9988 -26.4984
5.0 2.0 29.8495 -26.4984
5.0 2.0 30.006 -26.4984
5.0 2.0 30.0113 -26.4984
5.0 2.0 29.7298 -26.4984
5.0 2.0 29.9247 -26.4984
5.0 2.0 30.1603 -26.4984
5.0 2.0 29.935 -26.4984
5.0 2.0 29.7667 -26.4984
5.0 2.0 30.0302 -26.4984
5.0 2.0 30.3299 -26.4984
5.0 2.0 30.6325 -26.4984
5.0 2.0 28.0283 -26.4984
5.0 2.0 29.7062 -26.4984
5.0 2.0 30.2623 -26.4984
5.0 2.0 30.7213 -26.4984
5.0 2.0 28.0619 -26.4984
5.0 2.0 30.0641 -26.4984
5.0 2.0 30.6683 -26.4984
5.0 2.0 28.1233 -26.4984
5.0 2.0 29.8785 -26.4984
5.0 2.0 29.7696 -26.4984
5.0 2.0 30.2945 -26.4984
5.0 2.0 28.0209 -26.4984
5.0 2.0 29.9777 -26.4984
5.0 2.0 29.8754 -26.4984
5.0 2.0 29.9896 -26.4984
5.0 2.0 29.9134 -26.4965
5.0 2.0 30.7956 -26.4984
5.0 2.0 30.1555 -26.4984
5.0 2.0 29.7429 -26.4984
5.0 2.0 29.7223 -26.4984
5.0 2.0 29.8999 -26.4984
5.0 2.0 30.0327 -26.4984
5.0 2.0 28.0997 -26.4984
5.0 2.0 29.9448 -26.4984
5.0 2.0 29.5782 -26.4984
5.0 2.0 29.9787 -26.4984
5.0 4.0 15.696 -26.4984
5.0 4.0 15.8199 -26.4984
5.0 4.0 15.7091 -26.4984
5.0 4.0 15.7461 -26.4984
5.0 4.0 15.7256 -26.4984
5.0 4.0 15.7349 -26.4984
5.0 4.0 15.6743 -26.4984
5.0 4.0 15.6886 -26.4984
5.0 4.0 15.7798 -26.4984
5.0 4.0 15.6892 -26.4984
5.0 4.0 15.679 -26.4984
5.0 4.0 15.7132 -26.4984
5.0 4.0 15.8295 -26.4979
5.0 4.0 15.7712 -26.4984
5.0 4.0 15.7166 -26.4984
5.0 4.0 15.701 -26.4984
5.0 4.0 15.7785 -26.4984
5.0 4.0 15.73 -26.4984
5.0 4.0 15.7855 -26.4984
5.0 4.0 15.7406 -26.4984
5.0 4.0 15.7484 -26.4984
5.0 4.0 15.7245 -26.4984
5.0 4.0 15.7847 -26.4984
5.0 4.0 15.6984 -26.4984
5.0 4.0 15.6899 -26.4984
5.0 4.0 15.7775 -26.4984
5.0 4.0 15.6788 -26.4984
5.0 4.0 15.7949 -26.4984
5.0 4.0 15.6821 -26.4984
5.0 4.0 15.8705 -26.4984
5.0 4.0 15.816 -26.4984
5.0 4.0 15.714 -26.4984
5.0 4.0 15.5696 -26.4984
5.0 4.0 15.6992 -26.4984
5.0 4.0 15.7756 -26.4984
5.0 4.0 15.8028 -26.4984
5.0 4.0 15.7152 -26.4984
5.0 4.0 15.8402 -26.4984
5.0 4.0 15.7298 -26.4984
5.0 4.0 16.2258 -26.4984
5.0 4.0 16.0412 -26.4984
5.0 4.0 16.0802 -26.4984
5.0 4.0 15.8204 -26.4984
5.0 4.0 15.844 -26.4984
5.0 4.0 15.9783 -26.4984
5.0 4.0 15.671 -26.4984
5.0 4.0 15.9942 -26.4984
5.0 4.0 15.9197 -26.4984
5.0 4.0 15.7429 -26.4984
5.0 4.0 15.8098 -26.4984
5.0 5.0 11.3483 -26.4984
5.0 5.0 12.7565 -26.4984
5.0 5.0 12.4209 -26.4984
5.0 5.0 12.2549 -26.4984
5.0 5.0 12.5967 -26.4984
5.0 5.0 12.5849 -26.4984
5.0 5.0 12.2738 -26.4984
5.0 5.0 12.3018 -26.4984
5.0 5.0 12.5046 -26.4984
5.0 5.0 13.0138 -26.4984
5.0 5.0 12.7306 -26.4984
5.0 5.0 12.7016 -26.4984
5.0 5.0 13.1757 -26.4984
5.0 5.0 12.2646 -26.4984
5.0 5.0 12.3253 -26.4984
5.0 5.0 12.4833 -26.4984
5.0 5.0 13.4863 -26.4984
5.0 5.0 12.6038 -26.4984
5.0 5.0 12.33 -26.4984
5.0 5.0 13.8589 -26.4984
5.0 5.0 13.095 -26.4984
5.0 5.0 12.4617 -26.4984
5.0 5.0 13.2683 -26.4984
5.0 5.0 12.5225 -26.4984
5.0 5.0 12.5891 -26.4984
5.0 5.0 12.8293 -26.4984
5.0 5.0 12.5828 -26.4984
5.0 5.0 12.8025 -26.4984
5.0 5.0 12.1147 -26.4984
5.0 5.0 12.5236 -26.4984
5.0 5.0 12.6297 -26.4984
5.0 5.0 12.9652 -26.4984
5.0 5.0 13.202 -26.4984
5.0 5.0 12.729 -26.4984
5.0 5.0 13.3807 -26.4984
5.0 5.0 15.2239 -26.4984
5.0 5.0 13.9244 -26.4984
5.0 5.0 13.4709 -26.4984
5.0 5.0 12.5609 -26.4984
5.0 5.0 12.4535 -26.4984
5.0 5.0 12.5275 -26.4984
5.0 5.0 12.4919 -26.4984
5.0 5.0 13.7794 -26.4984
5.0 5.0 12.538 -26.4984
5.0 5.0 12.5392 -26.4984
5.0 5.0 14.9772 -26.4984
5.0 5.0 12.3066 -26.4984
5.0 5.0 13.8973 -26.4984
5.0 5.0 14.0338 -26.4984
5.0 5.0 27.0456 -26.4984
5.0 10.0 6.57385 -26.4984
5.0 10.0 6.5303 -26.4984
5.0 10.0 6.53865 -26.4984
5.0 10.0 6.53085 -26.4984
5.0 10.0 6.60562 -26.4984
5.0 10.0 6.65194 -26.4984
5.0 10.0 6.56494 -26.4984
5.0 10.0 6.58339 -26.4984
5.0 10.0 6.5619 -26.4984
5.0 10.0 6.22295 -26.4984
5.0 10.0 6.5656 -26.4984
5.0 10.0 6.45384 -26.4984
5.0 10.0 6.54917 -26.4984
5.0 10.0 6.62139 -26.4984
5.0 10.0 6.62396 -26.4984
5.0 10.0 6.6147 -26.4984
5.0 10.0 6.45904 -26.4984
5.0 10.0 6.47268 -26.4984
5.0 10.0 6.61625 -26.4984
5.0 10.0 6.57511 -26.4984
5.0 10.0 6.62023 -26.4984
5.0 10.0 6.56397 -26.4984
5.0 10.0 6.57534 -26.4984
5.0 10.0 6.60875 -26.4984
5.0 10.0 6.59047 -26.4984
5.0 10.0 6.63967 -26.4984
5.0 10.0 6.52489 -26.4984
5.0 10.0 6.57602 -26.4984
5.0 10.0 6.64914 -26.4984
5.0 10.0 6.56351 -26.4984
5.0 10.0 6.55052 -26.4984
5.0 10.0 6.54928 -26.4984
5.0 10.0 6.64895 -26.4984
5.0 10.0 6.5571 -26.4984
5.0 10.0 6.46723 -26.4984
5.0 10.0 6.59906 -26.4984
5.0 10.0 6.6661 -26.4984
5.0 10.0 6.45716 -26.4984
5.0 10.0 6.48941 -26.4984
5.0 10.0 6.46623 -26.4984
5.0 10.0 6.66715 -26.4984
5.0 10.0 6.65038 -26.4984
5.0 10.0 6.67197 -26.4984
5.0 10.0 6.56593 -26.4984
5.0 10.0 6.15349 -26.4984
5.0 10.0 6.54959 -26.4984
5.0 10.0 6.65554 -26.4984
5.0 10.0 6.59466 -26.4984
5.0 10.0 6.56167 -26.4984
5.0 10.0 6.65203 -26.4984
5.0 20.0 3.66377 -26.4984
5.0 20.0 3.44197 -26.4984
5.0 20.0 3.65508 -26.4984
5.0 20.0 3.47565 -26.4984
5.0 20.0 3.58499 -26.4983
5.0 20.0 3.66872 -26.4982
5.0 20.0 3.61018 -26.4984
5.0 20.0 3.47629 -26.4984
5.0 20.0 3.46708 -26.4984
5.0 20.0 3.63266 -26.4983
5.0 20.0 3.63651 -26.4984
5.0 20.0 3.6262 -26.498
5.0 20.0 3.62335 -26.4984
5.0 20.0 3.47879 -26.4984
5.0 20.0 3.47496 -26.4984
5.0 20.0 3.66215 -26.4984
5.0 20.0 3.67464 -26.4984
5.0 20.0 4.04962 -26.4984
5.0 20.0 3.66364 -26.4984
5.0 20.0 3.67433 -26.4984
5.0 20.0 3.76229 -26.4984
5.0 20.0 3.95142 -26.4984
5.0 20.0 4.03796 -26.4984
5.0 20.0 3.47124 -26.4984
5.0 20.0 3.46747 -26.4984
5.0 20.0 3.47287 -26.4984
5.0 20.0 3.70288 -26.4982
5.0 20.0 3.80214 -26.4983
5.0 20.0 3.65242 -26.4984
5.0 20.0 3.71379 -26.4983
5.0 20.0 3.46269 -26.4984
5.0 20.0 3.6743 -26.4984
5.0 20.0 3.63218 -26.4982
5.0 20.0 3.64069 -26.4984
5.0 20.0 3.85855 -26.4984
5.0 20.0 3.85375 -26.4984
5.0 20.0 3.7491 -26.4981
5.0 20.0 3.65311 -26.4984
5.0 20.0 3.44936 -26.4984
5.0 20.0 3.75142 -26.4984
5.0 20.0 3.44274 -26.4984
5.0 20.0 3.74329 -26.4984
5.0 20.0 3.47232 -26.4984
5.0 20.0 3.81281 -26.4984
5.0 20.0 3.65031 -26.498
5.0 20.0 3.73353 -26.4983
5.0 20.0 3.6936 -26.4984
5.0 20.0 3.46205 -26.4984
5.0 20.0 3.44754 -26.4984
5.0 20.0 3.76022 -26.4984
5.0 25.0 3.23095 -26.4983
5.0 25.0 3.02529 -26.4983
5.0 25.0 3.49507 -26.4984
5.0 25.0 3.0335 -26.4983
5.0 25.0 3.44001 -26.4983
5.0 25.0 2.97143 -26.4983
5.0 25.0 3.24644 -26.4983
5.0 25.0 3.09482 -26.4984
5.0 25.0 3.29046 -26.4983
5.0 25.0 2.98462 -26.4983
5.0 25.0 3.18279 -26.4984
5.0 25.0 3.06613 -26.4984
5.0 25.0 2.96938 -26.4983
5.0 25.0 3.15674 -26.4983
5.0 25.0 3.17856 -26.4983
5.0 25.0 3.1857 -26.4983
5.0 25.0 2.98856 -26.4984
5.0 25.0 3.06547 -26.4983
5.0 25.0 3.00626 -26.4984
5.0 25.0 2.98456 -26.4983
5.0 25.0 3.09009 -26.4983
5.0 25.0 3.04488 -26.4983
5.0 25.0 3.00742 -26.4983
5.0 25.0 3.01984 -26.4984
5.0 25.0 3.0429 -26.4983
5.0 25.0 2.99413 -26.4983
5.0 25.0 3.03733 -26.4983
5.0 25.0 3.12589 -26.4984
5.0 25.0 3.12547 -26.4983
5.0 25.0 3.05051 -26.4984
5.0 25.0 3.35065 -26.4983
5.0 25.0 3.29034 -26.4983
5.0 25.0 3.12812 -26.4983
5.0 25.0 3.10514 -26.4983
5.0 25.0 3.31132 -26.4983
5.0 25.0 3.13853 -26.4983
5.0 25.0 3.42479 -26.4984
5.0 25.0 3.00926 -26.4983
5.0 25.0 3.02264 -26.4983
5.0 25.0 3.16241 -26.4983
5.0 25.0 3.22696 -26.4983
5.0 25.0 3.08597 -26.4983
5.0 25.0 3.28844 -26.4984
5.0 25.0 3.54837 -26.4983
5.0 25.0 3.00757 -26.4983
5.0 25.0 3.09709 -26.4983
5.0 25.0 2.95667 -26.4983
5.0 25.0 3.17447 -26.4983
5.0 25.0 3.0466 -26.4983
5.0 25.0 3.16109 -26.4983
