0 2 0.656055 2.02867
0 2 0.687787 2.02867
0 2 0.70403 2.02867
0 2 0.662399 2.02867
0 2 0.67359 2.02867
0 2 0.688659 2.02867
0 2 0.670406 2.02867
0 2 0.683251 2.02867
0 2 2.04954 2.02867
0 2 0.833132 2.02867
0 2 0.824155 2.02867
0 2 0.798246 2.02867
0 2 0.795348 2.02867
0 2 1.9201 2.02867
0 2 0.683835 2.02867
0 2 0.703352 2.02867
0 2 0.833154 2.02867
0 2 1.96302 2.02867
0 2 0.771741 2.02867
0 2 0.806245 2.02867
0 2 0.686349 2.02867
0 2 0.79062 2.02867
0 2 1.96463 2.02867
0 2 0.809699 2.02867
0 2 0.806705 2.02867
0 2 0.678448 2.02867
0 2 0.793464 2.02867
0 2 1.92794 2.02867
0 2 0.729322 2.02867
0 2 1.84633 2.02867
0 2 0.80631 2.02867
0 2 0.690552 2.02867
0 2 1.85185 2.02867
0 2 0.687365 2.02867
0 2 0.799669 2.02867
0 2 0.78655 2.02867
0 2 0.80407 2.02867
0 2 2.28458 2.02867
0 2 0.811262 2.02867
0 2 0.690986 2.02867
0 2 1.87838 2.02867
0 2 0.801178 2.02867
0 2 1.88684 2.02867
0 2 1.92653 2.02867
0 2 2.18343 2.02867
0 2 1.89466 2.02867
0 2 0.690389 2.02867
0 2 0.783723 2.02867
0 2 0.683582 2.02867
0 2 2.03719 2.02867
0 2 0.812009 2.02867
0 2 1.76789 2.02867
0 2 0.694775 2.02867
0 2 0.788692 2.02867
0 2 0.791292 2.02867
0 2 0.790649 2.02867
0 2 2.07715 2.02867
0 2 0.708724 2.02867
0 2 2.30105 2.02867
0 2 0.819139 2.02867
0 2 2.03204 2.02867
0 2 0.705798 2.02867
0 2 0.78614 2.02867
0 2 2.09829 2.02867
0 2 0.801739 2.02867
0 2 1.85266 2.02867
0 2 0.684476 2.02867
0 2 2.04179 2.02867
0 2 1.86509 2.02867
0 2 2.2605 2.02867
0 2 0.718214 2.02867
0 2 1.93022 2.02867
0 2 0.797189 2.02867
0 2 0.836873 2.02867
0 2 2.07372 2.02867
0 2 0.74224 2.02867
0 2 0.809496 2.02867
0 2 1.95312 2.02867
0 2 0.834552 2.02867
0 2 0.71289 2.02867
0 2 2.06232 2.02867
0 2 0.798808 2.02867
0 2 0.746945 2.02867
0 2 0.802054 2.02867
0 2 0.7417 2.02867
0 2 0.804953 2.02867
0 2 1.76667 2.02867
0 2 2.18899 2.02867
0 2 0.808348 2.02867
0 2 2.10266 2.02867
0 2 1.93839 2.02867
0 2 0.818547 2.02867
0 2 2.10443 2.02867
0 2 0.80599 2.02867
0 2 2.16049 2.02867
0 2 0.73009 2.02867
0 2 0.795426 2.02867
0 2 2.11121 2.02867
0 2 0.800732 2.02867
0 2 0.810698 2.02867
1 2 0.79094 16.6395
1 2 2.10063 16.6395
1 2 1.84944 16.6395
1 2 0.793344 16.6395
1 2 2.14112 16.6395
1 2 1.97133 16.6395
1 2 0.829952 16.6395
1 2 0.948963 16.6395
1 2 0.959957 16.6395
1 2 1.86048 16.6395
1 2 0.863198 16.6395
1 2 2.14216 16.6395
1 2 1.93088 16.6395
1 2 2.14856 16.6395
1 2 0.86403 16.6395
1 2 2.13497 16.6395
1 2 0.853255 16.6395
1 2 0.885042 16.6395
1 2 2.16383 16.6395
1 2 1.9506 16.6395
1 2 1.89511 16.6395
1 2 0.748906 16.6395
1 2 2.09893 16.6395
1 2 1.91047 16.6395
1 2 1.85314 16.6395
1 2 0.869711 16.6395
1 2 2.1557 16.6395
1 2 0.984578 16.6395
1 2 1.97321 16.6395
1 2 2.10798 16.6395
1 2 1.86216 16.6395
1 2 0.889565 16.6395
1 2 1.86721 16.6395
1 2 2.02374 16.6395
1 2 1.87534 16.6395
1 2 0.871544 16.6395
1 2 2.01895 16.6395
1 2 0.883805 16.6395
1 2 2.39557 16.6395
1 2 1.86305 16.6395
1 2 0.872513 16.6395
1 2 3.10085 16.6395
1 2 2.28081 16.6395
1 2 0.764149 16.6395
1 2 1.9628 16.6395
1 2 1.82816 16.6395
1 2 2.29343 16.6395
1 2 2.1036 16.6395
1 2 2.1922 16.6395
1 2 2.37767 16.6395
2 2 0.811214 -2.31892e-09
2 2 0.695471 -2.31892e-09
2 2 2.11863 -2.31892e-09
2 2 2.15793 -2.31892e-09
2 2 0.724311 -2.31892e-09
2 2 2.18302 -2.31892e-09
2 2 2.05227 -2.31892e-09
2 2 0.823548 -2.31892e-09
2 2 3.12263 -2.31892e-09
2 2 0.778826 -2.31892e-09
2 2 2.44854 -2.31892e-09
2 2 2.10905 -2.31892e-09
2 2 3.15806 -2.31892e-09
2 2 0.813618 -2.31892e-09
2 2 2.10635 -2.31892e-09
2 2 0.796468 -2.31892e-09
2 2 0.813567 -2.31892e-09
2 2 0.850541 -2.31892e-09
2 2 0.711138 -2.31892e-09
2 2 1.96203 -2.31892e-09
2 2 1.78778 -2.31892e-09
2 2 1.78453 -2.31892e-09
2 2 1.86693 -2.31892e-09
2 2 0.791436 -2.31892e-09
2 2 1.99348 -2.31892e-09
2 2 0.785044 -2.31892e-09
2 2 2.2151 -2.31892e-09
2 2 0.740191 -2.31892e-09
2 2 0.747817 -2.31892e-09
2 2 2.06167 -2.31892e-09
2 2 0.804658 -2.31892e-09
2 2 3.05965 -2.31892e-09
2 2 2.05341 -2.31892e-09
2 2 3.12386 -2.31892e-09
2 2 2.2009 -2.31892e-09
2 2 0.790647 -2.31892e-09
2 2 0.82227 -2.31892e-09
2 2 2.06952 -2.31892e-09
2 2 2.04405 -2.31892e-09
2 2 0.73175 -2.31892e-09
2 2 2.05377 -2.31892e-09
2 2 1.83257 -2.31892e-09
2 2 0.811288 -2.31892e-09
2 2 0.78018 -2.31892e-09
2 2 0.828624 -2.31892e-09
2 2 2.08637 -2.31892e-09
2 2 0.780065 -2.31892e-09
2 2 1.90015 -2.31892e-09
2 2 1.83625 -2.31892e-09
2 2 0.791903 -2.31892e-09
3 2 0.729422 211.42
3 2 2.12055 211.42
3 2 1.87299 211.42
3 2 2.12412 211.42
3 2 2.16805 211.42
3 2 2.07836 211.42
3 2 1.90215 211.42
3 2 2.10231 211.42
3 2 1.84941 211.42
3 2 1.86267 211.42
3 2 2.09275 211.42
3 2 1.79598 211.42
3 2 1.8627 211.42
3 2 1.94178 211.42
3 2 1.9135 211.42
3 2 1.85513 211.42
3 2 3.01651 211.42
3 2 0.771281 211.42
3 2 1.94751 211.42
0 8 0.99526 2.04189
0 8 1.06988 2.03944
3 2 1.96942 211.42
3 2 2.59451 211.42
0 8 0.624949 2.0259
3 2 1.97608 211.42
3 2 2.214 211.42
0 8 0.581593 2.03591
0 8 0.755223 2.03575
3 2 0.838303 211.42
0 8 0.639787 2.04133
3 2 2.02792 211.42
0 8 1.04773 2.03927
3 2 1.16667 211.42
0 8 1.09394 2.03018
3 2 0.858182 211.42
0 8 0.59847 2.04154
0 8 0.633961 2.00493
3 2 3.04119 211.42
3 2 0.860257 211.42
0 8 0.645539 2.04032
3 2 2.24552 211.42
3 2 0.82217 211.42
0 8 1.02538 2.02184
3 2 2.17033 211.42
0 8 1.01289 2.03324
0 8 0.697495 2.04194
0 8 0.638079 2.03784
3 2 0.841568 211.42
0 8 0.593472 2.03051
0 8 0.637176 2.04137
0 8 0.618523 2.03824
0 8 0.643528 2.04197
0 8 0.897569 2.03634
0 8 0.620326 2.04136
3 2 3.1101 211.42
0 8 0.931016 2.04194
0 8 0.972958 2.0419
0 8 1.00442 2.04188
0 8 0.798173 2.02164
0 8 1.12579 2.03942
0 8 1.12548 2.01451
0 8 0.626683 2.01876
0 8 1.19647 2.02097
3 2 0.818622 211.42
3 2 1.97318 211.42
0 8 0.948546 2.03557
0 8 0.582621 2.04095
0 8 0.635278 2.04098
0 8 0.612536 2.04191
0 8 0.648001 2.04073
3 2 0.854839 211.42
0 8 0.914949 2.00247
3 2 2.21355 211.42
0 8 1.0291 2.01728
3 2 1.06989 211.42
0 8 0.614025 2.03376
3 2 3.0737 211.42
0 8 0.607857 2.04171
0 8 0.642464 2.04191
3 2 1.1712 211.42
3 2 0.862503 211.42
0 8 1.15618 2.04187
3 2 3.30919 211.42
3 2 0.855249 211.42
0 8 0.920542 2.04133
0 8 0.630463 2.01478
0 8 0.71868 2.04173
3 2 2.0314 211.42
3 2 1.15889 211.42
3 2 1.94752 211.42
0 8 1.43635 2.04197
0 8 0.60072 2.03992
3 2 0.824706 211.42
3 2 0.843421 211.42
0 8 1.0408 2.02042
3 2 1.16074 211.42
4 2 0.735503 9.92949
4 2 1.86254 9.92949
0 8 0.993628 2.04134
0 8 1.2089 2.03636
0 8 0.61145 2.02603
0 8 0.723437 2.0224
4 2 0.74831 9.92949
4 2 1.10773 9.92949
4 2 0.761683 9.92949
4 2 2.9937 9.92949
0 8 1.05816 2.0407
4 2 1.79766 9.92949
0 8 0.906418 2.03701
4 2 2.03053 9.92949
0 8 1.0358 2.04166
0 8 0.712633 2.03919
4 2 0.789533 9.92949
4 2 1.12772 9.92949
4 2 0.799383 9.92949
0 8 0.907818 2.03344
4 2 0.758545 9.92949
0 8 1.02108 2.02184
0 8 1.18354 2.04198
0 8 0.673502 2.04053
0 8 0.571253 2.02062
4 2 2.84217 9.92949
4 2 0.790246 9.92949
4 2 1.86628 9.92949
0 8 0.964317 2.04133
4 2 2.87766 9.92949
0 8 0.624656 2.0295
4 2 0.795419 9.92949
0 8 0.971003 2.01481
0 8 1.07078 2.02172
0 8 0.581857 2.04184
4 2 0.705111 9.92949
4 2 2.03945 9.92949
4 2 0.758381 9.92949
4 2 0.783804 9.92949
4 2 0.782195 9.92949
0 8 0.603999 2.03679
0 8 0.628712 2.03335
4 2 0.792434 9.92949
4 2 3.24928 9.92949
0 8 0.598819 2.03227
4 2 0.774054 9.92949
4 2 0.76338 9.92949
0 8 1.03431 2.04165
4 2 3.05081 9.92949
4 2 0.794291 9.92949
4 2 1.90953 9.92949
0 8 1.06899 2.03514
0 8 0.62808 2.03801
4 2 1.98438 9.92949
4 2 0.757061 9.92949
0 8 0.918759 2.02171
4 2 1.80778 9.92949
0 8 0.624122 2.02115
4 2 0.7888 9.92949
4 2 2.15276 9.92949
4 2 2.09631 9.92949
0 8 0.924911 2.04164
0 8 0.946321 2.02191
4 2 2.93188 9.92949
4 2 1.70396 9.92949
4 2 0.745854 9.92949
4 2 1.77926 9.92949
0 8 0.605259 2.04185
4 2 0.765043 9.92949
4 2 1.84235 9.92949
4 2 3.01041 9.92949
0 8 0.602723 2.04188
4 2 0.797513 9.92949
0 8 0.916041 2.04195
4 2 0.77325 9.92949
4 2 1.12236 9.92949
0 8 0.627003 2.01481
4 2 0.747998 9.92949
0 8 0.884143 2.04043
0 8 0.973599 2.035
4 2 2.14057 9.92949
4 2 2.28496 9.92949
4 2 2.04265 9.92949
4 2 0.774034 9.92949
0 8 0.735769 2.04184
0 8 0.60329 2.03824
0 8 0.861454 2.0112
0 8 0.973561 2.03834
0 8 1.06207 2.04098
0 8 1.11219 2.01474
0 8 0.644511 2.04196
0 8 0.92152 2.03667
0 8 0.603409 2.04079
0 8 0.580783 2.04101
0 8 0.637451 2.04194
0 8 0.642544 2.04045
0 8 1.0049 2.01612
0 8 0.629332 2.01481
0 8 0.964853 2.04013
0 8 0.625132 2.03755
0 8 0.710471 2.04112
0 8 1.03829 2.04059
0 8 0.944734 2.03802
0 8 0.571123 2.03629
1 8 1.05267 16.635
1 8 0.63083 16.6521
1 8 0.638071 16.65
1 8 0.647498 16.6342
1 8 0.642233 16.6469
1 8 0.646904 16.6527
1 8 0.601105 16.6518
1 8 0.625182 16.6528
1 8 0.633688 16.6528
1 8 1.04884 16.6259
1 8 0.974224 16.6521
1 8 0.935955 16.6481
1 8 1.14421 16.6164
1 8 0.979852 16.6488
1 8 0.672546 16.6528
1 8 0.67368 16.651
1 8 0.704434 16.649
1 8 1.06281 16.5915
1 8 0.643602 16.6524
1 8 0.638405 16.6522
1 8 1.03052 16.6487
1 8 1.27124 16.649
1 8 0.642066 16.6517
1 8 1.2137 16.5925
1 8 0.656255 16.6509
1 8 0.77049 16.6292
1 8 0.657462 16.652
1 8 0.639951 16.5262
5 2 58.7238 25.022
1 8 1.02695 16.6467
5 2 58.6131 25.022
5 2 59.2383 25.022
1 8 0.574183 16.6476
1 8 0.617285 16.6504
1 8 0.944892 16.6525
1 8 0.79487 16.6513
5 2 58.0459 25.022
1 8 0.940443 16.6513
1 8 0.966141 16.6396
1 8 0.770295 16.6521
1 8 0.986346 16.6278
1 8 1.20459 16.6381
1 8 0.653804 16.5728
5 2 60.2912 25.022
1 8 0.589047 16.6509
1 8 0.635242 16.6528
1 8 0.72081 16.6526
1 8 0.986337 16.6527
1 8 0.939007 16.616
5 2 65.3838 25.022
1 8 0.607144 16.6134
1 8 0.645929 16.6472
1 8 0.656164 16.6527
1 8 0.609287 16.6308
1 8 0.632843 16.6521
1 8 0.772122 16.639
2 8 0.596935 -1.53371e-09
2 8 0.60425 -1.8958e-08
2 8 0.867408 -3.1184e-07
2 8 0.643402 -2.54589e-09
2 8 0.65354 -5.76525e-10
2 8 1.0001 -1.24636e-09
2 8 0.665262 -1.05945e-06
2 8 0.631072 -1.86943e-05
2 8 0.938905 -4.96262e-05
2 8 0.635928 -9.34647e-07
2 8 0.936539 -9.21901e-06
2 8 0.621765 -5.67651e-12
2 8 0.656037 -5.8625e-07
2 8 0.579582 -2.49976e-20
2 8 0.643532 -4.96262e-05
2 8 0.624295 -8.01669e-09
2 8 0.951632 -7.72972e-14
2 8 0.635747 -1.1646e-06
2 8 0.638197 -7.38053e-06
2 8 0.586356 -1.07939e-08
2 8 0.633701 -1.32262e-09
2 8 0.657084 -1.2075e-08
2 8 0.936476 -1.63262e-07
2 8 0.926424 -4.97827e-07
2 8 0.633877 -1.01065e-12
2 8 0.658846 -7.18812e-06
2 8 0.914872 -9.28873e-09
2 8 0.920289 -1.52301e-06
2 8 0.643512 -6.43442e-07
2 8 0.62437 -5.39967e-09
2 8 0.582442 -2.9061e-14
2 8 0.922152 -1.09504e-07
2 8 0.922965 -2.08047e-06
2 8 1.00887 -2.74169e-10
5 2 58.6703 25.022
2 8 0.662508 -1.21171e-07
2 8 0.661782 -2.57789e-09
2 8 0.608048 -2.25221e-07
2 8 0.644083 -5.60638e-10
2 8 0.618312 -1.77987e-07
5 2 57.9317 25.022
2 8 1.03524 -3.10307e-07
2 8 0.923891 -1.28544e-08
2 8 0.943815 -4.37615e-06
2 8 0.99767 -1.59435e-06
2 8 0.965861 -1.24614e-06
2 8 0.930422 -1.09625e-05
2 8 1.12249 -1.57494e-08
5 2 57.9777 25.022
5 2 58.1134 25.022
2 8 0.631856 -8.6536e-07
2 8 0.620337 -1.12777e-10
2 8 0.629552 -3.09457e-12
2 8 0.672772 -1.25712e-07
3 8 0.923828 211.422
5 2 60.3252 25.022
3 8 0.923079 211.214
3 8 0.966344 211.26
3 8 0.997384 211.2
5 2 59.9271 25.022
3 8 0.651601 211.148
3 8 0.650232 211.416
3 8 0.875434 211.353
3 8 0.639728 211.248
3 8 0.645056 211.252
3 8 1.00011 211.315
3 8 0.635317 210.741
3 8 0.644561 211.403
3 8 0.882921 211.197
3 8 0.651353 210.077
3 8 0.927462 209.865
3 8 1.03254 211.3
3 8 0.95612 211.069
3 8 0.942081 211.41
3 8 0.633233 211.384
3 8 0.593646 210.371
3 8 0.94131 211.18
3 8 1.05892 211.408
3 8 1.10445 211.419
3 8 1.04558 210.474
3 8 0.594247 210.815
3 8 0.649419 209.309
3 8 0.639816 211.162
3 8 0.642949 211.401
3 8 0.943141 209.578
3 8 0.961731 210.559
3 8 0.644779 204.883
3 8 0.881416 211.394
3 8 0.634491 211.413
3 8 0.629909 211.047
3 8 0.658759 211.388
3 8 0.608482 210.362
3 8 0.658527 211.414
3 8 0.942592 204.225
3 8 0.631328 211.342
3 8 0.601784 211.39
3 8 1.01547 210.51
3 8 0.990709 210.003
3 8 0.603868 211.278
3 8 0.917398 211.412
5 2 58.0876 25.022
3 8 0.63106 206.669
4 8 0.622483 9.8111
3 8 0.630811 210.935
3 8 0.627772 211.332
4 8 0.629918 9.90919
4 8 0.642818 9.93321
3 8 0.646788 211.3
4 8 0.928952 9.91542
3 8 1.05959 211.38
4 8 1.10332 9.96493
4 8 1.00275 9.97808
5 2 58.5169 25.022
4 8 0.631436 9.91271
5 2 58.1543 25.022
5 2 58.2397 25.022
4 8 0.573661 9.92505
4 8 0.909995 9.95878
4 8 0.998601 9.97725
5 2 58.1372 25.022
4 8 0.668205 9.92471
4 8 0.932083 9.83662
5 2 59.9407 25.022
4 8 1.09569 9.982
5 2 59.3417 25.022
4 8 0.935448 9.95779
4 8 0.949481 9.90752
4 8 0.641148 9.83706
4 8 0.957937 9.93128
4 8 0.60821 9.92302
4 8 1.06938 9.98356
4 8 0.912194 9.98737
4 8 0.936553 9.87244
4 8 0.872167 9.99713
4 8 0.577639 9.97762
4 8 0.599852 9.94547
4 8 0.640363 9.95199
4 8 0.637942 9.89587
4 8 0.594589 9.95045
4 8 0.608355 9.80727
4 8 0.613969 9.98631
4 8 0.936055 9.99095
4 8 0.963078 9.99941
4 8 0.913424 9.93665
4 8 0.980388 9.99317
4 8 0.966489 9.99702
4 8 1.00643 9.98619
4 8 0.991782 9.85245
4 8 1.04603 9.96491
4 8 0.641045 9.98818
4 8 0.934525 9.98388
4 8 0.923526 9.97062
4 8 0.61636 9.9772
4 8 0.638967 9.97083
4 8 0.665743 9.92107
4 8 1.03794 9.98991
4 8 0.901534 9.94954
4 8 0.655902 9.97293
4 8 0.959284 9.8047
4 8 0.617228 9.99033
4 8 0.637055 9.98652
5 8 8.47729 25.0219
4 8 0.616603 9.99764
5 2 58.177 25.022
5 8 8.37304 25.0222
5 8 8.56967 25.0222
5 2 57.6734 25.022
5 2 59.6004 25.022
5 2 58.3564 25.022
5 2 57.8609 25.022
5 8 8.30523 25.0192
5 8 8.33946 25.0047
5 8 8.39697 25.022
5 8 8.49961 25.0222
5 8 8.54113 25.0219
5 8 8.3508 25.0222
5 8 8.33697 25.0218
5 8 8.49428 25.0172
5 8 8.48796 25.0222
5 8 8.49853 25.022
5 2 60.2998 25.022
5 8 8.37815 25.0222
5 8 8.34501 25.0166
5 2 60.3568 25.022
5 8 8.36368 25.0222
5 8 8.31384 25.0222
5 8 8.36153 25.0222
5 8 8.36889 25.0214
5 8 8.3668 25.0212
5 8 8.36709 25.0219
5 8 8.36561 25.0215
5 8 8.46573 25.0209
5 8 8.52075 25.0221
5 8 8.5637 25.0174
5 8 8.38589 24.9993
5 8 8.37518 25.0222
5 8 8.14548 24.9782
5 8 8.36527 25.0216
5 8 8.38574 25.0172
5 8 8.35266 24.9934
5 8 8.35378 25.0222
5 8 8.33757 25.0221
5 8 8.35572 25.0084
5 8 8.4208 25.0221
5 8 8.44634 25.0012
5 8 8.55632 24.9782
5 8 8.52039 25.0222
5 8 8.34394 25.0222
5 8 8.5818 25.0086
5 8 8.33799 25.0222
5 8 8.54657 25.0221
5 8 8.36693 25.0065
5 8 8.58082 25.0222
5 8 8.37021 25.0222
5 8 8.39726 25.0143
5 8 8.42085 25.0222
5 8 8.51078 25.0222
5 8 8.57553 24.9782
5 8 8.568 24.9906
5 2 70.0057 25.022
5 2 58.1875 25.022
5 2 59.3382 25.022
5 2 59.7409 25.022
5 2 58.9567 25.022
5 2 60.5858 25.022
5 2 59.1546 25.022
5 2 60.3716 25.022
0 16 0.783778 2.01335
0 16 0.777493 2.02385
0 16 0.769635 2.04177
0 16 0.833481 2.04166
0 16 0.807328 2.04106
0 16 1.15111 2.04176
0 16 1.14241 2.04187
0 16 1.27939 2.04081
0 16 1.22297 2.04115
0 16 0.838773 2.04133
0 16 0.823455 2.04058
0 16 0.856845 2.03643
0 16 0.753751 2.04032
0 16 0.768733 2.04188
0 16 0.848164 2.04181
0 16 0.913729 2.03633
0 16 0.77193 2.01476
0 16 0.867775 2.04133
0 16 1.13702 2.01481
0 16 1.1462 2.03933
0 16 0.756612 2.03479
0 16 0.808508 2.04144
0 16 0.834578 2.0164
0 16 1.23485 2.00866
0 16 1.20592 2.04194
0 16 0.826619 2.02924
0 16 0.771218 2.04128
0 16 0.814666 2.01508
0 16 0.826036 2.04182
0 16 0.757195 2.02149
0 16 0.842052 2.04184
0 16 0.849992 2.02069
0 16 0.762954 2.02142
0 16 1.23517 2.04149
0 16 0.767738 2.03903
0 16 0.781922 2.0412
0 16 0.799941 2.03666
0 16 1.32121 2.04138
0 16 1.0918 2.04181
0 16 1.16074 2.03697
0 16 0.8106 2.02053
0 16 0.775134 2.01254
0 16 0.846927 2.04196
0 16 0.890889 2.02385
0 16 0.836238 2.0402
0 16 0.830118 2.04183
0 16 1.10802 2.04187
0 16 0.773956 2.04183
0 16 0.768823 2.02674
0 16 0.834543 2.0142
0 16 1.16189 2.04134
0 16 0.815691 2.02163
0 16 1.22175 2.0224
0 16 0.841311 2.04189
0 16 0.767956 2.02146
0 16 0.835197 2.04189
0 16 0.842259 2.04008
0 16 1.17873 2.01971
0 16 0.79595 2.02442
0 16 0.845573 2.02074
0 16 1.37541 2.01966
0 16 1.19891 2.04153
0 16 0.849242 2.0299
0 16 1.1632 2.04194
0 16 1.43803 2.04173
5 2 57.5036 25.022
5 2 57.6785 25.022
5 2 58.3179 25.022
5 2 58.4212 25.022
5 2 58.982 25.022
5 2 59.7949 25.022
5 2 60.0237 25.022
0 16 1.29498 2.03183
0 16 1.14403 2.03921
5 2 57.5832 25.022
0 16 1.22789 2.04196
0 16 1.23854 2.04191
0 16 1.21398 2.03953
0 16 0.913027 2.03621
0 16 1.16109 2.03813
0 16 0.869587 2.03928
0 16 1.24461 2.03942
0 16 1.23565 2.04162
0 16 1.20941 2.03622
0 16 1.17853 2.04143
0 16 1.2737 2.03038
0 16 1.1669 2.04197
0 16 1.1977 2.04197
0 16 0.801008 2.04014
0 16 1.16752 2.01481
0 16 0.90902 2.04179
0 16 1.28793 2.04188
0 16 0.818496 2.01476
0 16 0.777968 2.04198
0 16 0.797323 2.04133
0 16 1.14016 2.04166
0 16 0.881695 2.01477
0 16 1.23902 2.04095
0 16 0.791125 2.0221
0 16 0.843871 2.01468
0 16 0.788534 2.03691
0 16 1.24948 2.04171
0 16 1.17737 2.03341
0 16 0.866432 2.04162
0 16 0.88397 2.04136
0 16 0.93901 2.04156
0 16 0.784103 2.04133
0 16 1.25202 2.03784
1 16 0.789506 16.6527
1 16 0.809297 16.5985
1 16 0.788551 16.6193
1 16 0.848391 16.6401
1 16 1.26328 16.6524
1 16 0.746903 16.6505
1 16 0.800615 16.6435
1 16 0.857296 16.6527
1 16 0.808016 16.6303
1 16 1.07777 16.6517
1 16 0.830862 16.6521
1 16 0.83185 16.6467
1 16 1.01041 16.6527
1 16 1.2176 16.6513
1 16 0.891014 16.5716
1 16 0.779654 16.6507
1 16 0.832735 16.648
1 16 0.99476 16.6277
5 2 57.8687 25.022
5 2 58.0648 25.022
1 16 0.790928 16.6454
1 16 0.917468 16.6504
5 2 58.1557 25.022
5 2 58.9234 25.022
1 16 0.777402 16.6514
1 16 0.78117 16.6504
1 16 0.828257 16.6518
5 2 60.4857 25.022
5 2 60.0001 25.022
1 16 1.20908 16.6482
1 16 0.847222 16.6504
1 16 0.890584 16.6506
1 16 0.851262 16.6526
1 16 1.09272 16.6378
1 16 1.21974 16.6504
1 16 0.814004 16.6391
1 16 0.86037 16.6394
1 16 0.809878 16.6485
5 2 62.921 25.022
1 16 1.1588 16.6497
1 16 0.819803 16.6321
1 16 0.791465 16.6463
1 16 0.816195 16.6528
1 16 1.16334 16.6481
1 16 0.860784 16.5972
1 16 0.772361 16.6403
1 16 0.822385 16.6381
1 16 1.26561 16.649
1 16 0.850391 16.6507
1 16 1.19108 16.6263
2 16 0.805596 -3.99578e-06
1 16 0.84906 16.6241
1 16 0.813269 16.584
1 16 0.767006 16.64
1 16 0.757493 16.5262
1 16 0.819549 16.6483
1 16 1.22343 16.6489
1 16 1.28085 16.6475
2 16 0.809861 -2.4305e-05
2 16 0.786871 -1.48357e-06
2 16 0.744152 -1.67015e-06
2 16 0.765292 -7.84744e-07
2 16 0.854085 -6.06158e-17
2 16 0.791528 -3.60754e-09
2 16 0.848471 -1.67392e-05
2 16 1.19223 -1.52934e-08
2 16 1.18269 -1.07856e-07
2 16 0.770269 -1.67229e-10
2 16 0.83686 -2.02234e-06
2 16 0.753266 -3.23685e-06
2 16 0.776711 -2.77624e-07
2 16 0.838143 -1.45557e-08
2 16 0.836098 -2.16337e-10
2 16 0.872043 -1.02834e-07
2 16 1.07833 -4.19285e-09
2 16 0.839634 -3.61003e-07
2 16 0.85972 -1.42384e-12
2 16 0.813662 -3.04357e-06
2 16 0.820015 -2.82457e-13
2 16 1.3255 -7.23288e-11
2 16 0.828982 -8.55418e-09
2 16 0.989469 -5.09291e-07
2 16 0.839964 -2.5787e-08
2 16 1.2962 -4.98814e-07
5 2 57.6195 25.022
2 16 1.09463 -2.28123e-16
2 16 0.841893 -5.16401e-07
2 16 0.940987 -4.41759e-09
2 16 0.831508 -1.29791e-07
2 16 0.82555 -1.86625e-14
2 16 1.15938 -4.25766e-06
2 16 0.784405 -5.76713e-09
2 16 0.813505 -4.1666e-07
2 16 0.842406 -1.37926e-09
2 16 0.833196 -3.24152e-09
2 16 1.30366 -8.52199e-08
2 16 0.762779 -2.02974e-08
2 16 1.11649 -1.17869e-12
2 16 0.801066 -2.5907e-08
2 16 0.823403 -3.4102e-07
2 16 0.925474 -2.76627e-07
2 16 0.840623 -1.54622e-08
2 16 0.826294 -1.90236e-07
2 16 0.835865 -1.74604e-07
2 16 1.32184 -1.76598e-07
2 16 1.2623 -2.75541e-09
3 16 0.760657 210.957
2 16 0.780417 -5.39215e-06
3 16 0.835058 207.052
3 16 0.863176 209.245
3 16 0.789034 211.412
3 16 0.877884 211.373
2 16 0.907854 -1.98185e-08
3 16 0.856375 210.959
3 16 1.15672 210.526
3 16 1.12808 211.093
3 16 1.30799 210.986
3 16 0.792984 211.42
3 16 0.768712 211.069
3 16 0.871561 211.403
3 16 0.764924 211.091
3 16 0.908474 211.012
3 16 0.828022 204.553
3 16 1.13423 211.064
3 16 1.14474 211.128
3 16 0.891786 211.374
3 16 1.01174 210.463
3 16 1.15805 210.975
3 16 1.49962 211.287
3 16 0.758242 211.134
3 16 0.779691 210.625
3 16 0.86287 211.024
3 16 0.756787 210.819
3 16 0.798575 211.394
3 16 0.872476 211.374
3 16 1.10332 210.722
3 16 1.11525 211.146
3 16 0.79415 210.572
3 16 0.756628 211.345
3 16 0.832864 210.129
3 16 0.758975 211.401
3 16 0.800092 211.422
3 16 0.754278 211.364
3 16 0.827302 211.362
3 16 0.767408 210.892
3 16 0.843791 211.376
3 16 0.853914 211.058
3 16 0.81541 210.845
3 16 0.77775 211.426
3 16 0.749098 210.819
3 16 0.777097 211.069
3 16 1.27389 211.282
3 16 0.834802 211.289
3 16 0.822621 210.019
3 16 1.09402 211.425
3 16 1.26122 209.983
3 16 1.27946 210.197
3 16 0.920612 211.043
4 16 1.28938 9.92579
4 16 0.742455 9.93494
4 16 0.79147 9.97923
4 16 0.74736 9.99022
4 16 1.33275 9.98619
4 16 1.16273 9.84637
4 16 1.21352 9.99051
4 16 1.19825 9.96579
4 16 1.08597 9.96924
4 16 1.35651 9.98356
4 16 0.794243 9.96261
4 16 0.777595 9.97988
4 16 0.838156 9.91565
4 16 0.782693 9.9766
4 16 0.769295 9.95466
4 16 0.850752 9.90597
4 16 1.10852 9.99682
4 16 0.758826 9.98774
4 16 0.776504 9.95864
4 16 0.741905 9.92107
4 16 0.832735 9.88487
4 16 0.840984 9.92107
4 16 0.790457 9.88577
4 16 0.848966 9.95302
4 16 1.22565 9.99097
4 16 1.28394 9.98911
4 16 0.781703 9.94984
4 16 0.807521 9.91717
4 16 0.844686 9.99311
4 16 0.823858 9.97953
4 16 1.18922 9.92763
4 16 1.2468 9.98388
4 16 1.22567 9.87514
4 16 1.2147 9.87722
4 16 0.772184 9.87722
4 16 0.772265 9.98285
4 16 0.876563 9.98871
4 16 0.863558 9.94893
4 16 0.930052 9.94218
4 16 1.15979 9.98196
4 16 1.24276 9.95673
4 16 0.775313 9.96958
4 16 0.783396 9.87722
4 16 0.871999 9.9689
4 16 0.758542 9.77779
4 16 0.851811 9.98018
4 16 0.832778 9.98991
4 16 1.23213 9.82446
4 16 0.838348 9.99228
4 16 0.847012 9.96635
5 16 3.92266 25.0214
5 16 3.92492 25.0154
5 16 4.00133 25.0217
5 16 4.04165 25.0219
5 16 3.94955 25.0222
5 16 3.99931 25.0222
5 16 4.03359 25.022
5 16 3.93543 25.0214
5 16 3.98596 25.0222
5 16 3.99043 25.0222
5 16 3.92493 25.0222
5 16 3.93214 25.0201
5 16 3.94756 25.0216
5 16 3.99585 24.9833
5 16 4.039 25.0222
5 16 4.01079 25.0222
5 16 4.03636 25.0221
5 16 3.92409 25.0222
5 16 3.92896 25.0179
5 16 3.98101 25.0222
5 16 3.95112 25.0218
5 16 3.92696 25.0222
5 16 3.92959 24.9782
5 16 3.9355 25.021
5 16 3.93076 25.0197
5 16 3.93136 25.0086
5 16 3.92417 25.0222
5 16 4.00975 25.0214
5 16 3.93531 25.0222
5 16 3.92748 25.022
5 16 4.01581 25.0222
5 16 4.01454 25.015
5 16 4.00013 25.0212
5 16 4.03171 25.0222
5 16 3.93172 25.0215
5 16 3.93852 25.0218
5 16 3.93125 25.0221
5 16 3.92825 25.0217
5 16 3.95417 25.0221
5 16 4.04474 25.007
5 16 3.92372 25.0193
5 16 3.98768 24.9782
5 16 3.95455 25.0206
5 16 3.92713 25.0222
5 16 3.96217 25.0205
5 16 4.02146 25.0208
5 16 3.91675 25.0213
5 16 3.93718 25.0222
5 16 3.92718 25.0208
5 16 3.97938 25.0222
0 3 1.1078 2.04161
0 3 1.71485 2.04178
0 3 1.18444 2.03982
0 3 1.67293 2.0164
0 3 2.06277 2.02149
0 3 2.05525 2.03926
0 3 1.1742 2.01366
0 3 1.12724 2.03989
0 3 2.06596 2.04197
0 3 1.15577 2.04159
0 3 1.11577 2.04164
0 3 1.16341 2.03729
0 3 1.09201 2.04112
0 3 1.76363 2.04154
0 3 0.412896 2.04197
0 3 1.22674 2.0418
0 3 2.08587 2.04054
0 3 1.24981 2.03912
0 3 1.71713 2.0164
0 3 1.13241 2.04194
0 3 2.11951 2.04188
0 3 1.14963 2.04182
0 3 1.65836 2.03942
0 3 1.13505 2.04138
0 3 1.28002 2.03437
0 3 1.08534 2.04197
0 3 1.96717 2.03979
0 3 1.07716 2.04147
0 3 1.66142 2.04095
0 3 0.38528 2.04133
0 3 1.11533 2.04187
0 3 1.99637 2.04064
0 3 2.07961 2.04132
0 3 1.1125 2.04181
0 3 1.18591 2.03941
0 3 1.27886 2.03972
0 3 1.23084 2.04067
0 3 1.77148 2.0164
0 3 1.27878 2.0418
0 3 0.388283 2.03917
0 3 1.15091 2.03742
0 3 0.402405 2.03995
0 3 1.18004 2.0164
0 3 0.398404 2.04191
0 3 2.07139 2.01144
0 3 1.19939 2.0267
0 3 1.12606 2.03603
0 3 1.1106 2.04082
0 3 1.24947 2.04188
0 3 0.385676 2.04183
0 3 1.07863 2.04143
0 3 0.384616 2.03186
0 3 1.53803 2.0164
0 3 1.26868 2.04007
0 3 1.95798 2.04181
0 3 1.21601 2.04198
0 3 1.43276 2.03573
0 3 1.89843 2.0418
0 3 1.13476 2.0164
0 3 2.00748 2.03244
0 3 1.86533 2.04184
0 3 1.12482 2.04004
0 3 1.76385 2.02008
0 3 1.21482 2.03976
0 3 1.23297 2.04159
0 3 0.394304 2.04189
0 3 1.64284 2.04183
0 3 1.21144 2.0164
0 3 1.47798 2.04197
0 3 1.55308 2.0164
0 3 1.63462 2.04195
0 3 1.16973 2.03793
0 3 0.473706 2.04187
0 3 1.25807 2.03583
0 3 1.84676 2.04176
0 3 1.61694 2.04197
0 3 1.71508 2.0164
0 3 1.23511 2.03869
0 3 0.390639 2.04139
0 3 0.419057 2.04188
0 3 1.25953 2.04197
0 3 1.64424 2.04173
0 3 1.55261 2.04136
0 3 1.2204 2.04101
0 3 1.23968 2.04062
0 3 1.49843 2.04195
0 3 1.64925 2.0164
0 3 1.14506 2.03224
0 3 0.398534 2.04111
0 3 1.44129 2.04197
0 3 1.70358 2.04164
0 3 1.21923 2.01366
0 3 1.46715 2.0164
0 3 0.499718 2.04007
0 3 1.2099 2.04038
0 3 0.416986 2.04193
0 3 1.26519 2.03532
0 3 0.417486 2.04002
0 3 1.17198 2.03768
0 3 1.88962 2.02861
1 3 0.488397 16.6516
1 3 1.29674 16.6461
1 3 1.76456 16.5453
1 3 0.474665 16.6478
1 3 1.60266 16.6524
1 3 1.17875 16.6527
1 3 0.467674 16.6431
1 3 0.501643 16.6396
1 3 1.3312 16.6466
1 3 1.5616 16.6335
1 3 0.515966 16.6523
1 3 1.19626 16.6486
1 3 1.20034 16.6415
1 3 1.15094 16.6454
1 3 0.507096 16.6033
1 3 1.7117 16.6006
1 3 1.16732 16.6526
1 3 1.16049 16.6524
1 3 1.23377 16.6403
1 3 1.62988 16.6505
1 3 1.17883 16.6503
1 3 0.520937 16.6514
1 3 1.69112 16.6481
1 3 1.20945 16.5957
1 3 1.62917 16.6281
1 3 0.491413 16.6509
1 3 1.53955 16.648
1 3 2.20515 16.65
1 3 1.30119 16.651
1 3 0.476001 16.6378
1 3 0.506659 16.6479
1 3 1.73376 16.6424
1 3 2.12222 16.6326
1 3 0.468097 16.5548
1 3 0.49507 16.6528
1 3 1.58735 16.6439
1 3 1.67953 16.6517
1 3 0.4801 16.6275
1 3 1.34133 16.6389
1 3 0.501441 16.6474
1 3 1.16016 16.6528
1 3 1.16113 16.6478
1 3 0.46223 16.5976
1 3 2.09725 16.6518
1 3 1.4406 16.598
1 3 1.63762 16.647
1 3 1.15239 16.6453
1 3 2.1544 16.6511
1 3 1.72955 16.644
1 3 1.14466 16.6154
2 3 1.55866 -1.61195e-07
2 3 1.59587 -3.23336e-07
2 3 0.461552 -8.48485e-06
2 3 1.10073 -7.3509e-17
2 3 1.90292 -1.39604e-07
2 3 1.19367 -2.10261e-11
2 3 1.27391 -6.09422e-06
2 3 1.91725 -1.34899e-08
2 3 1.56664 -3.09264e-10
2 3 0.380107 -9.83465e-12
2 3 1.34837 -1.11065e-05
2 3 1.27359 -1.51208e-12
2 3 1.24053 -1.27186e-07
2 3 1.6178 -3.36317e-08
2 3 1.15418 -1.27597e-08
2 3 2.09606 -1.65772e-07
2 3 1.23577 -1.72505e-11
2 3 1.63763 -1.32994e-06
2 3 0.400473 -1.37941e-06
2 3 1.5662 -5.94728e-10
2 3 1.18358 -1.06866e-10
2 3 1.25633 -4.30567e-08
2 3 1.25396 -4.49249e-12
2 3 0.404148 -1.29914e-07
2 3 0.424535 -1.68911e-06
2 3 1.44913 -3.35669e-06
2 3 1.15038 -7.91398e-11
2 3 1.7461 -1.28298e-11
2 3 1.81529 -2.1167e-07
2 3 1.11928 -8.57296e-07
2 3 0.433716 -3.80265e-10
2 3 1.51259 -1.13337e-11
2 3 0.39835 -4.36397e-08
2 3 1.1334 -2.64994e-07
2 3 1.0857 -2.02827e-12
2 3 1.27588 -1.50308e-10
2 3 1.21326 -6.30487e-11
2 3 0.402877 -5.56023e-06
2 3 0.393894 -4.00373e-06
2 3 1.90883 -8.47531e-10
2 3 1.23222 -4.57327e-09
2 3 1.69222 -5.50225e-15
2 3 1.83767 -1.11615e-06
2 3 1.62401 -4.28506e-11
2 3 1.06086 -2.20263e-15
2 3 0.400936 -1.02576e-09
2 3 0.421778 -5.46548e-06
2 3 0.439445 -5.69084e-08
2 3 2.12274 -7.06742e-10
2 3 1.60504 -1.55393e-06
3 3 1.13949 211.304
3 3 1.55021 210.084
3 3 1.17336 210.814
3 3 1.21619 211.115
3 3 1.42773 210.252
3 3 1.48246 211.394
3 3 2.09221 211.279
3 3 0.428081 211.426
3 3 1.08514 208.349
3 3 1.20117 211.274
3 3 0.414148 211.426
3 3 1.10845 211.426
3 3 1.76843 210.802
3 3 2.12184 210.969
3 3 1.18671 211.414
3 3 0.429774 210.61
3 3 1.21907 210.73
3 3 0.460997 211.057
3 3 1.79161 210.964
3 3 0.412286 211.411
3 3 1.23923 210.502
3 3 1.20386 210.906
3 3 1.16821 210.943
3 3 1.15755 211.314
3 3 0.432285 211.069
3 3 0.402231 211.349
3 3 2.04335 211.381
3 3 0.449854 210.967
3 3 2.13046 211.34
3 3 2.02356 211.394
3 3 0.395503 210.735
3 3 2.12021 211.194
3 3 1.09288 211.394
3 3 1.07324 211.214
3 3 0.439841 211.286
3 3 2.06708 210.351
3 3 1.22846 211.081
3 3 1.09492 211.069
3 3 0.438716 211.24
3 3 1.21059 211.412
3 3 1.14298 210.94
3 3 0.444311 209.894
3 3 1.57894 206.312
3 3 0.42565 211.412
3 3 2.09716 210.728
3 3 1.1438 211.214
3 3 1.1978 211.326
3 3 1.28664 211.423
4 3 0.391893 9.95946
3 3 1.63143 211.289
3 3 1.1843 211.403
4 3 0.392108 9.98769
4 3 0.423734 9.77779
4 3 0.428229 9.93041
4 3 1.27528 9.92107
4 3 0.406751 9.85285
4 3 1.60081 9.95534
4 3 1.22558 9.98991
4 3 0.418595 9.90694
4 3 1.30772 9.9887
4 3 0.405139 9.98712
4 3 1.99437 9.998
4 3 1.11147 9.93677
4 3 1.49236 9.95159
4 3 0.394616 9.94818
4 3 0.417737 9.77779
4 3 1.54836 9.93042
4 3 1.3828 9.99565
4 3 1.19502 9.9133
4 3 1.54145 9.98356
4 3 0.381926 9.91597
4 3 1.03166 9.90668
4 3 0.414048 9.92107
4 3 1.19539 9.97063
4 3 0.37409 9.92901
4 3 1.71556 9.84902
4 3 0.377419 9.85819
4 3 1.19001 9.9928
4 3 1.22925 9.98081
4 3 1.57836 9.81339
4 3 1.09681 9.82766
4 3 0.429651 9.98302
4 3 1.25027 9.80321
4 3 0.399585 9.94612
4 3 1.03917 9.84565
4 3 0.391456 9.97632
4 3 0.402952 9.85352
4 3 1.58811 9.81023
4 3 1.20627 9.96183
4 3 1.13461 9.8711
4 3 0.416452 9.9659
4 3 1.0406 9.90947
4 3 1.24032 9.96933
4 3 1.22839 9.96147
4 3 0.366204 9.93183
4 3 0.413627 9.92107
4 3 1.5658 9.98317
4 3 0.390276 9.94893
4 3 1.10392 9.97389
4 3 1.53438 9.9808
5 3 29.5017 25.0221
5 3 28.6588 25.0211
5 3 29.5867 25.0219
5 3 30.057 25.0221
5 3 29.5959 25.0081
5 3 30.1186 25.022
5 3 30.465 25.022
5 3 28.8478 25.0222
5 3 29.5792 25.022
5 3 29.5326 25.0221
5 3 28.8566 25.0221
5 3 30.1593 25.0222
5 3 29.8684 25.0222
5 3 30.766 24.9929
5 3 28.9678 25.0216
5 3 28.7463 25.0222
5 3 29.4143 25.0222
5 3 28.8894 25.0218
5 3 28.705 25.022
5 3 30.1183 25.0222
5 3 30.1115 25.0222
5 3 28.6154 25.0222
5 3 28.706 25.0218
5 3 28.8195 25.0221
5 3 29.9537 25.0214
5 3 29.0366 25.0215
5 3 29.3869 25.022
5 3 29.8487 25.0221
5 3 29.908 24.9582
5 3 30.5954 25.021
5 3 28.9025 25.0221
5 3 29.0756 25.022
5 3 29.1394 25.0221
5 3 29.5673 25.0088
5 3 28.8207 25.0221
5 3 28.737 25.0222
5 3 30.049 25.0149
5 3 29.8942 25.0222
5 3 30.1506 25.0221
5 3 29.6287 25.0221
5 3 28.5992 25.0205
5 3 28.6539 25.0222
5 3 28.8002 25.022
5 3 29.4523 25.022
5 3 30.2501 25.0169
5 3 29.4727 25.0217
5 3 29.9995 25.0216
5 3 29.8992 25.0216
5 3 30.1829 25.0222
5 3 30.1189 25.0222
0 4 1.48158 2.04154
0 4 0.690174 2.04198
0 4 0.809923 2.04166
0 4 0.685816 2.02134
0 4 1.45628 2.0406
0 4 0.400969 2.01347
0 4 0.677232 2.03009
0 4 0.414361 2.02137
0 4 1.66084 2.03427
0 4 0.420126 2.04197
0 4 0.418377 2.04182
0 4 0.827467 2.0357
0 4 1.63361 2.04182
0 4 0.410676 2.04197
0 4 1.44557 2.01038
0 4 0.804031 2.02166
0 4 0.697391 2.03899
0 4 1.0434 2.03765
0 4 0.414606 2.04107
0 4 0.654047 2.0363
0 4 0.819903 2.03895
0 4 1.01913 2.0412
0 4 1.76358 2.04001
0 4 0.405466 2.0418
0 4 1.56387 2.03715
0 4 0.698533 2.04189
0 4 0.893369 2.04194
0 4 0.423365 2.04193
0 4 1.72766 2.04029
0 4 0.657081 2.04032
0 4 0.901692 2.04196
0 4 0.40785 2.02603
0 4 1.54844 2.04124
0 4 1.48392 2.03848
0 4 0.702806 2.03782
0 4 0.681564 2.03303
0 4 0.954487 2.04135
0 4 1.14342 2.04195
0 4 0.409465 2.04183
0 4 1.49603 2.03759
0 4 0.721123 2.04197
0 4 0.812487 2.02176
0 4 0.899722 2.03573
0 4 0.409889 2.04109
0 4 0.674835 2.03781
0 4 0.886485 2.04197
0 4 1.51468 2.04145
0 4 1.59683 2.04197
0 4 0.414996 2.04063
0 4 0.44593 2.04175
0 4 0.829818 2.03726
0 4 0.928729 2.03514
0 4 1.7083 2.03729
0 4 1.60084 2.03942
0 4 0.693252 2.04096
0 4 0.810342 2.01135
0 4 0.822512 2.03625
0 4 0.426784 2.04197
0 4 1.55176 2.04191
0 4 0.837069 2.02433
0 4 0.895409 2.03533
0 4 0.420039 2.02674
0 4 1.60902 2.04167
0 4 0.722009 2.01981
0 4 0.803666 2.03804
0 4 1.83644 2.03802
0 4 0.425676 2.02674
0 4 0.659627 2.0224
0 4 0.693032 2.04166
0 4 0.879948 2.04195
0 4 0.686698 2.03902
0 4 1.00771 2.03975
0 4 0.660492 2.0164
0 4 0.684928 2.0418
0 4 0.417189 2.02775
0 4 1.71745 2.039
0 4 0.904522 2.04196
0 4 1.15783 2.03867
0 4 0.432233 2.03123
0 4 0.773488 2.04197
0 4 0.817014 2.04189
0 4 1.68617 2.04153
0 4 0.927659 2.04192
0 4 1.07452 2.02242
0 4 0.689186 2.04127
0 4 0.658457 2.04064
0 4 0.677822 2.03744
0 4 0.777755 2.04194
0 4 0.838983 2.03961
0 4 0.431371 2.04037
0 4 0.722984 2.04197
0 4 0.669681 2.04071
0 4 0.771058 2.04198
0 4 1.05743 2.0164
0 4 0.417031 2.04079
0 4 0.399902 2.03992
0 4 0.762712 2.03982
0 4 0.844291 2.0198
0 4 0.41869 2.02023
1 4 0.430212 16.599
1 4 0.444171 16.6521
0 4 1.64537 2.04187
1 4 0.783564 16.6403
1 4 0.792326 16.6527
1 4 0.430137 16.6457
1 4 0.774117 16.6492
1 4 0.80814 16.6361
1 4 0.83933 16.6434
1 4 0.425729 16.6451
1 4 1.09795 16.6491
1 4 0.439266 16.5901
1 4 0.436533 16.6524
1 4 0.783304 16.6331
1 4 0.431178 16.5947
1 4 1.65451 16.6527
1 4 1.76779 16.6526
1 4 0.809784 16.613
1 4 0.820867 16.6475
1 4 1.43581 16.6524
1 4 0.773273 16.6528
1 4 1.4571 16.6218
1 4 0.773401 16.6512
1 4 1.75455 16.6521
1 4 0.77383 16.6433
1 4 1.03439 16.6511
1 4 0.457238 16.6516
1 4 0.767413 16.6523
1 4 0.820216 16.6396
1 4 0.42594 16.6212
1 4 1.70597 16.6505
1 4 0.453452 16.6518
1 4 1.44935 16.6421
1 4 0.765034 16.6126
1 4 0.771355 16.6524
1 4 1.71033 16.6505
1 4 1.6476 16.6509
1 4 0.794419 16.6428
1 4 0.420714 16.6428
1 4 0.816922 16.6506
1 4 1.40998 16.5262
1 4 0.438761 16.5537
1 4 1.7033 16.6427
1 4 1.81058 16.6266
1 4 0.828619 16.6377
1 4 0.83971 16.6404
1 4 1.44883 16.6451
1 4 0.748685 16.6476
1 4 1.65131 16.6443
1 4 0.880528 16.6516
1 4 0.925326 16.651
2 4 1.02962 -4.08447e-08
2 4 1.05977 -1.94788e-06
2 4 0.703932 -8.58394e-08
2 4 0.750269 -2.739e-08
2 4 0.821803 -5.27871e-11
2 4 0.837548 -2.19782e-06
2 4 0.404916 -1.17781e-05
2 4 1.44419 -3.32735e-07
2 4 1.43587 -1.33492e-12
2 4 0.820038 -4.17919e-08
2 4 0.884999 -5.85984e-06
2 4 0.41914 -1.16751e-05
2 4 1.72663 -4.93671e-09
2 4 0.412842 -5.32778e-06
2 4 0.702559 -3.06042e-08
2 4 0.959032 -5.8585e-13
2 4 1.0788 -4.45365e-09
2 4 1.42773 -2.66318e-06
2 4 1.04575 -1.67094e-07
2 4 0.454416 -3.97018e-06
2 4 1.52179 -2.2855e-05
2 4 0.688032 -8.25889e-12
2 4 0.828935 -1.38835e-05
2 4 1.01791 -4.74837e-09
2 4 1.45255 -3.87808e-08
2 4 1.71076 -2.06315e-09
2 4 0.821754 -1.21391e-06
2 4 0.813529 -3.18622e-07
2 4 1.85279 -1.43773e-12
2 4 0.947345 -7.73222e-07
2 4 1.06559 -2.72655e-06
2 4 0.423168 -3.05689e-07
2 4 0.4247 -5.96441e-08
2 4 0.727362 -3.97445e-06
2 4 0.839302 -3.87602e-09
2 4 0.87586 -2.51235e-07
2 4 1.42037 -2.82004e-09
2 4 0.779573 -6.80901e-09
2 4 0.418153 -1.17136e-06
2 4 0.683987 -1.11429e-09
2 4 0.776687 -4.32995e-08
2 4 0.82684 -4.49536e-10
2 4 1.03332 -9.91228e-10
2 4 1.627 -7.90728e-09
2 4 0.77139 -9.94061e-08
2 4 0.405291 -7.16895e-12
2 4 0.681532 -2.50159e-10
2 4 1.3825 -2.95357e-07
2 4 0.432944 -7.50723e-09
3 4 1.51916 211.021
2 4 1.76035 -3.91443e-08
3 4 0.423934 211.214
3 4 0.554055 211.319
3 4 0.890522 210.933
3 4 0.738853 210.084
3 4 1.44169 211.38
3 4 1.45429 211.316
3 4 0.441439 211.151
3 4 1.12402 210.882
3 4 0.860449 211.341
3 4 0.923788 210.904
3 4 0.958816 210.955
3 4 0.412172 211.316
3 4 1.42105 211.369
3 4 0.450658 211.375
3 4 0.445641 211.241
3 4 0.741685 211.096
3 4 0.897258 210.821
3 4 1.72566 210.437
3 4 1.02571 209.143
3 4 0.410068 210.02
3 4 1.43269 211.024
3 4 0.730299 211.342
3 4 0.955957 210.509
3 4 0.961875 211.412
3 4 1.72099 211.251
3 4 1.05109 211.382
3 4 0.716538 211.403
3 4 0.799122 211.128
3 4 0.898137 211.216
3 4 1.42468 210.893
3 4 1.79944 211.413
3 4 0.441283 210.912
3 4 1.71191 210.335
3 4 0.762667 211.22
3 4 0.425925 211.38
3 4 0.721965 211.194
3 4 0.893372 211.069
3 4 0.976319 211.412
3 4 0.480958 210.912
3 4 1.56607 211.394
3 4 0.770275 210.999
3 4 1.04725 210.053
3 4 0.82081 211.14
3 4 0.897588 211.19
3 4 0.703666 211.241
3 4 0.431746 211.113
3 4 0.673225 211.191
3 4 1.17897 211.422
4 4 0.808612 9.92107
4 4 0.927224 9.98106
4 4 1.61787 9.77779
4 4 0.694696 9.98112
4 4 0.686225 9.99124
4 4 0.941524 9.95991
4 4 1.45286 9.98665
4 4 1.23848 9.99017
4 4 1.43178 9.89822
4 4 2.41948 9.96147
4 4 0.85932 9.77779
4 4 0.703673 9.98174
4 4 0.786792 9.99763
4 4 0.957428 9.83675
4 4 1.62063 9.96329
4 4 1.04056 9.98265
4 4 3.34829 9.99273
4 4 1.43504 9.93749
4 4 1.48587 9.9851
4 4 0.819815 9.80228
4 4 1.1791 9.90175
4 4 0.697063 9.98728
4 4 1.78337 9.77779
4 4 0.89569 9.97808
4 4 0.952831 9.98731
4 4 1.55131 9.9572
4 4 0.773472 9.99552
4 4 0.893105 9.98519
4 4 0.929064 9.98081
4 4 1.44951 9.89115
4 4 1.58903 9.89618
4 4 0.690855 9.98974
4 4 0.961565 9.98457
4 4 0.394825 9.98567
4 4 1.0748 9.98677
4 4 0.67238 9.92499
4 4 1.75472 9.97657
4 4 0.855203 9.99635
4 4 0.898344 9.98744
4 4 0.412274 9.97041
4 4 1.06976 9.99765
4 4 0.42645 9.98236
4 4 1.46041 9.87608
4 4 1.47808 9.99922
4 4 1.46 9.8647
4 4 1.01116 9.94352
4 4 0.402527 9.92107
4 4 0.657394 9.85929
4 4 0.697409 9.9863
4 4 0.777231 9.9905
5 4 20.1289 25.0222
5 4 19.6078 25.0222
5 4 20.1224 25.022
5 4 20.3218 25.0206
5 4 19.7469 25.0221
5 4 19.7581 25.0222
5 4 19.4956 25.0218
5 4 19.5462 25.0197
5 4 19.7329 25.0222
5 4 19.4326 25.0213
5 4 19.2449 25.0219
5 4 19.6097 25.0221
5 4 19.8277 25.0212
5 4 20.2025 25.0172
5 4 19.9726 24.9564
5 4 19.4111 25.0222
5 4 19.5081 25.0221
5 4 19.6322 25.0222
5 4 19.427 25.0219
5 4 19.9252 25.0092
5 4 19.6494 25.0161
5 4 19.5925 25.0222
5 4 19.9917 25.0222
5 4 20.1177 25.0221
5 4 20.0754 25.0222
5 4 19.5178 25.0211
5 4 19.5505 25.0222
5 4 20.0296 25.0084
5 4 20.1983 25.0195
5 4 19.6732 25.0221
5 4 19.5712 25.0221
5 4 19.6245 25.0222
5 4 19.6864 25.0222
5 4 19.9688 25.0222
5 4 19.9682 25.022
5 4 19.7742 25.022
5 4 19.8069 25.0215
5 4 20.1405 25.0218
5 4 19.8032 25.022
5 4 19.4049 25.0221
5 4 19.6 25.0202
5 4 19.4984 25.0221
5 4 19.8072 25.0164
5 4 19.7866 25.0211
5 4 19.4072 25.0209
5 4 19.6709 25.0198
5 4 20.0403 25.022
5 4 19.4929 25.0193
5 4 20.009 25.0205
5 4 19.4863 25.0215
