0.0 1.0 0.0681718 -0.0
0.0 1.0 0.0709807 -0.0
0.0 1.0 0.0670308 -0.0
0.0 1.0 0.0887073 -0.00986467
0.0 1.0 0.115991 -0.00739604
0.0 1.0 0.0673235 -0.0
0.0 1.0 0.0748162 -0.0
0.0 1.0 0.0618133 -0.0
0.0 1.0 0.0855637 -0.0
0.0 1.0 0.0738565 -0.0
0.0 1.0 0.111209 -0.00739604
0.0 1.0 0.0603891 -0.0
0.0 1.0 0.0604906 -0.0
0.0 1.0 0.118156 -0.00739604
0.0 1.0 0.0721578 -0.0
0.0 1.0 0.0745429 -0.0
0.0 1.0 0.0761994 -0.0
0.0 1.0 0.0727918 -0.0
0.0 1.0 0.117787 -0.00739604
0.0 1.0 0.0639225 -0.0
0.0 1.0 0.110816 -0.00739604
0.0 1.0 0.0732147 -0.0
0.0 1.0 0.0622347 -0.0
0.0 1.0 0.116388 -0.00739604
0.0 1.0 0.0760284 -0.0
0.0 1.0 0.0727956 -0.0
0.0 1.0 0.0610588 -0.0
0.0 1.0 0.126026 -0.00739604
0.0 1.0 0.0610381 -0.0
0.0 1.0 0.0674038 -0.0
0.0 1.0 0.0784347 -0.0
0.0 1.0 0.117815 -0.00739604
0.0 1.0 0.120955 -0.00739604
0.0 1.0 0.0695596 -0.0
0.0 1.0 0.0672763 -0.0
0.0 1.0 0.114996 -0.00739604
0.0 1.0 0.0670612 -0.0
0.0 1.0 0.0718262 -0.0
0.0 1.0 0.0614202 -0.0
0.0 1.0 0.0619573 -0.0
0.0 1.0 0.112107 -0.00739604
0.0 1.0 0.111709 -0.00739604
0.0 1.0 0.119694 -0.00739604
0.0 1.0 0.114059 -0.00739604
0.0 1.0 0.0604497 -0.0
0.0 1.0 0.0751942 -0.0
0.0 1.0 0.120231 -0.00739604
0.0 1.0 0.114123 -0.00739604
0.0 1.0 0.11211 -0.00739604
0.0 1.0 0.117923 -0.00739604
0.0 2.0 0.063857 -0.0
0.0 2.0 0.0502856 -0.0197195
0.0 2.0 0.063727 -0.00739604
0.0 2.0 0.0627111 -0.0
0.0 2.0 0.0636332 -0.00739604
0.0 2.0 0.0418665 -0.0
0.0 2.0 0.0627673 -0.00739604
0.0 2.0 0.0345935 -0.0
0.0 2.0 0.0693891 -0.00986467
0.0 2.0 0.0538803 -0.0
0.0 2.0 0.041946 -0.0
0.0 2.0 0.0372651 -0.0
0.0 2.0 0.0633392 -0.00739604
0.0 2.0 0.0630318 -0.0
0.0 2.0 0.0626418 -0.0
0.0 2.0 0.0410747 -0.0
0.0 2.0 0.0412559 -0.0
0.0 2.0 0.0626946 -0.00739604
0.0 2.0 0.0600896 -0.00739604
0.0 2.0 0.0504162 -0.0
0.0 2.0 0.0666539 -0.00739604
0.0 2.0 0.0387319 -0.0
0.0 2.0 0.0620505 -0.00739604
0.0 2.0 0.0619521 -0.0
0.0 2.0 0.0367656 -0.0
0.0 2.0 0.0620494 -0.0
0.0 2.0 0.0634211 -0.00739604
0.0 2.0 0.0626935 -0.00986467
0.0 2.0 0.0602548 -0.0
0.0 2.0 0.0625044 -0.00739604
0.0 2.0 0.0622856 -0.0
0.0 2.0 0.0633726 -0.00739604
0.0 2.0 0.0602418 -0.00739604
0.0 2.0 0.0650968 -0.00739604
0.0 2.0 0.061777 -0.0
0.0 2.0 0.040056 -0.0
0.0 2.0 0.0642296 -0.00739604
0.0 2.0 0.0638434 -0.00739604
0.0 2.0 0.063011 -0.00739604
0.0 2.0 0.0403481 -0.0
0.0 2.0 0.0590239 -0.00739604
0.0 2.0 0.0636774 -0.0
0.0 2.0 0.0622859 -0.00739604
0.0 2.0 0.0620637 -0.0
0.0 2.0 0.0595353 -0.0
0.0 2.0 0.0625909 -0.00739604
0.0 2.0 0.0366235 -0.0
0.0 2.0 0.0639045 -0.0
0.0 2.0 0.0618263 -0.00739604
0.0 2.0 0.0615603 -0.00739604
0.0 3.0 0.0452268 -0.0
0.0 3.0 0.0504377 -0.00739604
0.0 3.0 0.0461922 -0.00986467
0.0 3.0 0.0506691 -0.00739604
0.0 3.0 0.04625 -0.0
0.0 3.0 0.0485955 -0.00739604
0.0 3.0 0.0563822 -0.0
0.0 3.0 0.0474203 -0.00739604
0.0 3.0 0.0485283 -0.00739604
0.0 3.0 0.0452246 -0.0
0.0 3.0 0.0385996 -0.0
0.0 3.0 0.0416803 -0.00986467
0.0 3.0 0.0486948 -0.00739604
0.0 3.0 0.0495455 -0.00739604
0.0 3.0 0.048213 -0.00739604
0.0 3.0 0.0458306 -0.0
0.0 3.0 0.0482876 -0.00739604
0.0 3.0 0.0457728 -0.0
0.0 3.0 0.0461567 -0.0
0.0 3.0 0.0487495 -0.00739604
0.0 3.0 0.0485956 -0.00739604
0.0 3.0 0.0489158 -0.00739604
0.0 3.0 0.0493936 -0.00739604
0.0 3.0 0.0452454 -0.00986467
0.0 3.0 0.0488244 -0.0295842
0.0 3.0 0.046012 -0.00986467
0.0 3.0 0.0479357 -0.00739604
0.0 3.0 0.0479297 -0.00739604
0.0 3.0 0.045842 -0.0
0.0 3.0 0.0439252 -0.0
0.0 3.0 0.0432345 -0.0
0.0 3.0 0.0491105 -0.00739604
0.0 3.0 0.042711 -0.0
0.0 3.0 0.0463588 -0.0
0.0 3.0 0.0482512 -0.00739604
0.0 3.0 0.0453057 -0.0
0.0 3.0 0.0489409 -0.00739604
0.0 3.0 0.0460422 -0.0
0.0 3.0 0.048328 -0.0271254
0.0 3.0 0.0461031 -0.0
0.0 3.0 0.0484186 -0.00739604
0.0 3.0 0.0454671 -0.0
0.0 3.0 0.0488366 -0.00739604
0.0 3.0 0.0438331 -0.00986467
0.0 3.0 0.0485456 -0.00739604
0.0 3.0 0.0431698 -0.00986467
0.0 3.0 0.0489326 -0.00739604
0.0 3.0 0.0400022 -0.0
0.0 3.0 0.0569337 -0.0
0.0 3.0 0.033703 -0.0
0.0 4.0 0.0372471 -0.0
0.0 4.0 0.038166 -0.0
0.0 4.0 0.0384699 -0.00739604
0.0 4.0 0.0376671 -0.0271254
0.0 4.0 0.0412593 -0.0
0.0 4.0 0.0386775 -0.0
0.0 4.0 0.0374371 -0.0
0.0 4.0 0.0388996 -0.00739604
0.0 4.0 0.0385849 -0.00739604
0.0 4.0 0.0388043 -0.00739604
0.0 4.0 0.0365247 -0.00986467
0.0 4.0 0.0370139 -0.0
0.0 4.0 0.0382309 -0.00739604
0.0 4.0 0.0413394 -0.00739604
0.0 4.0 0.0388813 -0.0271254
0.0 4.0 0.0381316 -0.00739604
0.0 4.0 0.0388153 -0.00739604
0.0 4.0 0.0367402 -0.00739604
0.0 4.0 0.037694 -0.00739604
0.0 4.0 0.0389738 -0.00739604
0.0 4.0 0.0372845 -0.00739604
0.0 4.0 0.0417811 -0.0
0.0 4.0 0.0374217 -0.0197195
0.0 4.0 0.0384221 -0.0
0.0 4.0 0.0320223 -0.0
0.0 4.0 0.0389074 -0.00739604
0.0 4.0 0.0391926 -0.00739604
0.0 4.0 0.0384032 -0.00739604
0.0 4.0 0.0385651 -0.0
0.0 4.0 0.036961 -0.00739604
0.0 4.0 0.0384769 -0.00739604
0.0 4.0 0.0374879 -0.0271254
0.0 4.0 0.0375404 -0.046835
0.0 4.0 0.0374198 -0.00986467
0.0 4.0 0.0385967 -0.00739604
0.0 4.0 0.0373366 -0.0
0.0 4.0 0.0382989 -0.00739604
0.0 4.0 0.0375442 -0.0
0.0 4.0 0.0381659 -0.00739604
0.0 4.0 0.0375078 -0.0
0.0 4.0 0.0370019 -0.00986467
0.0 4.0 0.0364922 -0.00986467
0.0 4.0 0.0369337 -0.0
0.0 4.0 0.0386078 -0.00739604
0.0 4.0 0.0367728 -0.0
0.0 4.0 0.0372185 -0.00986467
0.0 4.0 0.0391178 -0.00739604
0.0 4.0 0.0307673 -0.0
0.0 4.0 0.0383645 -0.0591782
0.0 4.0 0.0379429 -0.00986467
0.0 5.0 0.05046 -0.00739604
0.0 5.0 0.0514385 -0.0271254
0.0 5.0 0.049328 -0.0
0.0 5.0 0.0732431 -0.0271254
0.0 5.0 0.049599 -0.0197195
0.0 5.0 0.0532809 -0.0591782
0.0 5.0 0.0718539 -0.00739604
0.0 5.0 0.05211 -0.046835
0.0 5.0 0.0711302 -0.00739604
0.0 5.0 0.0659038 -0.0197195
0.0 5.0 0.0634954 -0.00739604
0.0 5.0 0.0630763 -0.00739604
0.0 5.0 0.0482132 -0.00986467
0.0 5.0 0.0532918 -0.0271254
0.0 5.0 0.0544897 -0.00739604
0.0 5.0 0.0443324 -0.00986467
0.0 5.0 0.0568391 -0.0
0.0 5.0 0.0651142 -0.00739604
0.0 5.0 0.0599409 -0.0271254
0.0 5.0 0.0644146 -0.00739604
0.0 5.0 0.0670434 -0.00739604
0.0 5.0 0.0479493 -0.0591782
0.0 5.0 0.0519597 -0.00739604
0.0 5.0 0.0523061 -0.0394587
0.0 5.0 0.0531836 -0.00739604
0.0 5.0 0.0456773 -0.0
0.0 5.0 0.0514505 -0.0271254
0.0 5.0 0.0541515 -0.0271254
0.0 5.0 0.0739966 -0.00739604
0.0 5.0 0.0486264 -0.00739604
0.0 5.0 0.0673134 -0.0197195
0.0 5.0 0.0643779 -0.00986467
0.0 5.0 0.0496681 -0.0271254
0.0 5.0 0.0780819 -0.00739604
0.0 5.0 0.0761507 -0.00739604
0.0 5.0 0.0530634 -0.0
0.0 5.0 0.0531635 -0.00739604
0.0 5.0 0.0528579 -0.00739604
0.0 5.0 0.0622601 -0.0
0.0 5.0 0.0672886 -0.00739604
0.0 5.0 0.0643286 -0.00739604
0.0 5.0 0.0457093 -0.0
0.0 5.0 0.0495176 -0.0
0.0 5.0 0.0614928 -0.00986467
0.0 5.0 0.0479265 -0.00739604
0.0 5.0 0.0570838 -0.0295842
0.0 5.0 0.047432 -0.00986467
0.0 5.0 0.0635395 -0.00986467
0.0 5.0 0.0480686 -0.0
0.0 5.0 0.0530626 -0.00739604
0.0 6.0 0.0584076 -0.00739604
0.0 6.0 0.07662 -0.00739604
0.0 6.0 0.0594484 -0.0271254
0.0 6.0 0.0597921 -0.00739604
0.0 6.0 0.0565109 -0.0
0.0 6.0 0.0622192 -0.00739604
0.0 6.0 0.0588011 -0.00739604
0.0 6.0 0.0579361 -0.0197195
0.0 6.0 0.0574009 -0.0
0.0 6.0 0.0552377 -0.0
0.0 6.0 0.0613667 -0.0197195
0.0 6.0 0.0777819 -0.00739604
0.0 6.0 0.0556402 -0.0197195
0.0 6.0 0.0592651 -0.0
0.0 6.0 0.0656614 -0.00739604
0.0 6.0 0.063826 -0.0197195
0.0 6.0 0.0642465 -0.00739604
0.0 6.0 0.0649036 -0.00739604
0.0 6.0 0.0608155 -0.0
0.0 6.0 0.0802528 -0.00739604
0.0 6.0 0.067317 -0.00739604
0.0 6.0 0.0550418 -0.0197195
0.0 6.0 0.0646127 -0.00739604
0.0 6.0 0.0611315 -0.0
0.0 6.0 0.0612527 -0.00739604
0.0 6.0 0.0629133 -0.00739604
0.0 6.0 0.0624526 -0.00986467
0.0 6.0 0.063878 -0.00739604
0.0 6.0 0.0668157 -0.00739604
0.0 6.0 0.0687996 -0.0295842
0.0 6.0 0.0606814 -0.00739604
0.0 6.0 0.0570947 -0.0
0.0 6.0 0.0550766 -0.0394587
0.0 6.0 0.0611841 -0.00986467
0.0 6.0 0.0646893 -0.00739604
0.0 6.0 0.0609487 -0.00986467
0.0 6.0 0.0595915 -0.00739604
0.0 6.0 0.0639167 -0.00986467
0.0 6.0 0.0634004 -0.0197195
0.0 6.0 0.0622151 -0.0
0.0 6.0 0.0565276 -0.00739604
0.0 6.0 0.0735979 -0.0
0.0 6.0 0.0539456 -0.0
0.0 6.0 0.0616225 -0.00739604
0.0 6.0 0.0638467 -0.00739604
0.0 6.0 0.0601186 -0.0
0.0 6.0 0.0564666 -0.0
0.0 6.0 0.0541128 -0.0
0.0 6.0 0.0569251 -0.0
0.0 6.0 0.0606666 -0.0197195
0.0 7.0 0.0555807 -0.0197195
0.0 7.0 0.0569742 -0.0
0.0 7.0 0.059011 -0.00739604
0.0 7.0 0.0577039 -0.0
0.0 7.0 0.0568912 -0.0197195
0.0 7.0 0.0576455 -0.00739604
0.0 7.0 0.0567071 -0.00986467
0.0 7.0 0.055204 -0.046835
0.0 7.0 0.0580377 -0.0271254
0.0 7.0 0.0617808 -0.00739604
0.0 7.0 0.0535379 -0.0
0.0 7.0 0.0584613 -0.00739604
0.0 7.0 0.0653106 -0.00739604
0.0 7.0 0.0780133 -0.00986467
0.0 7.0 0.0540884 -0.00986467
0.0 7.0 0.0539302 -0.00986467
0.0 7.0 0.0568886 -0.00739604
0.0 7.0 0.0581151 -0.0
0.0 7.0 0.0553206 -0.0394587
0.0 7.0 0.0729487 -0.078878
0.0 7.0 0.0550908 -0.0
0.0 7.0 0.0568648 -0.00739604
0.0 7.0 0.0590218 -0.00739604
0.0 7.0 0.0537636 -0.0197195
0.0 7.0 0.0593936 -0.0295842
0.0 7.0 0.0746311 -0.0
0.0 7.0 0.0567634 -0.00739604
0.0 7.0 0.054567 -0.0
0.0 7.0 0.0567742 -0.0
0.0 7.0 0.0537648 -0.00986467
0.0 7.0 0.0606651 -0.00986467
0.0 7.0 0.0579962 -0.00986467
0.0 7.0 0.0583745 -0.00986467
0.0 7.0 0.0571815 -0.00986467
0.0 7.0 0.057114 -0.00986467
0.0 7.0 0.0598498 -0.125772
0.0 7.0 0.0564451 -0.00739604
0.0 7.0 0.0742325 -0.00986467
0.0 7.0 0.057117 -0.046835
0.0 7.0 0.0562091 -0.00739604
0.0 7.0 0.055384 -0.0197195
0.0 7.0 0.0588291 -0.0197195
0.0 7.0 0.0586108 -0.046835
0.0 7.0 0.057782 -0.00986467
0.0 7.0 0.0566714 -0.0271254
0.0 7.0 0.0750606 -0.0591782
0.0 7.0 0.0559978 -0.00986467
0.0 7.0 0.0621781 -0.00739604
0.0 7.0 0.0547307 -0.0
0.0 7.0 0.0568789 -0.0271254
1.0 1.0 0.103156 2.71828
1.0 1.0 0.0833178 2.71828
1.0 1.0 0.0803264 2.71828
1.0 1.0 0.0851051 2.71828
1.0 1.0 0.0774055 2.71828
1.0 1.0 0.0849529 2.71828
1.0 1.0 0.0835391 2.71828
1.0 1.0 0.0806285 2.71828
1.0 1.0 0.0834826 2.71828
1.0 1.0 0.0796609 2.71828
1.0 1.0 0.0804481 2.71828
1.0 1.0 0.0849507 2.71828
1.0 1.0 0.0859344 2.71828
1.0 1.0 0.0966657 2.71828
1.0 1.0 0.082161 2.71828
1.0 1.0 0.0798632 2.71828
1.0 1.0 0.0799751 2.71828
1.0 1.0 0.0830919 2.71828
1.0 1.0 0.0811806 2.71828
1.0 1.0 0.0834741 2.71828
1.0 1.0 0.0852296 2.71828
1.0 1.0 0.0851248 2.71828
1.0 1.0 0.0865796 2.71828
1.0 1.0 0.0802867 2.71828
1.0 1.0 0.0844961 2.71828
1.0 1.0 0.0829917 2.71828
1.0 1.0 0.0888939 2.71828
1.0 1.0 0.0813402 2.71828
1.0 1.0 0.0829784 2.71828
1.0 1.0 0.0926625 2.71828
1.0 1.0 0.0845893 2.71828
1.0 1.0 0.0887537 2.71828
1.0 1.0 0.083487 2.71828
1.0 1.0 0.0808628 2.71828
1.0 1.0 0.0965486 2.71828
1.0 1.0 0.0848396 2.71828
1.0 1.0 0.0801271 2.71828
1.0 1.0 0.0862626 2.71828
1.0 1.0 0.0842111 2.71828
1.0 1.0 0.0847503 2.71828
1.0 1.0 0.0836705 2.71828
1.0 1.0 0.0842766 2.71828
1.0 1.0 0.0811247 2.71828
1.0 1.0 0.0795069 2.71828
1.0 1.0 0.0808378 2.71828
1.0 1.0 0.0971853 2.71828
1.0 1.0 0.0796509 2.71828
1.0 1.0 0.0814466 2.71828
1.0 1.0 0.0858374 2.71828
1.0 1.0 0.0841918 2.71828
1.0 2.0 0.0487682 2.71828
1.0 2.0 0.0463711 2.71828
1.0 2.0 0.0503221 2.71828
1.0 2.0 0.0445497 2.71828
1.0 2.0 0.0459764 2.71828
1.0 2.0 0.0439275 2.71828
1.0 2.0 0.0499018 2.71828
1.0 2.0 0.0434715 2.71828
1.0 2.0 0.0459914 2.71828
1.0 2.0 0.0439866 2.71828
1.0 2.0 0.0456871 2.71828
1.0 2.0 0.0504121 2.71828
1.0 2.0 0.0485839 2.71828
1.0 2.0 0.0462451 2.71828
1.0 2.0 0.0462592 2.71828
1.0 2.0 0.0460147 2.71828
1.0 2.0 0.0464346 2.71828
1.0 2.0 0.0453097 2.71828
1.0 2.0 0.0440362 2.71828
1.0 2.0 0.0463563 2.71828
1.0 2.0 0.0471663 2.71828
1.0 2.0 0.0445038 2.71828
1.0 2.0 0.0614292 2.71828
1.0 2.0 0.0491781 2.71828
1.0 2.0 0.043172 2.71828
1.0 2.0 0.0436064 2.71828
1.0 2.0 0.0445536 2.71828
1.0 2.0 0.0433465 2.71828
1.0 2.0 0.0457786 2.71828
1.0 2.0 0.0486226 2.71828
1.0 2.0 0.0497352 2.71828
1.0 2.0 0.0523995 2.71828
1.0 2.0 0.0458304 2.71828
1.0 2.0 0.0455493 2.71828
1.0 2.0 0.0471698 2.71828
1.0 2.0 0.0458069 2.71828
1.0 2.0 0.0486611 2.71828
1.0 2.0 0.043724 2.71828
1.0 2.0 0.0446236 2.71828
1.0 2.0 0.0431582 2.71828
1.0 2.0 0.0473239 2.71828
1.0 2.0 0.047783 2.71828
1.0 2.0 0.0509777 2.71828
1.0 2.0 0.044379 2.71828
1.0 2.0 0.0466732 2.71828
1.0 2.0 0.0468587 2.71828
1.0 2.0 0.0462884 2.71828
1.0 2.0 0.0508306 2.71828
1.0 2.0 0.0481945 2.71828
1.0 2.0 0.0462614 2.71828
1.0 3.0 0.0382236 2.71828
1.0 3.0 0.0372323 2.71828
1.0 3.0 0.0370377 2.71828
1.0 3.0 0.0385293 2.71828
1.0 3.0 0.0368323 2.71828
1.0 3.0 0.0371953 2.71828
1.0 3.0 0.0425077 2.71828
1.0 3.0 0.0379996 2.71828
1.0 3.0 0.037982 2.71828
1.0 3.0 0.0487308 2.71828
1.0 3.0 0.0366403 2.71828
1.0 3.0 0.0470391 2.71828
1.0 3.0 0.0446176 2.71828
1.0 3.0 0.0382142 2.71828
1.0 3.0 0.0370867 2.71828
1.0 3.0 0.0371996 2.71828
1.0 3.0 0.037885 2.71828
1.0 3.0 0.0376113 2.71828
1.0 3.0 0.0396815 2.71828
1.0 3.0 0.037733 2.71828
1.0 3.0 0.0423217 2.71828
1.0 3.0 0.0375226 2.71828
1.0 3.0 0.0369066 2.71828
1.0 3.0 0.0472195 2.71828
1.0 3.0 0.0365971 2.71828
1.0 3.0 0.0371641 2.71828
1.0 3.0 0.0400276 2.71828
1.0 3.0 0.0372629 2.71828
1.0 3.0 0.0368641 2.71828
1.0 3.0 0.0371454 2.71828
1.0 3.0 0.0376895 2.71828
1.0 3.0 0.0368232 2.71828
1.0 3.0 0.0372185 2.71828
1.0 3.0 0.0381883 2.71828
1.0 3.0 0.0376225 2.71828
1.0 3.0 0.0373378 2.71828
1.0 3.0 0.0381019 2.71828
1.0 3.0 0.0370049 2.71828
1.0 3.0 0.0374283 2.71828
1.0 3.0 0.0378226 2.71828
1.0 3.0 0.0374287 2.71828
1.0 3.0 0.0369427 2.71828
1.0 3.0 0.0383646 2.71828
1.0 3.0 0.0366098 2.71828
1.0 3.0 0.0372816 2.71828
1.0 3.0 0.036868 2.71828
1.0 3.0 0.0379185 2.71828
1.0 3.0 0.0415331 2.71828
1.0 3.0 0.0377438 2.71828
1.0 3.0 0.0371009 2.71828
1.0 4.0 0.0318037 2.71828
1.0 4.0 0.0299031 2.71828
1.0 4.0 0.0300289 2.71828
1.0 4.0 0.0331046 2.71828
1.0 4.0 0.0293037 2.71828
1.0 4.0 0.0303672 2.71828
1.0 4.0 0.0333643 2.71828
1.0 4.0 0.0300293 2.71828
1.0 4.0 0.0297959 2.71828
1.0 4.0 0.0302375 2.71828
1.0 4.0 0.0292728 2.71828
1.0 4.0 0.0297956 2.71828
1.0 4.0 0.0297512 2.71828
1.0 4.0 0.0295298 2.71828
1.0 4.0 0.0295439 2.71828
1.0 4.0 0.0299844 2.71828
1.0 4.0 0.0291175 2.71828
1.0 4.0 0.0299657 2.71828
1.0 4.0 0.0313633 2.71828
1.0 4.0 0.029198 2.71828
1.0 4.0 0.0292077 2.71828
1.0 4.0 0.0297984 2.71828
1.0 4.0 0.0299709 2.71828
1.0 4.0 0.0305653 2.71828
1.0 4.0 0.0297701 2.71828
1.0 4.0 0.0298994 2.71828
1.0 4.0 0.0302831 2.71828
1.0 4.0 0.0337001 2.71828
1.0 4.0 0.030878 2.71828
1.0 4.0 0.033794 2.71828
1.0 4.0 0.0311051 2.71828
1.0 4.0 0.031712 2.71828
1.0 4.0 0.029934 2.71828
1.0 4.0 0.0297928 2.71828
1.0 4.0 0.0293994 2.71828
1.0 4.0 0.0304638 2.71828
1.0 4.0 0.0294512 2.71828
1.0 4.0 0.0294398 2.71828
1.0 4.0 0.0297613 2.71828
1.0 4.0 0.0292742 2.71828
1.0 4.0 0.0305434 2.71828
1.0 4.0 0.0300565 2.71828
1.0 4.0 0.0299081 2.71828
1.0 4.0 0.0293243 2.71828
1.0 4.0 0.0305592 2.71828
1.0 4.0 0.0336039 2.71828
1.0 4.0 0.0301043 2.71828
1.0 4.0 0.0298346 2.71828
1.0 4.0 0.0293753 2.71828
1.0 4.0 0.029334 2.71828
1.0 5.0 0.0483257 2.71828
1.0 5.0 0.0465427 2.71828
1.0 5.0 0.0656885 2.71828
1.0 5.0 0.0708713 2.71828
1.0 5.0 0.0596488 2.71828
1.0 5.0 0.0635481 2.71828
1.0 5.0 0.0733458 2.71828
1.0 5.0 0.0668626 2.71828
1.0 5.0 0.0593841 2.71828
1.0 5.0 0.0425799 2.71828
1.0 5.0 0.0571097 2.71828
1.0 5.0 0.0655903 2.71828
1.0 5.0 0.0471199 2.71828
1.0 5.0 0.0572146 2.71828
1.0 5.0 0.0596403 2.71828
1.0 5.0 0.05679 2.71828
1.0 5.0 0.0457738 2.71828
1.0 5.0 0.0555083 2.71828
1.0 5.0 0.0640631 2.71828
1.0 5.0 0.0459576 2.71828
1.0 5.0 0.0568229 2.71828
1.0 5.0 0.0660846 2.71828
1.0 5.0 0.0587564 2.71828
1.0 5.0 0.0453691 2.71828
1.0 5.0 0.0439497 2.71828
1.0 5.0 0.0524353 2.71828
1.0 5.0 0.0535454 2.71828
1.0 5.0 0.0460044 2.71828
1.0 5.0 0.0693156 2.71828
1.0 5.0 0.0455503 2.71828
1.0 5.0 0.0497743 2.71828
1.0 5.0 0.0444753 2.71828
1.0 5.0 0.0458296 2.71828
1.0 5.0 0.0681981 2.71828
1.0 5.0 0.0449085 2.71828
1.0 5.0 0.0672095 2.71828
1.0 5.0 0.0539312 2.71828
1.0 5.0 0.0690303 2.71828
1.0 5.0 0.0450956 2.71828
1.0 5.0 0.0679922 2.71828
1.0 5.0 0.0577595 2.71828
1.0 5.0 0.0595693 2.71828
1.0 5.0 0.0654438 2.71828
1.0 5.0 0.0543462 2.71828
1.0 5.0 0.047948 2.71828
1.0 5.0 0.0587032 2.71828
1.0 5.0 0.0530813 2.71828
1.0 5.0 0.0473408 2.71828
1.0 5.0 0.045046 2.71828
1.0 5.0 0.0484942 2.71828
1.0 6.0 0.0605946 2.71828
1.0 6.0 0.0551502 2.71828
1.0 6.0 0.0545746 2.71828
1.0 6.0 0.0560693 2.71828
1.0 6.0 0.0602786 2.71828
1.0 6.0 0.0614858 2.71828
1.0 6.0 0.0536447 2.71828
1.0 6.0 0.0582531 2.71828
1.0 6.0 0.0609591 2.71828
1.0 6.0 0.0572232 2.71828
1.0 6.0 0.0616789 2.71828
1.0 6.0 0.0542763 2.71828
1.0 6.0 0.0566318 2.71828
1.0 6.0 0.0597938 2.71828
1.0 6.0 0.0551113 2.71828
1.0 6.0 0.0575906 2.71828
1.0 6.0 0.0555829 2.71828
1.0 6.0 0.0535351 2.71828
1.0 6.0 0.0548829 2.71828
1.0 6.0 0.0593508 2.71828
1.0 6.0 0.0578454 2.71828
1.0 6.0 0.0597868 2.71828
1.0 6.0 0.0603503 2.71828
1.0 6.0 0.0571664 2.71828
1.0 6.0 0.05642 2.71828
1.0 6.0 0.0542916 2.71828
1.0 6.0 0.0538432 2.71828
1.0 6.0 0.0736535 2.71828
1.0 6.0 0.0560811 2.71828
1.0 6.0 0.0620194 2.71828
1.0 6.0 0.059046 2.71828
1.0 6.0 0.0555022 2.71828
1.0 6.0 0.058631 2.71828
1.0 6.0 0.0531868 2.71828
1.0 6.0 0.0591082 2.71828
1.0 6.0 0.0604845 2.71828
1.0 6.0 0.0540154 2.71828
1.0 6.0 0.0578485 2.71828
1.0 6.0 0.0587751 2.71828
1.0 6.0 0.0601465 2.71828
1.0 6.0 0.0617265 2.71828
1.0 6.0 0.054545 2.71828
1.0 6.0 0.054035 2.71828
1.0 6.0 0.0558504 2.71828
1.0 6.0 0.0567491 2.71828
1.0 6.0 0.0540987 2.71828
1.0 6.0 0.0593558 2.71828
1.0 6.0 0.0567034 2.71828
1.0 6.0 0.0749854 2.71828
1.0 6.0 0.0537118 2.71828
1.0 7.0 0.0531425 2.71828
1.0 7.0 0.0518356 2.71828
1.0 7.0 0.0523135 2.71828
1.0 7.0 0.0530642 2.71828
1.0 7.0 0.0478192 2.71828
1.0 7.0 0.0502972 2.71828
1.0 7.0 0.0718357 2.71828
1.0 7.0 0.0533884 2.71828
1.0 7.0 0.0545073 2.71828
1.0 7.0 0.0512692 2.71828
1.0 7.0 0.0519207 2.71828
1.0 7.0 0.0516246 2.71828
1.0 7.0 0.0522999 2.71828
1.0 7.0 0.0684744 2.71828
1.0 7.0 0.0543388 2.71828
1.0 7.0 0.0525891 2.71828
1.0 7.0 0.0512848 2.71828
1.0 7.0 0.0421283 2.71828
1.0 7.0 0.051604 2.71828
1.0 7.0 0.0560473 2.71828
1.0 7.0 0.053854 2.71828
1.0 7.0 0.0537877 2.71828
1.0 7.0 0.0517857 2.71828
1.0 7.0 0.0532608 2.71828
1.0 7.0 0.0527904 2.71828
1.0 7.0 0.0543111 2.71828
1.0 7.0 0.0525695 2.71828
1.0 7.0 0.0518276 2.71828
1.0 7.0 0.0538413 2.71828
1.0 7.0 0.0504517 2.71828
1.0 7.0 0.0607651 2.71828
1.0 7.0 0.0552789 2.71828
1.0 7.0 0.0533756 2.71828
1.0 7.0 0.0505038 2.71828
1.0 7.0 0.0427009 2.71828
1.0 7.0 0.0524117 2.71828
1.0 7.0 0.0706213 2.71828
1.0 7.0 0.0523453 2.71828
1.0 7.0 0.0439543 2.71828
1.0 7.0 0.0514084 2.71828
1.0 7.0 0.0511779 2.71828
1.0 7.0 0.0527296 2.71828
1.0 7.0 0.0553333 2.71828
1.0 7.0 0.053243 2.71828
1.0 7.0 0.0429011 2.71828
1.0 7.0 0.0559183 2.71828
1.0 7.0 0.0508461 2.71828
1.0 7.0 0.048419 2.71828
1.0 7.0 0.053825 2.71828
1.0 7.0 0.0528094 2.71828
2.0 1.0 0.828438 -8.43827e-33
2.0 1.0 0.848161 -2.03723e-31
2.0 1.0 0.828936 -2.03723e-31
2.0 1.0 0.803785 -5.02058e-32
2.0 1.0 0.848483 -8.43827e-33
2.0 1.0 0.914289 -5.02058e-32
2.0 1.0 0.614341 -0.0
2.0 1.0 0.279526 -0.0
2.0 1.0 0.809693 -2.03723e-31
2.0 1.0 0.851649 -8.43827e-33
2.0 1.0 0.664105 -0.0
2.0 1.0 0.904723 -8.43827e-33
2.0 1.0 0.835367 -8.43827e-33
2.0 1.0 0.614757 -0.0
2.0 1.0 0.638544 -0.0
2.0 1.0 0.834641 -5.02058e-32
2.0 1.0 0.623554 -0.0
2.0 1.0 0.641933 -0.0
2.0 1.0 0.670787 -0.0
2.0 1.0 0.845302 -4.33559e-32
2.0 1.0 0.870763 -8.43827e-33
2.0 1.0 0.791321 -4.33559e-32
2.0 1.0 0.82164 -8.43827e-33
2.0 1.0 0.669347 -0.0
2.0 1.0 0.801077 -8.43827e-33
2.0 1.0 0.827667 -8.43827e-33
2.0 1.0 0.869508 -8.43827e-33
2.0 1.0 0.987339 -5.02058e-32
2.0 1.0 0.812651 -6.77826e-31
2.0 1.0 0.82353 -8.43827e-33
2.0 1.0 0.818927 -8.43827e-33
2.0 1.0 0.829547 -4.33559e-32
2.0 1.0 0.680979 -0.0
2.0 1.0 0.859453 -4.33559e-32
2.0 1.0 0.867313 -8.43827e-33
2.0 1.0 0.844631 -8.43827e-33
2.0 1.0 0.290539 -0.0
2.0 1.0 0.841773 -2.01644e-31
2.0 1.0 0.309663 -0.0
2.0 1.0 0.818298 -4.33559e-32
2.0 1.0 0.798524 -8.43827e-33
2.0 1.0 0.649653 -0.0
2.0 1.0 0.867372 -5.02058e-32
2.0 1.0 0.898941 -5.02058e-32
2.0 1.0 0.634748 -0.0
2.0 1.0 0.917609 -8.43827e-33
2.0 1.0 0.622301 -0.0
2.0 1.0 0.862253 -8.43827e-33
2.0 1.0 0.811814 -2.01644e-31
2.0 1.0 0.865275 -8.43827e-33
2.0 2.0 0.442441 -8.43827e-33
2.0 2.0 0.437754 -4.33559e-32
2.0 2.0 0.41466 -0.0
2.0 2.0 0.436163 -0.0
2.0 2.0 0.331683 -0.0
2.0 2.0 0.437748 -8.43827e-33
2.0 2.0 0.436797 -8.43827e-33
2.0 2.0 0.439244 -8.43827e-33
2.0 2.0 0.406677 -2.01644e-31
2.0 2.0 0.440502 -4.33559e-32
2.0 2.0 0.327805 -0.0
2.0 2.0 0.334362 -0.0
2.0 2.0 0.312089 -0.0
2.0 2.0 0.437846 -5.02058e-32
2.0 2.0 0.43963 -5.02058e-32
2.0 2.0 0.433809 -0.0
2.0 2.0 0.420343 -8.43827e-33
2.0 2.0 0.443143 -0.0
2.0 2.0 0.435345 -8.43827e-33
2.0 2.0 0.500572 -0.0
2.0 2.0 0.411523 -4.33559e-32
2.0 2.0 0.440143 -8.43827e-33
2.0 2.0 0.332335 -0.0
2.0 2.0 0.411724 -0.0
2.0 2.0 0.433585 -0.0
2.0 2.0 0.415128 -0.0
2.0 2.0 0.435499 -0.0
2.0 2.0 0.43846 -2.01644e-31
2.0 2.0 0.435136 -8.43827e-33
2.0 2.0 0.436604 -8.43827e-33
2.0 2.0 0.433712 -8.43827e-33
2.0 2.0 0.441367 -0.0
2.0 2.0 0.441716 -8.43827e-33
2.0 2.0 0.420775 -8.43827e-33
2.0 2.0 0.409376 -0.0
2.0 2.0 0.440559 -8.43827e-33
2.0 2.0 0.437795 -0.0
2.0 2.0 0.411724 -4.33559e-32
2.0 2.0 0.303857 -0.0
2.0 2.0 0.437662 -0.0
2.0 2.0 0.448932 -0.0
2.0 2.0 0.434619 -8.43827e-33
2.0 2.0 0.439974 -8.43827e-33
2.0 2.0 0.331989 -0.0
2.0 2.0 0.436416 -0.0
2.0 2.0 0.444067 -2.03723e-31
2.0 2.0 0.317439 -0.0
2.0 2.0 0.435981 -8.43827e-33
2.0 2.0 0.410989 -0.0
2.0 2.0 0.432682 -0.0
2.0 3.0 0.2513 -0.0
2.0 3.0 0.308226 -8.43827e-33
2.0 3.0 0.295415 -0.0
2.0 3.0 0.30422 -5.02058e-32
2.0 3.0 0.290488 -0.0
2.0 3.0 0.309755 -8.43827e-33
2.0 3.0 0.292224 -0.0
2.0 3.0 0.30271 -5.02058e-32
2.0 3.0 0.30274 -8.43827e-33
2.0 3.0 0.305426 -5.02058e-32
2.0 3.0 0.303421 -4.33559e-32
2.0 3.0 0.302918 -2.21611e-32
2.0 3.0 0.291039 -0.0
2.0 3.0 0.30523 -5.02058e-32
2.0 3.0 0.291799 -0.0
2.0 3.0 0.305178 -5.02058e-32
2.0 3.0 0.303295 -8.43827e-33
2.0 3.0 0.304164 -8.43827e-33
2.0 3.0 0.290584 -0.0
2.0 3.0 0.278608 -0.0
2.0 3.0 0.303522 -2.01644e-31
2.0 3.0 0.29326 -0.0
2.0 3.0 0.300884 -8.43827e-33
2.0 3.0 0.28812 -0.0
2.0 3.0 0.301297 -8.43827e-33
2.0 3.0 0.228074 -0.0
2.0 3.0 0.300651 -8.43827e-33
2.0 3.0 0.290464 -0.0
2.0 3.0 0.302432 -8.43827e-33
2.0 3.0 0.301733 -8.43827e-33
2.0 3.0 0.295875 -0.0
2.0 3.0 0.238505 -0.0
2.0 3.0 0.301249 -8.43827e-33
2.0 3.0 0.286355 -0.0
2.0 3.0 0.29838 -2.03723e-31
2.0 3.0 0.305619 -5.02058e-32
2.0 3.0 0.302196 -8.43827e-33
2.0 3.0 0.300059 -8.43827e-33
2.0 3.0 0.302681 -8.43827e-33
2.0 3.0 0.302271 -8.43827e-33
2.0 3.0 0.301343 -8.43827e-33
2.0 3.0 0.225422 -0.0
2.0 3.0 0.294213 -0.0
2.0 3.0 0.301578 -8.43827e-33
2.0 3.0 0.302759 -8.43827e-33
2.0 3.0 0.291017 -0.0
2.0 3.0 0.306097 -5.02058e-32
2.0 3.0 0.37733 -8.43827e-33
2.0 3.0 0.29179 -0.0
2.0 3.0 0.290254 -0.0
2.0 4.0 0.223243 -0.0
2.0 4.0 0.224945 -8.43827e-33
2.0 4.0 0.222905 -0.0
2.0 4.0 0.223378 -8.43827e-33
2.0 4.0 0.226489 -5.02058e-32
2.0 4.0 0.225043 -2.03723e-31
2.0 4.0 0.255564 -5.02058e-32
2.0 4.0 0.225145 -8.43827e-33
2.0 4.0 0.225517 -5.02058e-32
2.0 4.0 0.253957 -8.43827e-33
2.0 4.0 0.225357 -8.43827e-33
2.0 4.0 0.222643 -4.33559e-32
2.0 4.0 0.225081 -8.43827e-33
2.0 4.0 0.226088 -8.43827e-33
2.0 4.0 0.223808 -8.43827e-33
2.0 4.0 0.222832 -8.43827e-33
2.0 4.0 0.223708 -0.0
2.0 4.0 0.226728 -8.43827e-33
2.0 4.0 0.221147 -4.33559e-32
2.0 4.0 0.22477 -0.0
2.0 4.0 0.224703 -0.0
2.0 4.0 0.256896 -5.02058e-32
2.0 4.0 0.254306 -8.43827e-33
2.0 4.0 0.226973 -5.02058e-32
2.0 4.0 0.222946 -8.43827e-33
2.0 4.0 0.22582 -8.43827e-33
2.0 4.0 0.226195 -8.43827e-33
2.0 4.0 0.223986 -8.43827e-33
2.0 4.0 0.223777 -0.0
2.0 4.0 0.225802 -0.0
2.0 4.0 0.223425 -0.0
2.0 4.0 0.22548 -8.43827e-33
2.0 4.0 0.22517 -2.01644e-31
2.0 4.0 0.226326 -8.43827e-33
2.0 4.0 0.252694 -0.0
2.0 4.0 0.223255 -0.0
2.0 4.0 0.225245 -5.02058e-32
2.0 4.0 0.225037 -8.43827e-33
2.0 4.0 0.224427 -8.43827e-33
2.0 4.0 0.222882 -2.03723e-31
2.0 4.0 0.222211 -0.0
2.0 4.0 0.225931 -2.01644e-31
2.0 4.0 0.224568 -8.43827e-33
2.0 4.0 0.225245 -8.43827e-33
2.0 4.0 0.223487 -0.0
2.0 4.0 0.228577 -8.43827e-33
2.0 4.0 0.224273 -8.43827e-33
2.0 4.0 0.223921 -0.0
2.0 4.0 0.226837 -8.43827e-33
2.0 4.0 0.220426 -0.0
2.0 5.0 0.197461 -8.43827e-33
2.0 5.0 0.184476 -5.02058e-32
2.0 5.0 0.187543 -0.0
2.0 5.0 0.171475 -8.43827e-33
2.0 5.0 0.163057 -0.0
2.0 5.0 0.169937 -8.43827e-33
2.0 5.0 0.169086 -0.0
2.0 5.0 0.244339 -8.43827e-33
2.0 5.0 0.197339 -8.43827e-33
2.0 5.0 0.240579 -4.33559e-32
2.0 5.0 0.240846 -8.43827e-33
2.0 5.0 0.240358 -8.43827e-33
2.0 5.0 0.172037 -8.43827e-33
2.0 5.0 0.237208 -8.43827e-33
2.0 5.0 0.232943 -0.0
2.0 5.0 0.251497 -0.0
2.0 5.0 0.23909 -8.43827e-33
2.0 5.0 0.257174 -8.43827e-33
2.0 5.0 0.229909 -0.0
2.0 5.0 0.25678 -0.0
2.0 5.0 0.238911 -2.03723e-31
2.0 5.0 0.237347 -0.0
2.0 5.0 0.254612 -4.33559e-32
2.0 5.0 0.27944 -8.43827e-33
2.0 5.0 0.23212 -4.33559e-32
2.0 5.0 0.254714 -8.43827e-33
2.0 5.0 0.268077 -5.02058e-32
2.0 5.0 0.241166 -0.0
2.0 5.0 0.239319 -8.43827e-33
2.0 5.0 0.245773 -0.0
2.0 5.0 0.228173 -0.0
2.0 5.0 0.229385 -0.0
2.0 5.0 0.236312 -0.0
2.0 5.0 0.234585 -0.0
2.0 5.0 0.258371 -5.02058e-32
2.0 5.0 0.257369 -5.02058e-32
2.0 5.0 0.237751 -4.33559e-32
2.0 5.0 0.221179 -1.7325e-31
2.0 5.0 0.238869 -8.43827e-33
2.0 5.0 0.241184 -8.43827e-33
2.0 5.0 0.252558 -0.0
2.0 5.0 0.255106 -8.43827e-33
2.0 5.0 0.254311 -8.43827e-33
2.0 5.0 0.23926 -2.01644e-31
2.0 5.0 0.247858 -8.43827e-33
2.0 5.0 0.236623 -8.43827e-33
2.0 5.0 0.238959 -4.33559e-32
2.0 5.0 0.232767 -0.0
2.0 5.0 0.238458 -5.02058e-32
2.0 5.0 0.240283 -8.43827e-33
2.0 6.0 0.243023 -8.43827e-33
2.0 6.0 0.246572 -8.43827e-33
2.0 6.0 0.233986 -4.33559e-32
2.0 6.0 0.236553 -8.43827e-33
2.0 6.0 0.204572 -0.0
2.0 6.0 0.239782 -4.33559e-32
2.0 6.0 0.247213 -5.02058e-32
2.0 6.0 0.23631 -8.43827e-33
2.0 6.0 0.217216 -0.0
2.0 6.0 0.235052 -8.43827e-33
2.0 6.0 0.251777 -8.43827e-33
2.0 6.0 0.197796 -0.0
2.0 6.0 0.249599 -8.43827e-33
2.0 6.0 0.230579 -2.03723e-31
2.0 6.0 0.244997 -2.01644e-31
2.0 6.0 0.235632 -8.43827e-33
2.0 6.0 0.231984 -4.33559e-32
2.0 6.0 0.228704 -4.33559e-32
2.0 6.0 0.213024 -0.0
2.0 6.0 0.225074 -1.7325e-31
2.0 6.0 0.25412 -8.43827e-33
2.0 6.0 0.255344 -8.43827e-33
2.0 6.0 0.207813 -0.0
2.0 6.0 0.239704 -4.33559e-32
2.0 6.0 0.242012 -8.43827e-33
2.0 6.0 0.249616 -8.43827e-33
2.0 6.0 0.207414 -0.0
2.0 6.0 0.212886 -0.0
2.0 6.0 0.236566 -8.43827e-33
2.0 6.0 0.203103 -0.0
2.0 6.0 0.23481 -8.43827e-33
2.0 6.0 0.197731 -0.0
2.0 6.0 0.20127 -0.0
2.0 6.0 0.231368 -8.43827e-33
2.0 6.0 0.2016 -0.0
2.0 6.0 0.213359 -0.0
2.0 6.0 0.233363 -4.33559e-32
2.0 6.0 0.249334 -8.43827e-33
2.0 6.0 0.20431 -0.0
2.0 6.0 0.243828 -5.02058e-32
2.0 6.0 0.20291 -0.0
2.0 6.0 0.255715 -1.9254e-31
2.0 6.0 0.242007 -8.43827e-33
2.0 6.0 0.248657 -8.43827e-33
2.0 6.0 0.212148 -0.0
2.0 6.0 0.216596 -0.0
2.0 6.0 0.232877 -8.43827e-33
2.0 6.0 0.24279 -8.43827e-33
2.0 6.0 0.19912 -0.0
2.0 6.0 0.240567 -2.01644e-31
2.0 7.0 0.180335 -0.0
2.0 7.0 0.193938 -4.33559e-32
2.0 7.0 0.191524 -8.43827e-33
2.0 7.0 0.180107 -0.0
2.0 7.0 0.180345 -0.0
2.0 7.0 0.220284 -8.43827e-33
2.0 7.0 0.1168 -0.0
2.0 7.0 0.132361 -8.43827e-33
2.0 7.0 0.193723 -4.33559e-32
2.0 7.0 0.176891 -0.0
2.0 7.0 0.196541 -5.02058e-32
2.0 7.0 0.223643 -5.02058e-32
2.0 7.0 0.192342 -5.02058e-32
2.0 7.0 0.12701 -0.0
2.0 7.0 0.193843 -8.43827e-33
2.0 7.0 0.1361 -8.43827e-33
2.0 7.0 0.193704 -8.43827e-33
2.0 7.0 0.217956 -8.43827e-33
2.0 7.0 0.193421 -8.43827e-33
2.0 7.0 0.196035 -8.43827e-33
2.0 7.0 0.195014 -8.43827e-33
2.0 7.0 0.196554 -8.43827e-33
2.0 7.0 0.192628 -8.43827e-33
2.0 7.0 0.199561 -5.02058e-32
2.0 7.0 0.19724 -2.01644e-31
2.0 7.0 0.181974 -0.0
2.0 7.0 0.207353 -8.43827e-33
2.0 7.0 0.138567 -0.0
2.0 7.0 0.190908 -8.43827e-33
2.0 7.0 0.192603 -8.43827e-33
2.0 7.0 0.180501 -0.0
2.0 7.0 0.19116 -8.43827e-33
2.0 7.0 0.193121 -8.43827e-33
2.0 7.0 0.182302 -0.0
2.0 7.0 0.193023 -5.02058e-32
2.0 7.0 0.192557 -8.43827e-33
2.0 7.0 0.151523 -8.43827e-33
2.0 7.0 0.194461 -8.43827e-33
2.0 7.0 0.150588 -2.21611e-32
2.0 7.0 0.180851 -0.0
2.0 7.0 0.194859 -4.33559e-32
2.0 7.0 0.197898 -0.0
2.0 7.0 0.193585 -8.43827e-33
2.0 7.0 0.201818 -5.02058e-32
2.0 7.0 0.177362 -0.0
2.0 7.0 0.176759 -0.0
2.0 7.0 0.193538 -8.43827e-33
2.0 7.0 0.196036 -8.43827e-33
2.0 7.0 0.178077 -7.10571e-31
2.0 7.0 0.195969 -2.01644e-31
3.0 1.0 0.063393 -0.0
3.0 1.0 0.0768334 -0.0
3.0 1.0 0.0800705 -0.0
3.0 1.0 0.0758573 -0.0
3.0 1.0 0.065679 -0.0
3.0 1.0 0.0701812 -0.0
3.0 1.0 0.0826584 -0.0
3.0 1.0 0.0712128 -0.0
3.0 1.0 0.0784813 -0.0
3.0 1.0 0.0795201 -0.0
3.0 1.0 0.0722045 -0.0
3.0 1.0 0.0759525 -0.0
3.0 1.0 0.0759705 -0.0
3.0 1.0 0.0735522 -0.0
3.0 1.0 0.0738475 -0.0
3.0 1.0 0.070788 -0.0
3.0 1.0 0.0758386 -0.0
3.0 1.0 0.078936 -0.0
3.0 1.0 0.0706912 -0.0
3.0 1.0 0.0675933 -0.0
3.0 1.0 0.0691655 -0.0
3.0 1.0 0.0670979 -0.0
3.0 1.0 0.0711104 -0.0
3.0 1.0 0.0700407 -0.0
3.0 1.0 0.0715356 -0.0
3.0 1.0 0.0863825 -0.0
3.0 1.0 0.0774759 -0.0
3.0 1.0 0.0728563 -0.0
3.0 1.0 0.0820387 -0.0
3.0 1.0 0.0670986 -0.0
3.0 1.0 0.0734227 -0.0
3.0 1.0 0.0694961 -0.0
3.0 1.0 0.0709173 -0.0
3.0 1.0 0.0687598 -0.0
3.0 1.0 0.0843378 -0.0
3.0 1.0 0.0702743 -0.0
3.0 1.0 0.0703361 -0.0
3.0 1.0 0.082138 -0.0
3.0 1.0 0.0772205 -0.0
3.0 1.0 0.0694823 -0.0
3.0 1.0 0.0649164 -0.0
3.0 1.0 0.0693218 -0.0
3.0 1.0 0.0733192 -0.0
3.0 1.0 0.0861009 -0.0
3.0 1.0 0.0774483 -0.0
3.0 1.0 0.0751269 -0.0
3.0 1.0 0.0694958 -0.0
3.0 1.0 0.0811483 -0.0
3.0 1.0 0.0736407 -0.0
3.0 1.0 0.0736407 -0.0
3.0 2.0 0.0375348 -0.0
3.0 2.0 0.0359909 -0.0
3.0 2.0 0.0403328 -0.0
3.0 2.0 0.0385739 -0.0
3.0 2.0 0.0408924 -0.0
3.0 2.0 0.042677 -0.0
3.0 2.0 0.0450731 -0.0
3.0 2.0 0.0416247 -0.0
3.0 2.0 0.0377661 -0.0
3.0 2.0 0.0430963 -0.0
3.0 2.0 0.0421632 -0.0
3.0 2.0 0.0413084 -0.0
3.0 2.0 0.041027 -0.0
3.0 2.0 0.0430633 -0.0
3.0 2.0 0.0372778 -0.0
3.0 2.0 0.0389008 -0.0
3.0 2.0 0.0402768 -0.0
3.0 2.0 0.0394935 -0.0
3.0 2.0 0.0432451 -0.0
3.0 2.0 0.0377767 -0.0
3.0 2.0 0.0393227 -0.0
3.0 2.0 0.0396015 -0.0
3.0 2.0 0.0398167 -0.0
3.0 2.0 0.0391075 -0.0
3.0 2.0 0.0464663 -0.994959
3.0 2.0 0.0423157 -0.0
3.0 2.0 0.056308 -0.0
3.0 2.0 0.039976 -0.0
3.0 2.0 0.043543 -0.0
3.0 2.0 0.0414416 -0.0
3.0 2.0 0.0455835 -0.0
3.0 2.0 0.0364554 -0.0
3.0 2.0 0.0398053 -0.0
3.0 2.0 0.0394394 -0.0
3.0 2.0 0.042902 -0.0
3.0 2.0 0.0398534 -0.0
3.0 2.0 0.0404168 -0.0
3.0 2.0 0.0412864 -0.0
3.0 2.0 0.0385965 -0.0
3.0 2.0 0.0427782 -0.0
3.0 2.0 0.041832 -0.0
3.0 2.0 0.043902 -0.0
3.0 2.0 0.044485 -0.0
3.0 2.0 0.0403423 -0.0
3.0 2.0 0.0411474 -0.0
3.0 2.0 0.0396208 -0.0
3.0 2.0 0.0446111 -0.0
3.0 2.0 0.0463926 -0.0
3.0 2.0 0.0431328 -0.0
3.0 2.0 0.0393597 -0.0
3.0 3.0 0.0318554 -0.0
3.0 3.0 0.0338373 -0.0
3.0 3.0 0.032314 -0.0
3.0 3.0 0.0349355 -0.0
3.0 3.0 0.0344598 -0.0
3.0 3.0 0.0315341 -0.0
3.0 3.0 0.0333595 -0.0
3.0 3.0 0.0334518 -0.0
3.0 3.0 0.0346467 -0.0
3.0 3.0 0.036378 -0.0
3.0 3.0 0.04162 -0.994959
3.0 3.0 0.0433637 -0.994959
3.0 3.0 0.0344991 -0.0
3.0 3.0 0.0349697 -0.0
3.0 3.0 0.0401562 -0.0
3.0 3.0 0.0334423 -0.0
3.0 3.0 0.0378702 -0.0
3.0 3.0 0.0349038 -0.0
3.0 3.0 0.0338397 -0.0
3.0 3.0 0.0341479 -0.0
3.0 3.0 0.0337386 -0.0
3.0 3.0 0.0340036 -0.0
3.0 3.0 0.0329015 -0.0
3.0 3.0 0.0356067 -0.0
3.0 3.0 0.039498 -0.994959
3.0 3.0 0.0334145 -0.0
3.0 3.0 0.039289 -0.994959
3.0 3.0 0.0393543 -0.994959
3.0 3.0 0.0318146 -0.0
3.0 3.0 0.0386743 -0.994959
3.0 3.0 0.0352142 -0.0
3.0 3.0 0.0328844 -0.0
3.0 3.0 0.0338666 -0.0
3.0 3.0 0.0358538 -0.0
3.0 3.0 0.0369445 -0.0
3.0 3.0 0.0346076 -0.0
3.0 3.0 0.041435 -0.994959
3.0 3.0 0.0328055 -0.0
3.0 3.0 0.0386163 -0.0
3.0 3.0 0.0340279 -0.0
3.0 3.0 0.0330207 -0.0
3.0 3.0 0.032688 -0.0
3.0 3.0 0.0368214 -0.0
3.0 3.0 0.032982 -0.0
3.0 3.0 0.0322592 -0.0
3.0 3.0 0.0338074 -0.0
3.0 3.0 0.034622 -0.0
3.0 3.0 0.0336216 -0.0
3.0 3.0 0.0349013 -0.0
3.0 3.0 0.0347509 -0.0
3.0 4.0 0.0286299 -0.0
3.0 4.0 0.0305063 -0.0
3.0 4.0 0.0325879 -0.0
3.0 4.0 0.0358299 -0.0
3.0 4.0 0.0305227 -0.994959
3.0 4.0 0.0277392 -0.0
3.0 4.0 0.0274294 -0.0
3.0 4.0 0.0274118 -0.0
3.0 4.0 0.0309042 -0.0
3.0 4.0 0.030898 -0.994959
3.0 4.0 0.0304405 -0.0
3.0 4.0 0.0327837 -0.0
3.0 4.0 0.0268183 -0.0
3.0 4.0 0.0274373 -0.0
3.0 4.0 0.0264693 -0.0
3.0 4.0 0.0295827 -0.0
3.0 4.0 0.0346831 -0.0
3.0 4.0 0.0293861 -0.0
3.0 4.0 0.0288569 -0.0
3.0 4.0 0.0284411 -0.0
3.0 4.0 0.0278111 -0.0
3.0 4.0 0.0319342 -0.0
3.0 4.0 0.0262856 -0.0
3.0 4.0 0.0276374 -0.0
3.0 4.0 0.0282538 -0.0
3.0 4.0 0.0302571 -0.0
3.0 4.0 0.0276998 -0.0
3.0 4.0 0.0307412 -0.994959
3.0 4.0 0.0279487 -0.0
3.0 4.0 0.0369704 -0.994959
3.0 4.0 0.0282804 -0.0
3.0 4.0 0.0337496 -0.0
3.0 4.0 0.0325723 -0.994959
3.0 4.0 0.0262667 -0.0
3.0 4.0 0.0281064 -0.0
3.0 4.0 0.0311757 -0.994959
3.0 4.0 0.0323197 -0.0
3.0 4.0 0.0280426 -0.0
3.0 4.0 0.0261479 -0.0
3.0 4.0 0.0315336 -0.0
3.0 4.0 0.0361209 -0.0
3.0 4.0 0.0363122 -1.98992
3.0 4.0 0.0323718 -0.994959
3.0 4.0 0.0303738 -0.0
3.0 4.0 0.0276459 -0.0
3.0 4.0 0.02784 -0.0
3.0 4.0 0.0264657 -0.0
3.0 4.0 0.0310967 -0.0
3.0 4.0 0.0306675 -0.994959
3.0 4.0 0.0278748 -0.0
3.0 5.0 0.0551012 -0.994959
3.0 5.0 0.065154 -0.0
3.0 5.0 0.0560777 -0.994959
3.0 5.0 0.0529329 -0.0
3.0 5.0 0.0613307 -0.0
3.0 5.0 0.0537456 -0.0
3.0 5.0 0.0567353 -0.0
3.0 5.0 0.0713116 -0.0
3.0 5.0 0.0519696 -0.0
3.0 5.0 0.0607796 -0.0
3.0 5.0 0.0527883 -0.0
3.0 5.0 0.0553557 -0.0
3.0 5.0 0.0555456 -0.0
3.0 5.0 0.0555685 -0.0
3.0 5.0 0.0549664 -0.0
3.0 5.0 0.0610811 -0.994959
3.0 5.0 0.0540116 -0.0
3.0 5.0 0.0544626 -0.0
3.0 5.0 0.0583646 -0.994959
3.0 5.0 0.0604454 -0.0
3.0 5.0 0.0597217 -0.994959
3.0 5.0 0.0580215 -0.994959
3.0 5.0 0.0566192 -0.994959
3.0 5.0 0.0568218 -0.0
3.0 5.0 0.0594707 -0.994959
3.0 5.0 0.0551037 -0.0
3.0 5.0 0.0543053 -0.0
3.0 5.0 0.0514156 -0.0
3.0 5.0 0.0568638 -0.0
3.0 5.0 0.0548883 -0.0
3.0 5.0 0.0612534 -0.994959
3.0 5.0 0.053113 -0.0
3.0 5.0 0.0578284 -0.0
3.0 5.0 0.0520722 -0.0
3.0 5.0 0.0553026 -0.994959
3.0 5.0 0.0547831 -0.0
3.0 5.0 0.0612174 -0.994959
3.0 5.0 0.0573076 -0.0
3.0 5.0 0.0507392 -0.0
3.0 5.0 0.0593772 -0.0
3.0 5.0 0.0575321 -0.994959
3.0 5.0 0.0566855 -0.0
3.0 5.0 0.0571095 -1.98992
3.0 5.0 0.0607929 -0.994959
3.0 5.0 0.0570777 -0.994959
3.0 5.0 0.0575441 -0.0
3.0 5.0 0.0582069 -0.0
3.0 5.0 0.0604526 -0.994959
3.0 5.0 0.061371 -0.994959
3.0 5.0 0.0535586 -0.0
3.0 6.0 0.0591438 -0.0
3.0 6.0 0.0564846 -0.0
3.0 6.0 0.0695814 -0.0
3.0 6.0 0.0539032 -0.0
3.0 6.0 0.0563743 -0.994959
3.0 6.0 0.0518575 -0.0
3.0 6.0 0.0547004 -0.994959
3.0 6.0 0.0570135 -0.0
3.0 6.0 0.0563521 -0.0
3.0 6.0 0.0536656 -0.0
3.0 6.0 0.0573911 -0.0
3.0 6.0 0.0541055 -0.0
3.0 6.0 0.0557692 -0.0
3.0 6.0 0.0564282 -0.994959
3.0 6.0 0.056856 -0.0
3.0 6.0 0.055416 -0.0
3.0 6.0 0.0583309 -0.0
3.0 6.0 0.0520401 -0.0
3.0 6.0 0.0575529 -0.0
3.0 6.0 0.0560596 -0.0
3.0 6.0 0.0548616 -0.994959
3.0 6.0 0.0525292 -0.994959
3.0 6.0 0.0595191 -0.0
3.0 6.0 0.0588885 -0.0
3.0 6.0 0.0529956 -0.0
3.0 6.0 0.0590768 -0.994959
3.0 6.0 0.0555593 -0.0
3.0 6.0 0.0534086 -0.0
3.0 6.0 0.0525146 -0.0
3.0 6.0 0.0623529 -0.994959
3.0 6.0 0.0619664 -0.994959
3.0 6.0 0.0594382 -0.0
3.0 6.0 0.0562618 -0.0
3.0 6.0 0.0554799 -0.0
3.0 6.0 0.0608425 -0.0
3.0 6.0 0.0612483 -0.0
3.0 6.0 0.0517303 -0.0
3.0 6.0 0.0535225 -0.0
3.0 6.0 0.0542999 -0.0
3.0 6.0 0.0526258 -0.0
3.0 6.0 0.0596322 -0.994959
3.0 6.0 0.058943 -0.0
3.0 6.0 0.0577188 -0.994959
3.0 6.0 0.0547471 -0.994959
3.0 6.0 0.0547181 -0.0
3.0 6.0 0.0621392 -0.994959
3.0 6.0 0.0558063 -0.0
3.0 6.0 0.0591526 -0.0
3.0 6.0 0.0542824 -0.0
3.0 6.0 0.0572929 -0.0
3.0 7.0 0.0528931 -0.994959
3.0 7.0 0.0510248 -0.0
3.0 7.0 0.051277 -0.0
3.0 7.0 0.0569091 -0.994959
3.0 7.0 0.0531685 -0.994959
3.0 7.0 0.0552763 -0.0
3.0 7.0 0.0532626 -0.994959
3.0 7.0 0.0547291 -0.0
3.0 7.0 0.0531644 -0.0
3.0 7.0 0.0546537 -0.0
3.0 7.0 0.0533664 -0.994959
3.0 7.0 0.0524962 -0.0
3.0 7.0 0.052582 -0.0
3.0 7.0 0.0536217 -0.0
3.0 7.0 0.0522365 -0.0
3.0 7.0 0.0545263 -0.0
3.0 7.0 0.0514795 -0.0
3.0 7.0 0.0531182 -0.0
3.0 7.0 0.0420162 -0.0
3.0 7.0 0.0557328 -0.0
3.0 7.0 0.0600486 -1.98992
3.0 7.0 0.0536264 -0.0
3.0 7.0 0.054787 -0.0
3.0 7.0 0.0552254 -0.994959
3.0 7.0 0.053835 -0.0
3.0 7.0 0.0515419 -0.0
3.0 7.0 0.0579437 -0.994959
3.0 7.0 0.049463 -0.0
3.0 7.0 0.0507589 -0.0
3.0 7.0 0.0543025 -0.994959
3.0 7.0 0.0422016 -0.0
3.0 7.0 0.0438368 -1.98992
3.0 7.0 0.0531688 -0.0
3.0 7.0 0.0517606 -0.0
3.0 7.0 0.0561244 -0.0
3.0 7.0 0.0555734 -0.994959
3.0 7.0 0.0487272 -0.0
3.0 7.0 0.0532864 -0.994959
3.0 7.0 0.0417428 -0.0
3.0 7.0 0.0521209 -0.0
3.0 7.0 0.0533902 -0.0
3.0 7.0 0.0491283 -0.0
3.0 7.0 0.049758 -0.0
3.0 7.0 0.0529675 -0.0
3.0 7.0 0.0553847 -0.994959
3.0 7.0 0.0534772 -0.0
3.0 7.0 0.0526434 -0.0
3.0 7.0 0.0474659 -0.0
3.0 7.0 0.0445964 -0.0
3.0 7.0 0.0538024 -0.994959
4.0 1.0 0.303849 99.9951
4.0 1.0 0.323753 99.9633
4.0 1.0 0.344851 99.9669
4.0 1.0 0.345873 99.9633
4.0 1.0 0.30981 99.9966
4.0 1.0 0.339954 99.9851
4.0 1.0 0.306078 99.9613
4.0 1.0 0.343848 99.969
4.0 1.0 0.327848 99.9743
4.0 1.0 0.331297 99.9851
4.0 1.0 0.319606 99.9934
4.0 1.0 0.36996 99.9669
4.0 1.0 0.317357 99.9832
4.0 1.0 0.317653 99.9851
4.0 1.0 0.334197 99.9851
4.0 1.0 0.313578 99.9633
4.0 1.0 0.332544 99.9724
4.0 1.0 0.324775 99.9763
4.0 1.0 0.331321 99.9515
4.0 1.0 0.355144 99.9883
4.0 1.0 0.325177 99.9977
4.0 1.0 0.33556 99.9944
4.0 1.0 0.328701 99.9972
4.0 1.0 0.325287 99.964
4.0 1.0 0.318422 99.9829
4.0 1.0 0.35047 99.9801
4.0 1.0 0.286391 99.9762
4.0 1.0 0.353378 99.9928
4.0 1.0 0.292116 99.9932
4.0 1.0 0.333165 99.9931
4.0 1.0 0.317025 99.992
4.0 1.0 0.311293 99.9851
4.0 1.0 0.323065 99.9851
4.0 1.0 0.319477 99.9849
4.0 1.0 0.358113 99.999
4.0 1.0 0.332804 99.9851
4.0 1.0 0.337237 99.9851
4.0 1.0 0.322793 99.9923
4.0 1.0 0.330868 99.9996
4.0 1.0 0.30824 99.9523
4.0 1.0 0.301567 99.9946
4.0 1.0 0.334857 99.9799
4.0 1.0 0.316953 99.9827
4.0 1.0 0.323386 99.9851
4.0 1.0 0.322644 99.9891
4.0 1.0 0.341638 99.9499
4.0 1.0 0.32426 99.9848
4.0 1.0 0.332017 99.9876
4.0 1.0 0.304154 99.9642
4.0 1.0 0.314521 99.9822
4.0 2.0 0.182252 99.9403
4.0 2.0 0.168455 99.9655
4.0 2.0 0.169894 99.9156
4.0 2.0 0.170928 99.9439
4.0 2.0 0.169421 99.9534
4.0 2.0 0.172594 99.9788
4.0 2.0 0.176654 99.9703
4.0 2.0 0.182497 99.9297
4.0 2.0 0.178414 99.9816
4.0 2.0 0.182946 99.9744
4.0 2.0 0.186508 99.9613
4.0 2.0 0.179665 99.914
4.0 2.0 0.162665 99.9787
4.0 2.0 0.172201 99.992
4.0 2.0 0.182798 99.924
4.0 2.0 0.199539 99.9752
4.0 2.0 0.18752 99.9816
4.0 2.0 0.190863 99.924
4.0 2.0 0.188319 99.9961
4.0 2.0 0.175749 99.9991
4.0 2.0 0.179489 99.9609
4.0 2.0 0.174256 99.9852
4.0 2.0 0.18204 99.9973
4.0 2.0 0.167106 99.9803
4.0 2.0 0.170114 99.9965
4.0 2.0 0.174746 99.9738
4.0 2.0 0.164067 99.968
4.0 2.0 0.17575 99.9816
4.0 2.0 0.159579 99.9389
4.0 2.0 0.169023 99.9803
4.0 2.0 0.173816 99.9905
4.0 2.0 0.186685 99.9515
4.0 2.0 0.183994 99.9843
4.0 2.0 0.170037 99.9661
4.0 2.0 0.184624 99.9879
4.0 2.0 0.186047 99.9811
4.0 2.0 0.17721 99.9431
4.0 2.0 0.168427 99.9877
4.0 2.0 0.180684 99.95
4.0 2.0 0.17877 99.9797
4.0 2.0 0.171233 99.9367
4.0 2.0 0.182083 99.9588
4.0 2.0 0.16712 99.9872
4.0 2.0 0.178022 99.9856
4.0 2.0 0.176242 99.964
4.0 2.0 0.170705 99.9716
4.0 2.0 0.1703 99.9494
4.0 2.0 0.17683 99.9949
4.0 2.0 0.16779 99.9435
4.0 2.0 0.177417 99.9915
4.0 3.0 0.132905 99.9782
4.0 3.0 0.135247 99.9156
4.0 3.0 0.130171 99.9468
4.0 3.0 0.13312 99.9752
4.0 3.0 0.134684 99.9762
4.0 3.0 0.128107 99.9885
4.0 3.0 0.126007 99.9838
4.0 3.0 0.128399 99.9515
4.0 3.0 0.130711 99.9776
4.0 3.0 0.125438 99.924
4.0 3.0 0.126784 99.9846
4.0 3.0 0.126353 99.9913
4.0 3.0 0.128246 99.9802
4.0 3.0 0.131398 99.9067
4.0 3.0 0.140008 99.9515
4.0 3.0 0.122463 99.9323
4.0 3.0 0.124903 99.9637
4.0 3.0 0.142254 99.9515
4.0 3.0 0.13454 99.9653
4.0 3.0 0.128394 99.975
4.0 3.0 0.124411 99.9612
4.0 3.0 0.137849 99.9515
4.0 3.0 0.127924 99.9222
4.0 3.0 0.130185 99.9943
4.0 3.0 0.133072 99.9515
4.0 3.0 0.125399 99.9621
4.0 3.0 0.127495 99.9371
4.0 3.0 0.130688 99.8922
4.0 3.0 0.149364 99.9373
4.0 3.0 0.12648 99.9278
4.0 3.0 0.128212 99.9882
4.0 3.0 0.126621 99.9752
4.0 3.0 0.139274 99.9579
4.0 3.0 0.128098 99.9048
4.0 3.0 0.129414 99.9223
4.0 3.0 0.12857 99.942
4.0 3.0 0.124625 99.9546
4.0 3.0 0.131208 99.9821
4.0 3.0 0.131076 99.9508
4.0 3.0 0.127451 99.9925
4.0 3.0 0.129138 99.9546
4.0 3.0 0.136693 99.968
4.0 3.0 0.13006 99.9762
4.0 3.0 0.126834 99.9833
4.0 3.0 0.133819 99.9953
4.0 3.0 0.128181 99.9515
4.0 3.0 0.124295 99.9886
4.0 3.0 0.130892 99.9519
4.0 3.0 0.123631 99.924
4.0 3.0 0.135873 99.9515
4.0 4.0 0.0981203 99.9694
4.0 4.0 0.101296 99.9546
4.0 4.0 0.102627 99.8928
4.0 4.0 0.103165 99.9455
4.0 4.0 0.10275 99.9442
4.0 4.0 0.102164 99.9515
4.0 4.0 0.0998903 99.9546
4.0 4.0 0.103532 99.9962
4.0 4.0 0.102349 99.9546
4.0 4.0 0.0989195 99.9622
4.0 4.0 0.100793 99.9872
4.0 4.0 0.0978314 99.9789
4.0 4.0 0.103502 99.9515
4.0 4.0 0.102888 99.9862
4.0 4.0 0.0975676 99.9589
4.0 4.0 0.0973349 99.8613
4.0 4.0 0.10515 99.9277
4.0 4.0 0.107061 99.8458
4.0 4.0 0.0998186 99.9678
4.0 4.0 0.105733 99.9546
4.0 4.0 0.104581 99.9752
4.0 4.0 0.104109 99.9752
4.0 4.0 0.0959469 99.924
4.0 4.0 0.101073 99.9752
4.0 4.0 0.105903 99.9285
4.0 4.0 0.100735 99.9871
4.0 4.0 0.098524 99.8613
4.0 4.0 0.104292 99.9633
4.0 4.0 0.102583 99.8322
4.0 4.0 0.0989193 99.992
4.0 4.0 0.107905 99.9722
4.0 4.0 0.098571 99.9515
4.0 4.0 0.0988431 99.9762
4.0 4.0 0.100123 99.9957
4.0 4.0 0.100737 99.9912
4.0 4.0 0.127591 99.9229
4.0 4.0 0.101493 99.9976
4.0 4.0 0.105402 99.9241
4.0 4.0 0.101834 99.9873
4.0 4.0 0.103045 99.8696
4.0 4.0 0.0995326 99.9546
4.0 4.0 0.100911 99.96
4.0 4.0 0.101243 99.8834
4.0 4.0 0.103378 99.9977
4.0 4.0 0.103612 99.9779
4.0 4.0 0.10141 99.9752
4.0 4.0 0.100278 99.9762
4.0 4.0 0.10534 99.9546
4.0 4.0 0.0981358 99.94
4.0 4.0 0.100388 99.9931
4.0 5.0 0.187665 99.9515
4.0 5.0 0.165494 99.8628
4.0 5.0 0.168086 99.9709
4.0 5.0 0.175032 99.9762
4.0 5.0 0.165339 99.9785
4.0 5.0 0.178137 99.9608
4.0 5.0 0.163436 99.9515
4.0 5.0 0.168814 99.9515
4.0 5.0 0.160724 99.9301
4.0 5.0 0.185463 99.9774
4.0 5.0 0.180964 99.9515
4.0 5.0 0.172168 99.9816
4.0 5.0 0.172308 99.8699
4.0 5.0 0.179985 99.9762
4.0 5.0 0.17787 99.7422
4.0 5.0 0.190426 99.9048
4.0 5.0 0.177207 99.9719
4.0 5.0 0.179977 99.9664
4.0 5.0 0.179232 99.9782
4.0 5.0 0.171061 99.978
4.0 5.0 0.186813 99.9105
4.0 5.0 0.178447 99.9515
4.0 5.0 0.172907 99.9767
4.0 5.0 0.180766 99.988
4.0 5.0 0.172431 99.9799
4.0 5.0 0.16761 99.9882
4.0 5.0 0.174112 99.8802
4.0 5.0 0.168782 99.9752
4.0 5.0 0.170697 99.9842
4.0 5.0 0.174622 99.9913
4.0 5.0 0.175658 99.9048
4.0 5.0 0.175942 99.879
4.0 5.0 0.176554 99.9437
4.0 5.0 0.189479 99.9156
4.0 5.0 0.173579 99.9914
4.0 5.0 0.196613 99.9515
4.0 5.0 0.18072 99.9762
4.0 5.0 0.163149 99.9873
4.0 5.0 0.186387 99.9851
4.0 5.0 0.163071 99.9847
4.0 5.0 0.166458 99.9454
4.0 5.0 0.181396 99.9515
4.0 5.0 0.174664 99.9752
4.0 5.0 0.167508 99.9546
4.0 5.0 0.18045 99.9595
4.0 5.0 0.179011 99.9546
4.0 5.0 0.178575 99.9502
4.0 5.0 0.180598 99.9762
4.0 5.0 0.181318 99.9762
4.0 5.0 0.179672 99.8976
4.0 6.0 0.158429 99.971
4.0 6.0 0.161699 99.9039
4.0 6.0 0.170371 99.9515
4.0 6.0 0.148329 99.9212
4.0 6.0 0.162208 99.9752
4.0 6.0 0.158981 99.9546
4.0 6.0 0.168913 99.9888
4.0 6.0 0.157766 99.9808
4.0 6.0 0.163365 99.9861
4.0 6.0 0.169876 99.9655
4.0 6.0 0.169347 99.9755
4.0 6.0 0.150104 99.9546
4.0 6.0 0.16105 99.9515
4.0 6.0 0.175085 99.9048
4.0 6.0 0.156815 99.9894
4.0 6.0 0.159284 99.9752
4.0 6.0 0.152765 99.9752
4.0 6.0 0.170827 99.9985
4.0 6.0 0.159836 99.9834
4.0 6.0 0.164443 99.8831
4.0 6.0 0.17194 99.9673
4.0 6.0 0.164578 99.9592
4.0 6.0 0.164461 99.9868
4.0 6.0 0.174485 99.9515
4.0 6.0 0.168653 99.9949
4.0 6.0 0.167172 99.9366
4.0 6.0 0.157852 99.9479
4.0 6.0 0.16507 99.9752
4.0 6.0 0.168564 99.9583
4.0 6.0 0.155484 99.9919
4.0 6.0 0.172864 99.9752
4.0 6.0 0.159485 99.9546
4.0 6.0 0.158568 99.9752
4.0 6.0 0.163173 99.924
4.0 6.0 0.166802 99.9773
4.0 6.0 0.160652 99.9761
4.0 6.0 0.166509 99.9515
4.0 6.0 0.16648 99.973
4.0 6.0 0.148942 99.9002
4.0 6.0 0.158097 99.9773
4.0 6.0 0.153665 99.9848
4.0 6.0 0.162751 99.9746
4.0 6.0 0.160615 99.9587
4.0 6.0 0.165032 99.8423
4.0 6.0 0.164266 99.9958
4.0 6.0 0.170621 99.9901
4.0 6.0 0.169747 99.824
4.0 6.0 0.16486 99.9546
4.0 6.0 0.169384 99.9231
4.0 6.0 0.175146 99.989
4.0 7.0 0.156263 99.9752
4.0 7.0 0.144809 99.89
4.0 7.0 0.137968 99.9409
4.0 7.0 0.780499 99.9762
4.0 7.0 0.140562 99.9846
4.0 7.0 0.15115 99.9762
4.0 7.0 0.537549 99.9752
4.0 7.0 0.520892 99.9762
4.0 7.0 0.148968 99.9809
4.0 7.0 0.157796 99.9704
4.0 7.0 0.135032 99.9752
4.0 7.0 0.147745 99.9447
4.0 7.0 0.141389 99.9388
4.0 7.0 0.141553 99.9783
4.0 7.0 0.13871 99.9172
4.0 7.0 0.173159 99.9515
4.0 7.0 0.140603 99.8774
4.0 7.0 0.138189 99.9546
4.0 7.0 0.730654 99.9048
4.0 7.0 0.141829 99.9407
4.0 7.0 0.14728 99.9068
4.0 7.0 0.159175 99.9641
4.0 7.0 0.141131 99.9156
4.0 7.0 0.156336 99.9515
4.0 7.0 0.143501 99.9515
4.0 7.0 0.141266 99.8612
4.0 7.0 0.516907 99.9254
4.0 7.0 0.145444 99.964
4.0 7.0 0.143079 99.9479
4.0 7.0 0.143965 99.982
4.0 7.0 0.142429 99.9671
4.0 7.0 0.137678 99.9752
4.0 7.0 0.530075 99.9877
4.0 7.0 0.571308 99.9647
4.0 7.0 0.137438 99.9752
4.0 7.0 0.134228 99.8826
4.0 7.0 0.141133 99.9123
4.0 7.0 0.147308 99.9096
4.0 7.0 0.142406 99.9048
4.0 7.0 0.162948 99.9752
4.0 7.0 0.136549 99.9546
4.0 7.0 0.141126 99.8653
4.0 7.0 0.146883 99.8738
4.0 7.0 0.599679 99.9657
4.0 7.0 0.14343 99.9733
4.0 7.0 0.142636 99.9921
4.0 7.0 0.147515 99.9036
4.0 7.0 0.141732 99.8628
4.0 7.0 0.140984 99.9762
4.0 7.0 0.134805 99.9762
5.0 1.0 55.6105 -21.0462
5.0 1.0 55.5384 -20.9406
5.0 1.0 55.4695 -21.0462
5.0 1.0 55.255 -20.9406
5.0 1.0 55.4142 -20.797
5.0 1.0 55.0418 -20.9406
5.0 1.0 55.0358 -20.9406
5.0 1.0 55.4233 -21.0462
5.0 1.0 55.4956 -20.9406
5.0 1.0 55.137 -21.0462
5.0 1.0 55.1731 -20.9406
5.0 1.0 55.7263 -20.797
5.0 1.0 55.564 -20.9406
5.0 1.0 55.2569 -20.9406
5.0 1.0 55.145 -20.9406
5.0 1.0 55.1441 -20.797
5.0 1.0 55.1357 -20.9406
5.0 1.0 55.9309 -20.9406
5.0 1.0 55.4135 -20.9406
5.0 1.0 55.214 -20.9406
5.0 1.0 59.3256 -20.9406
5.0 1.0 55.4583 -21.0462
5.0 1.0 55.102 -21.0462
5.0 1.0 55.5189 -20.9406
5.0 1.0 55.5425 -20.797
5.0 1.0 55.1806 -20.9406
5.0 1.0 55.7835 -20.797
5.0 1.0 55.4027 -20.9406
5.0 1.0 55.1671 -20.9406
5.0 1.0 55.5788 -21.0462
5.0 1.0 55.3561 -20.9406
5.0 1.0 55.0407 -21.0462
5.0 1.0 55.4417 -20.9406
5.0 1.0 55.4756 -20.9406
5.0 1.0 55.2432 -20.9406
5.0 1.0 55.5447 -20.9406
5.0 1.0 55.2473 -20.9406
5.0 1.0 55.1407 -21.0462
5.0 1.0 54.96 -20.9406
5.0 1.0 55.8649 -20.797
5.0 1.0 55.2171 -20.9406
5.0 1.0 55.1186 -21.0462
5.0 1.0 55.7783 -20.797
5.0 1.0 55.87 -20.797
5.0 1.0 55.1408 -21.0462
5.0 1.0 55.7181 -20.797
5.0 1.0 55.1272 -20.9406
5.0 1.0 55.3393 -20.9406
5.0 1.0 55.4866 -20.9406
5.0 1.0 56.0506 -20.797
5.0 2.0 27.5353 -21.0462
5.0 2.0 27.8956 -21.0462
5.0 2.0 27.8979 -21.0462
5.0 2.0 27.9462 -20.9406
5.0 2.0 27.8558 -21.0462
5.0 2.0 27.8758 -20.9406
5.0 2.0 28.0787 -20.9406
5.0 2.0 27.5581 -21.0462
5.0 2.0 28.0726 -20.797
5.0 2.0 27.8128 -21.0462
5.0 2.0 27.5682 -20.9406
5.0 2.0 28.0002 -21.0462
5.0 2.0 27.8917 -21.0462
5.0 2.0 27.7787 -20.9406
5.0 2.0 28.0808 -20.9406
5.0 2.0 27.9102 -20.9406
5.0 2.0 27.8393 -21.0462
5.0 2.0 27.7711 -20.797
5.0 2.0 27.8253 -21.0462
5.0 2.0 27.8778 -20.797
5.0 2.0 27.9054 -20.9406
5.0 2.0 27.5366 -21.0462
5.0 2.0 27.9385 -21.0462
5.0 2.0 29.0794 -21.0462
5.0 2.0 28.923 -21.0462
5.0 2.0 27.8729 -21.0462
5.0 2.0 27.5343 -21.0462
5.0 2.0 27.5736 -20.9406
5.0 2.0 27.8673 -20.9406
5.0 2.0 27.5847 -20.9406
5.0 2.0 27.862 -21.0462
5.0 2.0 27.545 -20.9406
5.0 2.0 27.5923 -21.0462
5.0 2.0 27.8331 -20.9406
5.0 2.0 27.5186 -20.9406
5.0 2.0 29.0509 -20.797
5.0 2.0 28.0676 -20.9406
5.0 2.0 28.0618 -20.9406
5.0 2.0 27.5372 -20.9406
5.0 2.0 27.8992 -21.0462
5.0 2.0 27.854 -21.0462
5.0 2.0 27.575 -20.9406
5.0 2.0 27.8851 -21.0462
5.0 2.0 27.5377 -20.9406
5.0 2.0 27.5794 -21.0462
5.0 2.0 27.7806 -21.0462
5.0 2.0 27.8573 -20.9406
5.0 2.0 27.8415 -21.0462
5.0 2.0 28.0885 -20.9406
5.0 2.0 27.7084 -20.797
5.0 3.0 18.9041 -20.9406
5.0 3.0 18.9443 -20.9406
5.0 3.0 18.9576 -20.797
5.0 3.0 18.8335 -20.9406
5.0 3.0 20.5912 -21.1828
5.0 3.0 18.8401 -20.9406
5.0 3.0 19.1494 -20.797
5.0 3.0 19.1897 -20.797
5.0 3.0 19.1497 -20.797
5.0 3.0 18.8035 -21.0462
5.0 3.0 18.8684 -20.9406
5.0 3.0 18.8484 -20.9406
5.0 3.0 18.8997 -20.9406
5.0 3.0 18.8395 -21.0462
5.0 3.0 18.9024 -21.0462
5.0 3.0 18.8377 -20.9406
5.0 3.0 20.5627 -20.9406
5.0 3.0 18.8994 -20.9406
5.0 3.0 18.8579 -20.9406
5.0 3.0 18.9149 -20.9406
5.0 3.0 18.9553 -21.0462
5.0 3.0 18.8503 -20.9406
5.0 3.0 19.1899 -20.797
5.0 3.0 18.8386 -20.9406
5.0 3.0 18.8687 -20.9406
5.0 3.0 19.1532 -20.797
5.0 3.0 18.9814 -20.797
5.0 3.0 18.8946 -21.0462
5.0 3.0 18.8224 -20.9406
5.0 3.0 18.8415 -21.0462
5.0 3.0 18.8593 -20.9406
5.0 3.0 19.1597 -20.797
5.0 3.0 18.9404 -21.0462
5.0 3.0 18.8289 -21.0462
5.0 3.0 18.9279 -21.0462
5.0 3.0 18.9476 -21.0462
5.0 3.0 18.7971 -20.9406
5.0 3.0 18.8268 -21.0462
5.0 3.0 18.8983 -21.0462
5.0 3.0 19.1773 -20.797
5.0 3.0 19.1764 -20.797
5.0 3.0 20.6217 -20.9406
5.0 3.0 18.8764 -21.1628
5.0 3.0 18.8437 -20.9406
5.0 3.0 18.8889 -21.0462
5.0 3.0 20.7355 -20.9406
5.0 3.0 18.8651 -20.9406
5.0 3.0 18.8382 -21.0462
5.0 3.0 19.1489 -20.797
5.0 3.0 18.8273 -20.9406
5.0 4.0 14.0517 -20.9406
5.0 4.0 14.0629 -20.797
5.0 4.0 14.036 -21.0462
5.0 4.0 14.0771 -20.9406
5.0 4.0 13.994 -20.9406
5.0 4.0 13.9705 -20.9406
5.0 4.0 14.0311 -21.0462
5.0 4.0 14.1396 -21.0462
5.0 4.0 13.9938 -21.0462
5.0 4.0 14.0997 -21.0462
5.0 4.0 14.0991 -21.0462
5.0 4.0 13.8614 -21.0462
5.0 4.0 13.8538 -20.9406
5.0 4.0 14.1029 -20.797
5.0 4.0 13.8425 -20.9406
5.0 4.0 14.1255 -21.0462
5.0 4.0 14.0322 -21.0462
5.0 4.0 14.0423 -21.0462
5.0 4.0 13.8633 -21.0462
5.0 4.0 14.0508 -20.7972
5.0 4.0 13.8489 -20.9406
5.0 4.0 14.0072 -21.0462
5.0 4.0 14.0285 -21.1628
5.0 4.0 13.8532 -20.9406
5.0 4.0 14.0046 -21.0462
5.0 4.0 13.8803 -20.9406
5.0 4.0 14.0373 -21.0462
5.0 4.0 13.8425 -20.9406
5.0 4.0 13.8404 -20.9406
5.0 4.0 13.9775 -20.797
5.0 4.0 13.8371 -20.9406
5.0 4.0 13.87 -20.9406
5.0 4.0 14.0616 -20.9406
5.0 4.0 14.0708 -20.9406
5.0 4.0 14.0314 -21.0462
5.0 4.0 14.1089 -20.9406
5.0 4.0 13.8676 -20.9406
5.0 4.0 14.1123 -20.797
5.0 4.0 13.8477 -21.0462
5.0 4.0 13.9983 -20.9406
5.0 4.0 14.0093 -21.0462
5.0 4.0 13.8476 -21.0462
5.0 4.0 13.8415 -20.9406
5.0 4.0 13.8468 -20.9406
5.0 4.0 14.0592 -20.9406
5.0 4.0 14.0618 -21.1828
5.0 4.0 14.051 -20.7985
5.0 4.0 13.8722 -20.9406
5.0 4.0 14.0708 -20.9406
5.0 4.0 13.9642 -21.0462
5.0 5.0 11.308 -21.0462
5.0 5.0 12.0199 -21.0462
5.0 5.0 12.53 -20.797
5.0 5.0 12.2154 -21.1628
5.0 5.0 12.255 -21.0462
5.0 5.0 12.4297 -21.0462
5.0 5.0 11.1644 -21.0462
5.0 5.0 12.3783 -20.9406
5.0 5.0 12.3912 -20.9406
5.0 5.0 12.429 -20.9406
5.0 5.0 11.3562 -20.797
5.0 5.0 12.3126 -21.1828
5.0 5.0 11.2839 -21.0462
5.0 5.0 12.3204 -20.9406
5.0 5.0 11.2864 -20.9406
5.0 5.0 11.2527 -21.0462
5.0 5.0 12.2559 -21.0462
5.0 5.0 12.4484 -21.0462
5.0 5.0 12.1358 -20.9406
5.0 5.0 12.1958 -21.0462
5.0 5.0 12.1993 -20.9406
5.0 5.0 12.4357 -21.1628
5.0 5.0 11.1639 -20.9406
5.0 5.0 11.2439 -20.9406
5.0 5.0 12.3062 -21.0462
5.0 5.0 12.4201 -21.0462
5.0 5.0 12.3238 -21.1628
5.0 5.0 12.2789 -21.0462
5.0 5.0 11.6387 -21.0462
5.0 5.0 12.2739 -20.9406
5.0 5.0 12.0712 -20.9406
5.0 5.0 11.1934 -20.797
5.0 5.0 12.4342 -21.0462
5.0 5.0 12.0503 -21.0462
5.0 5.0 12.243 -21.0462
5.0 5.0 12.3639 -20.9406
5.0 5.0 11.3338 -20.9406
5.0 5.0 12.4118 -20.9406
5.0 5.0 12.2875 -20.9406
5.0 5.0 11.2925 -21.0462
5.0 5.0 12.2449 -20.9406
5.0 5.0 11.2209 -20.9406
5.0 5.0 11.3083 -21.0462
5.0 5.0 11.2008 -20.797
5.0 5.0 11.3089 -20.9406
5.0 5.0 11.2854 -21.0462
5.0 5.0 12.592 -20.797
5.0 5.0 11.1672 -21.2268
5.0 5.0 12.3226 -21.0462
5.0 5.0 11.4635 -20.9406
5.0 6.0 12.3742 -21.0462
5.0 6.0 11.8684 -21.0462
5.0 6.0 11.0461 -21.0462
5.0 6.0 11.9287 -20.9406
5.0 6.0 11.1206 -20.9406
5.0 6.0 11.4213 -20.797
5.0 6.0 11.8329 -20.9406
5.0 6.0 11.8012 -21.0462
5.0 6.0 11.1201 -21.0462
5.0 6.0 11.3604 -20.9406
5.0 6.0 11.8746 -21.0462
5.0 6.0 11.9865 -21.0462
5.0 6.0 12.3445 -20.797
5.0 6.0 11.9998 -21.0462
5.0 6.0 11.8492 -21.0462
5.0 6.0 11.132 -21.0462
5.0 6.0 12.1591 -20.9406
5.0 6.0 12.0016 -20.9406
5.0 6.0 11.8597 -20.9406
5.0 6.0 11.1518 -21.0462
5.0 6.0 11.9634 -20.7977
5.0 6.0 11.1753 -20.9406
5.0 6.0 11.1334 -21.0462
5.0 6.0 11.1463 -21.0462
5.0 6.0 11.1598 -20.7978
5.0 6.0 11.8339 -20.9406
5.0 6.0 11.8059 -20.9406
5.0 6.0 11.9232 -21.0462
5.0 6.0 12.001 -20.9406
5.0 6.0 11.234 -20.797
5.0 6.0 11.1961 -20.797
5.0 6.0 11.9695 -20.797
5.0 6.0 11.0916 -20.9406
5.0 6.0 11.8144 -21.0462
5.0 6.0 11.8935 -20.9406
5.0 6.0 11.1463 -20.9406
5.0 6.0 12.0096 -20.9406
5.0 6.0 12.3474 -21.0462
5.0 6.0 12.0059 -21.0462
5.0 6.0 11.1598 -21.1828
5.0 6.0 11.9305 -20.9406
5.0 6.0 11.9031 -21.0462
5.0 6.0 11.7469 -20.9406
5.0 6.0 11.1265 -20.9406
5.0 6.0 12.1236 -21.0462
5.0 6.0 11.9682 -20.797
5.0 6.0 11.9063 -21.0462
5.0 6.0 12.4029 -20.9406
5.0 6.0 11.8374 -20.9406
5.0 6.0 12.2996 -21.0462
5.0 6.0 12.2996 -21.0462
5.0 6.0 12.2996 -21.0462
5.0 6.0 12.2996 -21.0462
5.0 6.0 12.2996 -21.0462
5.0 6.0 12.2996 -21.0462
5.0 6.0 12.2996 -21.0462
5.0 6.0 12.2996 -21.0462
5.0 6.0 12.2996 -21.0462
5.0 6.0 12.2996 -21.0462
5.0 6.0 12.2996 -21.0462
5.0 6.0 12.2996 -21.0462
5.0 6.0 12.2996 -21.0462
5.0 6.0 12.2996 -21.0462
5.0 6.0 12.2996 -21.0462
5.0 6.0 12.2996 -21.0462
5.0 6.0 12.2996 -21.0462
5.0 6.0 12.2996 -21.0462
5.0 6.0 12.2996 -21.0462
5.0 6.0 12.2996 -21.0462
5.0 6.0 12.2996 -21.0462
5.0 6.0 12.2996 -21.0462
5.0 6.0 12.2996 -21.0462
5.0 6.0 12.2996 -21.0462
5.0 6.0 12.2996 -21.0462
5.0 6.0 12.2996 -21.0462
5.0 6.0 12.2996 -21.0462
5.0 6.0 12.2996 -21.0462
5.0 6.0 12.2996 -21.0462
5.0 6.0 12.2996 -21.0462
5.0 6.0 12.2996 -21.0462
5.0 6.0 12.2996 -21.0462
5.0 6.0 12.2996 -21.0462
5.0 6.0 12.2996 -21.0462
5.0 6.0 12.2996 -21.0462
5.0 6.0 12.2996 -21.0462
5.0 6.0 12.2996 -21.0462
5.0 6.0 12.2996 -21.0462
5.0 6.0 12.2996 -21.0462
5.0 6.0 12.2996 -21.0462
5.0 6.0 12.2996 -21.0462
5.0 6.0 12.2996 -21.0462
5.0 6.0 12.2996 -21.0462
5.0 6.0 12.2996 -21.0462
5.0 6.0 12.2996 -21.0462
5.0 6.0 12.2996 -21.0462
5.0 6.0 12.2996 -21.0462
5.0 6.0 12.2996 -21.0462
5.0 6.0 12.2996 -21.0462
5.0 6.0 12.2996 -21.0462
5.0 6.0 12.2996 -21.0462
