0.0 1.0 0.0758797 -0.0
0.0 1.0 0.0803521 -0.0
0.0 1.0 0.064847 -0.0
0.0 1.0 0.0729258 -0.0
0.0 1.0 0.119276 -0.00739604
0.0 1.0 0.0759977 -0.0
0.0 1.0 0.116413 -0.00739604
0.0 1.0 0.069041 -0.0
0.0 1.0 0.0617572 -0.0
0.0 1.0 0.12316 -0.00739604
0.0 1.0 0.0642196 -0.0
0.0 1.0 0.0751769 -0.0
0.0 1.0 0.111369 -0.00739604
0.0 1.0 0.119004 -0.00739604
0.0 1.0 0.0647405 -0.0
0.0 1.0 0.0636159 -0.0
0.0 1.0 0.116924 -0.00739604
0.0 1.0 0.06377 -0.0
0.0 1.0 0.0710564 -0.0
0.0 1.0 0.0578889 -0.0
0.0 1.0 0.078439 -0.0
0.0 1.0 0.061293 -0.0
0.0 1.0 0.0608828 -0.0
0.0 1.0 0.0657068 -0.0
0.0 1.0 0.130802 -0.00739604
0.0 1.0 0.0769614 -0.0
0.0 1.0 0.113167 -0.00739604
0.0 1.0 0.0792181 -0.0
0.0 1.0 0.0638676 -0.0
0.0 1.0 0.0756965 -0.0
0.0 1.0 0.0632698 -0.0
0.0 1.0 0.0713094 -0.0
0.0 1.0 0.0656393 -0.0
0.0 1.0 0.059308 -0.0
0.0 1.0 0.111392 -0.00739604
0.0 1.0 0.12709 -0.00739604
0.0 1.0 0.0591642 -0.0
0.0 1.0 0.0743659 -0.0
0.0 1.0 0.0732015 -0.0
0.0 1.0 0.0719498 -0.0
0.0 1.0 0.110486 -0.00739604
0.0 1.0 0.0737892 -0.0
0.0 1.0 0.117831 -0.00739604
0.0 1.0 0.101785 -0.0
0.0 1.0 0.0675108 -0.0
0.0 1.0 0.112061 -0.00739604
0.0 1.0 0.0591103 -0.0
0.0 1.0 0.0597863 -0.0
0.0 1.0 0.0661328 -0.0
0.0 1.0 0.132708 -0.00739604
0.0 2.0 0.0453049 -0.0
0.0 2.0 0.0431923 -0.0
0.0 2.0 0.0413389 -0.0
0.0 2.0 0.0405597 -0.0
0.0 2.0 0.0417635 -0.0
0.0 2.0 0.0394662 -0.0
0.0 2.0 0.0640946 -0.00739604
0.0 2.0 0.0409506 -0.0
0.0 2.0 0.065643 -0.00739604
0.0 2.0 0.055131 -0.00986467
0.0 2.0 0.0352049 -0.0
0.0 2.0 0.0400036 -0.0
0.0 2.0 0.0700053 -0.00739604
0.0 2.0 0.0355005 -0.0
0.0 2.0 0.0646949 -0.00739604
0.0 2.0 0.0382895 -0.0
0.0 2.0 0.0549675 -0.0
0.0 2.0 0.035339 -0.0
0.0 2.0 0.063762 -0.00739604
0.0 2.0 0.0640464 -0.00739604
0.0 2.0 0.0722067 -0.00739604
0.0 2.0 0.0399427 -0.0
0.0 2.0 0.0415291 -0.0
0.0 2.0 0.0650055 -0.00739604
0.0 2.0 0.060364 -0.00739604
0.0 2.0 0.0447349 -0.0
0.0 2.0 0.0353146 -0.0
0.0 2.0 0.06344 -0.00739604
0.0 2.0 0.0445433 -0.0
0.0 2.0 0.0355301 -0.0
0.0 2.0 0.0353032 -0.0
0.0 2.0 0.0426654 -0.0
0.0 2.0 0.0612173 -0.00739604
0.0 2.0 0.0610886 -0.00739604
0.0 2.0 0.0345183 -0.0
0.0 2.0 0.0608634 -0.00739604
0.0 2.0 0.0412675 -0.0
0.0 2.0 0.0476482 -0.0
0.0 2.0 0.0654632 -0.00739604
0.0 2.0 0.0413665 -0.0
0.0 2.0 0.0394079 -0.0
0.0 2.0 0.0647023 -0.00739604
0.0 2.0 0.0391238 -0.0
0.0 2.0 0.0643164 -0.00739604
0.0 2.0 0.0403731 -0.0
0.0 2.0 0.0643956 -0.00739604
0.0 2.0 0.0396568 -0.0
0.0 2.0 0.0498948 -0.0
0.0 2.0 0.0410133 -0.0
0.0 2.0 0.0608164 -0.00739604
0.0 3.0 0.0293364 -0.0
0.0 3.0 0.0324541 -0.0
0.0 3.0 0.0345586 -0.0
0.0 3.0 0.0289375 -0.0
0.0 3.0 0.0315089 -0.0
0.0 3.0 0.048132 -0.00739604
0.0 3.0 0.0293738 -0.0
0.0 3.0 0.0334724 -0.0
0.0 3.0 0.0315917 -0.0
0.0 3.0 0.0472256 -0.00739604
0.0 3.0 0.0296912 -0.0
0.0 3.0 0.0338589 -0.0
0.0 3.0 0.0326017 -0.0
0.0 3.0 0.0470155 -0.00739604
0.0 3.0 0.0481011 -0.00739604
0.0 3.0 0.0471237 -0.00739604
0.0 3.0 0.0480969 -0.00739604
0.0 3.0 0.0325766 -0.0
0.0 3.0 0.035137 -0.0
0.0 3.0 0.0475743 -0.00739604
0.0 3.0 0.0342734 -0.0
0.0 3.0 0.0474505 -0.00739604
0.0 3.0 0.0311105 -0.0
0.0 3.0 0.0340429 -0.0
0.0 3.0 0.0347113 -0.0
0.0 3.0 0.0291191 -0.0
0.0 3.0 0.0319569 -0.0
0.0 3.0 0.0316386 -0.0
0.0 3.0 0.0290193 -0.0
0.0 3.0 0.0344697 -0.0
0.0 3.0 0.0314614 -0.0
0.0 3.0 0.0477567 -0.00739604
0.0 3.0 0.0475975 -0.00739604
0.0 3.0 0.0286603 -0.0
0.0 3.0 0.0471924 -0.00739604
0.0 3.0 0.0302485 -0.0
0.0 3.0 0.03425 -0.0
0.0 3.0 0.0469935 -0.00739604
0.0 3.0 0.0538486 -0.00739604
0.0 3.0 0.0369364 -0.0
0.0 3.0 0.0348986 -0.0
0.0 3.0 0.0314469 -0.0
0.0 3.0 0.0284615 -0.0
0.0 3.0 0.0471722 -0.00739604
0.0 3.0 0.0316629 -0.0
0.0 3.0 0.0364149 -0.0
0.0 3.0 0.047858 -0.00739604
0.0 3.0 0.0317333 -0.0
0.0 3.0 0.0321191 -0.0
0.0 3.0 0.0280852 -0.0
0.0 4.0 0.0463126 -0.00739604
0.0 4.0 0.0411219 -0.00739604
0.0 4.0 0.0356167 -0.0
0.0 4.0 0.0292159 -0.0
0.0 4.0 0.0346221 -0.0
0.0 4.0 0.0315218 -0.0
0.0 4.0 0.0301351 -0.0
0.0 4.0 0.0412268 -0.00739604
0.0 4.0 0.0316075 -0.0
0.0 4.0 0.0299471 -0.0
0.0 4.0 0.0285034 -0.0
0.0 4.0 0.0299016 -0.0
0.0 4.0 0.0316206 -0.0
0.0 4.0 0.0293966 -0.0
0.0 4.0 0.0407665 -0.00739604
0.0 4.0 0.0266859 -0.0
0.0 4.0 0.0311069 -0.0
0.0 4.0 0.0411816 -0.00739604
0.0 4.0 0.0314671 -0.0
0.0 4.0 0.0291668 -0.0
0.0 4.0 0.0411915 -0.00739604
0.0 4.0 0.0301586 -0.0
0.0 4.0 0.0273678 -0.0
0.0 4.0 0.0292118 -0.0
0.0 4.0 0.0345197 -0.00986467
0.0 4.0 0.0334942 -0.0
0.0 4.0 0.0297227 -0.0
0.0 4.0 0.0288955 -0.0
0.0 4.0 0.0294805 -0.0
0.0 4.0 0.0307018 -0.0
0.0 4.0 0.0279277 -0.0
0.0 4.0 0.0409322 -0.00739604
0.0 4.0 0.0277743 -0.0
0.0 4.0 0.0409437 -0.00739604
0.0 4.0 0.0276318 -0.0
0.0 4.0 0.0420459 -0.00739604
0.0 4.0 0.0415605 -0.00739604
0.0 4.0 0.0408147 -0.00739604
0.0 4.0 0.0268312 -0.0
0.0 4.0 0.0345822 -0.0
0.0 4.0 0.0328365 -0.0
0.0 4.0 0.041266 -0.00739604
0.0 4.0 0.040494 -0.00739604
0.0 4.0 0.0275496 -0.0
0.0 4.0 0.0308656 -0.0
0.0 4.0 0.0271496 -0.0
0.0 4.0 0.0337796 -0.0
0.0 4.0 0.0307239 -0.0
0.0 4.0 0.0274344 -0.0
0.0 4.0 0.026596 -0.0
0.0 5.0 0.057016 -0.0
0.0 5.0 0.0602282 -0.00739604
0.0 5.0 0.0547591 -0.0
0.0 5.0 0.0470968 -0.0
0.0 5.0 0.0609602 -0.0
0.0 5.0 0.0606634 -0.0
0.0 5.0 0.0477432 -0.0
0.0 5.0 0.0548894 -0.00739604
0.0 5.0 0.0462401 -0.0
0.0 5.0 0.0526435 -0.0
0.0 5.0 0.0883463 -0.0
0.0 5.0 0.0610843 -0.0
0.0 5.0 0.0838769 -0.0
0.0 5.0 0.0586525 -0.0
0.0 5.0 0.0721843 -0.00739604
0.0 5.0 0.0594944 -0.0
0.0 5.0 0.0526885 -0.00739604
0.0 5.0 0.0628881 -0.0
0.0 5.0 0.0923304 -0.00739604
0.0 5.0 0.0779145 -0.00739604
0.0 5.0 0.0526337 -0.0
0.0 5.0 0.0605422 -0.00739604
0.0 5.0 0.067244 -0.00986467
0.0 5.0 0.0619571 -0.0
0.0 5.0 0.052387 -0.0
0.0 5.0 0.0467429 -0.0
0.0 5.0 0.0607475 -0.00739604
0.0 5.0 0.0565272 -0.00739604
0.0 5.0 0.0465159 -0.0
0.0 5.0 0.0671523 -0.0
0.0 5.0 0.0471821 -0.0
0.0 5.0 0.0559786 -0.0
0.0 5.0 0.0434795 -0.0
0.0 5.0 0.0688625 -0.00739604
0.0 5.0 0.0555165 -0.0
0.0 5.0 0.0547645 -0.00739604
0.0 5.0 0.063125 -0.0
0.0 5.0 0.0580724 -0.00739604
0.0 5.0 0.0599778 -0.0
0.0 5.0 0.0612303 -0.0
0.0 5.0 0.0517548 -0.0
0.0 5.0 0.0456467 -0.0
0.0 5.0 0.0701961 -0.00739604
0.0 5.0 0.0508655 -0.00739604
0.0 5.0 0.0551519 -0.0
0.0 5.0 0.047534 -0.0
0.0 5.0 0.0721915 -0.00739604
0.0 5.0 0.072049 -0.0
0.0 5.0 0.0445336 -0.0
0.0 5.0 0.0411647 -0.0
0.0 6.0 0.0594826 -0.0
0.0 6.0 0.0577584 -0.0
0.0 6.0 0.0652004 -0.0
0.0 6.0 0.0533805 -0.0
0.0 6.0 0.0541914 -0.0
0.0 6.0 0.0652333 -0.0
0.0 6.0 0.0556949 -0.0
0.0 6.0 0.0581466 -0.0
0.0 6.0 0.0622025 -0.0
0.0 6.0 0.0646679 -0.0
0.0 6.0 0.0610838 -0.0
0.0 6.0 0.0648551 -0.0
0.0 6.0 0.0574687 -0.0
0.0 6.0 0.059413 -0.0
0.0 6.0 0.0602214 -0.0
0.0 6.0 0.0818363 -0.0
0.0 6.0 0.0788078 -0.0
0.0 6.0 0.0641736 -0.00739604
0.0 6.0 0.0561045 -0.0
0.0 6.0 0.0652843 -0.0
0.0 6.0 0.0632312 -0.0
0.0 6.0 0.0623561 -0.0
0.0 6.0 0.0591096 -0.0
0.0 6.0 0.0579525 -0.0
0.0 6.0 0.0600605 -0.0
0.0 6.0 0.0559799 -0.0
0.0 6.0 0.0561914 -0.0
0.0 6.0 0.0532178 -0.0
0.0 6.0 0.0535238 -0.0
0.0 6.0 0.0567543 -0.0
0.0 6.0 0.0651826 -0.0
0.0 6.0 0.0576409 -0.0
0.0 6.0 0.0588034 -0.0
0.0 6.0 0.0812111 -0.0
0.0 6.0 0.0559911 -0.0
0.0 6.0 0.0882469 -0.00739604
0.0 6.0 0.057744 -0.0
0.0 6.0 0.064985 -0.00986467
0.0 6.0 0.0587294 -0.0
0.0 6.0 0.0548368 -0.0
0.0 6.0 0.0615636 -0.0
0.0 6.0 0.0747288 -0.00739604
0.0 6.0 0.0605871 -0.0
0.0 6.0 0.056604 -0.0
0.0 6.0 0.0664713 -0.0
0.0 6.0 0.0582756 -0.0
0.0 6.0 0.0677613 -0.00739604
0.0 6.0 0.0624241 -0.0
0.0 6.0 0.0636589 -0.00739604
0.0 6.0 0.0566432 -0.0
0.0 7.0 0.0872698 -0.0
0.0 7.0 0.0715673 -0.0
0.0 7.0 0.0676157 -0.00739604
0.0 7.0 0.0705702 -0.0
0.0 7.0 0.0576812 -0.0
0.0 7.0 0.0600595 -0.0
0.0 7.0 0.0564695 -0.0
0.0 7.0 0.0955034 -0.00739604
0.0 7.0 0.0582821 -0.0
0.0 7.0 0.0604381 -0.0
0.0 7.0 0.0607545 -0.0
0.0 7.0 0.0592471 -0.0
0.0 7.0 0.0585676 -0.0
0.0 7.0 0.0605365 -0.0
0.0 7.0 0.0668408 -0.0
0.0 7.0 0.0576083 -0.0
0.0 7.0 0.0877736 -0.0
0.0 7.0 0.0724109 -0.0
0.0 7.0 0.0579143 -0.0
0.0 7.0 0.0896798 -0.0
0.0 7.0 0.0608038 -0.0
0.0 7.0 0.0674429 -0.00739604
0.0 7.0 0.0575242 -0.0
0.0 7.0 0.0715135 -0.0
0.0 7.0 0.0950919 -0.00739604
0.0 7.0 0.0613323 -0.0
0.0 7.0 0.0593451 -0.0
0.0 7.0 0.0595087 -0.0
0.0 7.0 0.0664776 -0.00739604
0.0 7.0 0.0603997 -0.0
0.0 7.0 0.0571644 -0.0
0.0 7.0 0.0715703 -0.0
0.0 7.0 0.0677053 -0.00739604
0.0 7.0 0.0616405 -0.0
0.0 7.0 0.065347 -0.00739604
0.0 7.0 0.0555423 -0.0
0.0 7.0 0.0585605 -0.0
0.0 7.0 0.0594714 -0.0
0.0 7.0 0.0566822 -0.0
0.0 7.0 0.0618322 -0.0
0.0 7.0 0.0561995 -0.0
0.0 7.0 0.0570391 -0.0
0.0 7.0 0.0585169 -0.0
0.0 7.0 0.0615435 -0.0
0.0 7.0 0.0686835 -0.00739604
0.0 7.0 0.0585387 -0.0
0.0 7.0 0.0580993 -0.0
0.0 7.0 0.0709021 -0.00739604
0.0 7.0 0.0569088 -0.0
0.0 7.0 0.069926 -0.00739604
1.0 1.0 0.0793911 2.71828
1.0 1.0 0.0827496 2.71828
1.0 1.0 0.084066 2.71828
1.0 1.0 0.0864539 2.71828
1.0 1.0 0.0809737 2.71828
1.0 1.0 0.0776526 2.71828
1.0 1.0 0.0862784 2.71828
1.0 1.0 0.0837508 2.71828
1.0 1.0 0.0795383 2.71828
1.0 1.0 0.0834583 2.71828
1.0 1.0 0.0837536 2.71828
1.0 1.0 0.0856406 2.71828
1.0 1.0 0.079212 2.71828
1.0 1.0 0.0849639 2.71828
1.0 1.0 0.090296 2.71828
1.0 1.0 0.0816244 2.71828
1.0 1.0 0.0800374 2.71828
1.0 1.0 0.0839641 2.71828
1.0 1.0 0.0844287 2.71828
1.0 1.0 0.0804271 2.71828
1.0 1.0 0.0829284 2.71828
1.0 1.0 0.0963316 2.71828
1.0 1.0 0.0794196 2.71828
1.0 1.0 0.0802663 2.71828
1.0 1.0 0.0836637 2.71828
1.0 1.0 0.0829955 2.71828
1.0 1.0 0.0863798 2.71828
1.0 1.0 0.0869317 2.71828
1.0 1.0 0.0840111 2.71828
1.0 1.0 0.0802753 2.71828
1.0 1.0 0.0787615 2.71828
1.0 1.0 0.0815869 2.71828
1.0 1.0 0.0843487 2.71828
1.0 1.0 0.0803625 2.71828
1.0 1.0 0.0790618 2.71828
1.0 1.0 0.0800985 2.71828
1.0 1.0 0.0940157 2.71828
1.0 1.0 0.079271 2.71828
1.0 1.0 0.085123 2.71828
1.0 1.0 0.0840946 2.71828
1.0 1.0 0.0774965 2.71828
1.0 1.0 0.0808225 2.71828
1.0 1.0 0.0840419 2.71828
1.0 1.0 0.0831679 2.71828
1.0 1.0 0.084276 2.71828
1.0 1.0 0.0794281 2.71828
1.0 1.0 0.0827399 2.71828
1.0 1.0 0.0760951 2.71828
1.0 1.0 0.080965 2.71828
1.0 1.0 0.0830365 2.71828
1.0 2.0 0.0467742 2.71828
1.0 2.0 0.0485113 2.71828
1.0 2.0 0.0480603 2.71828
1.0 2.0 0.0475614 2.71828
1.0 2.0 0.0496484 2.71828
1.0 2.0 0.0454882 2.71828
1.0 2.0 0.0531753 2.71828
1.0 2.0 0.0474812 2.71828
1.0 2.0 0.0482663 2.71828
1.0 2.0 0.0450528 2.71828
1.0 2.0 0.0444406 2.71828
1.0 2.0 0.045168 2.71828
1.0 2.0 0.0469493 2.71828
1.0 2.0 0.044592 2.71828
1.0 2.0 0.0468126 2.71828
1.0 2.0 0.0487185 2.71828
1.0 2.0 0.0461905 2.71828
1.0 2.0 0.0473093 2.71828
1.0 2.0 0.0468308 2.71828
1.0 2.0 0.0528741 2.71828
1.0 2.0 0.0462441 2.71828
1.0 2.0 0.0481111 2.71828
1.0 2.0 0.0469332 2.71828
1.0 2.0 0.0531843 2.71828
1.0 2.0 0.0474815 2.71828
1.0 2.0 0.0549394 2.71828
1.0 2.0 0.0559004 2.71828
1.0 2.0 0.0474479 2.71828
1.0 2.0 0.0484081 2.71828
1.0 2.0 0.0444704 2.71828
1.0 2.0 0.0454653 2.71828
1.0 2.0 0.0467247 2.71828
1.0 2.0 0.0439004 2.71828
1.0 2.0 0.0468617 2.71828
1.0 2.0 0.0462818 2.71828
1.0 2.0 0.0447788 2.71828
1.0 2.0 0.0475749 2.71828
1.0 2.0 0.044402 2.71828
1.0 2.0 0.046633 2.71828
1.0 2.0 0.0493475 2.71828
1.0 2.0 0.0447378 2.71828
1.0 2.0 0.0448108 2.71828
1.0 2.0 0.0479602 2.71828
1.0 2.0 0.0494624 2.71828
1.0 2.0 0.0511146 2.71828
1.0 2.0 0.0468377 2.71828
1.0 2.0 0.0453045 2.71828
1.0 2.0 0.0448963 2.71828
1.0 2.0 0.047985 2.71828
1.0 2.0 0.0438783 2.71828
1.0 3.0 0.0376206 2.71828
1.0 3.0 0.0375121 2.71828
1.0 3.0 0.0361946 2.71828
1.0 3.0 0.0366603 2.71828
1.0 3.0 0.0365023 2.71828
1.0 3.0 0.0363175 2.71828
1.0 3.0 0.036484 2.71828
1.0 3.0 0.0355199 2.71828
1.0 3.0 0.0359136 2.71828
1.0 3.0 0.0360958 2.71828
1.0 3.0 0.0361322 2.71828
1.0 3.0 0.035934 2.71828
1.0 3.0 0.0372368 2.71828
1.0 3.0 0.0358003 2.71828
1.0 3.0 0.0370022 2.71828
1.0 3.0 0.0360112 2.71828
1.0 3.0 0.0416863 2.71828
1.0 3.0 0.0368959 2.71828
1.0 3.0 0.0368971 2.71828
1.0 3.0 0.0368009 2.71828
1.0 3.0 0.0362839 2.71828
1.0 3.0 0.0358862 2.71828
1.0 3.0 0.0370273 2.71828
1.0 3.0 0.0438912 2.71828
1.0 3.0 0.0362956 2.71828
1.0 3.0 0.0366533 2.71828
1.0 3.0 0.0370542 2.71828
1.0 3.0 0.0358827 2.71828
1.0 3.0 0.0360991 2.71828
1.0 3.0 0.0402945 2.71828
1.0 3.0 0.0362078 2.71828
1.0 3.0 0.0363577 2.71828
1.0 3.0 0.0405444 2.71828
1.0 3.0 0.037004 2.71828
1.0 3.0 0.0361094 2.71828
1.0 3.0 0.0365064 2.71828
1.0 3.0 0.0371012 2.71828
1.0 3.0 0.0361927 2.71828
1.0 3.0 0.0360577 2.71828
1.0 3.0 0.0364427 2.71828
1.0 3.0 0.0360145 2.71828
1.0 3.0 0.0366062 2.71828
1.0 3.0 0.0356115 2.71828
1.0 3.0 0.0403616 2.71828
1.0 3.0 0.0427889 2.71828
1.0 3.0 0.0362327 2.71828
1.0 3.0 0.0357869 2.71828
1.0 3.0 0.0368456 2.71828
1.0 3.0 0.0362668 2.71828
1.0 3.0 0.0359415 2.71828
1.0 4.0 0.0321881 2.71828
1.0 4.0 0.0332628 2.71828
1.0 4.0 0.0322199 2.71828
1.0 4.0 0.0323802 2.71828
1.0 4.0 0.0325603 2.71828
1.0 4.0 0.0367564 2.71828
1.0 4.0 0.0336236 2.71828
1.0 4.0 0.0325916 2.71828
1.0 4.0 0.0325904 2.71828
1.0 4.0 0.0353458 2.71828
1.0 4.0 0.0324895 2.71828
1.0 4.0 0.032449 2.71828
1.0 4.0 0.0328895 2.71828
1.0 4.0 0.0324309 2.71828
1.0 4.0 0.0328424 2.71828
1.0 4.0 0.032371 2.71828
1.0 4.0 0.0325075 2.71828
1.0 4.0 0.0325756 2.71828
1.0 4.0 0.0324772 2.71828
1.0 4.0 0.0336616 2.71828
1.0 4.0 0.0340956 2.71828
1.0 4.0 0.0322925 2.71828
1.0 4.0 0.0325489 2.71828
1.0 4.0 0.0323013 2.71828
1.0 4.0 0.0325145 2.71828
1.0 4.0 0.0326666 2.71828
1.0 4.0 0.0322145 2.71828
1.0 4.0 0.032802 2.71828
1.0 4.0 0.0330864 2.71828
1.0 4.0 0.0383182 2.71828
1.0 4.0 0.0334993 2.71828
1.0 4.0 0.0326469 2.71828
1.0 4.0 0.032546 2.71828
1.0 4.0 0.0322829 2.71828
1.0 4.0 0.0326304 2.71828
1.0 4.0 0.0335348 2.71828
1.0 4.0 0.0321362 2.71828
1.0 4.0 0.0326172 2.71828
1.0 4.0 0.0328841 2.71828
1.0 4.0 0.0326581 2.71828
1.0 4.0 0.0320356 2.71828
1.0 4.0 0.0326914 2.71828
1.0 4.0 0.0326407 2.71828
1.0 4.0 0.0320514 2.71828
1.0 4.0 0.0336475 2.71828
1.0 4.0 0.0324746 2.71828
1.0 4.0 0.0328826 2.71828
1.0 4.0 0.0326316 2.71828
1.0 4.0 0.0322589 2.71828
1.0 4.0 0.0326693 2.71828
1.0 5.0 0.0508968 2.71828
1.0 5.0 0.0648354 2.71828
1.0 5.0 0.0509573 2.71828
1.0 5.0 0.0636459 2.71828
1.0 5.0 0.062296 2.71828
1.0 5.0 0.055533 2.71828
1.0 5.0 0.0560227 2.71828
1.0 5.0 0.0600806 2.71828
1.0 5.0 0.0675845 2.71828
1.0 5.0 0.0695803 2.71828
1.0 5.0 0.0444657 2.71828
1.0 5.0 0.0495289 2.71828
1.0 5.0 0.065751 2.71828
1.0 5.0 0.0587243 2.71828
1.0 5.0 0.0666285 2.71828
1.0 5.0 0.0508828 2.71828
1.0 5.0 0.0583355 2.71828
1.0 5.0 0.055507 2.71828
1.0 5.0 0.0620217 2.71828
1.0 5.0 0.0651063 2.71828
1.0 5.0 0.0509717 2.71828
1.0 5.0 0.0484133 2.71828
1.0 5.0 0.0633508 2.71828
1.0 5.0 0.0585435 2.71828
1.0 5.0 0.0656438 2.71828
1.0 5.0 0.0690945 2.71828
1.0 5.0 0.0541244 2.71828
1.0 5.0 0.0518748 2.71828
1.0 5.0 0.0627155 2.71828
1.0 5.0 0.066592 2.71828
1.0 5.0 0.0543414 2.71828
1.0 5.0 0.0789713 2.71828
1.0 5.0 0.0653181 2.71828
1.0 5.0 0.0477705 2.71828
1.0 5.0 0.0629781 2.71828
1.0 5.0 0.0764326 2.71828
1.0 5.0 0.0574828 2.71828
1.0 5.0 0.0561647 2.71828
1.0 5.0 0.0548115 2.71828
1.0 5.0 0.0637952 2.71828
1.0 5.0 0.0635713 2.71828
1.0 5.0 0.0569819 2.71828
1.0 5.0 0.0656401 2.71828
1.0 5.0 0.087076 2.71828
1.0 5.0 0.0651967 2.71828
1.0 5.0 0.0504305 2.71828
1.0 5.0 0.0485794 2.71828
1.0 5.0 0.0832244 2.71828
1.0 5.0 0.0539982 2.71828
1.0 5.0 0.0797956 2.71828
1.0 6.0 0.0598207 2.71828
1.0 6.0 0.0560015 2.71828
1.0 6.0 0.0614979 2.71828
1.0 6.0 0.064496 2.71828
1.0 6.0 0.0651701 2.71828
1.0 6.0 0.0648861 2.71828
1.0 6.0 0.0636316 2.71828
1.0 6.0 0.0598199 2.71828
1.0 6.0 0.0683141 2.71828
1.0 6.0 0.0634212 2.71828
1.0 6.0 0.0647954 2.71828
1.0 6.0 0.0681274 2.71828
1.0 6.0 0.0628197 2.71828
1.0 6.0 0.0618124 2.71828
1.0 6.0 0.0636292 2.71828
1.0 6.0 0.0573675 2.71828
1.0 6.0 0.0562807 2.71828
1.0 6.0 0.0569262 2.71828
1.0 6.0 0.0640039 2.71828
1.0 6.0 0.0588745 2.71828
1.0 6.0 0.066262 2.71828
1.0 6.0 0.0584092 2.71828
1.0 6.0 0.0626807 2.71828
1.0 6.0 0.0580458 2.71828
1.0 6.0 0.0578898 2.71828
1.0 6.0 0.0680777 2.71828
1.0 6.0 0.0592515 2.71828
1.0 6.0 0.0825594 2.71828
1.0 6.0 0.0643708 2.71828
1.0 6.0 0.0589261 2.71828
1.0 6.0 0.083237 2.71828
1.0 6.0 0.0653514 2.71828
1.0 6.0 0.0623341 2.71828
1.0 6.0 0.0672632 2.71828
1.0 6.0 0.0568469 2.71828
1.0 6.0 0.0632968 2.71828
1.0 6.0 0.0678569 2.71828
1.0 6.0 0.0624338 2.71828
1.0 6.0 0.0625773 2.71828
1.0 6.0 0.059294 2.71828
1.0 6.0 0.0587753 2.71828
1.0 6.0 0.0631914 2.71828
1.0 6.0 0.063442 2.71828
1.0 6.0 0.0619046 2.71828
1.0 6.0 0.0657783 2.71828
1.0 6.0 0.0637599 2.71828
1.0 6.0 0.0636754 2.71828
1.0 6.0 0.0612414 2.71828
1.0 6.0 0.0563644 2.71828
1.0 6.0 0.0636954 2.71828
1.0 7.0 0.0607552 2.71828
1.0 7.0 0.0907216 2.71828
1.0 7.0 0.0617881 2.71828
1.0 7.0 0.0618339 2.71828
1.0 7.0 0.060523 2.71828
1.0 7.0 0.0621462 2.71828
1.0 7.0 0.0651526 2.71828
1.0 7.0 0.0636631 2.71828
1.0 7.0 0.0634724 2.71828
1.0 7.0 0.0621459 2.71828
1.0 7.0 0.0619375 2.71828
1.0 7.0 0.0639298 2.71828
1.0 7.0 0.0520188 2.71828
1.0 7.0 0.073302 2.71828
1.0 7.0 0.0504723 2.71828
1.0 7.0 0.0613592 2.71828
1.0 7.0 0.061084 2.71828
1.0 7.0 0.0630793 2.71828
1.0 7.0 0.0897242 2.71828
1.0 7.0 0.0752458 2.71828
1.0 7.0 0.0509233 2.71828
1.0 7.0 0.0762216 2.71828
1.0 7.0 0.0591475 2.71828
1.0 7.0 0.0628612 2.71828
1.0 7.0 0.0630464 2.71828
1.0 7.0 0.0626309 2.71828
1.0 7.0 0.068302 2.71828
1.0 7.0 0.0637622 2.71828
1.0 7.0 0.0499979 2.71828
1.0 7.0 0.0674786 2.71828
1.0 7.0 0.090227 2.71828
1.0 7.0 0.0690744 2.71828
1.0 7.0 0.0676588 2.71828
1.0 7.0 0.061693 2.71828
1.0 7.0 0.0573524 2.71828
1.0 7.0 0.0610729 2.71828
1.0 7.0 0.0676487 2.71828
1.0 7.0 0.0632674 2.71828
1.0 7.0 0.0618996 2.71828
1.0 7.0 0.0609907 2.71828
1.0 7.0 0.0653177 2.71828
1.0 7.0 0.0620547 2.71828
1.0 7.0 0.0923549 2.71828
1.0 7.0 0.0641793 2.71828
1.0 7.0 0.0614989 2.71828
1.0 7.0 0.0654272 2.71828
1.0 7.0 0.0610704 2.71828
1.0 7.0 0.0615049 2.71828
1.0 7.0 0.0603353 2.71828
1.0 7.0 0.0636812 2.71828
2.0 1.0 0.610059 -0.0
2.0 1.0 0.847981 -5.02058e-32
2.0 1.0 0.263527 -0.0
2.0 1.0 0.624875 -0.0
2.0 1.0 0.267628 -0.0
2.0 1.0 0.731062 -0.0
2.0 1.0 0.860731 -8.43827e-33
2.0 1.0 0.877951 -8.43827e-33
2.0 1.0 0.615675 -0.0
2.0 1.0 0.975977 -8.43827e-33
2.0 1.0 0.319866 -0.0
2.0 1.0 0.857443 -8.43827e-33
2.0 1.0 0.86526 -8.43827e-33
2.0 1.0 0.911137 -5.02058e-32
2.0 1.0 0.317653 -0.0
2.0 1.0 0.874758 -5.02058e-32
2.0 1.0 0.831181 -8.43827e-33
2.0 1.0 0.815247 -6.77826e-31
2.0 1.0 0.864663 -4.33559e-32
2.0 1.0 0.874648 -8.43827e-33
2.0 1.0 0.656194 -0.0
2.0 1.0 0.834802 -5.02058e-32
2.0 1.0 0.874212 -2.01644e-31
2.0 1.0 0.645552 -0.0
2.0 1.0 0.876138 -5.02058e-32
2.0 1.0 0.866667 -8.43827e-33
2.0 1.0 0.873554 -8.43827e-33
2.0 1.0 0.837162 -2.03723e-31
2.0 1.0 0.29709 -0.0
2.0 1.0 0.741837 -0.0
2.0 1.0 0.842555 -2.01644e-31
2.0 1.0 0.840897 -5.02058e-32
2.0 1.0 0.823001 -8.43827e-33
2.0 1.0 0.873084 -8.43827e-33
2.0 1.0 0.821617 -8.43827e-33
2.0 1.0 0.849172 -6.77826e-31
2.0 1.0 0.865218 -8.43827e-33
2.0 1.0 0.817338 -4.33559e-32
2.0 1.0 0.830379 -8.43827e-33
2.0 1.0 0.362916 -0.0
2.0 1.0 0.982366 -8.43827e-33
2.0 1.0 0.598356 -0.0
2.0 1.0 0.652819 -0.0
2.0 1.0 0.647377 -0.0
2.0 1.0 0.726111 -0.0
2.0 1.0 0.269164 -0.0
2.0 1.0 0.851717 -8.43827e-33
2.0 1.0 0.863587 -8.43827e-33
2.0 1.0 0.827489 -8.43827e-33
2.0 1.0 0.632251 -0.0
2.0 2.0 0.139142 -0.0
2.0 2.0 0.157348 -0.0
2.0 2.0 0.416974 -8.43827e-33
2.0 2.0 0.154776 -0.0
2.0 2.0 0.314796 -0.0
2.0 2.0 0.156129 -0.0
2.0 2.0 0.405969 -8.43827e-33
2.0 2.0 0.419088 -2.01644e-31
2.0 2.0 0.495259 -4.33559e-32
2.0 2.0 0.163772 -0.0
2.0 2.0 0.3143 -0.0
2.0 2.0 0.43405 -8.43827e-33
2.0 2.0 0.420035 -8.43827e-33
2.0 2.0 0.332999 -0.0
2.0 2.0 0.415459 -8.43827e-33
2.0 2.0 0.440347 -8.43827e-33
2.0 2.0 0.47029 -5.02058e-32
2.0 2.0 0.335183 -0.0
2.0 2.0 0.417595 -8.43827e-33
2.0 2.0 0.414735 -8.43827e-33
2.0 2.0 0.437843 -4.33559e-32
2.0 2.0 0.44067 -4.33559e-32
2.0 2.0 0.433736 -8.43827e-33
2.0 2.0 0.444365 -5.02058e-32
2.0 2.0 0.440945 -8.43827e-33
2.0 2.0 0.415152 -2.03723e-31
2.0 2.0 0.418825 -8.43827e-33
2.0 2.0 0.441086 -8.43827e-33
2.0 2.0 0.437842 -8.43827e-33
2.0 2.0 0.445056 -5.02058e-32
2.0 2.0 0.439691 -8.43827e-33
2.0 2.0 0.442886 -5.02058e-32
2.0 2.0 0.334013 -0.0
2.0 2.0 0.439102 -5.02058e-32
2.0 2.0 0.154617 -0.0
2.0 2.0 0.426038 -5.02058e-32
2.0 2.0 0.436059 -4.33559e-32
2.0 2.0 0.415794 -8.43827e-33
2.0 2.0 0.413514 -2.01644e-31
2.0 2.0 0.381359 -1.7325e-31
2.0 2.0 0.445681 -5.02058e-32
2.0 2.0 0.413871 -8.43827e-33
2.0 2.0 0.43956 -8.43827e-33
2.0 2.0 0.437973 -4.33559e-32
2.0 2.0 0.435676 -8.43827e-33
2.0 2.0 0.441345 -2.01644e-31
2.0 2.0 0.330404 -0.0
2.0 2.0 0.15328 -0.0
2.0 2.0 0.421843 -4.33559e-32
2.0 2.0 0.415463 -4.33559e-32
2.0 3.0 0.229966 -0.0
2.0 3.0 0.298957 -8.43827e-33
2.0 3.0 0.126168 -0.0
2.0 3.0 0.302287 -5.02058e-32
2.0 3.0 0.302016 -8.43827e-33
2.0 3.0 0.225584 -0.0
2.0 3.0 0.304173 -5.02058e-32
2.0 3.0 0.301025 -8.43827e-33
2.0 3.0 0.303318 -8.43827e-33
2.0 3.0 0.299993 -8.43827e-33
2.0 3.0 0.288131 -1.7325e-31
2.0 3.0 0.224513 -0.0
2.0 3.0 0.305813 -5.02058e-32
2.0 3.0 0.115494 -0.0
2.0 3.0 0.298676 -8.43827e-33
2.0 3.0 0.301795 -8.43827e-33
2.0 3.0 0.300878 -8.43827e-33
2.0 3.0 0.308201 -2.01644e-31
2.0 3.0 0.301687 -8.43827e-33
2.0 3.0 0.29925 -8.43827e-33
2.0 3.0 0.294868 -6.77826e-31
2.0 3.0 0.231725 -0.0
2.0 3.0 0.302191 -5.02058e-32
2.0 3.0 0.301629 -8.43827e-33
2.0 3.0 0.301391 -8.43827e-33
2.0 3.0 0.299245 -8.43827e-33
2.0 3.0 0.312106 -5.02058e-32
2.0 3.0 0.286976 -6.77826e-31
2.0 3.0 0.227595 -0.0
2.0 3.0 0.307843 -8.43827e-33
2.0 3.0 0.30072 -8.43827e-33
2.0 3.0 0.311247 -8.43827e-33
2.0 3.0 0.300057 -8.43827e-33
2.0 3.0 0.229297 -0.0
2.0 3.0 0.248521 -0.0
2.0 3.0 0.271121 -1.7325e-31
2.0 3.0 0.299395 -8.43827e-33
2.0 3.0 0.303789 -5.02058e-32
2.0 3.0 0.229747 -0.0
2.0 3.0 0.299483 -4.33559e-32
2.0 3.0 0.291585 -6.77826e-31
2.0 3.0 0.304271 -5.02058e-32
2.0 3.0 0.339497 -8.43827e-33
2.0 3.0 0.303405 -5.02058e-32
2.0 3.0 0.231507 -0.0
2.0 3.0 0.301417 -8.43827e-33
2.0 3.0 0.231322 -0.0
2.0 3.0 0.293924 -8.43827e-33
2.0 3.0 0.243296 -0.0
2.0 3.0 0.300212 -8.43827e-33
2.0 4.0 0.226097 -8.43827e-33
2.0 4.0 0.228518 -5.02058e-32
2.0 4.0 0.228647 -8.43827e-33
2.0 4.0 0.173116 -0.0
2.0 4.0 0.227715 -8.43827e-33
2.0 4.0 0.25825 -8.43827e-33
2.0 4.0 0.176637 -0.0
2.0 4.0 0.0899708 -0.0
2.0 4.0 0.229004 -5.02058e-32
2.0 4.0 0.228088 -8.43827e-33
2.0 4.0 0.082471 -0.0
2.0 4.0 0.228024 -4.33559e-32
2.0 4.0 0.22817 -8.43827e-33
2.0 4.0 0.226104 -8.43827e-33
2.0 4.0 0.174162 -0.0
2.0 4.0 0.17512 -0.0
2.0 4.0 0.174682 -0.0
2.0 4.0 0.229142 -8.43827e-33
2.0 4.0 0.172709 -0.0
2.0 4.0 0.227067 -8.43827e-33
2.0 4.0 0.227539 -8.43827e-33
2.0 4.0 0.0927904 -0.0
2.0 4.0 0.226217 -8.43827e-33
2.0 4.0 0.22639 -8.43827e-33
2.0 4.0 0.227797 -8.43827e-33
2.0 4.0 0.175528 -0.0
2.0 4.0 0.22786 -8.43827e-33
2.0 4.0 0.230139 -2.01644e-31
2.0 4.0 0.0906776 -0.0
2.0 4.0 0.228987 -8.43827e-33
2.0 4.0 0.227746 -8.43827e-33
2.0 4.0 0.175266 -0.0
2.0 4.0 0.249941 -4.33559e-32
2.0 4.0 0.260097 -8.43827e-33
2.0 4.0 0.231149 -5.02058e-32
2.0 4.0 0.225586 -2.01644e-31
2.0 4.0 0.228392 -2.01644e-31
2.0 4.0 0.227801 -8.43827e-33
2.0 4.0 0.173051 -0.0
2.0 4.0 0.176403 -0.0
2.0 4.0 0.17581 -0.0
2.0 4.0 0.195937 -0.0
2.0 4.0 0.228499 -8.43827e-33
2.0 4.0 0.17385 -0.0
2.0 4.0 0.227312 -8.43827e-33
2.0 4.0 0.175184 -0.0
2.0 4.0 0.175724 -0.0
2.0 4.0 0.229588 -5.02058e-32
2.0 4.0 0.173825 -0.0
2.0 4.0 0.228429 -4.33559e-32
2.0 5.0 0.194296 -0.0
2.0 5.0 0.264046 -2.01644e-31
2.0 5.0 0.174402 -4.33559e-32
2.0 5.0 0.0637335 -0.0
2.0 5.0 0.166974 -0.0
2.0 5.0 0.246477 -4.33559e-32
2.0 5.0 0.16793 -4.33559e-32
2.0 5.0 0.242816 -8.43827e-33
2.0 5.0 0.181651 -8.43827e-33
2.0 5.0 0.188733 -8.43827e-33
2.0 5.0 0.181844 -4.33559e-32
2.0 5.0 0.191466 -0.0
2.0 5.0 0.221829 -8.43827e-33
2.0 5.0 0.186543 -4.33559e-32
2.0 5.0 0.261829 -8.43827e-33
2.0 5.0 0.200246 -0.0
2.0 5.0 0.243146 -4.33559e-32
2.0 5.0 0.24454 -2.01644e-31
2.0 5.0 0.261644 -8.43827e-33
2.0 5.0 0.256458 -5.02058e-32
2.0 5.0 0.259522 -8.43827e-33
2.0 5.0 0.243697 -5.02058e-32
2.0 5.0 0.249599 -8.43827e-33
2.0 5.0 0.258186 -8.43827e-33
2.0 5.0 0.266361 -5.02058e-32
2.0 5.0 0.242133 -2.01644e-31
2.0 5.0 0.255896 -8.43827e-33
2.0 5.0 0.192687 -0.0
2.0 5.0 0.242014 -5.02058e-32
2.0 5.0 0.262298 -8.43827e-33
2.0 5.0 0.244881 -4.33559e-32
2.0 5.0 0.246511 -8.43827e-33
2.0 5.0 0.24533 -8.43827e-33
2.0 5.0 0.24456 -5.02058e-32
2.0 5.0 0.257081 -8.43827e-33
2.0 5.0 0.232422 -7.10571e-31
2.0 5.0 0.261141 -8.43827e-33
2.0 5.0 0.261202 -8.43827e-33
2.0 5.0 0.242982 -8.43827e-33
2.0 5.0 0.208405 -0.0
2.0 5.0 0.243495 -4.33559e-32
2.0 5.0 0.243761 -8.43827e-33
2.0 5.0 0.261234 -4.33559e-32
2.0 5.0 0.275911 -8.43827e-33
2.0 5.0 0.242407 -8.43827e-33
2.0 5.0 0.242596 -8.43827e-33
2.0 5.0 0.241763 -8.43827e-33
2.0 5.0 0.247075 -2.01644e-31
2.0 5.0 0.261145 -2.01644e-31
2.0 5.0 0.257511 -8.43827e-33
2.0 6.0 0.239528 -1.7325e-31
2.0 6.0 0.236705 -8.43827e-33
2.0 6.0 0.239079 -2.03723e-31
2.0 6.0 0.236928 -8.43827e-33
2.0 6.0 0.256588 -4.33559e-32
2.0 6.0 0.117992 -0.0
2.0 6.0 0.188031 -0.0
2.0 6.0 0.195455 -0.0
2.0 6.0 0.215684 -0.0
2.0 6.0 0.238498 -8.43827e-33
2.0 6.0 0.113229 -0.0
2.0 6.0 0.193265 -0.0
2.0 6.0 0.240841 -5.02058e-32
2.0 6.0 0.187701 -0.0
2.0 6.0 0.199231 -0.0
2.0 6.0 0.238488 -8.43827e-33
2.0 6.0 0.111832 -0.0
2.0 6.0 0.256079 -8.43827e-33
2.0 6.0 0.242732 -5.02058e-32
2.0 6.0 0.192162 -0.0
2.0 6.0 0.259582 -8.43827e-33
2.0 6.0 0.194811 -0.0
2.0 6.0 0.201798 -0.0
2.0 6.0 0.206941 -0.0
2.0 6.0 0.243351 -5.02058e-32
2.0 6.0 0.206995 -0.0
2.0 6.0 0.200896 -0.0
2.0 6.0 0.193074 -0.0
2.0 6.0 0.245653 -2.01644e-31
2.0 6.0 0.245577 -5.02058e-32
2.0 6.0 0.241592 -2.03723e-31
2.0 6.0 0.255962 -8.43827e-33
2.0 6.0 0.231937 -4.33559e-32
2.0 6.0 0.287148 -0.0
2.0 6.0 0.117878 -0.0
2.0 6.0 0.237055 -4.33559e-32
2.0 6.0 0.26044 -5.02058e-32
2.0 6.0 0.250177 -5.02058e-32
2.0 6.0 0.303316 -5.02058e-32
2.0 6.0 0.25823 -5.02058e-32
2.0 6.0 0.238471 -8.43827e-33
2.0 6.0 0.23818 -8.43827e-33
2.0 6.0 0.239477 -5.02058e-32
2.0 6.0 0.258734 -4.33559e-32
2.0 6.0 0.189334 -0.0
2.0 6.0 0.269048 -5.02058e-32
2.0 6.0 0.252982 -8.43827e-33
2.0 6.0 0.258685 -5.02058e-32
2.0 6.0 0.248941 -8.43827e-33
2.0 6.0 0.241968 -8.43827e-33
2.0 7.0 0.220585 -8.43827e-33
2.0 7.0 0.103328 -0.0
2.0 7.0 0.168504 -0.0
2.0 7.0 0.140802 -4.33559e-32
2.0 7.0 0.203832 -8.43827e-33
2.0 7.0 0.208862 -8.43827e-33
2.0 7.0 0.161122 -0.0
2.0 7.0 0.163991 -0.0
2.0 7.0 0.202416 -2.01644e-31
2.0 7.0 0.202621 -5.02058e-32
2.0 7.0 0.102724 -0.0
2.0 7.0 0.20395 -5.02058e-32
2.0 7.0 0.225663 -8.43827e-33
2.0 7.0 0.177063 -0.0
2.0 7.0 0.202799 -8.43827e-33
2.0 7.0 0.0973797 -0.0
2.0 7.0 0.206434 -8.43827e-33
2.0 7.0 0.161319 -0.0
2.0 7.0 0.146057 -5.02058e-32
2.0 7.0 0.206411 -5.02058e-32
2.0 7.0 0.210391 -5.02058e-32
2.0 7.0 0.164565 -0.0
2.0 7.0 0.206098 -5.02058e-32
2.0 7.0 0.142154 -8.43827e-33
2.0 7.0 0.172813 -0.0
2.0 7.0 0.220589 -7.10571e-31
2.0 7.0 0.0583024 -0.0
2.0 7.0 0.202748 -8.43827e-33
2.0 7.0 0.203801 -8.43827e-33
2.0 7.0 0.0562347 -0.0
2.0 7.0 0.10175 -0.0
2.0 7.0 0.202835 -5.02058e-32
2.0 7.0 0.169925 -0.0
2.0 7.0 0.100688 -0.0
2.0 7.0 0.181521 -0.0
2.0 7.0 0.166244 -0.0
2.0 7.0 0.201076 -8.43827e-33
2.0 7.0 0.164632 -0.0
2.0 7.0 0.141067 -8.43827e-33
2.0 7.0 0.140494 -4.33559e-32
2.0 7.0 0.203381 -8.43827e-33
2.0 7.0 0.104423 -0.0
2.0 7.0 0.104652 -0.0
2.0 7.0 0.140067 -8.43827e-33
2.0 7.0 0.174882 -0.0
2.0 7.0 0.141432 -2.03723e-31
2.0 7.0 0.163085 -0.0
2.0 7.0 0.206608 -8.43827e-33
2.0 7.0 0.167439 -0.0
2.0 7.0 0.22599 -8.43827e-33
3.0 1.0 0.0709889 -0.0
3.0 1.0 0.0737602 -0.0
3.0 1.0 0.0651428 -0.0
3.0 1.0 0.0704812 -0.0
3.0 1.0 0.0665138 -0.0
3.0 1.0 0.0762294 -0.0
3.0 1.0 0.0683744 -0.0
3.0 1.0 0.0764 -0.0
3.0 1.0 0.069778 -0.0
3.0 1.0 0.0703109 -0.0
3.0 1.0 0.0702221 -0.0
3.0 1.0 0.0705525 -0.0
3.0 1.0 0.0741567 -0.0
3.0 1.0 0.077682 -0.0
3.0 1.0 0.0723182 -0.0
3.0 1.0 0.0711718 -0.0
3.0 1.0 0.0661912 -0.0
3.0 1.0 0.0762723 -0.0
3.0 1.0 0.0687757 -0.0
3.0 1.0 0.0614829 -0.0
3.0 1.0 0.0674819 -0.0
3.0 1.0 0.0672769 -0.0
3.0 1.0 0.066156 -0.0
3.0 1.0 0.0690622 -0.0
3.0 1.0 0.075982 -0.0
3.0 1.0 0.0710003 -0.0
3.0 1.0 0.0688644 -0.0
3.0 1.0 0.074049 -0.0
3.0 1.0 0.0855904 -0.0
3.0 1.0 0.0823114 -0.0
3.0 1.0 0.0773144 -0.0
3.0 1.0 0.072107 -0.0
3.0 1.0 0.0734475 -0.0
3.0 1.0 0.0721246 -0.0
3.0 1.0 0.069208 -0.0
3.0 1.0 0.0738584 -0.0
3.0 1.0 0.0707391 -0.0
3.0 1.0 0.0693238 -0.0
3.0 1.0 0.072798 -0.0
3.0 1.0 0.0670686 -0.0
3.0 1.0 0.0712146 -0.0
3.0 1.0 0.0759022 -0.0
3.0 1.0 0.073164 -0.0
3.0 1.0 0.073861 -0.0
3.0 1.0 0.0792641 -0.0
3.0 1.0 0.0694791 -0.0
3.0 1.0 0.0811318 -0.0
3.0 1.0 0.0671398 -0.0
3.0 1.0 0.0719035 -0.0
3.0 1.0 0.071943 -0.0
3.0 2.0 0.0380689 -0.0
3.0 2.0 0.0453148 -0.0
3.0 2.0 0.0405929 -0.0
3.0 2.0 0.0426916 -0.0
3.0 2.0 0.0453641 -0.0
3.0 2.0 0.0422718 -0.0
3.0 2.0 0.0410687 -0.0
3.0 2.0 0.0390153 -0.0
3.0 2.0 0.0407342 -0.0
3.0 2.0 0.040225 -0.0
3.0 2.0 0.0376318 -0.0
3.0 2.0 0.0439075 -0.0
3.0 2.0 0.0364724 -0.0
3.0 2.0 0.0442188 -0.0
3.0 2.0 0.0436865 -0.0
3.0 2.0 0.0416293 -0.0
3.0 2.0 0.0416313 -0.0
3.0 2.0 0.0404041 -0.0
3.0 2.0 0.0421952 -0.0
3.0 2.0 0.0386907 -0.0
3.0 2.0 0.0413639 -0.0
3.0 2.0 0.0408571 -0.0
3.0 2.0 0.0413854 -0.0
3.0 2.0 0.0385294 -0.0
3.0 2.0 0.0398655 -0.0
3.0 2.0 0.0406821 -0.0
3.0 2.0 0.0416092 -0.0
3.0 2.0 0.0388721 -0.0
3.0 2.0 0.0433145 -0.0
3.0 2.0 0.0419788 -0.0
3.0 2.0 0.0391929 -0.0
3.0 2.0 0.0397136 -0.0
3.0 2.0 0.0414146 -0.0
3.0 2.0 0.0417856 -0.0
3.0 2.0 0.0479633 -0.0
3.0 2.0 0.0424445 -0.0
3.0 2.0 0.0407843 -0.0
3.0 2.0 0.0418261 -0.0
3.0 2.0 0.0432787 -0.0
3.0 2.0 0.0403353 -0.0
3.0 2.0 0.0435911 -0.0
3.0 2.0 0.0406275 -0.0
3.0 2.0 0.0438528 -0.0
3.0 2.0 0.0437397 -0.0
3.0 2.0 0.0399596 -0.0
3.0 2.0 0.0408559 -0.0
3.0 2.0 0.0423713 -0.0
3.0 2.0 0.0440315 -0.0
3.0 2.0 0.0418282 -0.0
3.0 2.0 0.0500957 -0.0
3.0 3.0 0.0302864 -0.0
3.0 3.0 0.0313712 -0.0
3.0 3.0 0.0315895 -0.0
3.0 3.0 0.0329569 -0.0
3.0 3.0 0.0325886 -0.0
3.0 3.0 0.0337159 -0.0
3.0 3.0 0.0308041 -0.0
3.0 3.0 0.030858 -0.0
3.0 3.0 0.0321702 -0.0
3.0 3.0 0.0319558 -0.0
3.0 3.0 0.0346125 -0.0
3.0 3.0 0.033816 -0.0
3.0 3.0 0.0319074 -0.0
3.0 3.0 0.0335086 -0.0
3.0 3.0 0.0312467 -0.0
3.0 3.0 0.0322624 -0.0
3.0 3.0 0.0330456 -0.0
3.0 3.0 0.0324845 -0.0
3.0 3.0 0.0304363 -0.0
3.0 3.0 0.029426 -0.0
3.0 3.0 0.0372639 -0.0
3.0 3.0 0.0316393 -0.0
3.0 3.0 0.0325401 -0.0
3.0 3.0 0.0328849 -0.0
3.0 3.0 0.0336243 -0.0
3.0 3.0 0.0335707 -0.0
3.0 3.0 0.0342699 -0.0
3.0 3.0 0.0350719 -0.0
3.0 3.0 0.0321499 -0.0
3.0 3.0 0.0331734 -0.0
3.0 3.0 0.0349781 -0.0
3.0 3.0 0.0342938 -0.0
3.0 3.0 0.0375444 -0.0
3.0 3.0 0.0300668 -0.0
3.0 3.0 0.0354101 -0.0
3.0 3.0 0.0319771 -0.0
3.0 3.0 0.0343332 -0.0
3.0 3.0 0.0331359 -0.0
3.0 3.0 0.0353591 -0.0
3.0 3.0 0.0317601 -0.0
3.0 3.0 0.0332272 -0.0
3.0 3.0 0.034312 -0.0
3.0 3.0 0.0306687 -0.0
3.0 3.0 0.0345572 -0.0
3.0 3.0 0.0311326 -0.0
3.0 3.0 0.0316374 -0.0
3.0 3.0 0.0317065 -0.0
3.0 3.0 0.0367543 -0.0
3.0 3.0 0.0325379 -0.0
3.0 3.0 0.0334066 -0.0
3.0 4.0 0.0296181 -0.0
3.0 4.0 0.0293978 -0.0
3.0 4.0 0.028607 -0.0
3.0 4.0 0.0302129 -0.0
3.0 4.0 0.0287341 -0.0
3.0 4.0 0.0323725 -0.0
3.0 4.0 0.0285553 -0.0
3.0 4.0 0.0293512 -0.0
3.0 4.0 0.0293009 -0.0
3.0 4.0 0.0289898 -0.0
3.0 4.0 0.0309363 -0.0
3.0 4.0 0.0285866 -0.0
3.0 4.0 0.0285449 -0.0
3.0 4.0 0.0294081 -0.0
3.0 4.0 0.0522866 -0.0
3.0 4.0 0.030266 -0.0
3.0 4.0 0.0291111 -0.0
3.0 4.0 0.0283873 -0.0
3.0 4.0 0.0277585 -0.0
3.0 4.0 0.031017 -0.0
3.0 4.0 0.0313224 -0.0
3.0 4.0 0.0310928 -0.0
3.0 4.0 0.0297248 -0.0
3.0 4.0 0.0288103 -0.0
3.0 4.0 0.0293196 -0.0
3.0 4.0 0.0295253 -0.0
3.0 4.0 0.0306524 -0.0
3.0 4.0 0.0296162 -0.0
3.0 4.0 0.0294053 -0.0
3.0 4.0 0.0298871 -0.0
3.0 4.0 0.0307725 -0.0
3.0 4.0 0.0316452 -0.0
3.0 4.0 0.0296205 -0.0
3.0 4.0 0.0304088 -0.0
3.0 4.0 0.0288542 -0.0
3.0 4.0 0.0294404 -0.0
3.0 4.0 0.0312754 -0.0
3.0 4.0 0.0304973 -0.0
3.0 4.0 0.0285759 -0.0
3.0 4.0 0.0293668 -0.0
3.0 4.0 0.0300556 -0.0
3.0 4.0 0.0300896 -0.0
3.0 4.0 0.0299866 -0.0
3.0 4.0 0.0291926 -0.0
3.0 4.0 0.0288676 -0.0
3.0 4.0 0.029928 -0.0
3.0 4.0 0.0289105 -0.0
3.0 4.0 0.0305223 -0.0
3.0 4.0 0.0312781 -0.0
3.0 4.0 0.0286507 -0.0
3.0 5.0 0.0571396 -0.0
3.0 5.0 0.0601508 -0.0
3.0 5.0 0.0590759 -0.0
3.0 5.0 0.0582427 -0.0
3.0 5.0 0.0562316 -0.0
3.0 5.0 0.0512024 -0.0
3.0 5.0 0.0555204 -0.0
3.0 5.0 0.0552378 -0.0
3.0 5.0 0.0576172 -0.0
3.0 5.0 0.0555855 -0.0
3.0 5.0 0.0590522 -0.0
3.0 5.0 0.0591856 -0.0
3.0 5.0 0.0609654 -0.0
3.0 5.0 0.0616745 -0.0
3.0 5.0 0.0578534 -0.0
3.0 5.0 0.0654733 -0.0
3.0 5.0 0.0544833 -0.0
3.0 5.0 0.0573207 -0.0
3.0 5.0 0.0556715 -0.0
3.0 5.0 0.0582525 -0.0
3.0 5.0 0.0554951 -0.0
3.0 5.0 0.06151 -0.0
3.0 5.0 0.0730875 -0.0
3.0 5.0 0.0527631 -0.0
3.0 5.0 0.0637249 -0.0
3.0 5.0 0.0580883 -0.0
3.0 5.0 0.0546109 -0.0
3.0 5.0 0.0515443 -0.0
3.0 5.0 0.0589762 -0.0
3.0 5.0 0.0572442 -0.0
3.0 5.0 0.0604843 -0.0
3.0 5.0 0.0593109 -0.0
3.0 5.0 0.0557338 -0.0
3.0 5.0 0.0569512 -0.0
3.0 5.0 0.0559443 -0.0
3.0 5.0 0.0577086 -0.0
3.0 5.0 0.0574178 -0.0
3.0 5.0 0.0540228 -0.0
3.0 5.0 0.0554214 -0.0
3.0 5.0 0.0583734 -0.0
3.0 5.0 0.0553895 -0.0
3.0 5.0 0.0596065 -0.0
3.0 5.0 0.0560468 -0.0
3.0 5.0 0.0557704 -0.0
3.0 5.0 0.0528115 -0.0
3.0 5.0 0.0562521 -0.0
3.0 5.0 0.0574286 -0.0
3.0 5.0 0.0568511 -0.0
3.0 5.0 0.0600379 -0.0
3.0 5.0 0.0708579 -0.0
3.0 6.0 0.0580331 -0.0
3.0 6.0 0.0625972 -0.0
3.0 6.0 0.0561971 -0.0
3.0 6.0 0.0584372 -0.0
3.0 6.0 0.0571311 -0.0
3.0 6.0 0.0567249 -0.0
3.0 6.0 0.0593895 -0.0
3.0 6.0 0.0577956 -0.0
3.0 6.0 0.0556536 -0.0
3.0 6.0 0.0563991 -0.0
3.0 6.0 0.0567387 -0.0
3.0 6.0 0.0551372 -0.0
3.0 6.0 0.0565311 -0.0
3.0 6.0 0.0564696 -0.0
3.0 6.0 0.0610451 -0.0
3.0 6.0 0.0604749 -0.0
3.0 6.0 0.0610935 -0.0
3.0 6.0 0.0570423 -0.0
3.0 6.0 0.0545692 -0.0
3.0 6.0 0.0591485 -0.0
3.0 6.0 0.0572747 -0.0
3.0 6.0 0.0596706 -0.0
3.0 6.0 0.0595959 -0.0
3.0 6.0 0.0573515 -0.0
3.0 6.0 0.0552315 -0.0
3.0 6.0 0.0569616 -0.0
3.0 6.0 0.0629594 -0.0
3.0 6.0 0.0592065 -0.0
3.0 6.0 0.0582042 -0.0
3.0 6.0 0.0567056 -0.0
3.0 6.0 0.0540091 -0.0
3.0 6.0 0.0619913 -0.0
3.0 6.0 0.0606022 -0.0
3.0 6.0 0.0576074 -0.0
3.0 6.0 0.0678585 -0.0
3.0 6.0 0.0587784 -0.0
3.0 6.0 0.059543 -0.0
3.0 6.0 0.0563324 -0.0
3.0 6.0 0.0598234 -0.0
3.0 6.0 0.063981 -0.0
3.0 6.0 0.0578431 -0.0
3.0 6.0 0.0602842 -0.0
3.0 6.0 0.0583379 -0.0
3.0 6.0 0.0603395 -0.0
3.0 6.0 0.0585614 -0.0
3.0 6.0 0.0624649 -0.0
3.0 6.0 0.0568531 -0.0
3.0 6.0 0.0622353 -0.0
3.0 6.0 0.0636331 -0.0
3.0 6.0 0.060396 -0.0
3.0 7.0 0.0484022 -0.0
3.0 7.0 0.0598124 -0.0
3.0 7.0 0.057825 -0.0
3.0 7.0 0.0605684 -0.0
3.0 7.0 0.0650733 -0.0
3.0 7.0 0.0594879 -0.0
3.0 7.0 0.0617035 -0.0
3.0 7.0 0.0596254 -0.0
3.0 7.0 0.0580608 -0.0
3.0 7.0 0.0479991 -0.0
3.0 7.0 0.0592598 -0.0
3.0 7.0 0.0603086 -0.0
3.0 7.0 0.0604155 -0.0
3.0 7.0 0.05925 -0.0
3.0 7.0 0.0892219 -0.0
3.0 7.0 0.0484456 -0.0
3.0 7.0 0.0598843 -0.0
3.0 7.0 0.0666084 -0.0
3.0 7.0 0.0585105 -0.0
3.0 7.0 0.0586578 -0.0
3.0 7.0 0.0610602 -0.0
3.0 7.0 0.0571778 -0.0
3.0 7.0 0.047666 -0.0
3.0 7.0 0.0613672 -0.0
3.0 7.0 0.0610765 -0.0
3.0 7.0 0.0490701 -0.0
3.0 7.0 0.0487467 -0.0
3.0 7.0 0.0593435 -0.0
3.0 7.0 0.069924 -0.0
3.0 7.0 0.0602191 -0.0
3.0 7.0 0.0595611 -0.0
3.0 7.0 0.0593541 -0.0
3.0 7.0 0.0682651 -0.0
3.0 7.0 0.0594262 -0.0
3.0 7.0 0.0591675 -0.0
3.0 7.0 0.0490744 -0.0
3.0 7.0 0.0616007 -0.0
3.0 7.0 0.0597475 -0.0
3.0 7.0 0.0505041 -0.0
3.0 7.0 0.0578656 -0.0
3.0 7.0 0.0650328 -0.0
3.0 7.0 0.0597229 -0.0
3.0 7.0 0.0473072 -0.0
3.0 7.0 0.0603423 -0.0
3.0 7.0 0.0607747 -0.0
3.0 7.0 0.0579793 -0.0
3.0 7.0 0.0652707 -0.0
3.0 7.0 0.0638744 -0.0
3.0 7.0 0.0614977 -0.0
3.0 7.0 0.0505562 -0.0
4.0 1.0 0.27585 99.9966
4.0 1.0 0.283903 99.9851
4.0 1.0 0.30177 99.9745
4.0 1.0 0.31797 99.949
4.0 1.0 0.345098 99.9916
4.0 1.0 0.324126 99.9991
4.0 1.0 0.315548 99.9997
4.0 1.0 0.354729 99.978
4.0 1.0 0.291617 99.9851
4.0 1.0 0.285013 99.9613
4.0 1.0 0.299498 99.987
4.0 1.0 0.327761 99.9752
4.0 1.0 0.30666 99.9882
4.0 1.0 0.315888 99.9885
4.0 1.0 0.309627 99.9878
4.0 1.0 0.290217 99.9851
4.0 1.0 0.327066 99.96
4.0 1.0 0.33724 99.9914
4.0 1.0 0.310738 99.9936
4.0 1.0 0.328337 99.9669
4.0 1.0 0.327327 99.9613
4.0 1.0 0.340172 99.9851
4.0 1.0 0.373781 99.9924
4.0 1.0 0.296311 99.9879
4.0 1.0 0.389769 99.9894
4.0 1.0 0.32137 99.9976
4.0 1.0 0.360902 99.9408
4.0 1.0 0.320123 99.9758
4.0 1.0 0.276595 99.9808
4.0 1.0 0.319632 99.9732
4.0 1.0 0.381135 99.9536
4.0 1.0 0.321162 99.9752
4.0 1.0 0.340998 99.9925
4.0 1.0 0.352729 99.9987
4.0 1.0 0.401936 99.9722
4.0 1.0 0.32566 99.9851
4.0 1.0 0.308188 99.9523
4.0 1.0 0.326362 99.9856
4.0 1.0 0.324711 99.9957
4.0 1.0 0.295359 99.9762
4.0 1.0 0.313703 99.999
4.0 1.0 0.353716 99.9958
4.0 1.0 0.355065 99.9945
4.0 1.0 0.373094 99.9765
4.0 1.0 0.317979 99.9425
4.0 1.0 0.32106 99.9669
4.0 1.0 0.330921 99.9885
4.0 1.0 0.289527 99.9641
4.0 1.0 0.321525 99.952
4.0 1.0 0.307447 99.9636
4.0 2.0 0.164311 99.9943
4.0 2.0 0.185178 99.9975
4.0 2.0 0.182669 99.9646
4.0 2.0 0.176486 99.9506
4.0 2.0 0.181744 99.9992
4.0 2.0 0.180632 99.9762
4.0 2.0 0.15999 99.9617
4.0 2.0 0.169084 99.9874
4.0 2.0 0.175985 99.9762
4.0 2.0 0.184718 99.9997
4.0 2.0 0.14938 99.9798
4.0 2.0 0.18077 99.9752
4.0 2.0 0.16597 99.999
4.0 2.0 0.19933 99.9721
4.0 2.0 0.186752 99.9995
4.0 2.0 0.162353 99.9752
4.0 2.0 0.179387 99.9753
4.0 2.0 0.171724 99.9754
4.0 2.0 0.169042 99.9766
4.0 2.0 0.177218 99.9731
4.0 2.0 0.185336 99.9714
4.0 2.0 0.191647 99.9633
4.0 2.0 0.181371 99.9887
4.0 2.0 0.167792 99.9835
4.0 2.0 0.179069 99.9981
4.0 2.0 0.177378 99.965
4.0 2.0 0.173147 99.9991
4.0 2.0 0.170077 99.9937
4.0 2.0 0.177966 99.9613
4.0 2.0 0.178596 99.9976
4.0 2.0 0.18813 99.9752
4.0 2.0 0.166116 99.9583
4.0 2.0 0.156877 99.9883
4.0 2.0 0.190436 99.9911
4.0 2.0 0.164679 99.9662
4.0 2.0 0.183545 99.9717
4.0 2.0 0.174759 99.9989
4.0 2.0 0.183805 99.9994
4.0 2.0 0.185033 99.9694
4.0 2.0 0.186586 99.9595
4.0 2.0 0.172853 99.9876
4.0 2.0 0.167603 99.9752
4.0 2.0 0.182165 99.9921
4.0 2.0 0.18235 99.9787
4.0 2.0 0.155206 99.9678
4.0 2.0 0.176108 99.9944
4.0 2.0 0.196721 99.9633
4.0 2.0 0.180548 99.9856
4.0 2.0 0.161114 99.9877
4.0 2.0 0.18755 99.9793
4.0 3.0 0.130706 99.9945
4.0 3.0 0.126461 99.9936
4.0 3.0 0.127781 99.9762
4.0 3.0 0.135711 99.9656
4.0 3.0 0.139308 99.9939
4.0 3.0 0.123212 99.9859
4.0 3.0 0.133418 99.9762
4.0 3.0 0.138979 99.9915
4.0 3.0 0.136113 99.9752
4.0 3.0 0.125271 99.9599
4.0 3.0 0.133993 99.988
4.0 3.0 0.129072 99.9941
4.0 3.0 0.130604 99.9752
4.0 3.0 0.135018 99.992
4.0 3.0 0.130936 99.9894
4.0 3.0 0.13505 99.994
4.0 3.0 0.139405 99.9879
4.0 3.0 0.132882 99.961
4.0 3.0 0.13659 99.9335
4.0 3.0 0.133541 99.9751
4.0 3.0 0.134841 99.9762
4.0 3.0 0.129685 99.9756
4.0 3.0 0.130537 99.9833
4.0 3.0 0.129248 99.9738
4.0 3.0 0.122121 99.9756
4.0 3.0 0.12933 99.9866
4.0 3.0 0.129892 99.9942
4.0 3.0 0.130602 99.9677
4.0 3.0 0.119329 99.9676
4.0 3.0 0.125505 99.987
4.0 3.0 0.127316 99.9844
4.0 3.0 0.128315 99.9823
4.0 3.0 0.121763 99.9762
4.0 3.0 0.121372 99.9728
4.0 3.0 0.12287 99.9927
4.0 3.0 0.119225 99.9283
4.0 3.0 0.131519 99.9631
4.0 3.0 0.125686 99.98
4.0 3.0 0.129238 99.9694
4.0 3.0 0.125336 99.9876
4.0 3.0 0.130822 99.9702
4.0 3.0 0.122369 99.9546
4.0 3.0 0.127505 99.9639
4.0 3.0 0.141918 99.9515
4.0 3.0 0.129694 99.9946
4.0 3.0 0.113716 99.9989
4.0 3.0 0.129774 99.9909
4.0 3.0 0.133939 99.9752
4.0 3.0 0.126248 99.9735
4.0 3.0 0.146284 99.9752
4.0 4.0 0.105076 99.9847
4.0 4.0 0.10485 99.9752
4.0 4.0 0.0898747 99.9546
4.0 4.0 0.103001 99.9762
4.0 4.0 0.10302 99.9844
4.0 4.0 0.104712 99.9889
4.0 4.0 0.104303 99.9779
4.0 4.0 0.0985299 99.9752
4.0 4.0 0.105881 99.9752
4.0 4.0 0.104816 99.9865
4.0 4.0 0.118765 99.9762
4.0 4.0 0.0924683 99.9765
4.0 4.0 0.109692 99.9697
4.0 4.0 0.0990112 99.9762
4.0 4.0 0.100642 99.9996
4.0 4.0 0.0978772 99.9735
4.0 4.0 0.104621 99.9752
4.0 4.0 0.101042 99.9773
4.0 4.0 0.100295 99.9927
4.0 4.0 0.10711 99.9846
4.0 4.0 0.109872 99.9515
4.0 4.0 0.104607 99.9818
4.0 4.0 0.10085 99.9983
4.0 4.0 0.10108 99.9798
4.0 4.0 0.0971328 99.9609
4.0 4.0 0.103272 99.9635
4.0 4.0 0.0981127 99.9762
4.0 4.0 0.103182 99.961
4.0 4.0 0.0988102 99.9752
4.0 4.0 0.10297 99.9386
4.0 4.0 0.108253 99.9544
4.0 4.0 0.101453 99.9976
4.0 4.0 0.10576 99.9907
4.0 4.0 0.0912473 99.9762
4.0 4.0 0.095294 99.9901
4.0 4.0 0.107266 99.9765
4.0 4.0 0.100448 99.9591
4.0 4.0 0.102076 99.9915
4.0 4.0 0.108258 99.9831
4.0 4.0 0.107055 99.9762
4.0 4.0 0.101082 99.9763
4.0 4.0 0.104106 99.9579
4.0 4.0 0.102671 99.9833
4.0 4.0 0.103185 99.9752
4.0 4.0 0.106387 99.9972
4.0 4.0 0.0949152 99.9782
4.0 4.0 0.0973304 99.996
4.0 4.0 0.0965937 99.9752
4.0 4.0 0.103015 99.981
4.0 4.0 0.107682 99.998
4.0 5.0 0.177022 99.9515
4.0 5.0 0.176721 99.9947
4.0 5.0 0.183064 99.9752
4.0 5.0 0.164632 99.9844
4.0 5.0 0.187684 99.9981
4.0 5.0 0.170984 99.965
4.0 5.0 0.185908 99.9794
4.0 5.0 0.175574 99.9722
4.0 5.0 0.184365 99.9752
4.0 5.0 0.171107 99.9849
4.0 5.0 0.160979 99.9788
4.0 5.0 0.18324 99.9674
4.0 5.0 0.188474 99.9762
4.0 5.0 0.174348 99.9522
4.0 5.0 0.178201 99.9762
4.0 5.0 0.178829 99.9811
4.0 5.0 0.165032 99.9761
4.0 5.0 0.16595 99.9842
4.0 5.0 0.178998 99.9762
4.0 5.0 0.183013 99.9752
4.0 5.0 0.166359 99.9976
4.0 5.0 0.168501 99.9515
4.0 5.0 0.191663 99.9787
4.0 5.0 0.162568 99.9764
4.0 5.0 0.177248 99.9892
4.0 5.0 0.15096 99.9546
4.0 5.0 0.167439 99.9978
4.0 5.0 0.184879 99.9899
4.0 5.0 0.187937 99.9773
4.0 5.0 0.169887 99.9752
4.0 5.0 0.175854 99.9762
4.0 5.0 0.179747 99.9752
4.0 5.0 0.182132 99.9893
4.0 5.0 0.174254 99.9719
4.0 5.0 0.185089 99.9762
4.0 5.0 0.176112 99.9993
4.0 5.0 0.176259 99.9899
4.0 5.0 0.173244 99.9953
4.0 5.0 0.178172 99.9788
4.0 5.0 0.174787 99.9515
4.0 5.0 0.183689 99.9924
4.0 5.0 0.191271 99.9515
4.0 5.0 0.181452 99.9832
4.0 5.0 0.185015 99.9762
4.0 5.0 0.187753 99.9515
4.0 5.0 0.19017 99.9887
4.0 5.0 0.183021 99.9752
4.0 5.0 0.172209 99.9918
4.0 5.0 0.170768 99.9762
4.0 5.0 0.189106 99.9531
4.0 6.0 0.163202 99.9837
4.0 6.0 0.157309 99.9762
4.0 6.0 0.165715 99.9762
4.0 6.0 0.176102 99.9685
4.0 6.0 0.169393 99.9632
4.0 6.0 0.163518 99.988
4.0 6.0 0.176905 99.9762
4.0 6.0 0.167266 99.9631
4.0 6.0 0.165593 100.0
4.0 6.0 0.156568 99.998
4.0 6.0 0.169622 99.9989
4.0 6.0 0.161958 99.9877
4.0 6.0 0.151621 99.9762
4.0 6.0 0.154589 99.984
4.0 6.0 0.180316 99.9762
4.0 6.0 0.170233 99.9762
4.0 6.0 0.18161 99.9857
4.0 6.0 0.172274 99.9752
4.0 6.0 0.172345 99.9762
4.0 6.0 0.16786 99.9972
4.0 6.0 0.171328 99.9777
4.0 6.0 0.149561 99.9837
4.0 6.0 0.172378 99.9692
4.0 6.0 0.160198 99.9886
4.0 6.0 0.171148 99.994
4.0 6.0 0.165545 99.9787
4.0 6.0 0.175166 99.9787
4.0 6.0 0.160568 99.9515
4.0 6.0 0.172171 99.9515
4.0 6.0 0.162773 99.9965
4.0 6.0 0.161231 99.9842
4.0 6.0 0.158762 99.9824
4.0 6.0 0.165628 99.988
4.0 6.0 0.162278 99.9923
4.0 6.0 0.164971 99.9823
4.0 6.0 0.14405 99.9931
4.0 6.0 0.157162 99.9993
4.0 6.0 0.149556 99.9752
4.0 6.0 0.173359 99.999
4.0 6.0 0.169871 99.9377
4.0 6.0 0.17115 99.9923
4.0 6.0 0.174485 99.9762
4.0 6.0 0.16143 99.9762
4.0 6.0 0.173065 99.9752
4.0 6.0 0.177018 99.9765
4.0 6.0 0.172295 99.9883
4.0 6.0 0.162963 99.9985
4.0 6.0 0.158934 99.9752
4.0 6.0 0.160955 99.9887
4.0 6.0 0.164931 99.9762
4.0 7.0 0.139622 99.995
4.0 7.0 0.144507 99.9789
4.0 7.0 0.148786 99.9823
4.0 7.0 0.143007 99.9611
4.0 7.0 0.14563 99.9762
4.0 7.0 0.149182 99.9546
4.0 7.0 0.76927 99.9762
4.0 7.0 0.795732 99.9762
4.0 7.0 0.138985 99.9919
4.0 7.0 0.139281 99.9957
4.0 7.0 0.171973 99.9647
4.0 7.0 0.136767 99.9762
4.0 7.0 0.695919 99.9796
4.0 7.0 0.141335 99.9546
4.0 7.0 0.145768 99.9952
4.0 7.0 0.14684 99.9758
4.0 7.0 0.695361 99.9695
4.0 7.0 0.140793 99.9656
4.0 7.0 0.169406 99.9762
4.0 7.0 0.143516 99.9752
4.0 7.0 0.156486 99.9515
4.0 7.0 0.130515 99.9553
4.0 7.0 0.775088 99.9546
4.0 7.0 0.15626 99.962
4.0 7.0 0.142396 99.9795
4.0 7.0 0.148631 99.9759
4.0 7.0 0.145314 99.9897
4.0 7.0 0.129282 99.9752
4.0 7.0 0.145896 99.9546
4.0 7.0 0.60657 99.9752
4.0 7.0 0.140748 99.924
4.0 7.0 0.132757 99.9787
4.0 7.0 0.149466 99.99
4.0 7.0 0.157562 99.9762
4.0 7.0 0.148425 99.9971
4.0 7.0 0.14699 99.9895
4.0 7.0 0.220348 99.9884
4.0 7.0 0.137453 99.9762
4.0 7.0 0.135281 99.9762
4.0 7.0 0.150269 99.9865
4.0 7.0 0.1531 99.996
4.0 7.0 0.143079 99.9893
4.0 7.0 0.14193 99.9864
4.0 7.0 0.604108 99.9752
4.0 7.0 0.149034 99.9762
4.0 7.0 0.563777 99.9752
4.0 7.0 0.138691 99.9955
4.0 7.0 0.153013 99.9869
4.0 7.0 0.146038 99.9859
4.0 7.0 0.150368 99.9762
5.0 1.0 55.4199 -20.9406
5.0 1.0 55.374 -20.9406
5.0 1.0 57.2457 -20.9406
5.0 1.0 55.1797 -21.0462
5.0 1.0 55.5317 -20.797
5.0 1.0 55.0935 -20.9406
5.0 1.0 55.4946 -20.9406
5.0 1.0 55.1376 -20.9406
5.0 1.0 55.5988 -21.0462
5.0 1.0 55.3591 -21.0462
5.0 1.0 55.3003 -20.797
5.0 1.0 58.6165 -20.9406
5.0 1.0 55.1186 -21.0462
5.0 1.0 54.8411 -20.9406
5.0 1.0 55.4053 -20.797
5.0 1.0 55.1895 -20.9406
5.0 1.0 55.6993 -20.797
5.0 1.0 55.2465 -21.0462
5.0 1.0 55.58 -20.797
5.0 1.0 55.2421 -20.9406
5.0 1.0 55.1212 -21.0462
5.0 1.0 55.4025 -20.797
5.0 1.0 55.2653 -21.0462
5.0 1.0 55.3366 -20.9406
5.0 1.0 55.5102 -21.0462
5.0 1.0 55.0998 -20.9406
5.0 1.0 55.1598 -20.9406
5.0 1.0 55.3367 -20.9406
5.0 1.0 55.5759 -21.0462
5.0 1.0 57.2074 -20.9406
5.0 1.0 55.4192 -20.9406
5.0 1.0 54.9736 -20.9406
5.0 1.0 55.2331 -21.0462
5.0 1.0 55.3089 -21.0462
5.0 1.0 55.746 -20.797
5.0 1.0 55.4561 -20.797
5.0 1.0 55.4446 -20.9406
5.0 1.0 55.4978 -21.0462
5.0 1.0 55.5316 -20.9406
5.0 1.0 55.222 -21.0462
5.0 1.0 55.1366 -21.0462
5.0 1.0 55.1627 -20.9406
5.0 1.0 55.2985 -20.9406
5.0 1.0 54.8437 -20.9406
5.0 1.0 55.5171 -21.0462
5.0 1.0 55.2854 -21.0462
5.0 1.0 55.6459 -20.797
5.0 1.0 55.4422 -20.9406
5.0 1.0 55.6289 -20.797
5.0 1.0 55.063 -20.9406
5.0 2.0 27.826 -20.9406
5.0 2.0 27.9652 -20.797
5.0 2.0 27.891 -20.9406
5.0 2.0 27.8424 -21.0462
5.0 2.0 27.5776 -20.9406
5.0 2.0 27.8361 -20.9406
5.0 2.0 27.5513 -21.0462
5.0 2.0 29.6553 -21.0462
5.0 2.0 27.7895 -20.9406
5.0 2.0 27.858 -20.797
5.0 2.0 27.9224 -21.0462
5.0 2.0 27.8918 -20.9406
5.0 2.0 27.7207 -20.797
5.0 2.0 27.8409 -21.0462
5.0 2.0 27.5112 -20.9406
5.0 2.0 27.8095 -20.9406
5.0 2.0 27.5864 -20.9406
5.0 2.0 27.8784 -21.0462
5.0 2.0 27.8885 -20.8427
5.0 2.0 27.8819 -21.0462
5.0 2.0 27.523 -20.9406
5.0 2.0 27.6643 -20.9406
5.0 2.0 27.8963 -20.9406
5.0 2.0 27.8667 -20.797
5.0 2.0 27.8042 -20.9406
5.0 2.0 27.9045 -21.0462
5.0 2.0 27.9005 -20.9406
5.0 2.0 27.5261 -21.0462
5.0 2.0 27.54 -20.9406
5.0 2.0 27.8024 -20.9406
5.0 2.0 27.8842 -20.9406
5.0 2.0 27.85 -21.0462
5.0 2.0 27.9343 -20.9406
5.0 2.0 27.6785 -20.797
5.0 2.0 27.8586 -20.9406
5.0 2.0 27.8761 -20.9406
5.0 2.0 27.5854 -21.0462
5.0 2.0 27.5874 -20.9406
5.0 2.0 27.5468 -20.9406
5.0 2.0 27.836 -20.9406
5.0 2.0 27.8598 -21.0462
5.0 2.0 27.6425 -21.0462
5.0 2.0 27.9104 -20.797
5.0 2.0 27.8633 -20.9406
5.0 2.0 27.9171 -20.9406
5.0 2.0 27.8967 -20.9406
5.0 2.0 27.8708 -20.9406
5.0 2.0 27.8828 -21.0462
5.0 2.0 30.0072 -21.0462
5.0 2.0 27.5135 -20.9406
5.0 3.0 18.8625 -20.9406
5.0 3.0 20.5312 -20.9406
5.0 3.0 18.8345 -21.0462
5.0 3.0 18.8428 -20.9406
5.0 3.0 19.0041 -20.797
5.0 3.0 18.8394 -20.9406
5.0 3.0 18.8931 -21.0462
5.0 3.0 18.8984 -21.0462
5.0 3.0 18.8601 -20.9406
5.0 3.0 20.6772 -21.0462
5.0 3.0 18.914 -20.9406
5.0 3.0 18.9092 -20.9406
5.0 3.0 18.8338 -21.0462
5.0 3.0 18.8998 -21.0462
5.0 3.0 18.8601 -20.9406
5.0 3.0 18.9331 -20.9406
5.0 3.0 18.8985 -20.9406
5.0 3.0 18.8646 -21.0462
5.0 3.0 18.8512 -20.9406
5.0 3.0 18.8598 -20.9406
5.0 3.0 18.9511 -20.797
5.0 3.0 18.8486 -21.0462
5.0 3.0 18.8399 -20.9406
5.0 3.0 18.8518 -20.8043
5.0 3.0 18.9736 -20.7985
5.0 3.0 18.8525 -20.9406
5.0 3.0 18.8345 -20.9406
5.0 3.0 18.8801 -20.797
5.0 3.0 18.8924 -21.0462
5.0 3.0 18.9467 -20.797
5.0 3.0 18.8511 -20.9406
5.0 3.0 18.9266 -20.797
5.0 3.0 18.8687 -20.9406
5.0 3.0 18.9281 -20.9406
5.0 3.0 19.0185 -20.797
5.0 3.0 19.6299 -20.9406
5.0 3.0 18.9363 -21.0462
5.0 3.0 18.8219 -21.0462
5.0 3.0 18.8821 -20.9406
5.0 3.0 18.9437 -20.797
5.0 3.0 18.8663 -20.9406
5.0 3.0 18.8925 -21.0462
5.0 3.0 18.8772 -21.0462
5.0 3.0 18.8373 -20.9406
5.0 3.0 18.9178 -20.9406
5.0 3.0 18.8384 -20.9406
5.0 3.0 18.827 -20.9406
5.0 3.0 18.8642 -20.9406
5.0 3.0 18.8967 -20.9406
5.0 3.0 19.0372 -20.797
5.0 4.0 13.9857 -20.797
5.0 4.0 13.8379 -21.0462
5.0 4.0 13.8464 -20.9406
5.0 4.0 13.8207 -20.9406
5.0 4.0 13.8516 -20.9406
5.0 4.0 13.8797 -21.0462
5.0 4.0 13.9014 -21.0462
5.0 4.0 13.8795 -20.9406
5.0 4.0 13.8492 -20.9406
5.0 4.0 13.8404 -20.9406
5.0 4.0 13.8522 -20.9406
5.0 4.0 13.867 -20.9406
5.0 4.0 13.8616 -21.0462
5.0 4.0 13.8794 -20.9406
5.0 4.0 13.8654 -20.9406
5.0 4.0 13.8614 -20.9406
5.0 4.0 13.8445 -20.9406
5.0 4.0 13.8532 -21.0462
5.0 4.0 13.8408 -20.9406
5.0 4.0 14.0167 -20.797
5.0 4.0 13.8564 -21.0462
5.0 4.0 13.845 -21.0462
5.0 4.0 13.8502 -21.0462
5.0 4.0 13.8703 -20.9406
5.0 4.0 13.8608 -21.0462
5.0 4.0 13.9577 -20.797
5.0 4.0 13.8714 -20.9406
5.0 4.0 13.8361 -20.9406
5.0 4.0 13.8416 -20.9406
5.0 4.0 13.9408 -20.9406
5.0 4.0 13.8369 -21.0462
5.0 4.0 13.8598 -20.9406
5.0 4.0 13.9549 -20.9406
5.0 4.0 13.8704 -20.9406
5.0 4.0 13.8475 -20.9406
5.0 4.0 13.8357 -20.9406
5.0 4.0 13.8526 -20.9406
5.0 4.0 13.8344 -20.9406
5.0 4.0 13.8407 -20.9406
5.0 4.0 13.8515 -21.0462
5.0 4.0 13.8522 -20.9406
5.0 4.0 13.8489 -21.0462
5.0 4.0 13.8528 -20.9406
5.0 4.0 13.8523 -20.9406
5.0 4.0 13.8425 -20.9406
5.0 4.0 13.8415 -20.9406
5.0 4.0 13.8436 -21.0462
5.0 4.0 13.853 -20.9406
5.0 4.0 13.8514 -20.9406
5.0 4.0 13.8518 -21.0462
5.0 5.0 11.2647 -21.0462
5.0 5.0 12.1894 -20.9406
5.0 5.0 11.254 -20.9406
5.0 5.0 12.2019 -20.9406
5.0 5.0 12.4508 -20.9406
5.0 5.0 11.2939 -20.797
5.0 5.0 12.2604 -21.0462
5.0 5.0 12.2522 -20.9406
5.0 5.0 11.2514 -20.9406
5.0 5.0 11.288 -21.0462
5.0 5.0 11.1954 -20.9406
5.0 5.0 11.3053 -20.797
5.0 5.0 11.2673 -20.9406
5.0 5.0 12.1484 -20.9406
5.0 5.0 12.168 -20.9406
5.0 5.0 12.4281 -21.0462
5.0 5.0 12.1704 -20.9406
5.0 5.0 12.3432 -20.797
5.0 5.0 11.3878 -20.797
5.0 5.0 12.252 -21.0462
5.0 5.0 11.1841 -21.0462
5.0 5.0 11.1586 -20.9406
5.0 5.0 12.2413 -20.9406
5.0 5.0 12.469 -20.9406
5.0 5.0 11.2707 -20.9406
5.0 5.0 12.2056 -20.9406
5.0 5.0 11.169 -20.9406
5.0 5.0 12.2021 -21.0462
5.0 5.0 12.2319 -20.9406
5.0 5.0 11.1912 -21.0462
5.0 5.0 11.3151 -20.9406
5.0 5.0 12.2102 -20.9406
5.0 5.0 12.4824 -20.9406
5.0 5.0 12.4931 -20.9406
5.0 5.0 11.1727 -20.9406
5.0 5.0 12.2504 -20.9406
5.0 5.0 12.4467 -20.9406
5.0 5.0 12.337 -21.0462
5.0 5.0 12.4122 -20.797
5.0 5.0 12.2165 -21.0462
5.0 5.0 11.1933 -21.0462
5.0 5.0 12.227 -21.0462
5.0 5.0 12.4254 -20.9406
5.0 5.0 12.3911 -20.797
5.0 5.0 11.1575 -20.9406
5.0 5.0 12.3442 -20.9406
5.0 5.0 11.1632 -20.9406
5.0 5.0 12.4735 -20.9406
5.0 5.0 12.2356 -20.9406
5.0 5.0 11.2835 -20.9406
5.0 6.0 11.1654 -20.9406
5.0 6.0 12.0491 -20.9406
5.0 6.0 11.0816 -21.0462
5.0 6.0 12.0802 -20.9406
5.0 6.0 11.1515 -20.9406
5.0 6.0 11.1629 -20.9406
5.0 6.0 11.1334 -20.9406
5.0 6.0 12.4044 -20.9406
5.0 6.0 11.1639 -20.9406
5.0 6.0 12.0184 -20.797
5.0 6.0 11.2383 -20.797
5.0 6.0 11.8597 -20.9406
5.0 6.0 12.0865 -21.0462
5.0 6.0 11.1779 -20.9406
5.0 6.0 11.1202 -20.9406
5.0 6.0 12.0725 -20.797
5.0 6.0 11.9023 -21.0462
5.0 6.0 11.9236 -20.9406
5.0 6.0 11.0741 -20.9406
5.0 6.0 11.1555 -21.0462
5.0 6.0 11.1211 -20.9406
5.0 6.0 11.266 -20.9406
5.0 6.0 11.9728 -20.797
5.0 6.0 11.1285 -20.9406
5.0 6.0 11.9155 -21.0462
5.0 6.0 12.0212 -20.9406
5.0 6.0 12.4432 -21.0462
5.0 6.0 11.8544 -21.0462
5.0 6.0 11.1534 -20.9406
5.0 6.0 12.0606 -20.9406
5.0 6.0 11.8857 -20.9406
5.0 6.0 12.0089 -21.0462
5.0 6.0 12.2623 -21.0462
5.0 6.0 11.1535 -21.0462
5.0 6.0 12.0891 -21.0462
5.0 6.0 11.1697 -20.9406
5.0 6.0 11.128 -20.9406
5.0 6.0 11.865 -21.0462
5.0 6.0 11.0717 -20.9406
5.0 6.0 11.1523 -20.9406
5.0 6.0 11.284 -21.0462
5.0 6.0 11.8039 -21.0462
5.0 6.0 12.0625 -20.9406
5.0 6.0 11.1726 -20.9406
5.0 6.0 11.1575 -21.0462
5.0 6.0 11.9302 -20.9406
5.0 6.0 11.8527 -20.9406
5.0 6.0 12.2345 -21.0462
5.0 6.0 11.2852 -20.9406
5.0 6.0 11.1659 -20.9406
5.0 6.0 11.1659 -20.9406
5.0 6.0 11.1659 -20.9406
5.0 6.0 11.1659 -20.9406
5.0 6.0 11.1659 -20.9406
5.0 6.0 11.1659 -20.9406
5.0 6.0 11.1659 -20.9406
5.0 6.0 11.1659 -20.9406
5.0 6.0 11.1659 -20.9406
5.0 6.0 11.1659 -20.9406
5.0 6.0 11.1659 -20.9406
5.0 6.0 11.1659 -20.9406
5.0 6.0 11.1659 -20.9406
5.0 6.0 11.1659 -20.9406
5.0 6.0 11.1659 -20.9406
5.0 6.0 11.1659 -20.9406
5.0 6.0 11.1659 -20.9406
5.0 6.0 11.1659 -20.9406
5.0 6.0 11.1659 -20.9406
5.0 6.0 11.1659 -20.9406
5.0 6.0 11.1659 -20.9406
5.0 6.0 11.1659 -20.9406
5.0 6.0 11.1659 -20.9406
5.0 6.0 11.1659 -20.9406
5.0 6.0 11.1659 -20.9406
5.0 6.0 11.1659 -20.9406
5.0 6.0 11.1659 -20.9406
5.0 6.0 11.1659 -20.9406
5.0 6.0 11.1659 -20.9406
5.0 6.0 11.1659 -20.9406
5.0 6.0 11.1659 -20.9406
5.0 6.0 11.1659 -20.9406
5.0 6.0 11.1659 -20.9406
5.0 6.0 11.1659 -20.9406
5.0 6.0 11.1659 -20.9406
5.0 6.0 11.1659 -20.9406
5.0 6.0 11.1659 -20.9406
5.0 6.0 11.1659 -20.9406
5.0 6.0 11.1659 -20.9406
5.0 6.0 11.1659 -20.9406
5.0 6.0 11.1659 -20.9406
5.0 6.0 11.1659 -20.9406
5.0 6.0 11.1659 -20.9406
5.0 6.0 11.1659 -20.9406
5.0 6.0 11.1659 -20.9406
5.0 6.0 11.1659 -20.9406
5.0 6.0 11.1659 -20.9406
5.0 6.0 11.1659 -20.9406
5.0 6.0 11.1659 -20.9406
5.0 6.0 11.1659 -20.9406
5.0 6.0 11.1659 -20.9406
