0.0 3.0 0.470823 2.04198
0.0 3.0 0.964842 2.04197
0.0 3.0 2.0422 2.04198
0.0 3.0 1.92511 2.04198
0.0 3.0 0.970114 2.04198
0.0 3.0 0.964843 2.04198
0.0 3.0 1.18057 2.04198
0.0 3.0 0.980559 2.04198
0.0 3.0 0.445956 2.04198
0.0 3.0 0.447841 2.04197
0.0 3.0 0.411813 2.04198
0.0 3.0 0.46137 2.04197
0.0 3.0 0.466822 2.04198
0.0 3.0 0.453667 2.04197
0.0 3.0 0.473494 2.04197
0.0 3.0 0.444841 2.04197
0.0 3.0 1.06817 2.04198
0.0 3.0 1.55476 2.04197
0.0 3.0 1.03506 2.04197
0.0 3.0 2.07136 2.04198
0.0 3.0 1.08691 2.04197
0.0 3.0 0.480632 2.04197
0.0 3.0 1.91966 2.04198
0.0 3.0 0.958756 2.04197
0.0 3.0 2.06862 2.04198
0.0 3.0 1.00344 2.04198
0.0 3.0 1.1145 2.04197
0.0 3.0 0.463692 2.04198
0.0 3.0 1.9091 2.04197
0.0 3.0 0.455694 2.04198
0.0 3.0 0.453761 2.04198
0.0 3.0 0.411415 2.04197
0.0 3.0 0.45551 2.04197
0.0 3.0 0.411855 2.04197
0.0 3.0 1.74307 2.04198
0.0 3.0 0.469072 2.04197
0.0 3.0 0.949786 2.04197
0.0 3.0 1.71804 2.04198
0.0 3.0 0.471291 2.04197
0.0 3.0 1.0374 2.04198
0.0 3.0 1.13625 2.04197
0.0 3.0 1.37045 2.04198
0.0 3.0 0.979874 2.04198
0.0 3.0 0.980422 2.04197
0.0 3.0 0.446994 2.04197
0.0 3.0 1.04335 2.04198
0.0 3.0 0.402004 2.04197
0.0 3.0 1.09753 2.04197
0.0 3.0 1.06664 2.04198
0.0 3.0 1.54667 2.04197
0.0 4.0 0.959494 2.04197
0.0 4.0 1.07437 2.04198
0.0 4.0 1.57972 2.04198
0.0 4.0 0.985408 2.04198
0.0 4.0 1.0619 2.04198
0.0 4.0 1.08594 2.04198
0.0 4.0 0.978749 2.04197
0.0 4.0 1.05952 2.04198
0.0 4.0 1.07595 2.04198
0.0 4.0 1.41195 2.04198
0.0 4.0 0.942516 2.04198
0.0 4.0 1.02955 2.04197
0.0 4.0 1.02364 2.04198
0.0 4.0 0.778611 2.04197
0.0 4.0 1.93117 2.04198
0.0 4.0 1.06209 2.04198
0.0 4.0 0.484612 2.04198
0.0 4.0 1.61192 2.04197
0.0 4.0 0.451699 2.04198
0.0 4.0 1.61178 2.04198
0.0 4.0 1.0541 2.04198
0.0 4.0 1.64325 2.04198
0.0 4.0 0.477421 2.04198
0.0 4.0 1.77426 2.04198
0.0 4.0 0.472924 2.04197
0.0 4.0 1.55252 2.04197
0.0 4.0 0.464994 2.04197
0.0 4.0 1.47751 2.04197
0.0 4.0 0.451888 2.04197
0.0 4.0 0.768678 2.04197
0.0 4.0 0.711459 2.04197
0.0 4.0 0.520107 2.04198
0.0 4.0 1.66017 2.04197
0.0 4.0 1.06405 2.04198
0.0 4.0 0.461914 2.04198
0.0 4.0 1.58462 2.04197
0.0 4.0 1.61402 2.04197
0.0 4.0 1.06449 2.04198
0.0 4.0 0.481721 2.04198
0.0 4.0 0.488701 2.04198
0.0 4.0 1.0707 2.04198
0.0 4.0 0.760557 2.04198
0.0 4.0 1.0161 2.04197
0.0 4.0 0.505604 2.04197
0.0 4.0 0.909747 2.04198
0.0 4.0 0.944439 2.04198
0.0 4.0 1.08269 2.04197
0.0 4.0 0.990549 2.04197
0.0 4.0 0.485737 2.04197
0.0 4.0 1.5621 2.04197
0.0 5.0 0.569617 2.04198
0.0 5.0 0.719222 2.04197
0.0 5.0 0.579484 2.04198
0.0 5.0 0.578305 2.04197
0.0 5.0 0.702022 2.04197
0.0 5.0 0.67254 2.04197
0.0 5.0 0.577923 2.04197
0.0 5.0 0.554481 2.04197
0.0 5.0 0.745865 2.04197
0.0 5.0 0.687382 2.04198
0.0 5.0 0.687147 2.04197
0.0 5.0 0.562655 2.04198
0.0 5.0 1.33835 2.04198
0.0 5.0 0.796003 2.04198
0.0 5.0 0.558252 2.04197
0.0 5.0 0.565712 2.04197
0.0 5.0 0.571781 2.04197
0.0 5.0 0.797655 2.04197
0.0 5.0 0.612621 2.04197
0.0 5.0 0.742234 2.04197
0.0 5.0 0.686072 2.04197
0.0 5.0 0.571535 2.04197
0.0 5.0 0.56087 2.04197
0.0 5.0 0.788206 2.04198
0.0 5.0 0.680048 2.04197
0.0 5.0 0.635148 2.04197
0.0 5.0 0.76151 2.04197
0.0 5.0 0.824121 2.04198
0.0 5.0 1.16561 2.04197
0.0 5.0 0.560739 2.04197
0.0 5.0 0.559186 2.04197
0.0 5.0 0.857902 2.04197
0.0 5.0 0.679753 2.04197
0.0 5.0 0.688558 2.04198
0.0 5.0 0.562673 2.04197
0.0 5.0 0.561778 2.04197
0.0 5.0 0.577195 2.04197
0.0 5.0 0.888803 2.04198
0.0 5.0 0.577005 2.04197
0.0 5.0 0.794981 2.04198
0.0 5.0 0.662925 2.04197
0.0 5.0 1.03226 2.04197
0.0 5.0 0.579372 2.04197
0.0 5.0 0.567366 2.04198
0.0 5.0 0.535083 2.04198
0.0 5.0 0.684377 2.04198
0.0 5.0 0.552543 2.04197
0.0 5.0 0.564942 2.04197
0.0 5.0 0.788137 2.04198
0.0 5.0 0.7112 2.04197
0.0 7.0 0.879109 2.04198
0.0 7.0 0.657076 2.04197
0.0 7.0 0.818331 2.04198
0.0 7.0 0.719054 2.04197
0.0 7.0 0.865639 2.04197
0.0 7.0 0.668154 2.04198
0.0 7.0 0.686619 2.04197
0.0 7.0 0.637549 2.04197
0.0 7.0 0.847958 2.04197
0.0 7.0 0.860572 2.04197
0.0 7.0 0.716471 2.04197
0.0 7.0 0.644054 2.04197
0.0 7.0 0.636821 2.04197
0.0 7.0 1.14419 2.04198
0.0 7.0 0.725191 2.04198
0.0 7.0 1.27409 2.04197
0.0 7.0 0.634695 2.04197
0.0 7.0 0.661068 2.04197
0.0 7.0 0.765128 2.04197
0.0 7.0 0.713512 2.04197
0.0 7.0 1.04048 2.04197
0.0 7.0 0.861356 2.04197
0.0 7.0 0.665759 2.04197
0.0 7.0 0.635246 2.04197
0.0 7.0 0.640139 2.04197
0.0 7.0 0.734096 2.04198
0.0 7.0 0.843683 2.04197
0.0 7.0 0.639497 2.04197
0.0 7.0 0.651048 2.04197
0.0 7.0 0.726694 2.04197
0.0 7.0 1.12249 2.04197
0.0 7.0 0.728836 2.04198
0.0 7.0 0.682408 2.04197
0.0 7.0 0.639845 2.04197
0.0 7.0 0.84232 2.04197
0.0 7.0 1.50242 2.04197
0.0 7.0 0.702884 2.04198
0.0 7.0 0.638641 2.04197
0.0 7.0 0.851991 2.04197
0.0 7.0 0.977877 2.04197
0.0 7.0 0.706862 2.04197
0.0 7.0 0.642366 2.04197
0.0 7.0 0.646951 2.04197
0.0 7.0 0.707594 2.04198
0.0 7.0 0.642366 2.04197
0.0 7.0 0.664646 2.04198
0.0 7.0 0.719292 2.04198
0.0 7.0 0.677273 2.04197
0.0 7.0 0.711531 2.04197
0.0 7.0 0.884743 2.04198
0.0 8.0 0.677022 2.04197
0.0 8.0 0.711935 2.04197
0.0 8.0 0.736437 2.04198
0.0 8.0 0.692513 2.04197
0.0 8.0 0.670848 2.04197
0.0 8.0 0.664694 2.04197
0.0 8.0 0.671534 2.04197
0.0 8.0 0.670811 2.04197
0.0 8.0 0.66546 2.04197
0.0 8.0 1.01507 2.04198
0.0 8.0 1.18468 2.04198
0.0 8.0 0.664194 2.04197
0.0 8.0 0.66503 2.04197
0.0 8.0 0.657839 2.04198
0.0 8.0 0.682721 2.04197
0.0 8.0 0.755003 2.04198
0.0 8.0 0.678848 2.04197
0.0 8.0 0.6668 2.04197
0.0 8.0 0.67348 2.04197
0.0 8.0 1.37484 2.04198
0.0 8.0 1.03511 2.04198
0.0 8.0 0.717584 2.04197
0.0 8.0 1.45008 2.04197
0.0 8.0 0.662287 2.04197
0.0 8.0 0.73419 2.04197
0.0 8.0 0.65122 2.04197
0.0 8.0 0.663664 2.04197
0.0 8.0 0.656896 2.04197
0.0 8.0 0.940113 2.04198
0.0 8.0 0.664114 2.04197
0.0 8.0 0.747129 2.04197
0.0 8.0 0.723603 2.04198
0.0 8.0 0.649521 2.04198
0.0 8.0 0.673403 2.04198
0.0 8.0 0.678032 2.04197
0.0 8.0 0.740234 2.04197
0.0 8.0 1.23782 2.04198
0.0 8.0 0.71512 2.04197
0.0 8.0 0.672937 2.04197
0.0 8.0 1.55565 2.04198
0.0 8.0 0.63886 2.04198
0.0 8.0 0.65771 2.04197
0.0 8.0 0.67496 2.04197
0.0 8.0 0.858714 2.04198
0.0 8.0 0.670773 2.04198
0.0 8.0 0.695685 2.04198
0.0 8.0 0.729159 2.04197
0.0 8.0 0.812257 2.04197
0.0 8.0 0.681887 2.04197
0.0 8.0 0.661887 2.04197
0.0 9.0 0.814783 2.04198
0.0 9.0 0.739816 2.04197
0.0 9.0 1.00912 2.04197
0.0 9.0 1.12868 2.04197
0.0 9.0 0.739105 2.04198
0.0 9.0 0.784875 2.04198
0.0 9.0 0.805113 2.04198
0.0 9.0 0.743114 2.04198
0.0 9.0 0.737126 2.04198
0.0 9.0 0.738844 2.04197
0.0 9.0 0.995845 2.04197
0.0 9.0 0.876687 2.04197
0.0 9.0 0.748866 2.04197
0.0 9.0 0.774402 2.04197
0.0 9.0 0.801918 2.04197
0.0 9.0 0.767612 2.04198
0.0 9.0 0.744766 2.04197
0.0 9.0 0.75028 2.04197
0.0 9.0 0.935098 2.04197
0.0 9.0 1.19622 2.04198
0.0 9.0 0.723888 2.04198
0.0 9.0 0.7593 2.04197
0.0 9.0 0.759422 2.04198
0.0 9.0 0.74335 2.04197
0.0 9.0 0.733836 2.04197
0.0 9.0 0.738814 2.04197
0.0 9.0 0.746357 2.04197
0.0 9.0 1.1759 2.04197
0.0 9.0 0.741581 2.04197
0.0 9.0 0.744419 2.04197
0.0 9.0 0.83783 2.04198
0.0 9.0 0.749004 2.04197
0.0 9.0 0.695802 2.04197
0.0 9.0 1.16243 2.04197
0.0 9.0 0.712161 2.04197
0.0 9.0 1.0045 2.04197
0.0 9.0 0.742278 2.04197
0.0 9.0 1.21834 2.04197
0.0 9.0 0.932731 2.04198
0.0 9.0 0.74755 2.04197
0.0 9.0 0.744046 2.04198
0.0 9.0 1.176 2.04197
0.0 9.0 0.740961 2.04197
0.0 9.0 0.73076 2.04197
0.0 9.0 1.19255 2.04197
0.0 9.0 0.743674 2.04197
0.0 9.0 0.818459 2.04197
0.0 9.0 1.00268 2.04197
0.0 9.0 0.76549 2.04198
0.0 9.0 0.754368 2.04197
0.0 15.0 0.810385 2.04197
0.0 15.0 0.817374 2.04197
0.0 15.0 0.792357 2.04197
0.0 15.0 0.803035 2.04197
0.0 15.0 0.811541 2.04197
0.0 15.0 0.830511 2.04197
0.0 15.0 0.84055 2.04197
0.0 15.0 0.803885 2.04197
0.0 15.0 0.833814 2.04197
0.0 15.0 0.82434 2.04197
0.0 15.0 0.822485 2.04197
0.0 15.0 0.818274 2.04197
0.0 15.0 0.819714 2.04197
0.0 15.0 0.804157 2.04197
0.0 15.0 0.798021 2.04197
0.0 15.0 0.798978 2.04197
0.0 15.0 0.81632 2.04198
0.0 15.0 0.828407 2.04197
0.0 15.0 0.853442 2.04197
0.0 15.0 0.823458 2.04197
0.0 15.0 0.83162 2.04197
0.0 15.0 0.830275 2.04198
0.0 15.0 0.82501 2.04197
0.0 15.0 0.829603 2.04197
0.0 15.0 0.85098 2.04198
0.0 15.0 0.818593 2.04197
0.0 15.0 0.80249 2.04197
0.0 15.0 0.852492 2.04197
0.0 15.0 0.829394 2.04197
0.0 15.0 0.828797 2.04198
0.0 15.0 0.818301 2.04197
0.0 15.0 0.802729 2.04198
0.0 15.0 0.821688 2.04197
0.0 15.0 0.820242 2.04197
0.0 15.0 0.844976 2.04197
0.0 15.0 0.829262 2.04197
0.0 15.0 0.841548 2.04197
0.0 15.0 0.838219 2.04197
0.0 15.0 0.832286 2.04197
0.0 15.0 0.827287 2.04197
0.0 15.0 0.807709 2.04198
0.0 15.0 0.956917 2.04197
0.0 15.0 0.841809 2.04197
0.0 15.0 0.831826 2.04198
0.0 15.0 0.803989 2.04197
0.0 15.0 0.819887 2.04197
0.0 15.0 0.814719 2.04198
0.0 15.0 0.847314 2.04197
0.0 15.0 0.791838 2.04197
0.0 15.0 0.831141 2.04197
0.0 16.0 0.796699 2.04198
0.0 16.0 0.796309 2.04197
0.0 16.0 1.51368 2.04197
0.0 16.0 0.806582 2.04198
0.0 16.0 0.802019 2.04198
0.0 16.0 0.802311 2.04198
0.0 16.0 0.800761 2.04197
0.0 16.0 0.793979 2.04198
0.0 16.0 0.80082 2.04197
0.0 16.0 0.830536 2.04197
0.0 16.0 0.820306 2.04197
0.0 16.0 0.788123 2.04197
0.0 16.0 0.799327 2.04197
0.0 16.0 1.72963 2.04197
0.0 16.0 0.799542 2.04198
0.0 16.0 0.806538 2.04197
0.0 16.0 0.817164 2.04198
0.0 16.0 0.849047 2.04198
0.0 16.0 0.815543 2.04197
0.0 16.0 0.836644 2.04197
0.0 16.0 0.814236 2.04198
0.0 16.0 1.51034 2.04197
0.0 16.0 0.772542 2.04197
0.0 16.0 0.797763 2.04197
0.0 16.0 0.792335 2.04197
0.0 16.0 0.805366 2.04198
0.0 16.0 0.824538 2.04197
0.0 16.0 0.789592 2.04198
0.0 16.0 0.806927 2.04198
0.0 16.0 0.797905 2.04197
0.0 16.0 0.79836 2.04197
0.0 16.0 0.796734 2.04197
0.0 16.0 0.904503 2.04197
0.0 16.0 0.806965 2.04197
0.0 16.0 0.809362 2.04198
0.0 16.0 0.806723 2.04197
0.0 16.0 0.813807 2.04198
0.0 16.0 0.797549 2.04198
0.0 16.0 0.781864 2.04197
0.0 16.0 0.799199 2.04197
0.0 16.0 0.803815 2.04198
0.0 16.0 0.799215 2.04197
0.0 16.0 0.798781 2.04197
0.0 16.0 0.795955 2.04197
0.0 16.0 0.793937 2.04198
0.0 16.0 0.801096 2.04198
0.0 16.0 0.809099 2.04197
0.0 16.0 0.787641 2.04197
0.0 16.0 1.0366 2.04197
0.0 16.0 0.803962 2.04197
0.0 17.0 0.940827 2.04197
0.0 17.0 1.05487 2.04198
0.0 17.0 1.54412 2.04198
0.0 17.0 1.53232 2.04198
0.0 17.0 1.05256 2.04198
0.0 17.0 0.947708 2.04198
0.0 17.0 1.33341 2.04197
0.0 17.0 0.909089 2.04197
0.0 17.0 1.04197 2.04198
0.0 17.0 0.876766 2.04197
0.0 17.0 0.877026 2.04197
0.0 17.0 0.956813 2.04197
0.0 17.0 1.03418 2.04198
0.0 17.0 1.41001 2.04198
0.0 17.0 1.06328 2.04197
0.0 17.0 1.35044 2.04197
0.0 17.0 0.876804 2.04197
0.0 17.0 0.934204 2.04198
0.0 17.0 0.880554 2.04198
0.0 17.0 1.0431 2.04197
0.0 17.0 1.05226 2.04198
0.0 17.0 0.998827 2.04197
0.0 17.0 1.07305 2.04198
0.0 17.0 0.926811 2.04198
0.0 17.0 0.872375 2.04197
0.0 17.0 1.47535 2.04197
0.0 17.0 1.04434 2.04197
0.0 17.0 1.04104 2.04197
0.0 17.0 1.0587 2.04198
0.0 17.0 1.4189 2.04197
0.0 17.0 0.858485 2.04197
0.0 17.0 1.001 2.04198
0.0 17.0 1.54969 2.04198
0.0 17.0 1.06188 2.04198
0.0 17.0 0.98079 2.04197
0.0 17.0 1.3145 2.04197
0.0 17.0 1.02502 2.04197
0.0 17.0 1.4103 2.04198
0.0 17.0 0.974306 2.04197
0.0 17.0 1.0255 2.04198
0.0 17.0 1.56339 2.04197
0.0 17.0 1.30878 2.04197
0.0 17.0 1.22189 2.04198
0.0 17.0 1.14321 2.04197
0.0 17.0 1.47203 2.04198
0.0 17.0 1.52985 2.04197
0.0 17.0 0.881228 2.04197
0.0 17.0 1.02465 2.04198
0.0 17.0 1.04358 2.04197
0.0 17.0 1.00047 2.04197
0.0 31.0 0.962029 2.04197
0.0 31.0 0.902546 2.04198
0.0 31.0 0.952965 2.04197
0.0 31.0 0.991897 2.04198
0.0 31.0 1.08598 2.04197
0.0 31.0 0.88108 2.04197
0.0 31.0 0.951446 2.04197
0.0 31.0 1.06066 2.04197
0.0 31.0 1.53768 2.04197
0.0 31.0 0.884686 2.04197
0.0 31.0 0.968006 2.04197
0.0 31.0 0.947336 2.04197
0.0 31.0 0.885473 2.04197
0.0 31.0 0.995833 2.04198
0.0 31.0 0.969697 2.04197
0.0 31.0 0.957778 2.04197
0.0 31.0 1.1147 2.04197
0.0 31.0 1.38729 2.04197
0.0 31.0 0.936521 2.04197
0.0 31.0 0.903988 2.04197
0.0 31.0 0.954143 2.04197
0.0 31.0 0.952138 2.04197
0.0 31.0 0.894087 2.04197
0.0 31.0 1.12125 2.04197
0.0 31.0 0.917623 2.04198
0.0 31.0 2.31597 2.04198
0.0 31.0 1.04185 2.04198
0.0 31.0 0.919531 2.04198
0.0 31.0 0.959636 2.04197
0.0 31.0 1.39093 2.04197
0.0 31.0 0.879824 2.04198
0.0 31.0 0.969186 2.04197
0.0 31.0 1.17559 2.04197
0.0 31.0 0.902993 2.04197
0.0 31.0 0.970214 2.04197
0.0 31.0 0.949242 2.04198
0.0 31.0 0.929796 2.04197
0.0 31.0 0.968647 2.04197
0.0 31.0 1.02041 2.04197
0.0 31.0 0.900858 2.04198
0.0 31.0 0.945245 2.04197
0.0 31.0 0.914705 2.04197
0.0 31.0 0.928105 2.04198
0.0 31.0 0.960358 2.04197
0.0 31.0 0.965548 2.04197
0.0 31.0 2.1204 2.04198
0.0 31.0 0.96143 2.04198
0.0 31.0 0.974536 2.04197
0.0 31.0 0.998519 2.04197
0.0 31.0 1.07379 2.04197
0.0 32.0 0.909625 2.04198
0.0 32.0 0.969184 2.04197
0.0 32.0 0.976603 2.04197
0.0 32.0 0.965722 2.04197
0.0 32.0 0.900215 2.04197
0.0 32.0 1.35867 2.04197
0.0 32.0 0.9233 2.04197
0.0 32.0 0.968247 2.04197
0.0 32.0 0.897676 2.04197
0.0 32.0 0.968508 2.04198
0.0 32.0 0.967841 2.04197
0.0 32.0 0.914326 2.04197
0.0 32.0 1.12652 2.04198
0.0 32.0 0.962312 2.04198
0.0 32.0 0.919806 2.04197
0.0 32.0 1.48051 2.04197
0.0 32.0 0.959379 2.04197
0.0 32.0 0.929885 2.04197
0.0 32.0 0.964854 2.04197
0.0 32.0 1.43745 2.04198
0.0 32.0 1.48506 2.04198
0.0 32.0 0.881632 2.04198
0.0 32.0 0.906477 2.04197
0.0 32.0 0.963549 2.04197
0.0 32.0 0.929301 2.04197
0.0 32.0 0.9355 2.04197
0.0 32.0 0.951343 2.04197
0.0 32.0 0.970988 2.04197
0.0 32.0 1.11773 2.04197
0.0 32.0 0.898487 2.04198
0.0 32.0 0.936373 2.04197
0.0 32.0 0.901369 2.04198
0.0 32.0 1.50472 2.04198
0.0 32.0 0.928406 2.04197
0.0 32.0 0.926867 2.04197
0.0 32.0 0.953317 2.04197
0.0 32.0 0.972504 2.04197
0.0 32.0 1.06327 2.04198
0.0 32.0 0.912023 2.04197
0.0 32.0 0.951897 2.04197
0.0 32.0 0.906662 2.04197
0.0 32.0 0.955453 2.04197
0.0 32.0 0.96333 2.04197
0.0 32.0 1.00024 2.04197
0.0 32.0 0.900617 2.04198
0.0 32.0 0.902776 2.04197
0.0 32.0 0.910066 2.04197
0.0 32.0 0.948734 2.04197
0.0 32.0 1.05936 2.04197
0.0 32.0 0.964386 2.04197
0.0 33.0 1.33433 2.04197
0.0 33.0 1.44793 2.04197
0.0 33.0 1.90091 2.04197
0.0 33.0 1.02808 2.04197
0.0 33.0 1.48346 2.04197
0.0 33.0 1.10212 2.04197
0.0 33.0 1.45825 2.04198
0.0 33.0 1.01777 2.04197
0.0 33.0 1.02993 2.04197
0.0 33.0 1.09019 2.04197
0.0 33.0 0.993113 2.04197
0.0 33.0 1.04771 2.04197
0.0 33.0 1.0146 2.04198
0.0 33.0 1.08276 2.04197
0.0 33.0 1.01345 2.04197
0.0 33.0 1.01795 2.04197
0.0 33.0 1.05995 2.04197
0.0 33.0 1.01683 2.04197
0.0 33.0 1.24573 2.04197
0.0 33.0 1.00351 2.04197
0.0 33.0 1.39418 2.04197
0.0 33.0 1.45524 2.04197
0.0 33.0 1.00897 2.04198
0.0 33.0 1.03791 2.04197
0.0 33.0 1.04636 2.04197
0.0 33.0 1.07532 2.04197
0.0 33.0 1.10906 2.04197
0.0 33.0 1.07103 2.04197
0.0 33.0 1.23623 2.04198
0.0 33.0 1.05575 2.04197
0.0 33.0 1.34863 2.04198
0.0 33.0 0.998427 2.04197
0.0 33.0 1.03088 2.04197
0.0 33.0 1.3799 2.04197
0.0 33.0 1.42112 2.04197
0.0 33.0 1.07173 2.04197
0.0 33.0 1.05915 2.04197
0.0 33.0 1.36718 2.04197
0.0 33.0 1.47859 2.04198
0.0 33.0 1.01038 2.04198
0.0 33.0 1.46698 2.04197
0.0 33.0 1.03951 2.04197
0.0 33.0 1.45439 2.04198
0.0 33.0 1.49422 2.04197
0.0 33.0 1.43467 2.04197
0.0 33.0 1.4684 2.04198
0.0 33.0 1.01432 2.04197
0.0 33.0 1.03689 2.04198
0.0 33.0 1.00853 2.04197
0.0 33.0 1.47273 2.04197
1.0 3.0 1.62729 16.6528
1.0 3.0 0.43148 16.6528
1.0 3.0 1.14175 16.6528
1.0 3.0 1.04689 16.6528
1.0 3.0 1.09427 16.6528
1.0 3.0 1.11699 16.6528
1.0 3.0 0.464976 16.6528
1.0 3.0 0.722322 16.6528
1.0 3.0 0.703393 16.6528
1.0 3.0 1.07381 16.6528
1.0 3.0 1.15922 16.6528
1.0 3.0 0.724443 16.6528
1.0 3.0 0.821647 16.6528
1.0 3.0 1.04263 16.6528
1.0 3.0 0.753271 16.6528
1.0 3.0 1.21628 16.6528
1.0 3.0 0.699142 16.6528
1.0 3.0 0.821313 16.6528
1.0 3.0 1.78903 16.6528
1.0 3.0 0.787932 16.6528
1.0 3.0 0.492361 16.6528
1.0 3.0 2.12531 16.6528
1.0 3.0 1.20261 16.6528
1.0 3.0 2.02467 16.6528
1.0 3.0 0.978976 16.6528
1.0 3.0 0.443176 16.6528
1.0 3.0 1.19872 16.6528
1.0 3.0 0.436708 16.6528
1.0 3.0 1.88182 16.6528
1.0 3.0 0.444841 16.6528
1.0 3.0 0.711544 16.6528
1.0 3.0 0.45922 16.6528
1.0 3.0 1.95389 16.6528
1.0 3.0 1.68967 16.6528
1.0 3.0 1.16263 16.6528
1.0 3.0 0.474423 16.6528
1.0 3.0 1.66915 16.6528
1.0 3.0 0.776176 16.6528
1.0 3.0 1.03641 16.6528
1.0 3.0 0.471061 16.6528
1.0 3.0 0.705841 16.6528
1.0 3.0 1.64236 16.6528
1.0 3.0 0.47852 16.6528
1.0 3.0 1.6433 16.6528
1.0 3.0 1.08328 16.6528
1.0 3.0 0.708855 16.6528
1.0 3.0 0.717016 16.6528
1.0 3.0 0.707772 16.6528
1.0 3.0 1.71696 16.6528
1.0 3.0 1.79312 16.6528
1.0 4.0 0.979027 16.6528
1.0 4.0 1.17251 16.6528
1.0 4.0 0.474561 16.6528
1.0 4.0 1.57476 16.6528
1.0 4.0 1.0827 16.6528
1.0 4.0 0.949837 16.6528
1.0 4.0 1.08557 16.6528
1.0 4.0 1.55014 16.6528
1.0 4.0 1.78392 16.6528
1.0 4.0 0.971128 16.6528
1.0 4.0 1.09571 16.6528
1.0 4.0 0.459989 16.6528
1.0 4.0 1.05962 16.6528
1.0 4.0 1.18436 16.6528
1.0 4.0 1.00792 16.6528
1.0 4.0 1.07219 16.6528
1.0 4.0 0.946507 16.6528
1.0 4.0 0.494069 16.6528
1.0 4.0 1.08096 16.6528
1.0 4.0 1.13429 16.6528
1.0 4.0 1.5867 16.6528
1.0 4.0 0.951956 16.6528
1.0 4.0 1.08509 16.6528
1.0 4.0 1.19011 16.6528
1.0 4.0 1.07297 16.6528
1.0 4.0 1.07367 16.6528
1.0 4.0 1.08248 16.6528
1.0 4.0 0.437355 16.6528
1.0 4.0 0.960028 16.6528
1.0 4.0 1.14932 16.6528
1.0 4.0 0.471285 16.6528
1.0 4.0 0.933267 16.6528
1.0 4.0 1.36258 16.6528
1.0 4.0 0.492863 16.6528
1.0 4.0 0.475835 16.6528
1.0 4.0 1.53189 16.6528
1.0 4.0 1.06675 16.6528
1.0 4.0 1.06975 16.6528
1.0 4.0 0.967001 16.6528
1.0 4.0 1.5905 16.6528
1.0 4.0 1.88058 16.6528
1.0 4.0 1.05769 16.6528
1.0 4.0 0.743382 16.6528
1.0 4.0 1.05071 16.6528
1.0 4.0 0.961472 16.6528
1.0 4.0 1.55786 16.6528
1.0 4.0 1.54055 16.6528
1.0 4.0 0.49589 16.6528
1.0 4.0 1.0316 16.6528
1.0 4.0 0.990391 16.6528
1.0 5.0 0.576206 16.6528
1.0 5.0 0.727912 16.6528
1.0 5.0 0.793099 16.6528
1.0 5.0 0.70893 16.6528
1.0 5.0 1.0123 16.6528
1.0 5.0 0.754915 16.6528
1.0 5.0 0.740214 16.6528
1.0 5.0 0.624053 16.6528
1.0 5.0 0.562487 16.6528
1.0 5.0 0.810314 16.6528
1.0 5.0 0.570625 16.6528
1.0 5.0 0.813438 16.6528
1.0 5.0 0.793496 16.6528
1.0 5.0 0.795578 16.6528
1.0 5.0 0.575134 16.6528
1.0 5.0 0.689589 16.6528
1.0 5.0 0.626528 16.6528
1.0 5.0 0.715543 16.6528
1.0 5.0 0.696904 16.6528
1.0 5.0 0.844328 16.6528
1.0 5.0 0.798642 16.6528
1.0 5.0 0.580487 16.6528
1.0 5.0 0.728606 16.6528
1.0 5.0 0.798094 16.6528
1.0 5.0 0.699598 16.6528
1.0 5.0 0.564677 16.6526
1.0 5.0 0.728571 16.6528
1.0 5.0 0.798058 16.6528
1.0 5.0 0.573947 16.6526
1.0 5.0 0.692648 16.6527
1.0 5.0 0.574276 16.6528
1.0 5.0 0.797137 16.6528
1.0 5.0 0.645379 16.6528
1.0 5.0 0.685408 16.6528
1.0 5.0 0.786412 16.6528
1.0 5.0 0.878454 16.6528
1.0 5.0 0.570022 16.6527
1.0 5.0 0.716204 16.6528
1.0 5.0 0.565666 16.6528
1.0 5.0 0.696512 16.6528
1.0 5.0 0.689016 16.6528
1.0 5.0 0.688996 16.6528
1.0 5.0 0.687829 16.6528
1.0 5.0 0.720294 16.6528
1.0 5.0 0.721098 16.6528
1.0 5.0 0.684466 16.6527
1.0 5.0 0.797569 16.6528
1.0 5.0 0.735928 16.6528
1.0 5.0 0.793226 16.6528
1.0 5.0 0.793226 16.6528
1.0 7.0 0.696867 16.6528
1.0 7.0 0.914723 16.6527
1.0 7.0 1.44315 16.6528
1.0 7.0 0.887123 16.6528
1.0 7.0 0.71744 16.6528
1.0 7.0 0.668632 16.6528
1.0 7.0 1.13583 16.6526
1.0 7.0 0.711109 16.6528
1.0 7.0 0.652163 16.6528
1.0 7.0 0.710653 16.6528
1.0 7.0 1.45845 16.6528
1.0 7.0 0.657929 16.6528
1.0 7.0 0.786517 16.6528
1.0 7.0 1.49454 16.6526
1.0 7.0 0.749633 16.6526
1.0 7.0 1.41603 16.6528
1.0 7.0 0.776993 16.6526
1.0 7.0 0.750589 16.6527
1.0 7.0 0.786421 16.6528
1.0 7.0 0.655214 16.6526
1.0 7.0 0.64494 16.6528
1.0 7.0 0.64278 16.6526
1.0 7.0 0.656779 16.6527
1.0 7.0 0.908751 16.6528
1.0 7.0 0.671427 16.6526
1.0 7.0 0.651283 16.6528
1.0 7.0 1.44392 16.6528
1.0 7.0 0.615096 16.6528
1.0 7.0 0.648 16.6527
1.0 7.0 0.844747 16.6528
1.0 7.0 1.16347 16.6526
1.0 7.0 0.661136 16.6528
1.0 7.0 1.16586 16.6528
1.0 7.0 0.608571 16.6527
1.0 7.0 0.858878 16.6528
1.0 7.0 0.857462 16.6528
1.0 7.0 0.741961 16.6528
1.0 7.0 0.650867 16.6528
1.0 7.0 0.648634 16.6527
1.0 7.0 0.664994 16.6528
1.0 7.0 0.654849 16.6526
1.0 7.0 0.660454 16.6527
1.0 7.0 0.883166 16.6527
1.0 7.0 0.842886 16.6528
1.0 7.0 0.853227 16.6528
1.0 7.0 0.918243 16.6528
1.0 7.0 0.845094 16.6528
1.0 7.0 1.13576 16.6527
1.0 7.0 0.852505 16.6528
1.0 7.0 0.758998 16.6528
1.0 8.0 0.980643 16.6528
1.0 8.0 0.66502 16.6528
1.0 8.0 0.65821 16.6528
1.0 8.0 1.17746 16.6528
1.0 8.0 0.748626 16.6528
1.0 8.0 0.667432 16.6528
1.0 8.0 0.666055 16.6527
1.0 8.0 0.664651 16.6528
1.0 8.0 0.830316 16.6528
1.0 8.0 0.842369 16.6528
1.0 8.0 1.5396 16.6528
1.0 8.0 0.662188 16.6526
1.0 8.0 0.701958 16.6527
1.0 8.0 0.682465 16.6528
1.0 8.0 0.673181 16.6528
1.0 8.0 0.6769 16.6527
1.0 8.0 0.917814 16.6528
1.0 8.0 0.663501 16.6528
1.0 8.0 0.671273 16.6528
1.0 8.0 0.664403 16.6527
1.0 8.0 0.691069 16.6526
1.0 8.0 0.772726 16.6528
1.0 8.0 0.689215 16.6528
1.0 8.0 0.660693 16.6528
1.0 8.0 0.720556 16.6528
1.0 8.0 0.735999 16.6528
1.0 8.0 0.670105 16.6528
1.0 8.0 0.676077 16.6528
1.0 8.0 0.82858 16.6528
1.0 8.0 0.665049 16.6528
1.0 8.0 0.663833 16.6527
1.0 8.0 0.700037 16.6528
1.0 8.0 0.662502 16.6528
1.0 8.0 0.745716 16.6528
1.0 8.0 0.66783 16.6527
1.0 8.0 1.52648 16.6526
1.0 8.0 0.66206 16.6527
1.0 8.0 1.5773 16.6526
1.0 8.0 1.0262 16.6528
1.0 8.0 0.657563 16.6528
1.0 8.0 0.981782 16.6528
1.0 8.0 0.661571 16.6528
1.0 8.0 1.50393 16.6528
1.0 8.0 0.739294 16.6528
1.0 8.0 0.745984 16.6528
1.0 8.0 0.751549 16.6528
1.0 8.0 1.9902 16.6528
1.0 8.0 0.726665 16.6528
1.0 8.0 0.745366 16.6528
1.0 8.0 0.76597 16.6527
1.0 9.0 0.729172 16.6528
1.0 9.0 0.864448 16.6526
1.0 9.0 0.730282 16.6526
1.0 9.0 0.733497 16.6526
1.0 9.0 0.732038 16.6527
1.0 9.0 0.728518 16.6528
1.0 9.0 0.722608 16.6528
1.0 9.0 0.725579 16.6526
1.0 9.0 0.728949 16.6528
1.0 9.0 0.726483 16.6527
1.0 9.0 0.729072 16.6528
1.0 9.0 0.9485 16.6527
1.0 9.0 0.727142 16.6528
1.0 9.0 0.722676 16.6528
1.0 9.0 0.732089 16.6528
1.0 9.0 0.728694 16.6527
1.0 9.0 0.99258 16.6528
1.0 9.0 0.729919 16.6526
1.0 9.0 0.752014 16.6528
1.0 9.0 0.732848 16.6528
1.0 9.0 0.731887 16.6528
1.0 9.0 0.840065 16.6528
1.0 9.0 1.24827 16.6528
1.0 9.0 0.728075 16.6528
1.0 9.0 0.73156 16.6527
1.0 9.0 0.728243 16.6527
1.0 9.0 0.725695 16.6528
1.0 9.0 0.726403 16.6528
1.0 9.0 0.73838 16.6527
1.0 9.0 0.732088 16.6528
1.0 9.0 0.930889 16.6528
1.0 9.0 0.72363 16.6527
1.0 9.0 0.733337 16.6527
1.0 9.0 0.944597 16.6528
1.0 9.0 0.712327 16.6528
1.0 9.0 0.742108 16.6527
1.0 9.0 0.732205 16.6527
1.0 9.0 0.737676 16.6526
1.0 9.0 0.738821 16.6526
1.0 9.0 0.817131 16.6526
1.0 9.0 0.762511 16.6528
1.0 9.0 0.748521 16.6528
1.0 9.0 1.43774 16.6528
1.0 9.0 0.728824 16.6526
1.0 9.0 0.740943 16.6526
1.0 9.0 0.916207 16.6528
1.0 9.0 0.854154 16.6528
1.0 9.0 0.723232 16.6527
1.0 9.0 1.0409 16.6528
1.0 9.0 0.7294 16.6527
1.0 15.0 0.815106 16.6528
1.0 15.0 0.8427 16.6528
1.0 15.0 0.795081 16.6528
1.0 15.0 0.827773 16.6528
1.0 15.0 0.806384 16.6528
1.0 15.0 0.832351 16.6528
1.0 15.0 0.832655 16.6526
1.0 15.0 0.83011 16.6528
1.0 15.0 0.822581 16.6528
1.0 15.0 0.816199 16.6528
1.0 15.0 0.823568 16.6526
1.0 15.0 0.80899 16.6527
1.0 15.0 0.811966 16.6528
1.0 15.0 0.79936 16.6528
1.0 15.0 0.914073 16.6527
1.0 15.0 0.802423 16.6528
1.0 15.0 0.814948 16.6528
1.0 15.0 0.823526 16.6528
1.0 15.0 0.828931 16.6527
1.0 15.0 0.844137 16.6527
1.0 15.0 1.2865 16.6528
1.0 15.0 0.829016 16.6528
1.0 15.0 0.825263 16.6528
1.0 15.0 0.812566 16.6527
1.0 15.0 0.827898 16.6528
1.0 15.0 0.81158 16.6528
1.0 15.0 0.839511 16.6526
1.0 15.0 0.814864 16.6528
1.0 15.0 0.79055 16.6528
1.0 15.0 0.825698 16.6528
1.0 15.0 0.826486 16.6527
1.0 15.0 0.793584 16.6528
1.0 15.0 0.802602 16.6528
1.0 15.0 0.818968 16.6528
1.0 15.0 1.03871 16.6526
1.0 15.0 0.817731 16.6528
1.0 15.0 0.795943 16.6528
1.0 15.0 0.815057 16.6528
1.0 15.0 0.797222 16.6528
1.0 15.0 0.827652 16.6528
1.0 15.0 0.846314 16.6528
1.0 15.0 0.792833 16.6528
1.0 15.0 1.14844 16.6528
1.0 15.0 0.799317 16.6528
1.0 15.0 0.823948 16.6528
1.0 15.0 0.782396 16.6528
1.0 15.0 0.821517 16.6527
1.0 15.0 0.79075 16.6528
1.0 15.0 0.821067 16.6528
1.0 15.0 0.810103 16.6528
1.0 16.0 0.987031 16.6527
1.0 16.0 0.819791 16.6528
1.0 16.0 0.80478 16.6528
1.0 16.0 0.810391 16.6528
1.0 16.0 0.94039 16.6528
1.0 16.0 1.05525 16.6528
1.0 16.0 0.814062 16.6528
1.0 16.0 0.806702 16.6528
1.0 16.0 0.96957 16.6528
1.0 16.0 0.799144 16.6528
1.0 16.0 1.09588 16.6528
1.0 16.0 0.861206 16.6528
1.0 16.0 0.806343 16.6528
1.0 16.0 0.800929 16.6527
1.0 16.0 0.805027 16.6528
1.0 16.0 1.19804 16.6528
1.0 16.0 0.789064 16.6528
1.0 16.0 0.810367 16.6527
1.0 16.0 0.79455 16.6527
1.0 16.0 0.815861 16.6528
1.0 16.0 0.79081 16.6528
1.0 16.0 0.967798 16.6528
1.0 16.0 0.794429 16.6528
1.0 16.0 0.826142 16.6528
1.0 16.0 0.813023 16.6528
1.0 16.0 0.807118 16.6528
1.0 16.0 0.799257 16.6528
1.0 16.0 0.796777 16.6527
1.0 16.0 0.80259 16.6527
1.0 16.0 0.825892 16.6528
1.0 16.0 0.806023 16.6526
1.0 16.0 1.18643 16.6527
1.0 16.0 0.79775 16.6527
1.0 16.0 0.796607 16.6528
1.0 16.0 0.838618 16.6528
1.0 16.0 1.37264 16.6527
1.0 16.0 0.801325 16.6528
1.0 16.0 0.799345 16.6528
1.0 16.0 0.802871 16.6528
1.0 16.0 0.791355 16.6528
1.0 16.0 0.802206 16.6528
1.0 16.0 0.799704 16.6528
1.0 16.0 0.825353 16.6526
1.0 16.0 0.799325 16.6527
1.0 16.0 1.02896 16.6528
1.0 16.0 1.34355 16.6528
1.0 16.0 0.821167 16.6528
1.0 16.0 0.798905 16.6528
1.0 16.0 1.69295 16.6528
1.0 16.0 0.81078 16.6528
1.0 17.0 1.05257 16.6528
1.0 17.0 0.920225 16.6528
1.0 17.0 0.895668 16.6528
1.0 17.0 0.851858 16.6528
1.0 17.0 0.861457 16.6526
1.0 17.0 1.01164 16.6528
1.0 17.0 1.00032 16.6528
1.0 17.0 0.775332 16.6527
1.0 17.0 0.934521 16.6528
1.0 17.0 0.932049 16.6528
1.0 17.0 1.08786 16.6527
1.0 17.0 0.920766 16.6527
1.0 17.0 1.30747 16.6528
1.0 17.0 0.842154 16.6528
1.0 17.0 0.828856 16.6527
1.0 17.0 1.01342 16.6528
1.0 17.0 0.935882 16.6528
1.0 17.0 0.881282 16.6527
1.0 17.0 0.872676 16.6528
1.0 17.0 1.53594 16.6528
1.0 17.0 1.02753 16.6528
1.0 17.0 1.13969 16.6528
1.0 17.0 0.863888 16.6528
1.0 17.0 1.02321 16.6528
1.0 17.0 1.05737 16.6528
1.0 17.0 1.19449 16.6528
1.0 17.0 0.919811 16.6528
1.0 17.0 0.937115 16.6528
1.0 17.0 1.30214 16.6528
1.0 17.0 1.55812 16.6526
1.0 17.0 0.855122 16.6528
1.0 17.0 1.46546 16.6527
1.0 17.0 1.30652 16.6526
1.0 17.0 1.03532 16.6528
1.0 17.0 1.13798 16.6528
1.0 17.0 0.929841 16.6528
1.0 17.0 0.934054 16.6528
1.0 17.0 0.837808 16.6528
1.0 17.0 1.06735 16.6528
1.0 17.0 1.18907 16.6528
1.0 17.0 0.876456 16.6527
1.0 17.0 1.50138 16.6528
1.0 17.0 0.960887 16.6528
1.0 17.0 1.06893 16.6528
1.0 17.0 1.03999 16.6528
1.0 17.0 1.44315 16.6528
1.0 17.0 1.41717 16.6528
1.0 17.0 0.916861 16.6526
1.0 17.0 0.874177 16.6526
1.0 17.0 1.34142 16.6528
1.0 31.0 0.949633 16.6526
1.0 31.0 0.94159 16.6528
1.0 31.0 0.933547 16.6528
1.0 31.0 0.888215 16.6528
1.0 31.0 1.06751 16.6526
1.0 31.0 1.56337 16.6528
1.0 31.0 0.927689 16.6528
1.0 31.0 1.37491 16.6526
1.0 31.0 0.89343 16.6528
1.0 31.0 0.985419 16.6528
1.0 31.0 0.880091 16.6527
1.0 31.0 1.56272 16.6526
1.0 31.0 0.954934 16.6526
1.0 31.0 0.944765 16.6528
1.0 31.0 0.881485 16.6527
1.0 31.0 0.916197 16.6528
1.0 31.0 0.880445 16.6528
1.0 31.0 0.939546 16.6526
1.0 31.0 0.928705 16.6527
1.0 31.0 0.956741 16.6528
1.0 31.0 0.890629 16.6528
1.0 31.0 0.884681 16.6527
1.0 31.0 0.952077 16.6528
1.0 31.0 0.896228 16.6528
1.0 31.0 0.931178 16.6527
1.0 31.0 0.95745 16.6528
1.0 31.0 0.867556 16.6528
1.0 31.0 0.93528 16.6526
1.0 31.0 1.04986 16.6528
1.0 31.0 0.900255 16.6528
1.0 31.0 0.927737 16.6528
1.0 31.0 0.952276 16.6528
1.0 31.0 0.95741 16.6528
1.0 31.0 0.946004 16.6528
1.0 31.0 0.94032 16.6528
1.0 31.0 0.936455 16.6527
1.0 31.0 0.893008 16.6528
1.0 31.0 0.911188 16.6528
1.0 31.0 1.38541 16.6527
1.0 31.0 0.912485 16.6528
1.0 31.0 0.939861 16.6528
1.0 31.0 0.93545 16.6528
1.0 31.0 0.935731 16.6528
1.0 31.0 1.07695 16.6527
1.0 31.0 0.891009 16.6528
1.0 31.0 0.945998 16.6528
1.0 31.0 0.868624 16.6528
1.0 31.0 0.929664 16.6528
1.0 31.0 0.944303 16.6528
1.0 31.0 0.911593 16.6528
1.0 32.0 0.92066 16.6528
1.0 32.0 0.949205 16.6527
1.0 32.0 0.916984 16.6528
1.0 32.0 0.880593 16.6528
1.0 32.0 0.953858 16.6527
1.0 32.0 0.962497 16.6528
1.0 32.0 0.937437 16.6527
1.0 32.0 0.887912 16.6528
1.0 32.0 0.882619 16.6527
1.0 32.0 1.40511 16.6527
1.0 32.0 0.943035 16.6528
1.0 32.0 1.45289 16.6526
1.0 32.0 0.958016 16.6526
1.0 32.0 1.57462 16.6528
1.0 32.0 0.886851 16.6528
1.0 32.0 0.896767 16.6528
1.0 32.0 1.53818 16.6528
1.0 32.0 0.933548 16.6528
1.0 32.0 0.93348 16.6528
1.0 32.0 0.890081 16.6527
1.0 32.0 0.943995 16.6528
1.0 32.0 0.930922 16.6528
1.0 32.0 1.40251 16.6528
1.0 32.0 0.953956 16.6526
1.0 32.0 0.947008 16.6527
1.0 32.0 0.954452 16.6528
1.0 32.0 0.943566 16.6527
1.0 32.0 0.905183 16.6528
1.0 32.0 1.37608 16.6527
1.0 32.0 0.932014 16.6526
1.0 32.0 0.918221 16.6528
1.0 32.0 0.950646 16.6526
1.0 32.0 0.906928 16.6526
1.0 32.0 0.891351 16.6528
1.0 32.0 0.904879 16.6527
1.0 32.0 0.943422 16.6527
1.0 32.0 0.893405 16.6528
1.0 32.0 0.902999 16.6528
1.0 32.0 0.943675 16.6528
1.0 32.0 0.892491 16.6528
1.0 32.0 0.93371 16.6526
1.0 32.0 0.947541 16.6528
1.0 32.0 0.901468 16.6528
1.0 32.0 0.957099 16.6526
1.0 32.0 0.891722 16.6528
1.0 32.0 0.8826 16.6528
1.0 32.0 0.935593 16.6527
1.0 32.0 0.898602 16.6528
1.0 32.0 0.873638 16.6528
1.0 32.0 0.927737 16.6528
1.0 33.0 1.45478 16.6527
1.0 33.0 1.05726 16.6526
1.0 33.0 1.43198 16.6526
1.0 33.0 1.45325 16.6528
1.0 33.0 1.00348 16.6526
1.0 33.0 1.40617 16.6528
1.0 33.0 1.00091 16.6527
1.0 33.0 1.00499 16.6528
1.0 33.0 1.439 16.6527
1.0 33.0 1.39266 16.6528
1.0 33.0 0.894686 16.6527
1.0 33.0 0.995178 16.6527
1.0 33.0 1.46427 16.6528
1.0 33.0 1.44096 16.6526
1.0 33.0 0.99142 16.6526
1.0 33.0 1.04153 16.6528
1.0 33.0 1.54616 16.6528
1.0 33.0 1.00582 16.6528
1.0 33.0 1.02121 16.6528
1.0 33.0 1.05301 16.6528
1.0 33.0 1.51536 16.6528
1.0 33.0 1.01596 16.6528
1.0 33.0 1.01248 16.6527
1.0 33.0 1.00972 16.6526
1.0 33.0 1.49131 16.6528
1.0 33.0 1.03843 16.6526
1.0 33.0 0.985811 16.6527
1.0 33.0 1.42187 16.6528
1.0 33.0 1.51729 16.6528
1.0 33.0 0.89075 16.6528
1.0 33.0 1.04724 16.6526
1.0 33.0 1.00115 16.6528
1.0 33.0 1.03958 16.6526
1.0 33.0 1.45685 16.6528
1.0 33.0 1.4619 16.6528
1.0 33.0 1.04655 16.6528
1.0 33.0 1.0486 16.6528
1.0 33.0 1.34029 16.6527
1.0 33.0 1.03587 16.6528
1.0 33.0 0.995126 16.6528
1.0 33.0 1.33523 16.6528
1.0 33.0 1.0043 16.6528
1.0 33.0 0.86329 16.6528
1.0 33.0 1.53414 16.6528
1.0 33.0 1.05138 16.6527
1.0 33.0 1.45068 16.6526
1.0 33.0 1.4446 16.6528
1.0 33.0 1.00372 16.6527
1.0 33.0 1.45637 16.6527
1.0 33.0 1.56163 16.6528
2.0 3.0 1.04132 -7.16773e-11
2.0 3.0 0.692533 -5.43977e-09
2.0 3.0 1.64083 -2.408e-09
2.0 3.0 1.05969 -7.45003e-11
2.0 3.0 0.670138 -3.25648e-09
2.0 3.0 1.12485 -1.05178e-08
2.0 3.0 0.769931 -3.49035e-10
2.0 3.0 0.968595 -1.69406e-10
2.0 3.0 1.98186 -5.43836e-09
2.0 3.0 1.12792 -4.5425e-16
2.0 3.0 0.422054 -1.62116e-10
2.0 3.0 1.07792 -2.44137e-10
2.0 3.0 0.950764 -5.05489e-08
2.0 3.0 1.17359 -1.38897e-09
2.0 3.0 1.03149 -6.96305e-12
2.0 3.0 0.445898 -1.11724e-08
2.0 3.0 0.762048 -5.03649e-10
2.0 3.0 0.674165 -1.34888e-09
2.0 3.0 0.686606 -7.03437e-10
2.0 3.0 0.646768 -4.31272e-10
2.0 3.0 1.73462 -9.07239e-08
2.0 3.0 1.0761 -1.65055e-13
2.0 3.0 0.635752 -2.50618e-10
2.0 3.0 1.08801 -2.87095e-16
2.0 3.0 0.467557 -1.95601e-11
2.0 3.0 1.12241 -4.3979e-11
2.0 3.0 0.755417 -4.23746e-09
2.0 3.0 0.676803 -6.91062e-12
2.0 3.0 1.85319 -8.21545e-10
2.0 3.0 1.42101 -3.10854e-09
2.0 3.0 0.995721 -6.50559e-09
2.0 3.0 0.443568 -1.97099e-10
2.0 3.0 0.682757 -1.95833e-07
2.0 3.0 1.15787 -6.6202e-10
2.0 3.0 1.43074 -3.53671e-07
2.0 3.0 0.913542 -7.11364e-10
2.0 3.0 0.477953 -2.8428e-10
2.0 3.0 0.657089 -2.34323e-09
2.0 3.0 1.25434 -2.21434e-12
2.0 3.0 0.712796 -9.06515e-08
2.0 3.0 0.463489 -6.76941e-08
2.0 3.0 0.655742 -2.50158e-08
2.0 3.0 1.10145 -1.58719e-11
2.0 3.0 1.07752 -4.34836e-10
2.0 3.0 1.38408 -2.27251e-10
2.0 3.0 1.5959 -2.13898e-08
2.0 3.0 2.03742 -6.69656e-08
2.0 3.0 1.92907 -3.41174e-12
2.0 3.0 1.35462 -2.04272e-10
2.0 3.0 0.726901 -1.28463e-07
2.0 4.0 0.41429 -4.09208e-10
2.0 4.0 1.73839 -1.13849e-09
2.0 4.0 1.40752 -5.3775e-10
2.0 4.0 0.910106 -5.14871e-09
2.0 4.0 1.56455 -7.62508e-10
2.0 4.0 0.815146 -1.85299e-08
2.0 4.0 0.669403 -5.04472e-11
2.0 4.0 0.965101 -2.16965e-09
2.0 4.0 1.13661 -4.0471e-11
2.0 4.0 0.907693 -5.20806e-10
2.0 4.0 0.493183 -1.00187e-11
2.0 4.0 1.53526 -1.6762e-09
2.0 4.0 1.12219 -1.80327e-08
2.0 4.0 0.939801 -2.68431e-08
2.0 4.0 1.02659 -1.1127e-08
2.0 4.0 0.487561 -1.07715e-10
2.0 4.0 0.935968 -1.27524e-08
2.0 4.0 1.02206 -3.36735e-08
2.0 4.0 0.512879 -5.13914e-11
2.0 4.0 1.40326 -2.167e-08
2.0 4.0 0.485755 -1.75496e-09
2.0 4.0 1.02463 -1.39292e-08
2.0 4.0 0.922115 -1.71256e-09
2.0 4.0 1.62416 -3.74584e-09
2.0 4.0 1.07847 -2.96723e-10
2.0 4.0 0.776606 -2.05212e-09
2.0 4.0 1.01996 -8.66151e-12
2.0 4.0 1.09926 -3.79066e-09
2.0 4.0 0.48128 -8.43458e-10
2.0 4.0 0.458723 -1.35848e-09
2.0 4.0 1.01361 -9.67328e-11
2.0 4.0 0.401865 -2.0267e-07
2.0 4.0 0.415245 -1.19724e-11
2.0 4.0 0.99202 -1.9015e-10
2.0 4.0 0.915464 -6.42206e-12
2.0 4.0 1.43093 -9.46962e-09
2.0 4.0 0.909434 -1.69725e-09
2.0 4.0 1.03439 -9.7596e-11
2.0 4.0 0.95492 -1.02646e-09
2.0 4.0 1.01532 -1.36141e-10
2.0 4.0 0.394514 -9.9937e-10
2.0 4.0 1.51708 -1.19993e-08
2.0 4.0 1.06636 -8.70039e-10
2.0 4.0 0.401588 -3.16406e-11
2.0 4.0 1.67092 -7.16433e-11
2.0 4.0 0.820655 -1.21354e-11
2.0 4.0 1.43743 -7.70552e-10
2.0 4.0 0.931009 -6.74457e-09
2.0 4.0 0.966211 -1.14017e-07
2.0 4.0 1.00716 -2.85205e-11
2.0 5.0 0.562309 -2.96956e-08
2.0 5.0 0.762307 -2.5131e-09
2.0 5.0 0.556991 -5.05386e-09
2.0 5.0 0.551701 -5.8702e-09
2.0 5.0 0.959199 -4.89226e-09
2.0 5.0 0.552742 -1.5249e-11
2.0 5.0 0.559926 -9.23049e-09
2.0 5.0 0.661108 -2.88485e-09
2.0 5.0 0.552298 -7.27916e-08
2.0 5.0 0.722962 -1.7525e-10
2.0 5.0 0.536641 -2.62089e-09
2.0 5.0 0.687774 -1.88206e-10
2.0 5.0 1.05065 -7.83363e-08
2.0 5.0 0.546115 -5.26888e-10
2.0 5.0 0.551507 -4.73928e-08
2.0 5.0 0.538524 -1.72573e-09
2.0 5.0 0.725599 -9.58463e-09
2.0 5.0 0.673025 -5.27115e-08
2.0 5.0 0.725486 -5.8412e-10
2.0 5.0 0.676046 -4.6886e-09
2.0 5.0 0.676805 -5.44183e-10
2.0 5.0 0.734586 -1.39214e-08
2.0 5.0 0.676487 -9.09063e-09
2.0 5.0 0.773813 -1.96335e-09
2.0 5.0 0.600319 -9.22937e-09
2.0 5.0 0.842471 -1.88999e-10
2.0 5.0 0.561275 -4.71438e-09
2.0 5.0 1.37851 -1.89781e-10
2.0 5.0 1.01273 -2.15568e-12
2.0 5.0 0.704187 -1.59549e-08
2.0 5.0 0.734788 -4.30663e-11
2.0 5.0 0.608456 -6.14917e-10
2.0 5.0 0.946576 -1.05963e-10
2.0 5.0 0.632503 -1.63327e-08
2.0 5.0 0.575836 -5.9173e-08
2.0 5.0 0.895348 -6.20446e-08
2.0 5.0 0.63561 -6.38489e-08
2.0 5.0 0.713022 -2.27834e-09
2.0 5.0 0.711698 -3.59364e-11
2.0 5.0 0.539861 -4.16259e-08
2.0 5.0 0.679079 -3.55687e-08
2.0 5.0 0.846987 -1.32847e-09
2.0 5.0 0.741256 -3.04232e-07
2.0 5.0 0.680211 -2.41901e-08
2.0 5.0 0.562604 -1.38157e-08
2.0 5.0 0.673875 -4.85959e-08
2.0 5.0 0.917157 -3.35587e-09
2.0 5.0 0.671992 -2.51156e-10
2.0 5.0 0.676723 -3.60614e-08
2.0 5.0 0.846838 -4.08683e-10
2.0 7.0 0.778024 -9.70407e-11
2.0 7.0 0.780809 -6.77242e-08
2.0 7.0 0.771231 -2.41772e-10
2.0 7.0 0.791095 -3.31421e-08
2.0 7.0 0.825931 -1.59163e-09
2.0 7.0 0.846482 -1.24442e-08
2.0 7.0 0.6819 -6.14827e-10
2.0 7.0 0.672811 -1.87122e-12
2.0 7.0 0.735314 -1.36467e-07
2.0 7.0 0.661015 -6.82423e-10
2.0 7.0 0.76593 -2.80508e-08
2.0 7.0 1.58573 -1.34588e-09
2.0 7.0 0.653563 -4.60379e-09
2.0 7.0 0.63131 -5.81721e-10
2.0 7.0 0.888223 -3.14462e-16
2.0 7.0 0.926445 -2.72887e-12
2.0 7.0 1.34563 -4.82797e-09
2.0 7.0 1.52481 -9.95818e-09
2.0 7.0 1.13787 -5.2668e-09
2.0 7.0 1.49948 -4.63906e-08
2.0 7.0 0.847887 -5.72763e-08
2.0 7.0 0.763367 -1.00202e-09
2.0 7.0 1.12826 -4.98645e-09
2.0 7.0 0.84976 -4.76565e-09
2.0 7.0 0.638207 -2.16432e-07
2.0 7.0 0.658333 -6.30961e-09
2.0 7.0 0.738452 -7.05343e-09
2.0 7.0 0.642792 -8.02281e-09
2.0 7.0 0.7817 -8.83466e-09
2.0 7.0 0.632093 -2.49387e-08
2.0 7.0 0.686625 -6.72834e-09
2.0 7.0 0.603324 -1.16028e-09
2.0 7.0 0.626945 -9.68175e-11
2.0 7.0 0.940016 -3.82868e-08
2.0 7.0 0.85436 -1.18341e-10
2.0 7.0 0.632807 -1.73834e-08
2.0 7.0 0.845989 -1.27405e-10
2.0 7.0 0.839111 -7.4559e-11
2.0 7.0 1.06794 -2.16432e-07
2.0 7.0 0.771491 -5.79728e-09
2.0 7.0 0.637246 -1.9113e-08
2.0 7.0 0.698823 -7.08269e-11
2.0 7.0 1.53673 -1.86634e-09
2.0 7.0 0.786022 -1.08395e-08
2.0 7.0 1.5865 -1.21497e-10
2.0 7.0 0.639729 -2.16432e-07
2.0 7.0 0.637329 -4.58857e-11
2.0 7.0 1.15997 -1.17031e-08
2.0 7.0 0.631858 -4.37214e-08
2.0 7.0 0.642286 -1.17465e-11
2.0 8.0 0.61689 -2.47363e-08
2.0 8.0 1.56014 -1.36979e-07
2.0 8.0 2.01096 -4.88412e-08
2.0 8.0 0.686782 -5.52239e-10
2.0 8.0 0.734244 -1.65306e-07
2.0 8.0 0.619644 -4.10156e-10
2.0 8.0 0.639369 -3.20796e-08
2.0 8.0 0.639076 -1.93289e-09
2.0 8.0 0.672115 -1.99116e-08
2.0 8.0 1.14497 -9.57647e-09
2.0 8.0 0.64789 -1.21897e-09
2.0 8.0 0.640704 -2.21134e-09
2.0 8.0 0.614596 -2.41521e-09
2.0 8.0 0.621118 -9.06921e-10
2.0 8.0 0.6546 -9.34059e-08
2.0 8.0 0.62831 -8.826e-09
2.0 8.0 0.691035 -4.41493e-12
2.0 8.0 0.709413 -2.81139e-08
2.0 8.0 0.61703 -7.58046e-08
2.0 8.0 2.21325 -1.39185e-08
2.0 8.0 0.636041 -4.93341e-08
2.0 8.0 1.52039 -1.15294e-08
2.0 8.0 0.635261 -1.15564e-08
2.0 8.0 0.628093 -3.53775e-09
2.0 8.0 0.629012 -2.41941e-09
2.0 8.0 0.64188 -4.24073e-10
2.0 8.0 0.847615 -2.06067e-09
2.0 8.0 0.676512 -6.22696e-08
2.0 8.0 0.628654 -9.66136e-09
2.0 8.0 1.59017 -1.82595e-08
2.0 8.0 0.619727 -9.05542e-09
2.0 8.0 0.652906 -4.64087e-08
2.0 8.0 0.619127 -4.79171e-08
2.0 8.0 0.634722 -1.08284e-09
2.0 8.0 1.56201 -8.46643e-10
2.0 8.0 0.640852 -6.12298e-09
2.0 8.0 0.686772 -1.70756e-11
2.0 8.0 0.725021 -8.40571e-08
2.0 8.0 0.635971 -1.1605e-08
2.0 8.0 0.954971 -1.54962e-09
2.0 8.0 0.966922 -1.22506e-11
2.0 8.0 1.24279 -4.85965e-10
2.0 8.0 0.700453 -1.53913e-07
2.0 8.0 0.617065 -3.82558e-09
2.0 8.0 0.643737 -2.02929e-07
2.0 8.0 0.619035 -2.60403e-08
2.0 8.0 0.619908 -1.52431e-10
2.0 8.0 0.624692 -2.38103e-09
2.0 8.0 1.24224 -9.98133e-11
2.0 8.0 1.5722 -2.86846e-08
2.0 9.0 0.744847 -9.35801e-08
2.0 9.0 0.777023 -4.12914e-08
2.0 9.0 0.891771 -2.81039e-10
2.0 9.0 0.775319 -3.93054e-08
2.0 9.0 1.02144 -9.8448e-10
2.0 9.0 0.748383 -5.53178e-09
2.0 9.0 0.765676 -5.33836e-08
2.0 9.0 0.736005 -3.576e-09
2.0 9.0 0.757241 -1.16211e-08
2.0 9.0 0.77372 -1.22584e-07
2.0 9.0 0.752974 -1.96242e-08
2.0 9.0 0.988096 -8.80829e-12
2.0 9.0 0.778166 -4.34238e-08
2.0 9.0 0.755323 -5.74647e-08
2.0 9.0 0.760671 -2.00515e-07
2.0 9.0 0.883473 -6.92654e-12
2.0 9.0 0.74115 -5.6981e-08
2.0 9.0 0.75381 -4.43071e-09
2.0 9.0 0.765015 -1.53782e-07
2.0 9.0 0.776091 -6.42477e-08
2.0 9.0 0.785693 -2.81657e-09
2.0 9.0 0.746282 -1.64205e-09
2.0 9.0 0.785479 -3.60039e-09
2.0 9.0 0.917123 -4.33923e-09
2.0 9.0 0.686068 -1.27667e-11
2.0 9.0 0.766896 -4.55055e-10
2.0 9.0 0.728638 -4.8538e-08
2.0 9.0 0.751523 -1.13744e-07
2.0 9.0 0.942114 -8.23692e-10
2.0 9.0 0.758274 -6.20695e-09
2.0 9.0 0.758182 -9.57699e-09
2.0 9.0 0.719784 -2.55708e-09
2.0 9.0 1.48143 -5.2707e-10
2.0 9.0 0.697445 -1.95885e-11
2.0 9.0 0.885633 -2.21451e-08
2.0 9.0 0.786837 -1.87389e-07
2.0 9.0 0.791535 -1.24372e-10
2.0 9.0 0.74925 -1.09498e-08
2.0 9.0 0.754417 -2.10831e-09
2.0 9.0 0.758331 -1.79637e-07
2.0 9.0 0.870152 -7.35642e-10
2.0 9.0 0.788619 -4.8482e-09
2.0 9.0 0.86677 -7.28452e-08
2.0 9.0 0.752736 -1.28589e-07
2.0 9.0 0.773855 -1.93885e-07
2.0 9.0 0.791931 -1.10357e-07
2.0 9.0 0.764967 -2.03953e-10
2.0 9.0 1.28194 -1.17595e-07
2.0 9.0 0.782829 -2.98099e-09
2.0 9.0 0.740554 -6.98124e-08
2.0 15.0 0.836574 -1.95987e-08
2.0 15.0 1.11106 -1.97766e-07
2.0 15.0 1.24049 -1.10632e-08
2.0 15.0 0.843894 -3.65466e-08
2.0 15.0 0.840644 -4.66621e-09
2.0 15.0 0.83128 -6.04809e-09
2.0 15.0 0.830322 -9.15113e-11
2.0 15.0 0.806001 -2.26682e-10
2.0 15.0 0.83449 -3.25336e-09
2.0 15.0 0.81847 -4.40625e-08
2.0 15.0 0.843255 -3.30829e-08
2.0 15.0 0.850274 -8.34997e-08
2.0 15.0 0.839845 -1.97908e-08
2.0 15.0 0.884851 -2.91547e-08
2.0 15.0 0.928165 -3.92101e-09
2.0 15.0 0.822306 -2.06669e-07
2.0 15.0 0.822896 -1.55698e-07
2.0 15.0 0.830398 -1.16403e-36
2.0 15.0 0.836643 -7.50247e-10
2.0 15.0 0.979804 -1.56626e-08
2.0 15.0 0.815562 -1.23679e-09
2.0 15.0 0.826684 -2.07706e-09
2.0 15.0 0.855581 -1.48567e-10
2.0 15.0 0.848696 -3.83774e-08
2.0 15.0 0.818444 -3.51346e-08
2.0 15.0 0.850642 -6.04347e-09
2.0 15.0 0.843582 -1.14183e-09
2.0 15.0 1.00658 -1.66765e-07
2.0 15.0 0.8364 -1.09853e-07
2.0 15.0 0.844364 -2.89048e-10
2.0 15.0 0.800042 -8.8602e-10
2.0 15.0 0.807062 -8.18023e-10
2.0 15.0 0.84017 -6.11959e-08
2.0 15.0 0.855402 -1.24252e-10
2.0 15.0 0.829374 -1.01358e-07
2.0 15.0 0.807208 -4.34111e-09
2.0 15.0 0.843222 -3.91605e-10
2.0 15.0 0.853787 -1.09872e-07
2.0 15.0 0.81999 -7.03006e-10
2.0 15.0 0.844947 -4.44684e-09
2.0 15.0 0.836665 -1.54488e-07
2.0 15.0 0.840178 -5.09983e-09
2.0 15.0 0.803705 -9.45304e-08
2.0 15.0 0.830896 -1.33393e-07
2.0 15.0 0.836878 -1.38004e-07
2.0 15.0 0.850227 -3.97921e-09
2.0 15.0 0.84142 -2.16494e-11
2.0 15.0 0.856173 -4.09464e-10
2.0 15.0 0.74895 -3.8233e-10
2.0 15.0 0.845671 -3.91379e-08
2.0 16.0 0.86019 -3.57561e-07
2.0 16.0 0.807718 -8.12552e-10
2.0 16.0 0.827321 -5.09708e-08
2.0 16.0 1.42207 -9.10873e-09
2.0 16.0 1.5092 -2.99086e-08
2.0 16.0 1.00265 -4.48698e-08
2.0 16.0 0.991282 -7.83151e-08
2.0 16.0 0.887502 -1.35749e-09
2.0 16.0 0.824881 -1.96165e-07
2.0 16.0 1.4064 -1.78187e-11
2.0 16.0 1.28686 -6.44529e-10
2.0 16.0 0.81413 -1.69491e-08
2.0 16.0 0.842739 -4.63376e-08
2.0 16.0 0.837194 -2.342e-08
2.0 16.0 0.809513 -2.3967e-08
2.0 16.0 0.834481 -1.67701e-08
2.0 16.0 0.843281 -5.99685e-08
2.0 16.0 0.840601 -8.15921e-08
2.0 16.0 0.837268 -1.06024e-10
2.0 16.0 0.806427 -1.00911e-10
2.0 16.0 1.36474 -6.18966e-09
2.0 16.0 1.0599 -1.4637e-08
2.0 16.0 0.817194 -2.89452e-09
2.0 16.0 0.95321 -6.48981e-08
2.0 16.0 0.793101 -5.50577e-10
2.0 16.0 0.796046 -2.48428e-07
2.0 16.0 0.81553 -2.70878e-07
2.0 16.0 1.10931 -9.61795e-10
2.0 16.0 0.803746 -4.5839e-11
2.0 16.0 0.849973 -1.01407e-09
2.0 16.0 0.853894 -2.6491e-07
2.0 16.0 0.848285 -2.77742e-08
2.0 16.0 0.836355 -4.2165e-08
2.0 16.0 0.831696 -7.96561e-08
2.0 16.0 0.833832 -1.07772e-07
2.0 16.0 0.840409 -7.79944e-10
2.0 16.0 0.834548 -2.16432e-07
2.0 16.0 0.79792 -7.93477e-08
2.0 16.0 0.810106 -7.26102e-09
2.0 16.0 1.55502 -3.57624e-07
2.0 16.0 0.860073 -2.24768e-08
2.0 16.0 0.850594 -1.19008e-09
2.0 16.0 1.421 -1.78867e-09
2.0 16.0 0.834066 -9.50251e-10
2.0 16.0 0.840498 -1.56879e-09
2.0 16.0 1.50323 -1.61755e-07
2.0 16.0 0.888501 -5.22343e-09
2.0 16.0 0.840743 -3.28347e-09
2.0 16.0 0.81773 -3.26426e-10
2.0 16.0 1.82193 -1.10303e-07
2.0 17.0 1.87502 -2.55299e-08
2.0 17.0 1.01945 -5.07075e-09
2.0 17.0 0.869811 -6.47254e-09
2.0 17.0 0.87884 -5.46999e-10
2.0 17.0 1.44161 -1.93415e-12
2.0 17.0 0.864499 -7.70246e-09
2.0 17.0 1.85289 -2.06122e-09
2.0 17.0 0.903506 -9.95181e-10
2.0 17.0 1.06711 -4.81614e-09
2.0 17.0 1.03326 -7.02288e-09
2.0 17.0 1.30862 -1.09066e-08
2.0 17.0 0.872031 -1.85468e-09
2.0 17.0 1.31659 -2.36986e-07
2.0 17.0 0.872966 -3.40275e-08
2.0 17.0 0.881581 -1.36316e-07
2.0 17.0 0.877894 -5.82826e-08
2.0 17.0 0.882966 -7.38485e-09
2.0 17.0 0.89377 -2.79101e-08
2.0 17.0 0.917841 -3.95825e-10
2.0 17.0 1.0262 -6.35484e-09
2.0 17.0 1.08899 -8.22002e-09
2.0 17.0 1.36215 -1.07433e-08
2.0 17.0 1.35036 -4.68045e-11
2.0 17.0 1.01832 -1.90059e-09
2.0 17.0 0.881122 -3.19208e-08
2.0 17.0 0.869376 -3.78558e-08
2.0 17.0 1.14923 -3.0404e-07
2.0 17.0 1.40017 -2.83974e-07
2.0 17.0 0.887988 -5.34807e-09
2.0 17.0 0.901937 -8.67432e-11
2.0 17.0 0.878146 -4.42899e-08
2.0 17.0 1.02549 -1.0307e-09
2.0 17.0 1.3811 -4.65024e-09
2.0 17.0 1.58431 -1.11512e-11
2.0 17.0 0.877227 -2.22879e-09
2.0 17.0 0.878227 -2.31653e-08
2.0 17.0 1.44201 -6.2948e-10
2.0 17.0 0.884185 -2.04055e-08
2.0 17.0 1.38749 -6.03364e-11
2.0 17.0 1.54208 -2.21273e-09
2.0 17.0 1.27202 -1.13323e-08
2.0 17.0 0.844251 -4.05513e-09
2.0 17.0 0.880398 -3.26405e-08
2.0 17.0 0.873208 -1.60654e-08
2.0 17.0 1.50432 -3.39716e-11
2.0 17.0 0.881049 -1.33807e-09
2.0 17.0 0.872244 -1.21179e-07
2.0 17.0 1.00693 -2.58068e-10
2.0 17.0 0.870549 -3.38433e-08
2.0 17.0 0.870549 -3.38433e-08
2.0 31.0 0.931124 -1.45648e-09
2.0 31.0 0.914324 -1.30857e-07
2.0 31.0 0.895245 -1.10295e-11
2.0 31.0 0.920738 -6.5369e-08
2.0 31.0 1.43308 -1.69896e-08
2.0 31.0 1.44539 -9.41725e-08
2.0 31.0 1.43012 -1.16725e-10
2.0 31.0 0.940561 -3.16974e-09
2.0 31.0 0.944653 -1.86625e-08
2.0 31.0 0.95023 -7.0561e-08
2.0 31.0 1.3544 -2.16432e-07
2.0 31.0 0.866199 -2.36439e-10
2.0 31.0 0.917057 -3.26065e-09
2.0 31.0 1.35476 -5.91064e-09
2.0 31.0 0.972557 -1.31001e-08
2.0 31.0 0.970538 -3.94108e-09
2.0 31.0 0.905329 -5.89079e-08
2.0 31.0 1.53559 -4.25953e-08
2.0 31.0 0.909886 -3.55776e-09
2.0 31.0 0.90171 -5.01307e-10
2.0 31.0 0.949321 -8.27905e-15
2.0 31.0 0.956842 -3.1209e-08
2.0 31.0 0.955415 -2.17907e-09
2.0 31.0 0.92532 -1.00983e-09
2.0 31.0 0.973676 -2.89769e-10
2.0 31.0 0.930182 -1.11161e-08
2.0 31.0 0.952056 -1.66629e-07
2.0 31.0 0.939938 -6.10297e-10
2.0 31.0 0.973778 -1.62517e-08
2.0 31.0 0.942815 -6.43688e-08
2.0 31.0 0.921516 -2.44314e-09
2.0 31.0 0.934428 -5.55015e-09
2.0 31.0 0.949987 -2.3642e-09
2.0 31.0 1.45249 -6.0074e-11
2.0 31.0 0.961208 -4.06656e-09
2.0 31.0 0.973183 -9.12851e-08
2.0 31.0 0.972722 -8.98088e-09
2.0 31.0 0.92903 -9.47984e-08
2.0 31.0 0.965694 -8.1733e-08
2.0 31.0 0.991476 -1.00119e-09
2.0 31.0 0.937515 -6.51931e-10
2.0 31.0 1.36747 -5.91331e-10
2.0 31.0 0.946888 -2.69505e-08
2.0 31.0 0.950139 -7.41931e-09
2.0 31.0 0.938372 -1.15019e-07
2.0 31.0 0.949368 -1.56209e-08
2.0 31.0 0.956168 -1.70604e-07
2.0 31.0 0.953707 -3.3092e-08
2.0 31.0 0.907738 -3.81814e-09
2.0 31.0 0.921149 -6.46974e-10
2.0 32.0 0.948147 -6.35477e-08
2.0 32.0 0.97512 -5.95094e-08
2.0 32.0 0.967761 -4.53807e-08
2.0 32.0 0.953137 -5.47857e-09
2.0 32.0 0.960306 -3.63474e-09
2.0 32.0 1.39083 -3.78671e-08
2.0 32.0 0.964508 -7.18227e-09
2.0 32.0 1.04284 -2.2503e-10
2.0 32.0 0.977687 -1.42967e-09
2.0 32.0 0.883695 -3.48911e-09
2.0 32.0 0.958751 -1.54609e-08
2.0 32.0 0.959514 -2.16432e-07
2.0 32.0 0.930314 -3.63737e-09
2.0 32.0 0.956977 -6.79515e-09
2.0 32.0 0.918827 -2.95044e-09
2.0 32.0 0.96664 -6.14883e-08
2.0 32.0 0.937102 -1.40636e-07
2.0 32.0 0.952277 -5.48342e-09
2.0 32.0 0.964086 -5.27408e-08
2.0 32.0 0.955111 -6.27583e-09
2.0 32.0 0.923141 -1.0955e-10
2.0 32.0 0.93824 -1.58189e-08
2.0 32.0 0.943188 -3.72495e-08
2.0 32.0 0.951319 -8.68518e-08
2.0 32.0 0.952832 -6.22356e-09
2.0 32.0 0.952863 -1.72919e-07
2.0 32.0 0.930502 -1.86411e-07
2.0 32.0 0.98023 -1.12708e-09
2.0 32.0 0.926341 -2.16432e-07
2.0 32.0 0.85508 -2.1722e-08
2.0 32.0 0.950015 -8.11054e-08
2.0 32.0 0.90541 -9.2943e-11
2.0 32.0 0.98204 -9.08238e-09
2.0 32.0 1.41755 -1.44244e-09
2.0 32.0 0.908292 -1.43955e-08
2.0 32.0 0.957016 -1.13122e-08
2.0 32.0 1.02473 -6.57994e-09
2.0 32.0 0.962828 -4.10038e-08
2.0 32.0 0.976841 -3.77264e-09
2.0 32.0 0.969193 -4.68586e-11
2.0 32.0 1.02029 -2.16432e-07
2.0 32.0 0.954864 -4.35561e-08
2.0 32.0 1.3803 -1.29804e-09
2.0 32.0 1.41599 -2.55241e-09
2.0 32.0 0.893976 -8.37267e-12
2.0 32.0 0.939938 -7.80489e-08
2.0 32.0 0.96286 -5.5227e-08
2.0 32.0 0.938033 -9.99391e-09
2.0 32.0 1.81456 -9.81371e-09
2.0 32.0 0.915716 -9.26245e-08
2.0 33.0 1.44696 -3.19741e-08
2.0 33.0 1.04372 -4.51882e-08
2.0 33.0 1.41563 -1.08132e-09
2.0 33.0 1.43801 -4.39445e-10
2.0 33.0 1.01898 -1.33195e-08
2.0 33.0 1.45265 -1.14485e-08
2.0 33.0 1.32654 -4.56332e-09
2.0 33.0 1.05271 -9.53122e-10
2.0 33.0 1.04015 -2.59054e-07
2.0 33.0 1.32665 -8.75881e-08
2.0 33.0 1.04586 -2.10507e-07
2.0 33.0 1.33512 -7.19541e-08
2.0 33.0 1.05192 -2.66158e-07
2.0 33.0 1.37147 -1.03321e-09
2.0 33.0 1.10689 -4.3443e-08
2.0 33.0 1.79361 -4.94854e-09
2.0 33.0 1.02472 -9.72211e-09
2.0 33.0 1.36247 -6.68623e-08
2.0 33.0 1.05174 -1.82852e-07
2.0 33.0 1.0483 -3.91572e-09
2.0 33.0 1.0648 -1.43894e-09
2.0 33.0 1.05426 -8.87985e-09
2.0 33.0 1.05652 -4.75817e-09
2.0 33.0 1.02014 -2.89661e-08
2.0 33.0 1.55037 -1.17478e-08
2.0 33.0 1.08936 -7.54787e-10
2.0 33.0 0.986992 -4.62039e-10
2.0 33.0 1.04009 -1.05799e-07
2.0 33.0 1.0146 -5.72689e-11
2.0 33.0 0.984284 -5.46542e-11
2.0 33.0 1.03168 -3.49382e-08
2.0 33.0 1.07261 -6.71839e-09
2.0 33.0 1.04496 -2.40925e-08
2.0 33.0 0.960371 -2.57127e-10
2.0 33.0 1.04524 -3.9117e-09
2.0 33.0 2.20714 -1.34069e-07
2.0 33.0 1.05551 -1.04865e-07
2.0 33.0 1.46489 -3.76253e-07
2.0 33.0 1.00929 -1.22131e-11
2.0 33.0 1.0342 -6.58767e-08
2.0 33.0 1.00641 -2.65864e-07
2.0 33.0 1.00783 -1.78586e-09
2.0 33.0 1.39272 -1.97356e-09
2.0 33.0 1.35281 -1.333e-10
2.0 33.0 0.980928 -1.65553e-07
2.0 33.0 1.05216 -1.69719e-09
2.0 33.0 1.46294 -5.52391e-08
2.0 33.0 0.9533 -7.26063e-09
2.0 33.0 1.05122 -4.76204e-09
2.0 33.0 1.28753 -8.88899e-09
3.0 3.0 1.11782 211.423
3.0 3.0 0.676604 211.426
3.0 3.0 0.507075 211.425
3.0 3.0 1.11625 211.425
3.0 3.0 1.43395 211.426
3.0 3.0 1.04835 211.425
3.0 3.0 0.739861 211.424
3.0 3.0 1.80742 211.426
3.0 3.0 1.84646 211.425
3.0 3.0 0.696706 211.424
3.0 3.0 0.509603 211.424
3.0 3.0 1.80784 211.425
3.0 3.0 1.64628 211.425
3.0 3.0 1.14408 211.426
3.0 3.0 1.09517 211.425
3.0 3.0 1.05066 211.425
3.0 3.0 0.676407 211.426
3.0 3.0 1.77565 211.423
3.0 3.0 1.05998 211.425
3.0 3.0 0.665374 211.423
3.0 3.0 0.672646 211.425
3.0 3.0 0.674304 211.423
3.0 3.0 0.441735 211.423
3.0 3.0 0.668269 211.423
3.0 3.0 0.672042 211.426
3.0 3.0 0.44917 211.423
3.0 3.0 1.85968 211.425
3.0 3.0 1.04273 211.423
3.0 3.0 1.11341 211.426
3.0 3.0 1.15777 211.423
3.0 3.0 0.466863 211.425
3.0 3.0 1.9184 211.425
3.0 3.0 0.682018 211.425
3.0 3.0 1.15444 211.426
3.0 3.0 1.52682 211.426
3.0 3.0 1.1765 211.425
3.0 3.0 1.72382 211.423
3.0 3.0 1.04869 211.426
3.0 3.0 0.826864 211.426
3.0 3.0 1.15732 211.426
3.0 3.0 0.660973 211.426
3.0 3.0 1.10324 211.426
3.0 3.0 0.724312 211.426
3.0 3.0 0.661779 211.424
3.0 3.0 0.688634 211.423
3.0 3.0 0.676902 211.423
3.0 3.0 1.53024 211.426
3.0 3.0 1.06392 211.42
3.0 3.0 1.21971 211.425
3.0 3.0 0.669248 211.423
3.0 4.0 1.11005 211.426
3.0 4.0 1.08661 211.425
3.0 4.0 1.07754 211.425
3.0 4.0 0.997549 211.426
3.0 4.0 0.918706 211.426
3.0 4.0 0.480252 211.425
3.0 4.0 1.13782 211.426
3.0 4.0 1.04408 211.426
3.0 4.0 0.474865 211.424
3.0 4.0 0.472661 211.423
3.0 4.0 1.5858 211.423
3.0 4.0 1.04493 211.424
3.0 4.0 0.764704 211.423
3.0 4.0 1.01191 211.426
3.0 4.0 0.772904 211.426
3.0 4.0 1.02294 211.424
3.0 4.0 0.92699 211.422
3.0 4.0 0.471609 211.426
3.0 4.0 1.46906 211.425
3.0 4.0 1.5012 211.423
3.0 4.0 1.68973 211.426
3.0 4.0 0.975122 211.423
3.0 4.0 0.453926 211.423
3.0 4.0 0.4472 211.421
3.0 4.0 1.82853 211.426
3.0 4.0 1.49738 211.421
3.0 4.0 0.895523 211.417
3.0 4.0 1.07418 211.426
3.0 4.0 1.04649 211.426
3.0 4.0 1.17699 211.423
3.0 4.0 0.485569 211.425
3.0 4.0 0.478533 211.422
3.0 4.0 1.03952 211.424
3.0 4.0 0.966003 211.426
3.0 4.0 0.477112 211.426
3.0 4.0 1.49477 211.426
3.0 4.0 0.971408 211.423
3.0 4.0 1.55261 211.424
3.0 4.0 1.01909 211.426
3.0 4.0 0.469328 211.426
3.0 4.0 0.909374 211.425
3.0 4.0 0.466163 211.423
3.0 4.0 0.460859 211.422
3.0 4.0 0.461029 211.423
3.0 4.0 0.462295 211.424
3.0 4.0 0.462102 211.425
3.0 4.0 0.915499 211.421
3.0 4.0 0.979198 211.426
3.0 4.0 1.58041 211.423
3.0 4.0 1.03503 211.426
3.0 5.0 1.05031 211.419
3.0 5.0 0.617207 211.423
3.0 5.0 0.730309 211.423
3.0 5.0 0.895579 211.426
3.0 5.0 1.04186 211.423
3.0 5.0 0.869042 211.423
3.0 5.0 0.8392 211.424
3.0 5.0 1.15058 211.424
3.0 5.0 0.932749 211.426
3.0 5.0 0.573914 211.421
3.0 5.0 0.571475 211.426
3.0 5.0 0.800973 211.423
3.0 5.0 0.789399 211.423
3.0 5.0 0.879555 211.426
3.0 5.0 0.574298 211.425
3.0 5.0 1.21291 211.425
3.0 5.0 0.801691 211.426
3.0 5.0 0.884948 211.423
3.0 5.0 0.744791 211.425
3.0 5.0 0.866142 211.426
3.0 5.0 0.795083 211.425
3.0 5.0 0.82391 211.426
3.0 5.0 0.688194 211.414
3.0 5.0 0.690524 211.426
3.0 5.0 0.746856 211.426
3.0 5.0 0.793227 211.425
3.0 5.0 0.791344 211.426
3.0 5.0 0.569436 211.425
3.0 5.0 0.572533 211.426
3.0 5.0 0.711796 211.426
3.0 5.0 0.605477 211.423
3.0 5.0 0.568581 211.424
3.0 5.0 0.575624 211.425
3.0 5.0 0.562076 211.426
3.0 5.0 0.994142 211.413
3.0 5.0 0.72702 211.425
3.0 5.0 0.7029 211.426
3.0 5.0 0.801161 211.426
3.0 5.0 0.79092 211.425
3.0 5.0 0.733509 211.426
3.0 5.0 1.32954 211.425
3.0 5.0 0.794565 211.426
3.0 5.0 0.677052 211.423
3.0 5.0 1.01285 211.424
3.0 5.0 0.562599 211.421
3.0 5.0 0.688366 211.423
3.0 5.0 0.57175 211.426
3.0 5.0 0.794464 211.426
3.0 5.0 0.721967 211.423
3.0 5.0 0.574131 211.425
3.0 7.0 1.51551 211.419
3.0 7.0 1.17324 211.42
3.0 7.0 0.850325 211.423
3.0 7.0 1.49844 211.422
3.0 7.0 0.753284 211.425
3.0 7.0 0.707645 211.424
3.0 7.0 0.93557 211.426
3.0 7.0 0.76414 211.426
3.0 7.0 1.15129 211.413
3.0 7.0 0.949109 211.426
3.0 7.0 0.707385 211.42
3.0 7.0 1.06192 211.423
3.0 7.0 0.640419 211.423
3.0 7.0 0.858151 211.425
3.0 7.0 0.880913 211.421
3.0 7.0 1.34679 211.426
3.0 7.0 0.839624 211.426
3.0 7.0 0.845317 211.422
3.0 7.0 0.642473 211.42
3.0 7.0 0.657623 211.416
3.0 7.0 0.937409 211.414
3.0 7.0 0.692805 211.42
3.0 7.0 0.751516 211.426
3.0 7.0 1.41814 211.426
3.0 7.0 0.727819 211.421
3.0 7.0 0.725145 211.426
3.0 7.0 0.849055 211.425
3.0 7.0 0.705159 211.426
3.0 7.0 0.919682 211.419
3.0 7.0 0.646018 211.414
3.0 7.0 0.744346 211.425
3.0 7.0 0.89297 211.42
3.0 7.0 0.640695 211.415
3.0 7.0 0.650829 211.424
3.0 7.0 0.74694 211.425
3.0 7.0 1.53041 211.424
3.0 7.0 0.692801 211.422
3.0 7.0 0.639211 211.422
3.0 7.0 0.641825 211.413
3.0 7.0 0.963965 211.426
3.0 7.0 0.788009 211.422
3.0 7.0 0.640177 211.419
3.0 7.0 0.64651 211.417
3.0 7.0 0.965817 211.425
3.0 7.0 0.935522 211.413
3.0 7.0 0.912859 211.426
3.0 7.0 1.01582 211.426
3.0 7.0 1.04152 211.426
3.0 7.0 0.640028 211.414
3.0 7.0 0.689969 211.426
3.0 8.0 0.661144 211.421
3.0 8.0 0.714008 211.425
3.0 8.0 0.654723 211.423
3.0 8.0 0.995839 211.425
3.0 8.0 0.666243 211.418
3.0 8.0 0.656545 211.42
3.0 8.0 0.65674 211.42
3.0 8.0 0.67746 211.422
3.0 8.0 0.671507 211.424
3.0 8.0 1.01689 211.425
3.0 8.0 0.671215 211.422
3.0 8.0 0.689462 211.419
3.0 8.0 1.45717 211.42
3.0 8.0 1.4927 211.424
3.0 8.0 0.657465 211.422
3.0 8.0 0.752093 211.423
3.0 8.0 0.666669 211.421
3.0 8.0 0.674072 211.424
3.0 8.0 0.759752 211.425
3.0 8.0 1.4589 211.425
3.0 8.0 0.760012 211.426
3.0 8.0 1.425 211.413
3.0 8.0 0.692129 211.426
3.0 8.0 0.748224 211.423
3.0 8.0 0.661009 211.417
3.0 8.0 0.823881 211.426
3.0 8.0 1.45773 211.425
3.0 8.0 0.735816 211.424
3.0 8.0 1.49619 211.425
3.0 8.0 0.749073 211.422
3.0 8.0 0.748928 211.426
3.0 8.0 0.730965 211.425
3.0 8.0 0.691277 211.426
3.0 8.0 0.671035 211.426
3.0 8.0 0.669567 211.419
3.0 8.0 0.897417 211.423
3.0 8.0 0.690135 211.416
3.0 8.0 0.741057 211.424
3.0 8.0 1.36213 211.423
3.0 8.0 0.740954 211.419
3.0 8.0 1.48619 211.419
3.0 8.0 1.49122 211.416
3.0 8.0 0.668416 211.419
3.0 8.0 0.736852 211.426
3.0 8.0 0.661148 211.426
3.0 8.0 0.706635 211.425
3.0 8.0 1.39637 211.424
3.0 8.0 1.49291 211.426
3.0 8.0 0.75232 211.425
3.0 8.0 1.00688 211.423
3.0 9.0 0.763771 211.423
3.0 9.0 0.83485 211.426
3.0 9.0 0.743463 211.423
3.0 9.0 0.73072 211.425
3.0 9.0 0.727548 211.416
3.0 9.0 0.740345 211.419
3.0 9.0 0.737671 211.425
3.0 9.0 1.14658 211.426
3.0 9.0 0.741364 211.424
3.0 9.0 0.989084 211.426
3.0 9.0 0.745806 211.413
3.0 9.0 0.734301 211.419
3.0 9.0 0.742503 211.425
3.0 9.0 0.745169 211.424
3.0 9.0 0.854297 211.422
3.0 9.0 0.740494 211.413
3.0 9.0 0.726203 211.418
3.0 9.0 0.855991 211.425
3.0 9.0 0.831245 211.423
3.0 9.0 1.13933 211.424
3.0 9.0 0.750167 211.422
3.0 9.0 0.736178 211.426
3.0 9.0 0.849274 211.422
3.0 9.0 1.19604 211.426
3.0 9.0 0.691466 211.426
3.0 9.0 0.744188 211.413
3.0 9.0 0.815106 211.426
3.0 9.0 0.748733 211.419
3.0 9.0 0.731462 211.426
3.0 9.0 0.741545 211.413
3.0 9.0 0.7427 211.426
3.0 9.0 0.739997 211.421
3.0 9.0 0.758779 211.413
3.0 9.0 0.81301 211.423
3.0 9.0 0.737512 211.422
3.0 9.0 0.713341 211.426
3.0 9.0 0.727035 211.424
3.0 9.0 0.735079 211.416
3.0 9.0 0.770042 211.418
3.0 9.0 0.74653 211.423
3.0 9.0 0.954463 211.425
3.0 9.0 1.02944 211.422
3.0 9.0 0.730423 211.413
3.0 9.0 0.740592 211.424
3.0 9.0 0.756764 211.423
3.0 9.0 0.729269 211.424
3.0 9.0 0.73905 211.424
3.0 9.0 0.743737 211.424
3.0 9.0 0.729851 211.426
3.0 9.0 0.876385 211.422
3.0 15.0 0.823919 211.421
3.0 15.0 0.791609 211.423
3.0 15.0 0.827174 211.416
3.0 15.0 0.824545 211.424
3.0 15.0 0.814705 211.422
3.0 15.0 0.830563 211.421
3.0 15.0 0.832272 211.425
3.0 15.0 0.820392 211.425
3.0 15.0 0.795339 211.422
3.0 15.0 0.821972 211.425
3.0 15.0 0.820792 211.413
3.0 15.0 0.827209 211.426
3.0 15.0 0.80351 211.422
3.0 15.0 0.792665 211.421
3.0 15.0 0.839996 211.425
3.0 15.0 0.844833 211.421
3.0 15.0 0.795126 211.419
3.0 15.0 0.821229 211.422
3.0 15.0 0.823594 211.425
3.0 15.0 0.839437 211.426
3.0 15.0 0.809874 211.425
3.0 15.0 0.807691 211.426
3.0 15.0 1.15588 211.413
3.0 15.0 0.820489 211.424
3.0 15.0 0.795257 211.425
3.0 15.0 0.8101 211.422
3.0 15.0 0.796373 211.424
3.0 15.0 0.811635 211.421
3.0 15.0 0.812044 211.426
3.0 15.0 0.824742 211.424
3.0 15.0 0.812569 211.426
3.0 15.0 0.812274 211.422
3.0 15.0 0.809586 211.423
3.0 15.0 0.822078 211.426
3.0 15.0 0.794351 211.426
3.0 15.0 0.811973 211.425
3.0 15.0 0.837774 211.421
3.0 15.0 1.10732 211.425
3.0 15.0 0.795261 211.425
3.0 15.0 0.814169 211.424
3.0 15.0 0.84377 211.426
3.0 15.0 1.25815 211.417
3.0 15.0 0.820057 211.425
3.0 15.0 0.836192 211.424
3.0 15.0 0.811383 211.426
3.0 15.0 0.927578 211.413
3.0 15.0 1.042 211.424
3.0 15.0 0.824093 211.424
3.0 15.0 0.816933 211.426
3.0 15.0 1.50068 211.425
3.0 16.0 1.03141 211.425
3.0 16.0 0.801248 211.422
3.0 16.0 1.48402 211.424
3.0 16.0 0.814775 211.425
3.0 16.0 1.56177 211.423
3.0 16.0 1.65327 211.413
3.0 16.0 1.49793 211.419
3.0 16.0 1.36214 211.425
3.0 16.0 0.967962 211.426
3.0 16.0 0.796884 211.425
3.0 16.0 1.51742 211.424
3.0 16.0 0.799933 211.426
3.0 16.0 0.995719 211.423
3.0 16.0 0.793106 211.425
3.0 16.0 1.74579 211.425
3.0 16.0 1.2674 211.424
3.0 16.0 0.965286 211.425
3.0 16.0 0.830011 211.423
3.0 16.0 1.1824 211.425
3.0 16.0 0.809092 211.425
3.0 16.0 1.35005 211.425
3.0 16.0 0.804469 211.426
3.0 16.0 0.804662 211.421
3.0 16.0 1.38666 211.421
3.0 16.0 0.916345 211.426
3.0 16.0 1.53588 211.426
3.0 16.0 0.7986 211.426
3.0 16.0 1.5544 211.426
3.0 16.0 0.807048 211.422
3.0 16.0 0.807887 211.426
3.0 16.0 0.8052 211.425
3.0 16.0 0.827754 211.422
3.0 16.0 0.829036 211.422
3.0 16.0 0.832591 211.425
3.0 16.0 0.810985 211.423
3.0 16.0 0.811133 211.425
3.0 16.0 0.806339 211.425
3.0 16.0 0.832438 211.425
3.0 16.0 0.80117 211.426
3.0 16.0 1.78338 211.413
3.0 16.0 0.815403 211.425
3.0 16.0 0.829239 211.426
3.0 16.0 1.48838 211.425
3.0 16.0 0.796012 211.426
3.0 16.0 0.802249 211.426
3.0 16.0 0.82182 211.422
3.0 16.0 0.801922 211.426
3.0 16.0 1.32135 211.426
3.0 16.0 0.801249 211.425
3.0 16.0 1.46332 211.42
3.0 17.0 0.871799 211.413
3.0 17.0 1.36937 211.418
3.0 17.0 1.19104 211.425
3.0 17.0 0.885191 211.413
3.0 17.0 0.925455 211.417
3.0 17.0 0.855317 211.421
3.0 17.0 0.886138 211.419
3.0 17.0 1.55065 211.424
3.0 17.0 0.855738 211.426
3.0 17.0 1.02189 211.424
3.0 17.0 0.883528 211.422
3.0 17.0 1.12398 211.423
3.0 17.0 1.53364 211.424
3.0 17.0 0.868917 211.426
3.0 17.0 0.906952 211.424
3.0 17.0 0.865154 211.426
3.0 17.0 0.884488 211.426
3.0 17.0 0.847864 211.426
3.0 17.0 1.2452 211.423
3.0 17.0 0.883033 211.42
3.0 17.0 0.879918 211.422
3.0 17.0 0.850632 211.423
3.0 17.0 0.844891 211.426
3.0 17.0 1.06861 211.426
3.0 17.0 0.874254 211.422
3.0 17.0 0.880289 211.426
3.0 17.0 0.877963 211.422
3.0 17.0 0.925053 211.424
3.0 17.0 1.13752 211.423
3.0 17.0 1.36203 211.422
3.0 17.0 0.862501 211.425
3.0 17.0 1.38596 211.413
3.0 17.0 0.8843 211.424
3.0 17.0 0.907731 211.424
3.0 17.0 0.875094 211.423
3.0 17.0 1.0362 211.422
3.0 17.0 0.879808 211.417
3.0 17.0 0.929236 211.418
3.0 17.0 1.39494 211.424
3.0 17.0 1.0231 211.424
3.0 17.0 1.36889 211.424
3.0 17.0 0.921819 211.422
3.0 17.0 0.835545 211.415
3.0 17.0 1.34722 211.413
3.0 17.0 0.865416 211.419
3.0 17.0 0.87908 211.413
3.0 17.0 1.04291 211.426
3.0 17.0 0.855968 211.414
3.0 17.0 1.01062 211.426
3.0 17.0 0.873539 211.413
3.0 31.0 0.927651 211.422
3.0 31.0 0.957831 211.424
3.0 31.0 0.906647 211.424
3.0 31.0 0.898565 211.418
3.0 31.0 0.998053 211.425
3.0 31.0 1.49953 211.426
3.0 31.0 0.954718 211.422
3.0 31.0 0.891905 211.426
3.0 31.0 1.01061 211.426
3.0 31.0 0.953537 211.415
3.0 31.0 0.929182 211.415
3.0 31.0 0.907819 211.426
3.0 31.0 0.907637 211.425
3.0 31.0 0.947797 211.426
3.0 31.0 1.37495 211.421
3.0 31.0 0.943672 211.419
3.0 31.0 0.946495 211.425
3.0 31.0 0.910771 211.425
3.0 31.0 0.916853 211.425
3.0 31.0 1.35983 211.419
3.0 31.0 0.922883 211.425
3.0 31.0 0.907859 211.426
3.0 31.0 0.926593 211.413
3.0 31.0 0.923409 211.424
3.0 31.0 0.885216 211.425
3.0 31.0 1.44081 211.419
3.0 31.0 1.46228 211.425
3.0 31.0 0.881738 211.425
3.0 31.0 0.904571 211.426
3.0 31.0 1.02087 211.421
3.0 31.0 0.948971 211.423
3.0 31.0 0.899358 211.426
3.0 31.0 0.95048 211.426
3.0 31.0 0.900731 211.425
3.0 31.0 0.95659 211.418
3.0 31.0 0.897541 211.422
3.0 31.0 0.917796 211.426
3.0 31.0 0.878812 211.425
3.0 31.0 0.892578 211.426
3.0 31.0 0.877244 211.425
3.0 31.0 0.960882 211.413
3.0 31.0 1.01753 211.413
3.0 31.0 0.880385 211.423
3.0 31.0 0.951735 211.422
3.0 31.0 0.942705 211.418
3.0 31.0 0.89191 211.425
3.0 31.0 1.07379 211.426
3.0 31.0 0.904009 211.426
3.0 31.0 0.914626 211.424
3.0 31.0 0.951523 211.426
3.0 32.0 1.43443 211.425
3.0 32.0 0.946623 211.413
3.0 32.0 0.912551 211.425
3.0 32.0 1.55385 211.424
3.0 32.0 0.940217 211.422
3.0 32.0 0.946146 211.423
3.0 32.0 1.43246 211.426
3.0 32.0 1.09703 211.426
3.0 32.0 0.957668 211.421
3.0 32.0 1.44168 211.426
3.0 32.0 0.913931 211.422
3.0 32.0 1.02838 211.425
3.0 32.0 0.911867 211.42
3.0 32.0 2.92157 211.421
3.0 32.0 1.44181 211.417
3.0 32.0 0.884848 211.425
3.0 32.0 0.903703 211.425
3.0 32.0 0.975214 211.426
3.0 32.0 0.909199 211.419
3.0 32.0 0.974402 211.414
3.0 32.0 0.888934 211.426
3.0 32.0 0.913561 211.425
3.0 32.0 0.966685 211.418
3.0 32.0 0.930753 211.426
3.0 32.0 0.961569 211.423
3.0 32.0 1.38621 211.426
3.0 32.0 0.950584 211.423
3.0 32.0 0.958571 211.417
3.0 32.0 1.01057 211.426
3.0 32.0 1.39343 211.419
3.0 32.0 1.42822 211.416
3.0 32.0 1.3824 211.413
3.0 32.0 0.960668 211.425
3.0 32.0 0.946377 211.426
3.0 32.0 0.952134 211.426
3.0 32.0 1.43921 211.424
3.0 32.0 0.969842 211.413
3.0 32.0 0.952406 211.425
3.0 32.0 1.02166 211.415
3.0 32.0 1.5703 211.423
3.0 32.0 0.944182 211.423
3.0 32.0 0.897857 211.424
3.0 32.0 0.930762 211.426
3.0 32.0 1.46162 211.423
3.0 32.0 0.890615 211.42
3.0 32.0 0.961628 211.414
3.0 32.0 1.01422 211.413
3.0 32.0 1.05816 211.422
3.0 32.0 2.85121 211.415
3.0 32.0 0.917105 211.423
3.0 33.0 1.00832 211.425
3.0 33.0 1.06081 211.422
3.0 33.0 1.04773 211.421
3.0 33.0 1.09243 211.422
3.0 33.0 1.01373 211.424
3.0 33.0 1.55423 211.424
3.0 33.0 1.04118 211.413
3.0 33.0 1.44124 211.424
3.0 33.0 1.06543 211.424
3.0 33.0 0.985275 211.426
3.0 33.0 1.12961 211.424
3.0 33.0 0.996901 211.424
3.0 33.0 1.11146 211.413
3.0 33.0 1.34257 211.426
3.0 33.0 1.03081 211.426
3.0 33.0 1.006 211.426
3.0 33.0 1.39169 211.426
3.0 33.0 1.50836 211.425
3.0 33.0 1.49127 211.424
3.0 33.0 1.0816 211.416
3.0 33.0 1.05295 211.423
3.0 33.0 1.43776 211.426
3.0 33.0 0.999097 211.425
3.0 33.0 1.05873 211.416
3.0 33.0 1.10762 211.42
3.0 33.0 1.0455 211.413
3.0 33.0 0.939886 211.413
3.0 33.0 1.04876 211.413
3.0 33.0 1.02074 211.424
3.0 33.0 1.4013 211.413
3.0 33.0 1.01733 211.423
3.0 33.0 1.56058 211.423
3.0 33.0 1.02395 211.426
3.0 33.0 1.00856 211.422
3.0 33.0 1.41061 211.423
3.0 33.0 1.04384 211.413
3.0 33.0 1.44132 211.426
3.0 33.0 1.05691 211.413
3.0 33.0 1.0108 211.423
3.0 33.0 0.978095 211.423
3.0 33.0 1.00775 211.418
3.0 33.0 1.0487 211.423
3.0 33.0 1.00215 211.423
3.0 33.0 1.0375 211.413
3.0 33.0 0.995839 211.425
3.0 33.0 1.05266 211.425
3.0 33.0 1.02478 211.425
3.0 33.0 1.00522 211.426
3.0 33.0 1.02678 211.413
3.0 33.0 1.11412 211.426
4.0 3.0 0.800024 9.99835
4.0 3.0 0.47476 9.99927
4.0 3.0 0.977365 9.9993
4.0 3.0 1.51626 9.99963
4.0 3.0 1.0417 9.99917
4.0 3.0 0.430476 9.99958
4.0 3.0 0.961268 9.9997
4.0 3.0 0.671762 9.99831
4.0 3.0 1.51217 9.99882
4.0 3.0 0.661269 9.99937
4.0 3.0 1.07374 9.99869
4.0 3.0 1.07899 9.99857
4.0 3.0 1.6495 9.99886
4.0 3.0 1.79236 9.9978
4.0 3.0 1.68461 9.99974
4.0 3.0 0.641899 9.99801
4.0 3.0 0.985694 9.99601
4.0 3.0 0.74439 9.99952
4.0 3.0 1.08503 9.99808
4.0 3.0 1.55339 9.99969
4.0 3.0 0.949578 9.99965
4.0 3.0 0.693348 9.99865
4.0 3.0 1.0642 9.99911
4.0 3.0 1.59157 9.99967
4.0 3.0 1.50636 9.99885
4.0 3.0 0.693536 9.99962
4.0 3.0 1.68881 9.99893
4.0 3.0 0.663573 9.99866
4.0 3.0 0.682365 9.9989
4.0 3.0 0.667258 9.999
4.0 3.0 0.653124 9.99697
4.0 3.0 0.980041 9.99954
4.0 3.0 0.964167 9.99963
4.0 3.0 0.992842 9.99935
4.0 3.0 0.668151 9.99924
4.0 3.0 1.59423 9.99615
4.0 3.0 0.645618 9.99787
4.0 3.0 1.13848 9.99899
4.0 3.0 0.667038 9.99845
4.0 3.0 0.655936 9.99985
4.0 3.0 1.964 9.99892
4.0 3.0 1.62471 9.99942
4.0 3.0 0.775408 9.99886
4.0 3.0 1.045 9.99769
4.0 3.0 1.03574 9.99889
4.0 3.0 1.05923 9.99632
4.0 3.0 0.668775 9.99936
4.0 3.0 0.447108 9.99953
4.0 3.0 2.06149 9.99913
4.0 3.0 0.394924 9.99932
4.0 4.0 1.10106 9.99786
4.0 4.0 0.937912 9.99989
4.0 4.0 1.02762 9.99964
4.0 4.0 0.490319 9.99917
4.0 4.0 0.916965 9.99954
4.0 4.0 0.682549 9.99904
4.0 4.0 0.920674 9.99439
4.0 4.0 1.01483 9.9968
4.0 4.0 0.478102 9.99981
4.0 4.0 0.47246 9.99952
4.0 4.0 1.01941 9.99979
4.0 4.0 1.0247 9.99653
4.0 4.0 0.485609 9.99941
4.0 4.0 1.02885 9.99653
4.0 4.0 1.42496 9.9993
4.0 4.0 0.516174 9.99764
4.0 4.0 1.11218 9.99754
4.0 4.0 0.916105 9.99814
4.0 4.0 1.40982 9.99856
4.0 4.0 0.928978 9.99917
4.0 4.0 0.928656 9.99934
4.0 4.0 1.06615 9.99475
4.0 4.0 0.915905 9.99878
4.0 4.0 1.00933 9.99881
4.0 4.0 1.02269 9.99839
4.0 4.0 0.94567 9.99579
4.0 4.0 1.0367 9.99895
4.0 4.0 1.09128 9.99626
4.0 4.0 0.453247 9.99893
4.0 4.0 1.01228 9.99831
4.0 4.0 0.949418 9.99994
4.0 4.0 1.05577 9.99838
4.0 4.0 1.02348 9.99961
4.0 4.0 0.46022 9.99836
4.0 4.0 1.73561 9.99699
4.0 4.0 1.7657 9.99562
4.0 4.0 1.08777 9.99597
4.0 4.0 0.453034 9.99956
4.0 4.0 0.934882 9.99706
4.0 4.0 1.0119 9.99997
4.0 4.0 1.09393 9.99799
4.0 4.0 1.22924 9.99897
4.0 4.0 1.02583 9.99947
4.0 4.0 1.11501 9.99886
4.0 4.0 0.500091 9.9981
4.0 4.0 1.02524 9.99911
4.0 4.0 1.00705 9.99683
4.0 4.0 1.08438 9.99872
4.0 4.0 1.45669 9.99964
4.0 4.0 1.03186 9.99809
4.0 5.0 0.70676 9.99876
4.0 5.0 0.566198 9.99858
4.0 5.0 0.7854 9.99867
4.0 5.0 0.854408 9.99982
4.0 5.0 1.34644 9.99658
4.0 5.0 0.790712 9.99606
4.0 5.0 0.753367 9.9987
4.0 5.0 0.569832 9.99885
4.0 5.0 0.705543 9.99706
4.0 5.0 0.578039 9.99816
4.0 5.0 1.01461 9.99854
4.0 5.0 0.724563 9.9995
4.0 5.0 0.562875 9.9954
4.0 5.0 0.954422 9.99906
4.0 5.0 1.15888 9.99748
4.0 5.0 0.5552 9.99761
4.0 5.0 0.677456 9.99997
4.0 5.0 0.569523 9.99799
4.0 5.0 1.05926 9.99458
4.0 5.0 0.60399 9.99795
4.0 5.0 1.11261 9.99817
4.0 5.0 0.647266 9.99533
4.0 5.0 0.574204 9.99842
4.0 5.0 0.866662 9.99754
4.0 5.0 0.563997 9.99643
4.0 5.0 0.575358 9.99746
4.0 5.0 1.02301 9.99842
4.0 5.0 0.703096 9.99928
4.0 5.0 0.721535 9.99775
4.0 5.0 0.680856 9.99854
4.0 5.0 1.03489 9.99613
4.0 5.0 0.6973 9.99735
4.0 5.0 0.566135 9.99432
4.0 5.0 0.6785 9.99756
4.0 5.0 0.706179 9.99699
4.0 5.0 0.954516 9.99876
4.0 5.0 0.57702 9.99439
4.0 5.0 0.669588 9.99814
4.0 5.0 0.701031 9.99833
4.0 5.0 0.681478 9.99439
4.0 5.0 0.986053 9.99812
4.0 5.0 1.01367 9.99866
4.0 5.0 1.5937 9.99902
4.0 5.0 0.862179 9.99642
4.0 5.0 0.578703 9.99897
4.0 5.0 0.809953 9.9984
4.0 5.0 0.578804 9.99735
4.0 5.0 0.562266 9.9984
4.0 5.0 0.879223 9.99874
4.0 5.0 1.47842 9.9993
4.0 7.0 0.634231 9.99854
4.0 7.0 1.02649 9.99511
4.0 7.0 0.6798 9.99775
4.0 7.0 0.671193 9.99911
4.0 7.0 0.782724 9.99924
4.0 7.0 0.927991 9.99644
4.0 7.0 1.01169 9.9973
4.0 7.0 0.926415 9.99251
4.0 7.0 0.724806 9.99836
4.0 7.0 0.967265 9.99815
4.0 7.0 0.987721 9.99708
4.0 7.0 0.969059 9.99893
4.0 7.0 0.686067 9.99767
4.0 7.0 0.685784 9.99895
4.0 7.0 0.639677 9.99462
4.0 7.0 0.631231 9.99742
4.0 7.0 0.936102 9.99888
4.0 7.0 0.696815 9.99854
4.0 7.0 0.682798 9.99478
4.0 7.0 0.645453 9.99759
4.0 7.0 1.02962 9.99955
4.0 7.0 0.637679 9.99828
4.0 7.0 0.891971 9.999
4.0 7.0 0.644613 9.99671
4.0 7.0 0.933421 9.99739
4.0 7.0 0.673526 9.99529
4.0 7.0 0.630966 9.99626
4.0 7.0 0.634507 9.99819
4.0 7.0 1.53556 9.99988
4.0 7.0 0.829266 9.99972
4.0 7.0 0.842323 9.99972
4.0 7.0 1.77042 9.99671
4.0 7.0 0.639446 9.9973
4.0 7.0 0.634374 9.9996
4.0 7.0 1.48105 9.99696
4.0 7.0 0.646073 9.99726
4.0 7.0 0.976033 9.99784
4.0 7.0 1.11734 9.99754
4.0 7.0 1.47152 9.99811
4.0 7.0 0.662878 9.9979
4.0 7.0 0.83276 9.9995
4.0 7.0 1.19714 9.99664
4.0 7.0 0.917527 9.99812
4.0 7.0 0.672874 9.99641
4.0 7.0 0.739239 9.99946
4.0 7.0 1.08888 9.99555
4.0 7.0 0.67837 9.9961
4.0 7.0 0.894669 9.99718
4.0 7.0 0.652897 9.99909
4.0 7.0 0.89414 9.99973
4.0 8.0 1.5107 9.99841
4.0 8.0 1.50488 9.99851
4.0 8.0 1.39903 9.99693
4.0 8.0 0.653662 9.99848
4.0 8.0 0.6523 9.9991
4.0 8.0 0.684744 9.99596
4.0 8.0 0.981877 9.99834
4.0 8.0 0.855778 9.99717
4.0 8.0 0.919727 9.99954
4.0 8.0 0.903611 9.99963
4.0 8.0 0.654981 9.99987
4.0 8.0 0.659512 9.99571
4.0 8.0 0.685083 9.99935
4.0 8.0 0.671313 9.99439
4.0 8.0 0.65995 9.99664
4.0 8.0 0.661314 9.99926
4.0 8.0 0.653072 9.99737
4.0 8.0 0.834448 9.99679
4.0 8.0 0.658411 9.99878
4.0 8.0 0.699298 9.9969
4.0 8.0 0.676904 9.99687
4.0 8.0 1.10309 9.99842
4.0 8.0 0.657555 9.99987
4.0 8.0 0.658942 9.99868
4.0 8.0 0.824954 9.99675
4.0 8.0 0.639331 9.99847
4.0 8.0 0.672025 9.99775
4.0 8.0 0.815251 9.99329
4.0 8.0 1.05033 9.99987
4.0 8.0 0.977436 9.99532
4.0 8.0 1.43701 9.99789
4.0 8.0 0.831733 9.99762
4.0 8.0 0.681371 9.99903
4.0 8.0 0.668018 9.99864
4.0 8.0 0.670713 9.99612
4.0 8.0 0.658802 9.99732
4.0 8.0 0.652091 9.99409
4.0 8.0 0.650112 9.9959
4.0 8.0 0.66562 9.99973
4.0 8.0 0.667906 9.99658
4.0 8.0 0.663512 9.99632
4.0 8.0 0.700987 9.99721
4.0 8.0 0.670543 9.99138
4.0 8.0 0.70253 9.996
4.0 8.0 0.670266 9.9955
4.0 8.0 0.657355 9.99597
4.0 8.0 0.668416 9.99439
4.0 8.0 0.706476 9.99961
4.0 8.0 0.649258 9.99941
4.0 8.0 0.67349 9.99708
4.0 9.0 0.750083 9.9995
4.0 9.0 0.745728 9.9956
4.0 9.0 0.730187 9.99649
4.0 9.0 0.768502 9.9988
4.0 9.0 0.754278 9.9953
4.0 9.0 0.732344 9.99293
4.0 9.0 0.744398 9.99876
4.0 9.0 1.04986 9.99924
4.0 9.0 0.756399 9.99386
4.0 9.0 0.791965 9.99571
4.0 9.0 0.754057 9.9994
4.0 9.0 1.01501 9.99816
4.0 9.0 0.797109 9.9984
4.0 9.0 0.748957 9.99962
4.0 9.0 0.976467 9.99725
4.0 9.0 0.781949 9.99732
4.0 9.0 0.746551 9.99138
4.0 9.0 0.738287 9.9975
4.0 9.0 0.807755 9.99797
4.0 9.0 0.954316 9.99804
4.0 9.0 0.763764 9.99435
4.0 9.0 0.743401 9.9974
4.0 9.0 0.742691 9.9992
4.0 9.0 0.685862 9.99853
4.0 9.0 0.730737 9.996
4.0 9.0 1.02979 9.99849
4.0 9.0 0.754365 9.99849
4.0 9.0 0.742856 9.997
4.0 9.0 0.754818 9.99359
4.0 9.0 1.40913 9.99843
4.0 9.0 0.740625 9.99949
4.0 9.0 0.752211 9.9999
4.0 9.0 1.0059 9.99789
4.0 9.0 0.760661 9.99636
4.0 9.0 0.845782 9.99644
4.0 9.0 1.00009 9.99906
4.0 9.0 0.742099 9.99935
4.0 9.0 0.733656 9.99439
4.0 9.0 1.01562 9.99816
4.0 9.0 0.910901 9.99717
4.0 9.0 0.743982 9.99615
4.0 9.0 0.74147 9.99781
4.0 9.0 0.763904 9.99699
4.0 9.0 0.890414 9.99993
4.0 9.0 0.749872 9.9972
4.0 9.0 0.905185 9.99464
4.0 9.0 1.3449 9.99368
4.0 9.0 0.726585 9.99656
4.0 9.0 1.44084 9.99839
4.0 9.0 0.938669 9.99868
4.0 15.0 0.833077 9.99965
4.0 15.0 0.793671 9.99695
4.0 15.0 1.48606 9.9979
4.0 15.0 1.06356 9.9973
4.0 15.0 0.843098 9.99895
4.0 15.0 0.821407 9.99929
4.0 15.0 1.09062 9.99861
4.0 15.0 0.795534 9.99951
4.0 15.0 0.823022 9.99942
4.0 15.0 0.843937 9.99805
4.0 15.0 0.84927 9.99487
4.0 15.0 0.832167 9.99431
4.0 15.0 1.07485 9.99826
4.0 15.0 1.35265 9.9978
4.0 15.0 0.884041 9.99852
4.0 15.0 1.06281 9.99863
4.0 15.0 0.843725 9.99848
4.0 15.0 0.809637 9.99732
4.0 15.0 0.897061 9.99493
4.0 15.0 0.822364 9.999
4.0 15.0 0.849892 9.99718
4.0 15.0 0.825164 9.99778
4.0 15.0 0.820832 9.99702
4.0 15.0 0.790461 9.99701
4.0 15.0 0.843108 9.99736
4.0 15.0 0.818041 9.99851
4.0 15.0 0.822302 9.99769
4.0 15.0 0.785903 9.99951
4.0 15.0 0.791634 9.99874
4.0 15.0 1.49037 9.99774
4.0 15.0 1.08948 9.99987
4.0 15.0 0.810197 9.99673
4.0 15.0 0.788489 9.99358
4.0 15.0 0.84767 9.9997
4.0 15.0 1.06183 9.99834
4.0 15.0 0.79301 9.99897
4.0 15.0 1.04223 9.99836
4.0 15.0 0.795668 9.99776
4.0 15.0 0.794185 9.99838
4.0 15.0 0.794444 9.998
4.0 15.0 0.802508 9.99953
4.0 15.0 1.82124 9.99986
4.0 15.0 0.808633 9.99975
4.0 15.0 0.796165 9.9979
4.0 15.0 0.822381 9.99901
4.0 15.0 0.793489 9.99862
4.0 15.0 1.09438 9.99825
4.0 15.0 1.41865 9.99998
4.0 15.0 1.3574 9.99935
4.0 15.0 0.844589 9.99857
4.0 16.0 0.825337 9.9991
4.0 16.0 0.799925 9.99919
4.0 16.0 0.790073 9.99631
4.0 16.0 0.80415 9.99717
4.0 16.0 0.80531 9.99965
4.0 16.0 0.797358 9.99725
4.0 16.0 0.826607 9.99843
4.0 16.0 0.799041 9.99774
4.0 16.0 0.798863 9.99953
4.0 16.0 0.834755 9.99904
4.0 16.0 0.849247 9.99769
4.0 16.0 1.36764 9.99711
4.0 16.0 0.79764 9.99736
4.0 16.0 1.19639 9.99831
4.0 16.0 1.52058 9.99782
4.0 16.0 0.799103 9.99697
4.0 16.0 0.810102 9.9985
4.0 16.0 1.54359 9.99329
4.0 16.0 0.821344 9.99918
4.0 16.0 0.790667 9.99657
4.0 16.0 0.824536 9.99878
4.0 16.0 0.797463 9.99675
4.0 16.0 0.844936 9.9963
4.0 16.0 0.807085 9.99885
4.0 16.0 0.818945 9.99982
4.0 16.0 1.82621 9.99893
4.0 16.0 0.833545 9.99866
4.0 16.0 0.908033 9.99921
4.0 16.0 1.41384 9.99957
4.0 16.0 0.797261 9.99795
4.0 16.0 0.821394 9.99948
4.0 16.0 0.963996 9.99835
4.0 16.0 0.817541 9.99939
4.0 16.0 0.802839 9.99768
4.0 16.0 0.807375 9.99978
4.0 16.0 1.04593 9.99936
4.0 16.0 0.920088 9.99776
4.0 16.0 0.833536 9.99908
4.0 16.0 0.955762 9.99878
4.0 16.0 1.04159 9.99795
4.0 16.0 1.55788 9.99975
4.0 16.0 0.791897 9.99808
4.0 16.0 0.853467 9.99671
4.0 16.0 0.922891 9.99553
4.0 16.0 1.40191 9.99686
4.0 16.0 1.2516 9.99884
4.0 16.0 0.833299 9.99716
4.0 16.0 0.793196 9.99675
4.0 16.0 0.820019 9.99976
4.0 16.0 0.869159 9.99952
4.0 17.0 1.01036 9.99777
4.0 17.0 0.865155 9.99666
4.0 17.0 0.830694 9.99799
4.0 17.0 1.02666 9.9993
4.0 17.0 1.00152 9.99954
4.0 17.0 0.887687 9.99856
4.0 17.0 0.87484 9.99495
4.0 17.0 0.89857 9.99529
4.0 17.0 0.886839 9.99695
4.0 17.0 1.44518 9.99777
4.0 17.0 0.877839 9.99449
4.0 17.0 0.887449 9.99439
4.0 17.0 1.52396 9.99943
4.0 17.0 0.915761 9.99825
4.0 17.0 1.24352 9.99934
4.0 17.0 0.887553 9.99467
4.0 17.0 0.886833 9.99474
4.0 17.0 1.22172 9.9983
4.0 17.0 0.881178 9.99681
4.0 17.0 0.906466 9.99643
4.0 17.0 0.888919 9.99856
4.0 17.0 0.876005 9.99842
4.0 17.0 0.843337 9.9989
4.0 17.0 0.878696 9.99729
4.0 17.0 0.869312 9.99638
4.0 17.0 0.885158 9.99778
4.0 17.0 1.20078 9.99673
4.0 17.0 0.887347 9.99682
4.0 17.0 0.849644 9.99841
4.0 17.0 1.20738 9.99375
4.0 17.0 0.88648 9.99901
4.0 17.0 0.877875 9.9986
4.0 17.0 1.31086 9.99553
4.0 17.0 0.924243 9.9999
4.0 17.0 0.950495 9.99564
4.0 17.0 1.13413 9.99563
4.0 17.0 1.11878 9.99415
4.0 17.0 0.884562 9.99518
4.0 17.0 0.881423 9.99802
4.0 17.0 0.977927 9.9976
4.0 17.0 1.16166 9.99725
4.0 17.0 1.40433 9.99801
4.0 17.0 0.891396 9.99448
4.0 17.0 1.37387 9.99879
4.0 17.0 0.915484 9.99742
4.0 17.0 0.847242 9.99889
4.0 17.0 1.12824 9.99549
4.0 17.0 0.857511 9.99711
4.0 17.0 1.38095 9.99921
4.0 17.0 0.981675 9.99911
4.0 31.0 0.944818 9.99858
4.0 31.0 0.952245 9.99809
4.0 31.0 0.913775 9.99904
4.0 31.0 1.02301 9.99939
4.0 31.0 0.944416 9.99718
4.0 31.0 0.903057 9.99729
4.0 31.0 0.931991 9.99984
4.0 31.0 0.901916 9.99953
4.0 31.0 0.963618 9.99756
4.0 31.0 0.964344 9.99783
4.0 31.0 0.948138 9.99808
4.0 31.0 0.919261 9.99986
4.0 31.0 0.949309 9.99583
4.0 31.0 0.934295 9.99836
4.0 31.0 0.917317 9.99604
4.0 31.0 0.893645 9.99848
4.0 31.0 0.878124 9.99975
4.0 31.0 0.980867 9.99864
4.0 31.0 0.949462 9.99263
4.0 31.0 0.870696 9.99817
4.0 31.0 0.969168 9.99551
4.0 31.0 0.893841 9.998
4.0 31.0 0.912877 9.99939
4.0 31.0 0.954728 9.99847
4.0 31.0 0.909003 9.9994
4.0 31.0 0.8619 9.99859
4.0 31.0 0.96388 9.99867
4.0 31.0 0.948316 9.99665
4.0 31.0 0.957703 9.99982
4.0 31.0 0.882044 9.99824
4.0 31.0 0.919368 9.99643
4.0 31.0 0.945961 9.99635
4.0 31.0 0.887139 9.99797
4.0 31.0 0.959615 9.99741
4.0 31.0 0.942264 9.99756
4.0 31.0 0.952985 9.99817
4.0 31.0 0.918859 9.99443
4.0 31.0 0.954723 9.99709
4.0 31.0 0.900303 9.99838
4.0 31.0 0.931426 9.99936
4.0 31.0 0.907323 9.99868
4.0 31.0 0.95601 9.99886
4.0 31.0 0.948179 9.99658
4.0 31.0 0.954176 9.99576
4.0 31.0 0.946664 9.99759
4.0 31.0 0.868203 9.998
4.0 31.0 0.875011 9.99959
4.0 31.0 0.86298 9.99439
4.0 31.0 0.945873 9.99745
4.0 31.0 0.964993 9.99673
4.0 32.0 1.37511 9.99743
4.0 32.0 0.923332 9.99955
4.0 32.0 0.93806 9.99914
4.0 32.0 0.929642 9.99843
4.0 32.0 1.51542 9.99849
4.0 32.0 1.02779 9.99829
4.0 32.0 0.96947 9.99744
4.0 32.0 0.967326 9.99773
4.0 32.0 1.47912 9.99943
4.0 32.0 0.969348 9.99601
4.0 32.0 1.88052 9.99917
4.0 32.0 1.02973 9.9986
4.0 32.0 0.961825 9.99852
4.0 32.0 0.987889 9.99777
4.0 32.0 0.896138 9.99819
4.0 32.0 0.952048 9.99893
4.0 32.0 0.895793 9.99965
4.0 32.0 1.42955 9.99774
4.0 32.0 0.926492 9.99457
4.0 32.0 1.36542 9.99978
4.0 32.0 1.39911 9.99748
4.0 32.0 0.906849 9.99556
4.0 32.0 0.907528 9.99878
4.0 32.0 1.40651 9.99728
4.0 32.0 0.892184 9.99822
4.0 32.0 0.949078 9.99871
4.0 32.0 1.38485 9.99663
4.0 32.0 1.36923 9.99545
4.0 32.0 0.907174 9.99297
4.0 32.0 0.92088 9.99823
4.0 32.0 1.37771 9.99786
4.0 32.0 1.00937 9.99897
4.0 32.0 0.913045 9.99646
4.0 32.0 1.02743 9.99833
4.0 32.0 0.973673 9.99677
4.0 32.0 0.907278 9.99651
4.0 32.0 1.48034 9.99513
4.0 32.0 0.903862 9.99854
4.0 32.0 1.38512 9.99743
4.0 32.0 0.908395 9.99925
4.0 32.0 1.42632 9.99875
4.0 32.0 0.937986 9.99463
4.0 32.0 0.914146 9.99758
4.0 32.0 1.08299 9.99712
4.0 32.0 1.4424 9.99863
4.0 32.0 1.35914 9.99954
4.0 32.0 1.07087 9.99821
4.0 32.0 0.866084 9.99851
4.0 32.0 0.937161 9.99758
4.0 32.0 1.47267 9.99996
4.0 33.0 1.49644 9.9979
4.0 33.0 1.05118 9.99389
4.0 33.0 1.48521 9.99704
4.0 33.0 1.44193 9.99548
4.0 33.0 1.0456 9.99852
4.0 33.0 1.05742 9.99698
4.0 33.0 1.01934 9.99672
4.0 33.0 1.41622 9.99803
4.0 33.0 1.01923 9.99637
4.0 33.0 1.05778 9.99773
4.0 33.0 1.44937 9.99921
4.0 33.0 1.01643 9.9981
4.0 33.0 1.01618 9.9945
4.0 33.0 1.02985 9.99641
4.0 33.0 1.02005 9.99725
4.0 33.0 1.01397 9.99447
4.0 33.0 1.04017 9.99831
4.0 33.0 1.02189 9.99913
4.0 33.0 1.49351 9.99519
4.0 33.0 1.44492 9.99802
4.0 33.0 1.48522 9.99927
4.0 33.0 1.50095 9.99795
4.0 33.0 1.02934 9.99763
4.0 33.0 1.36967 9.9965
4.0 33.0 1.397 9.99717
4.0 33.0 1.01807 9.99889
4.0 33.0 3.00283 9.99798
4.0 33.0 1.55507 9.99138
4.0 33.0 0.923895 9.99846
4.0 33.0 1.00961 9.9979
4.0 33.0 1.11676 9.99921
4.0 33.0 1.43048 9.99959
4.0 33.0 1.02263 9.99912
4.0 33.0 0.998166 9.99906
4.0 33.0 1.04248 9.99853
4.0 33.0 2.4563 9.99728
4.0 33.0 1.01165 9.9978
4.0 33.0 1.02618 9.99632
4.0 33.0 1.39944 9.99709
4.0 33.0 1.10971 9.99946
4.0 33.0 1.03619 9.99466
4.0 33.0 1.41874 9.99798
4.0 33.0 1.49792 9.99933
4.0 33.0 1.10749 9.99801
4.0 33.0 1.01462 9.99768
4.0 33.0 1.00931 9.99949
4.0 33.0 1.12847 9.9956
4.0 33.0 1.11324 9.99343
4.0 33.0 1.05383 9.997
4.0 33.0 1.09012 9.9986
5.0 3.0 29.6821 25.0222
5.0 3.0 27.9666 25.0222
5.0 3.0 30.1791 25.0222
5.0 3.0 29.7813 25.0222
5.0 3.0 29.6368 25.0222
5.0 3.0 30.2534 25.0222
5.0 3.0 29.6488 25.0222
5.0 3.0 30.1079 25.0222
5.0 3.0 30.1773 25.0222
5.0 3.0 28.7258 25.0222
5.0 3.0 30.1601 25.0222
5.0 3.0 29.029 25.0222
5.0 3.0 29.6109 25.0222
5.0 3.0 29.8465 25.0222
5.0 3.0 29.6131 25.0222
5.0 3.0 30.2462 25.0222
5.0 3.0 29.9344 25.0222
5.0 3.0 30.2466 25.0222
5.0 3.0 28.8964 25.0222
5.0 3.0 27.9272 25.0222
5.0 3.0 29.7927 25.0222
5.0 3.0 29.9317 25.0222
5.0 3.0 30.1559 25.0222
5.0 3.0 30.1451 25.0222
5.0 3.0 28.0142 25.0222
5.0 3.0 29.7502 25.0222
5.0 3.0 29.862 25.0222
5.0 3.0 28.2659 25.0222
5.0 3.0 28.8099 25.0222
5.0 3.0 29.7863 25.0222
5.0 3.0 30.0741 25.0222
5.0 3.0 27.8976 25.0222
5.0 3.0 27.9495 25.0222
5.0 3.0 29.6035 25.0222
5.0 3.0 29.5284 25.0222
5.0 3.0 29.3346 25.0222
5.0 3.0 30.5911 25.0222
5.0 3.0 29.5804 25.0222
5.0 3.0 27.9084 25.0222
5.0 3.0 30.0814 25.0222
5.0 3.0 30.0686 25.0222
5.0 3.0 29.4119 25.0222
5.0 3.0 30.006 25.0222
5.0 3.0 30.1788 25.0222
5.0 3.0 30.1308 25.0222
5.0 3.0 29.6058 25.0222
5.0 3.0 29.7949 25.0222
5.0 3.0 28.8307 25.0222
5.0 3.0 29.9333 25.0222
5.0 3.0 29.6729 25.0222
5.0 4.0 19.1734 25.0222
5.0 4.0 19.1957 25.0222
5.0 4.0 20.0839 25.0222
5.0 4.0 20.2019 25.0222
5.0 4.0 19.6689 25.0222
5.0 4.0 19.8247 25.0222
5.0 4.0 19.7802 25.0222
5.0 4.0 19.9734 25.0222
5.0 4.0 20.3006 25.0222
5.0 4.0 19.7088 25.0222
5.0 4.0 20.1881 25.0222
5.0 4.0 20.0195 25.0222
5.0 4.0 20.018 25.0222
5.0 4.0 19.055 25.0222
5.0 4.0 19.5754 25.0222
5.0 4.0 20.1213 25.0222
5.0 4.0 19.5383 25.0222
5.0 4.0 19.1101 25.0222
5.0 4.0 20.2276 25.0222
5.0 4.0 19.6834 25.0222
5.0 4.0 19.1691 25.0222
5.0 4.0 19.1492 25.0222
5.0 4.0 19.7239 25.0222
5.0 4.0 19.2608 25.0222
5.0 4.0 19.9816 25.0222
5.0 4.0 21.1959 25.0222
5.0 4.0 19.7287 25.0222
5.0 4.0 19.195 25.0222
5.0 4.0 19.5549 25.0222
5.0 4.0 19.7445 25.0222
5.0 4.0 19.5911 25.0222
5.0 4.0 19.5573 25.0222
5.0 4.0 20.1785 25.0222
5.0 4.0 19.9226 25.0222
5.0 4.0 19.1214 25.0222
5.0 4.0 19.6275 25.0222
5.0 4.0 19.8215 25.0222
5.0 4.0 20.0472 25.0222
5.0 4.0 19.6418 25.0222
5.0 4.0 20.0474 25.0222
5.0 4.0 19.1864 25.0222
5.0 4.0 19.7234 25.0222
5.0 4.0 19.695 25.0222
5.0 4.0 19.9756 25.0222
5.0 4.0 19.6381 25.0222
5.0 4.0 19.7734 25.0222
5.0 4.0 19.7065 25.0222
5.0 4.0 19.9015 25.0222
5.0 4.0 19.1182 25.0222
5.0 4.0 19.5985 25.0222
5.0 5.0 14.6826 25.0222
5.0 5.0 14.6363 25.0222
5.0 5.0 14.3788 25.0222
5.0 5.0 14.4319 25.0222
5.0 5.0 14.6478 25.0222
5.0 5.0 14.7571 25.0222
5.0 5.0 14.6745 25.0222
5.0 5.0 14.4552 25.0222
5.0 5.0 14.5171 25.0222
5.0 5.0 14.4596 25.0222
5.0 5.0 15.292 25.0222
5.0 5.0 14.5957 25.0222
5.0 5.0 14.455 25.0222
5.0 5.0 14.5463 25.0222
5.0 5.0 14.6212 25.0222
5.0 5.0 14.3706 25.0222
5.0 5.0 14.4512 25.0222
5.0 5.0 14.0889 25.0222
5.0 5.0 14.4784 25.0222
5.0 5.0 14.5495 25.0222
5.0 5.0 14.5781 25.0222
5.0 5.0 14.5539 25.0222
5.0 5.0 14.6547 25.0222
5.0 5.0 14.0849 25.0222
5.0 5.0 14.7837 25.0222
5.0 5.0 14.5775 25.0222
5.0 5.0 15.219 25.0222
5.0 5.0 14.7336 25.0222
5.0 5.0 14.6282 25.0222
5.0 5.0 14.5289 25.0222
5.0 5.0 14.4441 25.0222
5.0 5.0 14.4959 25.0222
5.0 5.0 14.4612 25.0222
5.0 5.0 14.4171 25.0222
5.0 5.0 14.405 25.0222
5.0 5.0 14.4735 25.0222
5.0 5.0 14.4954 25.0222
5.0 5.0 14.4491 25.0222
5.0 5.0 14.593 25.0222
5.0 5.0 14.7122 25.0222
5.0 5.0 14.7196 25.0222
5.0 5.0 15.0452 25.0222
5.0 5.0 14.4309 25.0222
5.0 5.0 14.6574 25.0222
5.0 5.0 14.9775 25.0222
5.0 5.0 14.617 25.0222
5.0 5.0 14.56 25.0222
5.0 5.0 14.6329 25.0222
5.0 5.0 14.6299 25.0222
5.0 5.0 14.1359 25.0222
5.0 7.0 9.70275 25.0222
5.0 7.0 9.9137 25.0222
5.0 7.0 9.8096 25.0222
5.0 7.0 9.86083 25.0222
5.0 7.0 9.71832 25.0222
5.0 7.0 9.9421 25.0222
5.0 7.0 9.91144 25.0222
5.0 7.0 9.63996 25.0222
5.0 7.0 9.82071 25.0222
5.0 7.0 9.82455 25.0222
5.0 7.0 9.71751 25.0222
5.0 7.0 9.77586 25.0222
5.0 7.0 9.40241 25.0222
5.0 7.0 9.51213 25.0222
5.0 7.0 9.53332 25.0222
5.0 7.0 9.90471 25.0222
5.0 7.0 9.83071 25.0222
5.0 7.0 9.41218 25.0222
5.0 7.0 9.7515 25.0222
5.0 7.0 10.2722 25.0222
5.0 7.0 9.869 25.0222
5.0 7.0 9.74491 25.0222
5.0 7.0 10.0732 25.0222
5.0 7.0 9.6914 25.0222
5.0 7.0 10.3687 25.0222
5.0 7.0 10.0239 25.0222
5.0 7.0 9.73935 25.0222
5.0 7.0 9.84176 25.0222
5.0 7.0 10.0212 25.0222
5.0 7.0 9.40408 25.0222
5.0 7.0 9.80395 25.0222
5.0 7.0 9.81024 25.0222
5.0 7.0 9.54442 25.0222
5.0 7.0 9.91114 25.0222
5.0 7.0 9.77322 25.0222
5.0 7.0 9.87153 25.0222
5.0 7.0 9.40555 25.0222
5.0 7.0 9.88323 25.0222
5.0 7.0 9.87893 25.0222
5.0 7.0 9.83114 25.0222
5.0 7.0 9.87412 25.0222
5.0 7.0 9.81457 25.0222
5.0 7.0 9.80891 25.0222
5.0 7.0 9.85842 25.0222
5.0 7.0 9.83829 25.0222
5.0 7.0 9.86383 25.0222
5.0 7.0 9.92988 25.0222
5.0 7.0 9.74445 25.0222
5.0 7.0 9.86335 25.0222
5.0 7.0 9.68355 25.0222
5.0 8.0 8.34461 25.0222
5.0 8.0 8.33406 25.0222
5.0 8.0 8.34551 25.0222
5.0 8.0 8.35666 25.0222
5.0 8.0 8.43782 25.0222
5.0 8.0 8.37808 25.0222
5.0 8.0 8.37514 25.0222
5.0 8.0 8.36454 25.0222
5.0 8.0 8.36393 25.0222
5.0 8.0 8.34142 25.0222
5.0 8.0 8.35464 25.0222
5.0 8.0 8.33662 25.0222
5.0 8.0 8.44683 25.0222
5.0 8.0 8.3791 25.0222
5.0 8.0 8.349 25.0222
5.0 8.0 8.34791 25.0222
5.0 8.0 8.35167 25.0222
5.0 8.0 8.35593 25.0222
5.0 8.0 8.06106 25.0222
5.0 8.0 8.12365 25.0222
5.0 8.0 8.22555 25.0222
5.0 8.0 8.13749 25.0222
5.0 8.0 8.46773 25.0222
5.0 8.0 8.33946 25.0222
5.0 8.0 8.33322 25.0222
5.0 8.0 8.33322 25.0222
5.0 8.0 8.32959 25.0222
5.0 8.0 8.25768 25.0222
5.0 8.0 8.33602 25.0222
5.0 8.0 8.35496 25.0222
5.0 8.0 8.12346 25.0222
5.0 8.0 8.33685 25.0222
5.0 8.0 8.34742 25.0222
5.0 8.0 8.35145 25.0222
5.0 8.0 8.36065 25.0222
5.0 8.0 8.33895 25.0222
5.0 8.0 8.33635 25.0222
5.0 8.0 8.36198 25.0222
5.0 8.0 8.36123 25.0222
5.0 8.0 8.0754 25.0222
5.0 8.0 8.3355 25.0222
5.0 8.0 8.33885 25.0222
5.0 8.0 8.34822 25.0222
5.0 8.0 8.06459 25.0222
5.0 8.0 8.09977 25.0222
5.0 8.0 8.21695 25.0222
5.0 8.0 8.33442 25.0222
5.0 8.0 8.33307 25.0222
5.0 8.0 8.06381 25.0222
5.0 8.0 8.33487 25.0222
5.0 9.0 7.3192 25.0222
5.0 9.0 7.33414 25.0222
5.0 9.0 7.39317 25.0222
5.0 9.0 7.325 25.0222
5.0 9.0 7.30193 25.0222
5.0 9.0 7.40319 25.0222
5.0 9.0 7.39155 25.0222
5.0 9.0 7.30664 25.0222
5.0 9.0 7.44012 25.0222
5.0 9.0 7.3558 25.0222
5.0 9.0 7.3159 25.0222
5.0 9.0 7.33033 25.0222
5.0 9.0 7.32305 25.0222
5.0 9.0 7.32431 25.0222
5.0 9.0 7.35073 25.0222
5.0 9.0 7.38063 25.0222
5.0 9.0 7.32527 25.0222
5.0 9.0 7.34349 25.0222
5.0 9.0 7.3818 25.0222
5.0 9.0 7.3365 25.0222
5.0 9.0 7.31872 25.0222
5.0 9.0 7.31555 25.0222
5.0 9.0 7.35228 25.0222
5.0 9.0 7.37668 25.0222
5.0 9.0 7.32801 25.0222
5.0 9.0 7.44685 25.0222
5.0 9.0 7.31902 25.0222
5.0 9.0 7.37845 25.0222
5.0 9.0 7.33486 25.0222
5.0 9.0 7.31942 25.0222
5.0 9.0 7.31356 25.0222
5.0 9.0 7.32384 25.0222
5.0 9.0 7.31875 25.0222
5.0 9.0 7.31462 25.0222
5.0 9.0 7.36468 25.0222
5.0 9.0 7.34189 25.0222
5.0 9.0 7.55212 25.0222
5.0 9.0 7.32704 25.0222
5.0 9.0 7.35101 25.0222
5.0 9.0 7.32291 25.0222
5.0 9.0 7.3315 25.0222
5.0 9.0 7.32587 25.0222
5.0 9.0 7.30911 25.0222
5.0 9.0 7.39659 25.0222
5.0 9.0 7.30778 25.0222
5.0 9.0 7.36455 25.0222
5.0 9.0 7.31233 25.0222
5.0 9.0 7.53601 25.0222
5.0 9.0 7.30339 25.0222
5.0 9.0 7.33072 25.0222
5.0 15.0 4.20568 25.0222
5.0 15.0 4.20288 25.0222
5.0 15.0 4.21512 25.0222
5.0 15.0 4.46234 25.0222
5.0 15.0 4.35187 25.0222
5.0 15.0 4.23464 25.0222
5.0 15.0 4.21294 25.0222
5.0 15.0 4.20746 25.0222
5.0 15.0 4.37996 25.0222
5.0 15.0 4.20751 25.0222
5.0 15.0 4.20312 25.0222
5.0 15.0 4.19897 25.0222
5.0 15.0 4.3089 25.0222
5.0 15.0 4.21025 25.0222
5.0 15.0 4.20277 25.0222
5.0 15.0 4.21259 25.0222
5.0 15.0 4.20684 25.0222
5.0 15.0 4.205 25.0222
5.0 15.0 4.20679 25.0222
5.0 15.0 4.20561 25.0222
5.0 15.0 4.20789 25.0222
5.0 15.0 4.21684 25.0222
5.0 15.0 4.20511 25.0222
5.0 15.0 4.21518 25.0222
5.0 15.0 4.20027 25.0222
5.0 15.0 4.21153 25.0222
5.0 15.0 4.20113 25.0222
5.0 15.0 4.20684 25.0222
5.0 15.0 4.20253 25.0222
5.0 15.0 4.20835 25.0222
5.0 15.0 4.20415 25.0222
5.0 15.0 4.25391 25.0222
5.0 15.0 4.20731 25.0222
5.0 15.0 4.19816 25.0222
5.0 15.0 4.20983 25.0222
5.0 15.0 4.20157 25.0222
5.0 15.0 4.21473 25.0222
5.0 15.0 4.21735 25.0222
5.0 15.0 4.19798 25.0222
5.0 15.0 4.20271 25.0222
5.0 15.0 4.28341 25.0222
5.0 15.0 4.19529 25.0222
5.0 15.0 4.20051 25.0222
5.0 15.0 4.20575 25.0222
5.0 15.0 4.20223 25.0222
5.0 15.0 4.20457 25.0222
5.0 15.0 4.20791 25.0222
5.0 15.0 4.20459 25.0222
5.0 15.0 4.20391 25.0222
5.0 15.0 4.20797 25.0222
5.0 16.0 3.93755 25.0222
5.0 16.0 3.9639 25.0222
5.0 16.0 3.93579 25.0222
5.0 16.0 3.95392 25.0222
5.0 16.0 3.94879 25.0222
5.0 16.0 3.92901 25.0222
5.0 16.0 4.05301 25.0222
5.0 16.0 3.93715 25.0222
5.0 16.0 4.02177 25.0222
5.0 16.0 3.92798 25.0222
5.0 16.0 3.92537 25.0222
5.0 16.0 3.92898 25.0222
5.0 16.0 3.92604 25.0222
5.0 16.0 3.9497 25.0222
5.0 16.0 3.93643 25.0222
5.0 16.0 3.92345 25.0222
5.0 16.0 3.9211 25.0222
5.0 16.0 3.92243 25.0222
5.0 16.0 4.03418 25.0222
5.0 16.0 3.92864 25.0222
5.0 16.0 3.92512 25.0222
5.0 16.0 3.92263 25.0222
5.0 16.0 3.91945 25.0222
5.0 16.0 3.92533 25.0222
5.0 16.0 3.92361 25.0222
5.0 16.0 3.92182 25.0222
5.0 16.0 3.9253 25.0222
5.0 16.0 3.92681 25.0222
5.0 16.0 3.9269 25.0222
5.0 16.0 3.93248 25.0222
5.0 16.0 3.92139 25.0222
5.0 16.0 3.92125 25.0222
5.0 16.0 3.91873 25.0222
5.0 16.0 3.91725 25.0222
5.0 16.0 3.92482 25.0222
5.0 16.0 3.92452 25.0222
5.0 16.0 4.08179 25.0222
5.0 16.0 3.93767 25.0222
5.0 16.0 3.93096 25.0222
5.0 16.0 3.93349 25.0222
5.0 16.0 3.92792 25.0222
5.0 16.0 3.93278 25.0222
5.0 16.0 4.06442 25.0222
5.0 16.0 3.92393 25.0222
5.0 16.0 3.94037 25.0222
5.0 16.0 3.93724 25.0222
5.0 16.0 4.02975 25.0222
5.0 16.0 3.93372 25.0222
5.0 16.0 3.91641 25.0222
5.0 16.0 3.92491 25.0222
5.0 17.0 3.68213 25.0222
5.0 17.0 3.78665 25.0222
5.0 17.0 3.6835 25.0222
5.0 17.0 3.71284 25.0222
5.0 17.0 3.76937 25.0222
5.0 17.0 3.68943 25.0222
5.0 17.0 3.92614 25.0222
5.0 17.0 3.72723 25.0222
5.0 17.0 3.80343 25.0222
5.0 17.0 3.67819 25.0222
5.0 17.0 3.8428 25.0222
5.0 17.0 3.68922 25.0222
5.0 17.0 3.70689 25.0222
5.0 17.0 3.68182 25.0222
5.0 17.0 3.77771 25.0222
5.0 17.0 3.67705 25.0222
5.0 17.0 3.77458 25.0222
5.0 17.0 3.7252 25.0222
5.0 17.0 3.8002 25.0222
5.0 17.0 3.83807 25.0222
5.0 17.0 3.68623 25.0222
5.0 17.0 3.67611 25.0222
5.0 17.0 3.76078 25.0222
5.0 17.0 3.6791 25.0222
5.0 17.0 3.77548 25.0222
5.0 17.0 3.67575 25.0222
5.0 17.0 3.77343 25.0222
5.0 17.0 3.71549 25.0222
5.0 17.0 3.73272 25.0222
5.0 17.0 3.67839 25.0222
5.0 17.0 3.67817 25.0222
5.0 17.0 3.68935 25.0222
5.0 17.0 3.67743 25.0222
5.0 17.0 3.67541 25.0222
5.0 17.0 3.6763 25.0222
5.0 17.0 3.78445 25.0222
5.0 17.0 3.69423 25.0222
5.0 17.0 3.67701 25.0222
5.0 17.0 3.67737 25.0222
5.0 17.0 3.67985 25.0222
5.0 17.0 3.72006 25.0222
5.0 17.0 3.67495 25.0222
5.0 17.0 3.72113 25.0222
5.0 17.0 3.67836 25.0222
5.0 17.0 3.77605 25.0222
5.0 17.0 3.69632 25.0222
5.0 17.0 3.80523 25.0222
5.0 17.0 3.68462 25.0222
5.0 17.0 3.68582 25.0222
5.0 17.0 3.77666 25.0222
5.0 31.0 1.98589 25.0222
5.0 31.0 1.97882 25.0222
5.0 31.0 1.98803 25.0222
5.0 31.0 1.97776 25.0222
5.0 31.0 1.97965 25.0222
5.0 31.0 1.98103 25.0222
5.0 31.0 1.98164 25.0222
5.0 31.0 1.97999 25.0222
5.0 31.0 2.11892 25.0222
5.0 31.0 1.9802 25.0222
5.0 31.0 1.98787 25.0222
5.0 31.0 1.99137 25.0222
5.0 31.0 1.98873 25.0222
5.0 31.0 1.98557 25.0222
5.0 31.0 1.9784 25.0222
5.0 31.0 1.98579 25.0222
5.0 31.0 1.98875 25.0222
5.0 31.0 2.12209 25.0222
5.0 31.0 1.97745 25.0222
5.0 31.0 1.98866 25.0222
5.0 31.0 2.01189 25.0222
5.0 31.0 1.99139 25.0222
5.0 31.0 2.12178 25.0222
5.0 31.0 1.97772 25.0222
5.0 31.0 2.01291 25.0222
5.0 31.0 1.98271 25.0222
5.0 31.0 1.98151 25.0222
5.0 31.0 2.01721 25.0222
5.0 31.0 2.13251 25.0222
5.0 31.0 1.97862 25.0222
5.0 31.0 1.98764 25.0222
5.0 31.0 1.9801 25.0222
5.0 31.0 2.11708 25.0222
5.0 31.0 1.9789 25.0222
5.0 31.0 1.98778 25.0222
5.0 31.0 1.98788 25.0222
5.0 31.0 1.98315 25.0222
5.0 31.0 2.12761 25.0222
5.0 31.0 2.02135 25.0222
5.0 31.0 1.99209 25.0222
5.0 31.0 1.9806 25.0222
5.0 31.0 1.98197 25.0222
5.0 31.0 1.99052 25.0222
5.0 31.0 1.99003 25.0222
5.0 31.0 1.98132 25.0222
5.0 31.0 1.98133 25.0222
5.0 31.0 1.97797 25.0222
5.0 31.0 1.98062 25.0222
5.0 31.0 1.98054 25.0222
5.0 31.0 1.97737 25.0222
5.0 32.0 2.03115 25.0222
5.0 32.0 3.16003 25.0222
5.0 32.0 1.96654 25.0222
5.0 32.0 1.96615 25.0222
5.0 32.0 2.4441 25.0222
5.0 32.0 2.0957 25.0222
5.0 32.0 2.27642 25.0222
5.0 32.0 1.92246 25.0222
5.0 32.0 3.22245 25.0222
5.0 32.0 2.10861 25.0222
5.0 32.0 1.91532 25.0222
5.0 32.0 1.95928 25.0222
5.0 32.0 2.10929 25.0222
5.0 32.0 1.97527 25.0222
5.0 32.0 1.92363 25.0222
5.0 32.0 1.92259 25.0222
5.0 32.0 1.97739 25.0222
5.0 32.0 1.92597 25.0222
5.0 32.0 1.99181 25.0222
5.0 32.0 1.97621 25.0222
5.0 32.0 1.93108 25.0222
5.0 32.0 1.92609 25.0222
5.0 32.0 1.91826 25.0222
5.0 32.0 1.92587 25.0222
5.0 32.0 1.91893 25.0222
5.0 32.0 2.12973 25.0222
5.0 32.0 1.92139 25.0222
5.0 32.0 1.92692 25.0222
5.0 32.0 1.92706 25.0222
5.0 32.0 1.96246 25.0222
5.0 32.0 1.97459 25.0222
5.0 32.0 1.91677 25.0222
5.0 32.0 1.91788 25.0222
5.0 32.0 1.92139 25.0222
5.0 32.0 1.92904 25.0222
5.0 32.0 1.96432 25.0222
5.0 32.0 1.96901 25.0222
5.0 32.0 1.91781 25.0222
5.0 32.0 1.92451 25.0222
5.0 32.0 1.93203 25.0222
5.0 32.0 1.96766 25.0222
5.0 32.0 1.91635 25.0222
5.0 32.0 1.93685 25.0222
5.0 32.0 1.9336 25.0222
5.0 32.0 2.14189 25.0222
5.0 32.0 1.97757 25.0222
5.0 32.0 1.92535 25.0222
5.0 32.0 2.10018 25.0222
5.0 32.0 2.0312 25.0222
5.0 32.0 1.96011 25.0222
5.0 33.0 1.9057 25.0222
5.0 33.0 1.88475 25.0222
5.0 33.0 1.89731 25.0222
5.0 33.0 1.87586 25.0222
5.0 33.0 1.89366 25.0222
5.0 33.0 1.87032 25.0222
5.0 33.0 1.86618 25.0222
5.0 33.0 1.91223 25.0222
5.0 33.0 1.93771 25.0222
5.0 33.0 2.0197 25.0222
5.0 33.0 1.87692 25.0222
5.0 33.0 1.89934 25.0222
5.0 33.0 1.88604 25.0222
5.0 33.0 1.87114 25.0222
5.0 33.0 1.86962 25.0222
5.0 33.0 2.13098 25.0222
5.0 33.0 1.92917 25.0222
5.0 33.0 1.89157 25.0222
5.0 33.0 1.99274 25.0222
5.0 33.0 1.91125 25.0222
5.0 33.0 1.86903 25.0222
5.0 33.0 1.88314 25.0222
5.0 33.0 1.96597 25.0222
5.0 33.0 1.87534 25.0222
5.0 33.0 1.93133 25.0222
5.0 33.0 1.98288 25.0222
5.0 33.0 1.88773 25.0222
5.0 33.0 1.90563 25.0222
5.0 33.0 1.98829 25.0222
5.0 33.0 1.86929 25.0222
5.0 33.0 1.89188 25.0222
5.0 33.0 1.89426 25.0222
5.0 33.0 1.87001 25.0222
5.0 33.0 1.99427 25.0222
5.0 33.0 1.88795 25.0222
5.0 33.0 1.88763 25.0222
5.0 33.0 1.88661 25.0222
5.0 33.0 1.87262 25.0222
5.0 33.0 1.88594 25.0222
5.0 33.0 1.87151 25.0222
5.0 33.0 2.09805 25.0222
5.0 33.0 1.91381 25.0222
5.0 33.0 1.90417 25.0222
5.0 33.0 2.0554 25.0222
5.0 33.0 2.09789 25.0222
5.0 33.0 1.9727 25.0222
5.0 33.0 1.86273 25.0222
5.0 33.0 1.96614 25.0222
5.0 33.0 1.87783 25.0222
5.0 33.0 1.87172 25.0222
