0.0 1.0 0.0823217 -0.0
0.0 1.0 0.0648704 -0.0
0.0 1.0 0.0701685 -0.0
0.0 1.0 0.0768368 -0.0
0.0 1.0 0.0648306 -0.0
0.0 1.0 0.0836957 -0.0
0.0 1.0 0.0734345 -0.0
0.0 1.0 0.0814996 -0.0
0.0 1.0 0.0799637 -0.0
0.0 1.0 0.0640363 -0.0
0.0 1.0 0.0778586 -0.0
0.0 1.0 0.0702193 -0.0
0.0 1.0 0.0759237 -0.0
0.0 1.0 0.0734503 -0.0
0.0 1.0 0.0690939 -0.0
0.0 1.0 0.0795753 -0.0
0.0 1.0 0.0661118 -0.0
0.0 1.0 0.065069 -0.0
0.0 1.0 0.0721619 -0.0
0.0 1.0 0.064614 -0.0
0.0 1.0 0.0746602 -0.0
0.0 1.0 0.0647811 -0.0
0.0 1.0 0.0765551 -0.0
0.0 1.0 0.0647203 -0.0
0.0 1.0 0.0720702 -0.0
0.0 1.0 0.0786991 -0.0
0.0 1.0 0.0782682 -0.0
0.0 1.0 0.0654712 -0.0
0.0 1.0 0.0665352 -0.0
0.0 1.0 0.0819547 -0.0
0.0 1.0 0.074009 -0.0
0.0 1.0 0.0770371 -0.0
0.0 1.0 0.0737875 -0.0
0.0 1.0 0.0747565 -0.0
0.0 1.0 0.0655415 -0.0
0.0 1.0 0.064228 -0.0
0.0 1.0 0.0653018 -0.0
0.0 1.0 0.0749011 -0.0
0.0 1.0 0.0749326 -0.0
0.0 1.0 0.0753555 -0.0
0.0 1.0 0.0618693 -0.0
0.0 1.0 0.0841012 -0.0
0.0 1.0 0.0644405 -0.0
0.0 1.0 0.0644289 -0.0
0.0 1.0 0.0655795 -0.0
0.0 1.0 0.0833287 -0.0
0.0 1.0 0.07558 -0.0
0.0 1.0 0.0707156 -0.0
0.0 1.0 0.0703845 -0.0
0.0 1.0 0.0793062 -0.0
0.0 2.0 0.0706602 -0.0
0.0 2.0 0.04612 -0.0
0.0 2.0 0.0535639 -0.0
0.0 2.0 0.0485908 -0.0
0.0 2.0 0.0778546 -0.0
0.0 2.0 0.0691066 -0.00739604
0.0 2.0 0.105326 -0.0
0.0 2.0 0.0525739 -0.0
0.0 2.0 0.0485829 -0.0
0.0 2.0 0.0430211 -0.0
0.0 2.0 0.0516377 -0.0
0.0 2.0 0.0492828 -0.0
0.0 2.0 0.0541083 -0.0
0.0 2.0 0.0776108 -0.0
0.0 2.0 0.0824049 -0.0
0.0 2.0 0.0706397 -0.00739604
0.0 2.0 0.0936093 -0.0
0.0 2.0 0.0545007 -0.0
0.0 2.0 0.0976307 -0.0
0.0 2.0 0.0492793 -0.0
0.0 2.0 0.0467918 -0.0
0.0 2.0 0.0545788 -0.0
0.0 2.0 0.0478905 -0.0
0.0 2.0 0.0578158 -0.0
0.0 2.0 0.0513354 -0.0
0.0 2.0 0.0555913 -0.0
0.0 2.0 0.0513525 -0.0
0.0 2.0 0.0843504 -0.0
0.0 2.0 0.0459633 -0.0
0.0 2.0 0.0517512 -0.0
0.0 2.0 0.0532986 -0.0
0.0 2.0 0.0422164 -0.0
0.0 2.0 0.0503968 -0.0
0.0 2.0 0.051567 -0.0
0.0 2.0 0.050186 -0.0
0.0 2.0 0.0551221 -0.0
0.0 2.0 0.0718602 -0.00739604
0.0 2.0 0.0748472 -0.0
0.0 2.0 0.0847701 -0.0
0.0 2.0 0.0825692 -0.0
0.0 2.0 0.0554267 -0.0
0.0 2.0 0.096801 -0.0
0.0 2.0 0.0487986 -0.0
0.0 2.0 0.0689347 -0.0
0.0 2.0 0.0621008 -0.0
0.0 2.0 0.080279 -0.0
0.0 2.0 0.0926084 -0.0
0.0 2.0 0.0466048 -0.0
0.0 2.0 0.0470633 -0.0
0.0 2.0 0.038687 -0.0
0.0 3.0 0.0538127 -0.0
0.0 3.0 0.0405934 -0.0
0.0 3.0 0.0406548 -0.0
0.0 3.0 0.0415873 -0.0
0.0 3.0 0.0478379 -0.0
0.0 3.0 0.0529201 -0.00739604
0.0 3.0 0.0494735 -0.00739604
0.0 3.0 0.0559109 -0.00739604
0.0 3.0 0.0518222 -0.00739604
0.0 3.0 0.054698 -0.00739604
0.0 3.0 0.0535113 -0.0
0.0 3.0 0.0333289 -0.0
0.0 3.0 0.0495706 -0.0
0.0 3.0 0.0374664 -0.0
0.0 3.0 0.0396042 -0.0
0.0 3.0 0.0575906 -0.00739604
0.0 3.0 0.0426596 -0.0
0.0 3.0 0.031832 -0.0
0.0 3.0 0.0541276 -0.00739604
0.0 3.0 0.0407172 -0.0
0.0 3.0 0.0379965 -0.0
0.0 3.0 0.0535198 -0.0
0.0 3.0 0.0507094 -0.0
0.0 3.0 0.0546586 -0.00739604
0.0 3.0 0.0548504 -0.00739604
0.0 3.0 0.0494967 -0.0
0.0 3.0 0.0539076 -0.0
0.0 3.0 0.0497462 -0.00739604
0.0 3.0 0.0515666 -0.00739604
0.0 3.0 0.0482786 -0.0
0.0 3.0 0.0513025 -0.0
0.0 3.0 0.034941 -0.0
0.0 3.0 0.0413677 -0.0
0.0 3.0 0.0552567 -0.0
0.0 3.0 0.0515667 -0.0
0.0 3.0 0.0403749 -0.0
0.0 3.0 0.117588 -0.00739604
0.0 3.0 0.0494005 -0.0
0.0 3.0 0.0521446 -0.00739604
0.0 3.0 0.0412292 -0.0
0.0 3.0 0.0467401 -0.0
0.0 3.0 0.048922 -0.0
0.0 3.0 0.037116 -0.0
0.0 3.0 0.0486898 -0.00739604
0.0 3.0 0.0448171 -0.0
0.0 3.0 0.0489653 -0.00739604
0.0 3.0 0.0478791 -0.0
0.0 3.0 0.0484074 -0.00739604
0.0 3.0 0.0381918 -0.0
0.0 3.0 0.0430857 -0.0
0.0 4.0 0.0308858 -0.0
0.0 4.0 0.0417933 -0.00739604
0.0 4.0 0.0404444 -0.00739604
0.0 4.0 0.0439566 -0.0
0.0 4.0 0.035492 -0.0
0.0 4.0 0.0405187 -0.0
0.0 4.0 0.038725 -0.0
0.0 4.0 0.0410568 -0.00739604
0.0 4.0 0.026795 -0.0
0.0 4.0 0.0346406 -0.0
0.0 4.0 0.0939754 -0.0
0.0 4.0 0.0413418 -0.0
0.0 4.0 0.0376967 -0.0
0.0 4.0 0.0375039 -0.0
0.0 4.0 0.0377516 -0.0
0.0 4.0 0.0363025 -0.00739604
0.0 4.0 0.030361 -0.0
0.0 4.0 0.0374907 -0.0
0.0 4.0 0.0414418 -0.0
0.0 4.0 0.0427452 -0.00739604
0.0 4.0 0.040378 -0.0
0.0 4.0 0.0374226 -0.0
0.0 4.0 0.0405524 -0.00739604
0.0 4.0 0.0417546 -0.00739604
0.0 4.0 0.0399457 -0.0
0.0 4.0 0.0366297 -0.0
0.0 4.0 0.0411436 -0.00739604
0.0 4.0 0.0424983 -0.00739604
0.0 4.0 0.0348941 -0.0
0.0 4.0 0.042528 -0.0
0.0 4.0 0.0375913 -0.0
0.0 4.0 0.0292491 -0.0
0.0 4.0 0.0319619 -0.0
0.0 4.0 0.0319792 -0.0
0.0 4.0 0.0398323 -0.0
0.0 4.0 0.0414745 -0.00739604
0.0 4.0 0.0367536 -0.0
0.0 4.0 0.0346808 -0.0
0.0 4.0 0.0406246 -0.0
0.0 4.0 0.0362418 -0.0
0.0 4.0 0.0434404 -0.0
0.0 4.0 0.0429881 -0.0
0.0 4.0 0.0344234 -0.0
0.0 4.0 0.041916 -0.0
0.0 4.0 0.0306504 -0.0
0.0 4.0 0.0410601 -0.0
0.0 4.0 0.0331024 -0.0
0.0 4.0 0.0581873 -0.0
0.0 4.0 0.0299237 -0.0
0.0 4.0 0.0292271 -0.0
0.0 5.0 0.0434955 -0.0
0.0 5.0 0.0372037 -0.0
0.0 5.0 0.0339793 -0.0
0.0 5.0 0.038187 -0.0
0.0 5.0 0.0357241 -0.00739604
0.0 5.0 0.0332594 -0.0
0.0 5.0 0.0376722 -0.0
0.0 5.0 0.0355888 -0.0
0.0 5.0 0.0413376 -0.0
0.0 5.0 0.0401264 -0.00739604
0.0 5.0 0.0390527 -0.00739604
0.0 5.0 0.0312521 -0.0
0.0 5.0 0.0305853 -0.0
0.0 5.0 0.0360889 -0.0
0.0 5.0 0.0341155 -6.36772e-07
0.0 5.0 0.0362249 -0.0
0.0 5.0 0.0302401 -0.0
0.0 5.0 0.0356616 -0.0
0.0 5.0 0.0377382 -0.00739604
0.0 5.0 0.0368952 -0.00739604
0.0 5.0 0.0329842 -0.0
0.0 5.0 0.0377053 -0.00739604
0.0 5.0 0.0327915 -0.00739604
0.0 5.0 0.0337655 -0.0
0.0 5.0 0.0352453 -0.00739604
0.0 5.0 0.0365803 -0.00739604
0.0 5.0 0.0374906 -0.0
0.0 5.0 0.0372197 -0.0
0.0 5.0 0.0378109 -0.00739604
0.0 5.0 0.0272659 -0.0
0.0 5.0 0.031335 -0.00739604
0.0 5.0 0.0481431 -0.00739604
0.0 5.0 0.0374688 -0.0
0.0 5.0 0.0359154 -0.0
0.0 5.0 0.0361021 -0.0
0.0 5.0 0.0363607 -0.00739604
0.0 5.0 0.0441339 -0.0
0.0 5.0 0.0354609 -0.0
0.0 5.0 0.0300125 -0.0
0.0 5.0 0.0358759 -0.0
0.0 5.0 0.038629 -0.00739604
0.0 5.0 0.0342142 -0.0
0.0 5.0 0.0327766 -0.0
0.0 5.0 0.0421433 -0.00739604
0.0 5.0 0.032305 -0.0
0.0 5.0 0.031361 -0.0
0.0 5.0 0.0336854 -0.0
0.0 5.0 0.031867 -0.00739604
0.0 5.0 0.0348941 -0.0
0.0 5.0 5.26197 -0.00986467
0.0 6.0 0.0294875 -0.0
0.0 6.0 0.0381917 -0.0
0.0 6.0 0.0350321 -0.00739604
0.0 6.0 0.0274001 -0.0
0.0 6.0 0.0363145 -0.00739604
0.0 6.0 0.0322602 -0.00739604
0.0 6.0 0.0358355 -0.0
0.0 6.0 0.0359446 -0.0
0.0 6.0 0.0327648 -0.00739604
0.0 6.0 0.0339303 -0.0
0.0 6.0 0.0355123 -0.0
0.0 6.0 0.0360449 -0.00739604
0.0 6.0 0.0312575 -0.0
0.0 6.0 0.0233034 -0.0
0.0 6.0 0.0305917 -0.0
0.0 6.0 0.0309271 -0.0
0.0 6.0 0.0287973 -0.0
0.0 6.0 0.0300397 -0.00986467
0.0 6.0 0.0278298 -0.00739604
0.0 6.0 0.034432 -0.0
0.0 6.0 0.0325808 -0.00739604
0.0 6.0 0.0265447 -0.0
0.0 6.0 0.028782 -0.0
0.0 6.0 0.0345174 -0.0
0.0 6.0 0.029577 -0.0
0.0 6.0 0.0281594 -0.0
0.0 6.0 0.0371572 -0.0
0.0 6.0 0.035011 -0.0
0.0 6.0 0.0339011 -0.0
0.0 6.0 0.0255492 -0.0
0.0 6.0 0.0346976 -0.0
0.0 6.0 0.0270779 -0.0
0.0 6.0 0.0318131 -0.0
0.0 6.0 0.0348335 -0.00739604
0.0 6.0 0.0437256 -0.00739604
0.0 6.0 0.034699 -0.00739604
0.0 6.0 0.0295788 -0.00739604
0.0 6.0 0.0361094 -0.0
0.0 6.0 0.029781 -0.00739604
0.0 6.0 0.0304784 -0.0
0.0 6.0 0.0249663 -0.0
0.0 6.0 0.0293273 -0.00739604
0.0 6.0 0.0344777 -0.0
0.0 6.0 0.031354 -0.00739604
0.0 6.0 0.0296331 -0.00739604
0.0 6.0 0.0300409 -0.0
0.0 6.0 0.0292411 -0.0
0.0 6.0 0.0318447 -0.0
0.0 6.0 0.0283462 -0.0
0.0 6.0 0.0307795 -0.00739604
0.0 7.0 0.0321999 -0.0
0.0 7.0 0.0321931 -0.0
0.0 7.0 0.0296821 -0.0
0.0 7.0 0.0317678 -0.0
0.0 7.0 0.0334476 -0.0
0.0 7.0 0.026715 -0.0
0.0 7.0 0.0355702 -0.0
0.0 7.0 0.0317581 -0.0
0.0 7.0 0.0287901 -0.00739604
0.0 7.0 0.0326361 -0.0
0.0 7.0 0.0283028 -0.0
0.0 7.0 0.0316211 -0.00739604
0.0 7.0 0.0296261 -0.0
0.0 7.0 0.029517 -0.0
0.0 7.0 0.0280626 -0.0
0.0 7.0 0.0282358 -0.00986467
0.0 7.0 0.0287123 -0.0
0.0 7.0 0.027743 -0.0
0.0 7.0 0.028045 -0.0
0.0 7.0 0.027976 -0.00739604
0.0 7.0 0.0317599 -0.0
0.0 7.0 0.0306568 -0.00739604
0.0 7.0 0.0313995 -0.00739604
0.0 7.0 0.0329496 -0.00739604
0.0 7.0 0.0322024 -0.00739604
0.0 7.0 0.0291043 -0.00739604
0.0 7.0 0.0308913 -0.0
0.0 7.0 0.0318828 -0.0
0.0 7.0 0.0313336 -0.0
0.0 7.0 0.0308657 -0.00739604
0.0 7.0 0.0287347 -0.00739604
0.0 7.0 0.0308754 -0.0
0.0 7.0 0.0316017 -0.0
0.0 7.0 0.0329278 -0.00739604
0.0 7.0 0.0333201 -0.00739604
0.0 7.0 0.0313944 -0.00986467
0.0 7.0 0.032063 -0.0
0.0 7.0 0.0325448 -0.0
0.0 7.0 0.0302027 -0.00739604
0.0 7.0 0.0310887 -0.0
0.0 7.0 0.0293156 -0.00739604
0.0 7.0 0.0285542 -0.0
0.0 7.0 0.0326116 -0.0
0.0 7.0 0.0277789 -0.00739604
0.0 7.0 0.0281402 -0.0
0.0 7.0 0.0282476 -0.00739604
0.0 7.0 0.0324105 -0.00739604
0.0 7.0 0.0332866 -0.00739604
0.0 7.0 0.0289449 -0.0
0.0 7.0 0.0361583 -0.00739604
0.0 8.0 0.0284348 -0.0
0.0 8.0 0.0317154 -0.00739604
0.0 8.0 0.0290631 -0.0
0.0 8.0 0.0271754 -0.0
0.0 8.0 0.0358962 -0.0
0.0 8.0 0.0283785 -0.0
0.0 8.0 0.0279929 -0.0
0.0 8.0 0.0252178 -0.0
0.0 8.0 0.0284331 -0.00739604
0.0 8.0 0.0284668 -0.0
0.0 8.0 0.0279858 -0.00739604
0.0 8.0 0.0297363 -0.0
0.0 8.0 0.0242698 -0.0
0.0 8.0 0.0288192 -0.0
0.0 8.0 0.0343056 -0.0
0.0 8.0 0.025089 -0.0197195
0.0 8.0 0.0299815 -0.0
0.0 8.0 0.0366724 -0.0
0.0 8.0 0.0361708 -0.00739604
0.0 8.0 0.0294891 -0.00739604
0.0 8.0 0.0296261 -0.00739604
0.0 8.0 0.0242501 -0.0
0.0 8.0 0.0306034 -0.00739604
0.0 8.0 0.0312017 -0.0
0.0 8.0 0.0283604 -0.0
0.0 8.0 0.0347829 -0.0
0.0 8.0 0.0326871 -0.0
0.0 8.0 0.0265327 -0.00739604
0.0 8.0 0.0244374 -0.0
0.0 8.0 0.0281406 -0.0
0.0 8.0 0.0347873 -0.00739604
0.0 8.0 0.028819 -0.0
0.0 8.0 0.0287735 -0.0
0.0 8.0 0.0280853 -0.0
0.0 8.0 0.0305373 -0.00739604
0.0 8.0 0.0278256 -0.0
0.0 8.0 0.0270573 -0.0
0.0 8.0 0.0343364 -0.00739604
0.0 8.0 0.0345247 -0.00739604
0.0 8.0 0.0375893 -0.00739604
0.0 8.0 0.0275738 -0.0
0.0 8.0 0.0295111 -0.00739604
0.0 8.0 0.029062 -0.0
0.0 8.0 0.0292984 -0.0
0.0 8.0 0.0299503 -0.0
0.0 8.0 0.034 -0.00739604
0.0 8.0 0.0362246 -0.00739604
0.0 8.0 0.027834 -0.0
0.0 8.0 0.0290295 -0.0
0.0 8.0 0.0263277 -0.0
1.0 1.0 0.0949138 2.71828
1.0 1.0 0.0871331 2.71828
1.0 1.0 0.0908558 2.71828
1.0 1.0 0.0974482 2.71828
1.0 1.0 0.0826474 2.71828
1.0 1.0 0.0972512 2.71828
1.0 1.0 0.0996587 2.71828
1.0 1.0 0.0864012 2.71828
1.0 1.0 0.0904385 2.71828
1.0 1.0 0.0816496 2.71828
1.0 1.0 0.0828395 2.71828
1.0 1.0 0.0871402 2.71828
1.0 1.0 0.0913442 2.71828
1.0 1.0 0.0948414 2.71828
1.0 1.0 0.087056 2.71828
1.0 1.0 0.0822311 2.71828
1.0 1.0 0.0909576 2.71828
1.0 1.0 0.086646 2.71828
1.0 1.0 0.0874093 2.71828
1.0 1.0 0.0817667 2.71828
1.0 1.0 0.167904 2.71828
1.0 1.0 0.0879327 2.71828
1.0 1.0 0.0892365 2.71828
1.0 1.0 0.0861717 2.71828
1.0 1.0 0.101879 2.71828
1.0 1.0 0.086586 2.71828
1.0 1.0 0.0960716 2.71828
1.0 1.0 0.102473 2.71828
1.0 1.0 0.0880246 2.71828
1.0 1.0 0.0968803 2.71828
1.0 1.0 0.0864438 2.71828
1.0 1.0 0.0966699 2.71828
1.0 1.0 0.0955337 2.71828
1.0 1.0 0.0975544 2.71828
1.0 1.0 0.081181 2.71828
1.0 1.0 0.0857812 2.71828
1.0 1.0 0.0889653 2.71828
1.0 1.0 0.102841 2.71828
1.0 1.0 0.0979096 2.71828
1.0 1.0 0.0859332 2.71828
1.0 1.0 0.0859657 2.71828
1.0 1.0 0.103578 2.71828
1.0 1.0 0.164646 2.71828
1.0 1.0 0.162628 2.71828
1.0 1.0 0.164836 2.71828
1.0 1.0 0.0974858 2.71828
1.0 1.0 0.10143 2.71828
1.0 1.0 0.100464 2.71828
1.0 1.0 0.102801 2.71828
1.0 1.0 0.0989123 2.71828
1.0 2.0 0.0533286 2.71828
1.0 2.0 0.053092 2.71828
1.0 2.0 0.132372 2.71828
1.0 2.0 0.0511057 2.71828
1.0 2.0 0.0516619 2.71828
1.0 2.0 0.0881631 2.71828
1.0 2.0 0.0569745 2.71828
1.0 2.0 0.0900222 2.71828
1.0 2.0 0.0539955 2.71828
1.0 2.0 0.0523459 2.71828
1.0 2.0 0.123958 2.71828
1.0 2.0 0.0506301 2.71828
1.0 2.0 0.0927604 2.71828
1.0 2.0 0.0552938 2.71828
1.0 2.0 0.0518925 2.71828
1.0 2.0 0.0892273 2.71828
1.0 2.0 0.0532117 2.71828
1.0 2.0 0.0548288 2.71828
1.0 2.0 0.0558543 2.71828
1.0 2.0 0.0930285 2.71828
1.0 2.0 0.0587333 2.71828
1.0 2.0 0.0519258 2.71828
1.0 2.0 0.0756145 2.71828
1.0 2.0 0.094339 2.71828
1.0 2.0 0.0917103 2.71828
1.0 2.0 0.0594027 2.71828
1.0 2.0 0.0519266 2.71828
1.0 2.0 0.0568863 2.71828
1.0 2.0 0.0543687 2.71828
1.0 2.0 0.0499913 2.71828
1.0 2.0 0.0526793 2.71828
1.0 2.0 0.0447185 2.71828
1.0 2.0 0.0497082 2.71828
1.0 2.0 0.0514254 2.71828
1.0 2.0 0.0445071 2.71828
1.0 2.0 0.0885174 2.71828
1.0 2.0 0.0578431 2.71828
1.0 2.0 0.0561945 2.71828
1.0 2.0 0.0562425 2.71828
1.0 2.0 0.0916301 2.71828
1.0 2.0 0.0554819 2.71828
1.0 2.0 0.0528814 2.71828
1.0 2.0 0.0530123 2.71828
1.0 2.0 0.091689 2.71828
1.0 2.0 0.0536191 2.71828
1.0 2.0 0.0873837 2.71828
1.0 2.0 0.0575567 2.71828
1.0 2.0 0.0554119 2.71828
1.0 2.0 0.0540258 2.71828
1.0 2.0 0.0552115 2.71828
1.0 3.0 0.035431 2.71828
1.0 3.0 0.0431526 2.71828
1.0 3.0 0.0398876 2.71828
1.0 3.0 0.0454383 2.71828
1.0 3.0 0.0395826 2.71828
1.0 3.0 0.0438277 2.71828
1.0 3.0 0.0412336 2.71828
1.0 3.0 0.0416613 2.71828
1.0 3.0 0.044932 2.71828
1.0 3.0 0.0406246 2.71828
1.0 3.0 0.0428108 2.71828
1.0 3.0 0.0421474 2.71828
1.0 3.0 0.0369484 2.71828
1.0 3.0 0.0372656 2.71828
1.0 3.0 0.0372909 2.71828
1.0 3.0 0.0368802 2.71828
1.0 3.0 0.0408812 2.71828
1.0 3.0 0.0391734 2.71828
1.0 3.0 0.0385216 2.71828
1.0 3.0 0.040589 2.71828
1.0 3.0 0.0426617 2.71828
1.0 3.0 0.0449044 2.71828
1.0 3.0 0.0395241 2.71828
1.0 3.0 0.0428623 2.71828
1.0 3.0 0.0407695 2.71828
1.0 3.0 0.0406434 2.71828
1.0 3.0 0.0397805 2.71828
1.0 3.0 0.0376184 2.71828
1.0 3.0 0.0394459 2.71828
1.0 3.0 0.0433421 2.71828
1.0 3.0 0.0406868 2.71828
1.0 3.0 0.041329 2.71828
1.0 3.0 0.0418831 2.71828
1.0 3.0 0.0415037 2.71828
1.0 3.0 0.0438026 2.71828
1.0 3.0 0.0421927 2.71828
1.0 3.0 0.0505236 2.71828
1.0 3.0 0.0463472 2.71828
1.0 3.0 0.0358559 2.71828
1.0 3.0 0.0488746 2.71828
1.0 3.0 0.0409519 2.71828
1.0 3.0 0.0410515 2.71828
1.0 3.0 0.044541 2.71828
1.0 3.0 0.0439445 2.71828
1.0 3.0 0.040559 2.71828
1.0 3.0 0.0379414 2.71828
1.0 3.0 0.0406282 2.71828
1.0 3.0 0.038976 2.71828
1.0 3.0 0.0371893 2.71828
1.0 3.0 0.0389457 2.71828
1.0 4.0 0.0407203 2.71828
1.0 4.0 0.0298746 2.71828
1.0 4.0 0.0280919 2.71828
1.0 4.0 0.0353946 2.71828
1.0 4.0 0.0373107 2.71828
1.0 4.0 0.0294759 2.71828
1.0 4.0 0.0326031 2.71828
1.0 4.0 0.0311653 2.71828
1.0 4.0 0.0352338 2.71828
1.0 4.0 0.0413336 2.71828
1.0 4.0 0.035713 2.71828
1.0 4.0 0.0376184 2.71828
1.0 4.0 0.0315111 2.71828
1.0 4.0 0.0319746 2.71828
1.0 4.0 0.0296372 2.71828
1.0 4.0 0.0288276 2.71828
1.0 4.0 0.0334071 2.71828
1.0 4.0 0.0320937 2.71828
1.0 4.0 0.0344167 2.71828
1.0 4.0 0.0297692 2.71828
1.0 4.0 0.0366189 2.71828
1.0 4.0 0.0365468 2.71828
1.0 4.0 0.0324836 2.71828
1.0 4.0 0.0325732 2.71828
1.0 4.0 0.0287467 2.71828
1.0 4.0 0.03312 2.71828
1.0 4.0 0.0393518 2.71828
1.0 4.0 0.0334397 2.71828
1.0 4.0 0.0400081 2.71828
1.0 4.0 0.0310304 2.71828
1.0 4.0 0.0398545 2.71828
1.0 4.0 0.0325427 2.71828
1.0 4.0 0.0295821 2.71828
1.0 4.0 0.038455 2.71828
1.0 4.0 0.0324667 2.71828
1.0 4.0 0.0349517 2.71828
1.0 4.0 0.0713444 2.71828
1.0 4.0 0.0369883 2.71828
1.0 4.0 0.0369607 2.71828
1.0 4.0 0.0317611 2.71828
1.0 4.0 0.0317691 2.71828
1.0 4.0 0.0364192 2.71828
1.0 4.0 0.0319134 2.71828
1.0 4.0 0.0341004 2.71828
1.0 4.0 0.0330003 2.71828
1.0 4.0 0.0354622 2.71828
1.0 4.0 0.0349362 2.71828
1.0 4.0 0.0293484 2.71828
1.0 4.0 0.0361836 2.71828
1.0 4.0 0.0379132 2.71828
1.0 5.0 0.0301051 2.71828
1.0 5.0 0.0331534 2.71828
1.0 5.0 0.0336712 2.71828
1.0 5.0 0.0336088 2.71828
1.0 5.0 0.0277758 2.71828
1.0 5.0 0.0345625 2.71828
1.0 5.0 0.0378048 2.71828
1.0 5.0 0.0289383 2.71828
1.0 5.0 0.0336781 2.71828
1.0 5.0 0.0283038 2.71828
1.0 5.0 0.0390031 2.71828
1.0 5.0 0.0351705 2.71828
1.0 5.0 0.0327696 2.71828
1.0 5.0 0.0337235 2.71828
1.0 5.0 0.0296048 2.71828
1.0 5.0 0.0303483 2.71828
1.0 5.0 0.0332911 2.71828
1.0 5.0 0.0394086 2.71828
1.0 5.0 0.033266 2.71828
1.0 5.0 0.0335405 2.71828
1.0 5.0 0.0288725 2.71828
1.0 5.0 0.0332771 2.71828
1.0 5.0 0.0417403 2.71828
1.0 5.0 0.0334178 2.71828
1.0 5.0 0.0326533 2.71828
1.0 5.0 0.0340916 2.71828
1.0 5.0 0.0287795 2.71828
1.0 5.0 0.0345183 2.71828
1.0 5.0 0.0330722 2.71828
1.0 5.0 0.0331851 2.71828
1.0 5.0 0.031204 2.71828
1.0 5.0 0.0331085 2.71828
1.0 5.0 0.0332822 2.71828
1.0 5.0 0.0271683 2.71828
1.0 5.0 0.0303652 2.71828
1.0 5.0 0.0345898 2.71828
1.0 5.0 0.0326607 2.71828
1.0 5.0 0.0328022 2.71828
1.0 5.0 0.0337795 2.71828
1.0 5.0 0.0333556 2.71828
1.0 5.0 0.0267037 2.71828
1.0 5.0 0.0277965 2.71828
1.0 5.0 0.0341047 2.71828
1.0 5.0 0.0324687 2.71828
1.0 5.0 0.0361134 2.71828
1.0 5.0 0.0332486 2.71828
1.0 5.0 0.0333595 2.71828
1.0 5.0 0.0294788 2.71828
1.0 5.0 0.0304266 2.71828
1.0 5.0 0.0486743 2.71828
1.0 6.0 0.0274676 2.71828
1.0 6.0 0.0311034 2.71828
1.0 6.0 0.0306021 2.71828
1.0 6.0 0.0352115 2.71828
1.0 6.0 0.0322367 2.71828
1.0 6.0 0.0320257 2.71828
1.0 6.0 0.0274632 2.71828
1.0 6.0 0.0353176 2.71828
1.0 6.0 0.0319857 2.71828
1.0 6.0 0.0288838 2.71828
1.0 6.0 0.0266805 2.71828
1.0 6.0 0.0282105 2.71828
1.0 6.0 0.028698 2.71828
1.0 6.0 0.0270657 2.71828
1.0 6.0 0.032232 2.71828
1.0 6.0 0.0320874 2.71828
1.0 6.0 0.0270213 2.71828
1.0 6.0 0.0328459 2.71828
1.0 6.0 0.0243782 2.71828
1.0 6.0 0.0304787 2.71828
1.0 6.0 0.0312125 2.71828
1.0 6.0 0.0382769 2.71828
1.0 6.0 0.0312724 2.71828
1.0 6.0 0.0256061 2.71828
1.0 6.0 0.0274772 2.71828
1.0 6.0 0.0326822 2.71828
1.0 6.0 0.0301056 2.71828
1.0 6.0 0.0310425 2.71828
1.0 6.0 0.0318194 2.71828
1.0 6.0 0.0285341 2.71828
1.0 6.0 0.0272767 2.71828
1.0 6.0 0.0322028 2.71828
1.0 6.0 0.0325741 2.71828
1.0 6.0 0.0318148 2.71828
1.0 6.0 0.0319523 2.71828
1.0 6.0 0.0314817 2.71828
1.0 6.0 0.0282572 2.71828
1.0 6.0 0.0312549 2.71828
1.0 6.0 0.0313953 2.71828
1.0 6.0 0.0288363 2.71828
1.0 6.0 0.0322247 2.71828
1.0 6.0 0.0278021 2.71828
1.0 6.0 0.0287765 2.71828
1.0 6.0 0.0287657 2.71828
1.0 6.0 0.0282406 2.71828
1.0 6.0 0.0337539 2.71828
1.0 6.0 0.0272736 2.71828
1.0 6.0 0.0276877 2.71828
1.0 6.0 0.0251375 2.71828
1.0 6.0 0.0266676 2.71828
1.0 7.0 0.027042 2.71828
1.0 7.0 0.0257889 2.71828
1.0 7.0 0.0300361 2.71828
1.0 7.0 0.0272511 2.71828
1.0 7.0 0.0258371 2.71828
1.0 7.0 0.0302782 2.71828
1.0 7.0 0.0293102 2.71828
1.0 7.0 0.0291848 2.71828
1.0 7.0 0.0297363 2.71828
1.0 7.0 0.0288667 2.71828
1.0 7.0 0.0296841 2.71828
1.0 7.0 0.0293215 2.71828
1.0 7.0 0.0296826 2.71828
1.0 7.0 0.0284209 2.71828
1.0 7.0 0.0280248 2.71828
1.0 7.0 0.0295939 2.71828
1.0 7.0 0.0267307 2.71828
1.0 7.0 0.0283771 2.71828
1.0 7.0 0.0308384 2.71828
1.0 7.0 0.0263416 2.71828
1.0 7.0 0.0248791 2.71828
1.0 7.0 0.0298235 2.71828
1.0 7.0 0.0286309 2.71828
1.0 7.0 0.035697 2.71828
1.0 7.0 0.0281826 2.71828
1.0 7.0 0.0314743 2.71828
1.0 7.0 0.034657 2.71828
1.0 7.0 0.0307421 2.71828
1.0 7.0 0.0263424 2.71828
1.0 7.0 0.0312086 2.71828
1.0 7.0 0.0285814 2.71828
1.0 7.0 0.0313849 2.71828
1.0 7.0 0.0295321 2.71828
1.0 7.0 0.0255065 2.71828
1.0 7.0 0.0246398 2.71828
1.0 7.0 0.0302636 2.71828
1.0 7.0 0.0287337 2.71828
1.0 7.0 0.0302052 2.71828
1.0 7.0 0.0265254 2.71828
1.0 7.0 0.0285655 2.71828
1.0 7.0 0.0292876 2.71828
1.0 7.0 0.0281185 2.71828
1.0 7.0 0.0263631 2.71828
1.0 7.0 0.0275632 2.71828
1.0 7.0 0.0270865 2.71828
1.0 7.0 0.0269927 2.71828
1.0 7.0 0.0302227 2.71828
1.0 7.0 0.031109 2.71828
1.0 7.0 0.028526 2.71828
1.0 7.0 0.0253726 2.71828
1.0 8.0 0.0285475 2.71828
1.0 8.0 0.0289781 2.71828
1.0 8.0 0.0261382 2.71828
1.0 8.0 0.0283795 2.71828
1.0 8.0 0.0299173 2.71828
1.0 8.0 0.0277818 2.71828
1.0 8.0 0.0384275 2.71828
1.0 8.0 0.0265212 2.71828
1.0 8.0 0.0270099 2.71828
1.0 8.0 0.0400972 2.71828
1.0 8.0 0.0300733 2.71828
1.0 8.0 0.0270281 2.71828
1.0 8.0 0.037148 2.71828
1.0 8.0 0.0275628 2.71828
1.0 8.0 0.0277926 2.71828
1.0 8.0 0.0273629 2.71828
1.0 8.0 0.0276206 2.71828
1.0 8.0 0.0271463 2.71828
1.0 8.0 0.0285602 2.71828
1.0 8.0 0.0271819 2.71828
1.0 8.0 0.0270167 2.71828
1.0 8.0 0.0243892 2.71828
1.0 8.0 0.0259626 2.71828
1.0 8.0 0.0293639 2.71828
1.0 8.0 0.0260156 2.71828
1.0 8.0 0.0278354 2.71828
1.0 8.0 0.0275998 2.71828
1.0 8.0 0.0269042 2.71828
1.0 8.0 0.0352068 2.71828
1.0 8.0 0.0327604 2.71828
1.0 8.0 0.0259203 2.71828
1.0 8.0 0.02516 2.71828
1.0 8.0 0.0253784 2.71828
1.0 8.0 0.0275205 2.71828
1.0 8.0 0.0326364 2.71828
1.0 8.0 0.0275856 2.71828
1.0 8.0 0.0245282 2.71828
1.0 8.0 0.027222 2.71828
1.0 8.0 0.0267395 2.71828
1.0 8.0 0.026679 2.71828
1.0 8.0 0.0250721 2.71828
1.0 8.0 0.0268729 2.71828
1.0 8.0 0.0327845 2.71828
1.0 8.0 0.0258678 2.71828
1.0 8.0 0.0263859 2.71828
1.0 8.0 0.0264388 2.71828
1.0 8.0 0.0273807 2.71828
1.0 8.0 0.0253313 2.71828
1.0 8.0 0.0259061 2.71828
1.0 8.0 0.0278809 2.71828
2.0 1.0 0.351917 -5.15819e-220
2.0 1.0 0.689019 -8.43827e-33
2.0 1.0 0.735658 -8.43827e-33
2.0 1.0 0.728264 -8.43827e-33
2.0 1.0 0.745715 -8.43827e-33
2.0 1.0 0.438583 -3.84982e-222
2.0 1.0 0.701246 -8.43827e-33
2.0 1.0 0.684919 -4.33559e-32
2.0 1.0 0.735319 -8.43827e-33
2.0 1.0 0.698149 -4.33559e-32
2.0 1.0 0.708782 -8.43827e-33
2.0 1.0 0.437172 -3.34892e-218
2.0 1.0 0.763653 -5.02058e-32
2.0 1.0 0.783402 -7.10571e-31
2.0 1.0 0.425459 -6.48523e-220
2.0 1.0 0.441779 -2.08263e-225
2.0 1.0 0.684295 -4.33559e-32
2.0 1.0 0.698046 -8.43827e-33
2.0 1.0 0.760224 -5.02058e-32
2.0 1.0 0.756319 -8.43827e-33
2.0 1.0 0.711973 -8.43827e-33
2.0 1.0 0.598514 -8.43827e-33
2.0 1.0 0.740037 -8.43827e-33
2.0 1.0 0.122717 -2.93187e-209
2.0 1.0 0.761262 -5.02058e-32
2.0 1.0 0.425446 -8.19946e-220
2.0 1.0 0.768363 -5.02058e-32
2.0 1.0 0.735933 -8.43827e-33
2.0 1.0 0.756498 -4.33559e-32
2.0 1.0 0.692106 -8.43827e-33
2.0 1.0 0.758467 -5.02058e-32
2.0 1.0 0.752045 -8.43827e-33
2.0 1.0 0.746484 -8.43827e-33
2.0 1.0 0.709251 -8.43827e-33
2.0 1.0 0.52057 -6.99646e-225
2.0 1.0 0.854344 -8.43827e-33
2.0 1.0 0.493831 -2.123e-217
2.0 1.0 0.711589 -8.43827e-33
2.0 1.0 0.757638 -8.43827e-33
2.0 1.0 0.762408 -4.33559e-32
2.0 1.0 0.43268 -4.08296e-206
2.0 1.0 0.76129 -4.33559e-32
2.0 1.0 0.444945 -9.83686e-206
2.0 1.0 0.76377 -4.33559e-32
2.0 1.0 0.44533 -2.08498e-217
2.0 1.0 0.679456 -8.43827e-33
2.0 1.0 0.589888 -1.81912e-220
2.0 1.0 0.697611 -8.43827e-33
2.0 1.0 0.855126 -8.43827e-33
2.0 1.0 0.611562 -8.43827e-33
2.0 2.0 0.533736 -4.33559e-32
2.0 2.0 0.524759 -8.43827e-33
2.0 2.0 0.362584 -8.43827e-33
2.0 2.0 0.384417 -2.07155e-226
2.0 2.0 0.363954 -4.33559e-32
2.0 2.0 0.367049 -2.84708e-220
2.0 2.0 0.229395 -2.64883e-217
2.0 2.0 0.345409 -8.43827e-33
2.0 2.0 0.384512 -5.02058e-32
2.0 2.0 0.498782 -4.60652e-217
2.0 2.0 0.499522 -8.07051e-218
2.0 2.0 0.338243 -2.74392e-213
2.0 2.0 0.381236 -7.39679e-219
2.0 2.0 0.353396 -8.43827e-33
2.0 2.0 0.378977 -5.02058e-32
2.0 2.0 0.519423 -8.43827e-33
2.0 2.0 0.371312 -1.79326e-218
2.0 2.0 0.366037 -5.02058e-32
2.0 2.0 0.365259 -1.09038e-217
2.0 2.0 0.376164 -5.02058e-32
2.0 2.0 0.378998 -8.43827e-33
2.0 2.0 0.526896 -8.43827e-33
2.0 2.0 0.379418 -8.43827e-33
2.0 2.0 0.520335 -8.43827e-33
2.0 2.0 0.356021 -7.36471e-228
2.0 2.0 0.373823 -8.43827e-33
2.0 2.0 0.436129 -1.7325e-31
2.0 2.0 0.345072 -8.43827e-33
2.0 2.0 0.3529 -8.43827e-33
2.0 2.0 0.353069 -2.00469e-205
2.0 2.0 0.521104 -4.33559e-32
2.0 2.0 0.380378 -5.02058e-32
2.0 2.0 0.515518 -5.02058e-32
2.0 2.0 0.367146 -8.43827e-33
2.0 2.0 0.369389 -8.43827e-33
2.0 2.0 0.428807 -2.03723e-31
2.0 2.0 0.348078 -8.43827e-33
2.0 2.0 0.377486 -2.15124e-220
2.0 2.0 0.352513 -3.80762e-216
2.0 2.0 0.351842 -7.30183e-212
2.0 2.0 0.354428 -8.43827e-33
2.0 2.0 0.510173 -5.02058e-32
2.0 2.0 0.362157 -4.33559e-32
2.0 2.0 0.384712 -5.02058e-32
2.0 2.0 0.371122 -8.43827e-33
2.0 2.0 0.354102 -2.03723e-31
2.0 2.0 0.391135 -8.43827e-33
2.0 2.0 0.359299 -8.43827e-33
2.0 2.0 0.514859 -8.43827e-33
2.0 2.0 0.352002 -5.02058e-32
2.0 3.0 0.249134 -8.43827e-33
2.0 3.0 0.242403 -8.43827e-33
2.0 3.0 0.266502 -8.43827e-33
2.0 3.0 0.244786 -2.9568e-214
2.0 3.0 0.253655 -8.43827e-33
2.0 3.0 0.22936 -3.74625e-217
2.0 3.0 0.250548 -8.43827e-33
2.0 3.0 0.251797 -8.43827e-33
2.0 3.0 0.249823 -8.43827e-33
2.0 3.0 0.245245 -3.71703e-208
2.0 3.0 0.246812 -5.02058e-32
2.0 3.0 0.248675 -8.43827e-33
2.0 3.0 0.268525 -2.90681e-207
2.0 3.0 0.252044 -2.27273e-210
2.0 3.0 0.249528 -1.11878e-215
2.0 3.0 0.221124 -9.15987e-216
2.0 3.0 0.285389 -8.43827e-33
2.0 3.0 0.262908 -8.43827e-33
2.0 3.0 0.258267 -8.43827e-33
2.0 3.0 0.240348 -1.3303e-212
2.0 3.0 0.24535 -1.38495e-217
2.0 3.0 0.224986 -2.36344e-215
2.0 3.0 0.254083 -8.43827e-33
2.0 3.0 0.258891 -8.43827e-33
2.0 3.0 0.221086 -4.75223e-207
2.0 3.0 0.240439 -8.43827e-33
2.0 3.0 0.254552 -3.46398e-208
2.0 3.0 0.252361 -8.76976e-218
2.0 3.0 0.27659 -8.43827e-33
2.0 3.0 0.229027 -8.43827e-33
2.0 3.0 0.231238 -9.55788e-211
2.0 3.0 0.284077 -7.10571e-31
2.0 3.0 0.239067 -4.33559e-32
2.0 3.0 0.267454 -4.33559e-32
2.0 3.0 0.252586 -5.02058e-32
2.0 3.0 0.241384 -4.9708e-207
2.0 3.0 0.283493 -4.33559e-32
2.0 3.0 0.226468 -8.43827e-33
2.0 3.0 0.237214 -6.77826e-31
2.0 3.0 0.257442 -8.43827e-33
2.0 3.0 0.246123 -2.01644e-31
2.0 3.0 0.236641 -8.43827e-33
2.0 3.0 0.247735 -8.43827e-33
2.0 3.0 0.249903 -1.16516e-217
2.0 3.0 0.248781 -5.02058e-32
2.0 3.0 0.255755 -5.02058e-32
2.0 3.0 0.262673 -8.43827e-33
2.0 3.0 0.267767 -8.43827e-33
2.0 3.0 0.146414 -5.15156e-215
2.0 3.0 0.146414 -5.15156e-215
2.0 4.0 0.187394 -8.43827e-33
2.0 4.0 0.184371 -8.43827e-33
2.0 4.0 0.188 -1.8391e-217
2.0 4.0 0.196219 -8.43827e-33
2.0 4.0 0.167038 -5.02058e-32
2.0 4.0 0.185876 -4.33559e-32
2.0 4.0 0.184001 -8.43827e-33
2.0 4.0 0.189064 -5.02058e-32
2.0 4.0 0.179338 -8.43827e-33
2.0 4.0 0.184892 -8.43827e-33
2.0 4.0 0.187249 -8.95296e-220
2.0 4.0 0.195208 -4.33559e-32
2.0 4.0 0.181282 -2.24981e-218
2.0 4.0 0.184494 -8.43827e-33
2.0 4.0 0.196545 -8.43827e-33
2.0 4.0 0.192044 -5.02058e-32
2.0 4.0 0.184526 -2.01644e-31
2.0 4.0 0.245831 -8.43827e-33
2.0 4.0 0.201759 -4.62563e-213
2.0 4.0 0.115721 -1.12383e-219
2.0 4.0 0.199354 -8.43827e-33
2.0 4.0 0.199838 -5.83417e-213
2.0 4.0 0.195602 -3.96197e-210
2.0 4.0 0.189929 -3.34979e-222
2.0 4.0 0.192704 -8.43827e-33
2.0 4.0 0.177154 -5.02058e-32
2.0 4.0 0.215633 -8.43827e-33
2.0 4.0 0.191069 -1.6609e-209
2.0 4.0 0.184859 -1.50568e-208
2.0 4.0 0.163756 -8.43827e-33
2.0 4.0 0.197782 -7.12608e-222
2.0 4.0 0.184156 -8.43827e-33
2.0 4.0 0.179229 -8.43827e-33
2.0 4.0 0.187308 -1.01039e-212
2.0 4.0 0.188747 -5.02058e-32
2.0 4.0 0.189917 -1.06546e-223
2.0 4.0 0.189876 -8.43827e-33
2.0 4.0 0.190674 -1.41795e-211
2.0 4.0 0.188104 -5.02058e-32
2.0 4.0 0.185547 -8.43827e-33
2.0 4.0 0.198017 -8.43827e-33
2.0 4.0 0.184103 -8.43827e-33
2.0 4.0 0.193456 -4.33559e-32
2.0 4.0 0.183272 -8.43827e-33
2.0 4.0 0.223125 -8.43827e-33
2.0 4.0 0.172096 -2.39905e-215
2.0 4.0 0.218423 -2.48859e-205
2.0 4.0 0.192027 -8.43827e-33
2.0 4.0 0.191572 -2.01644e-31
2.0 4.0 0.167362 -8.43827e-33
2.0 5.0 0.16238 -3.63844e-215
2.0 5.0 0.165284 -2.4736e-201
2.0 5.0 0.154848 -5.02058e-32
2.0 5.0 0.168798 -3.06308e-216
2.0 5.0 0.159944 -8.43827e-33
2.0 5.0 0.13991 -2.51004e-218
2.0 5.0 0.166246 -8.43827e-33
2.0 5.0 0.167439 -8.43827e-33
2.0 5.0 0.167689 -4.70643e-214
2.0 5.0 0.165252 -8.43827e-33
2.0 5.0 0.164568 -8.43827e-33
2.0 5.0 0.166687 -8.43827e-33
2.0 5.0 0.163378 -1.27228e-217
2.0 5.0 0.142391 -3.9466e-212
2.0 5.0 0.164819 -8.43827e-33
2.0 5.0 0.166865 -8.43827e-33
2.0 5.0 0.136102 -8.43827e-33
2.0 5.0 0.159911 -2.93973e-215
2.0 5.0 0.16717 -8.43827e-33
2.0 5.0 0.166257 -2.41255e-212
2.0 5.0 0.165243 -9.76077e-223
2.0 5.0 0.166382 -8.43827e-33
2.0 5.0 0.190744 -8.43827e-33
2.0 5.0 0.16524 -1.71034e-222
2.0 5.0 0.130535 -8.43827e-33
2.0 5.0 0.159178 -1.0249e-211
2.0 5.0 0.166796 -1.09262e-216
2.0 5.0 0.132567 -8.13935e-216
2.0 5.0 0.161273 -5.02058e-32
2.0 5.0 0.168089 -8.43827e-33
2.0 5.0 0.165785 -8.43827e-33
2.0 5.0 0.139663 -5.02058e-32
2.0 5.0 0.165619 -4.33559e-32
2.0 5.0 0.16278 -2.27073e-225
2.0 5.0 0.143205 -8.43827e-33
2.0 5.0 0.155659 -8.43827e-33
2.0 5.0 0.134606 -8.43827e-33
2.0 5.0 0.166235 -8.43827e-33
2.0 5.0 0.14384 -8.43827e-33
2.0 5.0 0.166828 -5.02058e-32
2.0 5.0 0.165396 -9.1708e-214
2.0 5.0 0.143929 -4.56903e-214
2.0 5.0 0.165449 -8.43827e-33
2.0 5.0 0.167814 -2.01644e-31
2.0 5.0 0.169834 -8.43827e-33
2.0 5.0 0.165674 -1.80658e-204
2.0 5.0 0.141497 -8.43827e-33
2.0 5.0 0.136915 -3.91907e-219
2.0 5.0 0.161486 -7.10571e-31
2.0 5.0 0.256153 -8.43827e-33
2.0 6.0 0.123698 -2.84206e-201
2.0 6.0 0.124257 -2.09663e-215
2.0 6.0 0.14198 -8.43827e-33
2.0 6.0 0.144572 -8.43827e-33
2.0 6.0 0.141707 -8.43827e-33
2.0 6.0 0.137029 -9.19038e-226
2.0 6.0 0.144414 -8.43827e-33
2.0 6.0 0.139583 -8.43827e-33
2.0 6.0 0.129433 -8.43827e-33
2.0 6.0 0.136805 -2.35215e-213
2.0 6.0 0.140616 -8.43827e-33
2.0 6.0 0.143133 -8.43827e-33
2.0 6.0 0.137673 -8.43827e-33
2.0 6.0 0.126321 -4.10425e-217
2.0 6.0 0.182472 -1.61259e-216
2.0 6.0 0.141613 -5.02058e-32
2.0 6.0 0.142186 -8.43827e-33
2.0 6.0 0.165633 -2.13329e-214
2.0 6.0 0.147516 -8.43827e-33
2.0 6.0 0.13788 -8.43827e-33
2.0 6.0 0.179886 -8.43827e-33
2.0 6.0 0.137818 -1.3825e-207
2.0 6.0 0.144153 -8.43827e-33
2.0 6.0 0.125787 -8.43827e-33
2.0 6.0 0.137897 -5.02058e-32
2.0 6.0 0.167535 -8.43827e-33
2.0 6.0 0.144102 -8.43827e-33
2.0 6.0 0.140006 -8.43827e-33
2.0 6.0 0.113782 -8.83182e-204
2.0 6.0 0.111893 -1.92443e-219
2.0 6.0 0.117552 -8.43827e-33
2.0 6.0 0.115636 -7.07424e-215
2.0 6.0 0.139389 -8.43827e-33
2.0 6.0 0.120298 -8.43827e-33
2.0 6.0 0.115859 -1.0629e-222
2.0 6.0 0.144889 -8.43827e-33
2.0 6.0 0.139578 -2.46473e-224
2.0 6.0 0.139179 -1.71562e-203
2.0 6.0 0.139226 -8.43827e-33
2.0 6.0 0.145204 -2.57993e-207
2.0 6.0 0.144244 -5.02058e-32
2.0 6.0 0.140334 -8.43827e-33
2.0 6.0 0.138849 -3.68964e-211
2.0 6.0 0.163334 -1.38721e-213
2.0 6.0 0.142791 -8.43827e-33
2.0 6.0 0.119743 -8.43827e-33
2.0 6.0 0.113277 -2.27212e-208
2.0 6.0 0.119245 -8.43827e-33
2.0 6.0 0.123139 -4.64641e-204
2.0 6.0 0.114933 -8.43827e-33
2.0 7.0 0.128319 -8.43827e-33
2.0 7.0 0.123198 -4.33559e-32
2.0 7.0 0.119742 -2.03723e-31
2.0 7.0 0.100473 -8.43827e-33
2.0 7.0 0.126892 -8.43827e-33
2.0 7.0 0.103276 -8.43827e-33
2.0 7.0 0.155812 -8.43827e-33
2.0 7.0 0.104993 -8.43827e-33
2.0 7.0 0.123906 -8.43827e-33
2.0 7.0 0.124784 -8.43827e-33
2.0 7.0 0.121764 -5.56296e-213
2.0 7.0 0.130073 -8.43827e-33
2.0 7.0 0.119702 -1.06725e-215
2.0 7.0 0.100906 -6.53921e-212
2.0 7.0 0.107842 -2.4207e-220
2.0 7.0 0.100114 -9.19583e-206
2.0 7.0 0.126829 -4.33559e-32
2.0 7.0 0.120512 -3.04528e-220
2.0 7.0 0.106981 -5.02058e-32
2.0 7.0 0.123508 -2.01644e-31
2.0 7.0 0.100212 -1.41986e-208
2.0 7.0 0.125004 -4.33559e-32
2.0 7.0 0.110759 -8.43827e-33
2.0 7.0 0.100569 -8.43827e-33
2.0 7.0 0.107995 -5.02058e-32
2.0 7.0 0.105192 -2.40397e-211
2.0 7.0 0.10669 -8.43827e-33
2.0 7.0 0.120909 -1.26535e-214
2.0 7.0 0.119993 -1.7325e-31
2.0 7.0 0.131045 -5.02058e-32
2.0 7.0 0.101887 -4.33559e-32
2.0 7.0 0.127164 -4.33559e-32
2.0 7.0 0.102267 -8.43827e-33
2.0 7.0 0.127861 -5.02058e-32
2.0 7.0 0.102288 -4.33559e-32
2.0 7.0 0.12573 -6.77826e-31
2.0 7.0 0.124996 -2.01644e-31
2.0 7.0 0.128841 -5.02058e-32
2.0 7.0 0.102337 -8.43827e-33
2.0 7.0 0.102728 -4.59407e-219
2.0 7.0 0.101582 -2.01644e-31
2.0 7.0 0.122866 -5.1059e-210
2.0 7.0 0.126565 -8.43827e-33
2.0 7.0 0.148181 -5.02058e-32
2.0 7.0 0.122984 -4.33559e-32
2.0 7.0 0.108472 -8.43827e-33
2.0 7.0 0.125161 -8.43827e-33
2.0 7.0 0.122575 -2.01644e-31
2.0 7.0 0.145252 -2.03723e-31
2.0 7.0 0.102617 -2.01644e-31
2.0 8.0 0.111283 -5.02058e-32
2.0 8.0 0.11551 -4.33559e-32
2.0 8.0 0.0949286 -5.02058e-32
2.0 8.0 0.107462 -1.93907e-214
2.0 8.0 0.111142 -8.43827e-33
2.0 8.0 0.0964263 -8.43827e-33
2.0 8.0 0.0963652 -4.33559e-32
2.0 8.0 0.107006 -5.76338e-217
2.0 8.0 0.113695 -5.02058e-32
2.0 8.0 0.0946438 -8.43827e-33
2.0 8.0 0.0958059 -8.43827e-33
2.0 8.0 0.0991724 -2.76107e-205
2.0 8.0 0.0956433 -8.43827e-33
2.0 8.0 0.0890276 -3.54267e-214
2.0 8.0 0.107835 -1.20175e-203
2.0 8.0 0.111449 -8.43827e-33
2.0 8.0 0.111312 -8.43827e-33
2.0 8.0 0.0916573 -5.34501e-199
2.0 8.0 0.0924723 -1.38886e-214
2.0 8.0 0.111489 -8.43827e-33
2.0 8.0 0.0903743 -3.09045e-215
2.0 8.0 0.110854 -8.43827e-33
2.0 8.0 0.108885 -5.0032e-204
2.0 8.0 0.098239 -8.43827e-33
2.0 8.0 0.107441 -1.47425e-205
2.0 8.0 0.10804 -4.14136e-211
2.0 8.0 0.112311 -5.02058e-32
2.0 8.0 0.111592 -8.43827e-33
2.0 8.0 0.113463 -8.43827e-33
2.0 8.0 0.110556 -8.43827e-33
2.0 8.0 0.105682 -1.16076e-219
2.0 8.0 0.0919044 -4.33559e-32
2.0 8.0 0.110495 -2.01644e-31
2.0 8.0 0.108314 -4.33559e-32
2.0 8.0 0.111384 -4.33559e-32
2.0 8.0 0.0911324 -5.27777e-216
2.0 8.0 0.0965827 -8.43827e-33
2.0 8.0 0.0904703 -1.34252e-211
2.0 8.0 0.0975977 -8.43827e-33
2.0 8.0 0.176612 -8.43827e-33
2.0 8.0 0.0918222 -8.43827e-33
2.0 8.0 0.112978 -8.43827e-33
2.0 8.0 0.106019 -1.49643e-202
2.0 8.0 0.109895 -4.33559e-32
2.0 8.0 0.0929997 -8.07219e-214
2.0 8.0 0.135864 -2.08641e-224
2.0 8.0 0.0920352 -3.11969e-213
2.0 8.0 0.126594 -6.63412e-207
2.0 8.0 0.102273 -2.03723e-31
2.0 8.0 0.105658 -8.43827e-33
3.0 1.0 0.0709405 -0.0
3.0 1.0 0.0926193 -0.0
3.0 1.0 0.0840096 -0.0
3.0 1.0 0.0665221 -0.0
3.0 1.0 0.0997865 -0.0
3.0 1.0 0.0897276 -0.0
3.0 1.0 0.152195 -0.0
3.0 1.0 0.0947793 -0.0
3.0 1.0 0.0849508 -0.0
3.0 1.0 0.0714241 -0.0
3.0 1.0 0.0939014 -0.0
3.0 1.0 0.0876608 -0.0
3.0 1.0 0.0876408 -0.0
3.0 1.0 0.0830162 -0.0
3.0 1.0 0.0882823 -0.0
3.0 1.0 0.0715493 -0.0
3.0 1.0 0.0817975 -0.0
3.0 1.0 0.0747458 -0.0
3.0 1.0 0.0915844 -0.0
3.0 1.0 0.0835276 -0.0
3.0 1.0 0.0835438 -0.0
3.0 1.0 0.146526 -0.0
3.0 1.0 0.141052 -0.0
3.0 1.0 0.148638 -0.0
3.0 1.0 0.0937518 -0.0
3.0 1.0 0.0975837 -0.0
3.0 1.0 0.0788862 -0.0
3.0 1.0 0.0755183 -0.0
3.0 1.0 0.113848 -0.0
3.0 1.0 0.0879628 -0.0
3.0 1.0 0.082353 -0.0
3.0 1.0 0.144397 -0.0
3.0 1.0 0.0779787 -0.0
3.0 1.0 0.0746399 -0.0
3.0 1.0 0.152921 -0.0
3.0 1.0 0.0909655 -0.0
3.0 1.0 0.0942368 -0.0
3.0 1.0 0.086456 -0.0
3.0 1.0 0.12191 -0.0
3.0 1.0 0.135297 -0.0
3.0 1.0 0.124104 -0.0
3.0 1.0 0.0940713 -0.0
3.0 1.0 0.124379 -0.0
3.0 1.0 0.0883526 -0.0
3.0 1.0 0.0929799 -0.0
3.0 1.0 0.0828685 -0.0
3.0 1.0 0.0960453 -0.0
3.0 1.0 0.0844533 -0.0
3.0 1.0 0.0816873 -0.0
3.0 1.0 0.0895106 -0.0
3.0 2.0 0.048152 -0.0
3.0 2.0 0.0804793 -0.0
3.0 2.0 0.0507778 -0.0
3.0 2.0 0.0842077 -0.0
3.0 2.0 0.0479208 -0.0
3.0 2.0 0.0827104 -0.0
3.0 2.0 0.0437124 -0.0
3.0 2.0 0.0815308 -0.0
3.0 2.0 0.042724 -0.0
3.0 2.0 0.0392254 -0.0
3.0 2.0 0.0830671 -0.0
3.0 2.0 0.0509542 -0.0
3.0 2.0 0.0468768 -0.0
3.0 2.0 0.0877967 -0.0
3.0 2.0 0.0479869 -0.0
3.0 2.0 0.0368166 -0.0
3.0 2.0 0.0503379 -0.0
3.0 2.0 0.0528308 -0.0
3.0 2.0 0.0476575 -0.0
3.0 2.0 0.0503979 -0.0
3.0 2.0 0.0813502 -0.0
3.0 2.0 0.0488954 -0.0
3.0 2.0 0.0498798 -0.0
3.0 2.0 0.0519931 -0.0
3.0 2.0 0.0514713 -0.0
3.0 2.0 0.0457395 -0.0
3.0 2.0 0.036405 -0.0
3.0 2.0 0.0476339 -0.0
3.0 2.0 0.0378154 -0.0
3.0 2.0 0.0453448 -0.0
3.0 2.0 0.0513773 -0.0
3.0 2.0 0.0846795 -0.0
3.0 2.0 0.0817342 -0.0
3.0 2.0 0.0840627 -0.0
3.0 2.0 0.0819579 -0.0
3.0 2.0 0.0383416 -0.0
3.0 2.0 0.0828653 -0.0
3.0 2.0 0.0391212 -0.0
3.0 2.0 0.0522617 -0.0
3.0 2.0 0.0448054 -0.0
3.0 2.0 0.0808924 -0.0
3.0 2.0 0.0480812 -0.0
3.0 2.0 0.0477453 -0.0
3.0 2.0 0.0518639 -0.0
3.0 2.0 0.0489814 -0.0
3.0 2.0 0.0483481 -0.0
3.0 2.0 0.0505355 -0.0
3.0 2.0 0.0856069 -0.0
3.0 2.0 0.0507651 -0.0
3.0 2.0 0.0822657 -0.0
3.0 3.0 0.0347231 -0.0
3.0 3.0 0.0368627 -0.0
3.0 3.0 0.0416346 -0.0
3.0 3.0 0.0408901 -0.0
3.0 3.0 0.034984 -0.0
3.0 3.0 0.0389436 -0.0
3.0 3.0 0.0371301 -0.0
3.0 3.0 0.0388278 -0.0
3.0 3.0 0.0336953 -0.0
3.0 3.0 0.0370193 -0.0
3.0 3.0 0.0377712 -0.0
3.0 3.0 0.036978 -0.0
3.0 3.0 0.0352381 -0.0
3.0 3.0 0.0372656 -0.0
3.0 3.0 0.0297086 -0.0
3.0 3.0 0.0416507 -0.0
3.0 3.0 0.0331437 -0.0
3.0 3.0 0.0366697 -0.0
3.0 3.0 0.0425757 -0.0
3.0 3.0 0.0368999 -0.0
3.0 3.0 0.0410414 -0.0
3.0 3.0 0.0392182 -0.0
3.0 3.0 0.0354776 -0.0
3.0 3.0 0.0287519 -0.0
3.0 3.0 0.0409646 -0.0
3.0 3.0 0.0342221 -0.0
3.0 3.0 0.0377591 -0.0
3.0 3.0 0.0373277 -0.0
3.0 3.0 0.0383495 -0.0
3.0 3.0 0.035016 -0.0
3.0 3.0 0.0385814 -0.0
3.0 3.0 0.0398687 -0.0
3.0 3.0 0.0399945 -0.0
3.0 3.0 0.038163 -0.0
3.0 3.0 0.0358208 -0.0
3.0 3.0 0.0363677 -0.0
3.0 3.0 0.0354953 -0.0
3.0 3.0 0.0361075 -0.0
3.0 3.0 0.0413999 -0.0
3.0 3.0 0.035631 -0.0
3.0 3.0 0.0380318 -0.0
3.0 3.0 0.0340189 -0.0
3.0 3.0 0.0317885 -0.0
3.0 3.0 0.0358963 -0.0
3.0 3.0 0.0456793 -0.0
3.0 3.0 0.0379469 -0.0
3.0 3.0 0.0324269 -0.0
3.0 3.0 0.0399753 -0.0
3.0 3.0 0.0407277 -0.0
3.0 3.0 0.0359692 -0.0
3.0 4.0 0.0380232 -0.0
3.0 4.0 0.0296793 -0.0
3.0 4.0 0.0282809 -0.0
3.0 4.0 0.0366194 -0.0
3.0 4.0 0.0295464 -0.0
3.0 4.0 0.031883 -0.0
3.0 4.0 0.0334506 -0.0
3.0 4.0 0.0327818 -0.0
3.0 4.0 0.0293205 -0.0
3.0 4.0 0.0279651 -0.0
3.0 4.0 0.0292538 -0.0
3.0 4.0 0.0583046 -0.0
3.0 4.0 0.0293159 -0.0
3.0 4.0 0.0294717 -0.0
3.0 4.0 0.0345478 -0.0
3.0 4.0 0.0276636 -0.0
3.0 4.0 0.0302131 -0.0
3.0 4.0 0.0309211 -0.0
3.0 4.0 0.0300291 -0.0
3.0 4.0 0.0291526 -0.0
3.0 4.0 0.0249548 -0.0
3.0 4.0 0.030483 -0.0
3.0 4.0 0.0301578 -0.0
3.0 4.0 0.0290346 -0.0
3.0 4.0 0.0395585 -0.0
3.0 4.0 0.0296087 -0.0
3.0 4.0 0.0326138 -0.0
3.0 4.0 0.0263179 -0.0
3.0 4.0 0.0311826 -0.0
3.0 4.0 0.0275044 -0.0
3.0 4.0 0.0307406 -0.0
3.0 4.0 0.0266627 -0.0
3.0 4.0 0.0399409 -0.0
3.0 4.0 0.0288439 -0.0
3.0 4.0 0.0310174 -0.0
3.0 4.0 0.0288222 -0.0
3.0 4.0 0.0321491 -0.0
3.0 4.0 0.0290696 -0.0
3.0 4.0 0.0328593 -0.0
3.0 4.0 0.0386799 -0.0
3.0 4.0 0.0303627 -0.0
3.0 4.0 0.0329573 -0.0
3.0 4.0 0.0296313 -0.0
3.0 4.0 0.039629 -0.0
3.0 4.0 0.0323185 -0.0
3.0 4.0 0.0305728 -0.0
3.0 4.0 0.0333437 -0.0
3.0 4.0 0.0285303 -0.0
3.0 4.0 0.0299277 -0.0
3.0 4.0 0.030289 -0.0
3.0 5.0 0.0277823 -0.0
3.0 5.0 0.0305361 -0.0
3.0 5.0 0.0319745 -0.0
3.0 5.0 0.0319799 -0.0
3.0 5.0 0.027962 -0.0
3.0 5.0 0.0367505 -0.0
3.0 5.0 0.0324339 -0.0
3.0 5.0 0.0321239 -0.0
3.0 5.0 0.0275751 -0.0
3.0 5.0 0.0311259 -0.0
3.0 5.0 0.0272974 -0.0
3.0 5.0 0.028207 -0.0
3.0 5.0 0.0315077 -0.0
3.0 5.0 0.0305022 -0.0
3.0 5.0 0.0307571 -0.0
3.0 5.0 0.0290321 -0.0
3.0 5.0 0.0306997 -0.0
3.0 5.0 0.0234825 -0.0
3.0 5.0 0.0312145 -0.0
3.0 5.0 0.0278649 -0.0
3.0 5.0 0.0319421 -0.0
3.0 5.0 0.0335258 -0.0
3.0 5.0 0.0309241 -0.0
3.0 5.0 0.031324 -0.0
3.0 5.0 0.0290608 -0.0
3.0 5.0 0.0310962 -0.0
3.0 5.0 0.0309672 -0.0
3.0 5.0 0.0315531 -0.0
3.0 5.0 0.031135 -0.0
3.0 5.0 0.030639 -0.0
3.0 5.0 0.0325433 -0.0
3.0 5.0 0.0315793 -0.0
3.0 5.0 0.0287303 -0.0
3.0 5.0 0.0275476 -0.0
3.0 5.0 0.0314692 -0.0
3.0 5.0 0.0311094 -0.0
3.0 5.0 0.030965 -0.0
3.0 5.0 0.0305912 -0.0
3.0 5.0 0.0317342 -0.0
3.0 5.0 0.0260731 -0.0
3.0 5.0 0.0270854 -0.0
3.0 5.0 0.0277629 -0.0
3.0 5.0 0.0303849 -0.0
3.0 5.0 0.0266248 -0.0
3.0 5.0 0.0261137 -0.0
3.0 5.0 0.0257017 -0.0
3.0 5.0 0.0307489 -0.0
3.0 5.0 0.0276194 -0.0
3.0 5.0 0.0210219 -0.0
3.0 5.0 0.0262032 -0.0
3.0 6.0 0.0302345 -0.0
3.0 6.0 0.0297227 -0.0
3.0 6.0 0.0290875 -0.0
3.0 6.0 0.0249682 -0.0
3.0 6.0 0.0276239 -0.0
3.0 6.0 0.0242161 -0.0
3.0 6.0 0.0294838 -0.0
3.0 6.0 0.0224696 -0.0
3.0 6.0 0.0254653 -0.0
3.0 6.0 0.0294474 -0.0
3.0 6.0 0.0298564 -0.0
3.0 6.0 0.0279435 -0.0
3.0 6.0 0.0295018 -0.0
3.0 6.0 0.0296316 -0.0
3.0 6.0 0.0311407 -0.0
3.0 6.0 0.0255091 -0.0
3.0 6.0 0.0247458 -0.0
3.0 6.0 0.0260875 -0.0
3.0 6.0 0.0316486 -0.0
3.0 6.0 0.0262995 -0.0
3.0 6.0 0.0253559 -0.0
3.0 6.0 0.0359924 -0.0
3.0 6.0 0.0330822 -0.0
3.0 6.0 0.0262086 -0.0
3.0 6.0 0.0293032 -0.0
3.0 6.0 0.0294485 -0.0
3.0 6.0 0.0323401 -0.0
3.0 6.0 0.0285437 -0.0
3.0 6.0 0.0254028 -0.0
3.0 6.0 0.0261591 -0.0
3.0 6.0 0.0272393 -0.0
3.0 6.0 0.0287845 -0.0
3.0 6.0 0.0275025 -0.0
3.0 6.0 0.0306228 -0.0
3.0 6.0 0.0288216 -0.0
3.0 6.0 0.0294245 -0.0
3.0 6.0 0.0261652 -0.0
3.0 6.0 0.0335874 -0.0
3.0 6.0 0.0276651 -0.0
3.0 6.0 0.0292649 -0.0
3.0 6.0 0.0360889 -0.0
3.0 6.0 0.0672111 -0.0
3.0 6.0 0.0250355 -0.0
3.0 6.0 0.0249194 -0.0
3.0 6.0 0.0251754 -0.0
3.0 6.0 0.0263766 -0.0
3.0 6.0 0.0257363 -0.0
3.0 6.0 0.0254869 -0.0
3.0 6.0 0.0250899 -0.0
3.0 6.0 0.0256659 -0.0
3.0 7.0 0.0244404 -0.0
3.0 7.0 0.0259359 -0.0
3.0 7.0 0.0284519 -0.0
3.0 7.0 0.0315371 -0.0
3.0 7.0 0.0280304 -0.0
3.0 7.0 0.0337717 -0.0
3.0 7.0 0.0274425 -0.0
3.0 7.0 0.0237448 -0.0
3.0 7.0 0.0283957 -0.0
3.0 7.0 0.0263069 -0.0
3.0 7.0 0.0276364 -0.0
3.0 7.0 0.0261611 -0.0
3.0 7.0 0.0264602 -0.0
3.0 7.0 0.0258581 -0.0
3.0 7.0 0.0247522 -0.0
3.0 7.0 0.0240638 -0.0
3.0 7.0 0.0281596 -0.0
3.0 7.0 0.0251903 -0.0
3.0 7.0 0.0264616 -0.0
3.0 7.0 0.0252122 -0.0
3.0 7.0 0.0305933 -0.0
3.0 7.0 0.0260632 -0.0
3.0 7.0 0.0276092 -0.0
3.0 7.0 0.025553 -0.0
3.0 7.0 0.023707 -0.0
3.0 7.0 0.0271866 -0.0
3.0 7.0 0.0275379 -0.0
3.0 7.0 0.0303254 -0.0
3.0 7.0 0.0250884 -0.0
3.0 7.0 0.033606 -0.0
3.0 7.0 0.0286102 -0.0
3.0 7.0 0.0287969 -0.0
3.0 7.0 0.0334526 -0.0
3.0 7.0 0.0260226 -0.0
3.0 7.0 0.0272977 -0.0
3.0 7.0 0.0221073 -0.0
3.0 7.0 0.0245077 -0.0
3.0 7.0 0.0254786 -0.0
3.0 7.0 0.0270803 -0.0
3.0 7.0 0.0247281 -0.0
3.0 7.0 0.024916 -0.0
3.0 7.0 0.0256235 -0.0
3.0 7.0 0.0340336 -0.0
3.0 7.0 0.0316738 -0.0
3.0 7.0 0.0319203 -0.0
3.0 7.0 0.0231516 -0.0
3.0 7.0 0.0297686 -0.0
3.0 7.0 0.0240293 -0.0
3.0 7.0 0.0235243 -0.0
3.0 7.0 0.0265839 -0.0
3.0 8.0 0.0248691 -0.0
3.0 8.0 0.0263877 -0.0
3.0 8.0 0.0261352 -0.0
3.0 8.0 0.0253203 -0.994959
3.0 8.0 0.0260427 -0.0
3.0 8.0 0.02525 -0.0
3.0 8.0 0.0257806 -0.0
3.0 8.0 0.0232824 -0.0
3.0 8.0 0.025933 -0.0
3.0 8.0 0.0284782 -0.0
3.0 8.0 0.0254543 -0.0
3.0 8.0 0.0296124 -0.0
3.0 8.0 0.0258436 -0.0
3.0 8.0 0.0257825 -0.0
3.0 8.0 0.0259413 -0.0
3.0 8.0 0.0262895 -0.0
3.0 8.0 0.0255668 -0.0
3.0 8.0 0.0252812 -0.0
3.0 8.0 0.0248998 -0.0
3.0 8.0 0.0242569 -0.0
3.0 8.0 0.026969 -0.0
3.0 8.0 0.025631 -0.0
3.0 8.0 0.0253568 -0.0
3.0 8.0 0.0254807 -0.0
3.0 8.0 0.0228697 -0.0
3.0 8.0 0.0264022 -0.0
3.0 8.0 0.0263728 -0.0
3.0 8.0 0.029165 -0.0
3.0 8.0 0.0250016 -0.0
3.0 8.0 0.0254569 -0.0
3.0 8.0 0.0229233 -0.0
3.0 8.0 0.0279987 -0.0
3.0 8.0 0.037996 -0.0
3.0 8.0 0.0273608 -0.0
3.0 8.0 0.0227482 -0.0
3.0 8.0 0.0250988 -0.0
3.0 8.0 0.0257225 -0.0
3.0 8.0 0.0256506 -0.0
3.0 8.0 0.0256778 -0.0
3.0 8.0 0.0263883 -0.0
3.0 8.0 0.0254888 -0.0
3.0 8.0 0.0264359 -0.0
3.0 8.0 0.0277644 -0.0
3.0 8.0 0.0332063 -0.0
3.0 8.0 0.0236915 -0.0
3.0 8.0 0.0284256 -0.0
3.0 8.0 0.0228319 -0.0
3.0 8.0 0.0249749 -0.0
3.0 8.0 0.0263728 -0.0
3.0 8.0 0.0334491 -0.0
4.0 1.0 3.31464 99.9844
4.0 1.0 2.75226 99.9827
4.0 1.0 1.65368 99.9981
4.0 1.0 2.05956 99.9686
4.0 1.0 2.90212 99.9864
4.0 1.0 1.5197 99.9739
4.0 1.0 1.56299 99.9816
4.0 1.0 2.77193 99.9633
4.0 1.0 2.55678 99.9927
4.0 1.0 1.5802 99.9874
4.0 1.0 1.56221 99.9858
4.0 1.0 2.60246 99.964
4.0 1.0 3.16319 99.9904
4.0 1.0 1.58079 99.991
4.0 1.0 1.74164 99.9851
4.0 1.0 1.75729 99.9799
4.0 1.0 1.64081 99.9974
4.0 1.0 1.72703 99.9986
4.0 1.0 1.50787 99.9769
4.0 1.0 0.510694 99.9959
4.0 1.0 0.48733 99.95
4.0 1.0 2.52539 99.9762
4.0 1.0 2.56774 99.9908
4.0 1.0 1.86551 99.9851
4.0 1.0 1.74933 99.9827
4.0 1.0 1.64796 99.9892
4.0 1.0 1.17506 99.9633
4.0 1.0 2.77124 99.9613
4.0 1.0 2.90274 99.9746
4.0 1.0 1.62745 99.9961
4.0 1.0 2.46229 99.9739
4.0 1.0 3.1004 99.9851
4.0 1.0 2.87438 99.9851
4.0 1.0 2.04991 99.9837
4.0 1.0 1.44753 99.9695
4.0 1.0 1.82068 99.9669
4.0 1.0 1.76844 99.9996
4.0 1.0 1.87394 99.9466
4.0 1.0 1.53175 99.9962
4.0 1.0 4.01676 99.9772
4.0 1.0 2.1112 99.9784
4.0 1.0 3.5229 99.9783
4.0 1.0 3.42447 99.9746
4.0 1.0 1.59431 99.9851
4.0 1.0 3.10542 99.9966
4.0 1.0 0.524356 99.9762
4.0 1.0 0.525791 99.9651
4.0 1.0 1.89605 99.9613
4.0 1.0 1.62357 99.989
4.0 1.0 1.29505 99.9864
4.0 2.0 0.326819 99.9971
4.0 2.0 2.12394 99.9661
4.0 2.0 0.973061 99.9935
4.0 2.0 1.97089 99.9589
4.0 2.0 1.03988 99.9845
4.0 2.0 0.318855 99.9539
4.0 2.0 2.04573 99.9546
4.0 2.0 0.339583 99.9872
4.0 2.0 1.05455 99.9546
4.0 2.0 0.361314 99.9972
4.0 2.0 1.56646 99.9852
4.0 2.0 0.324887 99.9562
4.0 2.0 0.315546 99.9825
4.0 2.0 1.9123 99.981
4.0 2.0 0.176233 99.9901
4.0 2.0 0.995035 99.958
4.0 2.0 1.01634 99.9802
4.0 2.0 2.35682 99.9853
4.0 2.0 1.53034 99.9911
4.0 2.0 1.32477 99.9106
4.0 2.0 1.24963 99.9853
4.0 2.0 1.47197 99.9673
4.0 2.0 0.189545 99.9515
4.0 2.0 0.327955 99.9752
4.0 2.0 0.357282 99.975
4.0 2.0 1.80982 99.9929
4.0 2.0 0.334234 99.9944
4.0 2.0 2.03956 99.9938
4.0 2.0 1.45408 99.9762
4.0 2.0 0.333457 99.9662
4.0 2.0 1.01534 99.979
4.0 2.0 1.72958 99.9762
4.0 2.0 0.927329 99.9834
4.0 2.0 0.83775 99.9185
4.0 2.0 0.902506 99.9747
4.0 2.0 1.37514 99.9941
4.0 2.0 0.915431 99.977
4.0 2.0 1.72571 99.9515
4.0 2.0 0.904168 99.9659
4.0 2.0 1.53675 99.9962
4.0 2.0 0.362979 99.9996
4.0 2.0 1.45548 99.9478
4.0 2.0 0.335071 99.9812
4.0 2.0 0.928683 99.9772
4.0 2.0 1.67635 99.9904
4.0 2.0 0.798448 99.9752
4.0 2.0 0.920565 99.9762
4.0 2.0 0.938768 99.9558
4.0 2.0 0.348405 99.9966
4.0 2.0 0.939303 99.9986
4.0 3.0 0.780471 99.9062
4.0 3.0 2.04938 99.9815
4.0 3.0 0.930607 99.9752
4.0 3.0 1.4566 99.934
4.0 3.0 0.921918 99.9361
4.0 3.0 1.25236 99.9156
4.0 3.0 1.01314 99.9846
4.0 3.0 1.89167 99.9643
4.0 3.0 1.11749 99.9758
4.0 3.0 1.25335 99.9062
4.0 3.0 1.03214 99.9877
4.0 3.0 2.30136 99.974
4.0 3.0 1.0357 99.9766
4.0 3.0 0.206982 99.9515
4.0 3.0 1.60314 99.9515
4.0 3.0 1.11111 99.9745
4.0 3.0 1.05801 99.9456
4.0 3.0 1.53634 99.9618
4.0 3.0 1.23797 99.9472
4.0 3.0 1.34561 99.9515
4.0 3.0 1.07488 99.9927
4.0 3.0 1.5678 99.9954
4.0 3.0 1.15478 99.9062
4.0 3.0 1.32063 99.9596
4.0 3.0 1.37164 99.9546
4.0 3.0 1.4414 99.9674
4.0 3.0 0.999198 99.9752
4.0 3.0 0.967576 99.9951
4.0 3.0 1.66535 99.9365
4.0 3.0 1.09747 99.984
4.0 3.0 1.23858 99.9922
4.0 3.0 0.85432 99.9718
4.0 3.0 1.3385 99.9515
4.0 3.0 0.614566 99.9813
4.0 3.0 0.224089 99.9993
4.0 3.0 1.31836 99.9947
4.0 3.0 0.740507 99.9978
4.0 3.0 1.11284 99.9995
4.0 3.0 1.12536 99.9775
4.0 3.0 1.55608 99.9752
4.0 3.0 2.27087 99.9728
4.0 3.0 0.870659 99.9926
4.0 3.0 0.928152 99.9719
4.0 3.0 1.03354 99.9149
4.0 3.0 0.919987 99.987
4.0 3.0 0.945849 99.9737
4.0 3.0 1.116 99.8686
4.0 3.0 0.19825 99.9651
4.0 3.0 1.25635 99.9781
4.0 3.0 0.867837 99.9647
4.0 4.0 0.965357 99.9048
4.0 4.0 0.143775 99.9106
4.0 4.0 0.484081 99.9976
4.0 4.0 0.974298 99.9084
4.0 4.0 0.687501 99.9752
4.0 4.0 0.853137 99.9546
4.0 4.0 0.699507 99.9546
4.0 4.0 0.907467 99.9517
4.0 4.0 1.26999 99.9621
4.0 4.0 1.00461 99.9648
4.0 4.0 0.859599 99.8663
4.0 4.0 1.88508 99.9621
4.0 4.0 1.15695 99.9932
4.0 4.0 1.44934 99.9546
4.0 4.0 1.19315 99.9752
4.0 4.0 0.565767 99.9515
4.0 4.0 2.06764 99.9708
4.0 4.0 1.46656 99.9979
4.0 4.0 1.03659 99.9276
4.0 4.0 0.918683 99.9753
4.0 4.0 0.768084 99.9651
4.0 4.0 0.507275 99.9307
4.0 4.0 1.49105 99.8404
4.0 4.0 1.21166 99.9127
4.0 4.0 0.98103 99.9634
4.0 4.0 2.35313 99.971
4.0 4.0 0.877978 99.924
4.0 4.0 1.89828 99.9791
4.0 4.0 0.868316 99.9603
4.0 4.0 0.909922 99.9539
4.0 4.0 0.941046 99.9546
4.0 4.0 0.145757 99.9546
4.0 4.0 0.953851 99.9557
4.0 4.0 1.42645 99.9585
4.0 4.0 0.131938 99.924
4.0 4.0 0.874164 99.9579
4.0 4.0 1.0702 99.9762
4.0 4.0 0.784785 99.9622
4.0 4.0 2.0552 99.952
4.0 4.0 1.24764 99.9887
4.0 4.0 1.00085 99.9859
4.0 4.0 1.17124 99.9923
4.0 4.0 0.958444 99.9515
4.0 4.0 1.00882 99.9546
4.0 4.0 1.01771 99.8862
4.0 4.0 0.671315 99.9998
4.0 4.0 0.967043 99.9762
4.0 4.0 0.800116 99.9048
4.0 4.0 0.805932 99.9933
4.0 4.0 0.883486 99.9955
4.0 5.0 0.132505 99.9691
4.0 5.0 0.111367 99.9762
4.0 5.0 0.11574 99.9515
4.0 5.0 0.109402 99.9924
4.0 5.0 0.613582 99.9907
4.0 5.0 0.116228 99.9923
4.0 5.0 0.111827 99.999
4.0 5.0 1.99893 99.9936
4.0 5.0 0.137399 99.989
4.0 5.0 0.115182 99.9541
4.0 5.0 0.728585 99.9546
4.0 5.0 0.628584 99.9991
4.0 5.0 1.80884 99.9752
4.0 5.0 0.114447 99.9515
4.0 5.0 0.112686 99.986
4.0 5.0 1.13068 99.9989
4.0 5.0 0.56453 99.975
4.0 5.0 0.561084 99.997
4.0 5.0 0.113037 99.9996
4.0 5.0 0.117214 99.9578
4.0 5.0 0.117914 99.9515
4.0 5.0 0.112504 99.9992
4.0 5.0 0.110355 99.9897
4.0 5.0 0.120985 99.9515
4.0 5.0 0.11654 99.9677
4.0 5.0 0.120407 99.9876
4.0 5.0 0.114388 99.8613
4.0 5.0 0.573047 99.9515
4.0 5.0 0.810559 99.9374
4.0 5.0 0.114228 99.9879
4.0 5.0 0.142795 99.9752
4.0 5.0 0.109157 99.9729
4.0 5.0 0.638061 99.9486
4.0 5.0 0.112446 99.9546
4.0 5.0 0.113882 99.9816
4.0 5.0 0.110421 99.9546
4.0 5.0 0.105679 99.924
4.0 5.0 1.16901 99.9669
4.0 5.0 0.630378 99.9515
4.0 5.0 0.136018 99.9546
4.0 5.0 3.8497 99.9842
4.0 5.0 10.5159 99.9597
4.0 5.0 10.2842 99.8937
4.0 5.0 8.23795 99.9537
4.0 5.0 8.79528 99.9792
4.0 5.0 10.5337 99.9934
4.0 5.0 12.1371 99.9762
4.0 5.0 12.4723 99.9665
4.0 5.0 12.6444 99.9689
4.0 5.0 12.8532 99.9957
4.0 6.0 0.105722 99.9579
4.0 6.0 0.661333 99.9735
4.0 6.0 0.106494 99.9515
4.0 6.0 0.107232 99.9515
4.0 6.0 0.10806 99.8613
4.0 6.0 0.104387 99.8579
4.0 6.0 0.534761 99.9921
4.0 6.0 0.806412 99.9779
4.0 6.0 0.594517 99.9515
4.0 6.0 0.107189 99.9385
4.0 6.0 0.105829 99.9814
4.0 6.0 1.41262 99.9899
4.0 6.0 0.133721 99.9329
4.0 6.0 0.0965193 99.9515
4.0 6.0 0.791651 99.9452
4.0 6.0 0.0920521 99.9687
4.0 6.0 0.108376 99.827
4.0 6.0 0.0943806 99.8378
4.0 6.0 0.118388 99.9976
4.0 6.0 0.104855 99.932
4.0 6.0 0.110181 99.9555
4.0 6.0 0.107139 99.9546
4.0 6.0 0.108334 99.924
4.0 6.0 0.103381 99.9156
4.0 6.0 0.104143 99.9392
4.0 6.0 0.110985 99.9491
4.0 6.0 0.0943334 99.9752
4.0 6.0 3.5466 99.9433
4.0 6.0 0.604312 99.9898
4.0 6.0 0.11023 99.9422
4.0 6.0 0.0922067 99.7965
4.0 6.0 0.107625 99.9752
4.0 6.0 0.103572 99.9911
4.0 6.0 0.108236 99.9707
4.0 6.0 0.106299 99.9211
4.0 6.0 0.132514 99.9515
4.0 6.0 0.557825 99.9638
4.0 6.0 5.89434 99.9893
4.0 6.0 0.106548 99.9557
4.0 6.0 0.0943039 99.9752
4.0 6.0 5.7077 99.9762
4.0 6.0 5.6735 99.9752
4.0 6.0 5.25255 99.9908
4.0 6.0 6.73688 99.9752
4.0 6.0 7.21926 99.8967
4.0 6.0 8.37234 99.9838
4.0 6.0 8.40143 99.9546
4.0 6.0 7.67703 99.9546
4.0 6.0 8.56724 99.9822
4.0 6.0 8.56136 99.9762
4.0 7.0 0.0982418 99.9447
4.0 7.0 0.109309 99.959
4.0 7.0 1.05388 99.9604
4.0 7.0 0.53305 99.883
4.0 7.0 0.0951029 99.9941
4.0 7.0 0.107775 99.9972
4.0 7.0 1.90619 99.8628
4.0 7.0 0.436246 99.9048
4.0 7.0 1.58968 99.9048
4.0 7.0 0.096067 99.9815
4.0 7.0 0.0968381 99.8541
4.0 7.0 0.0912877 99.9515
4.0 7.0 0.113782 99.8902
4.0 7.0 0.0970022 99.9677
4.0 7.0 0.0985843 99.9761
4.0 7.0 2.96736 99.9762
4.0 7.0 0.699386 99.9897
4.0 7.0 0.0975888 99.9515
4.0 7.0 0.095918 99.9546
4.0 7.0 0.093625 99.9835
4.0 7.0 0.0954035 99.9907
4.0 7.0 0.0963115 99.8132
4.0 7.0 0.0960289 99.913
4.0 7.0 0.106323 99.9195
4.0 7.0 0.0932272 99.8383
4.0 7.0 0.0971747 99.9046
4.0 7.0 1.08263 99.9048
4.0 7.0 0.100819 99.9515
4.0 7.0 0.106725 99.9989
4.0 7.0 0.0958442 99.9644
4.0 7.0 4.33873 99.9977
4.0 7.0 5.13678 99.9928
4.0 7.0 0.114975 99.9722
4.0 7.0 0.0961285 99.9762
4.0 7.0 0.630144 99.993
4.0 7.0 1.83336 99.9213
4.0 7.0 4.64686 99.9448
4.0 7.0 0.0953922 99.9824
4.0 7.0 0.0960289 99.9271
4.0 7.0 0.11057 99.9826
4.0 7.0 3.21294 99.9346
4.0 7.0 0.0961112 99.9748
4.0 7.0 0.0937967 99.9752
4.0 7.0 5.62173 99.9048
4.0 7.0 1.60895 99.9515
4.0 7.0 5.86925 99.9879
4.0 7.0 5.19181 99.9752
4.0 7.0 5.88995 99.9264
4.0 7.0 2.04646 99.8145
4.0 7.0 2.04646 99.8145
4.0 8.0 0.0843192 99.9888
4.0 8.0 0.0829363 99.9752
4.0 8.0 0.0816047 99.8628
4.0 8.0 0.0813883 99.8097
4.0 8.0 0.0813883 99.8097
4.0 8.0 0.0813883 99.8097
4.0 8.0 0.0813883 99.8097
4.0 8.0 0.0813883 99.8097
4.0 8.0 0.0813883 99.8097
4.0 8.0 0.0813883 99.8097
4.0 8.0 0.0813883 99.8097
4.0 8.0 0.0813883 99.8097
4.0 8.0 0.0813883 99.8097
4.0 8.0 0.0813883 99.8097
4.0 8.0 0.0813883 99.8097
4.0 8.0 0.0813883 99.8097
4.0 8.0 0.0813883 99.8097
4.0 8.0 0.0813883 99.8097
4.0 8.0 0.0813883 99.8097
4.0 8.0 0.0813883 99.8097
4.0 8.0 0.0813883 99.8097
4.0 8.0 0.0813883 99.8097
4.0 8.0 0.0813883 99.8097
4.0 8.0 0.0813883 99.8097
4.0 8.0 0.0813883 99.8097
4.0 8.0 0.0813883 99.8097
4.0 8.0 0.0813883 99.8097
4.0 8.0 0.0813883 99.8097
4.0 8.0 0.0813883 99.8097
4.0 8.0 0.0813883 99.8097
4.0 8.0 0.0813883 99.8097
4.0 8.0 0.0813883 99.8097
4.0 8.0 0.0813883 99.8097
4.0 8.0 0.0813883 99.8097
4.0 8.0 0.0813883 99.8097
4.0 8.0 0.0813883 99.8097
4.0 8.0 0.0813883 99.8097
4.0 8.0 0.0813883 99.8097
4.0 8.0 0.0813883 99.8097
4.0 8.0 0.0813883 99.8097
4.0 8.0 0.0813883 99.8097
4.0 8.0 0.0813883 99.8097
4.0 8.0 0.0813883 99.8097
4.0 8.0 0.0813883 99.8097
4.0 8.0 0.0813883 99.8097
4.0 8.0 0.0813883 99.8097
4.0 8.0 0.0813883 99.8097
4.0 8.0 0.0813883 99.8097
4.0 8.0 0.0813883 99.8097
4.0 8.0 0.0813883 99.8097
5.0 1.0 56.1887 -20.9406
5.0 1.0 56.7366 -20.797
5.0 1.0 55.6344 -20.9406
5.0 1.0 56.1699 -20.9406
5.0 1.0 55.4092 -20.9406
5.0 1.0 55.7713 -20.9406
5.0 1.0 56.4621 -20.9406
5.0 1.0 56.3497 -20.9406
5.0 1.0 56.1926 -20.9406
5.0 1.0 56.6365 -20.9406
5.0 1.0 55.3885 -20.9406
5.0 1.0 56.1528 -20.9406
5.0 1.0 56.142 -20.9406
5.0 1.0 57.3252 -20.9406
5.0 1.0 55.2021 -20.9406
5.0 1.0 56.6999 -20.9406
5.0 1.0 56.0862 -20.9406
5.0 1.0 56.3344 -20.9406
5.0 1.0 55.3824 -20.797
5.0 1.0 56.1139 -20.9406
5.0 1.0 55.388 -20.797
5.0 1.0 59.6277 -20.797
5.0 1.0 56.0444 -20.9406
5.0 1.0 56.3344 -20.9406
5.0 1.0 56.0493 -20.9406
5.0 1.0 56.1237 -20.9406
5.0 1.0 55.3878 -20.9406
5.0 1.0 55.9595 -20.9406
5.0 1.0 56.3526 -21.0462
5.0 1.0 56.0888 -20.9406
5.0 1.0 56.4347 -20.9406
5.0 1.0 55.3906 -20.9406
5.0 1.0 56.5838 -20.9406
5.0 1.0 55.3326 -20.9406
5.0 1.0 56.2521 -20.9406
5.0 1.0 55.3688 -20.9406
5.0 1.0 55.7285 -20.9406
5.0 1.0 56.3312 -20.9406
5.0 1.0 59.0261 -20.797
5.0 1.0 55.7853 -20.9406
5.0 1.0 55.2403 -20.9406
5.0 1.0 56.8862 -20.9406
5.0 1.0 56.1196 -20.9406
5.0 1.0 56.059 -20.9406
5.0 1.0 56.1799 -20.9406
5.0 1.0 55.9527 -20.9406
5.0 1.0 55.2967 -20.9406
5.0 1.0 55.5881 -20.797
5.0 1.0 55.7721 -20.9406
5.0 1.0 55.3271 -20.9406
5.0 2.0 27.855 -20.9406
5.0 2.0 28.1297 -20.9406
5.0 2.0 28.7102 -20.9406
5.0 2.0 28.1554 -20.9406
5.0 2.0 28.1065 -20.797
5.0 2.0 28.3649 -20.9406
5.0 2.0 29.3592 -20.797
5.0 2.0 27.6933 -20.9406
5.0 2.0 28.3029 -20.9406
5.0 2.0 28.092 -20.9406
5.0 2.0 29.1428 -20.797
5.0 2.0 28.1662 -20.9406
5.0 2.0 28.1974 -21.0462
5.0 2.0 28.3553 -20.9406
5.0 2.0 28.4387 -20.9406
5.0 2.0 27.8619 -20.9406
5.0 2.0 28.1554 -20.9406
5.0 2.0 29.2734 -20.797
5.0 2.0 28.1504 -20.9406
5.0 2.0 29.5349 -20.797
5.0 2.0 28.3476 -20.9406
5.0 2.0 28.4561 -20.9406
5.0 2.0 28.3503 -20.9406
5.0 2.0 28.1812 -20.9406
5.0 2.0 29.4886 -20.9406
5.0 2.0 28.156 -20.9406
5.0 2.0 28.3277 -20.9406
5.0 2.0 29.2775 -20.797
5.0 2.0 27.9854 -20.9406
5.0 2.0 28.0857 -20.9406
5.0 2.0 28.0088 -20.9406
5.0 2.0 29.6079 -20.9406
5.0 2.0 28.0943 -20.797
5.0 2.0 28.1611 -20.9406
5.0 2.0 28.4039 -20.797
5.0 2.0 29.6798 -21.0462
5.0 2.0 28.1342 -20.797
5.0 2.0 28.1998 -20.9406
5.0 2.0 29.567 -20.797
5.0 2.0 27.8484 -21.0462
5.0 2.0 29.6797 -20.797
5.0 2.0 29.6952 -21.0462
5.0 2.0 28.3235 -21.0462
5.0 2.0 28.2786 -20.9406
5.0 2.0 28.2956 -20.9406
5.0 2.0 29.5222 -20.797
5.0 2.0 28.2766 -20.9406
5.0 2.0 29.7519 -20.797
5.0 2.0 27.8856 -20.9406
5.0 2.0 29.3672 -20.797
5.0 3.0 19.4692 -20.7986
5.0 3.0 19.7328 -20.797
5.0 3.0 19.7946 -20.9406
5.0 3.0 19.1487 -20.9406
5.0 3.0 19.5805 -20.9406
5.0 3.0 18.9164 -20.9406
5.0 3.0 18.8499 -20.9406
5.0 3.0 19.3786 -20.9406
5.0 3.0 19.0298 -20.9406
5.0 3.0 19.9241 -20.9406
5.0 3.0 18.8939 -20.9406
5.0 3.0 18.8257 -20.9406
5.0 3.0 18.7702 -20.9406
5.0 3.0 19.639 -20.9406
5.0 3.0 19.4647 -21.0462
5.0 3.0 18.8769 -20.9406
5.0 3.0 19.1018 -20.9406
5.0 3.0 18.8934 -21.0462
5.0 3.0 18.8826 -20.9406
5.0 3.0 19.5905 -20.9406
5.0 3.0 19.4363 -20.9406
5.0 3.0 19.1125 -21.0462
5.0 3.0 19.9049 -20.797
5.0 3.0 18.8588 -20.9406
5.0 3.0 20.1494 -20.797
5.0 3.0 19.0955 -21.0462
5.0 3.0 18.8089 -20.9406
5.0 3.0 19.5467 -20.797
5.0 3.0 19.7903 -20.797
5.0 3.0 19.877 -20.797
5.0 3.0 18.8335 -20.9406
5.0 3.0 18.9084 -20.9406
5.0 3.0 18.9105 -20.9406
5.0 3.0 19.6259 -21.0462
5.0 3.0 19.4708 -20.9406
5.0 3.0 19.8482 -20.797
5.0 3.0 19.4126 -20.797
5.0 3.0 19.0642 -20.9406
5.0 3.0 19.0242 -20.9406
5.0 3.0 18.8613 -20.9406
5.0 3.0 18.9554 -20.9406
5.0 3.0 18.8482 -20.9406
5.0 3.0 18.8718 -21.0462
5.0 3.0 20.1297 -20.797
5.0 3.0 18.9943 -20.9406
5.0 3.0 18.582 -20.9406
5.0 3.0 19.4714 -20.9406
5.0 3.0 19.6967 -20.8265
5.0 3.0 18.9357 -21.0462
5.0 3.0 19.5733 -21.0462
5.0 4.0 14.1689 -20.9406
5.0 4.0 14.1099 -20.9406
5.0 4.0 14.1931 -20.9406
5.0 4.0 14.7962 -20.797
5.0 4.0 14.7143 -21.0462
5.0 4.0 14.1283 -20.9406
5.0 4.0 14.2581 -20.9406
5.0 4.0 14.1386 -20.9406
5.0 4.0 14.2552 -20.9406
5.0 4.0 14.2534 -21.0462
5.0 4.0 14.7754 -20.9406
5.0 4.0 14.8093 -20.797
5.0 4.0 14.3732 -20.9406
5.0 4.0 14.5506 -20.9406
5.0 4.0 14.1953 -20.9406
5.0 4.0 14.9204 -20.9406
5.0 4.0 14.8473 -20.8265
5.0 4.0 13.8363 -20.9406
5.0 4.0 14.0625 -20.9406
5.0 4.0 14.2731 -20.9406
5.0 4.0 14.8244 -20.9406
5.0 4.0 15.0101 -21.0462
5.0 4.0 14.1835 -20.9406
5.0 4.0 14.1016 -20.9406
5.0 4.0 14.0677 -20.9406
5.0 4.0 15.2474 -20.797
5.0 4.0 14.0905 -20.9406
5.0 4.0 14.1212 -20.9406
5.0 4.0 14.7177 -20.9406
5.0 4.0 14.1072 -20.9406
5.0 4.0 14.8321 -21.0462
5.0 4.0 14.731 -20.797
5.0 4.0 14.1486 -20.9406
5.0 4.0 14.8509 -21.0462
5.0 4.0 14.7811 -20.797
5.0 4.0 14.2361 -21.0462
5.0 4.0 14.7369 -20.797
5.0 4.0 14.5983 -21.0462
5.0 4.0 14.7074 -20.9406
5.0 4.0 14.1926 -20.9406
5.0 4.0 14.8731 -20.797
5.0 4.0 15.2115 -20.9406
5.0 4.0 14.745 -20.9406
5.0 4.0 14.6866 -21.0462
5.0 4.0 14.2214 -20.9406
5.0 4.0 14.9634 -20.9406
5.0 4.0 14.1547 -20.9406
5.0 4.0 13.7479 -20.9406
5.0 4.0 14.5894 -21.0462
5.0 4.0 14.0713 -21.0462
5.0 5.0 10.9618 -20.9406
5.0 5.0 10.9539 -20.9406
5.0 5.0 11.9524 -20.9406
5.0 5.0 11.0277 -20.9406
5.0 5.0 11.3818 -21.0462
5.0 5.0 11.008 -21.0462
5.0 5.0 11.2361 -21.0462
5.0 5.0 12.3422 -21.0462
5.0 5.0 11.0213 -20.9406
5.0 5.0 11.6676 -21.0462
5.0 5.0 11.6799 -20.8009
5.0 5.0 11.0255 -20.9406
5.0 5.0 11.2561 -20.9406
5.0 5.0 11.04 -20.797
5.0 5.0 11.3135 -20.9406
5.0 5.0 11.7715 -20.9406
5.0 5.0 11.7103 -20.797
5.0 5.0 11.2791 -20.9406
5.0 5.0 11.7196 -20.9406
5.0 5.0 15.1955 -20.9406
5.0 5.0 12.3598 -20.797
5.0 5.0 12.3788 -21.0462
5.0 5.0 11.1236 -20.9406
5.0 5.0 11.1036 -20.9406
5.0 5.0 11.7655 -20.9406
5.0 5.0 11.8378 -20.9406
5.0 5.0 11.2366 -20.9406
5.0 5.0 11.3475 -20.797
5.0 5.0 11.8767 -21.0462
5.0 5.0 11.1677 -20.9406
5.0 5.0 11.2661 -20.9406
5.0 5.0 11.8029 -21.0462
5.0 5.0 10.9665 -20.9406
5.0 5.0 11.9714 -20.9406
5.0 5.0 12.0065 -20.9406
5.0 5.0 11.4455 -20.9406
5.0 5.0 10.9495 -20.9406
5.0 5.0 12.069 -20.9406
5.0 5.0 10.9526 -20.9406
5.0 5.0 11.8447 -20.797
5.0 5.0 11.9862 -20.9406
5.0 5.0 11.863 -20.9406
5.0 5.0 11.8645 -20.9406
5.0 5.0 11.0317 -21.0462
5.0 5.0 11.9226 -21.0462
5.0 5.0 11.2879 -20.9406
5.0 5.0 11.2907 -20.9406
5.0 5.0 11.7585 -21.0462
5.0 5.0 12.0173 -20.9406
5.0 5.0 11.8945 -20.9406
5.0 6.0 9.55921 -21.0462
5.0 6.0 9.68974 -21.0462
5.0 6.0 9.88177 -21.0462
5.0 6.0 9.96098 -20.9406
5.0 6.0 9.30547 -20.9406
5.0 6.0 9.36404 -20.797
5.0 6.0 9.35871 -20.797
5.0 6.0 9.68561 -20.797
5.0 6.0 9.67425 -20.9406
5.0 6.0 9.75608 -21.0462
5.0 6.0 9.30749 -21.0462
5.0 6.0 9.46403 -20.9406
5.0 6.0 9.52187 -20.9406
5.0 6.0 10.1473 -20.9406
5.0 6.0 10.0967 -20.9406
5.0 6.0 9.63764 -20.9406
5.0 6.0 10.0808 -20.797
5.0 6.0 9.71314 -21.0462
5.0 6.0 9.5786 -21.0462
5.0 6.0 9.72734 -20.9406
5.0 6.0 9.82961 -21.0462
5.0 6.0 10.2732 -20.9406
5.0 6.0 10.0388 -20.9406
5.0 6.0 9.8515 -20.797
5.0 6.0 10.1247 -20.797
5.0 6.0 10.2063 -21.0462
5.0 6.0 10.1454 -20.9406
5.0 6.0 9.87836 -20.9406
5.0 6.0 9.30309 -20.9406
5.0 6.0 9.70481 -20.9406
5.0 6.0 9.54565 -20.9406
5.0 6.0 9.80822 -20.9406
5.0 6.0 9.54838 -20.9406
5.0 6.0 9.68279 -20.9406
5.0 6.0 9.37684 -20.797
5.0 6.0 9.79037 -20.9406
5.0 6.0 9.84481 -21.0462
5.0 6.0 10.1021 -20.797
5.0 6.0 9.36839 -20.9406
5.0 6.0 9.7532 -21.0462
5.0 6.0 9.79275 -21.0462
5.0 6.0 9.5482 -20.8151
5.0 6.0 9.52791 -21.0462
5.0 6.0 10.0797 -20.797
5.0 6.0 10.2142 -20.9406
5.0 6.0 9.2977 -21.0462
5.0 6.0 9.68132 -20.9406
5.0 6.0 9.95153 -21.0462
5.0 6.0 10.0082 -20.8265
5.0 6.0 10.3689 -21.0462
5.0 7.0 8.6549 -20.9406
5.0 7.0 8.68688 -20.797
5.0 7.0 8.80931 -21.0462
5.0 7.0 8.12896 -20.9406
5.0 7.0 8.33118 -20.9406
5.0 7.0 8.62518 -20.9406
5.0 7.0 8.95118 -20.8265
5.0 7.0 8.60559 -20.9406
5.0 7.0 8.80968 -20.9406
5.0 7.0 8.23515 -21.0462
5.0 7.0 8.48645 -20.9406
5.0 7.0 8.62263 -21.0462
5.0 7.0 8.8677 -20.9406
5.0 7.0 8.12569 -21.0462
5.0 7.0 8.19926 -20.9406
5.0 7.0 8.24167 -20.9406
5.0 7.0 8.87399 -21.0462
5.0 7.0 8.33757 -20.9406
5.0 7.0 8.41572 -20.9406
5.0 7.0 8.59602 -21.0462
5.0 7.0 8.91034 -21.0462
5.0 7.0 8.81439 -20.797
5.0 7.0 8.48836 -20.9406
5.0 7.0 8.73687 -20.797
5.0 7.0 8.3279 -20.9406
5.0 7.0 8.40017 -21.0462
5.0 7.0 8.33515 -20.9406
5.0 7.0 8.79748 -21.0462
5.0 7.0 8.12098 -20.9406
5.0 7.0 8.38377 -20.9406
5.0 7.0 8.09479 -20.9406
5.0 7.0 9.11984 -20.9406
5.0 7.0 8.33637 -21.0462
5.0 7.0 8.72488 -20.9406
5.0 7.0 8.12147 -20.9406
5.0 7.0 8.14521 -20.8121
5.0 7.0 8.68327 -21.0462
5.0 7.0 8.86965 -20.9406
5.0 7.0 8.14258 -20.797
5.0 7.0 8.78718 -21.0462
5.0 7.0 8.54451 -21.0462
5.0 7.0 8.39646 -20.9406
5.0 7.0 8.45138 -20.9406
5.0 7.0 8.91319 -21.0462
5.0 7.0 8.67765 -20.9406
5.0 7.0 8.31958 -20.9406
5.0 7.0 8.69108 -20.797
5.0 7.0 8.36651 -20.9406
5.0 7.0 8.31518 -21.0462
5.0 7.0 8.24285 -20.9406
5.0 7.0 8.24285 -20.9406
5.0 7.0 8.24285 -20.9406
5.0 7.0 8.24285 -20.9406
5.0 7.0 8.24285 -20.9406
5.0 7.0 8.24285 -20.9406
5.0 7.0 8.24285 -20.9406
5.0 7.0 8.24285 -20.9406
5.0 7.0 8.24285 -20.9406
5.0 7.0 8.24285 -20.9406
5.0 7.0 8.24285 -20.9406
5.0 7.0 8.24285 -20.9406
5.0 7.0 8.24285 -20.9406
5.0 7.0 8.24285 -20.9406
5.0 7.0 8.24285 -20.9406
5.0 7.0 8.24285 -20.9406
5.0 7.0 8.24285 -20.9406
5.0 7.0 8.24285 -20.9406
5.0 7.0 8.24285 -20.9406
5.0 7.0 8.24285 -20.9406
5.0 7.0 8.24285 -20.9406
5.0 7.0 8.24285 -20.9406
5.0 7.0 8.24285 -20.9406
5.0 7.0 8.24285 -20.9406
5.0 7.0 8.24285 -20.9406
5.0 7.0 8.24285 -20.9406
5.0 7.0 8.24285 -20.9406
5.0 7.0 8.24285 -20.9406
5.0 7.0 8.24285 -20.9406
5.0 7.0 8.24285 -20.9406
5.0 7.0 8.24285 -20.9406
5.0 7.0 8.24285 -20.9406
5.0 7.0 8.24285 -20.9406
5.0 7.0 8.24285 -20.9406
5.0 7.0 8.24285 -20.9406
5.0 7.0 8.24285 -20.9406
5.0 7.0 8.24285 -20.9406
5.0 7.0 8.24285 -20.9406
5.0 7.0 8.24285 -20.9406
5.0 7.0 8.24285 -20.9406
5.0 7.0 8.24285 -20.9406
5.0 7.0 8.24285 -20.9406
5.0 7.0 8.24285 -20.9406
5.0 7.0 8.24285 -20.9406
5.0 7.0 8.24285 -20.9406
5.0 7.0 8.24285 -20.9406
5.0 7.0 8.24285 -20.9406
5.0 7.0 8.24285 -20.9406
5.0 7.0 8.24285 -20.9406
5.0 7.0 8.24285 -20.9406
5.0 7.0 8.24285 -20.9406
