0.0 1.0 0.0791097 -0.0
0.0 1.0 0.0776205 -0.0
0.0 1.0 0.0796473 -0.0
0.0 1.0 0.0837296 -0.0
0.0 1.0 0.0800217 -0.0
0.0 1.0 0.0747793 -0.0
0.0 1.0 0.0833434 -0.0
0.0 1.0 0.0834943 -0.0
0.0 1.0 0.0799552 -0.0
0.0 1.0 0.078837 -0.0
0.0 1.0 0.119453 -0.0
0.0 1.0 0.0737645 -0.0
0.0 1.0 0.0802473 -0.0
0.0 1.0 0.0755123 -0.0
0.0 1.0 0.096115 -0.0
0.0 1.0 0.0795704 -0.0
0.0 1.0 0.0751169 -0.0
0.0 1.0 0.0828586 -0.0
0.0 1.0 0.0806173 -0.0
0.0 1.0 0.0775992 -0.0
0.0 1.0 0.0847816 -0.0
0.0 1.0 0.0908514 -0.0
0.0 1.0 0.0782807 -0.0
0.0 1.0 0.105779 -0.0
0.0 1.0 0.0936352 -0.0
0.0 1.0 0.093541 -0.0
0.0 1.0 0.0903918 -0.0
0.0 1.0 0.0791783 -0.0
0.0 1.0 0.0789002 -0.0
0.0 1.0 0.0951037 -0.0
0.0 1.0 0.0794127 -0.0
0.0 1.0 0.0856581 -0.0
0.0 1.0 0.0779137 -0.0
0.0 1.0 0.08021 -0.0
0.0 1.0 0.0803572 -0.0
0.0 1.0 0.0786251 -0.0
0.0 1.0 0.0811852 -0.0
0.0 1.0 0.0894177 -0.0
0.0 1.0 0.0811749 -0.0
0.0 1.0 0.0853427 -0.0
0.0 1.0 0.0781043 -0.0
0.0 1.0 0.0949585 -0.0
0.0 1.0 0.0905129 -0.0
0.0 1.0 0.092589 -0.0
0.0 1.0 0.0800825 -0.0
0.0 1.0 0.0739222 -0.0
0.0 1.0 0.0764726 -0.0
0.0 1.0 0.0784911 -0.0
0.0 1.0 0.0802172 -0.0
0.0 1.0 0.0798128 -0.0
0.0 2.0 0.147372 -0.00739601
0.0 2.0 0.0869793 -0.0
0.0 2.0 0.140868 -0.0
0.0 2.0 0.0518715 -0.0
0.0 2.0 0.0471896 -0.0
0.0 2.0 0.138428 -0.0
0.0 2.0 0.0564132 -0.0
0.0 2.0 0.0841679 -0.0
0.0 2.0 0.0465042 -0.0
0.0 2.0 0.0907093 -0.0
0.0 2.0 0.086925 -0.0
0.0 2.0 0.143952 -0.0
0.0 2.0 0.045474 -0.0
0.0 2.0 0.0519002 -0.0
0.0 2.0 0.0489277 -0.0
0.0 2.0 0.044341 -0.0
0.0 2.0 0.0540995 -0.0
0.0 2.0 0.0541664 -0.0
0.0 2.0 0.0643378 -0.0
0.0 2.0 0.0654647 -0.0
0.0 2.0 0.0493618 -0.0
0.0 2.0 0.0498635 -0.0
0.0 2.0 0.0437145 -0.0
0.0 2.0 0.0488325 -0.0
0.0 2.0 0.0862785 -0.0
0.0 2.0 0.0948382 -0.0
0.0 2.0 0.048225 -0.0
0.0 2.0 0.050834 -0.0
0.0 2.0 0.0844877 -0.0
0.0 2.0 0.0931291 -0.0
0.0 2.0 0.0469211 -0.0
0.0 2.0 0.0845966 -0.0
0.0 2.0 0.0875188 -0.0
0.0 2.0 0.0508208 -0.0
0.0 2.0 0.0704304 -0.0
0.0 2.0 0.0482463 -0.0
0.0 2.0 0.0523462 -0.0
0.0 2.0 0.135641 -0.00739601
0.0 2.0 0.0488656 -0.0
0.0 2.0 0.137543 -0.0
0.0 2.0 0.0476141 -0.0
0.0 2.0 0.0879394 -0.0
0.0 2.0 0.042203 -0.0
0.0 2.0 0.092253 -0.0
0.0 2.0 0.0444967 -0.0
0.0 2.0 0.0545462 -0.0
0.0 2.0 0.0399833 -0.0
0.0 2.0 0.0500545 -0.0
0.0 2.0 0.0526843 -0.0
0.0 2.0 0.0475345 -0.0
0.0 3.0 0.0380858 -0.0
0.0 3.0 0.0435157 -0.0
0.0 3.0 0.0431563 -0.0
0.0 3.0 0.038655 -0.0
0.0 3.0 0.0369191 -0.0
0.0 3.0 0.0492801 -0.00739601
0.0 3.0 0.0508584 -0.00739601
0.0 3.0 0.0364026 -0.0
0.0 3.0 0.0338159 -0.0
0.0 3.0 0.0487801 -0.00739601
0.0 3.0 0.0389487 -0.0
0.0 3.0 0.044195 -0.0
0.0 3.0 0.0405819 -0.0
0.0 3.0 0.0372878 -0.0
0.0 3.0 0.0396031 -0.0
0.0 3.0 0.0472567 -0.0
0.0 3.0 0.0434963 -0.0
0.0 3.0 0.038316 -0.0
0.0 3.0 0.0520791 -0.0
0.0 3.0 0.0378982 -0.0
0.0 3.0 0.0432258 -0.0
0.0 3.0 0.0413136 -0.0
0.0 3.0 0.051949 -0.00739601
0.0 3.0 0.0489985 -0.0
0.0 3.0 0.0448963 -0.0
0.0 3.0 0.0424416 -0.0
0.0 3.0 0.0544319 -0.0
0.0 3.0 0.052007 -0.0
0.0 3.0 0.0420874 -0.0
0.0 3.0 0.0355322 -0.0
0.0 3.0 0.0372261 -0.0
0.0 3.0 0.0462111 -0.0
0.0 3.0 0.0382265 -0.0
0.0 3.0 0.0507203 -0.0
0.0 3.0 0.0403556 -0.0
0.0 3.0 0.0413263 -0.0
0.0 3.0 0.0352178 -0.0
0.0 3.0 0.0398707 -0.0
0.0 3.0 0.0402436 -0.0
0.0 3.0 0.0389323 -0.0
0.0 3.0 0.0399504 -0.0
0.0 3.0 0.0478943 -0.0
0.0 3.0 0.0425069 -0.0
0.0 3.0 0.049973 -0.0
0.0 3.0 0.0378032 -0.0
0.0 3.0 0.0388968 -0.0
0.0 3.0 0.0427651 -0.0
0.0 3.0 0.0335329 -0.0
0.0 3.0 0.0438235 -0.0
0.0 3.0 0.10376 -0.0
0.0 4.0 0.0402643 -0.0
0.0 4.0 0.0929762 -0.0
0.0 4.0 0.0404074 -0.0
0.0 4.0 0.0402917 -0.0
0.0 4.0 0.040051 -0.0
0.0 4.0 0.0426806 -0.0
0.0 4.0 0.0380669 -0.0
0.0 4.0 0.025021 -0.0
0.0 4.0 0.0329609 -0.0
0.0 4.0 0.0374216 -0.0
0.0 4.0 0.0272617 -0.0
0.0 4.0 0.0379987 -0.0
0.0 4.0 0.0359758 -0.0
0.0 4.0 0.0379971 -0.0
0.0 4.0 0.0285004 -0.0
0.0 4.0 0.0388205 -0.0
0.0 4.0 0.0391328 -0.00739601
0.0 4.0 0.0416581 -0.00739601
0.0 4.0 0.041515 -0.00739601
0.0 4.0 0.0406532 -0.0
0.0 4.0 0.0337474 -0.00739601
0.0 4.0 0.0313055 -0.0
0.0 4.0 0.0405409 -0.0
0.0 4.0 0.0246462 -0.0
0.0 4.0 0.0364624 -0.0
0.0 4.0 0.0264753 -0.0
0.0 4.0 0.0383396 -0.00739601
0.0 4.0 0.0713972 -0.0
0.0 4.0 0.0408394 -0.0
0.0 4.0 0.0318278 -0.0
0.0 4.0 0.0375341 -0.00739601
0.0 4.0 0.0429662 -0.00739601
0.0 4.0 0.0306053 -0.0
0.0 4.0 0.0403682 -0.0
0.0 4.0 0.0402124 -0.00739601
0.0 4.0 0.0335255 -0.0
0.0 4.0 0.0350884 -0.0
0.0 4.0 0.034439 -0.0
0.0 4.0 0.0387198 -0.0
0.0 4.0 0.0368696 -0.0
0.0 4.0 0.0322318 -0.0
0.0 4.0 0.0404862 -0.0
0.0 4.0 0.0298711 -0.0
0.0 4.0 0.0341702 -0.0
0.0 4.0 0.0385607 -0.00739601
0.0 4.0 0.0348708 -0.0
0.0 4.0 0.0388752 -0.0
0.0 4.0 0.0375678 -0.0
0.0 4.0 0.0450154 -0.0
0.0 4.0 0.0409207 -0.0
0.0 5.0 0.0313454 -0.0
0.0 5.0 0.0467461 -0.0
0.0 5.0 0.029985 -0.0
0.0 5.0 0.0417448 -0.0
0.0 5.0 0.0338348 -0.0
0.0 5.0 0.0572389 -0.00739601
0.0 5.0 0.0428924 -0.0
0.0 5.0 0.0335914 -0.0
0.0 5.0 0.0327254 -0.00739601
0.0 5.0 0.0475361 -0.00739601
0.0 5.0 0.0491566 -0.0
0.0 5.0 0.033538 -0.00739601
0.0 5.0 0.0320145 -0.0
0.0 5.0 0.0322191 -0.0
0.0 5.0 0.0271262 -0.0
0.0 5.0 0.032616 -0.0
0.0 5.0 0.0456271 -0.0
0.0 5.0 0.0304223 -0.0
0.0 5.0 0.0472399 -0.00739601
0.0 5.0 0.0323531 -0.0
0.0 5.0 0.0337785 -0.00739601
0.0 5.0 0.0346212 -0.00739601
0.0 5.0 0.0314518 -0.00739601
0.0 5.0 0.0326376 -0.0
0.0 5.0 0.0393429 -0.00739601
0.0 5.0 0.0283444 -0.0
0.0 5.0 0.0494323 -0.00739601
0.0 5.0 0.0339604 -0.00739601
0.0 5.0 0.0470619 -0.0
0.0 5.0 0.0350525 -0.0
0.0 5.0 0.030427 -0.0
0.0 5.0 0.0308059 -0.0
0.0 5.0 0.0434677 -0.0
0.0 5.0 0.0462041 -0.00739601
0.0 5.0 0.0485422 -0.00739601
0.0 5.0 0.0472414 -0.00739601
0.0 5.0 0.0442989 -0.0
0.0 5.0 0.0309289 -0.0
0.0 5.0 0.033062 -0.0
0.0 5.0 0.0486977 -0.0
0.0 5.0 0.0479807 -0.0
0.0 5.0 0.0321492 -0.0
0.0 5.0 0.0338671 -0.0
0.0 5.0 0.0317615 -0.0
0.0 5.0 0.0346485 -0.0
0.0 5.0 0.029923 -0.0
0.0 5.0 0.0315829 -0.00739601
0.0 5.0 0.0323279 -0.00739601
0.0 5.0 0.0296481 -0.0
0.0 5.0 0.0321499 -0.0
0.0 6.0 0.0276667 -0.0
0.0 6.0 0.0280735 -0.00739601
0.0 6.0 0.040984 -0.0
0.0 6.0 0.0279543 -0.0
0.0 6.0 0.0528056 -0.00739601
0.0 6.0 0.0366579 -0.00739601
0.0 6.0 0.0404435 -0.0
0.0 6.0 0.033698 -0.00739601
0.0 6.0 0.0386599 -0.0
0.0 6.0 0.0367378 -0.0
0.0 6.0 0.0400861 -0.0
0.0 6.0 0.0393443 -0.0
0.0 6.0 0.0256785 -0.0
0.0 6.0 0.0278797 -0.00739601
0.0 6.0 0.0292127 -0.00739601
0.0 6.0 0.0279866 -0.00739601
0.0 6.0 0.0279335 -0.0
0.0 6.0 0.0264454 -0.0
0.0 6.0 0.0271456 -0.0
0.0 6.0 0.0304411 -0.00739601
0.0 6.0 0.0296283 -0.0
0.0 6.0 0.0282091 -0.0
0.0 6.0 0.0271616 -0.0
0.0 6.0 0.0275098 -0.0
0.0 6.0 0.030884 -0.00739601
0.0 6.0 0.0366723 -0.0
0.0 6.0 0.0296778 -0.00986464
0.0 6.0 0.0386164 -0.0
0.0 6.0 0.0344836 -0.0
0.0 6.0 0.0312438 -0.00739601
0.0 6.0 0.041131 -0.00739601
0.0 6.0 0.0278573 -0.00739601
0.0 6.0 0.0309136 -0.0
0.0 6.0 0.0411729 -0.00739601
0.0 6.0 0.0470953 -0.0
0.0 6.0 0.0385677 -0.00739601
0.0 6.0 0.0403322 -0.0
0.0 6.0 0.0284858 -0.0
0.0 6.0 0.0285679 -0.0
0.0 6.0 0.0396066 -0.00739601
0.0 6.0 0.0274019 -0.0
0.0 6.0 0.0284288 -0.00739601
0.0 6.0 0.0288843 -0.0
0.0 6.0 0.0412624 -0.0
0.0 6.0 0.0315307 -0.00739601
0.0 6.0 0.0289459 -0.0
0.0 6.0 0.0272037 -0.0
0.0 6.0 0.0287497 -0.0
0.0 6.0 0.0220713 -0.0
0.0 6.0 0.0293614 -0.0
0.0 7.0 0.0334334 -0.0
0.0 7.0 0.0296525 -0.0
0.0 7.0 0.0396785 -0.0
0.0 7.0 0.0344416 -0.0
0.0 7.0 0.0344688 -0.00739601
0.0 7.0 0.0360539 -0.00739601
0.0 7.0 0.0302416 -0.00739601
0.0 7.0 0.0289124 -0.0
0.0 7.0 0.0333129 -0.0
0.0 7.0 0.0347148 -0.0
0.0 7.0 0.0284518 -0.0
0.0 7.0 0.0284745 -0.0
0.0 7.0 0.030357 -0.00739601
0.0 7.0 0.0238492 -0.0
0.0 7.0 0.0280058 -0.0
0.0 7.0 0.0243054 -0.0
0.0 7.0 0.0257846 -0.0
0.0 7.0 0.0269933 -0.0
0.0 7.0 0.0286755 -0.00739601
0.0 7.0 0.0325862 -0.00739601
0.0 7.0 0.0417721 -0.0
0.0 7.0 0.02516 -0.0
0.0 7.0 0.0336629 -0.0
0.0 7.0 0.0422984 -0.0
0.0 7.0 0.033882 -0.0
0.0 7.0 0.0346486 -0.0
0.0 7.0 0.0324622 -0.0
0.0 7.0 0.0426622 -0.0
0.0 7.0 0.0333837 -0.0
0.0 7.0 0.0335392 -0.0
0.0 7.0 0.0275074 -0.00739601
0.0 7.0 0.0267767 -0.00739601
0.0 7.0 0.028704 -0.0
0.0 7.0 0.0364511 -0.00739601
0.0 7.0 0.0335702 -0.0
0.0 7.0 0.0250214 -0.0
0.0 7.0 0.0349092 -0.00739601
0.0 7.0 0.0457461 -0.00739601
0.0 7.0 0.0249881 -0.0
0.0 7.0 0.025638 -0.0
0.0 7.0 0.026496 -0.00739601
0.0 7.0 0.0247785 -0.00739601
0.0 7.0 0.0302667 -0.0
0.0 7.0 0.0266361 -0.0
0.0 7.0 0.0245864 -0.0
0.0 7.0 0.0341076 -0.0
0.0 7.0 0.0372901 -0.0
0.0 7.0 0.029085 -0.0
0.0 7.0 0.0285679 -0.0
0.0 7.0 0.0354039 -0.00739601
0.0 8.0 0.0308684 -0.0
0.0 8.0 0.0342409 -0.0
0.0 8.0 0.0260912 -0.0
0.0 8.0 0.032014 -0.0
0.0 8.0 0.0234142 -0.0
0.0 8.0 0.0246093 -0.0
0.0 8.0 0.0395005 -0.0
0.0 8.0 0.0255872 -0.00739601
0.0 8.0 0.02772 -0.0
0.0 8.0 0.0293281 -0.00739601
0.0 8.0 0.0233499 -0.0
0.0 8.0 0.0254323 -0.0
0.0 8.0 0.0403488 -0.0
0.0 8.0 0.0357415 -0.00739601
0.0 8.0 0.0264359 -0.0
0.0 8.0 0.0288953 -0.0
0.0 8.0 0.0279266 -0.0
0.0 8.0 0.0256298 -0.0
0.0 8.0 0.0258209 -0.00739601
0.0 8.0 0.0272536 -0.00739601
0.0 8.0 0.0313099 -0.00739601
0.0 8.0 0.0272232 -0.00739601
0.0 8.0 0.0331499 -0.00739601
0.0 8.0 0.0356795 -0.0
0.0 8.0 0.0264359 -0.0
0.0 8.0 0.0318347 -0.00986464
0.0 8.0 0.0434921 -0.00739601
0.0 8.0 0.0309787 -0.0
0.0 8.0 0.0457901 -0.00739601
0.0 8.0 0.0288789 -0.0
0.0 8.0 0.0332503 -0.0
0.0 8.0 0.0315037 -0.00739601
0.0 8.0 0.0307865 -0.00739601
0.0 8.0 0.0263826 -0.0
0.0 8.0 0.0250355 -0.0
0.0 8.0 0.0389939 -0.00739601
0.0 8.0 0.0227629 -0.0
0.0 8.0 0.0327561 -0.0
0.0 8.0 0.0299769 -0.00739601
0.0 8.0 0.0279932 -0.0
0.0 8.0 0.0270147 -0.0
0.0 8.0 0.0246076 -0.0
0.0 8.0 0.0280773 -0.00739601
0.0 8.0 0.0333102 -0.0
0.0 8.0 0.025341 -0.0
0.0 8.0 0.0332593 -0.00739601
0.0 8.0 0.0252001 -0.00739601
0.0 8.0 0.0328209 -0.0
0.0 8.0 0.0347155 -0.00739601
0.0 8.0 0.0407834 -0.0
1.0 1.0 0.087496 2.71828
1.0 1.0 0.0876628 2.71828
1.0 1.0 0.0878051 2.71828
1.0 1.0 0.087328 2.71828
1.0 1.0 0.090624 2.71828
1.0 1.0 0.0834859 2.71828
1.0 1.0 0.0990269 2.71828
1.0 1.0 0.0870809 2.71828
1.0 1.0 0.0907653 2.71828
1.0 1.0 0.0872162 2.71828
1.0 1.0 0.0834532 2.71828
1.0 1.0 0.0906529 2.71828
1.0 1.0 0.0893267 2.71828
1.0 1.0 0.0836342 2.71828
1.0 1.0 0.0813564 2.71828
1.0 1.0 0.088151 2.71828
1.0 1.0 0.0927465 2.71828
1.0 1.0 0.0894721 2.71828
1.0 1.0 0.0909666 2.71828
1.0 1.0 0.162665 2.71828
1.0 1.0 0.087703 2.71828
1.0 1.0 0.0883784 2.71828
1.0 1.0 0.0875499 2.71828
1.0 1.0 0.098486 2.71828
1.0 1.0 0.0896662 2.71828
1.0 1.0 0.0890056 2.71828
1.0 1.0 0.0978824 2.71828
1.0 1.0 0.104085 2.71828
1.0 1.0 0.0872882 2.71828
1.0 1.0 0.0862828 2.71828
1.0 1.0 0.578337 2.71828
1.0 1.0 0.0853681 2.71828
1.0 1.0 0.0873142 2.71828
1.0 1.0 0.0959104 2.71828
1.0 1.0 0.0899248 2.71828
1.0 1.0 0.163782 2.71828
1.0 1.0 0.0877789 2.71828
1.0 1.0 0.101861 2.71828
1.0 1.0 0.0938222 2.71828
1.0 1.0 0.0957501 2.71828
1.0 1.0 0.16913 2.71828
1.0 1.0 0.0946222 2.71828
1.0 1.0 0.167905 2.71828
1.0 1.0 0.166497 2.71828
1.0 1.0 0.1049 2.71828
1.0 1.0 0.0971987 2.71828
1.0 1.0 0.0851903 2.71828
1.0 1.0 0.100175 2.71828
1.0 1.0 0.110707 2.71828
1.0 1.0 0.0999931 2.71828
1.0 2.0 0.051221 2.71828
1.0 2.0 0.0540702 2.71828
1.0 2.0 0.0456935 2.71828
1.0 2.0 0.091763 2.71828
1.0 2.0 0.0894867 2.71828
1.0 2.0 0.0502282 2.71828
1.0 2.0 0.0875789 2.71828
1.0 2.0 0.0485112 2.71828
1.0 2.0 0.0499755 2.71828
1.0 2.0 0.0850145 2.71828
1.0 2.0 0.0512058 2.71828
1.0 2.0 0.0497274 2.71828
1.0 2.0 0.0507065 2.71828
1.0 2.0 0.0881751 2.71828
1.0 2.0 0.0507985 2.71828
1.0 2.0 0.0927867 2.71828
1.0 2.0 0.0547336 2.71828
1.0 2.0 0.0525987 2.71828
1.0 2.0 0.0501911 2.71828
1.0 2.0 0.0477031 2.71828
1.0 2.0 0.0527472 2.71828
1.0 2.0 0.0514966 2.71828
1.0 2.0 0.0909269 2.71828
1.0 2.0 0.049319 2.71828
1.0 2.0 0.0530382 2.71828
1.0 2.0 0.0925362 2.71828
1.0 2.0 0.0553505 2.71828
1.0 2.0 0.0549446 2.71828
1.0 2.0 0.050282 2.71828
1.0 2.0 0.089068 2.71828
1.0 2.0 0.0487444 2.71828
1.0 2.0 0.0968601 2.71828
1.0 2.0 0.0540371 2.71828
1.0 2.0 0.0927521 2.71828
1.0 2.0 0.090154 2.71828
1.0 2.0 0.0514424 2.71828
1.0 2.0 0.0536525 2.71828
1.0 2.0 0.0967821 2.71828
1.0 2.0 0.0547415 2.71828
1.0 2.0 0.0907137 2.71828
1.0 2.0 0.048574 2.71828
1.0 2.0 0.0921763 2.71828
1.0 2.0 0.0535142 2.71828
1.0 2.0 0.05125 2.71828
1.0 2.0 0.0508738 2.71828
1.0 2.0 0.0518022 2.71828
1.0 2.0 0.0511987 2.71828
1.0 2.0 0.0514542 2.71828
1.0 2.0 0.0506012 2.71828
1.0 2.0 0.0522791 2.71828
1.0 3.0 0.0830678 2.71828
1.0 3.0 0.0439557 2.71828
1.0 3.0 0.0399057 2.71828
1.0 3.0 0.0366278 2.71828
1.0 3.0 0.0415234 2.71828
1.0 3.0 0.0443951 2.71828
1.0 3.0 0.0432593 2.71828
1.0 3.0 0.0383292 2.71828
1.0 3.0 0.0387702 2.71828
1.0 3.0 0.0388442 2.71828
1.0 3.0 0.0411959 2.71828
1.0 3.0 0.0428684 2.71828
1.0 3.0 0.04171 2.71828
1.0 3.0 0.0397686 2.71828
1.0 3.0 0.0384901 2.71828
1.0 3.0 0.0364426 2.71828
1.0 3.0 0.0423456 2.71828
1.0 3.0 0.0420502 2.71828
1.0 3.0 0.058169 2.71828
1.0 3.0 0.0368093 2.71828
1.0 3.0 0.0436767 2.71828
1.0 3.0 0.0437763 2.71828
1.0 3.0 0.0407863 2.71828
1.0 3.0 0.0414225 2.71828
1.0 3.0 0.0419343 2.71828
1.0 3.0 0.04628 2.71828
1.0 3.0 0.0395212 2.71828
1.0 3.0 0.0445115 2.71828
1.0 3.0 0.0416823 2.71828
1.0 3.0 0.0367848 2.71828
1.0 3.0 0.0390889 2.71828
1.0 3.0 0.0416383 2.71828
1.0 3.0 0.0421948 2.71828
1.0 3.0 0.0397796 2.71828
1.0 3.0 0.0485754 2.71828
1.0 3.0 0.0431872 2.71828
1.0 3.0 0.0434684 2.71828
1.0 3.0 0.0393328 2.71828
1.0 3.0 0.0787663 2.71828
1.0 3.0 0.0400022 2.71828
1.0 3.0 0.0417754 2.71828
1.0 3.0 0.037466 2.71828
1.0 3.0 0.0423708 2.71828
1.0 3.0 0.0388866 2.71828
1.0 3.0 0.0419777 2.71828
1.0 3.0 0.0427942 2.71828
1.0 3.0 0.0415201 2.71828
1.0 3.0 0.0381453 2.71828
1.0 3.0 0.0428912 2.71828
1.0 3.0 0.0382747 2.71828
1.0 4.0 0.0326457 2.71828
1.0 4.0 0.0331482 2.71828
1.0 4.0 0.0319755 2.71828
1.0 4.0 0.0344467 2.71828
1.0 4.0 0.0312679 2.71828
1.0 4.0 0.0347057 2.71828
1.0 4.0 0.0313413 2.71828
1.0 4.0 0.0342441 2.71828
1.0 4.0 0.0339714 2.71828
1.0 4.0 0.0307847 2.71828
1.0 4.0 0.0266234 2.71828
1.0 4.0 0.0310459 2.71828
1.0 4.0 0.0302777 2.71828
1.0 4.0 0.0318444 2.71828
1.0 4.0 0.0325447 2.71828
1.0 4.0 0.0333705 2.71828
1.0 4.0 0.0293351 2.71828
1.0 4.0 0.0307656 2.71828
1.0 4.0 0.0302562 2.71828
1.0 4.0 0.0308027 2.71828
1.0 4.0 0.0315123 2.71828
1.0 4.0 0.0293658 2.71828
1.0 4.0 0.0337508 2.71828
1.0 4.0 0.0314597 2.71828
1.0 4.0 0.0331378 2.71828
1.0 4.0 0.0317021 2.71828
1.0 4.0 0.0320864 2.71828
1.0 4.0 0.0310627 2.71828
1.0 4.0 0.031948 2.71828
1.0 4.0 0.0293093 2.71828
1.0 4.0 0.0291878 2.71828
1.0 4.0 0.0299999 2.71828
1.0 4.0 0.0292075 2.71828
1.0 4.0 0.038485 2.71828
1.0 4.0 0.0327921 2.71828
1.0 4.0 0.0298315 2.71828
1.0 4.0 0.0316837 2.71828
1.0 4.0 0.0328147 2.71828
1.0 4.0 0.0278029 2.71828
1.0 4.0 0.0341789 2.71828
1.0 4.0 0.0315912 2.71828
1.0 4.0 0.0313204 2.71828
1.0 4.0 0.0333503 2.71828
1.0 4.0 0.0317976 2.71828
1.0 4.0 0.0308582 2.71828
1.0 4.0 0.0313935 2.71828
1.0 4.0 0.0271887 2.71828
1.0 4.0 0.0335102 2.71828
1.0 4.0 0.0294971 2.71828
1.0 4.0 0.032477 2.71828
1.0 5.0 0.0291596 2.71828
1.0 5.0 0.032682 2.71828
1.0 5.0 0.0332176 2.71828
1.0 5.0 0.0326756 2.71828
1.0 5.0 0.0336549 2.71828
1.0 5.0 0.0333148 2.71828
1.0 5.0 0.0267307 2.71828
1.0 5.0 0.0349248 2.71828
1.0 5.0 0.031517 2.71828
1.0 5.0 0.0332625 2.71828
1.0 5.0 0.0321502 2.71828
1.0 5.0 0.0320586 2.71828
1.0 5.0 0.0310361 2.71828
1.0 5.0 0.0312231 2.71828
1.0 5.0 0.0338411 2.71828
1.0 5.0 0.032939 2.71828
1.0 5.0 0.0293682 2.71828
1.0 5.0 0.0324551 2.71828
1.0 5.0 0.0354592 2.71828
1.0 5.0 0.0344033 2.71828
1.0 5.0 0.0375127 2.71828
1.0 5.0 0.033001 2.71828
1.0 5.0 0.0327704 2.71828
1.0 5.0 0.0305734 2.71828
1.0 5.0 0.0307329 2.71828
1.0 5.0 0.0275377 2.71828
1.0 5.0 0.0426919 2.71828
1.0 5.0 0.0347054 2.71828
1.0 5.0 0.0332482 2.71828
1.0 5.0 0.029569 2.71828
1.0 5.0 0.0331409 2.71828
1.0 5.0 0.0329377 2.71828
1.0 5.0 0.0275718 2.71828
1.0 5.0 0.0310188 2.71828
1.0 5.0 0.0277782 2.71828
1.0 5.0 0.0304241 2.71828
1.0 5.0 0.0332269 2.71828
1.0 5.0 0.0330528 2.71828
1.0 5.0 0.0343964 2.71828
1.0 5.0 0.0295484 2.71828
1.0 5.0 0.0368734 2.71828
1.0 5.0 0.0342299 2.71828
1.0 5.0 0.0415391 2.71828
1.0 5.0 0.0267459 2.71828
1.0 5.0 0.0331375 2.71828
1.0 5.0 0.027791 2.71828
1.0 5.0 0.0260249 2.71828
1.0 5.0 0.0280541 2.71828
1.0 5.0 0.02924 2.71828
1.0 5.0 0.0281839 2.71828
1.0 6.0 0.0274665 2.71828
1.0 6.0 0.026306 2.71828
1.0 6.0 0.028755 2.71828
1.0 6.0 0.0277097 2.71828
1.0 6.0 0.026651 2.71828
1.0 6.0 0.0260387 2.71828
1.0 6.0 0.0296287 2.71828
1.0 6.0 0.0270439 2.71828
1.0 6.0 0.0265694 2.71828
1.0 6.0 0.025994 2.71828
1.0 6.0 0.0286732 2.71828
1.0 6.0 0.0266466 2.71828
1.0 6.0 0.0267655 2.71828
1.0 6.0 0.0267804 2.71828
1.0 6.0 0.0276135 2.71828
1.0 6.0 0.0266065 2.71828
1.0 6.0 0.0265777 2.71828
1.0 6.0 0.0266731 2.71828
1.0 6.0 0.0272267 2.71828
1.0 6.0 0.0258875 2.71828
1.0 6.0 0.0268425 2.71828
1.0 6.0 0.0270487 2.71828
1.0 6.0 0.0274714 2.71828
1.0 6.0 0.0269419 2.71828
1.0 6.0 0.0254343 2.71828
1.0 6.0 0.0368212 2.71828
1.0 6.0 0.0277808 2.71828
1.0 6.0 0.0269592 2.71828
1.0 6.0 0.0265732 2.71828
1.0 6.0 0.0274241 2.71828
1.0 6.0 0.0267043 2.71828
1.0 6.0 0.037546 2.71828
1.0 6.0 0.027032 2.71828
1.0 6.0 0.025635 2.71828
1.0 6.0 0.0245715 2.71828
1.0 6.0 0.0260975 2.71828
1.0 6.0 0.0265746 2.71828
1.0 6.0 0.0264787 2.71828
1.0 6.0 0.0266234 2.71828
1.0 6.0 0.0269511 2.71828
1.0 6.0 0.0306256 2.71828
1.0 6.0 0.0256065 2.71828
1.0 6.0 0.0257646 2.71828
1.0 6.0 0.0242816 2.71828
1.0 6.0 0.0271393 2.71828
1.0 6.0 0.0266229 2.71828
1.0 6.0 0.0258836 2.71828
1.0 6.0 0.0268448 2.71828
1.0 6.0 0.0267471 2.71828
1.0 6.0 0.0249781 2.71828
1.0 7.0 0.0248112 2.71828
1.0 7.0 0.026083 2.71828
1.0 7.0 0.0244872 2.71828
1.0 7.0 0.0345886 2.71828
1.0 7.0 0.0249019 2.71828
1.0 7.0 0.0326853 2.71828
1.0 7.0 0.0237319 2.71828
1.0 7.0 0.0243127 2.71828
1.0 7.0 0.0242808 2.71828
1.0 7.0 0.0232553 2.71828
1.0 7.0 0.0261583 2.71828
1.0 7.0 0.0241392 2.71828
1.0 7.0 0.0243614 2.71828
1.0 7.0 0.0240297 2.71828
1.0 7.0 0.0227502 2.71828
1.0 7.0 0.0248344 2.71828
1.0 7.0 0.0233484 2.71828
1.0 7.0 0.0330881 2.71828
1.0 7.0 0.0260021 2.71828
1.0 7.0 0.0234173 2.71828
1.0 7.0 0.0255007 2.71828
1.0 7.0 0.0285392 2.71828
1.0 7.0 0.0261887 2.71828
1.0 7.0 0.0263864 2.71828
1.0 7.0 0.0251834 2.71828
1.0 7.0 0.024955 2.71828
1.0 7.0 0.0261877 2.71828
1.0 7.0 0.0232494 2.71828
1.0 7.0 0.0315625 2.71828
1.0 7.0 0.0232767 2.71828
1.0 7.0 0.0239716 2.71828
1.0 7.0 0.0242764 2.71828
1.0 7.0 0.0244058 2.71828
1.0 7.0 0.0243603 2.71828
1.0 7.0 0.0245786 2.71828
1.0 7.0 0.0272557 2.71828
1.0 7.0 0.0309994 2.71828
1.0 7.0 0.0228963 2.71828
1.0 7.0 0.0243609 2.71828
1.0 7.0 0.0244094 2.71828
1.0 7.0 0.0246601 2.71828
1.0 7.0 0.0274719 2.71828
1.0 7.0 0.0246984 2.71828
1.0 7.0 0.0230768 2.71828
1.0 7.0 0.0243924 2.71828
1.0 7.0 0.0246187 2.71828
1.0 7.0 0.0323148 2.71828
1.0 7.0 0.0243492 2.71828
1.0 7.0 0.0261048 2.71828
1.0 7.0 0.0261048 2.71828
1.0 8.0 0.0232163 2.71828
1.0 8.0 0.0257836 2.71828
1.0 8.0 0.0282751 2.71828
1.0 8.0 0.0324704 2.71828
1.0 8.0 0.0236229 2.71828
1.0 8.0 0.0331007 2.71828
1.0 8.0 0.0245312 2.71828
1.0 8.0 0.0247348 2.71828
1.0 8.0 0.0252994 2.71828
1.0 8.0 0.0330283 2.71828
1.0 8.0 0.0254555 2.71828
1.0 8.0 0.0312447 2.71828
1.0 8.0 0.0284428 2.71828
1.0 8.0 0.0240297 2.71828
1.0 8.0 0.0266559 2.71828
1.0 8.0 0.0297412 2.71828
1.0 8.0 0.0253943 2.71828
1.0 8.0 0.0273555 2.71828
1.0 8.0 0.0259895 2.71828
1.0 8.0 0.0231529 2.71828
1.0 8.0 0.0254322 2.71828
1.0 8.0 0.0284203 2.71828
1.0 8.0 0.0239694 2.71828
1.0 8.0 0.0248609 2.71828
1.0 8.0 0.0229886 2.71828
1.0 8.0 0.024366 2.71828
1.0 8.0 0.0242475 2.71828
1.0 8.0 0.0206929 2.71828
1.0 8.0 0.0287399 2.71828
1.0 8.0 0.0254516 2.71828
1.0 8.0 0.0217722 2.71828
1.0 8.0 0.0277683 2.71828
1.0 8.0 0.021635 2.71828
1.0 8.0 0.0243476 2.71828
1.0 8.0 0.026088 2.71828
1.0 8.0 0.0269186 2.71828
1.0 8.0 0.0216357 2.71828
1.0 8.0 0.0249379 2.71828
1.0 8.0 0.0241245 2.71828
1.0 8.0 0.0255865 2.71828
1.0 8.0 0.0278261 2.71828
1.0 8.0 0.0286303 2.71828
1.0 8.0 0.0250513 2.71828
1.0 8.0 0.0253978 2.71828
1.0 8.0 0.0309832 2.71828
1.0 8.0 0.0255022 2.71828
1.0 8.0 0.0229677 2.71828
1.0 8.0 0.0237459 2.71828
1.0 8.0 0.0265188 2.71828
1.0 8.0 0.0240791 2.71828
2.0 1.0 0.133645 -6.60602e-14
2.0 1.0 0.445119 -0.0
2.0 1.0 0.461109 -0.0
2.0 1.0 0.0942854 -4.30012e-15
2.0 1.0 0.116079 -2.32659e-15
2.0 1.0 0.108277 -2.32659e-15
2.0 1.0 0.117705 -0.0
2.0 1.0 0.108302 -4.30012e-15
2.0 1.0 0.120069 -0.0
2.0 1.0 0.12465 -0.0
2.0 1.0 0.115108 -0.0
2.0 1.0 0.0936815 -4.30012e-15
2.0 1.0 0.120664 -0.0
2.0 1.0 0.178982 -4.30012e-15
2.0 1.0 0.111399 -2.20941e-14
2.0 1.0 0.132285 -0.0
2.0 1.0 0.107262 -4.30012e-15
2.0 1.0 0.102581 -0.0
2.0 1.0 0.330416 -0.0
2.0 1.0 0.196187 -4.30012e-15
2.0 1.0 0.317196 -0.0
2.0 1.0 0.239925 -4.30012e-15
2.0 1.0 0.120595 -0.0
2.0 1.0 0.183503 -4.30012e-15
2.0 1.0 0.119627 -9.34438e-15
2.0 1.0 0.321164 -0.0
2.0 1.0 0.327031 -0.0
2.0 1.0 0.176409 -2.32659e-15
2.0 1.0 0.120327 -0.0
2.0 1.0 0.108652 -0.0
2.0 1.0 0.110119 -0.0
2.0 1.0 0.173427 -9.34438e-15
2.0 1.0 0.129663 -0.0
2.0 1.0 0.201866 -2.20941e-14
2.0 1.0 0.298827 -0.0
2.0 1.0 0.236733 -4.30012e-15
2.0 1.0 0.116577 -0.0
2.0 1.0 0.118897 -0.0
2.0 1.0 0.308859 -0.0
2.0 1.0 0.29141 -0.0
2.0 1.0 0.176281 -4.30012e-15
2.0 1.0 0.171781 -2.20941e-14
2.0 1.0 0.116652 -4.30012e-15
2.0 1.0 0.178246 -4.30012e-15
2.0 1.0 0.13064 -2.19795e-13
2.0 1.0 0.171461 -2.20941e-14
2.0 1.0 0.113701 -4.30012e-15
2.0 1.0 0.121096 -0.0
2.0 1.0 0.116726 -0.0
2.0 1.0 0.116411 -2.32659e-15
2.0 2.0 0.0598008 -0.0
2.0 2.0 0.0590872 -2.32659e-15
2.0 2.0 0.0644852 -4.30012e-15
2.0 2.0 0.0891522 -4.30012e-15
2.0 2.0 0.0602323 -4.30012e-15
2.0 2.0 0.0643859 -4.30012e-15
2.0 2.0 0.0643439 -0.0
2.0 2.0 0.0584046 -9.34438e-15
2.0 2.0 0.233038 -4.30012e-15
2.0 2.0 0.0600452 -0.0
2.0 2.0 0.0605897 -4.30012e-15
2.0 2.0 0.0571435 -2.32659e-15
2.0 2.0 0.0626549 -2.32659e-15
2.0 2.0 0.146017 -4.30012e-15
2.0 2.0 0.169782 -8.02859e-15
2.0 2.0 0.0640841 -2.20941e-14
2.0 2.0 0.06446 -4.30012e-15
2.0 2.0 0.0600984 -4.30012e-15
2.0 2.0 0.0570176 -4.30012e-15
2.0 2.0 0.148903 -4.30012e-15
2.0 2.0 0.055869 -4.30012e-15
2.0 2.0 0.0649247 -0.0
2.0 2.0 0.0634904 -0.0
2.0 2.0 0.061375 -0.0
2.0 2.0 0.163178 -8.02859e-15
2.0 2.0 0.159777 -4.30012e-15
2.0 2.0 0.0606379 -2.32659e-15
2.0 2.0 0.145053 -4.30012e-15
2.0 2.0 0.0676107 -2.19795e-13
2.0 2.0 0.0617984 -4.30012e-15
2.0 2.0 0.0615391 -2.32659e-15
2.0 2.0 0.228384 -0.0
2.0 2.0 0.0575982 -4.30012e-15
2.0 2.0 0.088145 -4.30012e-15
2.0 2.0 0.0593544 -2.20941e-14
2.0 2.0 0.0597864 -0.0
2.0 2.0 0.0607051 -2.20941e-14
2.0 2.0 0.0604142 -2.32659e-15
2.0 2.0 0.140581 -2.32659e-15
2.0 2.0 0.0891958 -2.32659e-15
2.0 2.0 0.065918 -0.0
2.0 2.0 0.145284 -4.30012e-15
2.0 2.0 0.06449 -4.30012e-15
2.0 2.0 0.0628287 -0.0
2.0 2.0 0.0574957 -4.30012e-15
2.0 2.0 0.059254 -4.30012e-15
2.0 2.0 0.0642815 -2.20941e-14
2.0 2.0 0.064505 -2.20941e-14
2.0 2.0 0.0896576 -4.30012e-15
2.0 2.0 0.145976 -2.20941e-14
2.0 3.0 0.0483708 -4.30012e-15
2.0 3.0 0.0478072 -4.30012e-15
2.0 3.0 0.0494628 -2.19795e-13
2.0 3.0 0.0447933 -0.0
2.0 3.0 0.0495616 -2.32659e-15
2.0 3.0 0.0442451 -2.32659e-15
2.0 3.0 0.048863 -4.30012e-15
2.0 3.0 0.0490278 -4.30012e-15
2.0 3.0 0.0486966 -4.30012e-15
2.0 3.0 0.0428485 -2.32659e-15
2.0 3.0 0.0512383 -0.0
2.0 3.0 0.0477069 -9.34438e-15
2.0 3.0 0.0492293 -0.0
2.0 3.0 0.0455572 -2.32659e-15
2.0 3.0 0.047492 -0.0
2.0 3.0 0.0697637 -4.30012e-15
2.0 3.0 0.046789 -2.32659e-15
2.0 3.0 0.04324 -4.30012e-15
2.0 3.0 0.0458386 -4.30012e-15
2.0 3.0 0.0424446 -4.30012e-15
2.0 3.0 0.051653 -4.30012e-15
2.0 3.0 0.0445424 -0.0
2.0 3.0 0.0424862 -2.20941e-14
2.0 3.0 0.0446496 -0.0
2.0 3.0 0.0483169 -2.32659e-15
2.0 3.0 0.0497037 -2.32659e-15
2.0 3.0 0.0466969 -2.32659e-15
2.0 3.0 0.0440467 -4.30012e-15
2.0 3.0 0.042297 -4.30012e-15
2.0 3.0 0.0423335 -2.20941e-14
2.0 3.0 0.0482693 -2.20941e-14
2.0 3.0 0.0450698 -0.0
2.0 3.0 0.0470166 -2.32659e-15
2.0 3.0 0.0488179 -2.32659e-15
2.0 3.0 0.0482621 -0.0
2.0 3.0 0.0437436 -4.30012e-15
2.0 3.0 0.0395252 -0.0
2.0 3.0 0.0408319 -0.0
2.0 3.0 0.0465248 -0.0
2.0 3.0 0.0453345 -2.32659e-15
2.0 3.0 0.0535899 -0.0
2.0 3.0 0.0486197 -2.32659e-15
2.0 3.0 0.0455168 -4.30012e-15
2.0 3.0 0.0471977 -2.32659e-15
2.0 3.0 0.0454541 -4.30012e-15
2.0 3.0 0.0468107 -4.30012e-15
2.0 3.0 0.0952139 -0.0
2.0 3.0 0.0474996 -2.32659e-15
2.0 3.0 0.0431551 -4.30012e-15
2.0 3.0 0.130352 -4.30012e-15
2.0 4.0 0.102631 -0.0
2.0 4.0 0.0346336 -9.34438e-15
2.0 4.0 0.0388354 -4.30012e-15
2.0 4.0 0.0377441 -4.30012e-15
2.0 4.0 0.0373162 -4.30012e-15
2.0 4.0 0.0363439 -4.30012e-15
2.0 4.0 0.0359091 -2.32659e-15
2.0 4.0 0.0575796 -0.0
2.0 4.0 0.039387 -4.30012e-15
2.0 4.0 0.107235 -4.30012e-15
2.0 4.0 0.0358606 -2.32659e-15
2.0 4.0 0.0357242 -4.30012e-15
2.0 4.0 0.0369766 -2.32659e-15
2.0 4.0 0.105975 -4.30012e-15
2.0 4.0 0.0359096 -4.30012e-15
2.0 4.0 0.0392732 -0.0
2.0 4.0 0.0351165 -4.30012e-15
2.0 4.0 0.0396628 -4.30012e-15
2.0 4.0 0.0385284 -2.20941e-14
2.0 4.0 0.0362325 -0.0
2.0 4.0 0.0363163 -4.30012e-15
2.0 4.0 0.0373927 -0.0
2.0 4.0 0.0394446 -4.30012e-15
2.0 4.0 0.036854 -2.32659e-15
2.0 4.0 0.109791 -0.0
2.0 4.0 0.0347375 -0.0
2.0 4.0 0.0390957 -6.60602e-14
2.0 4.0 0.037236 -0.0
2.0 4.0 0.0335416 -4.30012e-15
2.0 4.0 0.0369749 -0.0
2.0 4.0 0.0362651 -4.30012e-15
2.0 4.0 0.0351422 -4.30012e-15
2.0 4.0 0.039029 -4.30012e-15
2.0 4.0 0.0459214 -0.0
2.0 4.0 0.0396841 -2.20941e-14
2.0 4.0 0.0401395 -2.32659e-15
2.0 4.0 0.0307183 -0.0
2.0 4.0 0.0368055 -4.30012e-15
2.0 4.0 0.0500274 -2.20941e-14
2.0 4.0 0.0362338 -4.30012e-15
2.0 4.0 0.0376092 -2.32659e-15
2.0 4.0 0.0377734 -0.0
2.0 4.0 0.0377187 -0.0
2.0 4.0 0.0369953 -9.34438e-15
2.0 4.0 0.034941 -0.0
2.0 4.0 0.0376198 -4.30012e-15
2.0 4.0 0.0311863 -4.30012e-15
2.0 4.0 0.039634 -4.30012e-15
2.0 4.0 0.0367241 -4.30012e-15
2.0 4.0 0.0409109 -0.0
2.0 5.0 0.0344921 -0.0
2.0 5.0 0.0898997 -2.32659e-15
2.0 5.0 0.0724187 -2.20941e-14
2.0 5.0 0.0812127 -4.30012e-15
2.0 5.0 0.0509696 -2.20941e-14
2.0 5.0 0.0745121 -2.20941e-14
2.0 5.0 0.037627 -2.19795e-13
2.0 5.0 0.052853 -9.34438e-15
2.0 5.0 0.101289 -4.30012e-15
2.0 5.0 0.0507929 -2.20941e-14
2.0 5.0 0.0774296 -4.30012e-15
2.0 5.0 0.0772297 -4.30012e-15
2.0 5.0 0.0537833 -4.30012e-15
2.0 5.0 0.0300931 -4.30012e-15
2.0 5.0 0.0780115 -2.32659e-15
2.0 5.0 0.0767399 -4.30012e-15
2.0 5.0 0.0967631 -2.32659e-15
2.0 5.0 0.0996963 -4.30012e-15
2.0 5.0 0.0839587 -0.0
2.0 5.0 0.0761345 -2.32659e-15
2.0 5.0 0.0822291 -0.0
2.0 5.0 0.0790489 -0.0
2.0 5.0 0.0317714 -4.30012e-15
2.0 5.0 0.0320277 -2.32659e-15
2.0 5.0 0.0896639 -4.30012e-15
2.0 5.0 0.033138 -2.20941e-14
2.0 5.0 0.0796891 -0.0
2.0 5.0 0.0373592 -4.30012e-15
2.0 5.0 0.0328224 -2.20941e-14
2.0 5.0 0.0741425 -0.0
2.0 5.0 0.0298367 -2.32659e-15
2.0 5.0 0.0804143 -4.30012e-15
2.0 5.0 0.0869359 -0.0
2.0 5.0 0.0725195 -4.30012e-15
2.0 5.0 0.0305548 -4.30012e-15
2.0 5.0 0.0507492 -4.30012e-15
2.0 5.0 0.03333 -0.0
2.0 5.0 0.0282146 -4.30012e-15
2.0 5.0 0.0780316 -2.20941e-14
2.0 5.0 0.0768631 -2.32659e-15
2.0 5.0 0.0937519 -4.30012e-15
2.0 5.0 0.0789207 -4.30012e-15
2.0 5.0 0.0327165 -4.30012e-15
2.0 5.0 0.0295771 -4.30012e-15
2.0 5.0 0.0785703 -6.60602e-14
2.0 5.0 0.0815331 -4.30012e-15
2.0 5.0 0.0753717 -2.32659e-15
2.0 5.0 0.0315305 -2.32659e-15
2.0 5.0 0.0309659 -4.30012e-15
2.0 5.0 0.0312306 -2.20941e-14
2.0 6.0 0.0647388 -2.32659e-15
2.0 6.0 0.0653422 -4.30012e-15
2.0 6.0 0.0300242 -4.30012e-15
2.0 6.0 0.0296716 -4.30012e-15
2.0 6.0 0.0415598 -4.30012e-15
2.0 6.0 0.0810176 -0.0
2.0 6.0 0.0646714 -2.32659e-15
2.0 6.0 0.0787807 -9.34438e-15
2.0 6.0 0.0284832 -4.30012e-15
2.0 6.0 0.0786393 -0.0
2.0 6.0 0.031228 -2.32659e-15
2.0 6.0 0.0622291 -4.30012e-15
2.0 6.0 0.029676 -0.0
2.0 6.0 0.0313601 -4.30012e-15
2.0 6.0 0.0674348 -0.0
2.0 6.0 0.0646369 -4.30012e-15
2.0 6.0 0.065725 -0.0
2.0 6.0 0.0283084 -2.20941e-14
2.0 6.0 0.0412378 -4.30012e-15
2.0 6.0 0.0665518 -4.30012e-15
2.0 6.0 0.0337193 -4.30012e-15
2.0 6.0 0.0423191 -4.30012e-15
2.0 6.0 0.065083 -4.30012e-15
2.0 6.0 0.065899 -4.30012e-15
2.0 6.0 0.0617668 -2.20941e-14
2.0 6.0 0.0663241 -0.0
2.0 6.0 0.0292753 -2.20941e-14
2.0 6.0 0.0299429 -4.30012e-15
2.0 6.0 0.0260381 -4.30012e-15
2.0 6.0 0.0412173 -4.30012e-15
2.0 6.0 0.065412 -8.02859e-15
2.0 6.0 0.0640382 -4.30012e-15
2.0 6.0 0.0313165 -4.30012e-15
2.0 6.0 0.0296682 -0.0
2.0 6.0 0.065807 -0.0
2.0 6.0 0.0294371 -6.60602e-14
2.0 6.0 0.0743162 -2.32659e-15
2.0 6.0 0.0849479 -0.0
2.0 6.0 0.0290925 -4.30012e-15
2.0 6.0 0.064548 -4.30012e-15
2.0 6.0 0.0664889 -0.0
2.0 6.0 0.0669478 -0.0
2.0 6.0 0.0653957 -0.0
2.0 6.0 0.0291927 -4.30012e-15
2.0 6.0 0.0304018 -4.30012e-15
2.0 6.0 0.0615966 -4.30012e-15
2.0 6.0 0.0300352 -0.0
2.0 6.0 0.02847 -0.0
2.0 6.0 0.0271567 -4.30012e-15
2.0 6.0 0.0297656 -4.30012e-15
2.0 7.0 0.0573428 -0.0
2.0 7.0 0.0418851 -0.0
2.0 7.0 0.0280698 -6.60602e-14
2.0 7.0 0.0566985 -4.30012e-15
2.0 7.0 0.0530909 -2.32659e-15
2.0 7.0 0.030307 -0.0
2.0 7.0 0.0280752 -0.0
2.0 7.0 0.0699838 -0.0
2.0 7.0 0.0571899 -0.0
2.0 7.0 0.0258307 -4.30012e-15
2.0 7.0 0.080514 -0.0
2.0 7.0 0.0600999 -2.32659e-15
2.0 7.0 0.0621217 -4.30012e-15
2.0 7.0 0.0590268 -0.0
2.0 7.0 0.0267391 -4.30012e-15
2.0 7.0 0.027838 -4.30012e-15
2.0 7.0 0.0289459 -4.30012e-15
2.0 7.0 0.027331 -4.30012e-15
2.0 7.0 0.0569754 -0.0
2.0 7.0 0.0575746 -0.0
2.0 7.0 0.027344 -4.30012e-15
2.0 7.0 0.0251574 -4.30012e-15
2.0 7.0 0.0375337 -2.32659e-15
2.0 7.0 0.0540294 -4.30012e-15
2.0 7.0 0.0723168 -0.0
2.0 7.0 0.0269562 -2.32659e-15
2.0 7.0 0.0534087 -0.0
2.0 7.0 0.0574276 -4.30012e-15
2.0 7.0 0.0697645 -4.30012e-15
2.0 7.0 0.0276253 -0.0
2.0 7.0 0.0366187 -4.30012e-15
2.0 7.0 0.0734713 -2.99441e-15
2.0 7.0 0.0256164 -4.30012e-15
2.0 7.0 0.0972442 -4.30012e-15
2.0 7.0 0.0265886 -2.32659e-15
2.0 7.0 0.0258806 -2.20941e-14
2.0 7.0 0.0614067 -0.0
2.0 7.0 0.0265929 -4.30012e-15
2.0 7.0 0.0259105 -4.30012e-15
2.0 7.0 0.0587005 -0.0
2.0 7.0 0.0511576 -2.20941e-14
2.0 7.0 0.026944 -4.30012e-15
2.0 7.0 0.070314 -2.99441e-15
2.0 7.0 0.0808136 -2.20941e-14
2.0 7.0 0.0268915 -2.32659e-15
2.0 7.0 0.0567315 -4.30012e-15
2.0 7.0 0.0293917 -4.30012e-15
2.0 7.0 0.0757162 -0.0
2.0 7.0 0.0252004 -0.0
2.0 7.0 0.0275178 -9.34438e-15
2.0 8.0 0.0543366 -0.0
2.0 8.0 0.0248318 -0.0
2.0 8.0 0.0519566 -4.30012e-15
2.0 8.0 0.0509545 -4.30012e-15
2.0 8.0 0.0530131 -4.30012e-15
2.0 8.0 0.0249132 -0.0
2.0 8.0 0.0261726 -0.0
2.0 8.0 0.0269974 -4.30012e-15
2.0 8.0 0.0601542 -2.32659e-15
2.0 8.0 0.032593 -4.30012e-15
2.0 8.0 0.0374269 -4.30012e-15
2.0 8.0 0.0508729 -4.30012e-15
2.0 8.0 0.0499817 -4.30012e-15
2.0 8.0 0.0250601 -4.30012e-15
2.0 8.0 0.0542297 -0.0
2.0 8.0 0.0536266 -2.32659e-15
2.0 8.0 0.0509158 -4.30012e-15
2.0 8.0 0.0532622 -8.02859e-15
2.0 8.0 0.0244444 -4.30012e-15
2.0 8.0 0.023396 -0.0
2.0 8.0 0.111735 -4.30012e-15
2.0 8.0 0.0271091 -0.0
2.0 8.0 0.0538949 -0.0
2.0 8.0 0.025925 -0.0
2.0 8.0 0.0519322 -4.30012e-15
2.0 8.0 0.0537349 -4.30012e-15
2.0 8.0 0.0563095 -0.0
2.0 8.0 0.0545166 -0.0
2.0 8.0 0.0252534 -4.30012e-15
2.0 8.0 0.0291999 -4.30012e-15
2.0 8.0 0.0242837 -4.30012e-15
2.0 8.0 0.0530961 -0.0
2.0 8.0 0.0258539 -4.30012e-15
2.0 8.0 0.0528648 -8.02859e-15
2.0 8.0 0.0425148 -4.30012e-15
2.0 8.0 0.0514629 -4.30012e-15
2.0 8.0 0.023857 -4.30012e-15
2.0 8.0 0.0255339 -0.0
2.0 8.0 0.0229023 -4.30012e-15
2.0 8.0 0.0262077 -0.0
2.0 8.0 0.0282235 -2.32659e-15
2.0 8.0 0.0272025 -4.30012e-15
2.0 8.0 0.0536379 -2.19795e-13
2.0 8.0 0.0536398 -0.0
2.0 8.0 0.0293126 -2.32659e-15
2.0 8.0 0.0224529 -2.32659e-15
2.0 8.0 0.05283 -2.32659e-15
2.0 8.0 0.0541174 -0.0
2.0 8.0 0.0525993 -4.30012e-15
2.0 8.0 0.0251323 -0.0
3.0 1.0 0.0725114 -0.0
3.0 1.0 0.0738133 -0.0
3.0 1.0 0.0877713 -0.0
3.0 1.0 0.0812548 -0.0
3.0 1.0 0.0774816 -0.0
3.0 1.0 0.088559 -0.0
3.0 1.0 0.0785401 -0.0
3.0 1.0 0.0859136 -0.0
3.0 1.0 0.0837818 -0.0
3.0 1.0 0.0825817 -0.0
3.0 1.0 0.0876665 -0.0
3.0 1.0 0.0849581 -0.0
3.0 1.0 0.0811276 -0.0
3.0 1.0 0.0862892 -0.0
3.0 1.0 0.0816387 -0.0
3.0 1.0 0.0790548 -0.0
3.0 1.0 0.0741274 -0.0
3.0 1.0 0.0710016 -0.0
3.0 1.0 0.0770973 -0.0
3.0 1.0 0.0824649 -0.0
3.0 1.0 0.0814466 -0.0
3.0 1.0 0.0852911 -0.0
3.0 1.0 0.152454 -0.0
3.0 1.0 0.07495 -0.0
3.0 1.0 0.0882776 -0.0
3.0 1.0 0.0845545 -0.0
3.0 1.0 0.0724691 -0.0
3.0 1.0 0.0812647 -0.0
3.0 1.0 0.11715 -0.0
3.0 1.0 0.0830584 -0.0
3.0 1.0 0.154928 -0.0
3.0 1.0 0.158458 -0.0
3.0 1.0 0.0750158 -0.0
3.0 1.0 0.0751993 -0.0
3.0 1.0 0.15254 -0.0
3.0 1.0 0.0742837 -0.0
3.0 1.0 0.0828462 -0.0
3.0 1.0 0.0808828 -0.0
3.0 1.0 0.128522 -0.0
3.0 1.0 0.137571 -0.0
3.0 1.0 0.129159 -0.0
3.0 1.0 0.0827356 -0.0
3.0 1.0 0.123404 -0.0
3.0 1.0 0.0868253 -0.0
3.0 1.0 0.0845003 -0.0
3.0 1.0 0.0825468 -0.0
3.0 1.0 0.0825492 -0.0
3.0 1.0 0.094084 -0.0
3.0 1.0 0.0762666 -0.0
3.0 1.0 0.0779886 -0.0
3.0 2.0 0.0477697 -0.0
3.0 2.0 0.0418981 -0.0
3.0 2.0 0.0445855 -0.0
3.0 2.0 0.0421722 -0.0
3.0 2.0 0.0465067 -0.0
3.0 2.0 0.0441856 -0.0
3.0 2.0 0.0452799 -0.0
3.0 2.0 0.0451749 -0.0
3.0 2.0 0.0838636 -0.0
3.0 2.0 0.0437802 -0.0
3.0 2.0 0.0452664 -0.0
3.0 2.0 0.0467306 -0.0
3.0 2.0 0.0446526 -0.0
3.0 2.0 0.0460892 -0.0
3.0 2.0 0.0868204 -0.0
3.0 2.0 0.0830796 -0.0
3.0 2.0 0.0503375 -0.0
3.0 2.0 0.0482902 -0.0
3.0 2.0 0.0875491 -0.0
3.0 2.0 0.0510059 -0.0
3.0 2.0 0.0446077 -0.0
3.0 2.0 0.0440786 -0.0
3.0 2.0 0.0452214 -0.0
3.0 2.0 0.046249 -0.0
3.0 2.0 0.0848026 -0.0
3.0 2.0 0.04897 -0.0
3.0 2.0 0.0482203 -0.0
3.0 2.0 0.086989 -0.0
3.0 2.0 0.0458862 -0.0
3.0 2.0 0.0436164 -0.0
3.0 2.0 0.0453797 -0.0
3.0 2.0 0.0447054 -0.0
3.0 2.0 0.0488436 -0.0
3.0 2.0 0.0410118 -0.0
3.0 2.0 0.0452455 -0.0
3.0 2.0 0.045938 -0.0
3.0 2.0 0.0452723 -0.0
3.0 2.0 0.0439685 -0.0
3.0 2.0 0.0505943 -0.0
3.0 2.0 0.0486251 -0.0
3.0 2.0 0.0840376 -0.0
3.0 2.0 0.0847808 -0.0
3.0 2.0 0.0854579 -0.0
3.0 2.0 0.049207 -0.0
3.0 2.0 0.0462919 -0.0
3.0 2.0 0.0473541 -0.0
3.0 2.0 0.0454916 -0.0
3.0 2.0 0.0846672 -0.0
3.0 2.0 0.0484501 -0.0
3.0 2.0 0.0835639 -0.0
3.0 3.0 0.0375062 -0.0
3.0 3.0 0.043462 -0.0
3.0 3.0 0.0482468 -0.0
3.0 3.0 0.0371305 -0.0
3.0 3.0 0.0386978 -0.0
3.0 3.0 0.0337562 -0.0
3.0 3.0 0.0372633 -0.0
3.0 3.0 0.0318059 -0.0
3.0 3.0 0.042586 -0.0
3.0 3.0 0.0332442 -0.0
3.0 3.0 0.0379397 -0.0
3.0 3.0 0.044013 -0.0
3.0 3.0 0.0350902 -0.0
3.0 3.0 0.0375965 -0.0
3.0 3.0 0.0315568 -0.0
3.0 3.0 0.0372324 -0.0
3.0 3.0 0.0310691 -0.0
3.0 3.0 0.0354666 -0.0
3.0 3.0 0.0306555 -0.0
3.0 3.0 0.0503416 -0.0
3.0 3.0 0.0354535 -0.0
3.0 3.0 0.0395806 -0.0
3.0 3.0 0.0360571 -0.0
3.0 3.0 0.0349133 -0.0
3.0 3.0 0.0383295 -0.0
3.0 3.0 0.0323839 -0.0
3.0 3.0 0.0377378 -0.0
3.0 3.0 0.0351129 -0.0
3.0 3.0 0.0351536 -0.0
3.0 3.0 0.035764 -0.0
3.0 3.0 0.033658 -0.0
3.0 3.0 0.036713 -0.0
3.0 3.0 0.0374351 -0.0
3.0 3.0 0.037917 -0.0
3.0 3.0 0.0311958 -0.0
3.0 3.0 0.0341283 -0.0
3.0 3.0 0.0334263 -0.0
3.0 3.0 0.0372856 -0.0
3.0 3.0 0.0335821 -0.0
3.0 3.0 0.0458685 -0.0
3.0 3.0 0.0447946 -0.0
3.0 3.0 0.042298 -0.0
3.0 3.0 0.0359776 -0.0
3.0 3.0 0.034033 -0.0
3.0 3.0 0.0333135 -0.0
3.0 3.0 0.036421 -0.0
3.0 3.0 0.0408477 -0.0
3.0 3.0 0.0339844 -0.0
3.0 3.0 0.0327269 -0.0
3.0 3.0 0.0656536 -0.0
3.0 4.0 0.0352229 -0.0
3.0 4.0 0.0258236 -0.0
3.0 4.0 0.0283495 -0.0
3.0 4.0 0.0317742 -0.0
3.0 4.0 0.0278587 -0.0
3.0 4.0 0.0269501 -0.0
3.0 4.0 0.0267519 -0.0
3.0 4.0 0.0296646 -0.0
3.0 4.0 0.0269442 -0.0
3.0 4.0 0.0291668 -0.0
3.0 4.0 0.0294709 -0.0
3.0 4.0 0.0350467 -0.0
3.0 4.0 0.0263421 -0.0
3.0 4.0 0.0285246 -0.0
3.0 4.0 0.0282193 -0.0
3.0 4.0 0.0283114 -0.0
3.0 4.0 0.0257848 -0.0
3.0 4.0 0.0306608 -0.0
3.0 4.0 0.0276002 -0.0
3.0 4.0 0.0276117 -0.0
3.0 4.0 0.0325008 -0.0
3.0 4.0 0.0408575 -0.0
3.0 4.0 0.0302387 -0.0
3.0 4.0 0.0284879 -0.0
3.0 4.0 0.0259691 -0.0
3.0 4.0 0.0400049 -0.0
3.0 4.0 0.0432844 -0.0
3.0 4.0 0.0283739 -0.0
3.0 4.0 0.0273083 -0.0
3.0 4.0 0.0402342 -0.0
3.0 4.0 0.0263485 -0.0
3.0 4.0 0.029082 -0.0
3.0 4.0 0.0397421 -0.0
3.0 4.0 0.0278569 -0.0
3.0 4.0 0.0303517 -0.0
3.0 4.0 0.0407279 -0.0
3.0 4.0 0.0269857 -0.0
3.0 4.0 0.0298646 -0.0
3.0 4.0 0.0289719 -0.0
3.0 4.0 0.0401576 -0.0
3.0 4.0 0.0304196 -0.0
3.0 4.0 0.0288841 -0.0
3.0 4.0 0.0307531 -0.0
3.0 4.0 0.0368384 -0.0
3.0 4.0 0.0347587 -0.0
3.0 4.0 0.0382248 -0.0
3.0 4.0 0.0254144 -0.0
3.0 4.0 0.029142 -0.0
3.0 4.0 0.0276445 -0.0
3.0 4.0 0.0268004 -0.0
3.0 5.0 0.0265002 -0.0
3.0 5.0 0.0317837 -0.0
3.0 5.0 0.0308573 -0.0
3.0 5.0 0.0313005 -0.0
3.0 5.0 0.0313118 -0.0
3.0 5.0 0.0232493 -0.0
3.0 5.0 0.0332143 -0.0
3.0 5.0 0.0248582 -0.0
3.0 5.0 0.0259132 -0.0
3.0 5.0 0.0311151 -0.0
3.0 5.0 0.0312877 -0.0
3.0 5.0 0.0307435 -0.0
3.0 5.0 0.0309536 -0.0
3.0 5.0 0.0242246 -0.0
3.0 5.0 0.0250155 -0.0
3.0 5.0 0.030981 -0.0
3.0 5.0 0.0382386 -0.0
3.0 5.0 0.0268909 -0.0
3.0 5.0 0.0312436 -0.0
3.0 5.0 0.0362798 -0.0
3.0 5.0 0.0277737 -0.0
3.0 5.0 0.0317593 -0.0
3.0 5.0 0.0307095 -0.0
3.0 5.0 0.0307174 -0.0
3.0 5.0 0.024865 -0.0
3.0 5.0 0.0310114 -0.0
3.0 5.0 0.031248 -0.0
3.0 5.0 0.0504643 -0.0
3.0 5.0 0.0318132 -0.0
3.0 5.0 0.0266212 -0.0
3.0 5.0 0.0264467 -0.0
3.0 5.0 0.0315005 -0.0
3.0 5.0 0.0361987 -0.0
3.0 5.0 0.0313743 -0.0
3.0 5.0 0.0275452 -0.0
3.0 5.0 0.0304792 -0.0
3.0 5.0 0.0260871 -0.0
3.0 5.0 0.0311421 -0.0
3.0 5.0 0.025399 -0.0
3.0 5.0 0.0245656 -0.0
3.0 5.0 0.0313848 -0.0
3.0 5.0 0.0310022 -0.0
3.0 5.0 0.0253051 -0.0
3.0 5.0 0.0302472 -0.0
3.0 5.0 0.0257718 -0.0
3.0 5.0 0.0243775 -0.0
3.0 5.0 0.0277085 -0.0
3.0 5.0 0.0307709 -0.0
3.0 5.0 0.0232968 -0.0
3.0 5.0 0.0255676 -0.0
3.0 6.0 0.0258484 -0.0
3.0 6.0 0.035356 -0.0
3.0 6.0 0.0251207 -0.0
3.0 6.0 0.0226758 -0.0
3.0 6.0 0.0263272 -0.0
3.0 6.0 0.0245463 -0.0
3.0 6.0 0.0252799 -0.0
3.0 6.0 0.0249684 -0.0
3.0 6.0 0.0248572 -0.0
3.0 6.0 0.025817 -0.0
3.0 6.0 0.0249881 -0.0
3.0 6.0 0.0248338 -0.0
3.0 6.0 0.0248001 -0.0
3.0 6.0 0.0250685 -0.0
3.0 6.0 0.0242954 -0.0
3.0 6.0 0.0256225 -0.0
3.0 6.0 0.0261177 -0.0
3.0 6.0 0.0268394 -0.0
3.0 6.0 0.0248407 -0.0
3.0 6.0 0.0249539 -0.0
3.0 6.0 0.0234976 -0.0
3.0 6.0 0.0250951 -0.0
3.0 6.0 0.0229615 -0.0
3.0 6.0 0.0225006 -0.0
3.0 6.0 0.0251731 -0.0
3.0 6.0 0.0250302 -0.0
3.0 6.0 0.023578 -0.0
3.0 6.0 0.0251675 -0.0
3.0 6.0 0.024989 -0.0
3.0 6.0 0.0263523 -0.0
3.0 6.0 0.0249363 -0.0
3.0 6.0 0.0366717 -0.0
3.0 6.0 0.026884 -0.0
3.0 6.0 0.0254206 -0.0
3.0 6.0 0.0330319 -0.0
3.0 6.0 0.0252039 -0.0
3.0 6.0 0.0250435 -0.0
3.0 6.0 0.0251658 -0.0
3.0 6.0 0.0246282 -0.0
3.0 6.0 0.0253589 -0.0
3.0 6.0 0.0236416 -0.0
3.0 6.0 0.0267261 -0.0
3.0 6.0 0.0241796 -0.0
3.0 6.0 0.0251066 -0.0
3.0 6.0 0.0231114 -0.0
3.0 6.0 0.0267652 -0.0
3.0 6.0 0.025089 -0.0
3.0 6.0 0.0245915 -0.0
3.0 6.0 0.0235429 -0.0
3.0 6.0 0.0235429 -0.0
3.0 7.0 0.0227009 -0.0
3.0 7.0 0.0226107 -0.0
3.0 7.0 0.0290362 -0.0
3.0 7.0 0.022217 -0.0
3.0 7.0 0.0229678 -0.0
3.0 7.0 0.0326722 -0.0
3.0 7.0 0.0237556 -0.0
3.0 7.0 0.0238985 -0.0
3.0 7.0 0.0231105 -0.0
3.0 7.0 0.0229554 -0.0
3.0 7.0 0.0231261 -0.0
3.0 7.0 0.022656 -0.0
3.0 7.0 0.0246707 -0.0
3.0 7.0 0.0214807 -0.0
3.0 7.0 0.0237936 -0.0
3.0 7.0 0.024022 -0.0
3.0 7.0 0.0320348 -0.0
3.0 7.0 0.0226084 -0.0
3.0 7.0 0.0231189 -0.0
3.0 7.0 0.0202907 -0.0
3.0 7.0 0.0230093 -0.0
3.0 7.0 0.0229144 -0.0
3.0 7.0 0.0212599 -0.0
3.0 7.0 0.0205542 -0.0
3.0 7.0 0.0214584 -0.0
3.0 7.0 0.0228725 -0.0
3.0 7.0 0.0229451 -0.0
3.0 7.0 0.0211796 -0.0
3.0 7.0 0.0242497 -0.0
3.0 7.0 0.024169 -0.0
3.0 7.0 0.02248 -0.0
3.0 7.0 0.0310802 -0.0
3.0 7.0 0.0251605 -0.0
3.0 7.0 0.0242166 -0.0
3.0 7.0 0.0356391 -0.0
3.0 7.0 0.0230001 -0.0
3.0 7.0 0.0325255 -0.0
3.0 7.0 0.0311807 -0.0
3.0 7.0 0.0231072 -0.0
3.0 7.0 0.0229545 -0.0
3.0 7.0 0.0231571 -0.0
3.0 7.0 0.0212952 -0.0
3.0 7.0 0.0226586 -0.0
3.0 7.0 0.0206848 -0.0
3.0 7.0 0.023464 -0.0
3.0 7.0 0.0233794 -0.0
3.0 7.0 0.022878 -0.0
3.0 7.0 0.0238974 -0.0
3.0 7.0 0.0227025 -0.0
3.0 7.0 0.0248607 -0.0
3.0 8.0 0.0193286 -0.0
3.0 8.0 0.0244976 -0.0
3.0 8.0 0.024848 -0.0
3.0 8.0 0.0213039 -0.0
3.0 8.0 0.0246236 -0.0
3.0 8.0 0.0211887 -0.0
3.0 8.0 0.0316329 -0.0
3.0 8.0 0.0202692 -0.0
3.0 8.0 0.0223011 -0.0
3.0 8.0 0.0273582 -0.0
3.0 8.0 0.0259176 -0.994959
3.0 8.0 0.0250747 -0.0
3.0 8.0 0.0250338 -0.0
3.0 8.0 0.0199334 -0.0
3.0 8.0 0.0207057 -0.0
3.0 8.0 0.0237947 -0.0
3.0 8.0 0.0248782 -0.0
3.0 8.0 0.0319888 -0.0
3.0 8.0 0.0238671 -0.0
3.0 8.0 0.0240737 -0.0
3.0 8.0 0.0312536 -0.0
3.0 8.0 0.0266729 -0.0
3.0 8.0 0.0265282 -0.0
3.0 8.0 0.02373 -0.0
3.0 8.0 0.0205658 -0.0
3.0 8.0 0.0195708 -0.0
3.0 8.0 0.0236637 -0.0
3.0 8.0 0.0251939 -0.0
3.0 8.0 0.0215704 -0.0
3.0 8.0 0.0248997 -0.0
3.0 8.0 0.022751 -0.0
3.0 8.0 0.0219238 -0.0
3.0 8.0 0.0240028 -0.0
3.0 8.0 0.0256677 -0.0
3.0 8.0 0.0247108 -0.0
3.0 8.0 0.0196987 -0.0
3.0 8.0 0.0248486 -0.0
3.0 8.0 0.0253924 -0.0
3.0 8.0 0.0237195 -0.0
3.0 8.0 0.0216928 -0.0
3.0 8.0 0.0245308 -0.0
3.0 8.0 0.0193635 -0.0
3.0 8.0 0.0287847 -0.0
3.0 8.0 0.0242636 -0.0
3.0 8.0 0.0294411 -0.0
3.0 8.0 0.0255344 -0.0
3.0 8.0 0.0261365 -0.0
3.0 8.0 0.0209285 -0.0
3.0 8.0 0.0271802 -0.0
3.0 8.0 0.0234369 -0.0
4.0 1.0 1.67019 99.9851
4.0 1.0 2.62756 99.9752
4.0 1.0 1.90889 99.9851
4.0 1.0 1.43534 99.9633
4.0 1.0 2.36414 99.9851
4.0 1.0 1.47569 99.9516
4.0 1.0 1.57272 99.9963
4.0 1.0 1.56525 99.9843
4.0 1.0 3.14546 99.973
4.0 1.0 1.65525 99.9995
4.0 1.0 1.55896 99.9851
4.0 1.0 3.16455 99.9613
4.0 1.0 1.69388 99.9771
4.0 1.0 2.20121 99.9613
4.0 1.0 1.86603 99.9969
4.0 1.0 1.84102 99.9862
4.0 1.0 1.6763 99.9851
4.0 1.0 1.71206 99.9764
4.0 1.0 1.78484 99.9972
4.0 1.0 0.529411 99.9851
4.0 1.0 0.536856 99.9772
4.0 1.0 1.90131 99.9633
4.0 1.0 2.04191 99.9857
4.0 1.0 1.62723 99.9722
4.0 1.0 1.81153 99.982
4.0 1.0 1.8042 99.9752
4.0 1.0 3.33776 99.9905
4.0 1.0 1.80664 99.999
4.0 1.0 3.09297 99.9979
4.0 1.0 2.49362 99.9633
4.0 1.0 1.73471 99.9776
4.0 1.0 1.40056 99.9872
4.0 1.0 1.29773 99.9668
4.0 1.0 1.75269 99.9761
4.0 1.0 1.67904 99.9669
4.0 1.0 1.46407 99.9929
4.0 1.0 1.99268 99.9762
4.0 1.0 1.71586 99.9995
4.0 1.0 1.7561 99.9851
4.0 1.0 3.8521 99.9846
4.0 1.0 2.74785 99.9669
4.0 1.0 4.03936 99.9782
4.0 1.0 3.33387 99.9902
4.0 1.0 3.22065 99.9752
4.0 1.0 1.99152 99.9516
4.0 1.0 1.57339 99.9935
4.0 1.0 1.51186 99.9998
4.0 1.0 1.71394 99.9935
4.0 1.0 1.44965 99.9851
4.0 1.0 1.37441 99.9851
4.0 2.0 0.870819 99.951
4.0 2.0 0.181025 99.9897
4.0 2.0 0.97838 99.9752
4.0 2.0 1.90535 99.9923
4.0 2.0 0.826256 99.9813
4.0 2.0 1.36454 99.9613
4.0 2.0 0.174091 99.979
4.0 2.0 1.18467 99.9272
4.0 2.0 2.14206 99.9657
4.0 2.0 2.17754 99.9869
4.0 2.0 0.340668 99.9743
4.0 2.0 1.08859 99.983
4.0 2.0 0.946282 99.9607
4.0 2.0 1.5027 99.9516
4.0 2.0 0.984094 99.9613
4.0 2.0 0.340082 99.9934
4.0 2.0 1.08733 99.9434
4.0 2.0 0.337665 99.9762
4.0 2.0 0.360568 99.9558
4.0 2.0 0.316031 99.9762
4.0 2.0 2.2892 99.9833
4.0 2.0 1.33312 99.9762
4.0 2.0 0.99754 99.9814
4.0 2.0 1.21836 99.9928
4.0 2.0 2.51654 99.9895
4.0 2.0 1.44837 99.9745
4.0 2.0 0.323759 99.9751
4.0 2.0 0.328729 99.8628
4.0 2.0 1.16441 99.985
4.0 2.0 0.332265 99.9978
4.0 2.0 0.948765 99.9642
4.0 2.0 0.863667 99.9948
4.0 2.0 1.21597 99.9752
4.0 2.0 0.308117 99.9991
4.0 2.0 0.179454 99.9579
4.0 2.0 1.23709 99.9792
4.0 2.0 2.00141 99.9633
4.0 2.0 1.61393 99.9753
4.0 2.0 0.336229 99.9753
4.0 2.0 1.39062 99.9737
4.0 2.0 0.868319 99.97
4.0 2.0 1.49062 99.9474
4.0 2.0 0.951861 99.9752
4.0 2.0 0.191984 99.9516
4.0 2.0 1.09189 99.9516
4.0 2.0 1.23992 99.9522
4.0 2.0 2.16002 99.967
4.0 2.0 0.777447 99.9638
4.0 2.0 0.972184 99.9561
4.0 2.0 1.04793 99.9752
4.0 3.0 2.20149 99.9516
4.0 3.0 0.909804 99.9706
4.0 3.0 0.190148 99.9948
4.0 3.0 1.93381 99.9767
4.0 3.0 1.07846 99.9599
4.0 3.0 0.977175 99.9817
4.0 3.0 0.796446 99.9227
4.0 3.0 0.904 99.9913
4.0 3.0 1.11809 99.9546
4.0 3.0 1.2436 99.9762
4.0 3.0 1.27742 99.9811
4.0 3.0 1.19698 99.9681
4.0 3.0 1.1275 99.9752
4.0 3.0 0.911569 99.9578
4.0 3.0 0.952583 99.9982
4.0 3.0 0.839591 99.9752
4.0 3.0 0.989087 99.9968
4.0 3.0 1.03383 99.9881
4.0 3.0 0.861196 99.99
4.0 3.0 1.01958 99.9461
4.0 3.0 0.916193 99.997
4.0 3.0 1.13442 99.8969
4.0 3.0 0.862514 99.9043
4.0 3.0 0.9485 99.9852
4.0 3.0 0.693011 99.9911
4.0 3.0 1.05579 99.9826
4.0 3.0 1.14507 99.9117
4.0 3.0 0.642297 99.9859
4.0 3.0 0.967081 99.9527
4.0 3.0 0.568895 99.9971
4.0 3.0 0.639145 99.9595
4.0 3.0 0.186674 99.9762
4.0 3.0 2.05809 99.98
4.0 3.0 0.867663 99.9516
4.0 3.0 1.04782 99.9762
4.0 3.0 0.655829 99.9841
4.0 3.0 0.22894 99.9945
4.0 3.0 1.31155 99.9516
4.0 3.0 0.178895 99.9974
4.0 3.0 1.56415 99.9958
4.0 3.0 1.02791 99.9516
4.0 3.0 1.01321 99.9707
4.0 3.0 0.843822 99.9755
4.0 3.0 1.45551 99.9546
4.0 3.0 1.10006 99.9804
4.0 3.0 0.979606 99.9762
4.0 3.0 1.99097 99.9568
4.0 3.0 1.00024 99.9715
4.0 3.0 0.980879 99.9447
4.0 3.0 0.603104 99.9516
4.0 4.0 0.887055 99.9875
4.0 4.0 0.849679 99.9907
4.0 4.0 0.817688 99.9864
4.0 4.0 0.786343 99.992
4.0 4.0 0.942425 99.8879
4.0 4.0 0.525879 99.9973
4.0 4.0 1.27154 99.9994
4.0 4.0 0.848105 99.9736
4.0 4.0 0.765467 99.9335
4.0 4.0 1.03203 99.9924
4.0 4.0 1.70129 99.9582
4.0 4.0 0.89867 99.9868
4.0 4.0 1.51025 99.9977
4.0 4.0 1.50862 99.907
4.0 4.0 0.816798 99.9545
4.0 4.0 0.531884 99.9062
4.0 4.0 1.13547 99.9357
4.0 4.0 1.21036 99.9919
4.0 4.0 1.05825 99.9856
4.0 4.0 0.865345 99.9642
4.0 4.0 0.962487 99.9546
4.0 4.0 0.989754 99.8823
4.0 4.0 1.37209 99.9546
4.0 4.0 1.25112 99.9546
4.0 4.0 0.448376 99.9901
4.0 4.0 1.47441 99.9516
4.0 4.0 1.90878 99.9865
4.0 4.0 1.36648 99.9289
4.0 4.0 0.826783 99.924
4.0 4.0 0.72506 99.9516
4.0 4.0 0.98333 99.9546
4.0 4.0 0.771557 99.8996
4.0 4.0 1.09894 99.9831
4.0 4.0 1.03853 99.9618
4.0 4.0 0.670589 99.9249
4.0 4.0 0.923469 99.9005
4.0 4.0 0.690123 99.9626
4.0 4.0 0.89217 99.7738
4.0 4.0 1.1435 99.9516
4.0 4.0 0.755927 99.9531
4.0 4.0 2.88578 99.924
4.0 4.0 3.38922 99.9327
4.0 4.0 1.50347 99.9516
4.0 4.0 0.911626 99.9899
4.0 4.0 0.845982 99.924
4.0 4.0 1.23601 99.9821
4.0 4.0 0.675313 99.9928
4.0 4.0 1.32151 99.9901
4.0 4.0 0.489212 99.9492
4.0 4.0 2.15587 99.9899
4.0 5.0 0.111324 99.9735
4.0 5.0 0.111907 99.9774
4.0 5.0 0.113845 99.9682
4.0 5.0 0.111659 99.9759
4.0 5.0 0.134971 99.95
4.0 5.0 0.11427 99.9516
4.0 5.0 0.113214 99.984
4.0 5.0 1.92202 99.9048
4.0 5.0 0.114967 99.991
4.0 5.0 0.112505 99.9888
4.0 5.0 0.105299 99.9669
4.0 5.0 0.115005 99.9568
4.0 5.0 0.116847 99.9516
4.0 5.0 0.112324 99.9858
4.0 5.0 1.89413 99.9155
4.0 5.0 0.114525 99.9993
4.0 5.0 0.784293 99.9482
4.0 5.0 0.108446 99.9999
4.0 5.0 0.107974 99.8628
4.0 5.0 0.112263 99.9887
4.0 5.0 0.113344 99.9546
4.0 5.0 0.112235 99.924
4.0 5.0 0.11006 99.9852
4.0 5.0 0.114866 99.9861
4.0 5.0 0.608803 99.924
4.0 5.0 0.114134 99.9752
4.0 5.0 0.110008 99.9762
4.0 5.0 0.10832 99.9546
4.0 5.0 1.23719 99.9906
4.0 5.0 0.114504 99.9893
4.0 5.0 0.11477 99.8843
4.0 5.0 0.113366 99.9546
4.0 5.0 0.642717 99.9287
4.0 5.0 0.111551 99.9696
4.0 5.0 0.112307 99.9821
4.0 5.0 0.110539 99.9928
4.0 5.0 0.113633 99.9516
4.0 5.0 0.533097 99.9981
4.0 5.0 0.148086 99.9516
4.0 5.0 3.89989 99.9516
4.0 5.0 10.0739 99.9875
4.0 5.0 8.63058 99.9516
4.0 5.0 8.89583 99.9795
4.0 5.0 8.82893 99.9847
4.0 5.0 10.2415 99.9223
4.0 5.0 10.2629 99.9846
4.0 5.0 11.9738 99.9752
4.0 5.0 12.2266 99.9752
4.0 5.0 12.9176 99.969
4.0 5.0 13.0649 99.8708
4.0 6.0 0.0915545 99.9048
4.0 6.0 0.092521 99.9727
4.0 6.0 0.113399 99.9752
4.0 6.0 0.0939396 99.9411
4.0 6.0 0.0968216 99.9988
4.0 6.0 0.0929728 99.8827
4.0 6.0 0.517349 99.8903
4.0 6.0 0.51574 99.9824
4.0 6.0 0.651151 99.976
4.0 6.0 0.0893796 99.9387
4.0 6.0 0.0905995 99.9783
4.0 6.0 0.094027 99.9516
4.0 6.0 0.12462 99.9804
4.0 6.0 1.39087 99.9696
4.0 6.0 0.0909576 99.9333
4.0 6.0 0.0923093 99.9879
4.0 6.0 0.0978936 99.9516
4.0 6.0 0.0979051 99.9966
4.0 6.0 0.713568 99.8462
4.0 6.0 2.42448 99.9794
4.0 6.0 0.0925934 99.9516
4.0 6.0 0.0979214 99.9878
4.0 6.0 0.0950728 99.8363
4.0 6.0 0.115726 99.9645
4.0 6.0 0.531337 99.9241
4.0 6.0 0.0904032 99.9929
4.0 6.0 0.0910771 99.9564
4.0 6.0 0.0931538 99.9752
4.0 6.0 0.0935347 99.9953
4.0 6.0 0.0965821 99.9998
4.0 6.0 0.551609 99.9183
4.0 6.0 0.0893376 99.9546
4.0 6.0 0.0945343 99.995
4.0 6.0 0.0931368 99.9902
4.0 6.0 0.094514 99.9964
4.0 6.0 0.0917316 99.9096
4.0 6.0 0.0953872 99.9381
4.0 6.0 0.0954037 99.9183
4.0 6.0 0.534452 99.9546
4.0 6.0 4.63603 99.9516
4.0 6.0 5.48363 99.9546
4.0 6.0 5.08835 99.8703
4.0 6.0 5.17733 99.9516
4.0 6.0 4.14276 99.9546
4.0 6.0 5.32673 99.8745
4.0 6.0 6.81611 99.9297
4.0 6.0 8.37791 99.9942
4.0 6.0 8.13412 99.9516
4.0 6.0 8.33203 99.8727
4.0 6.0 8.72001 99.9639
4.0 7.0 0.0806777 99.9572
4.0 7.0 0.0834648 99.8845
4.0 7.0 0.110772 99.9935
4.0 7.0 0.0818274 99.9546
4.0 7.0 0.0815935 99.9752
4.0 7.0 0.0795362 99.8628
4.0 7.0 0.0822931 99.9752
4.0 7.0 0.0823247 99.9977
4.0 7.0 0.0814655 99.973
4.0 7.0 1.59405 99.9998
4.0 7.0 1.33229 99.9411
4.0 7.0 1.4381 99.9048
4.0 7.0 0.0851109 99.9464
4.0 7.0 0.0862334 99.9752
4.0 7.0 2.92601 99.9516
4.0 7.0 0.501791 99.965
4.0 7.0 0.0832067 99.9048
4.0 7.0 0.0829358 99.8302
4.0 7.0 0.0794667 99.9623
4.0 7.0 0.510478 99.9882
4.0 7.0 0.114405 99.8609
4.0 7.0 0.114655 99.9878
4.0 7.0 0.0845656 99.9145
4.0 7.0 0.0821933 99.9546
4.0 7.0 0.0860875 99.9516
4.0 7.0 1.12279 99.9546
4.0 7.0 1.45401 99.9869
4.0 7.0 0.0811411 99.9897
4.0 7.0 0.0859135 99.9516
4.0 7.0 1.07029 99.9048
4.0 7.0 3.40633 99.9042
4.0 7.0 0.103229 99.9895
4.0 7.0 0.0801634 99.9166
4.0 7.0 0.524331 99.9337
4.0 7.0 0.0820311 99.9984
4.0 7.0 5.13937 99.9407
4.0 7.0 1.4606 99.8614
4.0 7.0 1.47307 99.9607
4.0 7.0 5.21034 99.9022
4.0 7.0 0.108351 99.9516
4.0 7.0 0.107305 99.9516
4.0 7.0 0.0838403 99.9546
4.0 7.0 0.106436 99.8396
4.0 7.0 3.82727 99.8774
4.0 7.0 4.02217 99.934
4.0 7.0 1.63915 99.9906
4.0 7.0 1.10226 99.9048
4.0 7.0 5.97256 99.9516
4.0 7.0 2.01846 99.9838
4.0 7.0 2.18808 99.8628
4.0 8.0 0.0802437 99.9829
4.0 8.0 0.0820396 99.9982
4.0 8.0 0.480644 99.9516
4.0 8.0 0.781456 99.8964
4.0 8.0 0.781456 99.8964
4.0 8.0 0.781456 99.8964
4.0 8.0 0.781456 99.8964
4.0 8.0 0.781456 99.8964
4.0 8.0 0.781456 99.8964
4.0 8.0 0.781456 99.8964
4.0 8.0 0.781456 99.8964
4.0 8.0 0.781456 99.8964
4.0 8.0 0.781456 99.8964
4.0 8.0 0.781456 99.8964
4.0 8.0 0.781456 99.8964
4.0 8.0 0.781456 99.8964
4.0 8.0 0.781456 99.8964
4.0 8.0 0.781456 99.8964
4.0 8.0 0.781456 99.8964
4.0 8.0 0.781456 99.8964
4.0 8.0 0.781456 99.8964
4.0 8.0 0.781456 99.8964
4.0 8.0 0.781456 99.8964
4.0 8.0 0.781456 99.8964
4.0 8.0 0.781456 99.8964
4.0 8.0 0.781456 99.8964
4.0 8.0 0.781456 99.8964
4.0 8.0 0.781456 99.8964
4.0 8.0 0.781456 99.8964
4.0 8.0 0.781456 99.8964
4.0 8.0 0.781456 99.8964
4.0 8.0 0.781456 99.8964
4.0 8.0 0.781456 99.8964
4.0 8.0 0.781456 99.8964
4.0 8.0 0.781456 99.8964
4.0 8.0 0.781456 99.8964
4.0 8.0 0.781456 99.8964
4.0 8.0 0.781456 99.8964
4.0 8.0 0.781456 99.8964
4.0 8.0 0.781456 99.8964
4.0 8.0 0.781456 99.8964
4.0 8.0 0.781456 99.8964
4.0 8.0 0.781456 99.8964
4.0 8.0 0.781456 99.8964
4.0 8.0 0.781456 99.8964
4.0 8.0 0.781456 99.8964
4.0 8.0 0.781456 99.8964
4.0 8.0 0.781456 99.8964
4.0 8.0 0.781456 99.8964
4.0 8.0 0.781456 99.8964
5.0 1.0 56.5537 -20.797
5.0 1.0 56.565 -20.797
5.0 1.0 56.0082 -20.9406
5.0 1.0 56.1649 -20.9406
5.0 1.0 55.2464 -20.9406
5.0 1.0 55.9738 -20.9406
5.0 1.0 56.1871 -20.9406
5.0 1.0 56.3846 -20.9406
5.0 1.0 56.2002 -20.9406
5.0 1.0 55.8328 -20.9406
5.0 1.0 55.5844 -20.9406
5.0 1.0 56.9215 -20.9406
5.0 1.0 56.1589 -20.9406
5.0 1.0 56.0397 -20.9406
5.0 1.0 55.1692 -20.9406
5.0 1.0 56.3355 -20.9406
5.0 1.0 59.3226 -20.797
5.0 1.0 55.3904 -20.9406
5.0 1.0 56.0717 -20.9406
5.0 1.0 56.1582 -20.9406
5.0 1.0 56.4833 -20.9406
5.0 1.0 55.4996 -20.9406
5.0 1.0 56.0389 -20.9406
5.0 1.0 55.6525 -20.797
5.0 1.0 55.4551 -20.9406
5.0 1.0 56.1374 -20.9406
5.0 1.0 55.6361 -20.9406
5.0 1.0 56.3817 -20.9406
5.0 1.0 56.346 -20.9406
5.0 1.0 56.2368 -20.9406
5.0 1.0 56.1755 -20.9406
5.0 1.0 55.9273 -20.9406
5.0 1.0 59.0917 -20.797
5.0 1.0 55.9711 -20.9406
5.0 1.0 59.2591 -20.797
5.0 1.0 55.939 -20.9406
5.0 1.0 56.2181 -20.9406
5.0 1.0 55.3712 -20.9406
5.0 1.0 55.9113 -20.9406
5.0 1.0 56.3242 -20.9406
5.0 1.0 56.595 -20.797
5.0 1.0 55.83 -20.9406
5.0 1.0 56.0867 -20.9406
5.0 1.0 56.2136 -20.9406
5.0 1.0 55.936 -20.9406
5.0 1.0 58.9421 -20.797
5.0 1.0 56.0471 -20.9406
5.0 1.0 56.1657 -20.9406
5.0 1.0 55.8809 -20.9406
5.0 1.0 56.1364 -20.9406
5.0 2.0 28.1788 -20.9406
5.0 2.0 28.4288 -20.9406
5.0 2.0 28.4302 -20.9406
5.0 2.0 28.2102 -20.8283
5.0 2.0 28.7304 -20.797
5.0 2.0 28.3529 -20.9406
5.0 2.0 28.389 -21.0462
5.0 2.0 28.1752 -20.9406
5.0 2.0 28.1492 -21.0462
5.0 2.0 29.4908 -20.797
5.0 2.0 28.144 -20.9406
5.0 2.0 28.2274 -20.9406
5.0 2.0 28.6496 -20.9406
5.0 2.0 29.2658 -20.797
5.0 2.0 28.1865 -20.9406
5.0 2.0 29.3303 -20.797
5.0 2.0 28.3421 -21.0462
5.0 2.0 28.1146 -20.9406
5.0 2.0 28.1444 -20.9406
5.0 2.0 29.5516 -20.9406
5.0 2.0 29.498 -20.9406
5.0 2.0 27.8395 -20.9406
5.0 2.0 28.1657 -21.0462
5.0 2.0 28.1967 -20.9406
5.0 2.0 28.1076 -20.9406
5.0 2.0 28.4378 -20.797
5.0 2.0 28.1676 -20.9406
5.0 2.0 28.2482 -20.9406
5.0 2.0 29.187 -20.9406
5.0 2.0 28.1689 -20.797
5.0 2.0 28.1136 -20.9406
5.0 2.0 28.4072 -20.9406
5.0 2.0 28.1057 -20.9406
5.0 2.0 29.4108 -20.9406
5.0 2.0 28.3641 -20.9406
5.0 2.0 29.6777 -20.797
5.0 2.0 29.6063 -20.797
5.0 2.0 27.9333 -20.9406
5.0 2.0 28.0444 -20.9406
5.0 2.0 28.142 -20.9406
5.0 2.0 28.1487 -20.9406
5.0 2.0 29.2596 -20.9406
5.0 2.0 28.4959 -20.9406
5.0 2.0 27.9912 -20.797
5.0 2.0 28.0448 -20.9406
5.0 2.0 28.233 -20.9406
5.0 2.0 28.1764 -21.0462
5.0 2.0 29.1074 -20.797
5.0 2.0 28.1732 -20.9406
5.0 2.0 28.2433 -20.9406
5.0 3.0 19.7671 -20.797
5.0 3.0 19.62 -20.9406
5.0 3.0 19.0579 -20.9406
5.0 3.0 19.6256 -20.9406
5.0 3.0 18.9431 -21.0462
5.0 3.0 19.7437 -20.9406
5.0 3.0 18.5781 -20.9406
5.0 3.0 19.4113 -20.9406
5.0 3.0 18.7763 -21.0462
5.0 3.0 19.4905 -20.9406
5.0 3.0 19.8051 -20.797
5.0 3.0 18.9527 -21.0462
5.0 3.0 18.8072 -20.9406
5.0 3.0 18.5829 -20.9406
5.0 3.0 18.9996 -21.0462
5.0 3.0 19.0007 -20.9406
5.0 3.0 19.558 -20.797
5.0 3.0 18.6971 -20.797
5.0 3.0 18.9418 -21.0462
5.0 3.0 18.9007 -20.9406
5.0 3.0 19.3351 -20.9406
5.0 3.0 18.9501 -20.9406
5.0 3.0 18.7539 -20.9406
5.0 3.0 19.5502 -20.9406
5.0 3.0 19.8364 -20.798
5.0 3.0 18.8759 -20.9406
5.0 3.0 19.7554 -20.797
5.0 3.0 19.4511 -20.9406
5.0 3.0 19.4865 -20.9406
5.0 3.0 19.4381 -21.0462
5.0 3.0 19.4245 -20.9406
5.0 3.0 19.493 -20.9406
5.0 3.0 18.6674 -21.0462
5.0 3.0 18.9354 -20.9406
5.0 3.0 19.0575 -20.9406
5.0 3.0 19.9 -20.797
5.0 3.0 18.8889 -21.0462
5.0 3.0 18.9004 -21.0462
5.0 3.0 18.6991 -20.797
5.0 3.0 19.9587 -20.797
5.0 3.0 19.7271 -20.9406
5.0 3.0 19.1096 -20.797
5.0 3.0 18.9675 -20.9406
5.0 3.0 19.6816 -20.797
5.0 3.0 19.7519 -20.797
5.0 3.0 19.0018 -20.9406
5.0 3.0 18.9536 -20.9406
5.0 3.0 19.5303 -20.797
5.0 3.0 18.5621 -21.0462
5.0 3.0 18.8562 -20.9406
5.0 4.0 14.7707 -21.0462
5.0 4.0 14.3288 -21.0462
5.0 4.0 13.8703 -21.0462
5.0 4.0 14.1894 -20.9406
5.0 4.0 14.7868 -21.0462
5.0 4.0 14.7946 -21.0462
5.0 4.0 14.9716 -20.797
5.0 4.0 14.2547 -20.9406
5.0 4.0 14.1292 -21.0462
5.0 4.0 14.0612 -20.9406
5.0 4.0 14.1708 -20.9406
5.0 4.0 14.1857 -20.9406
5.0 4.0 13.8555 -20.9406
5.0 4.0 15.0024 -20.797
5.0 4.0 14.8013 -20.797
5.0 4.0 14.0736 -21.0462
5.0 4.0 14.7177 -20.797
5.0 4.0 14.1361 -20.9406
5.0 4.0 14.3556 -20.9406
5.0 4.0 14.8513 -20.9406
5.0 4.0 14.9744 -20.797
5.0 4.0 14.8135 -20.9406
5.0 4.0 14.1553 -21.0462
5.0 4.0 15.0017 -21.0462
5.0 4.0 14.1015 -20.9406
5.0 4.0 14.1505 -21.0462
5.0 4.0 14.8052 -20.9406
5.0 4.0 14.1937 -20.9406
5.0 4.0 15.0684 -21.0462
5.0 4.0 14.5985 -21.0462
5.0 4.0 15.6522 -20.7985
5.0 4.0 14.73 -20.9406
5.0 4.0 15.0174 -20.797
5.0 4.0 14.4277 -20.9406
5.0 4.0 14.8194 -20.9406
5.0 4.0 14.1751 -20.9406
5.0 4.0 14.6936 -21.0462
5.0 4.0 14.8184 -20.9406
5.0 4.0 14.7287 -21.0462
5.0 4.0 14.7762 -20.797
5.0 4.0 14.7956 -20.9406
5.0 4.0 14.3183 -20.9406
5.0 4.0 14.9067 -21.0462
5.0 4.0 14.4032 -20.9406
5.0 4.0 14.8646 -20.797
5.0 4.0 14.8554 -20.9406
5.0 4.0 14.7775 -21.0462
5.0 4.0 14.0981 -21.0462
5.0 4.0 14.7843 -21.0462
5.0 4.0 14.5714 -20.9406
5.0 5.0 11.088 -20.9406
5.0 5.0 11.3208 -21.0462
5.0 5.0 10.9713 -20.9406
5.0 5.0 10.9636 -21.0462
5.0 5.0 10.9766 -20.9406
5.0 5.0 11.1549 -21.0462
5.0 5.0 11.2695 -20.9406
5.0 5.0 10.9671 -20.9406
5.0 5.0 11.3426 -20.9406
5.0 5.0 11.6449 -20.797
5.0 5.0 10.9694 -20.9406
5.0 5.0 11.0246 -21.0462
5.0 5.0 12.2435 -20.9406
5.0 5.0 10.9617 -20.9406
5.0 5.0 11.1968 -20.9406
5.0 5.0 11.337 -20.9406
5.0 5.0 11.7634 -20.9406
5.0 5.0 15.4471 -20.9406
5.0 5.0 12.3138 -20.797
5.0 5.0 12.3889 -20.797
5.0 5.0 16.0554 -20.9406
5.0 5.0 12.5365 -20.9406
5.0 5.0 11.7925 -20.797
5.0 5.0 11.0221 -20.9406
5.0 5.0 12.2872 -20.7985
5.0 5.0 11.6572 -20.797
5.0 5.0 11.0148 -21.0462
5.0 5.0 12.0433 -20.7985
5.0 5.0 11.0395 -20.9406
5.0 5.0 11.321 -20.9406
5.0 5.0 11.8872 -20.9406
5.0 5.0 11.0719 -21.0462
5.0 5.0 11.4916 -20.9406
5.0 5.0 11.8739 -20.797
5.0 5.0 11.0205 -20.9406
5.0 5.0 11.5616 -20.9406
5.0 5.0 12.0679 -21.0462
5.0 5.0 11.0492 -20.9406
5.0 5.0 12.0255 -20.9406
5.0 5.0 11.9998 -21.0462
5.0 5.0 12.3587 -20.797
5.0 5.0 11.8455 -21.0462
5.0 5.0 11.3246 -20.9406
5.0 5.0 12.0159 -21.0462
5.0 5.0 11.9918 -20.9406
5.0 5.0 11.9164 -20.797
5.0 5.0 11.9702 -20.9406
5.0 5.0 11.2725 -20.9406
5.0 5.0 11.0244 -20.9406
5.0 5.0 11.2492 -20.9406
5.0 6.0 9.31063 -21.0462
5.0 6.0 9.62905 -20.9406
5.0 6.0 9.30859 -20.9406
5.0 6.0 9.50559 -20.9406
5.0 6.0 9.31812 -21.0462
5.0 6.0 9.68099 -20.9406
5.0 6.0 9.72327 -21.0462
5.0 6.0 10.0347 -20.797
5.0 6.0 9.67608 -21.0462
5.0 6.0 9.2976 -20.9406
5.0 6.0 9.30274 -20.9406
5.0 6.0 9.32147 -21.0462
5.0 6.0 9.47152 -20.797
5.0 6.0 9.58406 -21.0462
5.0 6.0 10.2431 -20.9406
5.0 6.0 9.76137 -20.9406
5.0 6.0 9.56707 -20.9406
5.0 6.0 9.93715 -20.9406
5.0 6.0 10.2256 -20.797
5.0 6.0 10.2511 -20.7985
5.0 6.0 9.74888 -21.0462
5.0 6.0 9.76057 -21.0462
5.0 6.0 10.2094 -20.9406
5.0 6.0 9.61717 -21.0462
5.0 6.0 10.1688 -20.797
5.0 6.0 10.11 -20.9406
5.0 6.0 9.59927 -20.9406
5.0 6.0 9.79542 -20.9406
5.0 6.0 9.55519 -21.0462
5.0 6.0 9.72329 -20.9406
5.0 6.0 9.9316 -20.9406
5.0 6.0 9.31484 -20.9406
5.0 6.0 9.82118 -20.9406
5.0 6.0 9.434 -21.0462
5.0 6.0 9.99589 -20.9406
5.0 6.0 10.1735 -20.9406
5.0 6.0 10.1014 -20.9406
5.0 6.0 9.32475 -20.9406
5.0 6.0 9.30766 -21.0462
5.0 6.0 9.37096 -20.797
5.0 6.0 9.80778 -20.9406
5.0 6.0 9.73489 -20.9406
5.0 6.0 9.30342 -20.9406
5.0 6.0 9.83018 -20.9406
5.0 6.0 10.0323 -20.797
5.0 6.0 10.1497 -21.0462
5.0 6.0 9.57044 -20.9406
5.0 6.0 9.59325 -20.9406
5.0 6.0 9.81255 -21.0462
5.0 6.0 9.97132 -20.9406
5.0 7.0 8.19472 -20.9406
5.0 7.0 8.47262 -20.9406
5.0 7.0 9.10644 -21.0462
5.0 7.0 8.35566 -21.0462
5.0 7.0 8.59499 -20.9406
5.0 7.0 9.27819 -20.797
5.0 7.0 9.1059 -20.9406
5.0 7.0 8.40697 -21.0462
5.0 7.0 8.50368 -20.9406
5.0 7.0 8.70262 -20.9406
5.0 7.0 8.57872 -20.9406
5.0 7.0 9.16735 -20.9406
5.0 7.0 8.2827 -20.9406
5.0 7.0 8.90034 -20.9406
5.0 7.0 8.81937 -20.797
5.0 7.0 8.39034 -21.0462
5.0 7.0 9.04259 -20.9406
5.0 7.0 8.44269 -20.9406
5.0 7.0 9.0812 -20.797
5.0 7.0 8.43787 -21.0462
5.0 7.0 9.09552 -20.9406
5.0 7.0 8.47407 -20.9406
5.0 7.0 8.30162 -20.9406
5.0 7.0 8.87477 -20.797
5.0 7.0 8.7937 -20.797
5.0 7.0 8.73014 -20.9406
5.0 7.0 8.50766 -20.9406
5.0 7.0 8.9078 -21.0462
5.0 7.0 8.40117 -20.9406
5.0 7.0 8.59978 -20.797
5.0 7.0 8.57129 -20.9406
5.0 7.0 8.92123 -20.9406
5.0 7.0 8.95647 -20.9406
5.0 7.0 8.11047 -21.0462
5.0 7.0 9.05607 -20.9406
5.0 7.0 8.30329 -20.9406
5.0 7.0 8.36879 -20.9406
5.0 7.0 9.1362 -21.0462
5.0 7.0 8.62954 -21.0462
5.0 7.0 8.61948 -21.0462
5.0 7.0 8.55806 -21.0462
5.0 7.0 8.61155 -20.9406
5.0 7.0 8.55237 -20.797
5.0 7.0 8.49211 -20.9406
5.0 7.0 8.62955 -21.0462
5.0 7.0 8.47963 -20.9406
5.0 7.0 8.39752 -21.0462
5.0 7.0 8.32304 -21.0462
5.0 7.0 8.50338 -21.0462
5.0 7.0 8.74823 -20.797
5.0 7.0 8.74823 -20.797
5.0 7.0 8.74823 -20.797
5.0 7.0 8.74823 -20.797
5.0 7.0 8.74823 -20.797
5.0 7.0 8.74823 -20.797
5.0 7.0 8.74823 -20.797
5.0 7.0 8.74823 -20.797
5.0 7.0 8.74823 -20.797
5.0 7.0 8.74823 -20.797
5.0 7.0 8.74823 -20.797
5.0 7.0 8.74823 -20.797
5.0 7.0 8.74823 -20.797
5.0 7.0 8.74823 -20.797
5.0 7.0 8.74823 -20.797
5.0 7.0 8.74823 -20.797
5.0 7.0 8.74823 -20.797
5.0 7.0 8.74823 -20.797
5.0 7.0 8.74823 -20.797
5.0 7.0 8.74823 -20.797
5.0 7.0 8.74823 -20.797
5.0 7.0 8.74823 -20.797
5.0 7.0 8.74823 -20.797
5.0 7.0 8.74823 -20.797
5.0 7.0 8.74823 -20.797
5.0 7.0 8.74823 -20.797
5.0 7.0 8.74823 -20.797
5.0 7.0 8.74823 -20.797
5.0 7.0 8.74823 -20.797
5.0 7.0 8.74823 -20.797
5.0 7.0 8.74823 -20.797
5.0 7.0 8.74823 -20.797
5.0 7.0 8.74823 -20.797
5.0 7.0 8.74823 -20.797
5.0 7.0 8.74823 -20.797
5.0 7.0 8.74823 -20.797
5.0 7.0 8.74823 -20.797
5.0 7.0 8.74823 -20.797
5.0 7.0 8.74823 -20.797
5.0 7.0 8.74823 -20.797
5.0 7.0 8.74823 -20.797
5.0 7.0 8.74823 -20.797
5.0 7.0 8.74823 -20.797
5.0 7.0 8.74823 -20.797
5.0 7.0 8.74823 -20.797
5.0 7.0 8.74823 -20.797
5.0 7.0 8.74823 -20.797
5.0 7.0 8.74823 -20.797
5.0 7.0 8.74823 -20.797
5.0 7.0 8.74823 -20.797
5.0 7.0 8.74823 -20.797
