0.0 2.0 3.30387 -0.00822745
0.0 2.0 3.34476 -0.00822745
0.0 2.0 3.32759 -0.00822745
0.0 2.0 1.32703 -0.00822745
0.0 2.0 3.31017 -0.00822745
0.0 2.0 1.31345 -0.00822745
0.0 2.0 3.25137 -0.00822745
0.0 2.0 3.30585 -0.00822745
0.0 2.0 2.16821 -0.00822745
0.0 2.0 1.31105 -0.00822745
0.0 2.0 1.32785 -0.00822745
0.0 2.0 2.12317 -0.00822745
0.0 2.0 1.24286 -0.00822745
0.0 2.0 1.30601 -0.00822745
0.0 2.0 6.02534 -0.00822745
0.0 2.0 3.31626 -0.00822745
0.0 2.0 1.30882 -0.00822745
0.0 2.0 3.35078 -0.00822745
0.0 2.0 3.28972 -0.00822745
0.0 2.0 1.25432 -0.00822745
0.0 2.0 2.18556 -0.00822745
0.0 2.0 3.26897 -0.00822745
0.0 2.0 1.26062 -0.00822745
0.0 2.0 1.31862 -0.00822745
0.0 2.0 1.31358 -0.00822745
0.0 2.0 1.31011 -0.00822745
0.0 2.0 1.25458 -0.00822745
0.0 2.0 1.2534 -0.00822745
0.0 2.0 1.31868 -0.00822745
0.0 2.0 2.02186 -0.00822745
0.0 2.0 1.24762 -0.00822745
0.0 2.0 1.25447 -0.00822745
0.0 2.0 1.25571 -0.00822745
0.0 2.0 2.08854 -0.00822745
0.0 2.0 1.30551 -0.00822745
0.0 2.0 1.32707 -0.00822745
0.0 2.0 1.30445 -0.00822745
0.0 2.0 3.35826 -0.00822745
0.0 2.0 2.00307 -0.00822745
0.0 2.0 1.30725 -0.00822745
0.0 2.0 3.29527 -0.00822745
0.0 2.0 5.94086 -0.00822745
0.0 2.0 1.25331 -0.00822745
0.0 2.0 1.32605 -0.00822745
0.0 2.0 1.25819 -0.00822745
0.0 2.0 1.26276 -0.00822745
0.0 2.0 1.26878 -0.00822745
0.0 2.0 1.30283 -0.00822745
0.0 2.0 1.34783 -0.00822745
0.0 2.0 1.45572 -0.00822745
0.0 3.0 2.19628 -0.0357323
0.0 3.0 2.06198 -0.0520209
0.0 3.0 1.76444 -9.92627e-09
0.0 3.0 1.81454 -0.00739604
0.0 3.0 1.98975 -0.0114824
0.0 3.0 2.12328 -0.0325253
0.0 3.0 2.23638 -0.00378549
0.0 3.0 2.22099 -3.33801e-05
0.0 3.0 2.00118 -0.0982095
0.0 3.0 2.06231 -2.73664e-05
0.0 3.0 2.54494 -0.0752463
0.0 3.0 2.17344 -0.00555429
0.0 3.0 1.89463 -0.025646
0.0 3.0 2.08412 -1.33626e-07
0.0 3.0 2.09532 -0.00163177
0.0 3.0 2.57772 -0.0677974
0.0 3.0 2.08348 -0.0203717
0.0 3.0 2.8974 -0.0229358
0.0 3.0 0.745509 -0.0114745
0.0 3.0 2.60788 -3.09255e-06
0.0 3.0 2.01136 -2.51577e-13
0.0 3.0 1.81714 -0.0125275
0.0 3.0 2.14544 -0.000328355
0.0 3.0 1.85152 -0.00773447
0.0 3.0 2.11167 -0.0074
0.0 3.0 2.13086 -0.0082123
0.0 3.0 0.762896 -0.000216656
0.0 3.0 0.704313 -0.00916051
0.0 3.0 4.11362 -0.00967446
0.0 3.0 1.78544 -0.010579
0.0 3.0 2.17618 -0.120487
0.0 3.0 1.65168 -0.0113515
0.0 3.0 2.13246 -8.17375e-07
0.0 3.0 0.781945 -2.16259e-09
0.0 3.0 2.55981 -0.0193948
0.0 3.0 1.82904 -0.00747778
0.0 3.0 1.69665 -0.0102769
0.0 3.0 1.8036 -0.0233735
0.0 3.0 2.54475 -7.72888e-06
0.0 3.0 2.1047 -0.03338
0.0 3.0 2.09643 -0.00739611
0.0 3.0 1.75496 -1.05226e-06
0.0 3.0 2.14678 -0.0655788
0.0 3.0 2.03357 -0.0961957
0.0 3.0 0.719994 -0.0386372
0.0 3.0 0.736502 -0.0226614
0.0 3.0 2.11588 -0.0198635
0.0 3.0 2.02836 -0.0157631
0.0 3.0 2.6022 -0.0297466
0.0 3.0 2.38141 -0.000182689
0.0 4.0 1.97278 -0.00610143
0.0 4.0 1.77629 -0.0643832
0.0 4.0 0.708375 -0.0467243
0.0 4.0 2.81519 -0.00742865
0.0 4.0 1.87162 -0.0559119
0.0 4.0 1.86125 -0.000279861
0.0 4.0 1.90688 -1.73083e-05
0.0 4.0 1.75799 -0.0723125
0.0 4.0 1.82583 -0.0486114
0.0 4.0 2.00604 -1.57257e-08
0.0 4.0 1.85683 -0.000876416
0.0 4.0 0.671437 -0.010381
0.0 4.0 1.77067 -8.01806e-05
0.0 4.0 1.71368 -0.00924517
0.0 4.0 1.91194 -0.00189635
0.0 4.0 2.79948 -0.0280561
0.0 4.0 1.89593 -1.30388e-05
0.0 4.0 1.83798 -0.00013004
0.0 4.0 2.1902 -0.0
0.0 4.0 1.71906 -0.017147
0.0 4.0 1.70928 -0.00739606
0.0 4.0 1.89258 -0.00375338
0.0 4.0 1.21324 -0.0314659
0.0 4.0 1.2423 -0.110662
0.0 4.0 0.682492 -0.00997912
0.0 4.0 1.83182 -0.00739612
0.0 4.0 1.717 -0.0489157
0.0 4.0 1.18707 -0.10526
0.0 4.0 3.0028 -8.25366e-07
0.0 4.0 1.70513 -0.00125363
0.0 4.0 1.78832 -0.267662
0.0 4.0 1.84705 -0.0737431
0.0 4.0 1.81321 -0.087486
0.0 4.0 1.847 -0.00278206
0.0 4.0 1.78777 -0.00739714
0.0 4.0 1.33241 -7.01986e-11
0.0 4.0 1.48524 -0.00826378
0.0 4.0 2.25667 -0.0530309
0.0 4.0 1.89538 -0.000400775
0.0 4.0 1.76307 -0.00739605
0.0 4.0 1.82814 -6.44617e-05
0.0 4.0 1.80601 -5.64178e-05
0.0 4.0 1.71801 -0.0104505
0.0 4.0 2.92631 -0.000116625
0.0 4.0 1.26204 -0.042293
0.0 4.0 1.20906 -0.0165093
0.0 4.0 1.78599 -0.00901704
0.0 4.0 1.82225 -0.0636086
0.0 4.0 1.80684 -0.00118139
0.0 4.0 1.85853 -0.0107654
0.0 5.0 1.08044 -0.00762575
0.0 5.0 1.11748 -1.08209e-06
0.0 5.0 1.23208 -0.0673555
0.0 5.0 1.16027 -9.60982e-05
0.0 5.0 1.19453 -0.108794
0.0 5.0 1.09583 -0.0119786
0.0 5.0 1.1102 -0.0567683
0.0 5.0 1.18059 -0.00739604
0.0 5.0 1.10782 -0.171612
0.0 5.0 1.11155 -0.130854
0.0 5.0 1.09631 -0.14219
0.0 5.0 1.22044 -0.0234731
0.0 5.0 1.06463 -0.168152
0.0 5.0 1.11049 -0.00871712
0.0 5.0 1.21996 -0.164319
0.0 5.0 1.16921 -0.0673739
0.0 5.0 1.21437 -0.00273186
0.0 5.0 1.10397 -4.65901e-06
0.0 5.0 1.10343 -0.329068
0.0 5.0 1.11011 -0.0221496
0.0 5.0 1.10498 -0.149377
0.0 5.0 1.22448 -0.0249126
0.0 5.0 1.10473 -3.03757e-06
0.0 5.0 1.23707 -0.0709285
0.0 5.0 1.10185 -5.11328e-06
0.0 5.0 1.11103 -3.34424e-10
0.0 5.0 1.11087 -0.00779898
0.0 5.0 1.11946 -0.0387875
0.0 5.0 1.20802 -0.0100183
0.0 5.0 1.11168 -0.153496
0.0 5.0 1.18434 -4.41908e-06
0.0 5.0 1.15962 -9.36945e-09
0.0 5.0 1.08018 -0.000102434
0.0 5.0 1.11223 -0.00557906
0.0 5.0 1.19451 -0.00739657
0.0 5.0 1.10081 -0.000686038
0.0 5.0 1.23774 -0.0914957
0.0 5.0 1.13569 -0.00021699
0.0 5.0 1.10011 -0.0648018
0.0 5.0 1.13058 -0.00912385
0.0 5.0 1.07827 -0.106024
0.0 5.0 1.12179 -0.00713677
0.0 5.0 1.10452 -0.0002106
0.0 5.0 1.102 -0.000122956
0.0 5.0 1.10538 -0.0333856
0.0 5.0 1.18243 -0.000411562
0.0 5.0 1.22975 -0.0471706
0.0 5.0 1.06264 -0.00619189
0.0 5.0 1.22887 -0.00445342
0.0 5.0 1.21112 -0.0213469
0.0 6.0 1.15472 -0.000126556
0.0 6.0 3.11963 -0.0493317
0.0 6.0 1.16496 -3.44159e-05
0.0 6.0 1.0987 -0.0160414
0.0 6.0 1.11621 -0.00025378
0.0 6.0 1.10943 -0.0203828
0.0 6.0 1.12582 -0.0018959
0.0 6.0 1.17898 -0.0096753
0.0 6.0 2.89071 -0.00739604
0.0 6.0 1.12574 -0.15132
0.0 6.0 1.14703 -7.27781e-06
0.0 6.0 1.11519 -0.00973708
0.0 6.0 1.15237 -0.0711666
0.0 6.0 1.14789 -0.166987
0.0 6.0 1.1399 -1.96887e-12
0.0 6.0 1.13822 -2.88095e-05
0.0 6.0 1.17235 -0.00739666
0.0 6.0 1.17531 -0.0029708
0.0 6.0 1.20052 -0.00741303
0.0 6.0 1.2225 -5.82608e-10
0.0 6.0 1.10497 -0.000958005
0.0 6.0 1.04634 -0.0567683
0.0 6.0 1.36097 -0.219723
0.0 6.0 1.23026 -2.08242e-05
0.0 6.0 1.14625 -0.0109081
0.0 6.0 1.22422 -5.516e-05
0.0 6.0 1.17911 -0.0075227
0.0 6.0 1.41545 -0.0145599
0.0 6.0 1.08651 -0.0648269
0.0 6.0 1.14755 -0.00834488
0.0 6.0 1.06984 -0.0361543
0.0 6.0 1.46712 -0.0605839
0.0 6.0 1.65102 -0.0112921
0.0 6.0 1.45168 -0.238982
0.0 6.0 1.20161 -0.0112141
0.0 6.0 1.21948 -0.000379932
0.0 6.0 1.12166 -0.054369
0.0 6.0 1.11103 -0.0169045
0.0 6.0 1.24433 -0.0260845
0.0 6.0 1.12089 -0.00777246
0.0 6.0 1.17058 -0.000884198
0.0 6.0 1.13744 -0.0012474
0.0 6.0 1.18252 -0.00127552
0.0 6.0 1.12627 -0.0625912
0.0 6.0 1.25582 -0.000625515
0.0 6.0 1.1922 -0.0656721
0.0 6.0 1.05702 -2.94542e-13
0.0 6.0 1.13902 -0.0081597
0.0 6.0 1.12475 -0.00972486
0.0 6.0 1.16105 -0.130275
0.0 7.0 1.17978 -0.00997994
0.0 7.0 1.18633 -0.00768111
0.0 7.0 1.33038 -1.48911e-09
0.0 7.0 1.12891 -5.06681e-05
0.0 7.0 1.20225 -0.0117347
0.0 7.0 1.31513 -0.129022
0.0 7.0 1.19797 -0.00215989
0.0 7.0 1.30821 -0.109234
0.0 7.0 1.34368 -0.165806
0.0 7.0 1.34796 -0.000262131
0.0 7.0 1.49889 -0.036358
0.0 7.0 1.3321 -1.8064e-08
0.0 7.0 1.06858 -0.00770487
0.0 7.0 1.54164 -0.0114929
0.0 7.0 1.12361 -4.26543e-06
0.0 7.0 1.33372 -1.34342e-06
0.0 7.0 1.39339 -0.00739605
0.0 7.0 1.30671 -0.0216372
0.0 7.0 2.38003 -0.00739887
0.0 7.0 2.24003 -8.42365e-09
0.0 7.0 1.33618 -0.00740604
0.0 7.0 3.01193 -0.0130394
0.0 7.0 1.16668 -0.173645
0.0 7.0 1.19427 -2.8175e-05
0.0 7.0 1.27734 -0.0087843
0.0 7.0 2.10476 -0.0206451
0.0 7.0 1.17148 -0.0909745
0.0 7.0 1.18745 -0.050537
0.0 7.0 1.16651 -0.0113676
0.0 7.0 1.33877 -1.43569e-06
0.0 7.0 1.28013 -0.00203861
0.0 7.0 1.25349 -0.000264095
0.0 7.0 1.30235 -0.0296055
0.0 7.0 1.38515 -0.0472468
0.0 7.0 2.39191 -0.178248
0.0 7.0 1.37792 -7.4085e-06
0.0 7.0 2.9426 -0.152004
0.0 7.0 1.57042 -0.115996
0.0 7.0 1.53278 -0.0464659
0.0 7.0 1.16104 -0.0605256
0.0 7.0 1.49395 -0.0390675
0.0 7.0 1.61565 -0.0228429
0.0 7.0 1.0597 -0.00770325
0.0 7.0 1.20576 -0.072658
0.0 7.0 2.42475 -0.100832
0.0 7.0 1.62708 -8.12104e-05
0.0 7.0 1.13269 -1.93725e-08
0.0 7.0 2.46386 -0.106699
0.0 7.0 1.35772 -0.000103479
0.0 7.0 1.34634 -2.11222e-08
1.0 2.0 1.37893 2.24863
1.0 2.0 1.38102 2.24863
1.0 2.0 1.39852 2.24863
1.0 2.0 1.39097 2.24863
1.0 2.0 1.39023 2.24863
1.0 2.0 1.40882 2.24863
1.0 2.0 3.50136 2.24863
1.0 2.0 1.50283 2.24863
1.0 2.0 4.104 2.24863
1.0 2.0 1.38514 2.24863
1.0 2.0 3.43999 2.24863
1.0 2.0 3.40194 2.24863
1.0 2.0 4.10956 2.24863
1.0 2.0 1.35881 2.24863
1.0 2.0 6.08185 2.24863
1.0 2.0 1.37283 2.24863
1.0 2.0 1.36493 2.24863
1.0 2.0 1.38015 2.24863
1.0 2.0 3.2276 2.24863
1.0 2.0 1.39814 2.24863
1.0 2.0 1.41248 2.24863
1.0 2.0 1.99083 2.24863
1.0 2.0 1.38433 2.24863
1.0 2.0 1.39326 2.24863
1.0 2.0 1.39846 2.24863
1.0 2.0 1.42044 2.24863
1.0 2.0 3.1539 2.24863
1.0 2.0 3.38765 2.24863
1.0 2.0 1.46058 2.24863
1.0 2.0 3.1993 2.24863
1.0 2.0 1.36521 2.24863
1.0 2.0 3.37631 2.24863
1.0 2.0 3.2931 2.24863
1.0 2.0 1.38297 2.24863
1.0 2.0 1.39031 2.24863
1.0 2.0 1.35763 2.24863
1.0 2.0 3.15286 2.24863
1.0 2.0 3.29779 2.24863
1.0 2.0 1.60323 2.24863
1.0 2.0 2.23828 2.24863
1.0 2.0 1.41621 2.24863
1.0 2.0 2.2674 2.24863
1.0 2.0 4.18199 2.24863
1.0 2.0 3.47507 2.24863
1.0 2.0 1.38298 2.24863
1.0 2.0 1.35501 2.24863
1.0 2.0 1.43199 2.24863
1.0 2.0 1.4343 2.24863
1.0 2.0 3.51236 2.24863
1.0 2.0 1.41992 2.24863
1.0 3.0 2.25178 2.64555
1.0 3.0 2.06668 2.46463
1.0 3.0 2.17093 2.67938
1.0 3.0 1.97101 2.48473
1.0 3.0 4.30888 2.49878
1.0 3.0 2.07163 2.63391
1.0 3.0 0.824726 2.21665
1.0 3.0 0.778517 2.71687
1.0 3.0 2.04139 2.49057
1.0 3.0 1.93596 2.6512
1.0 3.0 2.4784 2.63441
1.0 3.0 3.10665 2.70588
1.0 3.0 0.834395 2.68491
1.0 3.0 4.17149 2.67706
1.0 3.0 1.8419 1.67581
1.0 3.0 2.01672 2.7098
1.0 3.0 2.03985 2.71828
1.0 3.0 1.90662 2.53386
1.0 3.0 1.97686 2.69907
1.0 3.0 2.05177 2.71704
1.0 3.0 1.81052 2.19153
1.0 3.0 2.51107 2.64617
1.0 3.0 2.10659 2.71675
1.0 3.0 1.66559 2.71828
1.0 3.0 1.83081 1.4638
1.0 3.0 2.91447 2.71828
1.0 3.0 0.84633 2.50441
1.0 3.0 2.00568 2.70138
1.0 3.0 0.725519 2.69495
1.0 3.0 2.1072 2.70003
1.0 3.0 3.59611 2.50467
1.0 3.0 1.75136 2.66515
1.0 3.0 0.961615 1.58531
1.0 3.0 1.67706 2.70303
1.0 3.0 0.822584 2.56371
1.0 3.0 2.14336 2.60551
1.0 3.0 1.78582 2.71826
1.0 3.0 0.921649 1.42648
1.0 3.0 2.41444 2.57206
1.0 3.0 0.869624 2.69174
1.0 3.0 1.79954 2.71736
1.0 3.0 1.64906 2.71623
1.0 3.0 2.01603 1.44221
1.0 3.0 2.03773 2.37685
1.0 3.0 0.779483 2.66695
1.0 3.0 1.999 2.70293
1.0 3.0 1.79794 2.59793
1.0 3.0 1.89654 2.39562
1.0 3.0 3.08825 2.03171
1.0 3.0 1.92298 2.68872
1.0 4.0 1.47179 2.12949
1.0 4.0 1.81588 2.07869
1.0 4.0 0.713137 2.71578
1.0 4.0 1.31713 2.71554
1.0 4.0 1.80697 2.50114
1.0 4.0 1.24679 2.71821
1.0 4.0 1.86824 1.18251
1.0 4.0 1.72338 2.71771
1.0 4.0 1.36357 2.69137
1.0 4.0 1.67742 2.678
1.0 4.0 1.85972 2.55127
1.0 4.0 1.32654 2.71524
1.0 4.0 0.70146 2.39871
1.0 4.0 2.96109 2.14086
1.0 4.0 1.67597 1.76496
1.0 4.0 0.688035 2.63715
1.0 4.0 1.74773 -0.200685
1.0 4.0 1.8263 1.96982
1.0 4.0 1.99175 2.71563
1.0 4.0 1.86914 2.00352
1.0 4.0 2.14215 2.66744
1.0 4.0 1.80296 2.01058
1.0 4.0 1.71362 2.71173
1.0 4.0 1.48488 2.7144
1.0 4.0 0.695848 2.7145
1.0 4.0 1.80398 1.89126
1.0 4.0 1.82268 2.68248
1.0 4.0 1.82768 2.71721
1.0 4.0 1.25621 2.69125
1.0 4.0 1.84657 2.59651
1.0 4.0 1.9758 2.45598
1.0 4.0 1.82801 1.30978
1.0 4.0 1.79154 2.71822
1.0 4.0 1.75816 2.71823
1.0 4.0 1.71604 2.71822
1.0 4.0 1.77296 2.12631
1.0 4.0 2.2535 2.71766
1.0 4.0 1.75037 2.53816
1.0 4.0 1.71681 2.71489
1.0 4.0 2.23813 2.15253
1.0 4.0 0.694028 0.757865
1.0 4.0 1.92424 2.70373
1.0 4.0 2.05276 2.71828
1.0 4.0 1.80449 2.68977
1.0 4.0 1.79873 1.76376
1.0 4.0 1.93277 2.71534
1.0 4.0 1.73348 2.69439
1.0 4.0 1.72793 2.70518
1.0 4.0 1.42088 2.54501
1.0 4.0 1.38851 2.44155
1.0 5.0 1.24734 2.43853
1.0 5.0 1.24385 1.7202
1.0 5.0 1.18309 2.71488
1.0 5.0 1.25207 2.68668
1.0 5.0 1.12289 1.50366
1.0 5.0 1.10507 2.64599
1.0 5.0 1.09869 2.6832
1.0 5.0 1.12326 2.39786
1.0 5.0 1.12188 0.0187477
1.0 5.0 1.20728 2.71822
1.0 5.0 1.22164 2.45214
1.0 5.0 1.21664 2.57466
1.0 5.0 1.18894 2.5008
1.0 5.0 1.10813 2.67091
1.0 5.0 1.1138 2.71749
1.0 5.0 1.07071 2.71826
1.0 5.0 1.24022 1.50297
1.0 5.0 1.11647 2.71825
1.0 5.0 1.22057 2.71729
1.0 5.0 1.07009 2.27491
1.0 5.0 1.25641 1.34135
1.0 5.0 1.11184 2.65777
1.0 5.0 1.11172 2.46417
1.0 5.0 1.11974 2.69896
1.0 5.0 1.07903 2.71719
1.0 5.0 1.07879 2.64742
1.0 5.0 1.24611 2.21466
1.0 5.0 1.09397 2.71815
1.0 5.0 1.25464 2.57112
1.0 5.0 1.11973 2.71326
1.0 5.0 1.0556 2.68842
1.0 5.0 1.06782 0.48524
1.0 5.0 1.12826 2.70188
1.0 5.0 1.05213 2.71797
1.0 5.0 1.09955 2.67538
1.0 5.0 1.24053 0.646063
1.0 5.0 1.0998 2.71285
1.0 5.0 1.22544 2.41349
1.0 5.0 1.07179 2.61278
1.0 5.0 1.12617 2.71571
1.0 5.0 1.16455 2.71826
1.0 5.0 1.11994 2.67766
1.0 5.0 1.07724 2.65795
1.0 5.0 1.09184 2.69605
1.0 5.0 1.199 1.07118
1.0 5.0 1.13456 2.65508
1.0 5.0 1.12341 0.692789
1.0 5.0 1.07491 2.31164
1.0 5.0 1.11152 2.26918
1.0 5.0 1.22976 2.71748
1.0 6.0 1.22418 2.71787
1.0 6.0 1.10182 2.27562
1.0 6.0 1.17646 2.67157
1.0 6.0 2.9783 2.71644
1.0 6.0 1.08984 2.60392
1.0 6.0 1.10709 2.71539
1.0 6.0 1.10315 2.71601
1.0 6.0 1.12889 2.69247
1.0 6.0 1.09221 2.05367
1.0 6.0 1.3713 2.22655
1.0 6.0 1.1479 2.71296
1.0 6.0 1.14657 0.757158
1.0 6.0 1.1711 2.70293
1.0 6.0 1.19662 -0.267081
1.0 6.0 1.17106 2.71028
1.0 6.0 1.11473 2.33689
1.0 6.0 1.12842 2.7023
1.0 6.0 1.15572 1.57357
1.0 6.0 1.41778 2.71828
1.0 6.0 1.15807 2.69419
1.0 6.0 1.15665 2.71747
1.0 6.0 1.20191 2.29449
1.0 6.0 1.11738 2.68944
1.0 6.0 1.70131 2.71828
1.0 6.0 1.10478 2.71661
1.0 6.0 1.12195 2.58282
1.0 6.0 1.14119 1.6688
1.0 6.0 1.15637 2.71261
1.0 6.0 1.16701 2.71822
1.0 6.0 1.10651 2.71416
1.0 6.0 1.07719 2.71824
1.0 6.0 1.14138 0.575493
1.0 6.0 1.23809 2.70775
1.0 6.0 1.22762 0.98089
1.0 6.0 1.13117 2.201
1.0 6.0 1.08059 2.71805
1.0 6.0 1.08527 0.284265
1.0 6.0 1.07461 1.57948
1.0 6.0 1.18011 2.47375
1.0 6.0 1.14076 2.70612
1.0 6.0 1.36963 2.19636
1.0 6.0 1.15243 2.60403
1.0 6.0 1.14399 2.70616
1.0 6.0 1.15459 2.70041
1.0 6.0 1.09036 2.43451
1.0 6.0 1.14267 1.51459
1.0 6.0 3.00862 2.51344
1.0 6.0 1.42435 2.71779
1.0 6.0 1.62654 1.76097
1.0 6.0 1.62654 1.76097
1.0 7.0 1.26792 0.978221
1.0 7.0 1.2242 2.71809
1.0 7.0 1.30077 2.60353
1.0 7.0 1.05548 2.71825
1.0 7.0 2.17376 2.71771
1.0 7.0 1.53105 2.36362
1.0 7.0 1.08137 2.65551
1.0 7.0 1.07539 1.89515
1.0 7.0 1.1482 2.71828
1.0 7.0 1.29562 2.64506
1.0 7.0 1.28275 2.62348
1.0 7.0 1.30913 2.4361
1.0 7.0 1.23905 2.45203
1.0 7.0 1.26149 2.71377
1.0 7.0 2.99098 2.66312
1.0 7.0 1.08816 0.721389
1.0 7.0 2.24793 -0.0959416
1.0 7.0 1.2786 2.5629
1.0 7.0 1.55366 2.55727
1.0 7.0 1.61421 1.81923
1.0 7.0 1.20457 2.08448
1.0 7.0 2.24133 2.70612
1.0 7.0 1.24758 2.71546
1.0 7.0 1.24769 1.7572
1.0 7.0 1.2905 2.06826
1.0 7.0 1.12615 1.94157
1.0 7.0 3.13047 2.2629
1.0 7.0 1.24789 2.69195
1.0 7.0 1.284 2.0979
1.0 7.0 1.57958 2.61732
1.0 7.0 1.31642 2.70186
1.0 7.0 1.33937 2.46841
1.0 7.0 1.38499 2.67999
1.0 7.0 1.27257 2.71731
1.0 7.0 1.4291 1.49717
1.0 7.0 1.1476 2.71796
1.0 7.0 3.12637 2.71394
1.0 7.0 1.22139 2.66106
1.0 7.0 1.37212 2.71079
1.0 7.0 1.27229 2.7102
1.0 7.0 1.32096 2.63192
1.0 7.0 1.63417 1.57393
1.0 7.0 1.52784 2.71445
1.0 7.0 1.54626 2.70515
1.0 7.0 1.64673 2.56395
1.0 7.0 1.20276 2.6638
1.0 7.0 1.35439 2.54217
1.0 7.0 3.14115 2.68364
1.0 7.0 3.11635 2.71825
1.0 7.0 3.11635 2.71825
2.0 2.0 1.35165 -1.45171e-09
2.0 2.0 1.88826 -1.45171e-09
2.0 2.0 1.32359 -1.45171e-09
2.0 2.0 1.39606 -1.45171e-09
2.0 2.0 2.23244 -1.45171e-09
2.0 2.0 3.07464 -1.45171e-09
2.0 2.0 2.047 -1.45171e-09
2.0 2.0 1.36229 -1.45171e-09
2.0 2.0 1.3455 -1.45171e-09
2.0 2.0 4.20704 -1.45171e-09
2.0 2.0 1.32968 -1.45171e-09
2.0 2.0 3.15745 -1.45171e-09
2.0 2.0 1.33445 -1.45171e-09
2.0 2.0 1.49739 -1.45171e-09
2.0 2.0 5.53741 -1.45171e-09
2.0 2.0 1.34664 -1.45171e-09
2.0 2.0 3.10777 -1.45171e-09
2.0 2.0 3.18322 -1.45171e-09
2.0 2.0 3.04333 -1.45171e-09
2.0 2.0 2.10076 -1.45171e-09
2.0 2.0 5.5743 -1.45171e-09
2.0 2.0 1.3056 -1.45171e-09
2.0 2.0 1.2985 -1.45171e-09
2.0 2.0 3.39925 -1.45171e-09
2.0 2.0 3.31182 -1.45171e-09
2.0 2.0 1.98848 -1.45171e-09
2.0 2.0 1.98763 -1.45171e-09
2.0 2.0 3.23279 -1.45171e-09
2.0 2.0 1.3284 -1.45171e-09
2.0 2.0 4.19618 -1.45171e-09
2.0 2.0 1.33376 -1.45171e-09
2.0 2.0 1.33003 -1.45171e-09
2.0 2.0 3.05383 -1.45171e-09
2.0 2.0 1.35497 -1.45171e-09
2.0 2.0 3.14931 -1.45171e-09
2.0 2.0 3.29742 -1.45171e-09
2.0 2.0 3.30113 -1.45171e-09
2.0 2.0 1.2947 -1.45171e-09
2.0 2.0 1.33769 -1.45171e-09
2.0 2.0 1.29449 -1.45171e-09
2.0 2.0 1.3141 -1.45171e-09
2.0 2.0 1.98839 -1.45171e-09
2.0 2.0 2.1666 -1.45171e-09
2.0 2.0 1.96113 -1.45171e-09
2.0 2.0 1.33041 -1.45171e-09
2.0 2.0 1.96199 -1.45171e-09
2.0 2.0 3.30625 -1.45171e-09
2.0 2.0 1.27949 -1.45171e-09
2.0 2.0 3.33802 -1.45171e-09
2.0 2.0 1.30161 -1.45171e-09
2.0 3.0 2.60845 -6.22929e-08
2.0 3.0 2.1495 -9.6094e-11
2.0 3.0 1.84838 -1.73871e-07
2.0 3.0 2.1003 -1.13388e-06
2.0 3.0 2.03862 -1.27313e-07
2.0 3.0 2.03283 -3.73648e-07
2.0 3.0 0.684981 -5.66657e-13
2.0 3.0 2.09295 -5.17039e-13
2.0 3.0 2.08149 -4.33803e-13
2.0 3.0 1.81579 -1.01789e-06
2.0 3.0 2.12995 -1.2602e-06
2.0 3.0 2.09053 -3.00667e-10
2.0 3.0 1.69856 -8.78229e-09
2.0 3.0 0.725187 -5.06471e-11
2.0 3.0 0.767056 -2.6746e-07
2.0 3.0 2.34487 -2.18544e-07
2.0 3.0 4.44669 -2.16432e-07
2.0 3.0 2.04637 -1.57957e-10
2.0 3.0 0.701983 -2.61479e-07
2.0 3.0 2.04869 -5.47336e-11
2.0 3.0 0.684522 -3.81385e-07
2.0 3.0 0.88198 -6.67834e-08
2.0 3.0 2.08016 -3.5758e-07
2.0 3.0 0.872625 -9.88728e-10
2.0 3.0 1.79206 -3.09014e-09
2.0 3.0 2.06669 -1.17141e-07
2.0 3.0 0.84126 -7.27242e-07
2.0 3.0 2.12751 -2.34924e-07
2.0 3.0 0.777328 -4.34404e-09
2.0 3.0 1.9894 -2.89534e-06
2.0 3.0 2.03948 -5.29227e-07
2.0 3.0 2.07805 -1.67344e-15
2.0 3.0 1.98422 -2.31885e-06
2.0 3.0 2.07638 -1.36208e-13
2.0 3.0 4.25535 -3.24493e-07
2.0 3.0 2.195 -3.76696e-07
2.0 3.0 2.09831 -2.43604e-07
2.0 3.0 2.06896 -2.18369e-06
2.0 3.0 0.777702 -4.14019e-14
2.0 3.0 1.8709 -1.37534e-06
2.0 3.0 2.17423 -1.28654e-07
2.0 3.0 0.720489 -3.30482e-07
2.0 3.0 0.76723 -9.59218e-09
2.0 3.0 0.723447 -1.47628e-11
2.0 3.0 0.777642 -5.53899e-12
2.0 3.0 0.812369 -2.80981e-07
2.0 3.0 0.854187 -6.42196e-08
2.0 3.0 2.1237 -5.30774e-08
2.0 3.0 2.49708 -8.64705e-09
2.0 3.0 1.8394 -3.09918e-08
2.0 4.0 2.87215 -1.85184e-06
2.0 4.0 1.72098 -2.37933e-07
2.0 4.0 1.7267 -6.24537e-07
2.0 4.0 1.49739 -6.5438e-09
2.0 4.0 1.72518 -7.30464e-10
2.0 4.0 2.8988 -5.50648e-09
2.0 4.0 1.34859 -4.18006e-10
2.0 4.0 1.23595 -3.51113e-10
2.0 4.0 1.78576 -7.35414e-07
2.0 4.0 2.24231 -3.76253e-07
2.0 4.0 1.72983 -1.1874e-08
2.0 4.0 1.91518 -2.08448e-08
2.0 4.0 1.91052 -2.82491e-17
2.0 4.0 1.83479 -1.07728e-06
2.0 4.0 2.26916 -3.89134e-09
2.0 4.0 1.52647 -8.24252e-07
2.0 4.0 3.20165 -7.31822e-07
2.0 4.0 1.71438 -7.30608e-08
2.0 4.0 1.808 -2.90676e-07
2.0 4.0 1.84573 -1.25789e-08
2.0 4.0 2.20974 -4.146e-12
2.0 4.0 1.49942 -1.02724e-08
2.0 4.0 1.3654 -3.21463e-07
2.0 4.0 2.80594 -2.04246e-06
2.0 4.0 1.79851 -1.37893e-07
2.0 4.0 1.87468 -1.85667e-08
2.0 4.0 2.10784 -8.15729e-10
2.0 4.0 1.79865 -1.4803e-13
2.0 4.0 0.692261 -2.38427e-07
2.0 4.0 1.25008 -4.45713e-07
2.0 4.0 1.79708 -1.75993e-06
2.0 4.0 2.06466 -1.87548e-07
2.0 4.0 1.79785 -3.37266e-07
2.0 4.0 1.30045 -8.10035e-07
2.0 4.0 1.88232 -2.22343e-10
2.0 4.0 1.94199 -1.32717e-07
2.0 4.0 1.741 -1.08853e-08
2.0 4.0 1.21987 -3.75439e-07
2.0 4.0 1.91092 -1.9396e-07
2.0 4.0 2.24239 -5.37287e-07
2.0 4.0 3.60125 -3.76253e-07
2.0 4.0 1.95572 -3.19762e-11
2.0 4.0 1.27105 -5.78477e-14
2.0 4.0 1.87728 -5.36578e-08
2.0 4.0 1.24497 -2.26864e-09
2.0 4.0 1.84767 -5.41578e-07
2.0 4.0 1.24038 -1.46053e-07
2.0 4.0 1.83392 -1.2399e-09
2.0 4.0 1.79378 -2.86531e-09
2.0 4.0 1.81851 -2.36693e-07
2.0 5.0 1.26177 -1.16353e-08
2.0 5.0 1.08003 -1.84442e-08
2.0 5.0 1.10085 -2.23428e-07
2.0 5.0 1.10885 -1.84255e-11
2.0 5.0 1.18662 -1.10311e-07
2.0 5.0 1.2568 -3.22549e-09
2.0 5.0 1.11264 -1.6224e-16
2.0 5.0 1.10779 -2.1266e-08
2.0 5.0 1.11615 -7.50596e-08
2.0 5.0 1.26693 -3.48798e-07
2.0 5.0 1.05634 -1.09782e-07
2.0 5.0 1.13221 -5.44626e-13
2.0 5.0 1.23273 -8.78046e-07
2.0 5.0 1.18731 -4.97592e-09
2.0 5.0 1.11293 -9.93851e-07
2.0 5.0 1.07036 -4.15961e-08
2.0 5.0 1.22588 -1.38529e-16
2.0 5.0 1.13403 -1.78231e-14
2.0 5.0 1.26063 -6.01405e-10
2.0 5.0 1.10878 -2.62728e-07
2.0 5.0 1.10612 -1.21076e-06
2.0 5.0 1.11157 -9.34468e-08
2.0 5.0 1.24775 -1.30134e-06
2.0 5.0 1.06512 -1.45856e-08
2.0 5.0 1.22323 -2.65379e-07
2.0 5.0 1.07092 -1.80183e-08
2.0 5.0 1.10692 -4.78531e-11
2.0 5.0 1.07025 -5.28832e-07
2.0 5.0 1.12374 -8.18493e-11
2.0 5.0 1.12729 -9.12267e-11
2.0 5.0 1.20979 -1.16806e-11
2.0 5.0 1.25055 -1.17251e-07
2.0 5.0 1.23438 -4.69774e-06
2.0 5.0 1.11238 -4.37039e-07
2.0 5.0 1.23996 -1.87139e-07
2.0 5.0 1.12472 -2.62569e-10
2.0 5.0 1.12723 -2.97743e-07
2.0 5.0 1.13024 -4.5878e-07
2.0 5.0 1.22048 -6.0725e-09
2.0 5.0 1.11513 -6.73452e-08
2.0 5.0 1.11191 -3.23029e-09
2.0 5.0 1.13871 -3.9299e-08
2.0 5.0 1.17176 -1.89608e-08
2.0 5.0 1.2475 -1.50177e-07
2.0 5.0 1.2265 -4.49382e-07
2.0 5.0 1.11826 -1.27493e-10
2.0 5.0 1.12956 -5.59779e-10
2.0 5.0 1.1158 -1.20597e-07
2.0 5.0 1.1155 -8.37496e-08
2.0 5.0 1.10917 -1.97943e-07
2.0 6.0 1.04762 -6.24383e-10
2.0 6.0 1.12277 -6.94304e-08
2.0 6.0 1.07868 -3.8804e-07
2.0 6.0 1.11043 -1.05285e-07
2.0 6.0 1.13032 -2.16816e-12
2.0 6.0 1.15398 -3.76253e-07
2.0 6.0 1.09309 -6.10524e-07
2.0 6.0 1.18145 -6.46133e-12
2.0 6.0 1.16049 -7.81622e-07
2.0 6.0 1.20271 -2.14965e-07
2.0 6.0 1.6468 -2.51973e-08
2.0 6.0 1.08655 -7.36793e-08
2.0 6.0 1.1776 -1.97285e-07
2.0 6.0 1.10798 -7.51926e-08
2.0 6.0 1.13143 -2.96602e-07
2.0 6.0 1.32664 -3.41958e-07
2.0 6.0 1.27307 -2.98616e-07
2.0 6.0 1.44664 -1.34479e-07
2.0 6.0 1.50146 -1.68348e-11
2.0 6.0 1.10144 -1.86776e-07
2.0 6.0 1.11675 -9.30674e-06
2.0 6.0 1.15748 -9.99937e-12
2.0 6.0 1.1354 -8.49945e-09
2.0 6.0 1.19548 -4.80717e-10
2.0 6.0 1.43342 -2.92905e-13
2.0 6.0 1.13075 -2.59957e-07
2.0 6.0 1.12877 -1.93493e-08
2.0 6.0 1.06104 -1.4141e-12
2.0 6.0 1.19741 -9.17853e-08
2.0 6.0 1.07842 -6.74e-09
2.0 6.0 1.09956 -1.98179e-07
2.0 6.0 1.16707 -1.61355e-09
2.0 6.0 1.42226 -2.44348e-08
2.0 6.0 1.16468 -2.39097e-13
2.0 6.0 1.14797 -2.1619e-10
2.0 6.0 1.14029 -9.96253e-09
2.0 6.0 1.10197 -5.87922e-07
2.0 6.0 1.23399 -6.28216e-08
2.0 6.0 1.11061 -8.84178e-08
2.0 6.0 1.17614 -1.74669e-25
2.0 6.0 1.10943 -3.00002e-09
2.0 6.0 1.18226 -7.41418e-08
2.0 6.0 1.25038 -1.21261e-08
2.0 6.0 1.10393 -3.18391e-09
2.0 6.0 1.12497 -4.86074e-08
2.0 6.0 2.94375 -2.09593e-08
2.0 6.0 1.07148 -1.21619e-09
2.0 6.0 1.19013 -4.34051e-07
2.0 6.0 1.55536 -1.69653e-08
2.0 6.0 1.73066 -3.61589e-06
2.0 7.0 1.26185 -1.63058e-06
2.0 7.0 1.23361 -5.12689e-07
2.0 7.0 1.19417 -2.35636e-08
2.0 7.0 1.31098 -5.53964e-11
2.0 7.0 1.36124 -2.15245e-06
2.0 7.0 2.37323 -1.41935e-09
2.0 7.0 1.22966 -4.97017e-11
2.0 7.0 1.2913 -3.71907e-08
2.0 7.0 1.18208 -1.18921e-06
2.0 7.0 1.2753 -1.82712e-06
2.0 7.0 1.2532 -4.94554e-06
2.0 7.0 1.28055 -1.02321e-07
2.0 7.0 1.26361 -1.36454e-07
2.0 7.0 1.46716 -9.33824e-08
2.0 7.0 1.28712 -6.22506e-07
2.0 7.0 1.27075 -1.13477e-07
2.0 7.0 1.32974 -9.56018e-11
2.0 7.0 2.31121 -2.42195e-08
2.0 7.0 1.33516 -3.08137e-08
2.0 7.0 1.45041 -1.26173e-11
2.0 7.0 1.29189 -2.55354e-07
2.0 7.0 1.33101 -2.87319e-13
2.0 7.0 1.35485 -1.06431e-09
2.0 7.0 1.30266 -2.03503e-07
2.0 7.0 1.28995 -4.85844e-08
2.0 7.0 1.29494 -4.58017e-08
2.0 7.0 3.07318 -9.53749e-08
2.0 7.0 1.22138 -2.05275e-07
2.0 7.0 1.30614 -8.97204e-09
2.0 7.0 1.07417 -3.14954e-07
2.0 7.0 2.3347 -2.0282e-07
2.0 7.0 1.30391 -2.44699e-07
2.0 7.0 1.28598 -8.94495e-13
2.0 7.0 1.04908 -9.08556e-07
2.0 7.0 1.25995 -4.70406e-06
2.0 7.0 1.19823 -1.48039e-09
2.0 7.0 1.19116 -2.95094e-07
2.0 7.0 2.30306 -2.07974e-07
2.0 7.0 1.23356 -4.79482e-07
2.0 7.0 1.2649 -1.28205e-09
2.0 7.0 1.57437 -8.38917e-08
2.0 7.0 1.04559 -1.2119e-08
2.0 7.0 1.06922 -3.65668e-07
2.0 7.0 1.25248 -1.19295e-06
2.0 7.0 1.0701 -2.51046e-07
2.0 7.0 1.24123 -5.84277e-09
2.0 7.0 1.29425 -2.41769e-17
2.0 7.0 1.35458 -6.59605e-09
2.0 7.0 3.03429 -1.26381e-07
2.0 7.0 1.94369 -2.73135e-07
3.0 2.0 1.96289 -0.0704815
3.0 2.0 1.34933 -0.0704815
3.0 2.0 1.43427 -0.0704815
3.0 2.0 1.2944 -0.0704815
3.0 2.0 3.95553 -0.0704815
3.0 2.0 1.96503 -0.0704815
3.0 2.0 1.31462 -0.0704815
3.0 2.0 1.94925 -0.0704815
3.0 2.0 1.31777 -0.0704815
3.0 2.0 3.31835 -0.0704815
3.0 2.0 1.36108 -0.0704815
3.0 2.0 3.19013 -0.0704815
3.0 2.0 1.3453 -0.0704815
3.0 2.0 1.28502 -0.0704815
3.0 2.0 3.26524 -0.0704815
3.0 2.0 3.30383 -0.0704815
3.0 2.0 1.28972 -0.0704815
3.0 2.0 1.32901 -0.0704815
3.0 2.0 3.31381 -0.0704815
3.0 2.0 1.32931 -0.0704815
3.0 2.0 1.94954 -0.0704815
3.0 2.0 1.41397 -0.0704815
3.0 2.0 1.28964 -0.0704815
3.0 2.0 1.30084 -0.0704815
3.0 2.0 3.13712 -0.0704815
3.0 2.0 1.44347 -0.0704815
3.0 2.0 3.27772 -0.0704815
3.0 2.0 3.21777 -0.0704815
3.0 2.0 1.35382 -0.0704815
3.0 2.0 1.97042 -0.0704815
3.0 2.0 3.32463 -0.0704815
3.0 2.0 1.26841 -0.0704815
3.0 2.0 3.40906 -0.0704815
3.0 2.0 1.29114 -0.0704815
3.0 2.0 1.87376 -0.0704815
3.0 2.0 1.31867 -0.0704815
3.0 2.0 3.27018 -0.0704815
3.0 2.0 1.94851 -0.0704815
3.0 2.0 2.08633 -0.0704815
3.0 2.0 3.15618 -0.0704815
3.0 2.0 1.96027 -0.0704815
3.0 2.0 1.39285 -0.0704815
3.0 2.0 3.09135 -0.0704815
3.0 2.0 3.13816 -0.0704815
3.0 2.0 1.35666 -0.0704815
3.0 2.0 5.73306 -0.0704815
3.0 2.0 1.35358 -0.0704815
3.0 2.0 3.31594 -0.0704815
3.0 2.0 1.98532 -0.0704815
3.0 2.0 4.0984 -0.0704815
3.0 3.0 0.671669 -1.23348e-07
3.0 3.0 1.87517 -0.0238384
3.0 3.0 2.09977 -0.0388429
3.0 3.0 1.83626 -0.0339814
3.0 3.0 2.01386 -0.249342
3.0 3.0 0.740021 -0.222256
3.0 3.0 1.71293 -4.13019e-09
3.0 3.0 0.677295 -0.000127267
3.0 3.0 0.693867 -0.000479937
3.0 3.0 0.735252 -0.0255006
3.0 3.0 2.1405 -6.92888e-06
3.0 3.0 1.79683 -1.27561e-07
3.0 3.0 2.04301 -0.010761
3.0 3.0 0.741088 -4.47664e-05
3.0 3.0 4.35744 -3.31898e-10
3.0 3.0 2.53927 -0.033985
3.0 3.0 2.05006 -0.00233524
3.0 3.0 2.19945 -2.19774e-06
3.0 3.0 1.65778 -5.76459e-08
3.0 3.0 0.759324 -0.000125084
3.0 3.0 0.784171 -0.00625459
3.0 3.0 1.76797 -0.000499673
3.0 3.0 2.1553 -9.33978e-07
3.0 3.0 0.738677 -0.0110541
3.0 3.0 2.27681 -0.000169136
3.0 3.0 2.07721 -0.11863
3.0 3.0 2.06502 -0.34703
3.0 3.0 2.19544 -0.00301219
3.0 3.0 0.698379 -0.162492
3.0 3.0 2.10765 -0.0196407
3.0 3.0 1.77508 -0.00220214
3.0 3.0 2.54142 -7.15468e-05
3.0 3.0 3.24496 -2.32322e-06
3.0 3.0 0.733096 -0.00302408
3.0 3.0 1.69016 -7.07123e-06
3.0 3.0 0.668798 -2.64047e-08
3.0 3.0 2.01778 -0.0126178
3.0 3.0 0.698764 -0.373779
3.0 3.0 0.691469 -3.55541e-06
3.0 3.0 1.82207 -0.0278327
3.0 3.0 0.762584 -0.000639994
3.0 3.0 1.93918 -0.0305123
3.0 3.0 3.58957 -0.00136806
3.0 3.0 1.9825 -0.000307294
3.0 3.0 1.61001 -2.02967e-11
3.0 3.0 0.674508 -1.37987e-06
3.0 3.0 0.691234 -0.000415479
3.0 3.0 2.00674 -2.44616e-06
3.0 3.0 0.704798 -0.000735203
3.0 3.0 2.11005 -7.851e-10
3.0 4.0 1.25767 -0.215158
3.0 4.0 1.55134 -0.0312417
3.0 4.0 1.237 -5.79488e-08
3.0 4.0 1.96613 -3.90779e-07
3.0 4.0 1.7417 -0.00324356
3.0 4.0 1.50624 -0.000313459
3.0 4.0 1.72802 -0.399208
3.0 4.0 1.32147 -0.391569
3.0 4.0 0.661269 -0.0
3.0 4.0 1.77231 -1.29941e-06
3.0 4.0 1.32479 -5.31886e-06
3.0 4.0 1.53115 -6.53209e-06
3.0 4.0 2.12323 -5.93853e-07
3.0 4.0 1.75879 -0.0696818
3.0 4.0 1.80256 -0.372835
3.0 4.0 1.298 -0.00728169
3.0 4.0 1.95766 -1.67341e-05
3.0 4.0 2.81483 -0.14359
3.0 4.0 1.79544 -0.00020215
3.0 4.0 3.06167 -7.10543e-15
3.0 4.0 1.8725 -2.97349e-05
3.0 4.0 1.85895 -6.23664e-05
3.0 4.0 1.71622 -0.139895
3.0 4.0 1.80775 -0.000100634
3.0 4.0 1.80896 -0.000148358
3.0 4.0 1.36485 -0.00339374
3.0 4.0 1.70061 -0.000110519
3.0 4.0 1.72251 -0.321029
3.0 4.0 1.84501 -1.52382e-05
3.0 4.0 0.68938 -0.102777
3.0 4.0 1.97093 -0.0061081
3.0 4.0 1.91708 -0.00692697
3.0 4.0 1.8469 -0.00195109
3.0 4.0 1.86738 -3.50881e-06
3.0 4.0 1.2582 -0.00547937
3.0 4.0 1.7239 -0.191874
3.0 4.0 1.5413 -0.409318
3.0 4.0 1.25739 -6.55949e-05
3.0 4.0 1.72545 -0.00198454
3.0 4.0 1.70221 -0.00195272
3.0 4.0 1.26796 -2.43272e-10
3.0 4.0 0.676625 -6.32383e-13
3.0 4.0 1.91452 -0.153926
3.0 4.0 1.24831 -0.033903
3.0 4.0 1.92689 -0.00485736
3.0 4.0 1.92689 -0.0151636
3.0 4.0 1.72082 -0.081778
3.0 4.0 1.55682 -1.3556e-08
3.0 4.0 1.80868 -0.00479717
3.0 4.0 1.83565 -3.33417e-08
3.0 5.0 1.09738 -0.32037
3.0 5.0 1.17296 -0.0627365
3.0 5.0 1.22332 -0.0523793
3.0 5.0 1.12468 -9.15378e-07
3.0 5.0 1.0829 -1.05854e-07
3.0 5.0 1.15774 -1.84567e-07
3.0 5.0 1.11492 -0.00195874
3.0 5.0 1.10256 -0.230346
3.0 5.0 1.15668 -4.40227e-09
3.0 5.0 1.19442 -0.0019293
3.0 5.0 1.10382 -3.12596e-05
3.0 5.0 1.20986 -0.159021
3.0 5.0 1.21025 -0.000440746
3.0 5.0 1.10242 -7.01306e-12
3.0 5.0 1.11459 -0.000989111
3.0 5.0 1.06082 -1.03048e-08
3.0 5.0 1.15563 -3.69064e-06
3.0 5.0 1.16331 -4.97167e-06
3.0 5.0 1.09767 -0.00154157
3.0 5.0 1.11759 -0.205765
3.0 5.0 1.09915 -0.257507
3.0 5.0 1.06268 -4.71343e-07
3.0 5.0 1.09263 -2.67374e-10
3.0 5.0 1.20471 -0.00258768
3.0 5.0 1.12775 -0.0795305
3.0 5.0 1.09154 -2.25364e-06
3.0 5.0 1.05492 -0.245101
3.0 5.0 1.19837 -0.00452891
3.0 5.0 1.21484 -0.0113647
3.0 5.0 1.10341 -1.64964e-08
3.0 5.0 1.09524 -0.0355308
3.0 5.0 1.19098 -0.0667996
3.0 5.0 1.14685 -0.0311134
3.0 5.0 1.09836 -0.00741202
3.0 5.0 1.21505 -0.103294
3.0 5.0 1.21746 -0.276922
3.0 5.0 1.14487 -1.93113e-08
3.0 5.0 1.11561 -0.0149446
3.0 5.0 1.14077 -0.000653487
3.0 5.0 1.10488 -0.000434079
3.0 5.0 1.14372 -0.142385
3.0 5.0 1.16611 -0.0795305
3.0 5.0 1.11029 -0.0795305
3.0 5.0 1.13777 -0.000856401
3.0 5.0 1.10778 -0.159021
3.0 5.0 1.11746 -7.9342e-08
3.0 5.0 1.104 -0.0216256
3.0 5.0 1.09163 -0.00016671
3.0 5.0 1.1168 -0.533239
3.0 5.0 1.10934 -0.00707618
3.0 6.0 1.17107 -0.00142214
3.0 6.0 1.10719 -0.0886172
3.0 6.0 1.15552 -0.116624
3.0 6.0 1.18604 -0.000168445
3.0 6.0 1.153 -0.535596
3.0 6.0 1.04171 -0.00550031
3.0 6.0 1.10624 -3.48143e-05
3.0 6.0 1.14989 -0.00314941
3.0 6.0 1.17326 -3.18213e-07
3.0 6.0 1.162 -0.00385996
3.0 6.0 1.21392 -0.0470396
3.0 6.0 1.23013 -0.53231
3.0 6.0 1.18925 -3.59976e-05
3.0 6.0 1.11258 -0.00461321
3.0 6.0 1.14618 -0.0871291
3.0 6.0 1.19446 -0.0217052
3.0 6.0 1.14312 -0.137988
3.0 6.0 1.45355 -1.41698e-06
3.0 6.0 1.50345 -1.9479e-07
3.0 6.0 1.07669 -0.00161151
3.0 6.0 1.07374 -0.111133
3.0 6.0 1.21061 -5.99427e-05
3.0 6.0 1.16828 -0.0441371
3.0 6.0 1.21976 -0.283916
3.0 6.0 1.21502 -0.00161949
3.0 6.0 1.17087 -0.0799923
3.0 6.0 1.19273 -1.25948e-05
3.0 6.0 1.14486 -0.00144926
3.0 6.0 1.19828 -0.0100086
3.0 6.0 1.10985 -0.0937699
3.0 6.0 1.14949 -3.95612e-10
3.0 6.0 1.23878 -0.00215748
3.0 6.0 1.14121 -2.80291e-05
3.0 6.0 1.19467 -1.97196e-05
3.0 6.0 1.19387 -0.295466
3.0 6.0 1.12451 -0.0046168
3.0 6.0 1.20926 -0.00414989
3.0 6.0 1.15449 -1.62054e-05
3.0 6.0 1.44764 -6.21842e-06
3.0 6.0 1.29231 -0.000568671
3.0 6.0 1.39114 -0.0180255
3.0 6.0 1.11304 -0.00523521
3.0 6.0 1.10047 -0.0468299
3.0 6.0 1.16688 -0.122948
3.0 6.0 1.08808 -0.0139898
3.0 6.0 1.15114 -1.54712e-05
3.0 6.0 1.41838 -0.0637466
3.0 6.0 1.21 -0.198194
3.0 6.0 1.23362 -3.12145e-07
3.0 6.0 1.23362 -3.12145e-07
3.0 7.0 1.30198 -0.000292537
3.0 7.0 1.30772 -0.000748741
3.0 7.0 1.04386 -5.85665e-11
3.0 7.0 1.06232 -1.73744e-06
3.0 7.0 1.45459 -4.54268e-07
3.0 7.0 1.33128 -2.37007e-08
3.0 7.0 1.07941 -0.0244058
3.0 7.0 1.12015 -0.000321688
3.0 7.0 1.31052 -0.0242098
3.0 7.0 2.37537 -0.00310871
3.0 7.0 2.11484 -0.233398
3.0 7.0 1.58767 -0.000675767
3.0 7.0 2.28298 -4.00198e-07
3.0 7.0 1.08216 -0.00982503
3.0 7.0 3.0871 -0.00185128
3.0 7.0 2.2588 -0.000185819
3.0 7.0 1.29983 -0.132418
3.0 7.0 1.34257 -0.00330285
3.0 7.0 1.33057 -0.000713095
3.0 7.0 1.56027 -6.85106e-06
3.0 7.0 1.2993 -0.00844757
3.0 7.0 1.40983 -9.12769e-08
3.0 7.0 1.48456 -1.99468e-05
3.0 7.0 1.62259 -0.000129095
3.0 7.0 2.97129 -0.000151935
3.0 7.0 1.0431 -0.00857926
3.0 7.0 1.394 -6.89226e-12
3.0 7.0 1.43075 -0.00133225
3.0 7.0 1.15725 -0.000387579
3.0 7.0 2.42307 -1.78667e-05
3.0 7.0 1.10862 -0.10666
3.0 7.0 2.90189 -0.000200489
3.0 7.0 1.11377 -6.30753e-05
3.0 7.0 1.23843 -0.0358025
3.0 7.0 1.34828 -1.37507e-06
3.0 7.0 2.25061 -0.0103821
3.0 7.0 2.21997 -1.49227e-06
3.0 7.0 1.52891 -0.080693
3.0 7.0 2.49331 -0.00113548
3.0 7.0 1.36325 -0.000106045
3.0 7.0 2.85113 -0.0214478
3.0 7.0 1.32442 -1.71406e-07
3.0 7.0 1.31285 -0.0044535
3.0 7.0 1.3171 -8.72556e-05
3.0 7.0 1.26652 -0.00482719
3.0 7.0 1.3177 -3.10671e-05
3.0 7.0 1.36956 -0.00234051
3.0 7.0 2.97055 -3.75922e-05
3.0 7.0 3.12888 -9.84457e-12
3.0 7.0 3.32975 -0.044409
4.0 2.0 1.96117 99.8712
4.0 2.0 1.2743 99.8712
4.0 2.0 1.35623 99.8712
4.0 2.0 1.5692 99.8712
4.0 2.0 1.36444 99.8712
4.0 2.0 1.99077 99.8712
4.0 2.0 1.39971 99.8712
4.0 2.0 4.29641 99.8712
4.0 2.0 3.35689 99.8712
4.0 2.0 1.51001 99.8712
4.0 2.0 1.60154 99.8712
4.0 2.0 2.02702 99.8712
4.0 2.0 2.09895 99.8712
4.0 2.0 1.46213 99.8712
4.0 2.0 3.2354 99.8712
4.0 2.0 1.3749 99.8712
4.0 2.0 1.43108 99.8712
4.0 2.0 3.31472 99.8712
4.0 2.0 1.58619 99.8712
4.0 2.0 3.53722 99.8712
4.0 2.0 1.53691 99.8712
4.0 2.0 1.3478 99.8712
4.0 2.0 1.3418 99.8712
4.0 2.0 1.36072 99.8712
4.0 2.0 1.45629 99.8712
4.0 2.0 1.48466 99.8712
4.0 2.0 2.09981 99.8712
4.0 2.0 1.44873 99.8712
4.0 2.0 1.463 99.8712
4.0 2.0 1.46549 99.8712
4.0 2.0 3.34861 99.8712
4.0 2.0 4.09022 99.8712
4.0 2.0 1.93852 99.8712
4.0 2.0 3.51745 99.8712
4.0 2.0 1.40522 99.8712
4.0 2.0 1.38714 99.8712
4.0 2.0 1.42176 99.8712
4.0 2.0 1.39633 99.8712
4.0 2.0 4.23518 99.8712
4.0 2.0 3.24332 99.8712
4.0 2.0 5.70825 99.8712
4.0 2.0 1.91395 99.8712
4.0 2.0 1.42613 99.8712
4.0 2.0 1.38829 99.8712
4.0 2.0 5.81642 99.8712
4.0 2.0 3.19102 99.8712
4.0 2.0 1.9266 99.8712
4.0 2.0 6.07458 99.8712
4.0 2.0 3.27028 99.8712
4.0 2.0 3.42133 99.8712
4.0 3.0 1.97781 99.9546
4.0 3.0 2.19304 99.8752
4.0 3.0 0.896789 99.3412
4.0 3.0 2.29833 99.8232
4.0 3.0 7.555 99.9156
4.0 3.0 2.31935 99.2899
4.0 3.0 2.0762 99.8338
4.0 3.0 0.797678 99.6586
4.0 3.0 2.1654 99.3281
4.0 3.0 2.0187 99.9323
4.0 3.0 2.18815 99.5524
4.0 3.0 2.44357 99.9754
4.0 3.0 2.69271 99.7037
4.0 3.0 3.55924 99.9588
4.0 3.0 2.41445 99.9425
4.0 3.0 3.28909 99.9613
4.0 3.0 2.2011 99.8738
4.0 3.0 2.16266 99.7346
4.0 3.0 0.850246 99.9853
4.0 3.0 3.12274 99.9638
4.0 3.0 2.90379 99.9208
4.0 3.0 4.61073 99.9851
4.0 3.0 1.82956 99.5812
4.0 3.0 1.88175 99.963
4.0 3.0 2.08766 99.927
4.0 3.0 2.36961 99.8671
4.0 3.0 2.36106 99.3753
4.0 3.0 10.6648 99.9987
4.0 3.0 1.77873 99.5728
4.0 3.0 2.79868 99.8545
4.0 3.0 1.87942 99.7294
4.0 3.0 1.80332 99.8062
4.0 3.0 2.30151 99.9562
4.0 3.0 2.22268 99.9168
4.0 3.0 1.83855 99.7733
4.0 3.0 2.23106 99.9295
4.0 3.0 1.20535 99.9062
4.0 3.0 2.68274 99.6116
4.0 3.0 3.58781 99.8203
4.0 3.0 1.90488 99.7722
4.0 3.0 0.80174 99.8167
4.0 3.0 2.54839 99.7427
4.0 3.0 2.46973 99.7686
4.0 3.0 0.791535 99.6115
4.0 3.0 0.874929 99.8714
4.0 3.0 1.00583 99.9873
4.0 3.0 2.00802 99.9676
4.0 3.0 1.97171 99.7294
4.0 3.0 2.20521 99.6998
4.0 3.0 1.80172 99.9633
4.0 4.0 1.86281 99.599
4.0 4.0 5.14825 99.966
4.0 4.0 1.92093 99.9739
4.0 4.0 1.79518 99.7469
4.0 4.0 3.1841 99.9254
4.0 4.0 1.79057 99.4736
4.0 4.0 1.40464 99.6772
4.0 4.0 4.42779 99.9659
4.0 4.0 2.09252 99.9021
4.0 4.0 1.9739 99.9239
4.0 4.0 2.2374 99.5399
4.0 4.0 2.06613 99.8938
4.0 4.0 3.16422 99.9696
4.0 4.0 3.94962 99.9651
4.0 4.0 1.29631 99.9654
4.0 4.0 2.06384 99.9585
4.0 4.0 1.85555 99.9515
4.0 4.0 1.93442 99.8837
4.0 4.0 2.26281 99.5614
4.0 4.0 1.93974 99.7341
4.0 4.0 2.06182 99.9755
4.0 4.0 2.4623 99.924
4.0 4.0 2.10519 99.9614
4.0 4.0 1.41033 99.9503
4.0 4.0 2.65797 99.9759
4.0 4.0 1.90003 99.3829
4.0 4.0 0.697624 99.8181
4.0 4.0 4.90315 99.9249
4.0 4.0 1.8634 99.9759
4.0 4.0 2.34464 99.8628
4.0 4.0 2.22677 99.9425
4.0 4.0 2.08186 99.9762
4.0 4.0 1.85963 99.8628
4.0 4.0 2.1266 99.9515
4.0 4.0 0.950965 99.9851
4.0 4.0 1.3913 99.8095
4.0 4.0 1.8218 99.8789
4.0 4.0 0.763512 99.5844
4.0 4.0 1.90513 99.6064
4.0 4.0 2.07697 99.8574
4.0 4.0 2.21425 99.9509
4.0 4.0 0.859099 99.9567
4.0 4.0 2.04071 99.8062
4.0 4.0 1.82904 99.7853
4.0 4.0 3.78147 99.9633
4.0 4.0 3.38585 99.9633
4.0 4.0 0.678062 99.5834
4.0 4.0 2.04466 99.9613
4.0 4.0 1.92962 99.2528
4.0 4.0 2.18315 99.9386
4.0 5.0 1.26933 99.9616
4.0 5.0 1.14585 99.9226
4.0 5.0 1.14964 99.9888
4.0 5.0 1.11738 99.6797
4.0 5.0 1.13393 99.876
4.0 5.0 1.14671 99.861
4.0 5.0 1.24713 99.277
4.0 5.0 1.07733 99.9254
4.0 5.0 1.29352 99.8824
4.0 5.0 1.12177 99.3106
4.0 5.0 1.12592 99.9272
4.0 5.0 1.1306 99.4453
4.0 5.0 1.12657 99.3057
4.0 5.0 1.12171 99.6655
4.0 5.0 1.12058 99.0869
4.0 5.0 1.11472 99.9505
4.0 5.0 1.13158 99.7541
4.0 5.0 1.22678 99.641
4.0 5.0 1.07534 99.8735
4.0 5.0 1.13844 99.913
4.0 5.0 1.18458 99.9613
4.0 5.0 1.15407 99.8613
4.0 5.0 1.15814 99.9571
4.0 5.0 1.15446 99.9584
4.0 5.0 1.20014 99.9685
4.0 5.0 1.12471 99.5629
4.0 5.0 1.11676 99.5004
4.0 5.0 1.15216 99.6089
4.0 5.0 1.09644 99.9695
4.0 5.0 1.23045 99.8805
4.0 5.0 1.27077 99.9546
4.0 5.0 1.27284 99.9646
4.0 5.0 1.11919 99.3483
4.0 5.0 1.11919 99.9628
4.0 5.0 1.08128 99.9816
4.0 5.0 1.14679 99.672
4.0 5.0 1.09876 99.7991
4.0 5.0 1.25224 99.9431
4.0 5.0 1.11514 99.6114
4.0 5.0 1.11704 99.7852
4.0 5.0 1.2235 99.4029
4.0 5.0 1.18478 99.962
4.0 5.0 1.20988 99.9008
4.0 5.0 1.14083 99.884
4.0 5.0 1.14213 99.841
4.0 5.0 1.14431 99.8808
4.0 5.0 1.13837 99.9515
4.0 5.0 1.19072 99.6606
4.0 5.0 1.2313 99.9327
4.0 5.0 1.08645 99.9095
4.0 6.0 1.08911 99.8243
4.0 6.0 1.11371 99.9533
4.0 6.0 1.17123 99.0653
4.0 6.0 1.20833 99.3231
4.0 6.0 1.11099 99.3599
4.0 6.0 1.13892 99.7798
4.0 6.0 1.03599 99.8442
4.0 6.0 1.16042 99.781
4.0 6.0 1.47779 99.8449
4.0 6.0 1.12163 99.3931
4.0 6.0 1.13654 99.9543
4.0 6.0 1.12587 99.9762
4.0 6.0 1.35183 99.969
4.0 6.0 1.13169 99.7091
4.0 6.0 1.14286 99.9568
4.0 6.0 1.26599 99.7409
4.0 6.0 1.14939 99.9059
4.0 6.0 1.20271 99.8641
4.0 6.0 1.1588 99.3281
4.0 6.0 1.11866 99.8501
4.0 6.0 1.18822 99.8674
4.0 6.0 1.20742 99.8969
4.0 6.0 1.14976 99.954
4.0 6.0 1.07759 99.7626
4.0 6.0 1.25698 99.9533
4.0 6.0 1.19256 99.9835
4.0 6.0 1.14627 99.9809
4.0 6.0 1.14106 99.479
4.0 6.0 1.46982 99.3281
4.0 6.0 1.68596 99.898
4.0 6.0 1.68147 99.9269
4.0 6.0 1.13635 99.5696
4.0 6.0 1.07419 99.6836
4.0 6.0 1.10338 99.9523
4.0 6.0 1.18053 99.9103
4.0 6.0 1.3265 99.8286
4.0 6.0 1.11316 99.218
4.0 6.0 1.14692 99.3585
4.0 6.0 1.16604 99.5776
4.0 6.0 1.19463 99.9426
4.0 6.0 1.11263 99.9214
4.0 6.0 1.92973 99.9267
4.0 6.0 1.06065 99.9767
4.0 6.0 1.16845 99.6175
4.0 6.0 1.10598 99.8808
4.0 6.0 1.2895 99.9771
4.0 6.0 1.12692 99.986
4.0 6.0 1.1322 99.3281
4.0 6.0 1.24493 99.6437
4.0 6.0 1.24493 99.6437
4.0 7.0 1.28948 99.9087
4.0 7.0 1.25776 99.7978
4.0 7.0 1.34544 99.9645
4.0 7.0 1.23605 99.4392
4.0 7.0 1.13813 99.9256
4.0 7.0 2.16545 99.8712
4.0 7.0 1.29327 98.7993
4.0 7.0 1.34725 99.9064
4.0 7.0 2.44703 99.41
4.0 7.0 1.30718 99.7551
4.0 7.0 1.24707 99.8128
4.0 7.0 1.65897 99.944
4.0 7.0 2.9389 99.686
4.0 7.0 1.11775 99.9048
4.0 7.0 1.22391 99.6158
4.0 7.0 1.16725 99.6818
4.0 7.0 1.48373 99.8909
4.0 7.0 1.73476 99.4018
4.0 7.0 2.37121 99.2838
4.0 7.0 1.2385 99.9946
4.0 7.0 1.2565 99.8531
4.0 7.0 1.2661 99.9482
4.0 7.0 1.28186 99.9476
4.0 7.0 2.43696 99.971
4.0 7.0 2.53762 99.7235
4.0 7.0 1.68996 99.9797
4.0 7.0 1.24891 99.8956
4.0 7.0 2.95782 99.9546
4.0 7.0 1.3422 99.8075
4.0 7.0 1.32824 99.8125
4.0 7.0 1.67073 99.8379
4.0 7.0 3.03293 99.9375
4.0 7.0 1.91603 99.9546
4.0 7.0 2.88248 99.9522
4.0 7.0 3.02165 99.9502
4.0 7.0 1.13541 99.2337
4.0 7.0 1.21751 99.9235
4.0 7.0 1.30057 99.9103
4.0 7.0 1.23217 99.654
4.0 7.0 1.26425 99.6096
4.0 7.0 1.29001 99.9791
4.0 7.0 1.32115 99.9739
4.0 7.0 1.2978 99.8914
4.0 7.0 1.20241 99.9425
4.0 7.0 1.25199 99.811
4.0 7.0 1.52525 99.8988
4.0 7.0 1.61363 99.6927
4.0 7.0 1.21972 99.719
4.0 7.0 2.215 99.9851
4.0 7.0 2.45847 99.781
5.0 2.0 114.852 -20.9406
5.0 2.0 115.37 -20.9406
5.0 2.0 115.056 -20.9406
5.0 2.0 117.833 -20.9406
5.0 2.0 115.121 -20.9406
5.0 2.0 113.683 -20.9406
5.0 2.0 117.161 -20.9406
5.0 2.0 124.239 -20.9406
5.0 2.0 115.251 -20.9406
5.0 2.0 115.993 -20.9406
5.0 2.0 112.873 -20.9406
5.0 2.0 116.324 -20.9406
5.0 2.0 115.824 -20.9406
5.0 2.0 115.929 -20.9406
5.0 2.0 113.017 -20.9406
5.0 2.0 115.152 -20.9406
5.0 2.0 124.777 -20.9406
5.0 2.0 116.867 -20.9406
5.0 2.0 118.216 -20.9406
5.0 2.0 115.064 -20.9406
5.0 2.0 116.385 -20.9406
5.0 2.0 113.141 -20.9406
5.0 2.0 117.897 -20.9406
5.0 2.0 113.051 -20.9406
5.0 2.0 115.0 -20.9406
5.0 2.0 112.997 -20.9406
5.0 2.0 114.978 -20.9406
5.0 2.0 111.83 -20.9406
5.0 2.0 114.816 -20.9406
5.0 2.0 118.199 -20.9406
5.0 2.0 115.732 -20.9406
5.0 2.0 119.347 -20.9406
5.0 2.0 115.582 -20.9406
5.0 2.0 115.074 -20.9406
5.0 2.0 121.364 -20.9406
5.0 2.0 112.416 -20.9406
5.0 2.0 113.47 -20.9406
5.0 2.0 115.017 -20.9406
5.0 2.0 112.844 -20.9406
5.0 2.0 118.121 -20.9406
5.0 2.0 116.922 -20.9406
5.0 2.0 116.899 -20.9406
5.0 2.0 114.89 -20.9406
5.0 2.0 115.628 -20.9406
5.0 2.0 116.784 -20.9406
5.0 2.0 116.087 -20.9406
5.0 2.0 116.679 -20.9406
5.0 2.0 115.25 -20.9406
5.0 2.0 117.931 -20.9406
5.0 2.0 116.312 -20.9406
5.0 3.0 57.7454 -20.942
5.0 3.0 57.6526 -20.903
5.0 3.0 59.2995 -20.9409
5.0 3.0 59.2317 -20.8125
5.0 3.0 59.1498 -20.9423
5.0 3.0 58.6944 -21.0177
5.0 3.0 59.1424 -20.8167
5.0 3.0 59.2932 -20.9472
5.0 3.0 57.7632 -20.9407
5.0 3.0 57.4909 -20.9588
5.0 3.0 58.2852 -20.9407
5.0 3.0 58.2274 -20.9406
5.0 3.0 57.778 -20.9406
5.0 3.0 59.2175 -20.817
5.0 3.0 57.5495 -20.9507
5.0 3.0 59.0563 -20.9406
5.0 3.0 59.1322 -20.9408
5.0 3.0 57.5316 -20.8287
5.0 3.0 59.2088 -20.831
5.0 3.0 57.4859 -20.9407
5.0 3.0 58.6148 -20.9412
5.0 3.0 58.6261 -20.9413
5.0 3.0 57.7461 -20.8582
5.0 3.0 58.9433 -20.875
5.0 3.0 59.1005 -20.9406
5.0 3.0 58.2853 -20.9407
5.0 3.0 57.7509 -20.8482
5.0 3.0 58.4659 -20.9406
5.0 3.0 58.6391 -20.9217
5.0 3.0 59.4115 -20.9406
5.0 3.0 58.5518 -20.9282
5.0 3.0 57.7305 -20.9406
5.0 3.0 57.7038 -20.9406
5.0 3.0 57.817 -20.9406
5.0 3.0 58.7248 -20.7988
5.0 3.0 58.6899 -20.9408
5.0 3.0 57.824 -20.9616
5.0 3.0 59.2475 -20.9414
5.0 3.0 58.2545 -20.9407
5.0 3.0 57.8563 -20.9432
5.0 3.0 57.5853 -20.8549
5.0 3.0 59.4412 -20.9406
5.0 3.0 58.3415 -20.9406
5.0 3.0 59.414 -20.9406
5.0 3.0 57.5794 -20.9468
5.0 3.0 58.9342 -20.8906
5.0 3.0 58.4223 -20.8896
5.0 3.0 58.6018 -20.9609
5.0 3.0 57.7747 -20.9406
5.0 3.0 57.8402 -20.831
5.0 4.0 39.4339 -20.9406
5.0 4.0 39.193 -20.9408
5.0 4.0 39.6912 -20.9406
5.0 4.0 38.389 -20.9406
5.0 4.0 39.3173 -20.9412
5.0 4.0 40.2465 -20.9407
5.0 4.0 38.9899 -20.8357
5.0 4.0 39.1034 -20.831
5.0 4.0 39.4353 -20.9408
5.0 4.0 39.291 -20.9406
5.0 4.0 39.3505 -20.9412
5.0 4.0 39.3184 -20.9408
5.0 4.0 39.6924 -20.8008
5.0 4.0 39.2609 -20.947
5.0 4.0 39.6675 -20.942
5.0 4.0 39.5596 -20.831
5.0 4.0 39.2166 -20.9406
5.0 4.0 39.7082 -20.9414
5.0 4.0 38.9811 -20.9415
5.0 4.0 39.4377 -20.9416
5.0 4.0 39.3596 -20.9406
5.0 4.0 39.4254 -21.056
5.0 4.0 39.2524 -20.9407
5.0 4.0 39.4229 -20.9406
5.0 4.0 39.1558 -20.9637
5.0 4.0 39.5144 -20.9407
5.0 4.0 39.6414 -20.9681
5.0 4.0 39.3798 -20.9408
5.0 4.0 38.4274 -20.9418
5.0 4.0 39.3901 -20.8043
5.0 4.0 39.4391 -20.9407
5.0 4.0 39.4153 -21.0471
5.0 4.0 40.0641 -20.9492
5.0 4.0 38.9872 -20.9406
5.0 4.0 39.2863 -20.9453
5.0 4.0 38.1821 -20.9423
5.0 4.0 39.475 -20.9406
5.0 4.0 39.3904 -20.9439
5.0 4.0 39.3558 -20.9453
5.0 4.0 39.3774 -20.9879
5.0 4.0 39.1587 -20.9406
5.0 4.0 40.5605 -20.9602
5.0 4.0 38.9687 -20.9408
5.0 4.0 39.4048 -20.9407
5.0 4.0 39.4285 -20.9464
5.0 4.0 39.4719 -20.9406
5.0 4.0 39.2695 -20.9406
5.0 4.0 39.4375 -20.9409
5.0 4.0 39.1059 -20.9406
5.0 4.0 39.8607 -20.9694
5.0 5.0 28.1601 -20.9406
5.0 5.0 28.3231 -20.9407
5.0 5.0 28.3142 -20.9406
5.0 5.0 28.3537 -20.8602
5.0 5.0 28.1651 -20.9306
5.0 5.0 28.1844 -20.9922
5.0 5.0 28.3316 -20.9412
5.0 5.0 27.821 -20.9406
5.0 5.0 27.8953 -20.9765
5.0 5.0 28.3229 -20.9508
5.0 5.0 27.9032 -20.9406
5.0 5.0 27.8371 -20.9544
5.0 5.0 27.8426 -20.9466
5.0 5.0 27.833 -20.9501
5.0 5.0 27.8421 -20.9439
5.0 5.0 28.3122 -20.9439
5.0 5.0 29.1021 -20.9697
5.0 5.0 27.8285 -20.9414
5.0 5.0 27.8506 -20.9697
5.0 5.0 29.0663 -20.9425
5.0 5.0 28.5027 -20.9406
5.0 5.0 27.8215 -20.9415
5.0 5.0 28.8795 -20.9488
5.0 5.0 27.9976 -20.9406
5.0 5.0 27.8196 -20.9433
5.0 5.0 27.8446 -20.8016
5.0 5.0 28.9517 -20.9407
5.0 5.0 28.282 -20.9714
5.0 5.0 28.7995 -20.9406
5.0 5.0 27.8235 -20.9413
5.0 5.0 27.8329 -20.9406
5.0 5.0 27.8205 -20.9406
5.0 5.0 27.8076 -20.9406
5.0 5.0 28.8082 -20.8396
5.0 5.0 27.8349 -20.9415
5.0 5.0 27.8144 -20.9406
5.0 5.0 29.2788 -20.943
5.0 5.0 27.8253 -20.9406
5.0 5.0 28.3275 -20.9408
5.0 5.0 29.3591 -20.9406
5.0 5.0 27.8355 -20.9443
5.0 5.0 28.3439 -20.944
5.0 5.0 27.8243 -20.9411
5.0 5.0 27.831 -20.9406
5.0 5.0 27.8243 -20.9406
5.0 5.0 28.929 -21.0414
5.0 5.0 29.2137 -20.9521
5.0 5.0 29.0459 -20.9406
5.0 5.0 29.0154 -20.9406
5.0 5.0 30.1169 -20.9418
5.0 6.0 22.2678 -20.831
5.0 6.0 22.3864 -20.9406
5.0 6.0 22.4209 -20.9406
5.0 6.0 22.3047 -20.9412
5.0 6.0 22.6562 -20.9406
5.0 6.0 22.2658 -20.9414
5.0 6.0 22.278 -20.9472
5.0 6.0 22.2611 -20.9406
5.0 6.0 22.2608 -20.9406
5.0 6.0 22.4749 -20.9413
5.0 6.0 22.325 -20.8876
5.0 6.0 23.4973 -20.9406
5.0 6.0 22.2633 -20.9406
5.0 6.0 22.6781 -20.9335
5.0 6.0 22.2882 -20.9406
5.0 6.0 22.2622 -20.9406
5.0 6.0 22.2646 -20.9406
5.0 6.0 22.6856 -20.8168
5.0 6.0 22.2777 -20.9414
5.0 6.0 22.2959 -20.831
5.0 6.0 22.6772 -20.9473
5.0 6.0 22.2541 -20.9406
5.0 6.0 22.6777 -21.014
5.0 6.0 22.6539 -20.9411
5.0 6.0 22.7932 -20.9406
5.0 6.0 23.3962 -20.9406
5.0 6.0 22.2701 -20.9406
5.0 6.0 22.6554 -20.8592
5.0 6.0 22.2648 -20.9406
5.0 6.0 22.2632 -20.9406
5.0 6.0 22.2683 -20.9446
5.0 6.0 22.2785 -20.9419
5.0 6.0 22.272 -20.9408
5.0 6.0 22.2649 -20.9782
5.0 6.0 22.6621 -20.9406
5.0 6.0 22.254 -21.0462
5.0 6.0 22.2775 -20.9633
5.0 6.0 23.2751 -20.8357
5.0 6.0 22.2617 -20.9684
5.0 6.0 22.2618 -20.9408
5.0 6.0 22.2847 -20.9423
5.0 6.0 22.4542 -20.9424
5.0 6.0 22.657 -20.9406
5.0 6.0 23.3008 -20.947
5.0 6.0 22.2652 -20.9901
5.0 6.0 22.3301 -20.9406
5.0 6.0 22.2846 -20.9464
5.0 6.0 22.4094 -20.815
5.0 6.0 22.5393 -20.9407
5.0 6.0 22.2615 -20.9406
5.0 7.0 18.5855 -20.9406
5.0 7.0 18.6961 -20.9406
5.0 7.0 19.1451 -20.9411
5.0 7.0 19.4562 -20.8013
5.0 7.0 18.5536 -20.9406
5.0 7.0 18.5608 -21.0224
5.0 7.0 18.7844 -20.9406
5.0 7.0 18.9432 -20.9406
5.0 7.0 19.5437 -20.9409
5.0 7.0 19.5247 -20.9406
5.0 7.0 18.56 -20.9407
5.0 7.0 19.4863 -20.9406
5.0 7.0 18.5642 -20.9527
5.0 7.0 19.7272 -20.9406
5.0 7.0 18.7191 -20.9411
5.0 7.0 18.9995 -20.9682
5.0 7.0 18.5694 -20.9706
5.0 7.0 18.5596 -20.9413
5.0 7.0 18.5845 -20.9408
5.0 7.0 19.1364 -20.9419
5.0 7.0 19.765 -20.9465
5.0 7.0 18.5952 -20.9371
5.0 7.0 18.6125 -20.9691
5.0 7.0 18.7081 -20.9406
5.0 7.0 18.5834 -20.9411
5.0 7.0 19.3343 -20.9406
5.0 7.0 18.5586 -20.9406
5.0 7.0 18.5691 -20.9667
5.0 7.0 19.4423 -20.9408
5.0 7.0 19.5482 -20.9409
5.0 7.0 18.7836 -20.9417
5.0 7.0 19.7187 -20.9407
5.0 7.0 19.3077 -21.0489
5.0 7.0 19.6791 -21.0351
5.0 7.0 19.679 -20.9411
5.0 7.0 18.8013 -20.9585
5.0 7.0 18.5545 -20.942
5.0 7.0 18.8352 -20.9748
5.0 7.0 19.1955 -20.9406
5.0 7.0 18.5607 -20.9408
5.0 7.0 18.5699 -20.8599
5.0 7.0 18.5671 -20.941
5.0 7.0 18.8971 -20.9407
5.0 7.0 19.6534 -21.0467
5.0 7.0 19.6534 -21.0467
5.0 7.0 19.6534 -21.0467
5.0 7.0 19.6534 -21.0467
5.0 7.0 19.6534 -21.0467
5.0 7.0 19.6534 -21.0467
5.0 7.0 19.6534 -21.0467
