0.0 2.0 3.31478 -0.00773168
0.0 2.0 1.34734 -0.00773168
0.0 2.0 5.75113 -0.00773168
0.0 2.0 3.46943 -0.00773168
0.0 2.0 1.34654 -0.00773168
0.0 2.0 3.28965 -0.00773168
0.0 2.0 3.32223 -0.00773168
0.0 2.0 3.26375 -0.00773168
0.0 2.0 1.35727 -0.00773168
0.0 2.0 3.36578 -0.00773168
0.0 2.0 2.13159 -0.00773168
0.0 2.0 1.34367 -0.00773168
0.0 2.0 2.1105 -0.00773168
0.0 2.0 1.33517 -0.00773168
0.0 2.0 1.3726 -0.00773168
0.0 2.0 1.2565 -0.00773168
0.0 2.0 3.32833 -0.00773168
0.0 2.0 6.02672 -0.00773168
0.0 2.0 1.25405 -0.00773168
0.0 2.0 1.35992 -0.00773168
0.0 2.0 3.35182 -0.00773168
0.0 2.0 1.36528 -0.00773168
0.0 2.0 3.25585 -0.00773168
0.0 2.0 1.24488 -0.00773168
0.0 2.0 1.35393 -0.00773168
0.0 2.0 1.34728 -0.00773168
0.0 2.0 3.40874 -0.00773168
0.0 2.0 1.33883 -0.00773168
0.0 2.0 5.87221 -0.00773168
0.0 2.0 1.37451 -0.00773168
0.0 2.0 3.39209 -0.00773168
0.0 2.0 3.36411 -0.00773168
0.0 2.0 1.35136 -0.00773168
0.0 2.0 5.79988 -0.00773168
0.0 2.0 1.29592 -0.00773168
0.0 2.0 1.33959 -0.00773168
0.0 2.0 3.33095 -0.00773168
0.0 2.0 5.78558 -0.00773168
0.0 2.0 1.3496 -0.00773168
0.0 2.0 1.34889 -0.00773168
0.0 2.0 1.34416 -0.00773168
0.0 2.0 2.04967 -0.00773168
0.0 2.0 1.33912 -0.00773168
0.0 2.0 1.32025 -0.00773168
0.0 2.0 1.31638 -0.00773168
0.0 2.0 3.51874 -0.00773168
0.0 2.0 4.07943 -0.00773168
0.0 2.0 1.33663 -0.00773168
0.0 2.0 3.35957 -0.00773168
0.0 2.0 4.11872 -0.00773168
0.0 3.0 2.10973 -0.00168234
0.0 3.0 2.14826 -0.055127
0.0 3.0 2.1234 -1.78913e-07
0.0 3.0 2.14561 -0.137666
0.0 3.0 2.55547 -0.407104
0.0 3.0 4.24719 -0.00739603
0.0 3.0 1.97225 -0.00138372
0.0 3.0 4.32466 -0.0669462
0.0 3.0 2.19632 -0.11526
0.0 3.0 2.09939 -0.0451351
0.0 3.0 4.31759 -0.100268
0.0 3.0 1.9727 -0.0335512
0.0 3.0 2.73724 -0.00744868
0.0 3.0 1.95686 -0.000381084
0.0 3.0 2.2265 -0.00254254
0.0 3.0 1.81691 -0.0165308
0.0 3.0 1.97826 -0.0130089
0.0 3.0 3.91986 -0.0208909
0.0 3.0 2.15855 -2.22045e-16
0.0 3.0 2.95316 -0.00304535
0.0 3.0 1.82724 -0.00104349
0.0 3.0 0.715573 -1.33412e-11
0.0 3.0 0.889521 -0.139294
0.0 3.0 2.24262 -0.0722346
0.0 3.0 1.97485 -0.0300429
0.0 3.0 2.07495 -0.018435
0.0 3.0 2.06033 -0.118197
0.0 3.0 1.66035 -0.000896386
0.0 3.0 2.05257 -0.0271234
0.0 3.0 2.55574 -3.10153e-06
0.0 3.0 0.795314 -0.0616144
0.0 3.0 1.98766 -0.103492
0.0 3.0 0.814405 -0.0912566
0.0 3.0 0.792171 -0.123425
0.0 3.0 1.81634 -2.3865e-07
0.0 3.0 2.10233 -0.125845
0.0 3.0 2.13889 -0.166759
0.0 3.0 2.11366 -1.25244e-06
0.0 3.0 2.09527 -0.010151
0.0 3.0 1.83732 -0.00740383
0.0 3.0 2.10338 -0.203761
0.0 3.0 3.58899 -0.0802962
0.0 3.0 1.79528 -0.0802962
0.0 3.0 0.844755 -0.109951
0.0 3.0 2.0613 -0.0802962
0.0 3.0 2.12856 -0.00748728
0.0 3.0 2.03433 -0.0266207
0.0 3.0 2.66784 -0.0346498
0.0 3.0 1.98509 -0.0635721
0.0 3.0 2.95324 -0.000668314
0.0 4.0 1.9234 -0.0223536
0.0 4.0 1.84865 -0.00739657
0.0 4.0 1.9127 -0.00740733
0.0 4.0 2.28141 -9.54507e-07
0.0 4.0 0.686748 -0.00743423
0.0 4.0 2.80349 -0.0687605
0.0 4.0 1.85864 -0.00675391
0.0 4.0 1.45271 -0.0164114
0.0 4.0 0.6777 -2.69036e-05
0.0 4.0 0.715041 -0.164018
0.0 4.0 1.68476 -0.014477
0.0 4.0 1.76191 -0.00921858
0.0 4.0 1.77774 -1.25268e-05
0.0 4.0 2.27607 -0.146907
0.0 4.0 1.29147 -0.00178773
0.0 4.0 1.80857 -0.00283722
0.0 4.0 0.686146 -0.0675864
0.0 4.0 1.29093 -0.000122978
0.0 4.0 1.23843 -0.000306615
0.0 4.0 0.740092 -0.0214215
0.0 4.0 1.74098 -0.0277383
0.0 4.0 1.28039 -0.0112159
0.0 4.0 1.79515 -0.0474279
0.0 4.0 1.76911 -3.99551e-05
0.0 4.0 1.8831 -3.34072e-06
0.0 4.0 1.78158 -0.000736136
0.0 4.0 2.10508 -0.00161016
0.0 4.0 1.73583 -0.00811169
0.0 4.0 1.32505 -0.00739601
0.0 4.0 1.82461 -0.0
0.0 4.0 2.14122 -0.00805506
0.0 4.0 1.67552 -0.0221494
0.0 4.0 1.39606 -0.000919911
0.0 4.0 2.1209 -0.0306395
0.0 4.0 2.30016 -2.20062e-05
0.0 4.0 1.70514 -0.0105718
0.0 4.0 2.26207 -0.0175671
0.0 4.0 1.7175 -0.0357559
0.0 4.0 1.71661 -0.0209975
0.0 4.0 1.2691 -0.0
0.0 4.0 1.7613 -0.0
0.0 4.0 0.719895 -0.0630565
0.0 4.0 1.93983 -0.0145871
0.0 4.0 1.41686 -0.0446605
0.0 4.0 1.90362 -0.00508499
0.0 4.0 1.32848 -0.0106185
0.0 4.0 1.29518 -0.0803828
0.0 4.0 1.72599 -0.119031
0.0 4.0 2.02856 -1.31802e-05
0.0 4.0 0.714091 -0.0188361
0.0 5.0 1.18459 -9.22484e-13
0.0 5.0 1.0989 -0.0
0.0 5.0 1.10396 -0.147672
0.0 5.0 1.11641 -0.119761
0.0 5.0 1.09634 -9.80866e-05
0.0 5.0 1.1086 -0.00075397
0.0 5.0 1.09228 -4.17453e-05
0.0 5.0 1.10432 -0.0862036
0.0 5.0 1.05985 -0.0156907
0.0 5.0 1.22019 -0.0495102
0.0 5.0 1.10258 -0.0234401
0.0 5.0 1.1181 -0.0320999
0.0 5.0 1.21923 -0.0934878
0.0 5.0 1.18624 -5.96229e-08
0.0 5.0 1.10839 -0.0227018
0.0 5.0 1.10029 -0.0261251
0.0 5.0 1.16744 -0.00746323
0.0 5.0 1.14067 -0.059441
0.0 5.0 1.07085 -0.000285826
0.0 5.0 1.17815 -1.73016e-06
0.0 5.0 1.1062 -0.0126347
0.0 5.0 1.10284 -0.0316435
0.0 5.0 1.1815 -0.00059747
0.0 5.0 1.13166 -0.000989813
0.0 5.0 1.06591 -8.35297e-07
0.0 5.0 1.09676 -0.00748108
0.0 5.0 1.16374 -0.0241993
0.0 5.0 1.10822 -1.306e-05
0.0 5.0 1.11763 -0.0480933
0.0 5.0 1.10027 -0.00813579
0.0 5.0 1.11949 -0.143415
0.0 5.0 1.10519 -0.0786782
0.0 5.0 1.23765 -0.000671162
0.0 5.0 1.06586 -0.0496896
0.0 5.0 1.10814 -0.0349692
0.0 5.0 1.09937 -0.0121034
0.0 5.0 1.09542 -0.00739617
0.0 5.0 1.11338 -0.0239716
0.0 5.0 1.11019 -0.0170945
0.0 5.0 1.11121 -0.00890429
0.0 5.0 1.10538 -0.185056
0.0 5.0 1.21476 -0.0157591
0.0 5.0 1.1136 -0.052216
0.0 5.0 1.06287 -0.0320655
0.0 5.0 1.2216 -1.45576e-05
0.0 5.0 1.10737 -8.36586e-12
0.0 5.0 1.09941 -0.0351595
0.0 5.0 1.10825 -3.75878e-06
0.0 5.0 1.17941 -0.0279408
0.0 5.0 1.10409 -2.06934e-12
0.0 6.0 1.12051 -0.0287674
0.0 6.0 1.09612 -0.0531746
0.0 6.0 1.05871 -0.000375929
0.0 6.0 1.14096 -0.0989159
0.0 6.0 1.15893 -0.0494537
0.0 6.0 1.08409 -0.00473235
0.0 6.0 1.09435 -0.0319534
0.0 6.0 1.03929 -0.00865743
0.0 6.0 1.06545 -0.0494116
0.0 6.0 1.18179 -0.10729
0.0 6.0 1.15524 -0.0977809
0.0 6.0 1.12843 -0.0190647
0.0 6.0 1.14062 -5.31005e-06
0.0 6.0 1.15664 -0.0822042
0.0 6.0 1.17674 -0.0152671
0.0 6.0 1.13409 -5.96237e-08
0.0 6.0 1.23052 -0.000143003
0.0 6.0 1.15617 -0.0699047
0.0 6.0 1.30441 -0.00790026
0.0 6.0 1.14164 -0.100311
0.0 6.0 1.19763 -0.0557036
0.0 6.0 1.13333 -0.120766
0.0 6.0 1.24471 -0.034945
0.0 6.0 1.25622 -0.00998801
0.0 6.0 1.37479 -0.0804661
0.0 6.0 1.13593 -0.00739601
0.0 6.0 1.40189 -6.62591e-05
0.0 6.0 1.21011 -0.0350436
0.0 6.0 1.16367 -0.00045786
0.0 6.0 1.41246 -0.248635
0.0 6.0 1.15724 -0.00197271
0.0 6.0 1.20134 -1.43178e-06
0.0 6.0 1.14245 -0.0421599
0.0 6.0 1.46458 -0.00164084
0.0 6.0 1.19894 -0.0276859
0.0 6.0 1.11453 -0.0403386
0.0 6.0 1.44461 -3.35287e-13
0.0 6.0 1.06266 -0.0851499
0.0 6.0 1.16905 -0.150603
0.0 6.0 1.22431 -0.437796
0.0 6.0 1.19706 -0.00214522
0.0 6.0 1.14248 -0.00739611
0.0 6.0 1.22416 -2.24931e-13
0.0 6.0 1.11571 -0.000251694
0.0 6.0 1.18484 -0.0229326
0.0 6.0 1.17741 -2.66454e-15
0.0 6.0 1.26091 -1.19306e-07
0.0 6.0 1.18495 -0.00163486
0.0 6.0 1.2347 -1.19286e-07
0.0 6.0 1.25235 -0.0120294
0.0 7.0 1.32096 -3.57822e-07
0.0 7.0 1.17292 -2.56557e-06
0.0 7.0 1.25508 -0.0643856
0.0 7.0 1.19405 -0.000265386
0.0 7.0 1.25251 -0.000108331
0.0 7.0 1.24612 -0.000116884
0.0 7.0 1.10212 -0.0647068
0.0 7.0 1.3096 -0.0168878
0.0 7.0 1.36004 -0.185031
0.0 7.0 1.09875 -0.00750764
0.0 7.0 1.2799 -0.0080267
0.0 7.0 1.04286 -1.19261e-07
0.0 7.0 1.32298 -0.00739617
0.0 7.0 1.50611 -0.196816
0.0 7.0 1.61316 -0.00605568
0.0 7.0 1.27278 -0.0035249
0.0 7.0 1.39333 -0.000194725
0.0 7.0 1.33323 -0.0414047
0.0 7.0 2.23504 -0.0238331
0.0 7.0 2.13777 -0.00812887
0.0 7.0 3.15377 -0.0102293
0.0 7.0 1.29297 -0.0106117
0.0 7.0 1.26011 -0.0197949
0.0 7.0 1.1774 -0.10121
0.0 7.0 1.20152 -0.0421145
0.0 7.0 1.07691 -0.0344323
0.0 7.0 1.31822 -0.00806538
0.0 7.0 1.53528 -0.0229511
0.0 7.0 1.13733 -0.0108835
0.0 7.0 1.25304 -0.0298407
0.0 7.0 1.33531 -0.0699087
0.0 7.0 1.2972 -0.00456588
0.0 7.0 1.34418 -0.0273901
0.0 7.0 1.3447 -1.3716e-06
0.0 7.0 1.22707 -0.00986774
0.0 7.0 1.27243 -0.0784063
0.0 7.0 1.2747 -7.00266e-05
0.0 7.0 3.14311 -2.08749e-06
0.0 7.0 1.3767 -2.08823e-06
0.0 7.0 3.01292 -0.0143562
0.0 7.0 1.25797 -0.0280121
0.0 7.0 1.32122 -0.0134015
0.0 7.0 1.14856 -0.0367404
0.0 7.0 1.08697 -0.034783
0.0 7.0 2.25837 -4.46675e-05
0.0 7.0 1.35458 -0.217823
0.0 7.0 1.66857 -8.32115e-05
0.0 7.0 2.23197 -0.113969
0.0 7.0 1.24844 -2.80354e-06
0.0 7.0 1.36324 -0.086827
1.0 2.0 1.39761 2.67455
1.0 2.0 1.39621 2.67455
1.0 2.0 6.42041 2.67455
1.0 2.0 2.23259 2.67455
1.0 2.0 3.36814 2.67455
1.0 2.0 1.57911 2.67455
1.0 2.0 1.4194 2.67455
1.0 2.0 2.28824 2.67455
1.0 2.0 1.39793 2.67455
1.0 2.0 1.42736 2.67455
1.0 2.0 3.16568 2.67455
1.0 2.0 1.4365 2.67455
1.0 2.0 1.38279 2.67455
1.0 2.0 1.58918 2.67455
1.0 2.0 1.49693 2.67455
1.0 2.0 1.59865 2.67455
1.0 2.0 1.40937 2.67455
1.0 2.0 1.38824 2.67455
1.0 2.0 3.17286 2.67455
1.0 2.0 1.43808 2.67455
1.0 2.0 1.39316 2.67455
1.0 2.0 1.54427 2.67455
1.0 2.0 1.42049 2.67455
1.0 2.0 4.15032 2.67455
1.0 2.0 3.12759 2.67455
1.0 2.0 1.43446 2.67455
1.0 2.0 1.44427 2.67455
1.0 2.0 2.14392 2.67455
1.0 2.0 1.37277 2.67455
1.0 2.0 1.3855 2.67455
1.0 2.0 1.36913 2.67455
1.0 2.0 3.47882 2.67455
1.0 2.0 1.36213 2.67455
1.0 2.0 3.72742 2.67455
1.0 2.0 3.24194 2.67455
1.0 2.0 2.17279 2.67455
1.0 2.0 1.40694 2.67455
1.0 2.0 3.34394 2.67455
1.0 2.0 5.75297 2.67455
1.0 2.0 1.33582 2.67455
1.0 2.0 1.4492 2.67455
1.0 2.0 1.49501 2.67455
1.0 2.0 1.60889 2.67455
1.0 2.0 2.05222 2.67455
1.0 2.0 2.38122 2.67455
1.0 2.0 1.47212 2.67455
1.0 2.0 1.42076 2.67455
1.0 2.0 1.40743 2.67455
1.0 2.0 3.20256 2.67455
1.0 2.0 1.41699 2.67455
1.0 3.0 0.859702 2.65326
1.0 3.0 2.5496 2.71322
1.0 3.0 0.851331 2.71177
1.0 3.0 3.05248 2.7011
1.0 3.0 2.43834 2.07267
1.0 3.0 2.46159 2.71828
1.0 3.0 1.9879 2.16567
1.0 3.0 1.81592 2.70957
1.0 3.0 0.928876 2.69081
1.0 3.0 2.50619 2.71618
1.0 3.0 0.816115 2.71069
1.0 3.0 2.58876 2.20603
1.0 3.0 2.04546 1.96462
1.0 3.0 2.00139 2.16039
1.0 3.0 1.82091 2.71187
1.0 3.0 2.09003 2.57812
1.0 3.0 0.806467 2.70785
1.0 3.0 0.867855 1.50573
1.0 3.0 1.85005 2.68035
1.0 3.0 0.879074 1.73278
1.0 3.0 0.788359 2.71571
1.0 3.0 1.6439 2.71825
1.0 3.0 1.62259 1.11897
1.0 3.0 2.03941 2.71827
1.0 3.0 0.864058 2.52339
1.0 3.0 2.08045 2.46541
1.0 3.0 2.06137 2.71341
1.0 3.0 2.05082 2.68922
1.0 3.0 3.07184 2.71742
1.0 3.0 2.08979 2.61216
1.0 3.0 2.03579 2.71583
1.0 3.0 2.14931 2.71828
1.0 3.0 2.03419 2.71564
1.0 3.0 2.10377 0.956863
1.0 3.0 1.90588 2.56266
1.0 3.0 0.86323 1.57899
1.0 3.0 2.06425 2.71828
1.0 3.0 2.05114 2.68426
1.0 3.0 2.45595 2.71828
1.0 3.0 1.96241 2.66638
1.0 3.0 0.900776 2.58503
1.0 3.0 2.427 2.71582
1.0 3.0 0.877306 2.66778
1.0 3.0 0.973845 2.4658
1.0 3.0 2.41914 2.60984
1.0 3.0 2.15369 2.68579
1.0 3.0 1.95938 2.6027
1.0 3.0 0.884679 1.55205
1.0 3.0 2.06395 2.64262
1.0 3.0 2.0398 1.62724
1.0 4.0 1.64878 2.49123
1.0 4.0 1.68718 2.69102
1.0 4.0 2.01588 1.11813
1.0 4.0 1.72951 2.67305
1.0 4.0 0.71299 2.66012
1.0 4.0 1.34821 2.71674
1.0 4.0 1.79587 2.71803
1.0 4.0 1.81407 2.70566
1.0 4.0 1.72142 2.62749
1.0 4.0 1.81082 2.69817
1.0 4.0 1.73837 2.50335
1.0 4.0 1.44075 2.20411
1.0 4.0 1.79755 2.44399
1.0 4.0 1.82404 2.67802
1.0 4.0 1.82322 2.71828
1.0 4.0 1.70543 2.63357
1.0 4.0 1.70181 2.71736
1.0 4.0 1.83828 2.66339
1.0 4.0 2.91765 0.955448
1.0 4.0 1.73118 2.63938
1.0 4.0 1.38922 2.66656
1.0 4.0 0.658233 2.71828
1.0 4.0 2.05904 2.71494
1.0 4.0 1.75283 2.16444
1.0 4.0 1.77777 1.87319
1.0 4.0 2.36485 2.2262
1.0 4.0 1.29992 2.71826
1.0 4.0 0.698411 2.71075
1.0 4.0 2.25001 2.70217
1.0 4.0 2.1769 2.6088
1.0 4.0 1.26269 2.70989
1.0 4.0 1.79643 2.71813
1.0 4.0 1.92266 2.70143
1.0 4.0 1.81919 2.60121
1.0 4.0 1.78293 2.71827
1.0 4.0 1.53135 2.14193
1.0 4.0 1.81647 2.69438
1.0 4.0 1.81866 2.69323
1.0 4.0 1.52415 1.03108
1.0 4.0 1.67569 2.67607
1.0 4.0 1.73002 1.83272
1.0 4.0 1.75963 2.71739
1.0 4.0 1.84741 2.71828
1.0 4.0 1.75672 2.71791
1.0 4.0 2.68294 2.71531
1.0 4.0 1.36349 2.52015
1.0 4.0 1.77012 2.02017
1.0 4.0 2.7046 2.69175
1.0 4.0 2.28343 0.912128
1.0 4.0 1.73243 1.63732
1.0 5.0 1.22817 2.71004
1.0 5.0 1.17963 2.71827
1.0 5.0 1.10583 2.71824
1.0 5.0 1.25562 2.67741
1.0 5.0 1.14011 0.291901
1.0 5.0 1.09634 2.70636
1.0 5.0 1.10648 2.71773
1.0 5.0 1.20059 2.69117
1.0 5.0 1.10699 2.51032
1.0 5.0 1.1364 2.53512
1.0 5.0 1.07483 2.7128
1.0 5.0 1.11754 1.79814
1.0 5.0 1.22645 2.71787
1.0 5.0 1.0841 2.71579
1.0 5.0 1.12397 2.23966
1.0 5.0 1.25062 1.51054
1.0 5.0 1.10237 2.71696
1.0 5.0 1.07367 2.66318
1.0 5.0 1.25992 2.68295
1.0 5.0 1.10909 2.6983
1.0 5.0 1.19543 1.82966
1.0 5.0 1.15614 1.58107
1.0 5.0 1.0667 2.71315
1.0 5.0 1.10931 2.71813
1.0 5.0 1.09945 2.661
1.0 5.0 1.23867 2.62239
1.0 5.0 1.07481 2.23983
1.0 5.0 1.11712 2.65101
1.0 5.0 1.10675 2.35641
1.0 5.0 1.06627 2.71659
1.0 5.0 1.24017 2.68188
1.0 5.0 1.23618 2.67392
1.0 5.0 1.22598 2.13599
1.0 5.0 1.12513 2.58383
1.0 5.0 1.08691 2.6004
1.0 5.0 1.24051 2.67104
1.0 5.0 1.12293 2.63555
1.0 5.0 1.22261 2.70125
1.0 5.0 1.2029 2.71749
1.0 5.0 1.08001 2.71825
1.0 5.0 1.24401 1.14845
1.0 5.0 1.18436 2.71403
1.0 5.0 1.21107 2.71795
1.0 5.0 1.08706 2.1359
1.0 5.0 1.10607 2.55989
1.0 5.0 1.19291 2.71139
1.0 5.0 1.10071 2.71828
1.0 5.0 1.2181 2.69815
1.0 5.0 1.23667 2.57424
1.0 5.0 1.11807 2.71677
1.0 6.0 1.2193 2.61782
1.0 6.0 1.1684 2.68705
1.0 6.0 1.51967 2.66623
1.0 6.0 1.18151 2.66597
1.0 6.0 1.14412 2.48972
1.0 6.0 1.17185 2.59063
1.0 6.0 1.24083 2.68842
1.0 6.0 1.14099 1.98998
1.0 6.0 1.45581 2.59163
1.0 6.0 1.19672 2.6166
1.0 6.0 1.10276 2.7099
1.0 6.0 1.13463 2.71781
1.0 6.0 1.19214 2.27634
1.0 6.0 1.19494 1.84375
1.0 6.0 1.16496 2.69926
1.0 6.0 1.31464 2.71827
1.0 6.0 1.2117 2.6944
1.0 6.0 1.11676 2.55142
1.0 6.0 1.15969 2.62669
1.0 6.0 1.16851 1.82251
1.0 6.0 1.17199 0.622235
1.0 6.0 1.25601 2.48081
1.0 6.0 1.10883 2.07744
1.0 6.0 1.12606 2.11094
1.0 6.0 1.15211 1.62076
1.0 6.0 1.20777 2.71159
1.0 6.0 1.42821 2.71828
1.0 6.0 1.08473 2.71813
1.0 6.0 1.15786 2.69707
1.0 6.0 1.11617 0.767575
1.0 6.0 1.0809 2.69542
1.0 6.0 1.16925 2.71824
1.0 6.0 1.11908 2.69717
1.0 6.0 1.17953 0.219994
1.0 6.0 1.24989 2.23564
1.0 6.0 1.16475 2.69397
1.0 6.0 1.45273 2.37507
1.0 6.0 1.44888 2.36035
1.0 6.0 1.34522 2.71727
1.0 6.0 1.13549 2.69713
1.0 6.0 1.12305 2.71828
1.0 6.0 1.16451 1.79591
1.0 6.0 1.36921 2.71765
1.0 6.0 1.13365 2.71825
1.0 6.0 1.15737 2.69351
1.0 6.0 1.18387 2.70596
1.0 6.0 1.18439 2.50309
1.0 6.0 1.45561 2.70872
1.0 6.0 1.14101 2.04816
1.0 6.0 1.20184 2.64611
1.0 7.0 1.26797 1.23528
1.0 7.0 1.26148 2.70572
1.0 7.0 1.23673 2.56066
1.0 7.0 1.76651 2.7087
1.0 7.0 1.29199 2.67177
1.0 7.0 1.26253 0.205247
1.0 7.0 1.32865 2.69334
1.0 7.0 1.2871 2.7178
1.0 7.0 1.08987 2.06877
1.0 7.0 1.11447 1.61904
1.0 7.0 1.2734 2.64366
1.0 7.0 1.54669 2.67894
1.0 7.0 1.28096 2.70301
1.0 7.0 2.31659 2.58752
1.0 7.0 1.29124 2.26454
1.0 7.0 1.20554 2.54756
1.0 7.0 1.31499 2.71828
1.0 7.0 1.20641 1.59253
1.0 7.0 2.19723 2.71657
1.0 7.0 1.2715 2.37287
1.0 7.0 2.334 2.71554
1.0 7.0 1.4887 2.19085
1.0 7.0 1.22664 2.54746
1.0 7.0 1.25427 2.21963
1.0 7.0 1.26231 2.69078
1.0 7.0 1.54256 2.71772
1.0 7.0 1.18738 2.71828
1.0 7.0 1.27064 2.6994
1.0 7.0 1.23827 2.66183
1.0 7.0 1.54603 2.00882
1.0 7.0 3.07989 2.71818
1.0 7.0 2.10729 2.09264
1.0 7.0 1.27 2.10543
1.0 7.0 1.27559 2.6458
1.0 7.0 1.35191 2.71826
1.0 7.0 3.0919 2.62224
1.0 7.0 1.18058 2.71827
1.0 7.0 1.29636 2.40963
1.0 7.0 1.31663 2.71697
1.0 7.0 1.10554 2.4707
1.0 7.0 1.24714 2.71028
1.0 7.0 1.21869 1.60638
1.0 7.0 1.25491 2.43767
1.0 7.0 1.35387 2.35034
1.0 7.0 1.25815 2.44054
1.0 7.0 1.32239 2.18514
1.0 7.0 1.26125 2.40829
1.0 7.0 1.54202 2.54118
1.0 7.0 3.32778 2.64565
1.0 7.0 2.47205 0.980259
2.0 2.0 1.26379 -2.35635e-13
2.0 2.0 3.19584 -2.35635e-13
2.0 2.0 1.23448 -2.35635e-13
2.0 2.0 3.25189 -2.35635e-13
2.0 2.0 1.24603 -2.35635e-13
2.0 2.0 1.2417 -2.35635e-13
2.0 2.0 1.2006 -2.35635e-13
2.0 2.0 1.18224 -2.35635e-13
2.0 2.0 3.14861 -2.35635e-13
2.0 2.0 1.39871 -2.35635e-13
2.0 2.0 1.81125 -2.35635e-13
2.0 2.0 1.75767 -2.35635e-13
2.0 2.0 3.19239 -2.35635e-13
2.0 2.0 1.32037 -2.35635e-13
2.0 2.0 1.83053 -2.35635e-13
2.0 2.0 1.9499 -2.35635e-13
2.0 2.0 3.02522 -2.35635e-13
2.0 2.0 1.22134 -2.35635e-13
2.0 2.0 1.24753 -2.35635e-13
2.0 2.0 1.81943 -2.35635e-13
2.0 2.0 1.23079 -2.35635e-13
2.0 2.0 1.9196 -2.35635e-13
2.0 2.0 1.28323 -2.35635e-13
2.0 2.0 1.31956 -2.35635e-13
2.0 2.0 3.17003 -2.35635e-13
2.0 2.0 1.29249 -2.35635e-13
2.0 2.0 1.25267 -2.35635e-13
2.0 2.0 3.27277 -2.35635e-13
2.0 2.0 3.40996 -2.35635e-13
2.0 2.0 1.43609 -2.35635e-13
2.0 2.0 3.01779 -2.35635e-13
2.0 2.0 1.87987 -2.35635e-13
2.0 2.0 1.81182 -2.35635e-13
2.0 2.0 1.82816 -2.35635e-13
2.0 2.0 5.7297 -2.35635e-13
2.0 2.0 1.16398 -2.35635e-13
2.0 2.0 5.64134 -2.35635e-13
2.0 2.0 3.96902 -2.35635e-13
2.0 2.0 3.14863 -2.35635e-13
2.0 2.0 5.52031 -2.35635e-13
2.0 2.0 1.23791 -2.35635e-13
2.0 2.0 1.34809 -2.35635e-13
2.0 2.0 1.26044 -2.35635e-13
2.0 2.0 1.27865 -2.35635e-13
2.0 2.0 1.8409 -2.35635e-13
2.0 2.0 1.25008 -2.35635e-13
2.0 2.0 1.24094 -2.35635e-13
2.0 2.0 3.09653 -2.35635e-13
2.0 2.0 5.54359 -2.35635e-13
2.0 2.0 1.2574 -2.35635e-13
2.0 3.0 1.78871 -5.6336e-08
2.0 3.0 1.9565 -2.17806e-10
2.0 3.0 2.58003 -2.11725e-11
2.0 3.0 1.65919 -3.46115e-06
2.0 3.0 2.04732 -9.99302e-10
2.0 3.0 2.22526 -7.43701e-07
2.0 3.0 2.08667 -8.21124e-08
2.0 3.0 2.26549 -1.0178e-06
2.0 3.0 1.92374 -4.91311e-17
2.0 3.0 1.80718 -7.29813e-07
2.0 3.0 1.83254 -4.41381e-07
2.0 3.0 2.16106 -2.40758e-08
2.0 3.0 1.8692 -1.38776e-06
2.0 3.0 1.9517 -1.76174e-08
2.0 3.0 2.83071 -8.58201e-09
2.0 3.0 2.30823 -2.82956e-06
2.0 3.0 1.96242 -5.79308e-08
2.0 3.0 2.15502 -6.21484e-07
2.0 3.0 1.8657 -8.64993e-09
2.0 3.0 0.663044 -2.32659e-15
2.0 3.0 4.20376 -1.41264e-06
2.0 3.0 2.33013 -1.68005e-06
2.0 3.0 0.700898 -1.44381e-09
2.0 3.0 3.05115 -1.25027e-06
2.0 3.0 1.8172 -5.59922e-07
2.0 3.0 1.91965 -1.59571e-06
2.0 3.0 1.78566 -1.19457e-07
2.0 3.0 1.9094 -2.48781e-06
2.0 3.0 2.17875 -1.46532e-06
2.0 3.0 1.80427 -1.29507e-07
2.0 3.0 2.1716 -1.55882e-09
2.0 3.0 2.61698 -7.59898e-08
2.0 3.0 2.02144 -3.83709e-06
2.0 3.0 0.769181 -4.30012e-15
2.0 3.0 2.19222 -5.24666e-08
2.0 3.0 0.672566 -1.55925e-07
2.0 3.0 0.712473 -2.13146e-08
2.0 3.0 2.04734 -5.86151e-09
2.0 3.0 2.0784 -5.72467e-07
2.0 3.0 2.66428 -2.07668e-06
2.0 3.0 0.702069 -1.20913e-10
2.0 3.0 2.0821 -2.63083e-07
2.0 3.0 1.90904 -1.40608e-08
2.0 3.0 2.49067 -1.39004e-08
2.0 3.0 1.99684 -1.19769e-06
2.0 3.0 0.778867 -2.75601e-07
2.0 3.0 1.8001 -1.49672e-09
2.0 3.0 0.668265 -5.35863e-08
2.0 3.0 0.720475 -1.39768e-06
2.0 3.0 0.73069 -8.52718e-07
2.0 4.0 1.70134 -2.19369e-07
2.0 4.0 1.91128 -5.99149e-08
2.0 4.0 1.82165 -3.37397e-08
2.0 4.0 1.79486 -3.09759e-07
2.0 4.0 0.675028 -0.0
2.0 4.0 1.97355 -5.33289e-08
2.0 4.0 1.80926 -1.50764e-06
2.0 4.0 0.665267 -9.70427e-08
2.0 4.0 1.72929 -1.60551e-11
2.0 4.0 1.77763 -1.55898e-08
2.0 4.0 2.20471 -3.76254e-07
2.0 4.0 2.26522 -1.50167e-14
2.0 4.0 1.29196 -3.88349e-07
2.0 4.0 1.81093 -3.2548e-07
2.0 4.0 1.29831 -6.45616e-08
2.0 4.0 1.71601 -6.06713e-07
2.0 4.0 1.72035 -2.8787e-07
2.0 4.0 1.90739 -6.68013e-09
2.0 4.0 1.74201 -5.09832e-08
2.0 4.0 1.23129 -1.30463e-11
2.0 4.0 1.89955 -2.15638e-07
2.0 4.0 1.70172 -2.73637e-08
2.0 4.0 1.75842 -1.16652e-07
2.0 4.0 1.75617 -1.25714e-07
2.0 4.0 1.77042 -3.41383e-08
2.0 4.0 1.87537 -1.84981e-06
2.0 4.0 1.81332 -1.68173e-08
2.0 4.0 0.681278 -2.12108e-08
2.0 4.0 1.88131 -8.10952e-09
2.0 4.0 1.81654 -1.28973e-08
2.0 4.0 1.79133 -1.64967e-07
2.0 4.0 1.7121 -3.81607e-14
2.0 4.0 1.99167 -9.48777e-07
2.0 4.0 1.73032 -1.65964e-06
2.0 4.0 2.29846 -7.79475e-08
2.0 4.0 1.81974 -4.29083e-15
2.0 4.0 0.678894 -4.212e-07
2.0 4.0 1.29494 -7.09202e-08
2.0 4.0 1.77633 -1.72303e-12
2.0 4.0 1.29878 -2.50683e-14
2.0 4.0 1.33667 -3.71234e-07
2.0 4.0 1.73654 -1.46811e-06
2.0 4.0 1.77498 -1.0915e-06
2.0 4.0 1.86381 -1.23353e-09
2.0 4.0 1.83969 -2.41488e-06
2.0 4.0 1.67165 -2.55553e-07
2.0 4.0 2.88308 -9.40661e-08
2.0 4.0 0.70847 -3.69655e-07
2.0 4.0 1.71832 -2.13683e-07
2.0 4.0 1.81587 -3.50737e-08
2.0 5.0 1.06689 -5.98636e-08
2.0 5.0 1.16182 -2.39204e-09
2.0 5.0 1.1683 -1.27495e-06
2.0 5.0 1.163 -1.16273e-07
2.0 5.0 1.09239 -1.62523e-07
2.0 5.0 1.15916 -4.38501e-06
2.0 5.0 1.10034 -1.66798e-12
2.0 5.0 1.1542 -1.25936e-07
2.0 5.0 1.09383 -8.77808e-09
2.0 5.0 1.15923 -1.47234e-08
2.0 5.0 1.15336 -1.5458e-06
2.0 5.0 1.15763 -2.96304e-08
2.0 5.0 1.11118 -1.30716e-07
2.0 5.0 1.16559 -9.66889e-07
2.0 5.0 1.10304 -5.94533e-07
2.0 5.0 1.10668 -2.64027e-08
2.0 5.0 1.16665 -5.28277e-09
2.0 5.0 1.10561 -4.9199e-10
2.0 5.0 1.15529 -1.12801e-09
2.0 5.0 1.16193 -6.07318e-07
2.0 5.0 1.10335 -4.88276e-07
2.0 5.0 1.06562 -5.04456e-08
2.0 5.0 1.16442 -3.63171e-11
2.0 5.0 1.16901 -1.1267e-11
2.0 5.0 1.17851 -7.22948e-08
2.0 5.0 1.10623 -7.01897e-08
2.0 5.0 1.1637 -1.64333e-09
2.0 5.0 1.10209 -9.23879e-07
2.0 5.0 1.07151 -1.44214e-08
2.0 5.0 1.11578 -2.35771e-07
2.0 5.0 1.16347 -5.70964e-08
2.0 5.0 1.07446 -2.38779e-07
2.0 5.0 1.18285 -1.35737e-07
2.0 5.0 1.1668 -8.09419e-09
2.0 5.0 1.10462 -1.41907e-16
2.0 5.0 1.13829 -9.83946e-08
2.0 5.0 1.10116 -9.79211e-06
2.0 5.0 1.15158 -1.33742e-06
2.0 5.0 1.11639 -2.10256e-06
2.0 5.0 1.1532 -3.76254e-07
2.0 5.0 1.11306 -9.96103e-09
2.0 5.0 1.08319 -7.02531e-07
2.0 5.0 1.08725 -1.13579e-11
2.0 5.0 1.07817 -1.32758e-07
2.0 5.0 1.18094 -3.7378e-07
2.0 5.0 1.1137 -1.91544e-14
2.0 5.0 1.0939 -1.43556e-07
2.0 5.0 1.09754 -2.60415e-09
2.0 5.0 1.1076 -4.79413e-08
2.0 5.0 1.11407 -4.42949e-08
2.0 6.0 1.17629 -1.01245e-13
2.0 6.0 1.15914 -4.31962e-06
2.0 6.0 1.18106 -4.00129e-08
2.0 6.0 1.17131 -3.82059e-09
2.0 6.0 1.19003 -3.90166e-07
2.0 6.0 1.1987 -7.968e-09
2.0 6.0 1.18369 -3.00024e-07
2.0 6.0 1.10214 -6.05565e-10
2.0 6.0 1.41433 -7.42713e-15
2.0 6.0 1.17614 -2.11955e-12
2.0 6.0 1.16966 -1.70923e-12
2.0 6.0 1.18889 -8.85341e-10
2.0 6.0 1.11109 -4.84091e-07
2.0 6.0 1.15771 -1.89012e-10
2.0 6.0 1.11925 -2.83557e-07
2.0 6.0 1.13326 -8.99683e-08
2.0 6.0 1.17778 -4.30012e-15
2.0 6.0 1.25681 -2.88462e-12
2.0 6.0 1.13957 -6.67934e-07
2.0 6.0 1.42691 -4.35482e-06
2.0 6.0 1.1425 -3.55226e-06
2.0 6.0 1.12928 -3.36334e-06
2.0 6.0 1.17036 -9.89453e-08
2.0 6.0 1.34164 -2.66086e-07
2.0 6.0 1.17212 -3.74156e-08
2.0 6.0 1.25292 -1.34168e-10
2.0 6.0 1.1312 -5.84112e-11
2.0 6.0 1.11803 -1.12304e-06
2.0 6.0 1.17573 -1.32103e-06
2.0 6.0 1.12206 -8.52157e-06
2.0 6.0 1.10586 -2.4306e-07
2.0 6.0 1.19233 -1.04021e-06
2.0 6.0 1.14103 -6.53509e-07
2.0 6.0 1.52434 -3.34654e-14
2.0 6.0 1.16256 -4.30012e-15
2.0 6.0 1.15262 -1.71282e-08
2.0 6.0 1.18861 -5.24642e-09
2.0 6.0 1.33249 -1.42303e-06
2.0 6.0 1.21519 -3.21802e-07
2.0 6.0 1.17458 -5.55147e-12
2.0 6.0 1.14553 -4.90328e-08
2.0 6.0 1.21343 -7.53073e-08
2.0 6.0 1.1623 -2.68212e-06
2.0 6.0 1.24268 -1.56488e-10
2.0 6.0 1.38976 -2.58522e-12
2.0 6.0 1.44456 -1.255e-07
2.0 6.0 1.13158 -2.63423e-08
2.0 6.0 1.12879 -4.87473e-08
2.0 6.0 1.25148 -1.28106e-06
2.0 6.0 1.22079 -8.61631e-07
2.0 7.0 1.5085 -3.30744e-08
2.0 7.0 1.57269 -1.97763e-06
2.0 7.0 1.17734 -6.12141e-12
2.0 7.0 2.08644 -1.8369e-08
2.0 7.0 1.19964 -1.07832e-07
2.0 7.0 1.22035 -7.42713e-15
2.0 7.0 1.314 -1.93196e-06
2.0 7.0 1.37971 -4.97683e-08
2.0 7.0 1.31014 -2.51835e-08
2.0 7.0 3.0446 -2.05833e-07
2.0 7.0 1.13122 -5.27137e-21
2.0 7.0 1.33405 -1.81954e-09
2.0 7.0 1.38012 -6.58187e-10
2.0 7.0 1.5905 -1.25213e-07
2.0 7.0 1.20011 -3.57437e-14
2.0 7.0 1.20629 -5.1522e-09
2.0 7.0 1.32781 -4.62786e-08
2.0 7.0 1.32306 -3.62221e-10
2.0 7.0 1.26582 -9.58332e-11
2.0 7.0 2.40891 -4.62784e-12
2.0 7.0 1.36965 -1.83453e-06
2.0 7.0 1.36179 -5.92786e-07
2.0 7.0 1.54354 -1.01016e-07
2.0 7.0 1.30044 -7.31991e-08
2.0 7.0 1.91085 -5.73666e-08
2.0 7.0 1.30537 -6.00935e-07
2.0 7.0 1.05162 -5.55201e-06
2.0 7.0 1.29449 -2.77769e-07
2.0 7.0 1.31848 -4.24232e-09
2.0 7.0 1.33433 -4.73619e-07
2.0 7.0 1.35551 -8.70239e-09
2.0 7.0 1.34813 -4.30012e-15
2.0 7.0 1.29785 -5.74957e-09
2.0 7.0 2.33043 -3.93114e-08
2.0 7.0 1.0772 -1.11782e-09
2.0 7.0 1.2396 -8.29142e-07
2.0 7.0 1.32576 -3.63764e-07
2.0 7.0 1.26227 -5.14429e-07
2.0 7.0 1.38307 -1.25575e-07
2.0 7.0 1.75478 -4.30012e-15
2.0 7.0 1.09314 -2.60823e-09
2.0 7.0 1.30966 -4.37565e-08
2.0 7.0 2.35533 -2.79305e-08
2.0 7.0 1.06662 -9.73477e-08
2.0 7.0 3.00603 -1.8718e-07
2.0 7.0 1.51393 -2.23203e-07
2.0 7.0 1.19022 -4.14705e-07
2.0 7.0 1.23082 -8.92381e-08
2.0 7.0 1.15056 -1.69498e-06
2.0 7.0 1.28291 -9.86487e-07
3.0 2.0 1.36017 -0.0112286
3.0 2.0 2.18486 -0.0112286
3.0 2.0 1.34148 -0.0112286
3.0 2.0 1.43373 -0.0112286
3.0 2.0 1.2659 -0.0112286
3.0 2.0 1.42736 -0.0112286
3.0 2.0 1.27347 -0.0112286
3.0 2.0 3.34339 -0.0112286
3.0 2.0 1.35391 -0.0112286
3.0 2.0 3.28593 -0.0112286
3.0 2.0 1.44794 -0.0112286
3.0 2.0 1.38059 -0.0112286
3.0 2.0 3.21449 -0.0112286
3.0 2.0 3.2575 -0.0112286
3.0 2.0 5.49562 -0.0112286
3.0 2.0 3.27792 -0.0112286
3.0 2.0 1.32983 -0.0112286
3.0 2.0 1.39118 -0.0112286
3.0 2.0 1.32502 -0.0112286
3.0 2.0 5.29187 -0.0112286
3.0 2.0 1.28239 -0.0112286
3.0 2.0 3.3081 -0.0112286
3.0 2.0 1.27705 -0.0112286
3.0 2.0 1.56613 -0.0112286
3.0 2.0 1.86319 -0.0112286
3.0 2.0 3.10846 -0.0112286
3.0 2.0 3.51198 -0.0112286
3.0 2.0 1.98453 -0.0112286
3.0 2.0 3.21864 -0.0112286
3.0 2.0 1.40976 -0.0112286
3.0 2.0 1.41053 -0.0112286
3.0 2.0 1.3478 -0.0112286
3.0 2.0 1.33784 -0.0112286
3.0 2.0 2.10606 -0.0112286
3.0 2.0 3.32698 -0.0112286
3.0 2.0 1.35242 -0.0112286
3.0 2.0 2.09829 -0.0112286
3.0 2.0 1.35147 -0.0112286
3.0 2.0 1.37184 -0.0112286
3.0 2.0 3.14893 -0.0112286
3.0 2.0 1.35235 -0.0112286
3.0 2.0 2.2966 -0.0112286
3.0 2.0 1.39498 -0.0112286
3.0 2.0 3.3666 -0.0112286
3.0 2.0 3.17299 -0.0112286
3.0 2.0 4.26633 -0.0112286
3.0 2.0 1.34837 -0.0112286
3.0 2.0 1.97233 -0.0112286
3.0 2.0 1.41024 -0.0112286
3.0 2.0 3.3897 -0.0112286
3.0 3.0 1.95039 -0.126984
3.0 3.0 0.869216 -0.285648
3.0 3.0 0.770189 -0.0334759
3.0 3.0 1.63508 -0.0603046
3.0 3.0 2.0215 -0.374432
3.0 3.0 4.27885 -0.0218506
3.0 3.0 2.92702 -0.0231152
3.0 3.0 0.759819 -0.0392323
3.0 3.0 1.95512 -0.00597763
3.0 3.0 1.82237 -0.0130539
3.0 3.0 2.2428 -9.53674e-06
3.0 3.0 1.78052 -0.000326157
3.0 3.0 2.59312 -1.33514e-05
3.0 3.0 1.96724 -0.00433159
3.0 3.0 1.90516 -0.0865231
3.0 3.0 0.866445 -0.00406075
3.0 3.0 2.68691 -0.00451469
3.0 3.0 2.98218 -0.691866
3.0 3.0 2.02068 -0.0780411
3.0 3.0 0.814384 -0.196451
3.0 3.0 0.834134 -0.00312614
3.0 3.0 0.748743 -0.545757
3.0 3.0 2.03526 -0.0372753
3.0 3.0 1.78434 -0.000192642
3.0 3.0 2.05367 -0.0
3.0 3.0 2.47367 -0.0286999
3.0 3.0 1.76808 -1.90735e-06
3.0 3.0 4.35129 -0.000453949
3.0 3.0 1.83405 -0.0871506
3.0 3.0 1.98171 -0.0137901
3.0 3.0 1.91717 -0.0
3.0 3.0 2.05097 -0.000518799
3.0 3.0 2.18305 -1.71661e-05
3.0 3.0 2.01355 -0.0150814
3.0 3.0 0.752832 -0.0
3.0 3.0 2.02089 -0.0
3.0 3.0 3.63534 -0.0
3.0 3.0 2.46759 -2.86102e-05
3.0 3.0 1.94503 -0.0519753
3.0 3.0 3.04421 -0.19058
3.0 3.0 1.85062 -0.0
3.0 3.0 4.21041 -0.0733719
3.0 3.0 1.9479 -0.000356674
3.0 3.0 2.48164 -2.09808e-05
3.0 3.0 1.83217 -0.00025177
3.0 3.0 1.81018 -1.90735e-06
3.0 3.0 2.11464 -0.000553131
3.0 3.0 2.15907 -0.000535965
3.0 3.0 1.85184 -0.474073
3.0 3.0 1.96938 -2.67029e-05
3.0 4.0 1.85066 -0.0
3.0 4.0 2.91659 -0.256401
3.0 4.0 1.84392 -0.0085125
3.0 4.0 1.8362 -0.00240707
3.0 4.0 1.80344 -1.90735e-06
3.0 4.0 1.83953 -2.67029e-05
3.0 4.0 1.80809 -1.90735e-06
3.0 4.0 2.07998 -0.426723
3.0 4.0 1.97601 -0.00104332
3.0 4.0 1.8593 -0.00767136
3.0 4.0 1.71055 -0.0386868
3.0 4.0 1.73903 -0.0565205
3.0 4.0 1.73817 -0.000289917
3.0 4.0 1.82229 -0.0
3.0 4.0 2.25381 -0.005476
3.0 4.0 1.77587 -0.000347137
3.0 4.0 1.73863 -0.0
3.0 4.0 1.96173 -0.140831
3.0 4.0 1.29801 -1.90735e-06
3.0 4.0 1.22143 -0.0
3.0 4.0 1.65292 -0.0
3.0 4.0 0.673234 -0.0136509
3.0 4.0 1.26903 -3.62396e-05
3.0 4.0 1.68304 -0.0001297
3.0 4.0 1.72179 -0.0125103
3.0 4.0 0.652939 -0.000150681
3.0 4.0 1.92992 -1.90735e-06
3.0 4.0 2.0147 -0.000106812
3.0 4.0 1.89767 -0.0792961
3.0 4.0 1.68191 -0.00124931
3.0 4.0 1.23696 -0.00950241
3.0 4.0 3.30584 -0.00990868
3.0 4.0 1.82809 -0.920256
3.0 4.0 1.91654 -1.33514e-05
3.0 4.0 1.72131 -0.00917816
3.0 4.0 1.35333 -0.0
3.0 4.0 1.89337 -0.00618172
3.0 4.0 1.89911 -0.000659943
3.0 4.0 0.715519 -0.283178
3.0 4.0 1.88194 -0.0
3.0 4.0 1.72027 -0.00157166
3.0 4.0 1.82324 -0.000406265
3.0 4.0 1.76005 -1.14441e-05
3.0 4.0 3.08241 -0.204336
3.0 4.0 1.73755 -0.0143204
3.0 4.0 2.03782 -0.000169754
3.0 4.0 1.32901 -0.238764
3.0 4.0 1.83406 -0.0483284
3.0 4.0 1.21986 -0.0
3.0 4.0 0.685192 -3.8147e-06
3.0 5.0 1.15196 -1.90735e-06
3.0 5.0 1.22823 -0.972183
3.0 5.0 1.23044 -0.0145912
3.0 5.0 1.18898 -0.00450516
3.0 5.0 1.07281 -0.0959206
3.0 5.0 1.21985 -0.03755
3.0 5.0 1.11047 -1.02888
3.0 5.0 1.0783 -0.0
3.0 5.0 1.15262 -0.0
3.0 5.0 1.1118 -3.8147e-06
3.0 5.0 1.13385 -4.3869e-05
3.0 5.0 1.16103 -0.0
3.0 5.0 1.10856 -0.109482
3.0 5.0 1.19893 -0.0
3.0 5.0 1.16415 -0.452774
3.0 5.0 1.17151 -0.0
3.0 5.0 1.23537 -0.00428772
3.0 5.0 1.10877 -0.767988
3.0 5.0 1.05359 -0.0264282
3.0 5.0 1.11282 -0.0
3.0 5.0 1.09716 -0.000452042
3.0 5.0 1.18508 -0.00888062
3.0 5.0 1.10774 -0.518583
3.0 5.0 1.14608 -0.000694275
3.0 5.0 1.10512 -0.565742
3.0 5.0 1.10755 -0.0
3.0 5.0 1.09125 -0.064476
3.0 5.0 1.07936 -0.0
3.0 5.0 1.11069 -1.14441e-05
3.0 5.0 1.15854 -0.000497818
3.0 5.0 1.07952 -0.00122261
3.0 5.0 1.10135 -9.91821e-05
3.0 5.0 1.16727 -2.09808e-05
3.0 5.0 1.17068 -7.05719e-05
3.0 5.0 1.10068 -0.00245667
3.0 5.0 1.23357 -1.02888
3.0 5.0 1.08693 -0.0
3.0 5.0 1.06854 -0.425892
3.0 5.0 1.10336 -0.000581741
3.0 5.0 1.14838 -0.00162888
3.0 5.0 1.10782 -9.53674e-06
3.0 5.0 1.11261 -0.0012455
3.0 5.0 1.16674 -0.0
3.0 5.0 1.13509 -1.90735e-06
3.0 5.0 1.0568 -0.0022831
3.0 5.0 1.10605 -0.000162125
3.0 5.0 1.0417 -0.0468693
3.0 5.0 1.19461 -0.00627899
3.0 5.0 1.20134 -0.000200272
3.0 5.0 1.21252 -0.0128479
3.0 6.0 1.14183 -0.15634
3.0 6.0 1.1491 -0.0
3.0 6.0 1.18375 -0.170729
3.0 6.0 1.68001 -0.00165749
3.0 6.0 1.15176 -0.473217
3.0 6.0 1.13962 -2.86102e-05
3.0 6.0 1.17764 -3.43323e-05
3.0 6.0 1.07206 -0.0109329
3.0 6.0 1.13871 -0.000118256
3.0 6.0 1.1526 -0.416359
3.0 6.0 1.1413 -0.0
3.0 6.0 1.15968 -0.0
3.0 6.0 1.42888 -0.000610352
3.0 6.0 1.1049 -0.425892
3.0 6.0 1.10474 -0.0837898
3.0 6.0 1.15748 -0.00102615
3.0 6.0 1.18019 -0.0
3.0 6.0 1.11264 -0.000482559
3.0 6.0 1.10518 -0.000488281
3.0 6.0 1.53144 -0.000242233
3.0 6.0 1.14478 -1.90735e-06
3.0 6.0 1.45824 -0.000152588
3.0 6.0 1.13888 -0.0126324
3.0 6.0 1.08511 -0.0258675
3.0 6.0 1.14355 -0.00191307
3.0 6.0 1.12867 -0.00736618
3.0 6.0 1.20261 -0.0
3.0 6.0 1.34109 -0.0328274
3.0 6.0 1.16915 -0.0345573
3.0 6.0 1.18379 -0.0503025
3.0 6.0 1.12293 -0.326229
3.0 6.0 1.14282 -0.104671
3.0 6.0 1.1411 -9.53674e-06
3.0 6.0 1.19381 -0.0
3.0 6.0 1.21847 -0.00193787
3.0 6.0 1.22257 -0.0
3.0 6.0 1.14158 -0.0943718
3.0 6.0 1.1453 -0.322872
3.0 6.0 1.15216 -0.000421524
3.0 6.0 1.24477 -0.0
3.0 6.0 1.01546 -0.000175476
3.0 6.0 1.10334 -0.832172
3.0 6.0 1.15746 -0.0147018
3.0 6.0 1.13953 -0.847361
3.0 6.0 1.23309 -0.0
3.0 6.0 1.15384 -0.0463581
3.0 6.0 1.12146 -0.000417709
3.0 6.0 2.2339 -0.0
3.0 6.0 1.16369 -0.00169373
3.0 6.0 1.15429 -0.00728989
3.0 7.0 1.30445 -0.00590324
3.0 7.0 1.52618 -0.0629845
3.0 7.0 1.3341 -0.0
3.0 7.0 1.6417 -0.0444336
3.0 7.0 1.3135 -0.000377655
3.0 7.0 1.14373 -0.00056076
3.0 7.0 1.31645 -0.115051
3.0 7.0 1.3752 -0.0212479
3.0 7.0 2.43858 -9.53674e-06
3.0 7.0 1.16536 -0.524317
3.0 7.0 3.02896 -0.0964985
3.0 7.0 3.00867 -0.0
3.0 7.0 2.97828 -0.0251274
3.0 7.0 1.3232 -0.0
3.0 7.0 1.28585 -0.00608253
3.0 7.0 1.29636 -0.0
3.0 7.0 2.33751 -0.0
3.0 7.0 1.32591 -0.0217972
3.0 7.0 1.18142 -0.00310707
3.0 7.0 2.84205 -0.0890217
3.0 7.0 3.16658 -5.14984e-05
3.0 7.0 1.29615 -0.00267982
3.0 7.0 1.27241 -0.000125885
3.0 7.0 1.23646 -0.000181198
3.0 7.0 1.2089 -0.0170574
3.0 7.0 1.3378 -0.00510788
3.0 7.0 1.20122 -3.43323e-05
3.0 7.0 1.20245 -0.0
3.0 7.0 1.29923 -0.0791168
3.0 7.0 1.33848 -0.00145531
3.0 7.0 1.33684 -7.43866e-05
3.0 7.0 1.12082 -1.33514e-05
3.0 7.0 1.31732 -0.000211716
3.0 7.0 1.29696 -0.0512257
3.0 7.0 2.36025 -1.14441e-05
3.0 7.0 1.31515 -0.00614166
3.0 7.0 2.43713 -0.120749
3.0 7.0 1.4382 -0.00100708
3.0 7.0 1.62244 -2.86102e-05
3.0 7.0 1.59184 -4.76837e-05
3.0 7.0 1.04803 -0.000148773
3.0 7.0 3.04052 -1.90735e-06
3.0 7.0 1.31704 -0.00166893
3.0 7.0 2.84982 -0.00479507
3.0 7.0 1.32181 -0.0
3.0 7.0 2.33485 -0.383446
3.0 7.0 1.53888 -3.8147e-06
3.0 7.0 2.23614 -1.14441e-05
3.0 7.0 2.63551 -0.0
3.0 7.0 2.45897 -0.000854492
4.0 2.0 1.39782 99.8713
4.0 2.0 1.97419 99.8713
4.0 2.0 3.4781 99.8713
4.0 2.0 4.41132 99.8713
4.0 2.0 3.43156 99.8713
4.0 2.0 1.44017 99.8713
4.0 2.0 3.41306 99.8713
4.0 2.0 1.38302 99.8713
4.0 2.0 3.27802 99.8713
4.0 2.0 3.42754 99.8713
4.0 2.0 1.4409 99.8713
4.0 2.0 2.02934 99.8713
4.0 2.0 3.29643 99.8713
4.0 2.0 1.29917 99.8713
4.0 2.0 5.84745 99.8713
4.0 2.0 1.98505 99.8713
4.0 2.0 1.27803 99.8713
4.0 2.0 5.80757 99.8713
4.0 2.0 1.49243 99.8713
4.0 2.0 1.4441 99.8713
4.0 2.0 3.26343 99.8713
4.0 2.0 1.27185 99.8713
4.0 2.0 1.45238 99.8713
4.0 2.0 3.47238 99.8713
4.0 2.0 2.06394 99.8713
4.0 2.0 1.60813 99.8713
4.0 2.0 1.42119 99.8713
4.0 2.0 1.38899 99.8713
4.0 2.0 3.35015 99.8713
4.0 2.0 3.31868 99.8713
4.0 2.0 2.0231 99.8713
4.0 2.0 1.92116 99.8713
4.0 2.0 1.47579 99.8713
4.0 2.0 1.49745 99.8713
4.0 2.0 1.93284 99.8713
4.0 2.0 2.03846 99.8713
4.0 2.0 3.22771 99.8713
4.0 2.0 1.30492 99.8713
4.0 2.0 1.95042 99.8713
4.0 2.0 1.95436 99.8713
4.0 2.0 1.27182 99.8713
4.0 2.0 3.36942 99.8713
4.0 2.0 1.29315 99.8713
4.0 2.0 1.39265 99.8713
4.0 2.0 1.36575 99.8713
4.0 2.0 3.28956 99.8713
4.0 2.0 2.04155 99.8713
4.0 2.0 3.45424 99.8713
4.0 2.0 2.07068 99.8713
4.0 2.0 2.03477 99.8713
4.0 3.0 2.02097 99.9907
4.0 3.0 2.08976 99.8691
4.0 3.0 2.34048 99.777
4.0 3.0 5.07036 99.9851
4.0 3.0 2.08762 99.9344
4.0 3.0 1.01464 99.6404
4.0 3.0 2.10061 99.8468
4.0 3.0 4.77185 99.9562
4.0 3.0 3.7939 99.8753
4.0 3.0 2.13135 99.765
4.0 3.0 1.8328 99.5615
4.0 3.0 0.941596 99.8419
4.0 3.0 2.02535 99.6377
4.0 3.0 1.83645 99.293
4.0 3.0 2.75192 99.996
4.0 3.0 2.38687 99.9638
4.0 3.0 0.834826 99.7907
4.0 3.0 3.124 99.9826
4.0 3.0 4.3325 99.7634
4.0 3.0 2.27069 99.7346
4.0 3.0 2.08698 99.9586
4.0 3.0 2.68944 99.9945
4.0 3.0 2.38894 99.924
4.0 3.0 0.871739 99.8994
4.0 3.0 2.32263 99.9726
4.0 3.0 2.15579 99.943
4.0 3.0 2.08879 99.8339
4.0 3.0 2.15628 99.7274
4.0 3.0 2.39565 99.9762
4.0 3.0 1.69773 99.9097
4.0 3.0 2.1174 99.796
4.0 3.0 1.04987 99.9167
4.0 3.0 1.98354 99.7872
4.0 3.0 1.09081 99.9893
4.0 3.0 1.18249 99.8708
4.0 3.0 2.11251 99.9016
4.0 3.0 1.18782 99.6907
4.0 3.0 2.00455 99.6224
4.0 3.0 0.925362 99.9225
4.0 3.0 2.0246 99.9095
4.0 3.0 2.18027 99.8972
4.0 3.0 2.67869 99.9752
4.0 3.0 1.05257 99.9157
4.0 3.0 2.12751 99.8175
4.0 3.0 1.6878 99.3079
4.0 3.0 1.10543 99.9516
4.0 3.0 4.23647 99.7922
4.0 3.0 2.11 99.6827
4.0 3.0 2.23868 99.8808
4.0 3.0 2.2662 99.9816
4.0 4.0 1.79321 99.5197
4.0 4.0 1.8067 99.9588
4.0 4.0 1.74685 99.9815
4.0 4.0 1.9631 99.9275
4.0 4.0 2.51543 99.9669
4.0 4.0 0.736563 99.8066
4.0 4.0 2.03913 99.7871
4.0 4.0 1.90421 99.9664
4.0 4.0 2.11431 98.7395
4.0 4.0 3.05443 99.8405
4.0 4.0 3.20268 99.8013
4.0 4.0 1.23579 99.9249
4.0 4.0 1.23882 99.9008
4.0 4.0 1.87557 99.8236
4.0 4.0 1.85735 99.7296
4.0 4.0 1.79258 99.8911
4.0 4.0 2.88776 99.9155
4.0 4.0 2.00681 99.9351
4.0 4.0 1.74923 99.8561
4.0 4.0 2.21681 98.9656
4.0 4.0 1.83564 99.4443
4.0 4.0 1.48563 99.9062
4.0 4.0 2.34093 99.9685
4.0 4.0 2.40216 99.8188
4.0 4.0 1.83941 99.8139
4.0 4.0 1.76199 99.6729
4.0 4.0 1.87276 99.8784
4.0 4.0 2.51721 99.9019
4.0 4.0 2.20669 99.6939
4.0 4.0 1.96178 99.9508
4.0 4.0 1.86932 99.7842
4.0 4.0 4.01145 99.9669
4.0 4.0 1.83391 99.6687
4.0 4.0 1.83016 99.8845
4.0 4.0 2.92771 99.9807
4.0 4.0 2.09422 99.8089
4.0 4.0 1.85691 99.7346
4.0 4.0 1.80396 99.781
4.0 4.0 1.70901 99.7626
4.0 4.0 1.91164 99.8894
4.0 4.0 1.92678 99.8644
4.0 4.0 2.16884 99.6691
4.0 4.0 3.16498 99.8144
4.0 4.0 1.83169 99.7327
4.0 4.0 1.95729 99.6838
4.0 4.0 0.885554 99.9559
4.0 4.0 1.88601 99.4243
4.0 4.0 1.97733 99.796
4.0 4.0 0.957353 99.8884
4.0 4.0 3.36029 99.9285
4.0 5.0 1.12203 99.8128
4.0 5.0 1.06889 99.8999
4.0 5.0 1.23128 99.8094
4.0 5.0 1.1152 99.106
4.0 5.0 1.11014 99.7852
4.0 5.0 1.30462 99.8306
4.0 5.0 1.10038 99.6291
4.0 5.0 1.24288 99.4999
4.0 5.0 1.18116 99.7106
4.0 5.0 1.11028 99.3235
4.0 5.0 1.22129 99.7576
4.0 5.0 1.17476 99.9861
4.0 5.0 1.23269 98.6066
4.0 5.0 1.18587 99.9181
4.0 5.0 1.08127 99.6559
4.0 5.0 1.13633 99.961
4.0 5.0 1.23155 99.8989
4.0 5.0 1.11616 99.9133
4.0 5.0 1.27169 99.8375
4.0 5.0 1.11965 99.6986
4.0 5.0 1.06962 99.5076
4.0 5.0 1.12254 99.8459
4.0 5.0 1.05692 99.2696
4.0 5.0 1.23808 99.8712
4.0 5.0 1.10895 99.59
4.0 5.0 1.2912 99.966
4.0 5.0 1.10748 99.7573
4.0 5.0 1.08716 99.9546
4.0 5.0 1.10105 99.7913
4.0 5.0 1.11914 99.8081
4.0 5.0 1.25185 99.6984
4.0 5.0 1.08361 99.8808
4.0 5.0 1.27515 99.9579
4.0 5.0 1.13925 99.9736
4.0 5.0 1.10972 99.9516
4.0 5.0 1.07621 99.9516
4.0 5.0 1.22692 99.589
4.0 5.0 1.09366 99.9744
4.0 5.0 1.21645 99.87
4.0 5.0 1.21586 99.8563
4.0 5.0 1.07601 99.4717
4.0 5.0 1.35257 99.9821
4.0 5.0 1.1218 99.8856
4.0 5.0 1.32031 99.9754
4.0 5.0 1.19781 99.9516
4.0 5.0 1.26136 99.8847
4.0 5.0 1.25947 99.8924
4.0 5.0 1.23095 99.7593
4.0 5.0 1.23521 99.8808
4.0 5.0 1.08465 99.9043
4.0 6.0 1.12736 99.8047
4.0 6.0 1.13576 99.9465
4.0 6.0 1.12047 99.9583
4.0 6.0 1.14302 99.8067
4.0 6.0 1.08322 99.9438
4.0 6.0 1.14115 99.9015
4.0 6.0 1.16439 99.9538
4.0 6.0 1.12161 99.8371
4.0 6.0 1.15875 99.8308
4.0 6.0 1.1676 99.6521
4.0 6.0 1.14356 99.9435
4.0 6.0 1.137 99.9622
4.0 6.0 1.11171 99.8937
4.0 6.0 1.11867 99.7812
4.0 6.0 1.16765 98.7993
4.0 6.0 1.31859 99.6314
4.0 6.0 1.08251 99.9546
4.0 6.0 1.42806 99.9516
4.0 6.0 1.17153 99.7659
4.0 6.0 1.14715 99.8241
4.0 6.0 1.14355 99.7894
4.0 6.0 1.12886 99.8845
4.0 6.0 1.16049 99.6721
4.0 6.0 1.16996 99.9344
4.0 6.0 1.18591 99.9613
4.0 6.0 1.08228 99.8545
4.0 6.0 1.77671 99.9308
4.0 6.0 1.49894 99.791
4.0 6.0 1.10911 99.7626
4.0 6.0 1.20885 99.9062
4.0 6.0 1.15345 99.8808
4.0 6.0 1.10735 99.9883
4.0 6.0 1.12277 99.3235
4.0 6.0 1.71413 99.7485
4.0 6.0 1.07604 99.9683
4.0 6.0 1.13936 99.9755
4.0 6.0 1.18276 99.9516
4.0 6.0 1.17128 99.8736
4.0 6.0 1.16484 99.3805
4.0 6.0 1.80694 99.8044
4.0 6.0 1.09253 99.6857
4.0 6.0 1.21202 99.9157
4.0 6.0 1.15352 99.9437
4.0 6.0 1.27188 99.748
4.0 6.0 1.1321 99.8712
4.0 6.0 1.16413 99.747
4.0 6.0 1.11313 99.7359
4.0 6.0 1.10512 99.9765
4.0 6.0 2.07838 99.9752
4.0 6.0 1.19591 99.9581
4.0 7.0 1.23937 99.7222
4.0 7.0 1.24507 99.2229
4.0 7.0 1.2119 99.8173
4.0 7.0 1.25939 99.1653
4.0 7.0 1.32064 99.8292
4.0 7.0 1.30867 99.8148
4.0 7.0 1.38641 99.7542
4.0 7.0 1.07088 99.9785
4.0 7.0 1.19752 99.9606
4.0 7.0 1.34385 99.5806
4.0 7.0 1.29291 99.9431
4.0 7.0 1.57682 99.5717
4.0 7.0 1.17569 99.8817
4.0 7.0 1.18746 99.6352
4.0 7.0 1.59549 99.8487
4.0 7.0 1.262 99.9633
4.0 7.0 1.21147 99.7724
4.0 7.0 2.41555 99.9829
4.0 7.0 2.55524 99.9217
4.0 7.0 1.85854 99.661
4.0 7.0 1.32051 99.8871
4.0 7.0 2.18001 99.9436
4.0 7.0 1.27427 99.0241
4.0 7.0 1.25876 99.9189
4.0 7.0 1.28679 99.8614
4.0 7.0 2.44144 99.932
4.0 7.0 1.39612 99.9848
4.0 7.0 1.30474 99.8093
4.0 7.0 1.21275 99.3281
4.0 7.0 2.2526 99.8827
4.0 7.0 1.24739 99.3235
4.0 7.0 1.40407 99.2991
4.0 7.0 1.25515 99.8002
4.0 7.0 2.42943 99.8388
4.0 7.0 1.06977 99.5424
4.0 7.0 1.27209 99.9006
4.0 7.0 1.29453 99.7672
4.0 7.0 1.25312 99.6616
4.0 7.0 1.3607 99.3679
4.0 7.0 1.2403 99.7985
4.0 7.0 1.27643 99.9516
4.0 7.0 1.36799 99.6272
4.0 7.0 1.22269 99.9752
4.0 7.0 1.28022 99.8295
4.0 7.0 1.5818 99.9155
4.0 7.0 1.21494 99.6528
4.0 7.0 2.46758 99.8919
4.0 7.0 2.49491 99.8287
4.0 7.0 2.95525 99.8644
4.0 7.0 2.42798 99.8397
5.0 2.0 112.65 -20.9406
5.0 2.0 115.452 -20.9406
5.0 2.0 113.16 -20.9406
5.0 2.0 113.237 -20.9406
5.0 2.0 116.626 -20.9406
5.0 2.0 112.402 -20.9406
5.0 2.0 115.542 -20.9406
5.0 2.0 117.859 -20.9406
5.0 2.0 116.731 -20.9406
5.0 2.0 118.759 -20.9406
5.0 2.0 113.012 -20.9406
5.0 2.0 114.929 -20.9406
5.0 2.0 115.201 -20.9406
5.0 2.0 116.756 -20.9406
5.0 2.0 113.869 -20.9406
5.0 2.0 116.431 -20.9406
5.0 2.0 113.153 -20.9406
5.0 2.0 116.217 -20.9406
5.0 2.0 122.046 -20.9406
5.0 2.0 116.386 -20.9406
5.0 2.0 118.125 -20.9406
5.0 2.0 116.769 -20.9406
5.0 2.0 115.141 -20.9406
5.0 2.0 115.592 -20.9406
5.0 2.0 115.887 -20.9406
5.0 2.0 113.878 -20.9406
5.0 2.0 118.04 -20.9406
5.0 2.0 124.284 -20.9406
5.0 2.0 116.281 -20.9406
5.0 2.0 116.569 -20.9406
5.0 2.0 116.826 -20.9406
5.0 2.0 118.204 -20.9406
5.0 2.0 115.016 -20.9406
5.0 2.0 115.049 -20.9406
5.0 2.0 115.082 -20.9406
5.0 2.0 117.994 -20.9406
5.0 2.0 115.439 -20.9406
5.0 2.0 116.102 -20.9406
5.0 2.0 115.747 -20.9406
5.0 2.0 116.324 -20.9406
5.0 2.0 115.229 -20.9406
5.0 2.0 112.994 -20.9406
5.0 2.0 116.512 -20.9406
5.0 2.0 115.07 -20.9406
5.0 2.0 116.622 -20.9406
5.0 2.0 115.107 -20.9406
5.0 2.0 116.043 -20.9406
5.0 2.0 120.04 -20.9406
5.0 2.0 115.012 -20.9406
5.0 2.0 115.284 -20.9406
5.0 3.0 58.6551 -20.9411
5.0 3.0 59.2866 -20.9406
5.0 3.0 57.7336 -20.9406
5.0 3.0 58.8418 -20.7987
5.0 3.0 57.7032 -20.8003
5.0 3.0 58.6201 -20.944
5.0 3.0 58.8033 -20.8139
5.0 3.0 58.9926 -20.8668
5.0 3.0 58.8442 -20.81
5.0 3.0 58.1078 -20.8336
5.0 3.0 58.5812 -20.9407
5.0 3.0 58.1088 -20.9482
5.0 3.0 57.6532 -20.9406
5.0 3.0 58.5986 -20.9657
5.0 3.0 57.6754 -20.9406
5.0 3.0 58.7678 -20.9429
5.0 3.0 59.486 -20.9015
5.0 3.0 58.7144 -20.8127
5.0 3.0 57.8711 -20.9407
5.0 3.0 59.2539 -20.8028
5.0 3.0 59.3047 -20.9406
5.0 3.0 58.9783 -20.9406
5.0 3.0 57.5904 -20.9408
5.0 3.0 58.7334 -20.9406
5.0 3.0 59.2216 -20.9406
5.0 3.0 57.6265 -20.9406
5.0 3.0 58.9079 -20.9406
5.0 3.0 58.7904 -20.9406
5.0 3.0 60.1023 -20.9406
5.0 3.0 58.3637 -20.9406
5.0 3.0 59.2116 -20.9406
5.0 3.0 58.4116 -20.9409
5.0 3.0 58.5262 -20.9391
5.0 3.0 57.902 -20.9387
5.0 3.0 58.7302 -20.9409
5.0 3.0 57.654 -20.8923
5.0 3.0 58.6764 -20.9434
5.0 3.0 59.3129 -20.8067
5.0 3.0 57.8025 -20.8614
5.0 3.0 57.7881 -20.9266
5.0 3.0 58.6825 -20.942
5.0 3.0 59.2865 -20.9419
5.0 3.0 57.8045 -20.9068
5.0 3.0 57.9458 -20.8268
5.0 3.0 58.2949 -20.9406
5.0 3.0 57.9652 -20.9512
5.0 3.0 57.5268 -20.9451
5.0 3.0 59.0807 -20.9406
5.0 3.0 58.7874 -20.8776
5.0 3.0 59.8369 -20.9411
5.0 4.0 39.2549 -20.9411
5.0 4.0 39.3758 -20.8494
5.0 4.0 39.4474 -20.9418
5.0 4.0 39.0262 -20.9406
5.0 4.0 39.3523 -20.9472
5.0 4.0 39.5234 -20.8128
5.0 4.0 39.2459 -20.9545
5.0 4.0 39.7008 -21.0499
5.0 4.0 38.6966 -20.8769
5.0 4.0 39.2301 -20.8778
5.0 4.0 39.2541 -20.9406
5.0 4.0 39.2182 -20.798
5.0 4.0 39.0105 -20.8604
5.0 4.0 39.0817 -20.9407
5.0 4.0 39.1948 -20.9197
5.0 4.0 38.4269 -20.9484
5.0 4.0 39.453 -20.9406
5.0 4.0 39.2301 -20.9406
5.0 4.0 39.4606 -20.9197
5.0 4.0 39.2158 -20.9407
5.0 4.0 39.663 -20.9066
5.0 4.0 39.9063 -20.9406
5.0 4.0 39.3725 -20.941
5.0 4.0 39.6598 -20.9466
5.0 4.0 39.2479 -20.9407
5.0 4.0 38.5378 -20.9438
5.0 4.0 39.6949 -20.9406
5.0 4.0 39.305 -20.9406
5.0 4.0 39.9654 -20.9457
5.0 4.0 39.4414 -20.8028
5.0 4.0 38.575 -20.9417
5.0 4.0 39.2657 -20.9407
5.0 4.0 39.0806 -20.9407
5.0 4.0 39.7004 -20.9406
5.0 4.0 39.4281 -20.9882
5.0 4.0 39.2147 -20.9406
5.0 4.0 39.3728 -20.9406
5.0 4.0 39.3588 -20.9406
5.0 4.0 40.4677 -20.9408
5.0 4.0 38.5519 -20.9406
5.0 4.0 39.3469 -20.9477
5.0 4.0 39.3649 -20.8818
5.0 4.0 39.4721 -20.9699
5.0 4.0 39.2359 -20.9429
5.0 4.0 39.4046 -20.9406
5.0 4.0 39.064 -20.8517
5.0 4.0 39.7979 -20.8
5.0 4.0 39.4111 -20.9407
5.0 4.0 39.0915 -20.9407
5.0 4.0 40.3504 -20.9406
5.0 5.0 28.3309 -20.9455
5.0 5.0 28.3421 -20.959
5.0 5.0 28.1691 -20.8456
5.0 5.0 28.3247 -20.9489
5.0 5.0 28.2998 -20.9406
5.0 5.0 28.3365 -20.9065
5.0 5.0 27.8199 -20.9407
5.0 5.0 28.3235 -20.9496
5.0 5.0 28.3315 -20.9408
5.0 5.0 28.3308 -21.0491
5.0 5.0 27.8156 -20.9069
5.0 5.0 27.8205 -20.9282
5.0 5.0 27.8989 -20.9413
5.0 5.0 28.3155 -20.9407
5.0 5.0 27.8374 -20.8323
5.0 5.0 27.8204 -20.8269
5.0 5.0 27.8232 -20.8168
5.0 5.0 27.8455 -20.8008
5.0 5.0 27.825 -20.9412
5.0 5.0 27.8278 -20.9459
5.0 5.0 28.8107 -20.9561
5.0 5.0 27.8831 -20.9407
5.0 5.0 27.8272 -20.9406
5.0 5.0 28.0645 -20.9409
5.0 5.0 27.8308 -20.9407
5.0 5.0 29.0521 -20.8332
5.0 5.0 27.8187 -20.8814
5.0 5.0 28.8778 -20.9406
5.0 5.0 27.8306 -20.945
5.0 5.0 27.8391 -20.9407
5.0 5.0 27.8255 -20.9407
5.0 5.0 27.8238 -20.8952
5.0 5.0 27.8134 -20.9406
5.0 5.0 28.686 -20.9408
5.0 5.0 28.315 -20.9483
5.0 5.0 27.8456 -20.8086
5.0 5.0 27.8398 -20.8032
5.0 5.0 27.8203 -20.9411
5.0 5.0 29.3104 -20.9412
5.0 5.0 28.3427 -20.9409
5.0 5.0 27.8249 -20.9406
5.0 5.0 29.2847 -20.9413
5.0 5.0 28.3324 -20.9416
5.0 5.0 27.8131 -20.9409
5.0 5.0 29.1178 -20.819
5.0 5.0 29.0197 -20.9411
5.0 5.0 30.1 -20.9197
5.0 5.0 30.0895 -20.817
5.0 5.0 28.3136 -20.9439
5.0 5.0 28.3136 -20.9439
5.0 6.0 22.2638 -20.9453
5.0 6.0 22.2808 -20.9197
5.0 6.0 22.6444 -20.9406
5.0 6.0 22.6784 -20.9406
5.0 6.0 22.6781 -20.8278
5.0 6.0 22.2533 -20.9406
5.0 6.0 22.269 -20.9407
5.0 6.0 23.2378 -20.9404
5.0 6.0 22.3104 -20.9407
5.0 6.0 22.284 -20.9197
5.0 6.0 22.4306 -20.9408
5.0 6.0 23.5173 -20.9408
5.0 6.0 23.2584 -20.9406
5.0 6.0 22.2889 -20.8347
5.0 6.0 22.4474 -20.9407
5.0 6.0 22.2752 -20.9406
5.0 6.0 22.4228 -20.9406
5.0 6.0 22.6547 -20.831
5.0 6.0 22.6657 -20.9297
5.0 6.0 22.282 -20.8361
5.0 6.0 22.2722 -20.9406
5.0 6.0 22.3062 -20.9431
5.0 6.0 22.2644 -20.8326
5.0 6.0 22.2729 -20.9424
5.0 6.0 22.6677 -20.9406
5.0 6.0 22.2616 -20.9406
5.0 6.0 22.2664 -20.9406
5.0 6.0 22.2635 -20.9406
5.0 6.0 22.2658 -20.9415
5.0 6.0 22.2667 -20.9407
5.0 6.0 23.4008 -20.9407
5.0 6.0 22.2741 -20.9407
5.0 6.0 23.2978 -20.9411
5.0 6.0 22.2616 -20.9406
5.0 6.0 22.2623 -20.9484
5.0 6.0 23.328 -20.9406
5.0 6.0 22.2649 -20.9422
5.0 6.0 22.6186 -20.9406
5.0 6.0 22.2801 -20.8028
5.0 6.0 22.2536 -20.9406
5.0 6.0 23.5707 -20.8151
5.0 6.0 22.6929 -20.9197
5.0 6.0 23.3229 -20.9819
5.0 6.0 22.2651 -20.9406
5.0 6.0 22.3215 -20.9407
5.0 6.0 22.2675 -20.9407
5.0 6.0 22.3029 -20.9497
5.0 6.0 22.5382 -20.9406
5.0 6.0 23.6006 -20.9411
5.0 6.0 23.6006 -20.9411
5.0 7.0 18.5616 -20.8357
5.0 7.0 18.5598 -20.9406
5.0 7.0 18.5988 -20.9407
5.0 7.0 18.5576 -20.9406
5.0 7.0 18.5591 -20.9406
5.0 7.0 19.6037 -20.942
5.0 7.0 18.8903 -21.0471
5.0 7.0 19.7421 -20.8198
5.0 7.0 18.7923 -20.9406
5.0 7.0 18.5583 -20.9406
5.0 7.0 18.5688 -20.7985
5.0 7.0 18.5657 -20.8833
5.0 7.0 19.5773 -20.9412
5.0 7.0 19.8336 -20.8023
5.0 7.0 19.541 -20.9406
5.0 7.0 18.6085 -20.9413
5.0 7.0 18.6265 -20.9469
5.0 7.0 18.8991 -20.95
5.0 7.0 19.9452 -20.9411
5.0 7.0 19.1441 -20.9406
5.0 7.0 19.1498 -20.9407
5.0 7.0 18.5573 -20.9407
5.0 7.0 18.5508 -20.9406
5.0 7.0 18.5553 -20.9406
5.0 7.0 18.9415 -20.9464
5.0 7.0 18.5643 -20.9408
5.0 7.0 19.6381 -20.8318
5.0 7.0 19.7643 -20.9406
5.0 7.0 19.3573 -20.9406
5.0 7.0 19.4732 -20.819
5.0 7.0 18.5613 -20.9406
5.0 7.0 18.5856 -20.9073
5.0 7.0 19.6148 -20.941
5.0 7.0 18.8794 -20.9408
5.0 7.0 19.3439 -20.9406
5.0 7.0 18.562 -20.9454
5.0 7.0 19.1617 -20.8142
5.0 7.0 18.7868 -20.9406
5.0 7.0 18.5582 -20.9407
5.0 7.0 18.5624 -20.941
5.0 7.0 18.5668 -20.9561
5.0 7.0 18.6739 -20.9487
5.0 7.0 18.9756 -20.9561
5.0 7.0 18.9756 -20.9561
5.0 7.0 18.9756 -20.9561
5.0 7.0 18.9756 -20.9561
5.0 7.0 18.9756 -20.9561
5.0 7.0 18.9756 -20.9561
5.0 7.0 18.9756 -20.9561
5.0 7.0 18.9756 -20.9561
