0.0 1.0 0.132343 -0.0
0.0 1.0 0.135693 -0.0
0.0 1.0 0.131787 -0.0
0.0 1.0 0.128157 -0.0
0.0 1.0 0.166629 -0.0
0.0 1.0 0.135418 -0.0
0.0 1.0 0.148591 -0.0
0.0 1.0 0.119536 -0.0
0.0 1.0 0.117751 -0.0
0.0 1.0 0.133445 -0.0
0.0 1.0 0.12948 -0.0
0.0 1.0 0.130525 -0.0
0.0 1.0 0.11787 -0.0
0.0 1.0 0.120019 -0.0
0.0 1.0 0.140412 -0.0
0.0 1.0 0.140765 -0.0
0.0 1.0 0.120716 -0.0
0.0 1.0 0.116906 -0.0
0.0 1.0 0.116918 -0.0
0.0 1.0 0.142358 -0.0
0.0 1.0 0.119536 -0.0
0.0 1.0 0.136289 -0.0
0.0 1.0 0.116699 -0.0
0.0 1.0 0.116768 -0.0
0.0 1.0 0.14823 -0.0
0.0 1.0 0.13483 -0.0
0.0 1.0 0.131944 -0.0
0.0 1.0 0.13339 -0.0
0.0 1.0 0.143609 -0.0
0.0 1.0 0.122182 -0.0
0.0 1.0 0.1192 -0.0
0.0 1.0 0.14145 -0.0
0.0 1.0 0.178587 -0.0
0.0 1.0 0.131946 -0.0
0.0 1.0 0.117532 -0.0
0.0 1.0 0.156328 -0.0
0.0 1.0 0.172457 -0.0
0.0 1.0 0.126582 -0.0
0.0 1.0 0.136314 -0.0
0.0 1.0 0.176227 -0.0
0.0 1.0 0.153391 -0.0
0.0 1.0 0.132066 -0.0
0.0 1.0 0.13817 -0.0
0.0 1.0 0.151009 -0.0
0.0 1.0 0.117712 -0.0
0.0 1.0 0.144632 -0.0
0.0 1.0 0.143783 -0.0
0.0 1.0 0.136461 -0.0
0.0 1.0 0.163593 -0.0
0.0 1.0 0.145916 -0.0
0.0 2.0 0.0911122 -0.0
0.0 2.0 0.087141 -0.0
0.0 2.0 0.072069 -0.0
0.0 2.0 0.079028 -0.0
0.0 2.0 0.0844165 -0.0
0.0 2.0 0.0895913 -0.0
0.0 2.0 0.0848863 -0.0
0.0 2.0 0.0843964 -0.0
0.0 2.0 0.102446 -0.0
0.0 2.0 0.124795 -0.0
0.0 2.0 0.0858951 -0.0
0.0 2.0 0.110796 -0.00739604
0.0 2.0 0.0746694 -0.0
0.0 2.0 0.0660788 -0.0
0.0 2.0 0.0810481 -0.0
0.0 2.0 0.110763 -0.0
0.0 2.0 0.118296 -0.00739604
0.0 2.0 0.0643162 -0.0
0.0 2.0 0.129521 -0.0
0.0 2.0 0.0751571 -0.0
0.0 2.0 0.172511 -0.0
0.0 2.0 0.0753453 -0.0
0.0 2.0 0.0932911 -0.0
0.0 2.0 0.0728533 -0.0
0.0 2.0 0.0764861 -0.0
0.0 2.0 0.096619 -0.0
0.0 2.0 0.0746974 -0.0
0.0 2.0 0.0703238 -0.0
0.0 2.0 0.0766466 -0.0
0.0 2.0 0.0701353 -0.0
0.0 2.0 0.0921945 -0.0
0.0 2.0 0.123929 -0.00739604
0.0 2.0 0.0725221 -0.0
0.0 2.0 0.0845122 -0.0
0.0 2.0 0.0881751 -0.0
0.0 2.0 0.0632592 -0.0
0.0 2.0 0.0699441 -0.0
0.0 2.0 0.0672414 -0.0
0.0 2.0 0.0951263 -0.0
0.0 2.0 0.129669 -0.0
0.0 2.0 0.0769501 -0.0
0.0 2.0 0.0643477 -0.0
0.0 2.0 0.0787821 -0.0
0.0 2.0 0.0822988 -0.0
0.0 2.0 0.0785522 -0.0
0.0 2.0 0.115699 -0.0
0.0 2.0 0.0880637 -0.0
0.0 2.0 0.118183 -0.0
0.0 2.0 0.0696576 -0.0
0.0 2.0 0.0822465 -0.0
0.0 3.0 0.0627993 -0.0
0.0 3.0 0.0871714 -0.00739604
0.0 3.0 0.0580729 -0.0
0.0 3.0 0.0601447 -0.0
0.0 3.0 0.0833934 -0.0
0.0 3.0 0.0871673 -0.0
0.0 3.0 0.091543 -0.0
0.0 3.0 0.0619855 -0.0
0.0 3.0 0.0733567 -0.0
0.0 3.0 0.0857054 -0.0
0.0 3.0 0.0869459 -0.0
0.0 3.0 0.05992 -0.0
0.0 3.0 0.0823279 -0.00739604
0.0 3.0 0.0552718 -0.0
0.0 3.0 0.0793798 -0.0
0.0 3.0 0.0660072 -0.0
0.0 3.0 0.0847566 -0.0
0.0 3.0 0.0785364 -0.0
0.0 3.0 0.0571634 -0.0
0.0 3.0 0.0630056 -0.0
0.0 3.0 0.0892216 -0.00739604
0.0 3.0 0.0706055 -0.0
0.0 3.0 0.0643215 -0.0
0.0 3.0 0.0501753 -0.0
0.0 3.0 0.0586284 -0.0
0.0 3.0 0.080622 -0.0
0.0 3.0 0.0786624 -0.0
0.0 3.0 0.116973 -0.00739604
0.0 3.0 0.0906559 -0.00739604
0.0 3.0 0.0536296 -0.0
0.0 3.0 0.0684075 -0.0
0.0 3.0 0.0662178 -0.0
0.0 3.0 0.0648607 -0.0
0.0 3.0 0.0825709 -0.0
0.0 3.0 0.0905149 -0.0
0.0 3.0 0.0643567 -0.0
0.0 3.0 0.0627581 -0.0
0.0 3.0 0.053159 -0.0
0.0 3.0 0.0493863 -0.0
0.0 3.0 0.0756627 -0.0
0.0 3.0 0.0791213 -0.0
0.0 3.0 0.0825407 -0.0
0.0 3.0 0.0887192 -0.0
0.0 3.0 0.0552102 -0.0
0.0 3.0 0.0865619 -0.0
0.0 3.0 0.0842582 -0.0
0.0 3.0 0.0870518 -0.0
0.0 3.0 0.0874425 -0.00739604
0.0 3.0 0.0889508 -0.0
0.0 3.0 0.0820949 -0.00739604
0.0 4.0 0.0532008 -0.0
0.0 4.0 0.0845307 -0.0
0.0 4.0 0.0723065 -0.00739604
0.0 4.0 0.0706339 -0.0
0.0 4.0 0.0522518 -0.0
0.0 4.0 0.0668636 -0.0
0.0 4.0 0.0569743 -0.0
0.0 4.0 0.0520922 -0.0
0.0 4.0 0.0460223 -0.0
0.0 4.0 0.0568147 -0.0
0.0 4.0 0.0597307 -0.0
0.0 4.0 0.0640159 -0.0
0.0 4.0 0.0529422 -0.0
0.0 4.0 0.0550954 -0.0
0.0 4.0 0.0606712 -0.0
0.0 4.0 0.0715737 -0.0
0.0 4.0 0.0576729 -0.0
0.0 4.0 0.0816417 -0.00739604
0.0 4.0 0.0605686 -0.00739604
0.0 4.0 0.0720881 -0.0
0.0 4.0 0.073416 -0.0
0.0 4.0 0.0678583 -0.0
0.0 4.0 0.0735286 -0.0
0.0 4.0 0.0522875 -0.0
0.0 4.0 0.0405847 -0.0
0.0 4.0 0.051329 -0.0
0.0 4.0 0.079737 -0.0
0.0 4.0 0.0737811 -0.00739604
0.0 4.0 0.0780088 -0.0
0.0 4.0 0.050651 -0.0
0.0 4.0 0.0547109 -0.0
0.0 4.0 0.0656129 -0.0
0.0 4.0 0.0641296 -0.0
0.0 4.0 0.0529903 -0.0
0.0 4.0 0.056093 -0.0
0.0 4.0 0.0706795 -0.00739604
0.0 4.0 0.0665271 -0.0
0.0 4.0 0.056522 -0.0
0.0 4.0 0.0512143 -0.0
0.0 4.0 0.0523576 -0.0
0.0 4.0 0.0776489 -0.00739604
0.0 4.0 0.0699517 -0.0
0.0 4.0 0.0739152 -0.0
0.0 4.0 0.0624527 -0.0
0.0 4.0 0.0510829 -0.0
0.0 4.0 0.0641766 -0.0
0.0 4.0 0.0711813 -0.00739604
0.0 4.0 0.0565468 -0.0
0.0 4.0 0.052065 -0.0
0.0 4.0 0.0475603 -0.0
0.0 5.0 0.073893 -0.0
0.0 5.0 0.0922186 -0.00739604
0.0 5.0 0.0934599 -0.00739604
0.0 5.0 0.0863142 -0.0
0.0 5.0 0.0754365 -0.0
0.0 5.0 0.0859765 -0.0
0.0 5.0 0.0934631 -0.0197195
0.0 5.0 0.085422 -0.0
0.0 5.0 0.0873916 -0.0
0.0 5.0 0.0904657 -0.00739604
0.0 5.0 0.0861761 -0.0
0.0 5.0 0.0920883 -0.00739604
0.0 5.0 0.0756229 -0.0
0.0 5.0 0.0910949 -0.0
0.0 5.0 0.0862126 -0.0
0.0 5.0 0.0922743 -0.0
0.0 5.0 0.0990671 -0.00739604
0.0 5.0 0.0858561 -0.0
0.0 5.0 0.0871084 -0.0
0.0 5.0 0.0859475 -0.00739604
0.0 5.0 0.0852833 -0.0
0.0 5.0 0.0877344 -0.0
0.0 5.0 0.0958071 -0.00739604
0.0 5.0 0.0892354 -0.0
0.0 5.0 0.0871933 -0.00739604
0.0 5.0 0.0873069 -0.00739604
0.0 5.0 0.0899787 -0.0
0.0 5.0 0.0854943 -0.0
0.0 5.0 0.0866873 -0.0
0.0 5.0 0.0961839 -0.00739604
0.0 5.0 0.0714179 -0.0
0.0 5.0 0.0947325 -0.00739604
0.0 5.0 0.0873099 -0.0
0.0 5.0 0.07467 -0.0
0.0 5.0 0.0851504 -0.0
0.0 5.0 0.082089 -0.0
0.0 5.0 0.0869715 -0.0
0.0 5.0 0.0872872 -0.00739604
0.0 5.0 0.0843678 -0.0
0.0 5.0 0.0922867 -0.00739604
0.0 5.0 0.0802007 -0.0
0.0 5.0 0.0897183 -0.00739604
0.0 5.0 0.0883079 -0.0
0.0 5.0 0.0862113 -0.0
0.0 5.0 0.0945284 -0.0
0.0 5.0 0.0803196 -0.0
0.0 5.0 0.0863224 -0.0
0.0 5.0 0.0727399 -0.0
0.0 5.0 0.0882891 -0.00739604
0.0 5.0 0.0848586 -0.00739604
0.0 6.0 0.0714476 -0.00739604
0.0 6.0 0.0637422 -0.0
0.0 6.0 0.0700266 -0.00739604
0.0 6.0 0.0593675 -0.0
0.0 6.0 0.0623296 -0.0
0.0 6.0 0.0662782 -0.0
0.0 6.0 0.0620302 -0.00739604
0.0 6.0 0.0694063 -0.0
0.0 6.0 0.0694518 -0.00739604
0.0 6.0 0.0663383 -0.0
0.0 6.0 0.0648458 -0.00739604
0.0 6.0 0.0689547 -0.0
0.0 6.0 0.0562534 -0.0
0.0 6.0 0.0525972 -0.0
0.0 6.0 0.0609581 -0.0
0.0 6.0 0.0813827 -0.00739604
0.0 6.0 0.0785021 -0.0
0.0 6.0 0.0692428 -0.0
0.0 6.0 0.0756747 -0.0
0.0 6.0 0.0778019 -0.0
0.0 6.0 0.0522978 -0.0
0.0 6.0 0.0780513 -0.00739604
0.0 6.0 0.0543063 -0.00739604
0.0 6.0 0.0484923 -0.0
0.0 6.0 0.062456 -0.0
0.0 6.0 0.0657469 -0.00739604
0.0 6.0 0.059657 -0.0
0.0 6.0 0.0516754 -0.00739604
0.0 6.0 0.0667111 -0.00739604
0.0 6.0 0.0781322 -0.00739604
0.0 6.0 0.0545855 -0.0
0.0 6.0 0.0529867 -0.0
0.0 6.0 0.0612365 -0.00739604
0.0 6.0 0.0679671 -0.0
0.0 6.0 0.0639857 -0.0
0.0 6.0 0.064227 -0.00739604
0.0 6.0 0.0731846 -0.0
0.0 6.0 0.0655188 -0.00739604
0.0 6.0 0.0623528 -0.0
0.0 6.0 0.0489151 -0.0
0.0 6.0 0.0663511 -0.00739604
0.0 6.0 0.0686966 -0.00739604
0.0 6.0 0.0651148 -0.00739604
0.0 6.0 0.0603529 -0.0
0.0 6.0 0.056372 -0.0
0.0 6.0 0.0652107 -0.0
0.0 6.0 0.0663945 -0.00739604
0.0 6.0 0.0648539 -0.00739604
0.0 6.0 0.06454 -0.00739604
0.0 6.0 0.06454 -0.00739604
0.0 7.0 0.0709506 -0.0
0.0 7.0 0.055937 -0.00739604
0.0 7.0 0.047649 -0.00739604
0.0 7.0 0.0618649 -0.0
0.0 7.0 0.0558865 -0.00739604
0.0 7.0 0.0564845 -0.0
0.0 7.0 0.042884 -0.0
0.0 7.0 0.050495 -0.0
0.0 7.0 0.0528566 -0.00739604
0.0 7.0 0.0544179 -0.0
0.0 7.0 0.0617063 -0.00739604
0.0 7.0 0.0534141 -0.0
0.0 7.0 0.0631385 -0.0
0.0 7.0 0.0765482 -0.00739604
0.0 7.0 0.0567355 -0.0
0.0 7.0 0.0576717 -0.0
0.0 7.0 0.056532 -0.0
0.0 7.0 0.056372 -0.0
0.0 7.0 0.0707681 -0.00739604
0.0 7.0 0.0608067 -0.0
0.0 7.0 0.0721955 -0.0
0.0 7.0 0.0573565 -0.0
0.0 7.0 0.050466 -0.00739604
0.0 7.0 0.0748285 -0.00739604
0.0 7.0 0.0547253 -0.00739604
0.0 7.0 0.0634345 -0.00739604
0.0 7.0 0.063047 -0.00739604
0.0 7.0 0.0485886 -0.0
0.0 7.0 0.0512791 -0.0
0.0 7.0 0.0513893 -0.0
0.0 7.0 0.0520193 -0.0
0.0 7.0 0.0634561 -0.0
0.0 7.0 0.056136 -0.00739604
0.0 7.0 0.053791 -0.0
0.0 7.0 0.064485 -0.0
0.0 7.0 0.064292 -0.0
0.0 7.0 0.0522831 -0.0
0.0 7.0 0.0638701 -0.0
0.0 7.0 0.0485711 -0.0
0.0 7.0 0.0549756 -0.00739604
0.0 7.0 0.0467079 -0.0
0.0 7.0 0.0651989 -0.00739604
0.0 7.0 0.118847 -0.00739604
0.0 7.0 0.0560126 -0.0
0.0 7.0 0.050251 -0.0
0.0 7.0 0.0475154 -0.00739604
0.0 7.0 0.0517949 -0.00739604
0.0 7.0 0.0542878 -0.00739604
0.0 7.0 0.0750186 -0.00739604
0.0 7.0 0.0449966 -0.0
1.0 1.0 0.248368 2.71828
1.0 1.0 0.159129 2.71828
1.0 1.0 0.285088 2.71828
1.0 1.0 0.290329 2.71828
1.0 1.0 0.178936 2.71828
1.0 1.0 0.17799 2.71828
1.0 1.0 0.178679 2.71828
1.0 1.0 0.179381 2.71828
1.0 1.0 0.175979 2.71828
1.0 1.0 0.167569 2.71828
1.0 1.0 0.162431 2.71828
1.0 1.0 0.165494 2.71828
1.0 1.0 0.162792 2.71828
1.0 1.0 0.1803 2.71828
1.0 1.0 0.161113 2.71828
1.0 1.0 0.169269 2.71828
1.0 1.0 0.17475 2.71828
1.0 1.0 0.171581 2.71828
1.0 1.0 0.173955 2.71828
1.0 1.0 0.157807 2.71828
1.0 1.0 0.158018 2.71828
1.0 1.0 0.183343 2.71828
1.0 1.0 0.157121 2.71828
1.0 1.0 0.172139 2.71828
1.0 1.0 0.25491 2.71828
1.0 1.0 0.161612 2.71828
1.0 1.0 0.178434 2.71828
1.0 1.0 0.161255 2.71828
1.0 1.0 0.17803 2.71828
1.0 1.0 0.178792 2.71828
1.0 1.0 0.169349 2.71828
1.0 1.0 0.180627 2.71828
1.0 1.0 0.164002 2.71828
1.0 1.0 0.163415 2.71828
1.0 1.0 0.162808 2.71828
1.0 1.0 0.164296 2.71828
1.0 1.0 0.173223 2.71828
1.0 1.0 0.166341 2.71828
1.0 1.0 0.169837 2.71828
1.0 1.0 0.175796 2.71828
1.0 1.0 0.175359 2.71828
1.0 1.0 0.162549 2.71828
1.0 1.0 0.255176 2.71828
1.0 1.0 0.242474 2.71828
1.0 1.0 0.173059 2.71828
1.0 1.0 0.1721 2.71828
1.0 1.0 0.178459 2.71828
1.0 1.0 0.179353 2.71828
1.0 1.0 0.175403 2.71828
1.0 1.0 0.179105 2.71828
1.0 2.0 0.0888094 2.71828
1.0 2.0 0.0916787 2.71828
1.0 2.0 0.089484 2.71828
1.0 2.0 0.0891802 2.71828
1.0 2.0 0.0980431 2.71828
1.0 2.0 0.0884503 2.71828
1.0 2.0 0.0924054 2.71828
1.0 2.0 0.0966828 2.71828
1.0 2.0 0.0949868 2.71828
1.0 2.0 0.0875487 2.71828
1.0 2.0 0.0891156 2.71828
1.0 2.0 0.0900547 2.71828
1.0 2.0 0.0866723 2.71828
1.0 2.0 0.0846415 2.71828
1.0 2.0 0.0883943 2.71828
1.0 2.0 0.0877457 2.71828
1.0 2.0 0.0879789 2.71828
1.0 2.0 0.0844397 2.71828
1.0 2.0 0.0893906 2.71828
1.0 2.0 0.0996918 2.71828
1.0 2.0 0.0938662 2.71828
1.0 2.0 0.0904981 2.71828
1.0 2.0 0.0937576 2.71828
1.0 2.0 0.0943826 2.71828
1.0 2.0 0.0930423 2.71828
1.0 2.0 0.101175 2.71828
1.0 2.0 0.090021 2.71828
1.0 2.0 0.092067 2.71828
1.0 2.0 0.0886989 2.71828
1.0 2.0 0.100913 2.71828
1.0 2.0 0.139443 2.71828
1.0 2.0 0.105904 2.71828
1.0 2.0 0.0905269 2.71828
1.0 2.0 0.0885188 2.71828
1.0 2.0 0.1011 2.71828
1.0 2.0 0.0948253 2.71828
1.0 2.0 0.095253 2.71828
1.0 2.0 0.0902713 2.71828
1.0 2.0 0.0887059 2.71828
1.0 2.0 0.0894866 2.71828
1.0 2.0 0.100133 2.71828
1.0 2.0 0.0867223 2.71828
1.0 2.0 0.0873438 2.71828
1.0 2.0 0.0986065 2.71828
1.0 2.0 0.089896 2.71828
1.0 2.0 0.0867562 2.71828
1.0 2.0 0.0901856 2.71828
1.0 2.0 0.100268 2.71828
1.0 2.0 0.0993074 2.71828
1.0 2.0 0.0970681 2.71828
1.0 3.0 0.0700552 2.71828
1.0 3.0 0.0630519 2.71828
1.0 3.0 0.072352 2.71828
1.0 3.0 0.0714202 2.71828
1.0 3.0 0.0659965 2.71828
1.0 3.0 0.0673922 2.71828
1.0 3.0 0.0665002 2.71828
1.0 3.0 0.0665808 2.71828
1.0 3.0 0.0720619 2.71828
1.0 3.0 0.0832751 2.71828
1.0 3.0 0.0702461 2.71828
1.0 3.0 0.0709034 2.71828
1.0 3.0 0.0668402 2.71828
1.0 3.0 0.0691183 2.71828
1.0 3.0 0.0629428 2.71828
1.0 3.0 0.0697213 2.71828
1.0 3.0 0.0734282 2.71828
1.0 3.0 0.0670626 2.71828
1.0 3.0 0.0739912 2.71828
1.0 3.0 0.0623583 2.71828
1.0 3.0 0.0703305 2.71828
1.0 3.0 0.0753328 2.71828
1.0 3.0 0.0762274 2.71828
1.0 3.0 0.0713457 2.71828
1.0 3.0 0.0729913 2.71828
1.0 3.0 0.0657032 2.71828
1.0 3.0 0.0695704 2.71828
1.0 3.0 0.0650469 2.71828
1.0 3.0 0.0694378 2.71828
1.0 3.0 0.0713514 2.71828
1.0 3.0 0.0695182 2.71828
1.0 3.0 0.070676 2.71828
1.0 3.0 0.0687175 2.71828
1.0 3.0 0.0717387 2.71828
1.0 3.0 0.0797653 2.71828
1.0 3.0 0.0736469 2.71828
1.0 3.0 0.0689513 2.71828
1.0 3.0 0.076098 2.71828
1.0 3.0 0.0635355 2.71828
1.0 3.0 0.0715257 2.71828
1.0 3.0 0.0717093 2.71828
1.0 3.0 0.0722168 2.71828
1.0 3.0 0.0701973 2.71828
1.0 3.0 0.0716491 2.71828
1.0 3.0 0.0657811 2.71828
1.0 3.0 0.0715206 2.71828
1.0 3.0 0.0678413 2.71828
1.0 3.0 0.074969 2.71828
1.0 3.0 0.0681975 2.71828
1.0 3.0 0.0708526 2.71828
1.0 4.0 0.0587104 2.71828
1.0 4.0 0.0583701 2.71828
1.0 4.0 0.0573812 2.71828
1.0 4.0 0.0619369 2.71828
1.0 4.0 0.0585049 2.71828
1.0 4.0 0.0587301 2.71828
1.0 4.0 0.0609357 2.71828
1.0 4.0 0.0590781 2.71828
1.0 4.0 0.0626959 2.71828
1.0 4.0 0.0487901 2.71828
1.0 4.0 0.0575614 2.71828
1.0 4.0 0.0502894 2.71828
1.0 4.0 0.0598038 2.71828
1.0 4.0 0.0657111 2.71828
1.0 4.0 0.0547591 2.71828
1.0 4.0 0.0536976 2.71828
1.0 4.0 0.0610617 2.71828
1.0 4.0 0.0569863 2.71828
1.0 4.0 0.0616504 2.71828
1.0 4.0 0.0581405 2.71828
1.0 4.0 0.060844 2.71828
1.0 4.0 0.0649019 2.71828
1.0 4.0 0.0573526 2.71828
1.0 4.0 0.0682189 2.71828
1.0 4.0 0.0588102 2.71828
1.0 4.0 0.0598844 2.71828
1.0 4.0 0.051844 2.71828
1.0 4.0 0.055783 2.71828
1.0 4.0 0.0620756 2.71828
1.0 4.0 0.0609882 2.71828
1.0 4.0 0.0593059 2.71828
1.0 4.0 0.0565784 2.71828
1.0 4.0 0.0610298 2.71828
1.0 4.0 0.066655 2.71828
1.0 4.0 0.0610223 2.71828
1.0 4.0 0.052234 2.71828
1.0 4.0 0.0599815 2.71828
1.0 4.0 0.0656104 2.71828
1.0 4.0 0.0568489 2.71828
1.0 4.0 0.0581715 2.71828
1.0 4.0 0.0608725 2.71828
1.0 4.0 0.0596284 2.71828
1.0 4.0 0.0665113 2.71828
1.0 4.0 0.0610775 2.71828
1.0 4.0 0.0587037 2.71828
1.0 4.0 0.061557 2.71828
1.0 4.0 0.0609025 2.71828
1.0 4.0 0.0607292 2.71828
1.0 4.0 0.0603007 2.71828
1.0 4.0 0.0616256 2.71828
1.0 5.0 0.0750671 2.71828
1.0 5.0 0.0832878 2.71828
1.0 5.0 0.0758388 2.71828
1.0 5.0 0.0819741 2.71828
1.0 5.0 0.0766588 2.71828
1.0 5.0 0.0813124 2.71828
1.0 5.0 0.0818202 2.71828
1.0 5.0 0.0749086 2.71828
1.0 5.0 0.0772609 2.71828
1.0 5.0 0.0828955 2.71828
1.0 5.0 0.080763 2.71828
1.0 5.0 0.0794138 2.71828
1.0 5.0 0.0811774 2.71828
1.0 5.0 0.0765507 2.71828
1.0 5.0 0.0748249 2.71828
1.0 5.0 0.0831873 2.71828
1.0 5.0 0.0735008 2.71828
1.0 5.0 0.0778674 2.71828
1.0 5.0 0.0748709 2.71828
1.0 5.0 0.0793705 2.71828
1.0 5.0 0.0739533 2.71828
1.0 5.0 0.0753782 2.71828
1.0 5.0 0.0742544 2.71828
1.0 5.0 0.0743846 2.71828
1.0 5.0 0.0829795 2.71828
1.0 5.0 0.0833337 2.71828
1.0 5.0 0.0833049 2.71828
1.0 5.0 0.0840239 2.71828
1.0 5.0 0.0806389 2.71828
1.0 5.0 0.0748607 2.71828
1.0 5.0 0.0734509 2.71828
1.0 5.0 0.0809376 2.71828
1.0 5.0 0.0831903 2.71828
1.0 5.0 0.0747916 2.71828
1.0 5.0 0.0821413 2.71828
1.0 5.0 0.0764877 2.71828
1.0 5.0 0.0820841 2.71828
1.0 5.0 0.0836447 2.71828
1.0 5.0 0.0810279 2.71828
1.0 5.0 0.0770644 2.71828
1.0 5.0 0.079503 2.71828
1.0 5.0 0.084695 2.71828
1.0 5.0 0.0831612 2.71828
1.0 5.0 0.0759441 2.71828
1.0 5.0 0.081586 2.71828
1.0 5.0 0.0810012 2.71828
1.0 5.0 0.0787265 2.71828
1.0 5.0 0.0784658 2.71828
1.0 5.0 0.0793506 2.71828
1.0 5.0 0.0838507 2.71828
1.0 6.0 0.140298 2.71828
1.0 6.0 0.0554786 2.71828
1.0 6.0 0.0543181 2.71828
1.0 6.0 0.0720108 2.71828
1.0 6.0 0.075396 2.71828
1.0 6.0 0.0465294 2.71828
1.0 6.0 0.0537291 2.71828
1.0 6.0 0.0549217 2.71828
1.0 6.0 0.0461499 2.71828
1.0 6.0 0.0509913 2.71828
1.0 6.0 0.0576573 2.71828
1.0 6.0 0.0740181 2.71828
1.0 6.0 0.0752516 2.71828
1.0 6.0 0.072123 2.71828
1.0 6.0 0.0534908 2.71828
1.0 6.0 0.054607 2.71828
1.0 6.0 0.0480671 2.71828
1.0 6.0 0.0458086 2.71828
1.0 6.0 0.0514844 2.71828
1.0 6.0 0.051002 2.71828
1.0 6.0 0.0423571 2.71828
1.0 6.0 0.0512001 2.71828
1.0 6.0 0.0514995 2.71828
1.0 6.0 0.0508475 2.71828
1.0 6.0 0.0527796 2.71828
1.0 6.0 0.051877 2.71828
1.0 6.0 0.0569233 2.71828
1.0 6.0 0.0511591 2.71828
1.0 6.0 0.0525119 2.71828
1.0 6.0 0.0512501 2.71828
1.0 6.0 0.0456361 2.71828
1.0 6.0 0.0434584 2.71828
1.0 6.0 0.0536761 2.71828
1.0 6.0 0.0523437 2.71828
1.0 6.0 0.0522961 2.71828
1.0 6.0 0.0773019 2.71828
1.0 6.0 0.0492396 2.71828
1.0 6.0 0.0727484 2.71828
1.0 6.0 0.0525175 2.71828
1.0 6.0 0.0597289 2.71828
1.0 6.0 0.0507881 2.71828
1.0 6.0 0.0510697 2.71828
1.0 6.0 0.0449476 2.71828
1.0 6.0 0.0736602 2.71828
1.0 6.0 0.0532346 2.71828
1.0 6.0 0.133278 2.71828
1.0 6.0 0.0513421 2.71828
1.0 6.0 0.0550039 2.71828
1.0 6.0 0.0531524 2.71828
1.0 6.0 0.0531524 2.71828
1.0 7.0 0.0451044 2.71828
1.0 7.0 0.0482963 2.71828
1.0 7.0 0.0538443 2.71828
1.0 7.0 0.0395089 2.71828
1.0 7.0 0.041889 2.71828
1.0 7.0 0.0459332 2.71828
1.0 7.0 0.0556158 2.71828
1.0 7.0 0.0453785 2.71828
1.0 7.0 0.0396839 2.71828
1.0 7.0 0.0475263 2.71828
1.0 7.0 0.0446888 2.71828
1.0 7.0 0.0656654 2.71828
1.0 7.0 0.0468305 2.71828
1.0 7.0 0.0454282 2.71828
1.0 7.0 0.0417659 2.71828
1.0 7.0 0.0677128 2.71828
1.0 7.0 0.0480073 2.71828
1.0 7.0 0.0541563 2.71828
1.0 7.0 0.065099 2.71828
1.0 7.0 0.0671358 2.71828
1.0 7.0 0.0478486 2.71828
1.0 7.0 0.0468718 2.71828
1.0 7.0 0.0452631 2.71828
1.0 7.0 0.0460989 2.71828
1.0 7.0 0.0640215 2.71828
1.0 7.0 0.0591525 2.71828
1.0 7.0 0.0459352 2.71828
1.0 7.0 0.0470281 2.71828
1.0 7.0 0.0446603 2.71828
1.0 7.0 0.050549 2.71828
1.0 7.0 0.0456688 2.71828
1.0 7.0 0.0654307 2.71828
1.0 7.0 0.0413668 2.71828
1.0 7.0 0.0499668 2.71828
1.0 7.0 0.0497787 2.71828
1.0 7.0 0.0593761 2.71828
1.0 7.0 0.0498324 2.71828
1.0 7.0 0.0500584 2.71828
1.0 7.0 0.0593975 2.71828
1.0 7.0 0.0478271 2.71828
1.0 7.0 0.0562872 2.71828
1.0 7.0 0.0504295 2.71828
1.0 7.0 0.0459812 2.71828
1.0 7.0 0.0620932 2.71828
1.0 7.0 0.0405248 2.71828
1.0 7.0 0.0477252 2.71828
1.0 7.0 0.0451438 2.71828
1.0 7.0 0.0650079 2.71828
1.0 7.0 0.0456423 2.71828
1.0 7.0 0.0456423 2.71828
2.0 1.0 1.54181 -4.33559e-32
2.0 1.0 1.31383 -8.43827e-33
2.0 1.0 0.761914 -0.0
2.0 1.0 1.28086 -8.43827e-33
2.0 1.0 1.31287 -8.43827e-33
2.0 1.0 0.765978 -0.0
2.0 1.0 1.54833 -5.02058e-32
2.0 1.0 1.68671 -8.43827e-33
2.0 1.0 1.31575 -8.43827e-33
2.0 1.0 1.06552 -0.0
2.0 1.0 0.915822 -0.0
2.0 1.0 1.29731 -8.43827e-33
2.0 1.0 1.69164 -8.43827e-33
2.0 1.0 1.4492 -8.43827e-33
2.0 1.0 1.64386 -5.02058e-32
2.0 1.0 1.52883 -4.33559e-32
2.0 1.0 1.6416 -8.43827e-33
2.0 1.0 1.30648 -5.02058e-32
2.0 1.0 0.743281 -0.0
2.0 1.0 0.491751 -0.0
2.0 1.0 2.20597 -8.43827e-33
2.0 1.0 0.794025 -0.0
2.0 1.0 0.265793 -0.0
2.0 1.0 1.52371 -8.43827e-33
2.0 1.0 1.37775 -5.02058e-32
2.0 1.0 2.05809 -8.43827e-33
2.0 1.0 1.45865 -8.43827e-33
2.0 1.0 1.36439 -8.43827e-33
2.0 1.0 1.58211 -8.43827e-33
2.0 1.0 1.65113 -8.43827e-33
2.0 1.0 1.57071 -5.02058e-32
2.0 1.0 0.983794 -0.0
2.0 1.0 1.56078 -8.43827e-33
2.0 1.0 1.39829 -8.43827e-33
2.0 1.0 1.51899 -8.43827e-33
2.0 1.0 0.813602 -0.0
2.0 1.0 1.40681 -2.03723e-31
2.0 1.0 1.72898 -8.43827e-33
2.0 1.0 1.02119 -0.0
2.0 1.0 1.07807 -0.0
2.0 1.0 1.67477 -5.02058e-32
2.0 1.0 1.61629 -8.43827e-33
2.0 1.0 1.66963 -8.43827e-33
2.0 1.0 1.73894 -8.43827e-33
2.0 1.0 1.62637 -8.43827e-33
2.0 1.0 1.03608 -0.0
2.0 1.0 1.60476 -4.33559e-32
2.0 1.0 1.57536 -8.43827e-33
2.0 1.0 1.01134 -0.0
2.0 1.0 1.31389 -8.43827e-33
2.0 2.0 0.397472 -0.0
2.0 2.0 0.737467 -0.0
2.0 2.0 0.679052 -2.01644e-31
2.0 2.0 0.672069 -0.0
2.0 2.0 0.662642 -8.43827e-33
2.0 2.0 0.971358 -0.0
2.0 2.0 0.920021 -8.43827e-33
2.0 2.0 0.394673 -0.0
2.0 2.0 0.6924 -8.43827e-33
2.0 2.0 0.965484 -4.33559e-32
2.0 2.0 0.649317 -4.33559e-32
2.0 2.0 0.687583 -0.0
2.0 2.0 0.662302 -5.02058e-32
2.0 2.0 0.658036 -8.43827e-33
2.0 2.0 0.736022 -5.02058e-32
2.0 2.0 0.728329 -4.33559e-32
2.0 2.0 0.753925 -8.43827e-33
2.0 2.0 0.640362 -0.0
2.0 2.0 0.746184 -2.03723e-31
2.0 2.0 0.685096 -0.0
2.0 2.0 0.654365 -8.43827e-33
2.0 2.0 0.667396 -8.43827e-33
2.0 2.0 0.95494 -0.0
2.0 2.0 0.67744 -5.02058e-32
2.0 2.0 0.719202 -0.0
2.0 2.0 0.719189 -8.43827e-33
2.0 2.0 0.410493 -0.0
2.0 2.0 0.909178 -4.33559e-32
2.0 2.0 0.66729 -0.0
2.0 2.0 0.716146 -8.43827e-33
2.0 2.0 0.401784 -0.0
2.0 2.0 0.662587 -5.02058e-32
2.0 2.0 0.65756 -8.43827e-33
2.0 2.0 0.73069 -8.43827e-33
2.0 2.0 0.912221 -0.0
2.0 2.0 0.644841 -0.0
2.0 2.0 0.68022 -0.0
2.0 2.0 0.7756 -8.43827e-33
2.0 2.0 0.916165 -2.01644e-31
2.0 2.0 0.641938 -0.0
2.0 2.0 0.663707 -8.43827e-33
2.0 2.0 0.827418 -8.43827e-33
2.0 2.0 0.653673 -0.0
2.0 2.0 0.690201 -8.43827e-33
2.0 2.0 0.674627 -8.43827e-33
2.0 2.0 0.66602 -0.0
2.0 2.0 0.65259 -8.43827e-33
2.0 2.0 0.643854 -0.0
2.0 2.0 0.661115 -8.43827e-33
2.0 2.0 0.645939 -0.0
2.0 3.0 0.475003 -8.43827e-33
2.0 3.0 0.454604 -8.43827e-33
2.0 3.0 0.480277 -5.02058e-32
2.0 3.0 0.455813 -8.43827e-33
2.0 3.0 0.464881 -0.0
2.0 3.0 0.510186 -8.43827e-33
2.0 3.0 0.46399 -8.43827e-33
2.0 3.0 0.52226 -0.0
2.0 3.0 0.457964 -4.33559e-32
2.0 3.0 0.452974 -0.0
2.0 3.0 0.454606 -8.43827e-33
2.0 3.0 0.499734 -8.43827e-33
2.0 3.0 0.47292 -5.02058e-32
2.0 3.0 0.494654 -4.33559e-32
2.0 3.0 0.461382 -8.43827e-33
2.0 3.0 0.461841 -0.0
2.0 3.0 0.500936 -5.02058e-32
2.0 3.0 0.502787 -8.43827e-33
2.0 3.0 0.491255 -2.01644e-31
2.0 3.0 0.461238 -0.0
2.0 3.0 0.457976 -2.01644e-31
2.0 3.0 0.496213 -5.02058e-32
2.0 3.0 0.4476 -8.43827e-33
2.0 3.0 0.453005 -8.43827e-33
2.0 3.0 0.456976 -5.02058e-32
2.0 3.0 0.492277 -8.43827e-33
2.0 3.0 0.451848 -4.33559e-32
2.0 3.0 0.494134 -8.43827e-33
2.0 3.0 0.469793 -0.0
2.0 3.0 0.456684 -4.33559e-32
2.0 3.0 0.533801 -8.43827e-33
2.0 3.0 0.479877 -4.33559e-32
2.0 3.0 0.533522 -5.02058e-32
2.0 3.0 0.470578 -0.0
2.0 3.0 0.461561 -4.33559e-32
2.0 3.0 0.439249 -0.0
2.0 3.0 0.461008 -0.0
2.0 3.0 0.473742 -8.43827e-33
2.0 3.0 0.493417 -0.0
2.0 3.0 0.499135 -8.43827e-33
2.0 3.0 0.481647 -8.43827e-33
2.0 3.0 0.54428 -0.0
2.0 3.0 0.443342 -0.0
2.0 3.0 0.506259 -5.02058e-32
2.0 3.0 0.488708 -4.33559e-32
2.0 3.0 0.494561 -4.33559e-32
2.0 3.0 0.469569 -4.33559e-32
2.0 3.0 0.475002 -2.01644e-31
2.0 3.0 0.509491 -5.02058e-32
2.0 3.0 0.493965 -0.0
2.0 4.0 0.379556 -5.02058e-32
2.0 4.0 0.383217 -8.43827e-33
2.0 4.0 0.367262 -0.0
2.0 4.0 0.38086 -0.0
2.0 4.0 0.409215 -8.43827e-33
2.0 4.0 0.353225 -0.0
2.0 4.0 0.36725 -8.43827e-33
2.0 4.0 0.352431 -8.43827e-33
2.0 4.0 0.401869 -2.01644e-31
2.0 4.0 0.350332 -8.43827e-33
2.0 4.0 0.40468 -0.0
2.0 4.0 0.35502 -2.01644e-31
2.0 4.0 0.362705 -8.43827e-33
2.0 4.0 0.365594 -8.43827e-33
2.0 4.0 0.387775 -8.43827e-33
2.0 4.0 0.461001 -0.0
2.0 4.0 0.383489 -8.43827e-33
2.0 4.0 0.37864 -8.43827e-33
2.0 4.0 0.372332 -0.0
2.0 4.0 0.351346 -8.43827e-33
2.0 4.0 0.36509 -8.43827e-33
2.0 4.0 0.375873 -0.0
2.0 4.0 0.374531 -8.43827e-33
2.0 4.0 0.349215 -0.0
2.0 4.0 0.386938 -8.43827e-33
2.0 4.0 0.376246 -0.0
2.0 4.0 0.49067 -4.33559e-32
2.0 4.0 0.338125 -8.43827e-33
2.0 4.0 0.349732 -4.33559e-32
2.0 4.0 0.351089 -4.33559e-32
2.0 4.0 0.389061 -2.03723e-31
2.0 4.0 0.387808 -0.0
2.0 4.0 0.377042 -0.0
2.0 4.0 0.366836 -8.43827e-33
2.0 4.0 0.364062 -8.43827e-33
2.0 4.0 0.373201 -8.43827e-33
2.0 4.0 0.351514 -8.43827e-33
2.0 4.0 0.406873 -8.43827e-33
2.0 4.0 0.364433 -8.43827e-33
2.0 4.0 0.386901 -0.0
2.0 4.0 0.387199 -5.02058e-32
2.0 4.0 0.397694 -8.43827e-33
2.0 4.0 0.346119 -8.43827e-33
2.0 4.0 0.410241 -8.43827e-33
2.0 4.0 0.363062 -5.02058e-32
2.0 4.0 0.406454 -2.03723e-31
2.0 4.0 0.35407 -8.43827e-33
2.0 4.0 0.438688 -4.33559e-32
2.0 4.0 0.4121 -5.02058e-32
2.0 4.0 0.345117 -8.43827e-33
2.0 5.0 0.451156 -5.02058e-32
2.0 5.0 0.450118 -8.43827e-33
2.0 5.0 0.455688 -2.03723e-31
2.0 5.0 0.451332 -4.33559e-32
2.0 5.0 0.423269 -2.05477e-30
2.0 5.0 0.455193 -7.10571e-31
2.0 5.0 0.416146 -0.0
2.0 5.0 0.453609 -0.0
2.0 5.0 0.40796 -1.7325e-31
2.0 5.0 0.438832 -0.0
2.0 5.0 0.421209 -0.0
2.0 5.0 0.452014 -5.02058e-32
2.0 5.0 0.457743 -8.43827e-33
2.0 5.0 0.444681 -0.0
2.0 5.0 0.447027 -0.0
2.0 5.0 0.443211 -6.77826e-31
2.0 5.0 0.457974 -8.43827e-33
2.0 5.0 0.455672 -0.0
2.0 5.0 0.423292 -8.43827e-33
2.0 5.0 0.456195 -8.43827e-33
2.0 5.0 0.450894 -0.0
2.0 5.0 0.45006 -0.0
2.0 5.0 0.458577 -5.02058e-32
2.0 5.0 0.418613 -0.0
2.0 5.0 0.45301 -0.0
2.0 5.0 0.455802 -8.43827e-33
2.0 5.0 0.462061 -8.43827e-33
2.0 5.0 0.455332 -0.0
2.0 5.0 0.426585 -8.43827e-33
2.0 5.0 0.450715 -0.0
2.0 5.0 0.457791 -8.43827e-33
2.0 5.0 0.423306 -0.0
2.0 5.0 0.455652 -5.02058e-32
2.0 5.0 0.452856 -0.0
2.0 5.0 0.461522 -5.02058e-32
2.0 5.0 0.447527 -0.0
2.0 5.0 0.428039 -5.02058e-32
2.0 5.0 0.424978 -8.43827e-33
2.0 5.0 0.418802 -8.43827e-33
2.0 5.0 0.455023 -4.33559e-32
2.0 5.0 0.454774 -8.43827e-33
2.0 5.0 0.448283 -0.0
2.0 5.0 0.451853 -0.0
2.0 5.0 0.416855 -2.01644e-31
2.0 5.0 0.453052 -0.0
2.0 5.0 0.438795 -0.0
2.0 5.0 0.419007 -0.0
2.0 5.0 0.453191 -2.01644e-31
2.0 5.0 0.452655 -0.0
2.0 5.0 0.457379 -8.43827e-33
2.0 6.0 0.300636 -8.43827e-33
2.0 6.0 0.226424 -0.0
2.0 6.0 0.300866 -5.02058e-32
2.0 6.0 0.359932 -8.43827e-33
2.0 6.0 0.359524 -8.43827e-33
2.0 6.0 0.291285 -0.0
2.0 6.0 0.299299 -8.43827e-33
2.0 6.0 0.383159 -8.43827e-33
2.0 6.0 0.296045 -8.43827e-33
2.0 6.0 0.22612 -0.0
2.0 6.0 0.300761 -4.33559e-32
2.0 6.0 0.303798 -8.43827e-33
2.0 6.0 0.229646 -8.43827e-33
2.0 6.0 0.298498 -8.43827e-33
2.0 6.0 0.360837 -8.43827e-33
2.0 6.0 0.357217 -0.0
2.0 6.0 0.343396 -8.43827e-33
2.0 6.0 0.29526 -0.0
2.0 6.0 0.294775 -0.0
2.0 6.0 0.299037 -8.43827e-33
2.0 6.0 0.299238 -8.43827e-33
2.0 6.0 0.300586 -8.43827e-33
2.0 6.0 0.388472 -8.43827e-33
2.0 6.0 0.297207 -2.03723e-31
2.0 6.0 0.311568 -8.43827e-33
2.0 6.0 0.299863 -8.43827e-33
2.0 6.0 0.306955 -8.43827e-33
2.0 6.0 0.299568 -8.43827e-33
2.0 6.0 0.300617 -8.43827e-33
2.0 6.0 0.25769 -0.0
2.0 6.0 0.299669 -8.43827e-33
2.0 6.0 0.298135 -4.33559e-32
2.0 6.0 0.22948 -8.43827e-33
2.0 6.0 0.370717 -0.0
2.0 6.0 0.299943 -8.43827e-33
2.0 6.0 0.385074 -8.43827e-33
2.0 6.0 0.310503 -0.0
2.0 6.0 0.292673 -0.0
2.0 6.0 0.377073 -0.0
2.0 6.0 0.303872 -5.02058e-32
2.0 6.0 0.230431 -0.0
2.0 6.0 0.29424 -0.0
2.0 6.0 0.376098 -4.33559e-32
2.0 6.0 0.329341 -0.0
2.0 6.0 0.290486 -0.0
2.0 6.0 0.350788 -0.0
2.0 6.0 0.382306 -0.0
2.0 6.0 0.381723 -0.0
2.0 6.0 0.380506 -8.43827e-33
2.0 6.0 0.380506 -8.43827e-33
2.0 7.0 0.260809 -8.43827e-33
2.0 7.0 0.262231 -8.43827e-33
2.0 7.0 0.270463 -8.43827e-33
2.0 7.0 0.20631 -0.0
2.0 7.0 0.265234 -5.02058e-32
2.0 7.0 0.252953 -0.0
2.0 7.0 0.20775 -2.03723e-31
2.0 7.0 0.205721 -8.43827e-33
2.0 7.0 0.264175 -8.43827e-33
2.0 7.0 0.2688 -8.43827e-33
2.0 7.0 0.248776 -0.0
2.0 7.0 0.254206 -0.0
2.0 7.0 0.259113 -0.0
2.0 7.0 0.256839 -8.43827e-33
2.0 7.0 0.217748 -8.43827e-33
2.0 7.0 0.257753 -8.43827e-33
2.0 7.0 0.225222 -5.02058e-32
2.0 7.0 0.255076 -0.0
2.0 7.0 0.203955 -0.0
2.0 7.0 0.198909 -0.0
2.0 7.0 0.209236 -8.43827e-33
2.0 7.0 0.216434 -8.43827e-33
2.0 7.0 0.321587 -0.0
2.0 7.0 0.330527 -0.0
2.0 7.0 0.262536 -8.43827e-33
2.0 7.0 0.330376 -5.02058e-32
2.0 7.0 0.260565 -8.43827e-33
2.0 7.0 0.206859 -8.43827e-33
2.0 7.0 0.20703 -5.02058e-32
2.0 7.0 0.264957 -5.02058e-32
2.0 7.0 0.302721 -0.0
2.0 7.0 0.257595 -0.0
2.0 7.0 0.261969 -5.02058e-32
2.0 7.0 0.325621 -0.0
2.0 7.0 0.206063 -0.0
2.0 7.0 0.332804 -4.33559e-32
2.0 7.0 0.266382 -0.0
2.0 7.0 0.338151 -8.43827e-33
2.0 7.0 0.30318 -0.0
2.0 7.0 0.261654 -8.43827e-33
2.0 7.0 0.255045 -0.0
2.0 7.0 0.20485 -0.0
2.0 7.0 0.230551 -8.43827e-33
2.0 7.0 0.266253 -8.43827e-33
2.0 7.0 0.262719 -0.0
2.0 7.0 0.206251 -4.33559e-32
2.0 7.0 0.208734 -5.02058e-32
2.0 7.0 0.334815 -5.02058e-32
2.0 7.0 0.338778 -5.02058e-32
2.0 7.0 0.29588 -0.0
3.0 1.0 0.142512 -0.0
3.0 1.0 0.139495 -0.0
3.0 1.0 0.14513 -0.0
3.0 1.0 0.137038 -0.0
3.0 1.0 0.134106 -0.0
3.0 1.0 0.131967 -0.0
3.0 1.0 0.135485 -0.0
3.0 1.0 0.134497 -0.0
3.0 1.0 0.146504 -0.0
3.0 1.0 0.140968 -0.0
3.0 1.0 0.141456 -0.0
3.0 1.0 0.145024 -0.0
3.0 1.0 0.156728 -0.0
3.0 1.0 0.142251 -0.0
3.0 1.0 0.145394 -0.0
3.0 1.0 0.220351 -0.0
3.0 1.0 0.306555 -0.0
3.0 1.0 0.122388 -0.0
3.0 1.0 0.141618 -0.0
3.0 1.0 0.141637 -0.0
3.0 1.0 0.155045 -0.0
3.0 1.0 0.132577 -0.0
3.0 1.0 0.158243 -0.0
3.0 1.0 0.148739 -0.0
3.0 1.0 0.137144 -0.0
3.0 1.0 0.14545 -0.0
3.0 1.0 0.144223 -0.0
3.0 1.0 0.145918 -0.0
3.0 1.0 0.300376 -0.0
3.0 1.0 0.139889 -0.0
3.0 1.0 0.251633 -0.0
3.0 1.0 0.139544 -0.0
3.0 1.0 0.14009 -0.0
3.0 1.0 0.158572 -0.0
3.0 1.0 0.154586 -0.0
3.0 1.0 0.147901 -0.0
3.0 1.0 0.136215 -0.0
3.0 1.0 0.132663 -0.0
3.0 1.0 0.139525 -0.0
3.0 1.0 0.15659 -0.0
3.0 1.0 0.143305 -0.0
3.0 1.0 0.139076 -0.0
3.0 1.0 0.128275 -0.0
3.0 1.0 0.143487 -0.0
3.0 1.0 0.139289 -0.0
3.0 1.0 0.157127 -0.0
3.0 1.0 0.145361 -0.0
3.0 1.0 0.145368 -0.0
3.0 1.0 0.147411 -0.0
3.0 1.0 0.163732 -0.0
3.0 2.0 0.0812884 -0.0
3.0 2.0 0.0835052 -0.0
3.0 2.0 0.136695 -0.0
3.0 2.0 0.0811025 -0.0
3.0 2.0 0.0943793 -0.0
3.0 2.0 0.0762686 -0.0
3.0 2.0 0.0663863 -0.0
3.0 2.0 0.135573 -0.0
3.0 2.0 0.0873709 -0.0
3.0 2.0 0.0769329 -0.0
3.0 2.0 0.125904 -0.0
3.0 2.0 0.0758455 -0.0
3.0 2.0 0.0720536 -0.0
3.0 2.0 0.0888424 -0.0
3.0 2.0 0.0712097 -0.0
3.0 2.0 0.135298 -0.0
3.0 2.0 0.0776542 -0.0
3.0 2.0 0.069775 -0.0
3.0 2.0 0.0720155 -0.0
3.0 2.0 0.12655 -0.0
3.0 2.0 0.0763902 -0.0
3.0 2.0 0.0849496 -0.0
3.0 2.0 0.0701069 -0.0
3.0 2.0 0.0822859 -0.0
3.0 2.0 0.0743853 -0.0
3.0 2.0 0.0822646 -0.0
3.0 2.0 0.127087 -0.0
3.0 2.0 0.072597 -0.0
3.0 2.0 0.128 -0.0
3.0 2.0 0.0794313 -0.0
3.0 2.0 0.0785795 -0.0
3.0 2.0 0.0845428 -0.0
3.0 2.0 0.0836554 -0.0
3.0 2.0 0.0737916 -0.0
3.0 2.0 0.13717 -0.0
3.0 2.0 0.0780629 -0.0
3.0 2.0 0.0965653 -0.0
3.0 2.0 0.122401 -0.0
3.0 2.0 0.0768546 -0.0
3.0 2.0 0.0736865 -0.0
3.0 2.0 0.0704839 -0.0
3.0 2.0 0.0763505 -0.0
3.0 2.0 0.0924902 -0.0
3.0 2.0 0.0771117 -0.0
3.0 2.0 0.130271 -0.0
3.0 2.0 0.0723382 -0.0
3.0 2.0 0.0822571 -0.0
3.0 2.0 0.116155 -0.0
3.0 2.0 0.0801317 -0.0
3.0 2.0 0.0750277 -0.0
3.0 3.0 0.0595183 -0.0
3.0 3.0 0.062874 -0.0
3.0 3.0 0.0603643 -0.0
3.0 3.0 0.060194 -0.0
3.0 3.0 0.0576876 -0.0
3.0 3.0 0.0564003 -0.0
3.0 3.0 0.0599989 -0.0
3.0 3.0 0.0584973 -0.0
3.0 3.0 0.0658887 -0.0
3.0 3.0 0.0586065 -0.0
3.0 3.0 0.0681956 -0.0
3.0 3.0 0.0560721 -0.0
3.0 3.0 0.0639851 -0.0
3.0 3.0 0.0572461 -0.0
3.0 3.0 0.0663098 -0.0
3.0 3.0 0.0580193 -0.0
3.0 3.0 0.0557135 -0.0
3.0 3.0 0.0631667 -0.0
3.0 3.0 0.0577171 -0.0
3.0 3.0 0.0656219 -0.0
3.0 3.0 0.0652641 -0.0
3.0 3.0 0.0544416 -0.0
3.0 3.0 0.0594349 -0.0
3.0 3.0 0.0778182 -0.0
3.0 3.0 0.0637075 -0.0
3.0 3.0 0.0543051 -0.0
3.0 3.0 0.0605218 -0.0
3.0 3.0 0.0653872 -0.0
3.0 3.0 0.0624262 -0.0
3.0 3.0 0.0616246 -0.0
3.0 3.0 0.063466 -0.0
3.0 3.0 0.0613349 -0.0
3.0 3.0 0.0609871 -0.0
3.0 3.0 0.0531177 -0.0
3.0 3.0 0.0608103 -0.0
3.0 3.0 0.0619268 -0.0
3.0 3.0 0.0554201 -0.0
3.0 3.0 0.0605041 -0.0
3.0 3.0 0.0601238 -0.0
3.0 3.0 0.0602371 -0.0
3.0 3.0 0.0612777 -0.0
3.0 3.0 0.0592261 -0.0
3.0 3.0 0.0617675 -0.0
3.0 3.0 0.059459 -0.0
3.0 3.0 0.0604136 -0.0
3.0 3.0 0.0670304 -0.0
3.0 3.0 0.0553639 -0.0
3.0 3.0 0.0581505 -0.0
3.0 3.0 0.0615972 -0.0
3.0 3.0 0.0547128 -0.0
3.0 4.0 0.0498474 -0.0
3.0 4.0 0.05247 -0.0
3.0 4.0 0.0414904 -0.0
3.0 4.0 0.0583735 -0.0
3.0 4.0 0.0546963 -0.0
3.0 4.0 0.0627811 -0.0
3.0 4.0 0.0514977 -0.0
3.0 4.0 0.0501732 -0.0
3.0 4.0 0.0501235 -0.0
3.0 4.0 0.0521732 -0.0
3.0 4.0 0.0495309 -0.0
3.0 4.0 0.0475803 -0.0
3.0 4.0 0.0506666 -0.0
3.0 4.0 0.0430309 -0.0
3.0 4.0 0.051558 -0.0
3.0 4.0 0.0494763 -0.0
3.0 4.0 0.0556032 -0.0
3.0 4.0 0.0517578 -0.0
3.0 4.0 0.0510382 -0.0
3.0 4.0 0.0575367 -0.0
3.0 4.0 0.0532738 -0.0
3.0 4.0 0.0528583 -0.0
3.0 4.0 0.0508614 -0.0
3.0 4.0 0.060701 -0.0
3.0 4.0 0.0511584 -0.0
3.0 4.0 0.0532022 -0.0
3.0 4.0 0.0518968 -0.0
3.0 4.0 0.0430148 -0.0
3.0 4.0 0.0516394 -0.0
3.0 4.0 0.0510257 -0.0
3.0 4.0 0.05176 -0.0
3.0 4.0 0.0482728 -0.0
3.0 4.0 0.0475704 -0.0
3.0 4.0 0.053696 -0.0
3.0 4.0 0.0766792 -0.0
3.0 4.0 0.0523981 -0.0
3.0 4.0 0.0445985 -0.0
3.0 4.0 0.0515875 -0.0
3.0 4.0 0.0511394 -0.0
3.0 4.0 0.0542603 -0.0
3.0 4.0 0.055801 -0.0
3.0 4.0 0.0535297 -0.0
3.0 4.0 0.0562222 -0.0
3.0 4.0 0.0407188 -0.0
3.0 4.0 0.0514658 -0.0
3.0 4.0 0.0491931 -0.0
3.0 4.0 0.0549037 -0.0
3.0 4.0 0.0471616 -0.0
3.0 4.0 0.0399753 -0.0
3.0 4.0 0.0482473 -0.0
3.0 5.0 0.0700045 -0.0
3.0 5.0 0.0739909 -0.0
3.0 5.0 0.0765027 -0.0
3.0 5.0 0.0758781 -0.0
3.0 5.0 0.0773449 -0.0
3.0 5.0 0.0671007 -0.0
3.0 5.0 0.0754968 -0.0
3.0 5.0 0.0672285 -0.0
3.0 5.0 0.0740832 -0.0
3.0 5.0 0.0767655 -0.0
3.0 5.0 0.0696006 -0.0
3.0 5.0 0.0735462 -0.0
3.0 5.0 0.0796868 -0.0
3.0 5.0 0.0725221 -0.0
3.0 5.0 0.0705195 -0.0
3.0 5.0 0.073251 -0.0
3.0 5.0 0.0774035 -0.0
3.0 5.0 0.0799433 -0.0
3.0 5.0 0.0761753 -0.0
3.0 5.0 0.0770999 -0.0
3.0 5.0 0.0781789 -0.0
3.0 5.0 0.0734203 -0.0
3.0 5.0 0.0776742 -0.0
3.0 5.0 0.0696941 -0.0
3.0 5.0 0.0741675 -0.0
3.0 5.0 0.0763498 -0.0
3.0 5.0 0.0710707 -0.0
3.0 5.0 0.0714424 -0.0
3.0 5.0 0.0739864 -0.0
3.0 5.0 0.0756717 -0.0
3.0 5.0 0.0694228 -0.0
3.0 5.0 0.0781947 -0.0
3.0 5.0 0.07541 -0.0
3.0 5.0 0.0777577 -0.0
3.0 5.0 0.0801164 -0.0
3.0 5.0 0.0725146 -0.0
3.0 5.0 0.0770411 -0.0
3.0 5.0 0.0767321 -0.0
3.0 5.0 0.0776955 -0.0
3.0 5.0 0.0664935 -0.0
3.0 5.0 0.0735709 -0.0
3.0 5.0 0.073084 -0.0
3.0 5.0 0.0719677 -0.0
3.0 5.0 0.0775483 -0.0
3.0 5.0 0.0703312 -0.0
3.0 5.0 0.0765571 -0.0
3.0 5.0 0.0708635 -0.0
3.0 5.0 0.0728601 -0.0
3.0 5.0 0.066641 -0.0
3.0 5.0 0.071156 -0.0
3.0 6.0 0.0464844 -0.0
3.0 6.0 0.039531 -0.0
3.0 6.0 0.0462549 -0.0
3.0 6.0 0.0475357 -0.0
3.0 6.0 0.0478541 -0.0
3.0 6.0 0.0695856 -0.0
3.0 6.0 0.0500358 -0.0
3.0 6.0 0.0477232 -0.0
3.0 6.0 0.0479132 -0.0
3.0 6.0 0.0418864 -0.0
3.0 6.0 0.0470666 -0.0
3.0 6.0 0.0473767 -0.0
3.0 6.0 0.0710994 -0.0
3.0 6.0 0.0416808 -0.0
3.0 6.0 0.0500644 -0.0
3.0 6.0 0.0668297 -0.0
3.0 6.0 0.0403228 -0.0
3.0 6.0 0.047142 -0.0
3.0 6.0 0.0496885 -0.0
3.0 6.0 0.0678195 -0.0
3.0 6.0 0.0516932 -0.0
3.0 6.0 0.0525304 -0.0
3.0 6.0 0.0476961 -0.0
3.0 6.0 0.0487341 -0.0
3.0 6.0 0.0501214 -0.0
3.0 6.0 0.0676333 -0.0
3.0 6.0 0.050542 -0.0
3.0 6.0 0.0404696 -0.0
3.0 6.0 0.0468134 -0.0
3.0 6.0 0.0616956 -0.0
3.0 6.0 0.0660151 -0.0
3.0 6.0 0.0484533 -0.0
3.0 6.0 0.0486936 -0.0
3.0 6.0 0.0486591 -0.0
3.0 6.0 0.0510219 -0.0
3.0 6.0 0.0495492 -0.0
3.0 6.0 0.0695924 -0.0
3.0 6.0 0.0475987 -0.0
3.0 6.0 0.047453 -0.0
3.0 6.0 0.0476098 -0.0
3.0 6.0 0.0694982 -0.0
3.0 6.0 0.0500736 -0.0
3.0 6.0 0.0505657 -0.0
3.0 6.0 0.0502222 -0.0
3.0 6.0 0.0469729 -0.0
3.0 6.0 0.0514119 -0.0
3.0 6.0 0.0505261 -0.0
3.0 6.0 0.0505261 -0.0
3.0 6.0 0.0505261 -0.0
3.0 6.0 0.0505261 -0.0
3.0 7.0 0.0567204 -0.0
3.0 7.0 0.0460111 -0.0
3.0 7.0 0.0443223 -0.0
3.0 7.0 0.0443379 -0.0
3.0 7.0 0.0577586 -0.0
3.0 7.0 0.0868576 -0.0
3.0 7.0 0.0610333 -0.0
3.0 7.0 0.0509347 -0.0
3.0 7.0 0.0444218 -0.0
3.0 7.0 0.0631798 -0.0
3.0 7.0 0.0467095 -0.0
3.0 7.0 0.0482167 -0.0
3.0 7.0 0.0461243 -0.0
3.0 7.0 0.057672 -0.0
3.0 7.0 0.0347447 -0.0
3.0 7.0 0.0646342 -0.0
3.0 7.0 0.0441921 -0.0
3.0 7.0 0.0449707 -0.0
3.0 7.0 0.0515607 -0.994959
3.0 7.0 0.0448525 -0.0
3.0 7.0 0.0522173 -0.0
3.0 7.0 0.0634108 -0.0
3.0 7.0 0.0461905 -0.0
3.0 7.0 0.0438176 -0.0
3.0 7.0 0.0652142 -0.0
3.0 7.0 0.0366952 -0.0
3.0 7.0 0.0402474 -0.0
3.0 7.0 0.0434528 -0.0
3.0 7.0 0.0621874 -0.0
3.0 7.0 0.0590262 -0.0
3.0 7.0 0.0440334 -0.0
3.0 7.0 0.0384818 -0.0
3.0 7.0 0.0617576 -0.0
3.0 7.0 0.112289 -0.0
3.0 7.0 0.0395746 -0.0
3.0 7.0 0.0445379 -0.0
3.0 7.0 0.0416851 -0.0
3.0 7.0 0.0477565 -0.0
3.0 7.0 0.056184 -0.0
3.0 7.0 0.0648528 -0.0
3.0 7.0 0.0440381 -0.0
3.0 7.0 0.0604248 -0.0
3.0 7.0 0.0609664 -0.0
3.0 7.0 0.0435006 -0.0
3.0 7.0 0.0535183 -0.0
3.0 7.0 0.0525412 -0.0
3.0 7.0 0.0435721 -0.0
3.0 7.0 0.0434799 -0.0
3.0 7.0 0.0431246 -0.0
3.0 7.0 0.0595051 -0.0
4.0 1.0 0.559216 99.9946
4.0 1.0 0.805521 99.9865
4.0 1.0 3.75488 99.9859
4.0 1.0 3.44189 99.9785
4.0 1.0 0.572983 99.9751
4.0 1.0 0.646608 99.9946
4.0 1.0 0.661219 99.9856
4.0 1.0 0.670886 99.9851
4.0 1.0 1.0792 99.9752
4.0 1.0 0.583547 99.9946
4.0 1.0 3.3627 99.9895
4.0 1.0 3.70784 99.9987
4.0 1.0 0.689622 99.9858
4.0 1.0 0.738715 99.9859
4.0 1.0 0.722384 99.9686
4.0 1.0 5.95524 99.9945
4.0 1.0 3.4009 99.9856
4.0 1.0 0.637059 99.9554
4.0 1.0 0.634414 99.9835
4.0 1.0 0.644372 99.9935
4.0 1.0 5.09798 99.9968
4.0 1.0 10.1637 99.9851
4.0 1.0 8.07084 99.9994
4.0 1.0 5.19913 99.9851
4.0 1.0 0.665369 99.9676
4.0 1.0 0.651239 99.9998
4.0 1.0 0.668619 99.9832
4.0 1.0 1.15626 99.9925
4.0 1.0 0.673269 99.9962
4.0 1.0 0.581784 99.9682
4.0 1.0 0.573853 99.9946
4.0 1.0 17.8152 99.9946
4.0 1.0 19.6145 99.9882
4.0 1.0 10.2054 99.9676
4.0 1.0 9.70486 99.9996
4.0 1.0 6.18013 99.9997
4.0 1.0 0.605646 99.9985
4.0 1.0 0.598862 99.9856
4.0 1.0 3.5093 99.9873
4.0 1.0 0.682294 99.9933
4.0 1.0 3.42236 99.9851
4.0 1.0 1.11465 99.9769
4.0 1.0 2.64262 99.9856
4.0 1.0 9.09994 99.9856
4.0 1.0 6.91751 99.9881
4.0 1.0 0.714823 99.9918
4.0 1.0 0.768892 99.99
4.0 1.0 0.676779 99.9951
4.0 1.0 3.36715 99.9923
4.0 1.0 0.701375 99.9806
4.0 2.0 2.60412 99.9851
4.0 2.0 0.583744 99.9851
4.0 2.0 8.18077 99.9851
4.0 2.0 0.604562 99.9784
4.0 2.0 6.85839 99.9981
4.0 2.0 5.31722 99.997
4.0 2.0 6.42662 99.9669
4.0 2.0 5.52157 99.9731
4.0 2.0 5.43767 99.9964
4.0 2.0 1.69755 99.9851
4.0 2.0 9.02305 99.9936
4.0 2.0 2.67496 99.9552
4.0 2.0 9.70672 99.9647
4.0 2.0 2.26436 99.9709
4.0 2.0 1.881 99.9939
4.0 2.0 0.353505 99.9874
4.0 2.0 5.2647 99.9752
4.0 2.0 0.597164 99.9851
4.0 2.0 6.47294 99.9703
4.0 2.0 4.94445 99.9957
4.0 2.0 2.55472 99.9593
4.0 2.0 3.39091 99.9989
4.0 2.0 8.79877 99.9644
4.0 2.0 0.57808 99.9851
4.0 2.0 8.54643 99.9781
4.0 2.0 0.60193 99.9836
4.0 2.0 2.25384 99.9891
4.0 2.0 0.577256 99.9847
4.0 2.0 8.06861 99.996
4.0 2.0 2.77138 99.9965
4.0 2.0 0.563719 99.9804
4.0 2.0 1.66019 99.9981
4.0 2.0 7.90644 99.9851
4.0 2.0 1.80742 99.9796
4.0 2.0 0.563123 99.9633
4.0 2.0 6.74478 99.9727
4.0 2.0 3.03263 99.9851
4.0 2.0 7.93146 99.9999
4.0 2.0 1.68508 99.9762
4.0 2.0 8.94908 99.9968
4.0 2.0 8.27525 99.9572
4.0 2.0 7.88622 99.9865
4.0 2.0 0.558117 99.9933
4.0 2.0 4.63502 99.9348
4.0 2.0 1.81751 99.9923
4.0 2.0 0.551407 99.9914
4.0 2.0 2.19985 99.9523
4.0 2.0 0.406266 99.9516
4.0 2.0 8.92775 99.9998
4.0 2.0 0.356065 99.9757
4.0 3.0 1.19695 99.9906
4.0 3.0 1.92994 99.9633
4.0 3.0 6.26375 99.9986
4.0 3.0 2.31976 99.9633
4.0 3.0 9.70991 99.9953
4.0 3.0 3.83951 99.9752
4.0 3.0 3.90807 99.9476
4.0 3.0 1.28365 99.9519
4.0 3.0 12.4033 99.9802
4.0 3.0 3.46588 99.9987
4.0 3.0 2.43961 99.9418
4.0 3.0 2.89059 99.9966
4.0 3.0 2.53124 99.9876
4.0 3.0 8.06285 99.9784
4.0 3.0 2.30323 99.9854
4.0 3.0 1.98781 99.9776
4.0 3.0 4.36618 99.9943
4.0 3.0 2.75297 99.9995
4.0 3.0 4.5668 99.9717
4.0 3.0 1.8541 99.9378
4.0 3.0 12.9644 99.9663
4.0 3.0 6.87222 99.9609
4.0 3.0 1.32207 99.9772
4.0 3.0 11.19 99.9908
4.0 3.0 1.08771 99.9355
4.0 3.0 7.18859 99.9762
4.0 3.0 7.32585 99.9869
4.0 3.0 3.42475 99.9955
4.0 3.0 4.75698 99.9797
4.0 3.0 5.79458 99.9484
4.0 3.0 10.5508 99.9117
4.0 3.0 4.10375 99.9752
4.0 3.0 3.20798 99.9613
4.0 3.0 10.4422 99.9782
4.0 3.0 2.12523 99.974
4.0 3.0 8.31168 99.9624
4.0 3.0 1.94376 99.9685
4.0 3.0 4.16561 99.9633
4.0 3.0 4.58004 99.9382
4.0 3.0 4.30651 99.9975
4.0 3.0 1.9562 99.9891
4.0 3.0 2.61297 99.99
4.0 3.0 14.2607 99.8943
4.0 3.0 7.32256 99.9906
4.0 3.0 4.35868 99.9816
4.0 3.0 3.57462 99.9932
4.0 3.0 1.7949 99.9248
4.0 3.0 1.97007 99.9951
4.0 3.0 2.39904 99.9655
4.0 3.0 4.74649 99.9736
4.0 4.0 5.49554 99.9762
4.0 4.0 5.63065 99.9828
4.0 4.0 3.78293 99.9752
4.0 4.0 2.5342 99.9546
4.0 4.0 6.26273 99.9
4.0 4.0 3.45233 99.9686
4.0 4.0 2.97378 99.9893
4.0 4.0 3.11847 99.8713
4.0 4.0 5.42036 99.9577
4.0 4.0 1.44219 99.9468
4.0 4.0 4.41329 99.9515
4.0 4.0 1.99909 99.9762
4.0 4.0 6.85774 99.9556
4.0 4.0 3.18895 99.9944
4.0 4.0 1.44066 99.9921
4.0 4.0 3.25912 99.9877
4.0 4.0 1.99491 99.9805
4.0 4.0 4.14831 99.9965
4.0 4.0 5.57459 99.9633
4.0 4.0 4.19176 99.9774
4.0 4.0 3.47354 99.9916
4.0 4.0 1.95377 99.9892
4.0 4.0 6.39821 99.9515
4.0 4.0 4.8608 99.9917
4.0 4.0 1.4827 99.9325
4.0 4.0 3.27824 99.9672
4.0 4.0 1.79751 99.9073
4.0 4.0 6.07993 99.9796
4.0 4.0 5.85101 99.9691
4.0 4.0 7.32827 99.9675
4.0 4.0 4.61992 99.9325
4.0 4.0 2.51731 99.9815
4.0 4.0 1.75858 99.9487
4.0 4.0 7.18459 99.9752
4.0 4.0 1.82857 99.9546
4.0 4.0 1.60344 99.9941
4.0 4.0 2.94528 99.9989
4.0 4.0 3.89336 99.9459
4.0 4.0 3.06103 99.9762
4.0 4.0 4.77541 99.9904
4.0 4.0 2.26105 99.9959
4.0 4.0 2.58542 99.9841
4.0 4.0 5.75321 99.9954
4.0 4.0 5.60761 99.9976
4.0 4.0 6.07006 99.9844
4.0 4.0 2.9036 99.942
4.0 4.0 1.85133 99.9613
4.0 4.0 5.2268 99.9935
4.0 4.0 1.75818 99.9781
4.0 4.0 3.94542 99.9752
4.0 5.0 0.277792 99.9949
4.0 5.0 0.272044 99.9125
4.0 5.0 0.297014 99.9962
4.0 5.0 0.291569 99.9835
4.0 5.0 0.294553 99.9752
4.0 5.0 0.254419 99.9144
4.0 5.0 0.269942 99.9881
4.0 5.0 0.281118 99.9811
4.0 5.0 0.277508 99.9762
4.0 5.0 0.281023 99.9752
4.0 5.0 0.262464 99.9381
4.0 5.0 0.278157 99.9711
4.0 5.0 0.283998 99.9786
4.0 5.0 0.290122 99.9515
4.0 5.0 0.293386 99.9546
4.0 5.0 0.28543 99.9349
4.0 5.0 0.287835 99.9909
4.0 5.0 0.300721 99.9515
4.0 5.0 0.260127 99.9999
4.0 5.0 0.2954 99.9515
4.0 5.0 0.30005 99.9992
4.0 5.0 0.299162 99.969
4.0 5.0 0.276443 99.9794
4.0 5.0 0.279652 99.9885
4.0 5.0 0.276091 99.9974
4.0 5.0 0.288736 99.922
4.0 5.0 0.281318 99.9708
4.0 5.0 0.265145 99.9471
4.0 5.0 0.289979 99.9834
4.0 5.0 0.279086 99.9629
4.0 5.0 0.263537 99.9752
4.0 5.0 0.29008 99.9645
4.0 5.0 0.26935 99.9705
4.0 5.0 0.283045 99.9965
4.0 5.0 0.2914 99.9515
4.0 5.0 0.265776 99.9537
4.0 5.0 0.289622 99.9966
4.0 5.0 0.28097 99.9561
4.0 5.0 0.272083 99.9515
4.0 5.0 0.264673 99.9114
4.0 5.0 0.273382 99.9618
4.0 5.0 0.281334 99.98
4.0 5.0 0.276343 99.9466
4.0 5.0 0.278473 99.9757
4.0 5.0 0.271409 99.9907
4.0 5.0 0.264245 99.9556
4.0 5.0 0.265584 99.9767
4.0 5.0 0.269324 99.9893
4.0 5.0 0.288153 99.9824
4.0 5.0 0.275756 99.931
4.0 6.0 0.185314 99.9565
4.0 6.0 0.222167 99.9912
4.0 6.0 0.180134 99.9416
4.0 6.0 0.190144 99.9471
4.0 6.0 0.19576 99.9515
4.0 6.0 0.192079 99.9919
4.0 6.0 0.19796 99.9792
4.0 6.0 0.24882 99.9634
4.0 6.0 0.185803 99.9921
4.0 6.0 0.396834 99.9086
4.0 6.0 1.92064 99.9448
4.0 6.0 0.181562 99.9048
4.0 6.0 0.196424 99.9655
4.0 6.0 0.237169 99.9843
4.0 6.0 0.182073 99.9545
4.0 6.0 0.18255 99.9791
4.0 6.0 0.191363 99.9567
4.0 6.0 0.191346 99.9979
4.0 6.0 0.189822 99.983
4.0 6.0 0.188288 99.9549
4.0 6.0 0.194016 99.9753
4.0 6.0 0.195324 99.9604
4.0 6.0 0.18678 99.9156
4.0 6.0 0.248174 99.9762
4.0 6.0 0.191383 99.9823
4.0 6.0 0.189579 99.9724
4.0 6.0 0.184968 99.9515
4.0 6.0 0.189552 99.9996
4.0 6.0 0.220785 99.9996
4.0 6.0 0.188157 99.9737
4.0 6.0 0.194359 99.9813
4.0 6.0 0.186289 99.9982
4.0 6.0 0.245076 99.9752
4.0 6.0 1.27984 99.9462
4.0 6.0 0.189752 99.9977
4.0 6.0 0.182933 99.9669
4.0 6.0 0.186637 99.9886
4.0 6.0 0.245145 99.9911
4.0 6.0 0.197844 99.9546
4.0 6.0 0.18611 99.9703
4.0 6.0 0.22794 99.9353
4.0 6.0 0.181783 99.9762
4.0 6.0 0.187481 99.9877
4.0 6.0 0.188175 99.9867
4.0 6.0 1.20702 99.9903
4.0 6.0 0.232155 99.9727
4.0 6.0 1.67187 99.9998
4.0 6.0 1.14997 99.9515
4.0 6.0 0.203237 99.995
4.0 6.0 3.58827 99.9761
4.0 7.0 0.181828 99.8871
4.0 7.0 0.164311 99.9321
4.0 7.0 0.229482 99.9687
4.0 7.0 0.164923 99.9062
4.0 7.0 0.164266 99.9762
4.0 7.0 0.196175 99.9546
4.0 7.0 0.161305 99.9546
4.0 7.0 0.16779 99.9939
4.0 7.0 0.158643 99.993
4.0 7.0 0.167207 99.9762
4.0 7.0 0.202619 99.9546
4.0 7.0 0.938107 99.9184
4.0 7.0 0.188647 99.9515
4.0 7.0 0.159319 99.9876
4.0 7.0 0.164494 99.9699
4.0 7.0 0.213474 99.9752
4.0 7.0 0.227378 99.9847
4.0 7.0 1.05091 99.9752
4.0 7.0 0.165268 99.9481
4.0 7.0 1.87173 99.9945
4.0 7.0 0.216684 99.9972
4.0 7.0 0.164166 99.9546
4.0 7.0 0.165737 99.955
4.0 7.0 0.183028 99.9815
4.0 7.0 0.196416 99.9479
4.0 7.0 0.169417 99.945
4.0 7.0 0.166146 99.9601
4.0 7.0 0.205658 99.9915
4.0 7.0 0.170936 99.9624
4.0 7.0 1.28553 99.9515
4.0 7.0 0.163614 99.9546
4.0 7.0 0.162892 99.9973
4.0 7.0 0.164069 99.9781
4.0 7.0 1.11256 99.9062
4.0 7.0 0.209091 99.9885
4.0 7.0 0.169548 99.9515
4.0 7.0 0.167401 99.9959
4.0 7.0 0.168729 99.9546
4.0 7.0 0.163521 99.9515
4.0 7.0 0.199179 99.9811
4.0 7.0 0.168365 99.9703
4.0 7.0 0.175178 99.9986
4.0 7.0 0.165897 99.9561
4.0 7.0 0.164964 99.9953
4.0 7.0 0.17618 99.9042
4.0 7.0 0.17201 99.9515
4.0 7.0 0.185545 99.955
4.0 7.0 0.212 99.9752
4.0 7.0 0.220577 99.9342
4.0 7.0 2.20733 99.9546
5.0 1.0 113.591 -20.9406
5.0 1.0 112.901 -20.9406
5.0 1.0 110.888 -20.9406
5.0 1.0 110.707 -20.9406
5.0 1.0 114.053 -20.804
5.0 1.0 113.161 -20.9406
5.0 1.0 112.156 -20.9406
5.0 1.0 110.994 -20.7996
5.0 1.0 110.265 -20.9406
5.0 1.0 110.496 -20.9406
5.0 1.0 110.411 -20.9406
5.0 1.0 111.237 -20.9406
5.0 1.0 114.366 -20.9406
5.0 1.0 110.867 -20.9406
5.0 1.0 112.567 -20.797
5.0 1.0 110.208 -20.9406
5.0 1.0 112.282 -20.9406
5.0 1.0 120.893 -20.797
5.0 1.0 110.506 -20.9406
5.0 1.0 110.703 -20.9406
5.0 1.0 110.743 -20.9406
5.0 1.0 115.011 -20.797
5.0 1.0 110.677 -20.9406
5.0 1.0 115.566 -20.797
5.0 1.0 110.457 -20.9406
5.0 1.0 110.584 -20.9406
5.0 1.0 113.869 -20.9406
5.0 1.0 114.299 -20.9406
5.0 1.0 110.505 -20.9406
5.0 1.0 110.238 -20.9406
5.0 1.0 109.797 -20.9406
5.0 1.0 111.45 -20.797
5.0 1.0 110.326 -20.7987
5.0 1.0 113.109 -20.9406
5.0 1.0 109.925 -20.9406
5.0 1.0 113.982 -20.9406
5.0 1.0 110.692 -20.9406
5.0 1.0 113.826 -20.9406
5.0 1.0 110.115 -20.9406
5.0 1.0 110.996 -20.9406
5.0 1.0 112.973 -20.9406
5.0 1.0 113.274 -20.9406
5.0 1.0 110.141 -20.9406
5.0 1.0 110.273 -20.9406
5.0 1.0 110.673 -20.9406
5.0 1.0 112.624 -20.9406
5.0 1.0 110.708 -20.9406
5.0 1.0 110.478 -20.9406
5.0 1.0 110.37 -20.9406
5.0 1.0 110.552 -20.9406
5.0 2.0 56.9567 -20.9406
5.0 2.0 58.8315 -20.797
5.0 2.0 59.3449 -20.797
5.0 2.0 59.2075 -20.797
5.0 2.0 58.6885 -20.9406
5.0 2.0 58.6551 -20.9406
5.0 2.0 58.2689 -20.9406
5.0 2.0 55.3213 -20.9406
5.0 2.0 56.6298 -20.9406
5.0 2.0 55.2858 -20.9406
5.0 2.0 59.9765 -20.9406
5.0 2.0 55.6473 -20.7982
5.0 2.0 56.6332 -20.9406
5.0 2.0 61.8043 -20.797
5.0 2.0 59.0416 -20.9406
5.0 2.0 56.9249 -20.9406
5.0 2.0 56.3485 -20.9406
5.0 2.0 56.5432 -20.9406
5.0 2.0 55.32 -20.9406
5.0 2.0 59.3812 -21.0462
5.0 2.0 55.7421 -20.797
5.0 2.0 56.3135 -20.9406
5.0 2.0 55.3294 -20.9406
5.0 2.0 56.2993 -20.9406
5.0 2.0 56.0257 -20.9406
5.0 2.0 58.9387 -20.9406
5.0 2.0 56.8496 -21.0462
5.0 2.0 57.0162 -20.9406
5.0 2.0 56.6059 -20.9406
5.0 2.0 56.6077 -21.0462
5.0 2.0 57.1215 -20.9406
5.0 2.0 55.3648 -20.9406
5.0 2.0 56.1646 -20.9406
5.0 2.0 55.2964 -20.9406
5.0 2.0 56.3067 -20.9406
5.0 2.0 59.1658 -20.797
5.0 2.0 56.3397 -20.9406
5.0 2.0 55.3198 -20.9406
5.0 2.0 56.2678 -20.9406
5.0 2.0 55.3329 -20.9406
5.0 2.0 56.5359 -20.9406
5.0 2.0 63.6498 -20.9406
5.0 2.0 56.6579 -20.9406
5.0 2.0 56.8348 -20.7973
5.0 2.0 56.2628 -20.9406
5.0 2.0 56.161 -20.9406
5.0 2.0 56.0987 -20.9406
5.0 2.0 56.0686 -20.9406
5.0 2.0 56.0775 -20.9406
5.0 2.0 57.5954 -20.9406
5.0 3.0 38.0801 -20.9406
5.0 3.0 38.1372 -20.9406
5.0 3.0 39.639 -20.9406
5.0 3.0 39.1184 -20.9406
5.0 3.0 37.8828 -21.0462
5.0 3.0 37.712 -20.9406
5.0 3.0 40.5853 -20.797
5.0 3.0 38.1279 -20.9406
5.0 3.0 37.7809 -20.9406
5.0 3.0 39.2997 -21.0462
5.0 3.0 38.1072 -20.9406
5.0 3.0 37.997 -20.9406
5.0 3.0 38.0921 -20.9406
5.0 3.0 39.2114 -20.9406
5.0 3.0 39.2834 -20.9406
5.0 3.0 37.9609 -20.9406
5.0 3.0 37.9521 -20.9406
5.0 3.0 38.0398 -20.9406
5.0 3.0 37.8676 -21.0462
5.0 3.0 38.2506 -20.9406
5.0 3.0 39.4563 -20.9406
5.0 3.0 39.4537 -20.9406
5.0 3.0 37.7208 -20.9406
5.0 3.0 37.8711 -20.9406
5.0 3.0 37.9683 -20.9406
5.0 3.0 39.8 -20.797
5.0 3.0 39.2296 -20.9406
5.0 3.0 39.1076 -20.9406
5.0 3.0 38.1901 -20.9406
5.0 3.0 37.8429 -20.9406
5.0 3.0 39.5678 -20.9406
5.0 3.0 38.115 -20.9406
5.0 3.0 39.4357 -20.9406
5.0 3.0 38.1191 -20.9406
5.0 3.0 39.4466 -20.797
5.0 3.0 37.8812 -20.9406
5.0 3.0 38.1131 -20.9406
5.0 3.0 38.1173 -20.9406
5.0 3.0 39.9232 -20.797
5.0 3.0 40.0745 -20.797
5.0 3.0 37.7675 -20.9406
5.0 3.0 38.3186 -20.9406
5.0 3.0 38.1101 -21.0462
5.0 3.0 38.3315 -20.9406
5.0 3.0 38.0762 -21.0462
5.0 3.0 38.3421 -20.9406
5.0 3.0 38.0731 -20.9406
5.0 3.0 38.134 -20.9406
5.0 3.0 37.9241 -20.9406
5.0 3.0 38.1375 -20.9406
5.0 4.0 28.2409 -20.9406
5.0 4.0 29.8986 -20.797
5.0 4.0 29.8012 -20.797
5.0 4.0 28.4357 -20.9406
5.0 4.0 29.5223 -21.0462
5.0 4.0 28.2358 -20.9406
5.0 4.0 28.3652 -21.0462
5.0 4.0 29.5471 -21.0462
5.0 4.0 29.775 -20.797
5.0 4.0 29.8346 -20.797
5.0 4.0 29.0292 -20.9406
5.0 4.0 29.4934 -20.9406
5.0 4.0 29.1199 -21.0462
5.0 4.0 29.7534 -20.797
5.0 4.0 29.7227 -20.9406
5.0 4.0 28.4614 -20.9406
5.0 4.0 29.82 -20.9406
5.0 4.0 29.8108 -20.9406
5.0 4.0 29.7592 -20.797
5.0 4.0 29.5063 -20.797
5.0 4.0 28.4119 -20.9406
5.0 4.0 28.261 -21.0462
5.0 4.0 29.6716 -20.9406
5.0 4.0 30.2459 -21.0462
5.0 4.0 28.5815 -20.9406
5.0 4.0 29.6143 -20.9406
5.0 4.0 29.8488 -20.9406
5.0 4.0 29.5839 -21.0462
5.0 4.0 30.4535 -20.797
5.0 4.0 29.0902 -21.0462
5.0 4.0 29.5403 -20.797
5.0 4.0 29.717 -20.9406
5.0 4.0 28.2679 -20.9406
5.0 4.0 28.3192 -21.0462
5.0 4.0 29.8572 -20.797
5.0 4.0 29.332 -20.797
5.0 4.0 28.7346 -20.9406
5.0 4.0 29.3441 -20.9406
5.0 4.0 28.3197 -20.9406
5.0 4.0 29.6112 -20.9406
5.0 4.0 29.9325 -20.797
5.0 4.0 29.6107 -20.9406
5.0 4.0 30.0254 -20.9406
5.0 4.0 29.4897 -20.9406
5.0 4.0 29.7755 -21.0462
5.0 4.0 28.9368 -20.9406
5.0 4.0 28.3155 -20.9406
5.0 4.0 29.8878 -20.797
5.0 4.0 28.3623 -21.0462
5.0 4.0 28.3418 -20.9406
5.0 5.0 22.2404 -20.9406
5.0 5.0 24.6806 -20.9406
5.0 5.0 22.2742 -20.9406
5.0 5.0 22.2523 -20.9406
5.0 5.0 22.2524 -20.9406
5.0 5.0 21.905 -20.9406
5.0 5.0 22.4778 -21.0462
5.0 5.0 22.0542 -20.797
5.0 5.0 21.9199 -21.0462
5.0 5.0 22.4186 -20.9406
5.0 5.0 22.3764 -20.9406
5.0 5.0 23.3922 -20.9406
5.0 5.0 22.2495 -20.9406
5.0 5.0 21.9288 -21.0462
5.0 5.0 22.0575 -20.797
5.0 5.0 21.9319 -20.9406
5.0 5.0 22.6718 -21.0462
5.0 5.0 21.8961 -21.0462
5.0 5.0 23.1888 -20.9406
5.0 5.0 21.9019 -21.0462
5.0 5.0 21.9331 -20.9406
5.0 5.0 23.1567 -20.9406
5.0 5.0 22.0314 -20.9406
5.0 5.0 23.2253 -21.0462
5.0 5.0 22.0439 -21.0462
5.0 5.0 22.6204 -20.9406
5.0 5.0 23.6892 -20.9406
5.0 5.0 23.0604 -20.9406
5.0 5.0 21.957 -20.9406
5.0 5.0 23.2009 -20.9406
5.0 5.0 23.414 -21.0462
5.0 5.0 24.5178 -20.9406
5.0 5.0 23.5653 -21.0462
5.0 5.0 23.0526 -20.9406
5.0 5.0 23.4932 -20.797
5.0 5.0 23.321 -20.797
5.0 5.0 23.5743 -20.9406
5.0 5.0 24.0733 -20.9406
5.0 5.0 24.4264 -20.9406
5.0 5.0 23.59 -20.797
5.0 5.0 23.1917 -20.9406
5.0 5.0 23.1534 -20.9406
5.0 5.0 23.1293 -20.9406
5.0 5.0 23.275 -20.9406
5.0 5.0 23.2562 -21.0462
5.0 5.0 24.5404 -20.9406
5.0 5.0 24.0288 -21.0462
5.0 5.0 23.2579 -20.8013
5.0 5.0 23.6044 -20.9406
5.0 5.0 23.6021 -20.9406
5.0 6.0 18.6035 -21.0462
5.0 6.0 18.6858 -21.0462
5.0 6.0 18.8757 -20.9406
5.0 6.0 18.7645 -20.9406
5.0 6.0 18.6513 -21.0462
5.0 6.0 19.0876 -20.9406
5.0 6.0 19.0753 -21.0462
5.0 6.0 19.0144 -20.8265
5.0 6.0 19.603 -21.0462
5.0 6.0 18.7008 -21.0462
5.0 6.0 18.7009 -21.0462
5.0 6.0 18.7026 -20.9406
5.0 6.0 18.6978 -21.0462
5.0 6.0 18.5764 -20.9406
5.0 6.0 18.5696 -20.9406
5.0 6.0 18.5838 -20.9406
5.0 6.0 18.8955 -21.0462
5.0 6.0 20.0683 -20.797
5.0 6.0 18.5661 -20.9406
5.0 6.0 18.9484 -20.797
5.0 6.0 18.7081 -20.9406
5.0 6.0 18.6377 -21.0462
5.0 6.0 18.628 -20.9406
5.0 6.0 19.0969 -20.9406
5.0 6.0 18.904 -20.9406
5.0 6.0 19.1998 -20.9406
5.0 6.0 20.0908 -20.9406
5.0 6.0 18.7366 -20.9406
5.0 6.0 18.751 -20.797
5.0 6.0 20.0049 -20.797
5.0 6.0 20.1055 -20.9406
5.0 6.0 20.4389 -20.797
5.0 6.0 19.6419 -21.0462
5.0 6.0 20.5336 -21.0462
5.0 6.0 20.6499 -20.9406
5.0 6.0 18.5839 -20.9406
5.0 6.0 18.6039 -21.0462
5.0 6.0 19.7876 -20.9406
5.0 6.0 19.9165 -20.797
5.0 6.0 20.3305 -20.797
5.0 6.0 18.7145 -20.797
5.0 6.0 20.0958 -20.797
5.0 6.0 19.9766 -20.797
5.0 6.0 18.606 -20.9406
5.0 6.0 18.8997 -20.9406
5.0 6.0 19.4734 -20.9406
5.0 6.0 20.9538 -20.797
5.0 6.0 19.8608 -20.797
5.0 6.0 20.0618 -20.797
5.0 6.0 20.0618 -20.797
5.0 7.0 16.1866 -20.9406
5.0 7.0 16.2358 -20.9406
5.0 7.0 16.6316 -21.0462
5.0 7.0 17.0683 -20.9406
5.0 7.0 16.2869 -20.9406
5.0 7.0 16.1757 -20.9406
5.0 7.0 16.3966 -21.0462
5.0 7.0 17.1479 -20.9406
5.0 7.0 16.3126 -21.0462
5.0 7.0 16.1925 -20.9406
5.0 7.0 16.5713 -20.797
5.0 7.0 17.4932 -20.797
5.0 7.0 17.083 -20.9406
5.0 7.0 16.1683 -20.9406
5.0 7.0 17.0216 -21.0462
5.0 7.0 17.188 -20.9406
5.0 7.0 16.4286 -21.0462
5.0 7.0 16.449 -20.9406
5.0 7.0 18.6232 -20.797
5.0 7.0 16.7152 -20.9406
5.0 7.0 17.0845 -20.9406
5.0 7.0 16.3137 -20.797
5.0 7.0 16.2928 -20.9406
5.0 7.0 16.3192 -21.0462
5.0 7.0 18.3008 -20.9406
5.0 7.0 16.3744 -20.797
5.0 7.0 16.549 -20.797
5.0 7.0 17.9141 -20.9406
5.0 7.0 18.2628 -20.9406
5.0 7.0 16.6244 -20.9406
5.0 7.0 16.6415 -20.9406
5.0 7.0 16.6593 -21.0462
5.0 7.0 16.3787 -20.9406
5.0 7.0 18.3579 -20.9406
5.0 7.0 17.1384 -21.0462
5.0 7.0 16.4562 -21.0462
5.0 7.0 16.6211 -20.9406
5.0 7.0 16.6813 -20.9406
5.0 7.0 17.0536 -21.0462
5.0 7.0 16.2431 -21.0462
5.0 7.0 17.2471 -21.0462
5.0 7.0 17.3253 -21.0462
5.0 7.0 17.7609 -21.0462
5.0 7.0 17.7609 -21.0462
5.0 7.0 17.7609 -21.0462
5.0 7.0 17.7609 -21.0462
5.0 7.0 17.7609 -21.0462
5.0 7.0 17.7609 -21.0462
5.0 7.0 17.7609 -21.0462
5.0 7.0 17.7609 -21.0462
