0.0 1.0 0.145002 -0.0
0.0 1.0 0.146782 -0.0
0.0 1.0 0.148189 -0.0
0.0 1.0 0.151956 -0.0
0.0 1.0 0.159816 -0.0
0.0 1.0 0.14703 -0.0
0.0 1.0 0.142836 -0.0
0.0 1.0 0.153928 -0.0
0.0 1.0 0.150175 -0.0
0.0 1.0 0.14821 -0.0
0.0 1.0 0.143024 -0.0
0.0 1.0 0.155714 -0.0
0.0 1.0 0.151828 -0.0
0.0 1.0 0.144044 -0.0
0.0 1.0 0.148332 -0.0
0.0 1.0 0.152497 -0.0
0.0 1.0 0.145723 -0.0
0.0 1.0 0.149037 -0.0
0.0 1.0 0.144494 -0.0
0.0 1.0 0.155579 -0.0
0.0 1.0 0.149745 -0.0
0.0 1.0 0.148116 -0.0
0.0 1.0 0.144708 -0.0
0.0 1.0 0.150245 -0.0
0.0 1.0 0.149667 -0.0
0.0 1.0 0.157258 -0.0
0.0 1.0 0.14564 -0.0
0.0 1.0 0.14491 -0.0
0.0 1.0 0.14539 -0.0
0.0 1.0 0.144936 -0.0
0.0 1.0 0.148143 -0.0
0.0 1.0 0.164674 -0.0
0.0 1.0 0.183562 -0.0
0.0 1.0 0.145707 -0.0
0.0 1.0 0.176833 -0.0
0.0 1.0 0.172859 -0.0
0.0 1.0 0.155095 -0.0
0.0 1.0 0.150763 -0.0
0.0 1.0 0.145598 -0.0
0.0 1.0 0.145676 -0.0
0.0 1.0 0.168243 -0.0
0.0 1.0 0.145503 -0.0
0.0 1.0 0.161227 -0.0
0.0 1.0 0.161994 -0.0
0.0 1.0 0.159149 -0.0
0.0 1.0 0.172826 -0.0
0.0 1.0 0.156205 -0.0
0.0 1.0 0.173533 -0.0
0.0 1.0 0.142103 -0.0
0.0 1.0 0.147034 -0.0
0.0 2.0 0.0742961 -0.0
0.0 2.0 0.0999466 -0.0
0.0 2.0 0.0790783 -0.0
0.0 2.0 0.112587 -0.0
0.0 2.0 0.0787832 -0.0
0.0 2.0 0.166147 -0.0
0.0 2.0 0.133946 -0.0
0.0 2.0 0.0758104 -0.0
0.0 2.0 0.0760074 -0.0
0.0 2.0 0.0782544 -0.0
0.0 2.0 0.0909422 -0.0
0.0 2.0 0.0835379 -0.0
0.0 2.0 0.0937922 -0.0
0.0 2.0 0.0785379 -0.0
0.0 2.0 0.0764112 -0.0
0.0 2.0 0.0957675 -0.0
0.0 2.0 0.0778107 -0.0
0.0 2.0 0.11165 -0.00739601
0.0 2.0 0.0763829 -0.0
0.0 2.0 0.106798 -0.0
0.0 2.0 0.0844463 -0.0
0.0 2.0 0.0906694 -0.0
0.0 2.0 0.0752082 -0.0
0.0 2.0 0.0825755 -0.0
0.0 2.0 0.0931726 -0.0
0.0 2.0 0.0968807 -0.0
0.0 2.0 0.0836681 -0.0
0.0 2.0 0.082851 -0.0
0.0 2.0 0.0751062 -0.0
0.0 2.0 0.091665 -0.0
0.0 2.0 0.0858761 -0.0
0.0 2.0 0.0782446 -0.0
0.0 2.0 0.109784 -0.00739601
0.0 2.0 0.227908 -0.00739601
0.0 2.0 0.0876926 -0.0
0.0 2.0 0.0930003 -0.0
0.0 2.0 0.104863 -0.0
0.0 2.0 0.0751907 -0.0
0.0 2.0 0.0805727 -0.0
0.0 2.0 0.0882378 -0.0
0.0 2.0 0.0758043 -0.0
0.0 2.0 0.0746106 -0.0
0.0 2.0 0.0762354 -0.0
0.0 2.0 0.0879559 -0.0
0.0 2.0 0.0852553 -0.0
0.0 2.0 0.0828439 -0.0
0.0 2.0 0.0899564 -0.0
0.0 2.0 0.139951 -0.0
0.0 2.0 0.111622 -0.00739601
0.0 2.0 0.248397 -0.0
0.0 3.0 0.0673448 -0.0
0.0 3.0 0.0707931 -0.0
0.0 3.0 0.05945 -0.0
0.0 3.0 0.0628998 -0.0
0.0 3.0 0.085512 -0.0
0.0 3.0 0.0662812 -0.0
0.0 3.0 0.0858521 -0.0
0.0 3.0 0.067764 -0.0
0.0 3.0 0.062346 -0.0
0.0 3.0 0.062847 -0.0
0.0 3.0 0.0697335 -0.0
0.0 3.0 0.0854453 -0.00739601
0.0 3.0 0.0846401 -0.0
0.0 3.0 0.0630415 -0.0
0.0 3.0 0.0931467 -0.0
0.0 3.0 0.0898551 -0.0
0.0 3.0 0.0560069 -0.0
0.0 3.0 0.0636463 -0.0
0.0 3.0 0.0630552 -0.0
0.0 3.0 0.0678177 -0.0
0.0 3.0 0.0601618 -0.0
0.0 3.0 0.087669 -0.0
0.0 3.0 0.0635448 -0.0
0.0 3.0 0.0713616 -0.0
0.0 3.0 0.0943723 -0.0
0.0 3.0 0.062787 -0.0
0.0 3.0 0.085101 -0.00739601
0.0 3.0 0.0790236 -0.0
0.0 3.0 0.0778536 -0.0
0.0 3.0 0.087283 -0.00739601
0.0 3.0 0.0840329 -0.0
0.0 3.0 0.0599618 -0.0
0.0 3.0 0.0707707 -0.0
0.0 3.0 0.0828787 -0.0
0.0 3.0 0.089541 -0.0
0.0 3.0 0.063272 -0.0
0.0 3.0 0.0826453 -0.0
0.0 3.0 0.0623451 -0.0
0.0 3.0 0.0632607 -0.0
0.0 3.0 0.0829392 -0.0
0.0 3.0 0.0859534 -0.00739601
0.0 3.0 0.0650586 -0.0
0.0 3.0 0.0679721 -0.0
0.0 3.0 0.0772691 -0.0
0.0 3.0 0.0890125 -0.0
0.0 3.0 0.0648169 -0.0
0.0 3.0 0.0935212 -0.00739601
0.0 3.0 0.0781141 -0.00739601
0.0 3.0 0.0660002 -0.0
0.0 3.0 0.0748403 -0.0
0.0 4.0 0.0745496 -0.0
0.0 4.0 0.0548775 -0.0
0.0 4.0 0.0695888 -0.0
0.0 4.0 0.066213 -0.0
0.0 4.0 0.0560719 -0.0
0.0 4.0 0.0705988 -0.0
0.0 4.0 0.0679602 -0.00739601
0.0 4.0 0.0738006 -0.00739601
0.0 4.0 0.048324 -0.0
0.0 4.0 0.0697401 -0.0
0.0 4.0 0.0536633 -0.0
0.0 4.0 0.0541239 -0.0
0.0 4.0 0.0717519 -0.0
0.0 4.0 0.054519 -0.0
0.0 4.0 0.0720217 -0.00739601
0.0 4.0 0.0540264 -0.0
0.0 4.0 0.074498 -0.0
0.0 4.0 0.0771025 -0.0
0.0 4.0 0.0666255 -0.00739601
0.0 4.0 0.0550749 -0.0
0.0 4.0 0.0659058 -0.00739601
0.0 4.0 0.0451116 -0.0
0.0 4.0 0.0705607 -0.00739601
0.0 4.0 0.0616575 -0.0
0.0 4.0 0.0508251 -0.0
0.0 4.0 0.0716888 -0.00739601
0.0 4.0 0.0537759 -0.0
0.0 4.0 0.0568407 -0.0
0.0 4.0 0.0595064 -0.0
0.0 4.0 0.0538095 -0.0
0.0 4.0 0.0652716 -0.0
0.0 4.0 0.0665388 -0.00739601
0.0 4.0 0.064214 -0.0
0.0 4.0 0.0617803 -0.0
0.0 4.0 0.0613616 -0.0
0.0 4.0 0.0730372 -0.00739601
0.0 4.0 0.060817 -0.0
0.0 4.0 0.0710365 -0.0
0.0 4.0 0.0717826 -0.0
0.0 4.0 0.0523447 -0.0
0.0 4.0 0.0652194 -0.0
0.0 4.0 0.0606095 -0.0
0.0 4.0 0.0544483 -0.0
0.0 4.0 0.0637857 -0.0
0.0 4.0 0.0693165 -0.00739601
0.0 4.0 0.0690005 -0.0
0.0 4.0 0.0639604 -0.0
0.0 4.0 0.0547211 -0.0
0.0 4.0 0.0578009 -0.0
0.0 4.0 0.0525116 -0.0
0.0 5.0 0.146734 -0.00739601
0.0 5.0 0.124945 -0.0
0.0 5.0 0.12563 -0.00739601
0.0 5.0 0.109534 -0.0
0.0 5.0 0.0791663 -0.0
0.0 5.0 0.095946 -0.0
0.0 5.0 0.121805 -0.0
0.0 5.0 0.123643 -0.0
0.0 5.0 0.102221 -0.0
0.0 5.0 0.102348 -0.0
0.0 5.0 0.113955 -0.0
0.0 5.0 0.119442 -0.0
0.0 5.0 0.106035 -0.0
0.0 5.0 0.109548 -0.00739601
0.0 5.0 0.119179 -0.0
0.0 5.0 0.121715 -0.0
0.0 5.0 0.109216 -0.0
0.0 5.0 0.122313 -0.0
0.0 5.0 0.102296 -0.0
0.0 5.0 0.1194 -0.00739601
0.0 5.0 0.117313 -0.0
0.0 5.0 0.123633 -0.0
0.0 5.0 0.121679 -0.0
0.0 5.0 0.0830138 -0.0
0.0 5.0 0.0818695 -0.0
0.0 5.0 0.0825362 -0.0
0.0 5.0 0.107315 -0.0
0.0 5.0 0.117654 -0.0
0.0 5.0 0.120649 -0.00739601
0.0 5.0 0.131226 -0.0
0.0 5.0 0.116985 -0.00739601
0.0 5.0 0.112107 -0.00739601
0.0 5.0 0.114086 -0.00739601
0.0 5.0 0.109275 -0.0
0.0 5.0 0.110182 -0.0
0.0 5.0 0.118558 -0.0
0.0 5.0 0.120289 -0.00739601
0.0 5.0 0.120255 -0.00739601
0.0 5.0 0.117048 -0.0
0.0 5.0 0.103886 -0.0
0.0 5.0 0.118586 -0.00739601
0.0 5.0 0.0835975 -0.0
0.0 5.0 0.0862429 -0.0
0.0 5.0 0.0742469 -0.0
0.0 5.0 0.123791 -0.00739601
0.0 5.0 0.122935 -0.00739601
0.0 5.0 0.112976 -0.0
0.0 5.0 0.125483 -0.0
0.0 5.0 0.0791667 -0.0
0.0 5.0 0.123701 -0.0
0.0 6.0 0.0898334 -0.00739601
0.0 6.0 0.0663786 -0.0
0.0 6.0 0.0831609 -0.0
0.0 6.0 0.0728318 -0.0
0.0 6.0 0.083539 -0.0
0.0 6.0 0.0897006 -0.00739601
0.0 6.0 0.0850499 -0.00739601
0.0 6.0 0.0836655 -0.0
0.0 6.0 0.0531418 -0.0
0.0 6.0 0.0805836 -0.0
0.0 6.0 0.0884533 -0.00739601
0.0 6.0 0.0871695 -0.0
0.0 6.0 0.0533981 -0.0
0.0 6.0 0.10534 -0.0295841
0.0 6.0 0.095156 -0.0
0.0 6.0 0.0938747 -0.0
0.0 6.0 0.0748568 -0.0
0.0 6.0 0.0973241 -0.0
0.0 6.0 0.0428247 -0.0
0.0 6.0 0.0850057 -0.0
0.0 6.0 0.093507 -0.0
0.0 6.0 0.0522432 -0.0
0.0 6.0 0.0986921 -0.0
0.0 6.0 0.0465304 -0.0
0.0 6.0 0.0894665 -0.00739601
0.0 6.0 0.0484903 -0.0
0.0 6.0 0.0854933 -0.00739601
0.0 6.0 0.0850318 -0.0
0.0 6.0 0.0530083 -0.00739601
0.0 6.0 0.0724065 -0.0
0.0 6.0 0.074447 -0.0
0.0 6.0 0.0829981 -0.0
0.0 6.0 0.0822848 -0.0
0.0 6.0 0.0526864 -0.0
0.0 6.0 0.0751079 -0.0
0.0 6.0 0.0789385 -0.0
0.0 6.0 0.0817463 -0.0
0.0 6.0 0.0710588 -0.0
0.0 6.0 0.0747492 -0.00986464
0.0 6.0 0.0872155 -0.0
0.0 6.0 0.0864789 -0.00739601
0.0 6.0 0.0880675 -0.00739601
0.0 6.0 0.0513483 -0.0
0.0 6.0 0.0815202 -0.0
0.0 6.0 0.0877626 -0.0
0.0 6.0 0.0590915 -0.0
0.0 6.0 0.0849258 -0.00739601
0.0 6.0 0.0819311 -0.0
0.0 6.0 0.0849254 -0.00739601
0.0 6.0 0.0861158 -0.00739601
0.0 7.0 0.0967834 -0.00739601
0.0 7.0 0.0906604 -0.0197195
0.0 7.0 0.0456794 -0.0
0.0 7.0 0.0869199 -0.00739601
0.0 7.0 0.0803395 -0.0
0.0 7.0 0.0679797 -0.00739601
0.0 7.0 0.0803597 -0.00739601
0.0 7.0 0.0463519 -0.00739601
0.0 7.0 0.081942 -0.0
0.0 7.0 0.0626199 -0.0
0.0 7.0 0.0504787 -0.00739601
0.0 7.0 0.0665576 -0.0
0.0 7.0 0.0658042 -0.0
0.0 7.0 0.0753329 -0.0
0.0 7.0 0.0690413 -0.00739601
0.0 7.0 0.0613833 -0.0
0.0 7.0 0.0820664 -0.0
0.0 7.0 0.0748723 -0.00739601
0.0 7.0 0.0737695 -0.0
0.0 7.0 0.0772471 -0.00739601
0.0 7.0 0.0709563 -0.00739601
0.0 7.0 0.0778332 -0.00739601
0.0 7.0 0.063717 -0.0
0.0 7.0 0.0930319 -0.00739601
0.0 7.0 0.0707563 -0.00739601
0.0 7.0 0.046868 -0.0
0.0 7.0 0.111163 -0.0
0.0 7.0 0.068253 -0.0
0.0 7.0 0.0462582 -0.0
0.0 7.0 0.0861359 -0.00739601
0.0 7.0 0.0732126 -0.0
0.0 7.0 0.0731078 -0.00739601
0.0 7.0 0.0687842 -0.00739601
0.0 7.0 0.0660761 -0.0
0.0 7.0 0.0516968 -0.00739601
0.0 7.0 0.0926397 -0.00739601
0.0 7.0 0.0451562 -0.0
0.0 7.0 0.0709626 -0.0
0.0 7.0 0.0447528 -0.0
0.0 7.0 0.0868897 -0.0
0.0 7.0 0.0457077 -0.00739601
0.0 7.0 0.0686733 -0.0
0.0 7.0 0.0641233 -0.0
0.0 7.0 0.0672012 -0.0
0.0 7.0 0.063729 -0.0
0.0 7.0 0.0880621 -0.00739601
0.0 7.0 0.0723932 -0.00739601
0.0 7.0 0.0862606 -0.00739601
0.0 7.0 0.0887826 -0.0
0.0 7.0 0.0482062 -0.00739601
1.0 1.0 0.163635 2.71828
1.0 1.0 0.167152 2.71828
1.0 1.0 0.295753 2.71828
1.0 1.0 0.167706 2.71828
1.0 1.0 0.179606 2.71828
1.0 1.0 0.166357 2.71828
1.0 1.0 0.172328 2.71828
1.0 1.0 0.167752 2.71828
1.0 1.0 0.170092 2.71828
1.0 1.0 0.20627 2.71828
1.0 1.0 0.159199 2.71828
1.0 1.0 0.160671 2.71828
1.0 1.0 0.163149 2.71828
1.0 1.0 0.167279 2.71828
1.0 1.0 0.173073 2.71828
1.0 1.0 0.170931 2.71828
1.0 1.0 0.163948 2.71828
1.0 1.0 0.171135 2.71828
1.0 1.0 0.161999 2.71828
1.0 1.0 0.165355 2.71828
1.0 1.0 0.162347 2.71828
1.0 1.0 0.173551 2.71828
1.0 1.0 0.161805 2.71828
1.0 1.0 0.171877 2.71828
1.0 1.0 0.256295 2.71828
1.0 1.0 0.159547 2.71828
1.0 1.0 0.180559 2.71828
1.0 1.0 0.174813 2.71828
1.0 1.0 0.160493 2.71828
1.0 1.0 0.177853 2.71828
1.0 1.0 0.178402 2.71828
1.0 1.0 0.17037 2.71828
1.0 1.0 0.160003 2.71828
1.0 1.0 0.182872 2.71828
1.0 1.0 0.166568 2.71828
1.0 1.0 0.174951 2.71828
1.0 1.0 0.171546 2.71828
1.0 1.0 0.161952 2.71828
1.0 1.0 0.170891 2.71828
1.0 1.0 0.173865 2.71828
1.0 1.0 0.174089 2.71828
1.0 1.0 0.177239 2.71828
1.0 1.0 0.168132 2.71828
1.0 1.0 0.252242 2.71828
1.0 1.0 0.297972 2.71828
1.0 1.0 0.286576 2.71828
1.0 1.0 0.178893 2.71828
1.0 1.0 0.17247 2.71828
1.0 1.0 0.173657 2.71828
1.0 1.0 0.173421 2.71828
1.0 2.0 0.101759 2.71828
1.0 2.0 0.0963625 2.71828
1.0 2.0 0.101799 2.71828
1.0 2.0 0.0989551 2.71828
1.0 2.0 0.0905995 2.71828
1.0 2.0 0.14054 2.71828
1.0 2.0 0.0875181 2.71828
1.0 2.0 0.0957928 2.71828
1.0 2.0 0.0895897 2.71828
1.0 2.0 0.0871768 2.71828
1.0 2.0 0.0900036 2.71828
1.0 2.0 0.0831922 2.71828
1.0 2.0 0.140601 2.71828
1.0 2.0 0.0840531 2.71828
1.0 2.0 0.0881701 2.71828
1.0 2.0 0.0876055 2.71828
1.0 2.0 0.0881122 2.71828
1.0 2.0 0.0865017 2.71828
1.0 2.0 0.0876865 2.71828
1.0 2.0 0.0858515 2.71828
1.0 2.0 0.0946139 2.71828
1.0 2.0 0.110485 2.71828
1.0 2.0 0.0898908 2.71828
1.0 2.0 0.0882263 2.71828
1.0 2.0 0.105204 2.71828
1.0 2.0 0.0850174 2.71828
1.0 2.0 0.0864018 2.71828
1.0 2.0 0.0955011 2.71828
1.0 2.0 0.0854278 2.71828
1.0 2.0 0.0976836 2.71828
1.0 2.0 0.090271 2.71828
1.0 2.0 0.107383 2.71828
1.0 2.0 0.0863356 2.71828
1.0 2.0 0.106129 2.71828
1.0 2.0 0.0836532 2.71828
1.0 2.0 0.0966043 2.71828
1.0 2.0 0.0877852 2.71828
1.0 2.0 0.0858715 2.71828
1.0 2.0 0.0869121 2.71828
1.0 2.0 0.0914828 2.71828
1.0 2.0 0.0905893 2.71828
1.0 2.0 0.0872715 2.71828
1.0 2.0 0.0906169 2.71828
1.0 2.0 0.0882897 2.71828
1.0 2.0 0.0890546 2.71828
1.0 2.0 0.0870632 2.71828
1.0 2.0 0.0877536 2.71828
1.0 2.0 0.166486 2.71828
1.0 2.0 0.0872393 2.71828
1.0 2.0 0.0909543 2.71828
1.0 3.0 0.0702115 2.71828
1.0 3.0 0.0745133 2.71828
1.0 3.0 0.0708731 2.71828
1.0 3.0 0.0702396 2.71828
1.0 3.0 0.0639147 2.71828
1.0 3.0 0.0721816 2.71828
1.0 3.0 0.0853972 2.71828
1.0 3.0 0.0736699 2.71828
1.0 3.0 0.0665597 2.71828
1.0 3.0 0.0626753 2.71828
1.0 3.0 0.0710234 2.71828
1.0 3.0 0.0738624 2.71828
1.0 3.0 0.0643177 2.71828
1.0 3.0 0.0730007 2.71828
1.0 3.0 0.0695087 2.71828
1.0 3.0 0.0829901 2.71828
1.0 3.0 0.0679725 2.71828
1.0 3.0 0.0702473 2.71828
1.0 3.0 0.0665743 2.71828
1.0 3.0 0.0664388 2.71828
1.0 3.0 0.0728965 2.71828
1.0 3.0 0.068304 2.71828
1.0 3.0 0.0743516 2.71828
1.0 3.0 0.0659605 2.71828
1.0 3.0 0.0712781 2.71828
1.0 3.0 0.069572 2.71828
1.0 3.0 0.0716612 2.71828
1.0 3.0 0.0714262 2.71828
1.0 3.0 0.0683132 2.71828
1.0 3.0 0.0663475 2.71828
1.0 3.0 0.0707254 2.71828
1.0 3.0 0.0727077 2.71828
1.0 3.0 0.0803719 2.71828
1.0 3.0 0.072375 2.71828
1.0 3.0 0.0734889 2.71828
1.0 3.0 0.0661214 2.71828
1.0 3.0 0.0629309 2.71828
1.0 3.0 0.0608373 2.71828
1.0 3.0 0.0696818 2.71828
1.0 3.0 0.0625428 2.71828
1.0 3.0 0.0742198 2.71828
1.0 3.0 0.075609 2.71828
1.0 3.0 0.0609985 2.71828
1.0 3.0 0.0718506 2.71828
1.0 3.0 0.0627658 2.71828
1.0 3.0 0.0728572 2.71828
1.0 3.0 0.0609303 2.71828
1.0 3.0 0.0735293 2.71828
1.0 3.0 0.062552 2.71828
1.0 3.0 0.073043 2.71828
1.0 4.0 0.0630982 2.71828
1.0 4.0 0.0585156 2.71828
1.0 4.0 0.059076 2.71828
1.0 4.0 0.0604506 2.71828
1.0 4.0 0.0636931 2.71828
1.0 4.0 0.059761 2.71828
1.0 4.0 0.0824943 2.71828
1.0 4.0 0.0606058 2.71828
1.0 4.0 0.0567635 2.71828
1.0 4.0 0.0667696 2.71828
1.0 4.0 0.0636198 2.71828
1.0 4.0 0.0588056 2.71828
1.0 4.0 0.056838 2.71828
1.0 4.0 0.0794822 2.71828
1.0 4.0 0.0597557 2.71828
1.0 4.0 0.0568669 2.71828
1.0 4.0 0.0603602 2.71828
1.0 4.0 0.0475441 2.71828
1.0 4.0 0.0579443 2.71828
1.0 4.0 0.0607117 2.71828
1.0 4.0 0.0574431 2.71828
1.0 4.0 0.0601402 2.71828
1.0 4.0 0.0674149 2.71828
1.0 4.0 0.0577993 2.71828
1.0 4.0 0.0636376 2.71828
1.0 4.0 0.0594044 2.71828
1.0 4.0 0.0562124 2.71828
1.0 4.0 0.0678174 2.71828
1.0 4.0 0.061259 2.71828
1.0 4.0 0.0522301 2.71828
1.0 4.0 0.0579788 2.71828
1.0 4.0 0.053824 2.71828
1.0 4.0 0.0612858 2.71828
1.0 4.0 0.0576548 2.71828
1.0 4.0 0.0647763 2.71828
1.0 4.0 0.0521255 2.71828
1.0 4.0 0.0594573 2.71828
1.0 4.0 0.0589844 2.71828
1.0 4.0 0.0562211 2.71828
1.0 4.0 0.0555229 2.71828
1.0 4.0 0.0556997 2.71828
1.0 4.0 0.0633384 2.71828
1.0 4.0 0.0499702 2.71828
1.0 4.0 0.0626638 2.71828
1.0 4.0 0.0586209 2.71828
1.0 4.0 0.0494429 2.71828
1.0 4.0 0.0567184 2.71828
1.0 4.0 0.0511736 2.71828
1.0 4.0 0.0483923 2.71828
1.0 4.0 0.0624813 2.71828
1.0 5.0 0.0801378 2.71828
1.0 5.0 0.0768409 2.71828
1.0 5.0 0.0840321 2.71828
1.0 5.0 0.0814078 2.71828
1.0 5.0 0.0817684 2.71828
1.0 5.0 0.0768797 2.71828
1.0 5.0 0.0759899 2.71828
1.0 5.0 0.0824596 2.71828
1.0 5.0 0.0830596 2.71828
1.0 5.0 0.085426 2.71828
1.0 5.0 0.0822224 2.71828
1.0 5.0 0.076741 2.71828
1.0 5.0 0.0796268 2.71828
1.0 5.0 0.0756915 2.71828
1.0 5.0 0.0818934 2.71828
1.0 5.0 0.0832765 2.71828
1.0 5.0 0.0821629 2.71828
1.0 5.0 0.0844113 2.71828
1.0 5.0 0.0793716 2.71828
1.0 5.0 0.0822771 2.71828
1.0 5.0 0.0818508 2.71828
1.0 5.0 0.0827668 2.71828
1.0 5.0 0.082503 2.71828
1.0 5.0 0.0827607 2.71828
1.0 5.0 0.0815342 2.71828
1.0 5.0 0.0811589 2.71828
1.0 5.0 0.0822452 2.71828
1.0 5.0 0.082993 2.71828
1.0 5.0 0.0826329 2.71828
1.0 5.0 0.0806829 2.71828
1.0 5.0 0.0828027 2.71828
1.0 5.0 0.0801342 2.71828
1.0 5.0 0.0828843 2.71828
1.0 5.0 0.0803582 2.71828
1.0 5.0 0.0832167 2.71828
1.0 5.0 0.0822915 2.71828
1.0 5.0 0.0799878 2.71828
1.0 5.0 0.0809225 2.71828
1.0 5.0 0.0814925 2.71828
1.0 5.0 0.0842391 2.71828
1.0 5.0 0.0823792 2.71828
1.0 5.0 0.0797512 2.71828
1.0 5.0 0.0785338 2.71828
1.0 5.0 0.0797908 2.71828
1.0 5.0 0.0804182 2.71828
1.0 5.0 0.0727733 2.71828
1.0 5.0 0.0870486 2.71828
1.0 5.0 0.0771791 2.71828
1.0 5.0 0.0729093 2.71828
1.0 5.0 0.0760672 2.71828
1.0 6.0 0.0737791 2.71828
1.0 6.0 0.0579967 2.71828
1.0 6.0 0.0523343 2.71828
1.0 6.0 0.0516392 2.71828
1.0 6.0 0.0739455 2.71828
1.0 6.0 0.0516561 2.71828
1.0 6.0 0.0516915 2.71828
1.0 6.0 0.0516095 2.71828
1.0 6.0 0.0529507 2.71828
1.0 6.0 0.0736877 2.71828
1.0 6.0 0.0727154 2.71828
1.0 6.0 0.0520091 2.71828
1.0 6.0 0.0690545 2.71828
1.0 6.0 0.0515447 2.71828
1.0 6.0 0.0558068 2.71828
1.0 6.0 0.0585061 2.71828
1.0 6.0 0.0687934 2.71828
1.0 6.0 0.0461747 2.71828
1.0 6.0 0.0576829 2.71828
1.0 6.0 0.0519344 2.71828
1.0 6.0 0.0741604 2.71828
1.0 6.0 0.0532376 2.71828
1.0 6.0 0.0639374 2.71828
1.0 6.0 0.0570699 2.71828
1.0 6.0 0.0564641 2.71828
1.0 6.0 0.0546208 2.71828
1.0 6.0 0.0669158 2.71828
1.0 6.0 0.0583784 2.71828
1.0 6.0 0.0523216 2.71828
1.0 6.0 0.0526633 2.71828
1.0 6.0 0.0518637 2.71828
1.0 6.0 0.0642259 2.71828
1.0 6.0 0.0440347 2.71828
1.0 6.0 0.0532875 2.71828
1.0 6.0 0.0538831 2.71828
1.0 6.0 0.0517075 2.71828
1.0 6.0 0.0516087 2.71828
1.0 6.0 0.0707435 2.71828
1.0 6.0 0.0627349 2.71828
1.0 6.0 0.0538024 2.71828
1.0 6.0 0.0517212 2.71828
1.0 6.0 0.0680259 2.71828
1.0 6.0 0.0747315 2.71828
1.0 6.0 0.0679704 2.71828
1.0 6.0 0.0554922 2.71828
1.0 6.0 0.0562696 2.71828
1.0 6.0 0.0547865 2.71828
1.0 6.0 0.0551532 2.71828
1.0 6.0 0.055367 2.71828
1.0 6.0 0.0518724 2.71828
1.0 7.0 0.0637112 2.71828
1.0 7.0 0.0592063 2.71828
1.0 7.0 0.0458115 2.71828
1.0 7.0 0.0682185 2.71828
1.0 7.0 0.0609325 2.71828
1.0 7.0 0.0397432 2.71828
1.0 7.0 0.0534156 2.71828
1.0 7.0 0.0673805 2.71828
1.0 7.0 0.0684731 2.71828
1.0 7.0 0.0398541 2.71828
1.0 7.0 0.0390678 2.71828
1.0 7.0 0.0668066 2.71828
1.0 7.0 0.0505597 2.71828
1.0 7.0 0.061331 2.71828
1.0 7.0 0.0643212 2.71828
1.0 7.0 0.0488243 2.71828
1.0 7.0 0.0486204 2.71828
1.0 7.0 0.0435496 2.71828
1.0 7.0 0.0628433 2.71828
1.0 7.0 0.0401296 2.71828
1.0 7.0 0.0609453 2.71828
1.0 7.0 0.0686837 2.71828
1.0 7.0 0.0681102 2.71828
1.0 7.0 0.0479398 2.71828
1.0 7.0 0.0501662 2.71828
1.0 7.0 0.0625018 2.71828
1.0 7.0 0.0647281 2.71828
1.0 7.0 0.0392412 2.71828
1.0 7.0 0.0488746 2.71828
1.0 7.0 0.0437913 2.71828
1.0 7.0 0.0387123 2.71828
1.0 7.0 0.0469928 2.71828
1.0 7.0 0.0643228 2.71828
1.0 7.0 0.0505684 2.71828
1.0 7.0 0.047581 2.71828
1.0 7.0 0.0549971 2.71828
1.0 7.0 0.0425152 2.71828
1.0 7.0 0.0653189 2.71828
1.0 7.0 0.059395 2.71828
1.0 7.0 0.0591754 2.71828
1.0 7.0 0.0495812 2.71828
1.0 7.0 0.0466057 2.71828
1.0 7.0 0.0479748 2.71828
1.0 7.0 0.0493404 2.71828
1.0 7.0 0.0387653 2.71828
1.0 7.0 0.131751 2.71828
1.0 7.0 0.0479984 2.71828
1.0 7.0 0.0481945 2.71828
1.0 7.0 0.0421219 2.71828
1.0 7.0 0.0462892 2.71828
2.0 1.0 0.193248 -4.30012e-15
2.0 1.0 0.860117 -0.0
2.0 1.0 0.349082 -4.30012e-15
2.0 1.0 0.364403 -2.32659e-15
2.0 1.0 0.207308 -0.0
2.0 1.0 0.198331 -0.0
2.0 1.0 0.215802 -2.19795e-13
2.0 1.0 0.672815 -0.0
2.0 1.0 0.206549 -0.0
2.0 1.0 0.195273 -4.30012e-15
2.0 1.0 0.367303 -9.34438e-15
2.0 1.0 0.641369 -0.0
2.0 1.0 0.378376 -4.30012e-15
2.0 1.0 0.674703 -0.0
2.0 1.0 0.369061 -9.34438e-15
2.0 1.0 0.200326 -0.0
2.0 1.0 0.363396 -4.30012e-15
2.0 1.0 0.190108 -4.30012e-15
2.0 1.0 0.187164 -4.30012e-15
2.0 1.0 0.365571 -2.20941e-14
2.0 1.0 0.995043 -0.0
2.0 1.0 0.382739 -2.20941e-14
2.0 1.0 0.212259 -4.30012e-15
2.0 1.0 0.215024 -0.0
2.0 1.0 0.200903 -4.30012e-15
2.0 1.0 0.210333 -0.0
2.0 1.0 0.74144 -2.99441e-15
2.0 1.0 0.384367 -2.32659e-15
2.0 1.0 0.679563 -0.0
2.0 1.0 0.392042 -4.30012e-15
2.0 1.0 0.364796 -4.30012e-15
2.0 1.0 0.362401 -2.32659e-15
2.0 1.0 0.368968 -2.20941e-14
2.0 1.0 0.358659 -4.30012e-15
2.0 1.0 0.201856 -9.34438e-15
2.0 1.0 0.66247 -0.0
2.0 1.0 0.380477 -4.30012e-15
2.0 1.0 0.385017 -2.32659e-15
2.0 1.0 0.364784 -4.30012e-15
2.0 1.0 0.717647 -0.0
2.0 1.0 0.369116 -4.30012e-15
2.0 1.0 0.365062 -4.30012e-15
2.0 1.0 0.387209 -2.32659e-15
2.0 1.0 0.669977 -0.0
2.0 1.0 0.372922 -2.32659e-15
2.0 1.0 0.366087 -4.30012e-15
2.0 1.0 0.37198 -4.30012e-15
2.0 1.0 0.338415 -4.30012e-15
2.0 1.0 0.212272 -0.0
2.0 1.0 0.196658 -0.0
2.0 2.0 0.120156 -4.30012e-15
2.0 2.0 0.101133 -2.20941e-14
2.0 2.0 0.10463 -4.30012e-15
2.0 2.0 0.106134 -4.30012e-15
2.0 2.0 0.108533 -4.30012e-15
2.0 2.0 0.3582 -0.0
2.0 2.0 0.102027 -4.30012e-15
2.0 2.0 0.105346 -4.30012e-15
2.0 2.0 0.11156 -4.30012e-15
2.0 2.0 0.114126 -2.20941e-14
2.0 2.0 0.109079 -2.20941e-14
2.0 2.0 0.112567 -4.30012e-15
2.0 2.0 0.101617 -0.0
2.0 2.0 0.107747 -0.0
2.0 2.0 0.1059 -9.34438e-15
2.0 2.0 0.10127 -4.30012e-15
2.0 2.0 0.103056 -2.32659e-15
2.0 2.0 0.0993721 -2.32659e-15
2.0 2.0 0.457404 -0.0
2.0 2.0 0.0980744 -4.30012e-15
2.0 2.0 0.110548 -0.0
2.0 2.0 0.111473 -4.30012e-15
2.0 2.0 0.116797 -4.30012e-15
2.0 2.0 0.103383 -4.30012e-15
2.0 2.0 0.0949702 -4.30012e-15
2.0 2.0 0.101688 -4.30012e-15
2.0 2.0 0.110286 -0.0
2.0 2.0 0.458104 -4.30012e-15
2.0 2.0 0.105569 -2.32659e-15
2.0 2.0 0.113595 -0.0
2.0 2.0 0.458607 -0.0
2.0 2.0 0.105587 -6.60602e-14
2.0 2.0 0.244164 -2.20941e-14
2.0 2.0 0.0971356 -2.32659e-15
2.0 2.0 0.357327 -0.0
2.0 2.0 0.102291 -0.0
2.0 2.0 0.113901 -4.30012e-15
2.0 2.0 0.359833 -0.0
2.0 2.0 0.13032 -0.0
2.0 2.0 0.106548 -2.32659e-15
2.0 2.0 0.111886 -0.0
2.0 2.0 0.115628 -0.0
2.0 2.0 0.184342 -2.32659e-15
2.0 2.0 0.102837 -0.0
2.0 2.0 0.112781 -0.0
2.0 2.0 0.0977538 -2.32659e-15
2.0 2.0 0.105076 -0.0
2.0 2.0 0.257919 -4.30012e-15
2.0 2.0 0.114292 -4.30012e-15
2.0 2.0 0.106287 -2.32659e-15
2.0 3.0 0.0835293 -2.32659e-15
2.0 3.0 0.089552 -4.30012e-15
2.0 3.0 0.0845977 -9.34438e-15
2.0 3.0 0.0790709 -4.30012e-15
2.0 3.0 0.0746976 -4.30012e-15
2.0 3.0 0.0834624 -0.0
2.0 3.0 0.0790612 -4.30012e-15
2.0 3.0 0.0742367 -6.60602e-14
2.0 3.0 0.0851768 -0.0
2.0 3.0 0.081261 -9.34438e-15
2.0 3.0 0.0829857 -2.32659e-15
2.0 3.0 0.0749309 -4.30012e-15
2.0 3.0 0.081488 -4.30012e-15
2.0 3.0 0.0821748 -4.30012e-15
2.0 3.0 0.0834806 -4.30012e-15
2.0 3.0 0.080366 -0.0
2.0 3.0 0.0710869 -2.20941e-14
2.0 3.0 0.0805823 -4.30012e-15
2.0 3.0 0.0871419 -2.32659e-15
2.0 3.0 0.0804032 -2.20941e-14
2.0 3.0 0.0842889 -4.30012e-15
2.0 3.0 0.0785484 -2.20941e-14
2.0 3.0 0.0728872 -6.60602e-14
2.0 3.0 0.0960807 -0.0
2.0 3.0 0.0833077 -2.20941e-14
2.0 3.0 0.072556 -2.20941e-14
2.0 3.0 0.0874408 -4.30012e-15
2.0 3.0 0.083039 -0.0
2.0 3.0 0.0843966 -0.0
2.0 3.0 0.0788237 -2.32659e-15
2.0 3.0 0.0748118 -0.0
2.0 3.0 0.102787 -4.30012e-15
2.0 3.0 0.0767075 -4.30012e-15
2.0 3.0 0.0854913 -4.30012e-15
2.0 3.0 0.441987 -6.05899e-14
2.0 3.0 0.0843467 -0.0
2.0 3.0 0.0768429 -0.0
2.0 3.0 0.0961818 -0.0
2.0 3.0 0.0784559 -0.0
2.0 3.0 0.0807499 -4.30012e-15
2.0 3.0 0.0841872 -4.30012e-15
2.0 3.0 0.0808921 -4.30012e-15
2.0 3.0 0.0700149 -2.32659e-15
2.0 3.0 0.0768429 -4.30012e-15
2.0 3.0 0.0793852 -4.30012e-15
2.0 3.0 0.0807234 -0.0
2.0 3.0 0.0786995 -4.30012e-15
2.0 3.0 0.0839122 -0.0
2.0 3.0 0.129289 -4.30012e-15
2.0 3.0 0.0765841 -0.0
2.0 4.0 0.072744 -4.30012e-15
2.0 4.0 0.0751618 -0.0
2.0 4.0 0.0783192 -2.32659e-15
2.0 4.0 0.0692207 -0.0
2.0 4.0 0.0786666 -4.30012e-15
2.0 4.0 0.0652728 -0.0
2.0 4.0 0.0759434 -2.32659e-15
2.0 4.0 0.0683206 -0.0
2.0 4.0 0.0636237 -4.30012e-15
2.0 4.0 0.168318 -2.32659e-15
2.0 4.0 0.0651486 -4.30012e-15
2.0 4.0 0.0689285 -2.32659e-15
2.0 4.0 0.0684344 -4.30012e-15
2.0 4.0 0.0636376 -4.30012e-15
2.0 4.0 0.0728464 -4.30012e-15
2.0 4.0 0.0680811 -0.0
2.0 4.0 0.0629873 -4.30012e-15
2.0 4.0 0.0676943 -2.32659e-15
2.0 4.0 0.0756227 -4.30012e-15
2.0 4.0 0.0670545 -4.30012e-15
2.0 4.0 0.0636753 -9.34438e-15
2.0 4.0 0.0705878 -0.0
2.0 4.0 0.0589215 -4.30012e-15
2.0 4.0 0.0611233 -2.20941e-14
2.0 4.0 0.0767061 -0.0
2.0 4.0 0.0623943 -4.30012e-15
2.0 4.0 0.0797055 -4.30012e-15
2.0 4.0 0.0697187 -2.32659e-15
2.0 4.0 0.0652055 -0.0
2.0 4.0 0.0664733 -0.0
2.0 4.0 0.0626464 -4.30012e-15
2.0 4.0 0.0695707 -4.30012e-15
2.0 4.0 0.0631558 -4.30012e-15
2.0 4.0 0.0686823 -0.0
2.0 4.0 0.0613633 -4.30012e-15
2.0 4.0 0.0747727 -4.30012e-15
2.0 4.0 0.0775206 -4.30012e-15
2.0 4.0 0.0659003 -2.20941e-14
2.0 4.0 0.0773415 -0.0
2.0 4.0 0.0683661 -4.30012e-15
2.0 4.0 0.0667337 -2.20941e-14
2.0 4.0 0.0671522 -4.30012e-15
2.0 4.0 0.0767461 -2.20941e-14
2.0 4.0 0.0754025 -0.0
2.0 4.0 0.0616205 -0.0
2.0 4.0 0.0667331 -2.20941e-14
2.0 4.0 0.0709044 -4.30012e-15
2.0 4.0 0.0708135 -2.32659e-15
2.0 4.0 0.0721317 -2.32659e-15
2.0 4.0 0.0685265 -4.30012e-15
2.0 5.0 0.188798 -0.0
2.0 5.0 0.122664 -4.30012e-15
2.0 5.0 0.19402 -2.32659e-15
2.0 5.0 0.195295 -9.34438e-15
2.0 5.0 0.194843 -2.32659e-15
2.0 5.0 0.207624 -2.32659e-15
2.0 5.0 0.207464 -4.30012e-15
2.0 5.0 0.192237 -4.30012e-15
2.0 5.0 0.212758 -0.0
2.0 5.0 0.210402 -2.32659e-15
2.0 5.0 0.209313 -0.0
2.0 5.0 0.194395 -4.30012e-15
2.0 5.0 0.194837 -4.30012e-15
2.0 5.0 0.214005 -0.0
2.0 5.0 0.19695 -4.30012e-15
2.0 5.0 0.203182 -0.0
2.0 5.0 0.209498 -0.0
2.0 5.0 0.193556 -4.30012e-15
2.0 5.0 0.134557 -9.34438e-15
2.0 5.0 0.212801 -4.30012e-15
2.0 5.0 0.19369 -0.0
2.0 5.0 0.19722 -0.0
2.0 5.0 0.20933 -0.0
2.0 5.0 0.206272 -4.30012e-15
2.0 5.0 0.194054 -4.30012e-15
2.0 5.0 0.13043 -2.32659e-15
2.0 5.0 0.2087 -0.0
2.0 5.0 0.20683 -6.60602e-14
2.0 5.0 0.20582 -6.60602e-14
2.0 5.0 0.205146 -2.20941e-14
2.0 5.0 0.206177 -0.0
2.0 5.0 0.193134 -9.34438e-15
2.0 5.0 0.176185 -0.0
2.0 5.0 0.134753 -2.20941e-14
2.0 5.0 0.209468 -0.0
2.0 5.0 0.187029 -0.0
2.0 5.0 0.215916 -0.0
2.0 5.0 0.205893 -4.30012e-15
2.0 5.0 0.194584 -4.30012e-15
2.0 5.0 0.212823 -0.0
2.0 5.0 0.191383 -0.0
2.0 5.0 0.175077 -0.0
2.0 5.0 0.20994 -4.30012e-15
2.0 5.0 0.216337 -0.0
2.0 5.0 0.207246 -2.32659e-15
2.0 5.0 0.209973 -0.0
2.0 5.0 0.19511 -4.30012e-15
2.0 5.0 0.196297 -4.30012e-15
2.0 5.0 0.122832 -4.30012e-15
2.0 5.0 0.193902 -0.0
2.0 6.0 0.167652 -2.32659e-15
2.0 6.0 0.0493013 -0.0
2.0 6.0 0.0487079 -4.30012e-15
2.0 6.0 0.131811 -2.20941e-14
2.0 6.0 0.138245 -4.30012e-15
2.0 6.0 0.161934 -4.30012e-15
2.0 6.0 0.158721 -4.30012e-15
2.0 6.0 0.143326 -0.0
2.0 6.0 0.1376 -0.0
2.0 6.0 0.084277 -2.32659e-15
2.0 6.0 0.150318 -2.20941e-14
2.0 6.0 0.0475031 -0.0
2.0 6.0 0.176962 -2.32659e-15
2.0 6.0 0.170096 -4.30012e-15
2.0 6.0 0.144633 -0.0
2.0 6.0 0.140465 -4.30012e-15
2.0 6.0 0.139939 -4.30012e-15
2.0 6.0 0.0516969 -0.0
2.0 6.0 0.138246 -2.20941e-14
2.0 6.0 0.139438 -4.30012e-15
2.0 6.0 0.147333 -0.0
2.0 6.0 0.16923 -2.20941e-14
2.0 6.0 0.0500874 -6.60602e-14
2.0 6.0 0.139731 -4.30012e-15
2.0 6.0 0.13787 -4.30012e-15
2.0 6.0 0.141047 -0.0
2.0 6.0 0.181305 -0.0
2.0 6.0 0.0486642 -4.30012e-15
2.0 6.0 0.142787 -0.0
2.0 6.0 0.144928 -4.30012e-15
2.0 6.0 0.056498 -0.0
2.0 6.0 0.154771 -9.34438e-15
2.0 6.0 0.136326 -4.30012e-15
2.0 6.0 0.14058 -2.32659e-15
2.0 6.0 0.144169 -0.0
2.0 6.0 0.145601 -0.0
2.0 6.0 0.14392 -0.0
2.0 6.0 0.143973 -0.0
2.0 6.0 0.172299 -4.30012e-15
2.0 6.0 0.176033 -0.0
2.0 6.0 0.137595 -4.30012e-15
2.0 6.0 0.160477 -2.32659e-15
2.0 6.0 0.176573 -4.30012e-15
2.0 6.0 0.279815 -0.0
2.0 6.0 0.134255 -4.30012e-15
2.0 6.0 0.0479716 -2.20941e-14
2.0 6.0 0.179428 -0.0
2.0 6.0 0.169211 -0.0
2.0 6.0 0.129788 -2.20941e-14
2.0 6.0 0.171077 -2.32659e-15
2.0 7.0 0.122449 -0.0
2.0 7.0 0.0462244 -0.0
2.0 7.0 0.0469366 -4.30012e-15
2.0 7.0 0.118233 -2.32659e-15
2.0 7.0 0.159156 -2.20941e-14
2.0 7.0 0.120857 -4.30012e-15
2.0 7.0 0.124685 -0.0
2.0 7.0 0.123236 -4.30012e-15
2.0 7.0 0.0434782 -0.0
2.0 7.0 0.151382 -4.30012e-15
2.0 7.0 0.0477286 -4.30012e-15
2.0 7.0 0.0493143 -6.60602e-14
2.0 7.0 0.0514487 -2.32659e-15
2.0 7.0 0.125636 -0.0
2.0 7.0 0.114046 -4.30012e-15
2.0 7.0 0.136845 -2.32659e-15
2.0 7.0 0.124341 -9.34438e-15
2.0 7.0 0.0471881 -0.0
2.0 7.0 0.0438421 -0.0
2.0 7.0 0.123475 -2.99441e-15
2.0 7.0 0.120162 -4.30012e-15
2.0 7.0 0.123976 -4.30012e-15
2.0 7.0 0.130797 -0.0
2.0 7.0 0.150091 -4.30012e-15
2.0 7.0 0.150456 -0.0
2.0 7.0 0.125376 -0.0
2.0 7.0 0.124914 -0.0
2.0 7.0 0.0483957 -4.30012e-15
2.0 7.0 0.160351 -0.0
2.0 7.0 0.052386 -4.30012e-15
2.0 7.0 0.120859 -2.20941e-14
2.0 7.0 0.119705 -4.30012e-15
2.0 7.0 0.115868 -4.30012e-15
2.0 7.0 0.117525 -4.30012e-15
2.0 7.0 0.05004 -2.20941e-14
2.0 7.0 0.107748 -4.30012e-15
2.0 7.0 0.155742 -0.0
2.0 7.0 0.148124 -4.30012e-15
2.0 7.0 0.123021 -4.30012e-15
2.0 7.0 0.119583 -4.30012e-15
2.0 7.0 0.0485504 -9.34438e-15
2.0 7.0 0.126989 -0.0
2.0 7.0 0.0472335 -4.30012e-15
2.0 7.0 0.146852 -0.0
2.0 7.0 0.0449049 -2.32659e-15
2.0 7.0 0.132212 -4.30012e-15
2.0 7.0 0.148032 -0.0
2.0 7.0 0.0498424 -4.30012e-15
2.0 7.0 0.155533 -0.0
2.0 7.0 0.155533 -0.0
3.0 1.0 0.157629 -0.0
3.0 1.0 0.156121 -0.0
3.0 1.0 0.155514 -0.0
3.0 1.0 0.146906 -0.0
3.0 1.0 0.189599 -0.0
3.0 1.0 0.149688 -0.0
3.0 1.0 0.14357 -0.0
3.0 1.0 0.147505 -0.0
3.0 1.0 0.147247 -0.0
3.0 1.0 0.18593 -0.0
3.0 1.0 0.152663 -0.0
3.0 1.0 0.150456 -0.0
3.0 1.0 0.147481 -0.0
3.0 1.0 0.157829 -0.0
3.0 1.0 0.23775 -0.0
3.0 1.0 0.140297 -0.0
3.0 1.0 0.146959 -0.0
3.0 1.0 0.148812 -0.0
3.0 1.0 0.16406 -0.0
3.0 1.0 0.155092 -0.0
3.0 1.0 0.16494 -0.0
3.0 1.0 0.144057 -0.0
3.0 1.0 0.156205 -0.0
3.0 1.0 0.144948 -0.0
3.0 1.0 0.149932 -0.0
3.0 1.0 0.150708 -0.0
3.0 1.0 0.144007 -0.0
3.0 1.0 0.234658 -0.0
3.0 1.0 0.144279 -0.0
3.0 1.0 0.308892 -0.0
3.0 1.0 0.264755 -0.0
3.0 1.0 0.257951 -0.0
3.0 1.0 0.151349 -0.0
3.0 1.0 0.161955 -0.0
3.0 1.0 0.149027 -0.0
3.0 1.0 0.157108 -0.0
3.0 1.0 0.156094 -0.0
3.0 1.0 0.165758 -0.0
3.0 1.0 0.160227 -0.0
3.0 1.0 0.151453 -0.0
3.0 1.0 0.161924 -0.0
3.0 1.0 0.153748 -0.0
3.0 1.0 0.148483 -0.0
3.0 1.0 0.163474 -0.0
3.0 1.0 0.164191 -0.0
3.0 1.0 0.155344 -0.0
3.0 1.0 0.155838 -0.0
3.0 1.0 0.159901 -0.0
3.0 1.0 0.149776 -0.0
3.0 1.0 0.16355 -0.0
3.0 2.0 0.076167 -0.0
3.0 2.0 0.0767882 -0.0
3.0 2.0 0.0759998 -0.0
3.0 2.0 0.0785528 -0.0
3.0 2.0 0.074665 -0.0
3.0 2.0 0.138779 -0.0
3.0 2.0 0.0781588 -0.0
3.0 2.0 0.0742531 -0.0
3.0 2.0 0.0841426 -0.0
3.0 2.0 0.135054 -0.0
3.0 2.0 0.0821813 -0.0
3.0 2.0 0.139055 -0.0
3.0 2.0 0.0758077 -0.0
3.0 2.0 0.0845757 -0.0
3.0 2.0 0.131218 -0.0
3.0 2.0 0.0768778 -0.0
3.0 2.0 0.0876037 -0.0
3.0 2.0 0.0786821 -0.0
3.0 2.0 0.0729261 -0.0
3.0 2.0 0.129761 -0.0
3.0 2.0 0.0741972 -0.0
3.0 2.0 0.0884282 -0.0
3.0 2.0 0.0765042 -0.0
3.0 2.0 0.0751587 -0.0
3.0 2.0 0.13977 -0.0
3.0 2.0 0.0812263 -0.0
3.0 2.0 0.0827355 -0.0
3.0 2.0 0.0707344 -0.0
3.0 2.0 0.0867816 -0.0
3.0 2.0 0.0776312 -0.0
3.0 2.0 0.132945 -0.0
3.0 2.0 0.0908281 -0.0
3.0 2.0 0.0911348 -0.0
3.0 2.0 0.0814093 -0.0
3.0 2.0 0.0794988 -0.0
3.0 2.0 0.0714838 -0.0
3.0 2.0 0.0704577 -0.0
3.0 2.0 0.0823931 -0.0
3.0 2.0 0.0917604 -0.0
3.0 2.0 0.0818437 -0.0
3.0 2.0 0.0829758 -0.0
3.0 2.0 0.0827687 -0.0
3.0 2.0 0.081964 -0.0
3.0 2.0 0.0727892 -0.0
3.0 2.0 0.0785362 -0.0
3.0 2.0 0.075506 -0.0
3.0 2.0 0.0777032 -0.0
3.0 2.0 0.0857174 -0.0
3.0 2.0 0.138049 -0.0
3.0 2.0 0.0808432 -0.0
3.0 3.0 0.0641609 -0.0
3.0 3.0 0.0602774 -0.0
3.0 3.0 0.0656975 -0.0
3.0 3.0 0.0573221 -0.0
3.0 3.0 0.0616334 -0.0
3.0 3.0 0.0633699 -0.0
3.0 3.0 0.0650384 -0.0
3.0 3.0 0.0592915 -0.0
3.0 3.0 0.0582981 -0.0
3.0 3.0 0.0637646 -0.0
3.0 3.0 0.0558938 -0.0
3.0 3.0 0.0549058 -0.0
3.0 3.0 0.0543533 -0.0
3.0 3.0 0.06028 -0.0
3.0 3.0 0.0652484 -0.0
3.0 3.0 0.0542753 -0.0
3.0 3.0 0.0718677 -0.0
3.0 3.0 0.0610165 -0.0
3.0 3.0 0.0627139 -0.0
3.0 3.0 0.0554228 -0.0
3.0 3.0 0.069606 -0.0
3.0 3.0 0.0599631 -0.0
3.0 3.0 0.0628994 -0.0
3.0 3.0 0.0645902 -0.0
3.0 3.0 0.0629853 -0.0
3.0 3.0 0.0566979 -0.0
3.0 3.0 0.0652078 -0.0
3.0 3.0 0.0567174 -0.0
3.0 3.0 0.0615595 -0.0
3.0 3.0 0.05894 -0.0
3.0 3.0 0.0592635 -0.0
3.0 3.0 0.057859 -0.0
3.0 3.0 0.0603657 -0.0
3.0 3.0 0.0640899 -0.0
3.0 3.0 0.064489 -0.0
3.0 3.0 0.0607696 -0.0
3.0 3.0 0.0738637 -0.0
3.0 3.0 0.0622209 -0.0
3.0 3.0 0.0645844 -0.0
3.0 3.0 0.0569177 -0.0
3.0 3.0 0.0615193 -0.0
3.0 3.0 0.0608749 -0.0
3.0 3.0 0.0641654 -0.0
3.0 3.0 0.0652232 -0.0
3.0 3.0 0.0710182 -0.0
3.0 3.0 0.0556406 -0.0
3.0 3.0 0.0542898 -0.0
3.0 3.0 0.0610901 -0.0
3.0 3.0 0.0709705 -0.0
3.0 3.0 0.0627729 -0.0
3.0 4.0 0.049849 -0.0
3.0 4.0 0.0546096 -0.0
3.0 4.0 0.0546967 -0.0
3.0 4.0 0.0504987 -0.0
3.0 4.0 0.0508443 -0.0
3.0 4.0 0.0538825 -0.0
3.0 4.0 0.0512262 -0.0
3.0 4.0 0.0523006 -0.0
3.0 4.0 0.0516791 -0.0
3.0 4.0 0.05681 -0.0
3.0 4.0 0.0533415 -0.0
3.0 4.0 0.0542722 -0.0
3.0 4.0 0.0483571 -0.0
3.0 4.0 0.0541456 -0.0
3.0 4.0 0.0502061 -0.0
3.0 4.0 0.0525896 -0.0
3.0 4.0 0.0433117 -0.0
3.0 4.0 0.0496783 -0.0
3.0 4.0 0.052943 -0.0
3.0 4.0 0.0613902 -0.0
3.0 4.0 0.0552039 -0.0
3.0 4.0 0.0588214 -0.0
3.0 4.0 0.0513274 -0.0
3.0 4.0 0.0521215 -0.0
3.0 4.0 0.055361 -0.0
3.0 4.0 0.0471093 -0.0
3.0 4.0 0.0558186 -0.0
3.0 4.0 0.0603174 -0.0
3.0 4.0 0.0554856 -0.0
3.0 4.0 0.0573177 -0.0
3.0 4.0 0.0538306 -0.0
3.0 4.0 0.0566393 -0.0
3.0 4.0 0.0532722 -0.0
3.0 4.0 0.0551448 -0.0
3.0 4.0 0.0595146 -0.0
3.0 4.0 0.0567094 -0.0
3.0 4.0 0.0542766 -0.0
3.0 4.0 0.0540101 -0.0
3.0 4.0 0.0581962 -0.0
3.0 4.0 0.0529718 -0.0
3.0 4.0 0.0622943 -0.0
3.0 4.0 0.0543848 -0.0
3.0 4.0 0.052839 -0.0
3.0 4.0 0.0602011 -0.0
3.0 4.0 0.0527272 -0.0
3.0 4.0 0.05096 -0.0
3.0 4.0 0.0558707 -0.0
3.0 4.0 0.0776635 -0.0
3.0 4.0 0.0502303 -0.0
3.0 4.0 0.0546727 -0.0
3.0 5.0 0.0799289 -0.0
3.0 5.0 0.0802597 -0.0
3.0 5.0 0.0741946 -0.0
3.0 5.0 0.0748328 -0.0
3.0 5.0 0.0740522 -0.0
3.0 5.0 0.0797248 -0.0
3.0 5.0 0.0784565 -0.0
3.0 5.0 0.0749631 -0.0
3.0 5.0 0.0728226 -0.0
3.0 5.0 0.0781947 -0.0
3.0 5.0 0.0737005 -0.0
3.0 5.0 0.0787 -0.0
3.0 5.0 0.0794659 -0.0
3.0 5.0 0.0756597 -0.0
3.0 5.0 0.0785191 -0.0
3.0 5.0 0.0731844 -0.0
3.0 5.0 0.0749477 -0.0
3.0 5.0 0.0788849 -0.0
3.0 5.0 0.0695378 -0.0
3.0 5.0 0.0730296 -0.0
3.0 5.0 0.080263 -0.0
3.0 5.0 0.080803 -0.0
3.0 5.0 0.0786815 -0.0
3.0 5.0 0.0805625 -0.0
3.0 5.0 0.0779162 -0.0
3.0 5.0 0.0776575 -0.0
3.0 5.0 0.075389 -0.0
3.0 5.0 0.0763302 -0.0
3.0 5.0 0.0720413 -0.0
3.0 5.0 0.0803581 -0.0
3.0 5.0 0.0806163 -0.0
3.0 5.0 0.0787418 -0.0
3.0 5.0 0.0731722 -0.0
3.0 5.0 0.0783557 -0.0
3.0 5.0 0.0783092 -0.0
3.0 5.0 0.077561 -0.0
3.0 5.0 0.0798108 -0.0
3.0 5.0 0.0775488 -0.0
3.0 5.0 0.0807482 -0.0
3.0 5.0 0.0805066 -0.0
3.0 5.0 0.0793967 -0.0
3.0 5.0 0.0807439 -0.0
3.0 5.0 0.0803229 -0.0
3.0 5.0 0.0781452 -0.0
3.0 5.0 0.078752 -0.0
3.0 5.0 0.0798881 -0.0
3.0 5.0 0.077949 -0.0
3.0 5.0 0.0804452 -0.0
3.0 5.0 0.0772478 -0.0
3.0 5.0 0.0783276 -0.0
3.0 6.0 0.066105 -0.0
3.0 6.0 0.0494531 -0.0
3.0 6.0 0.050743 -0.0
3.0 6.0 0.0504769 -0.0
3.0 6.0 0.0707149 -0.0
3.0 6.0 0.0487605 -0.0
3.0 6.0 0.069141 -0.0
3.0 6.0 0.0665433 -0.0
3.0 6.0 0.0510365 -0.0
3.0 6.0 0.0493494 -0.0
3.0 6.0 0.0497272 -0.0
3.0 6.0 0.0510726 -0.0
3.0 6.0 0.0505549 -0.0
3.0 6.0 0.0490015 -0.0
3.0 6.0 0.0484089 -0.0
3.0 6.0 0.0521902 -0.0
3.0 6.0 0.0625133 -0.0
3.0 6.0 0.0499647 -0.0
3.0 6.0 0.0514995 -0.0
3.0 6.0 0.0518036 -0.0
3.0 6.0 0.176116 -0.0
3.0 6.0 0.0703049 -0.0
3.0 6.0 0.049777 -0.0
3.0 6.0 0.0506647 -0.0
3.0 6.0 0.0493768 -0.0
3.0 6.0 0.0496935 -0.0
3.0 6.0 0.0537487 -0.0
3.0 6.0 0.0491875 -0.0
3.0 6.0 0.0405126 -0.0
3.0 6.0 0.0547386 -0.0
3.0 6.0 0.0496717 -0.0
3.0 6.0 0.0513559 -0.0
3.0 6.0 0.0711292 -0.0
3.0 6.0 0.0489322 -0.0
3.0 6.0 0.0525952 -0.0
3.0 6.0 0.0691842 -0.0
3.0 6.0 0.0491114 -0.0
3.0 6.0 0.0699518 -0.0
3.0 6.0 0.0502372 -0.0
3.0 6.0 0.0492514 -0.0
3.0 6.0 0.0501342 -0.0
3.0 6.0 0.0431061 -0.0
3.0 6.0 0.0721521 -0.0
3.0 6.0 0.0432315 -0.0
3.0 6.0 0.0405471 -0.0
3.0 6.0 0.0494361 -0.0
3.0 6.0 0.0400609 -0.0
3.0 6.0 0.0426717 -0.0
3.0 6.0 0.0503704 -0.0
3.0 6.0 0.0503704 -0.0
3.0 7.0 0.0452489 -0.0
3.0 7.0 0.0455928 -0.0
3.0 7.0 0.0459273 -0.0
3.0 7.0 0.0473545 -0.0
3.0 7.0 0.0573381 -0.0
3.0 7.0 0.0547245 -0.0
3.0 7.0 0.0644181 -0.0
3.0 7.0 0.0498407 -0.0
3.0 7.0 0.0565547 -0.0
3.0 7.0 0.0439134 -0.0
3.0 7.0 0.0482991 -0.0
3.0 7.0 0.062408 -0.0
3.0 7.0 0.0378416 -0.0
3.0 7.0 0.0589518 -0.0
3.0 7.0 0.0641241 -0.0
3.0 7.0 0.0625471 -0.0
3.0 7.0 0.0407209 -0.0
3.0 7.0 0.0588522 -0.0
3.0 7.0 0.0499311 -0.0
3.0 7.0 0.0602388 -0.0
3.0 7.0 0.0436897 -0.0
3.0 7.0 0.0574669 -0.0
3.0 7.0 0.0675192 -0.0
3.0 7.0 0.0536588 -0.0
3.0 7.0 0.062773 -0.0
3.0 7.0 0.0554776 -0.0
3.0 7.0 0.0528191 -0.0
3.0 7.0 0.0622385 -0.0
3.0 7.0 0.0393795 -0.0
3.0 7.0 0.0456965 -0.0
3.0 7.0 0.0471489 -0.0
3.0 7.0 0.0517525 -0.0
3.0 7.0 0.0905225 -0.0
3.0 7.0 0.0455984 -0.0
3.0 7.0 0.0424104 -0.0
3.0 7.0 0.0466684 -0.0
3.0 7.0 0.0644875 -0.0
3.0 7.0 0.0479437 -0.0
3.0 7.0 0.0477185 -0.0
3.0 7.0 0.0478454 -0.0
3.0 7.0 0.0465421 -0.0
3.0 7.0 0.0455657 -0.0
3.0 7.0 0.0594496 -0.0
3.0 7.0 0.0595675 -0.0
3.0 7.0 0.0572231 -0.0
3.0 7.0 0.0456485 -0.0
3.0 7.0 0.0544222 -0.0
3.0 7.0 0.0630982 -0.0
3.0 7.0 0.0605545 -0.0
3.0 7.0 0.0605545 -0.0
4.0 1.0 0.574689 99.9851
4.0 1.0 0.693328 99.9633
4.0 1.0 0.657728 99.9899
4.0 1.0 1.03207 99.9923
4.0 1.0 3.89628 99.9907
4.0 1.0 0.608031 99.9851
4.0 1.0 0.730544 99.9858
4.0 1.0 0.802172 99.9993
4.0 1.0 1.04731 99.9852
4.0 1.0 1.09198 99.9923
4.0 1.0 0.638964 99.9934
4.0 1.0 3.96986 99.9981
4.0 1.0 0.669921 99.9856
4.0 1.0 0.732441 99.9888
4.0 1.0 0.623617 99.9686
4.0 1.0 4.86594 99.9905
4.0 1.0 4.67722 99.989
4.0 1.0 0.604491 99.998
4.0 1.0 0.692729 99.9934
4.0 1.0 0.648648 99.9825
4.0 1.0 0.577927 99.9851
4.0 1.0 10.0863 99.9984
4.0 1.0 8.51212 99.9907
4.0 1.0 4.66053 99.9966
4.0 1.0 0.630541 99.9929
4.0 1.0 0.62467 99.9954
4.0 1.0 0.646412 99.9837
4.0 1.0 0.680565 99.9946
4.0 1.0 0.60563 99.9908
4.0 1.0 0.635592 99.9852
4.0 1.0 17.4834 99.9633
4.0 1.0 17.8379 99.9902
4.0 1.0 0.618873 99.9887
4.0 1.0 13.1009 99.9971
4.0 1.0 0.552777 99.9856
4.0 1.0 9.28763 99.9851
4.0 1.0 3.37763 99.9994
4.0 1.0 0.616027 99.9988
4.0 1.0 3.77638 99.9856
4.0 1.0 3.08903 99.9851
4.0 1.0 5.30165 99.9718
4.0 1.0 5.10487 99.9697
4.0 1.0 9.25946 99.9882
4.0 1.0 4.01137 99.9882
4.0 1.0 6.97841 99.9848
4.0 1.0 0.727922 99.9743
4.0 1.0 0.64272 99.9906
4.0 1.0 0.735211 99.9908
4.0 1.0 3.86005 99.9851
4.0 1.0 0.728013 99.9936
4.0 2.0 1.94357 99.9867
4.0 2.0 0.579234 99.9848
4.0 2.0 4.926 99.9851
4.0 2.0 0.58908 99.9711
4.0 2.0 2.42359 99.9758
4.0 2.0 1.70937 99.9885
4.0 2.0 2.96844 99.9888
4.0 2.0 2.16455 99.9774
4.0 2.0 6.52224 99.9669
4.0 2.0 2.50258 99.9762
4.0 2.0 9.28412 99.9793
4.0 2.0 0.566891 99.9998
4.0 2.0 9.69509 99.9752
4.0 2.0 6.46678 99.9864
4.0 2.0 2.74328 99.9851
4.0 2.0 2.26208 99.9633
4.0 2.0 5.89127 99.9776
4.0 2.0 4.51014 99.9668
4.0 2.0 2.45903 99.9962
4.0 2.0 0.558289 99.9633
4.0 2.0 0.590178 99.9947
4.0 2.0 0.603356 99.9911
4.0 2.0 0.326363 99.9828
4.0 2.0 5.57578 99.9516
4.0 2.0 1.51746 99.9654
4.0 2.0 2.45042 99.9851
4.0 2.0 0.609178 99.9987
4.0 2.0 3.13718 99.9653
4.0 2.0 0.600344 99.9467
4.0 2.0 0.5384 99.9864
4.0 2.0 2.96702 99.9762
4.0 2.0 0.561044 99.9778
4.0 2.0 1.85167 99.9799
4.0 2.0 0.539104 99.9633
4.0 2.0 4.26902 99.9851
4.0 2.0 3.3442 99.9652
4.0 2.0 1.73226 99.991
4.0 2.0 1.71596 99.9633
4.0 2.0 2.40296 99.9874
4.0 2.0 9.41014 99.9851
4.0 2.0 1.78093 99.9851
4.0 2.0 0.590681 99.9851
4.0 2.0 0.551206 99.9818
4.0 2.0 0.59425 99.9851
4.0 2.0 3.14185 99.9465
4.0 2.0 1.86183 99.9997
4.0 2.0 0.351797 99.9851
4.0 2.0 0.596394 99.9854
4.0 2.0 9.90514 99.9944
4.0 2.0 0.579247 99.9956
4.0 3.0 4.8241 99.9516
4.0 3.0 3.69822 99.9993
4.0 3.0 8.36692 99.9516
4.0 3.0 1.87892 99.9712
4.0 3.0 9.80645 99.9968
4.0 3.0 2.90397 99.9762
4.0 3.0 3.01146 99.9914
4.0 3.0 12.7056 99.9811
4.0 3.0 3.74813 99.9985
4.0 3.0 3.44337 99.9994
4.0 3.0 2.34693 99.9812
4.0 3.0 8.3091 99.9989
4.0 3.0 8.20113 99.9989
4.0 3.0 5.38283 99.9869
4.0 3.0 1.75534 99.9807
4.0 3.0 4.18849 99.9613
4.0 3.0 4.68781 99.9513
4.0 3.0 10.3001 99.9633
4.0 3.0 4.26096 99.9567
4.0 3.0 3.75684 99.9752
4.0 3.0 2.24373 99.9963
4.0 3.0 1.86223 99.9727
4.0 3.0 2.83825 99.9707
4.0 3.0 2.5807 99.9613
4.0 3.0 2.71441 99.966
4.0 3.0 7.84039 99.9781
4.0 3.0 2.0807 99.9779
4.0 3.0 9.42274 99.9377
4.0 3.0 1.89996 99.9676
4.0 3.0 11.5409 99.9849
4.0 3.0 2.01146 99.9856
4.0 3.0 5.46427 99.9898
4.0 3.0 10.4554 99.9777
4.0 3.0 2.36999 99.9762
4.0 3.0 2.60862 99.9883
4.0 3.0 8.86907 99.9752
4.0 3.0 3.39248 99.9986
4.0 3.0 4.78435 99.9615
4.0 3.0 2.75904 99.997
4.0 3.0 2.9815 99.9762
4.0 3.0 3.57287 99.9999
4.0 3.0 14.9022 99.9785
4.0 3.0 4.59823 99.997
4.0 3.0 2.2028 99.9866
4.0 3.0 8.39032 99.9635
4.0 3.0 6.81532 99.9941
4.0 3.0 2.41415 99.9632
4.0 3.0 4.95902 99.9757
4.0 3.0 4.90601 99.9762
4.0 3.0 2.59024 99.9752
4.0 4.0 2.24396 99.9762
4.0 4.0 2.71156 99.9764
4.0 4.0 2.37143 99.9969
4.0 4.0 3.67652 99.9993
4.0 4.0 5.62264 99.959
4.0 4.0 3.51087 99.9214
4.0 4.0 2.47522 99.9752
4.0 4.0 3.29414 99.9516
4.0 4.0 5.37172 99.9554
4.0 4.0 4.52633 99.9789
4.0 4.0 2.09171 99.9062
4.0 4.0 6.38242 99.9634
4.0 4.0 5.84576 99.9885
4.0 4.0 3.2075 99.98
4.0 4.0 0.92593 99.8996
4.0 4.0 3.49283 99.9839
4.0 4.0 5.02777 99.9303
4.0 4.0 2.19832 99.9861
4.0 4.0 6.07704 99.9516
4.0 4.0 3.34525 99.9939
4.0 4.0 3.21155 99.9762
4.0 4.0 2.02369 99.993
4.0 4.0 2.06872 99.9977
4.0 4.0 6.26932 99.9516
4.0 4.0 1.40185 99.9008
4.0 4.0 2.7546 99.975
4.0 4.0 1.74095 99.9991
4.0 4.0 6.14398 99.9787
4.0 4.0 1.75481 99.9167
4.0 4.0 2.21581 99.9761
4.0 4.0 1.74391 99.9707
4.0 4.0 3.31374 99.9989
4.0 4.0 6.93279 99.9406
4.0 4.0 2.53886 99.9483
4.0 4.0 6.86887 99.9707
4.0 4.0 3.59369 99.8961
4.0 4.0 1.96764 99.9813
4.0 4.0 2.39173 99.9546
4.0 4.0 3.07221 99.9806
4.0 4.0 3.65511 99.9847
4.0 4.0 2.18434 99.9062
4.0 4.0 5.00149 99.9444
4.0 4.0 5.02456 99.9904
4.0 4.0 2.2012 99.9762
4.0 4.0 1.45962 99.981
4.0 4.0 5.87478 99.9728
4.0 4.0 3.35135 99.9946
4.0 4.0 1.96007 99.9861
4.0 4.0 1.70323 99.9769
4.0 4.0 3.92426 99.9516
4.0 5.0 0.28537 99.9546
4.0 5.0 0.293228 99.9854
4.0 5.0 0.2769 99.9971
4.0 5.0 0.265089 99.9516
4.0 5.0 0.288507 99.973
4.0 5.0 0.29742 99.9664
4.0 5.0 0.297071 99.9752
4.0 5.0 0.257426 99.9964
4.0 5.0 0.277635 99.9267
4.0 5.0 0.290862 99.9683
4.0 5.0 0.300316 99.9561
4.0 5.0 0.290595 99.9955
4.0 5.0 0.283649 99.9834
4.0 5.0 0.299215 99.9546
4.0 5.0 0.296986 99.9915
4.0 5.0 0.277992 99.995
4.0 5.0 0.29435 99.9772
4.0 5.0 0.290225 99.9762
4.0 5.0 0.292999 99.9516
4.0 5.0 0.275451 99.9912
4.0 5.0 0.294001 99.9792
4.0 5.0 0.286063 99.8989
4.0 5.0 0.285095 99.9807
4.0 5.0 0.286719 99.9646
4.0 5.0 0.269038 99.924
4.0 5.0 0.294909 99.9912
4.0 5.0 0.251117 99.9519
4.0 5.0 0.296389 99.9752
4.0 5.0 0.273177 99.9155
4.0 5.0 0.258074 99.9551
4.0 5.0 0.29086 99.9581
4.0 5.0 0.254543 99.9137
4.0 5.0 0.289767 99.9663
4.0 5.0 0.261463 99.9595
4.0 5.0 0.265123 99.8858
4.0 5.0 0.29187 99.9516
4.0 5.0 0.289738 99.9182
4.0 5.0 0.273429 99.9666
4.0 5.0 0.291687 99.9888
4.0 5.0 0.289194 99.988
4.0 5.0 0.285761 99.9824
4.0 5.0 0.292894 99.9516
4.0 5.0 0.278763 99.9813
4.0 5.0 0.286757 99.9394
4.0 5.0 0.294583 99.9734
4.0 5.0 0.292358 99.9309
4.0 5.0 0.290172 99.9952
4.0 5.0 0.284281 99.9528
4.0 5.0 0.279996 99.9295
4.0 5.0 0.27699 99.9738
4.0 6.0 0.184062 99.9777
4.0 6.0 0.181692 99.9984
4.0 6.0 0.184295 99.9546
4.0 6.0 0.191345 99.9961
4.0 6.0 1.09137 99.9799
4.0 6.0 0.240924 99.9762
4.0 6.0 0.249795 99.9752
4.0 6.0 0.178664 99.9989
4.0 6.0 0.186408 99.994
4.0 6.0 0.980827 99.9646
4.0 6.0 0.195265 99.9516
4.0 6.0 0.185489 99.9722
4.0 6.0 0.225946 99.9992
4.0 6.0 0.24932 99.9717
4.0 6.0 0.253604 99.9762
4.0 6.0 0.191011 99.9688
4.0 6.0 0.246646 99.9883
4.0 6.0 0.237828 99.9966
4.0 6.0 0.180561 99.9966
4.0 6.0 0.198887 99.9516
4.0 6.0 0.186497 99.9586
4.0 6.0 0.252048 99.9308
4.0 6.0 0.194584 99.9516
4.0 6.0 0.191051 99.9828
4.0 6.0 0.178345 99.9972
4.0 6.0 0.202374 99.9676
4.0 6.0 0.213267 99.9965
4.0 6.0 0.183964 99.924
4.0 6.0 0.187345 99.924
4.0 6.0 0.189894 99.9764
4.0 6.0 0.242079 99.9816
4.0 6.0 0.192275 99.985
4.0 6.0 0.184632 99.9529
4.0 6.0 0.182427 99.9124
4.0 6.0 1.14758 99.9305
4.0 6.0 0.191973 99.9831
4.0 6.0 0.187364 99.9068
4.0 6.0 0.191204 99.9344
4.0 6.0 0.228464 99.9963
4.0 6.0 1.04954 99.992
4.0 6.0 0.231226 99.9516
4.0 6.0 0.243267 99.9516
4.0 6.0 0.194204 99.9516
4.0 6.0 1.88257 99.9809
4.0 6.0 0.17826 99.9885
4.0 6.0 0.182221 99.9946
4.0 6.0 0.186719 99.9211
4.0 6.0 0.182383 99.9155
4.0 6.0 0.196485 99.9755
4.0 6.0 0.184918 99.9048
4.0 7.0 0.171936 99.9516
4.0 7.0 0.161517 99.961
4.0 7.0 0.161083 99.9546
4.0 7.0 0.16309 99.9808
4.0 7.0 0.199778 99.8996
4.0 7.0 0.162973 99.9966
4.0 7.0 0.179581 99.9762
4.0 7.0 0.220767 99.9694
4.0 7.0 0.180526 99.9734
4.0 7.0 1.28749 99.9718
4.0 7.0 0.219356 99.9249
4.0 7.0 2.06444 99.9984
4.0 7.0 0.164837 99.8892
4.0 7.0 0.181934 99.9734
4.0 7.0 0.156328 99.9752
4.0 7.0 0.222865 99.9954
4.0 7.0 0.173448 99.9516
4.0 7.0 0.171597 99.9062
4.0 7.0 1.22173 99.9666
4.0 7.0 1.21523 99.979
4.0 7.0 0.215981 99.9762
4.0 7.0 0.164626 99.8649
4.0 7.0 0.176246 99.9478
4.0 7.0 0.175343 99.9546
4.0 7.0 0.182898 99.9516
4.0 7.0 0.160369 99.8881
4.0 7.0 0.855252 99.9134
4.0 7.0 0.168965 99.9803
4.0 7.0 0.218434 99.9948
4.0 7.0 0.177803 99.9546
4.0 7.0 0.17016 99.9966
4.0 7.0 0.179517 99.9693
4.0 7.0 0.222012 99.9669
4.0 7.0 0.16334 99.9785
4.0 7.0 0.180091 99.9825
4.0 7.0 0.164676 99.8696
4.0 7.0 0.225068 99.9741
4.0 7.0 0.164544 99.9973
4.0 7.0 0.202737 99.9787
4.0 7.0 0.182628 99.9489
4.0 7.0 0.174774 99.9516
4.0 7.0 0.179039 99.9917
4.0 7.0 0.215931 99.9752
4.0 7.0 0.218653 99.9516
4.0 7.0 0.178029 99.9817
4.0 7.0 0.216479 99.9212
4.0 7.0 1.18069 99.9844
4.0 7.0 1.43406 99.8721
4.0 7.0 2.1925 99.9839
4.0 7.0 2.1925 99.9839
5.0 1.0 113.895 -20.9406
5.0 1.0 110.861 -20.9406
5.0 1.0 110.878 -20.9406
5.0 1.0 111.823 -20.9406
5.0 1.0 116.288 -20.797
5.0 1.0 110.795 -20.9406
5.0 1.0 112.194 -20.9406
5.0 1.0 110.766 -20.9406
5.0 1.0 110.539 -20.9406
5.0 1.0 111.824 -20.9406
5.0 1.0 111.803 -20.9406
5.0 1.0 112.347 -20.9406
5.0 1.0 113.002 -20.9406
5.0 1.0 110.608 -20.9406
5.0 1.0 110.635 -20.9406
5.0 1.0 110.716 -20.9406
5.0 1.0 110.825 -20.9406
5.0 1.0 113.008 -20.9406
5.0 1.0 110.546 -20.9406
5.0 1.0 110.546 -20.9406
5.0 1.0 117.225 -20.797
5.0 1.0 112.789 -20.9406
5.0 1.0 111.008 -20.9406
5.0 1.0 111.804 -20.797
5.0 1.0 110.602 -20.9406
5.0 1.0 110.815 -20.797
5.0 1.0 110.422 -21.0462
5.0 1.0 112.878 -20.9406
5.0 1.0 110.491 -20.9406
5.0 1.0 111.805 -20.9406
5.0 1.0 110.354 -20.9406
5.0 1.0 110.558 -20.9406
5.0 1.0 113.639 -20.9406
5.0 1.0 112.506 -20.9406
5.0 1.0 110.427 -20.9406
5.0 1.0 110.404 -20.9406
5.0 1.0 110.521 -20.9406
5.0 1.0 113.909 -20.9406
5.0 1.0 111.101 -20.9406
5.0 1.0 110.362 -20.9406
5.0 1.0 110.449 -21.0462
5.0 1.0 110.784 -20.9406
5.0 1.0 112.538 -20.9406
5.0 1.0 113.03 -20.9406
5.0 1.0 110.466 -20.9406
5.0 1.0 112.542 -20.9406
5.0 1.0 112.551 -20.9406
5.0 1.0 113.054 -20.9406
5.0 1.0 111.28 -20.797
5.0 1.0 110.862 -20.9406
5.0 2.0 56.3183 -20.9406
5.0 2.0 57.0383 -20.9406
5.0 2.0 58.4745 -20.9406
5.0 2.0 56.9777 -20.9406
5.0 2.0 57.1061 -20.9406
5.0 2.0 59.1276 -20.9406
5.0 2.0 59.3772 -20.9406
5.0 2.0 59.4396 -20.797
5.0 2.0 56.6637 -20.9406
5.0 2.0 56.2953 -20.9406
5.0 2.0 59.2201 -20.797
5.0 2.0 55.3457 -20.9406
5.0 2.0 56.591 -20.9406
5.0 2.0 55.6459 -20.9406
5.0 2.0 55.8801 -20.797
5.0 2.0 56.7238 -20.9406
5.0 2.0 58.6177 -20.9406
5.0 2.0 56.7036 -20.9406
5.0 2.0 56.2357 -20.9406
5.0 2.0 57.0642 -20.9406
5.0 2.0 58.9212 -20.797
5.0 2.0 56.4694 -20.9406
5.0 2.0 55.4388 -20.9406
5.0 2.0 59.1271 -20.797
5.0 2.0 59.7811 -20.9406
5.0 2.0 56.5723 -20.9406
5.0 2.0 56.7158 -20.9406
5.0 2.0 56.5165 -20.9406
5.0 2.0 56.5714 -20.9406
5.0 2.0 56.2627 -20.9406
5.0 2.0 56.4742 -20.9406
5.0 2.0 55.3806 -20.9406
5.0 2.0 56.4266 -20.9406
5.0 2.0 55.4983 -20.9406
5.0 2.0 59.1732 -20.797
5.0 2.0 55.4351 -20.9406
5.0 2.0 56.6146 -20.9406
5.0 2.0 56.6126 -20.9406
5.0 2.0 59.3757 -20.797
5.0 2.0 56.5727 -20.9406
5.0 2.0 59.0853 -20.797
5.0 2.0 57.354 -20.9406
5.0 2.0 55.4349 -20.9406
5.0 2.0 59.5489 -20.797
5.0 2.0 56.1294 -21.0462
5.0 2.0 59.2668 -20.9406
5.0 2.0 58.9975 -20.797
5.0 2.0 56.2344 -20.9406
5.0 2.0 56.6119 -21.0462
5.0 2.0 56.4517 -20.9406
5.0 3.0 38.2403 -20.9406
5.0 3.0 40.4652 -20.797
5.0 3.0 38.0442 -21.0462
5.0 3.0 37.7244 -20.9406
5.0 3.0 38.198 -20.9406
5.0 3.0 38.8641 -20.9406
5.0 3.0 38.1477 -20.9406
5.0 3.0 39.9518 -20.797
5.0 3.0 37.807 -20.9406
5.0 3.0 38.0546 -20.9406
5.0 3.0 39.9469 -20.797
5.0 3.0 39.4563 -20.9406
5.0 3.0 38.2852 -20.9406
5.0 3.0 38.3679 -20.9406
5.0 3.0 38.1401 -20.9406
5.0 3.0 38.078 -20.9406
5.0 3.0 39.322 -20.9406
5.0 3.0 37.8202 -20.9406
5.0 3.0 38.9129 -20.9406
5.0 3.0 39.2554 -20.9406
5.0 3.0 39.3416 -20.9406
5.0 3.0 38.2807 -20.9406
5.0 3.0 38.0228 -20.9406
5.0 3.0 38.2599 -21.0462
5.0 3.0 37.8046 -20.9406
5.0 3.0 39.9552 -21.0462
5.0 3.0 37.8918 -20.9406
5.0 3.0 37.9561 -20.9406
5.0 3.0 39.3227 -20.9406
5.0 3.0 38.0021 -20.9406
5.0 3.0 39.7724 -20.797
5.0 3.0 39.623 -20.797
5.0 3.0 39.2893 -21.0462
5.0 3.0 39.7386 -20.797
5.0 3.0 39.6035 -20.797
5.0 3.0 37.8475 -20.9406
5.0 3.0 39.7564 -20.797
5.0 3.0 38.0361 -21.0462
5.0 3.0 38.2018 -20.9406
5.0 3.0 40.54 -20.9406
5.0 3.0 37.9873 -20.9406
5.0 3.0 39.3546 -20.9406
5.0 3.0 39.6046 -20.797
5.0 3.0 39.4929 -21.0462
5.0 3.0 39.264 -20.797
5.0 3.0 39.8661 -20.797
5.0 3.0 37.896 -20.9406
5.0 3.0 38.7377 -20.9406
5.0 3.0 39.4744 -21.0462
5.0 3.0 39.1641 -21.0462
5.0 4.0 28.3125 -20.9406
5.0 4.0 28.6685 -20.9406
5.0 4.0 28.4119 -21.0462
5.0 4.0 28.3919 -21.0462
5.0 4.0 29.0476 -20.9406
5.0 4.0 28.2164 -20.9406
5.0 4.0 28.3206 -20.9406
5.0 4.0 28.2277 -20.9406
5.0 4.0 28.2596 -20.9406
5.0 4.0 29.8183 -20.9406
5.0 4.0 28.3953 -20.9406
5.0 4.0 28.4638 -21.0462
5.0 4.0 28.8715 -20.9406
5.0 4.0 28.3663 -20.9406
5.0 4.0 29.744 -20.9406
5.0 4.0 29.6578 -20.9406
5.0 4.0 29.3161 -20.9406
5.0 4.0 29.4591 -20.797
5.0 4.0 29.8091 -20.9406
5.0 4.0 28.2782 -20.9406
5.0 4.0 29.8018 -20.9406
5.0 4.0 29.2369 -20.9406
5.0 4.0 28.3761 -20.9406
5.0 4.0 29.9451 -20.797
5.0 4.0 29.5409 -21.0462
5.0 4.0 29.0329 -21.0462
5.0 4.0 29.8764 -20.9406
5.0 4.0 28.9602 -20.9406
5.0 4.0 30.0519 -20.9406
5.0 4.0 28.5855 -20.9406
5.0 4.0 28.2992 -21.0462
5.0 4.0 29.8149 -20.797
5.0 4.0 28.3255 -20.9406
5.0 4.0 29.482 -21.0462
5.0 4.0 30.027 -20.797
5.0 4.0 29.6093 -20.9406
5.0 4.0 28.2134 -20.9406
5.0 4.0 29.5939 -20.797
5.0 4.0 28.9586 -20.9406
5.0 4.0 28.5625 -20.9406
5.0 4.0 28.5057 -21.0462
5.0 4.0 28.7804 -20.9406
5.0 4.0 28.4031 -20.9406
5.0 4.0 28.5491 -20.9406
5.0 4.0 28.7143 -20.9406
5.0 4.0 28.4834 -21.0462
5.0 4.0 30.1408 -20.9406
5.0 4.0 29.7533 -20.9406
5.0 4.0 28.607 -21.0462
5.0 4.0 28.4368 -20.9406
5.0 5.0 22.2828 -20.9406
5.0 5.0 22.4362 -21.0462
5.0 5.0 24.8937 -20.9406
5.0 5.0 22.4245 -20.9406
5.0 5.0 22.4129 -20.797
5.0 5.0 22.0915 -21.0462
5.0 5.0 22.0589 -20.797
5.0 5.0 22.4576 -20.797
5.0 5.0 22.4305 -20.9406
5.0 5.0 22.1244 -20.9406
5.0 5.0 22.0346 -20.797
5.0 5.0 22.086 -20.9406
5.0 5.0 22.0995 -20.9406
5.0 5.0 22.0559 -20.797
5.0 5.0 22.2705 -20.9406
5.0 5.0 23.6515 -21.0462
5.0 5.0 22.9494 -20.9406
5.0 5.0 22.2541 -20.797
5.0 5.0 21.8991 -21.0462
5.0 5.0 21.9128 -21.0462
5.0 5.0 22.0709 -21.0462
5.0 5.0 22.0362 -20.797
5.0 5.0 21.9421 -20.9406
5.0 5.0 23.0408 -20.9406
5.0 5.0 23.4748 -21.0462
5.0 5.0 22.1134 -20.9406
5.0 5.0 23.3392 -20.9406
5.0 5.0 22.0988 -20.797
5.0 5.0 24.138 -21.0462
5.0 5.0 23.9837 -20.9406
5.0 5.0 23.7472 -20.797
5.0 5.0 23.0095 -20.797
5.0 5.0 21.9561 -20.9406
5.0 5.0 23.218 -21.0462
5.0 5.0 23.868 -20.9406
5.0 5.0 23.1537 -20.9406
5.0 5.0 24.1795 -21.0462
5.0 5.0 24.2547 -20.9406
5.0 5.0 22.5413 -20.9406
5.0 5.0 23.5868 -21.0462
5.0 5.0 23.7952 -20.797
5.0 5.0 23.2062 -20.797
5.0 5.0 24.2029 -20.9406
5.0 5.0 23.1718 -20.9406
5.0 5.0 23.5535 -20.797
5.0 5.0 23.4581 -20.9406
5.0 5.0 23.4451 -21.0462
5.0 5.0 23.2552 -20.9406
5.0 5.0 23.6057 -20.797
5.0 5.0 23.6057 -20.797
5.0 6.0 18.6615 -20.9406
5.0 6.0 18.8942 -20.9406
5.0 6.0 18.6357 -21.0462
5.0 6.0 19.0233 -20.9406
5.0 6.0 19.0139 -20.797
5.0 6.0 19.0999 -20.9406
5.0 6.0 18.7471 -20.9406
5.0 6.0 18.586 -21.0462
5.0 6.0 18.9067 -21.0462
5.0 6.0 18.5894 -20.9406
5.0 6.0 18.7083 -20.9406
5.0 6.0 18.9672 -20.9406
5.0 6.0 18.9086 -20.797
5.0 6.0 18.644 -20.9406
5.0 6.0 18.5982 -21.0462
5.0 6.0 18.6517 -21.0462
5.0 6.0 19.8918 -20.797
5.0 6.0 18.6972 -21.0462
5.0 6.0 20.5987 -20.797
5.0 6.0 18.6225 -20.9406
5.0 6.0 18.7599 -20.9406
5.0 6.0 18.7543 -20.9406
5.0 6.0 18.6148 -21.0462
5.0 6.0 18.7873 -20.9406
5.0 6.0 19.8966 -20.797
5.0 6.0 19.1075 -20.9406
5.0 6.0 18.6125 -20.9406
5.0 6.0 19.9477 -20.797
5.0 6.0 18.7341 -20.797
5.0 6.0 18.7078 -20.797
5.0 6.0 20.3421 -20.9406
5.0 6.0 18.9485 -20.9406
5.0 6.0 18.9034 -20.9406
5.0 6.0 20.7164 -20.9406
5.0 6.0 19.867 -20.9406
5.0 6.0 20.4982 -20.797
5.0 6.0 20.0562 -20.797
5.0 6.0 18.9051 -21.0462
5.0 6.0 20.8791 -20.9406
5.0 6.0 19.5803 -20.9406
5.0 6.0 18.5855 -20.9406
5.0 6.0 19.0617 -20.9406
5.0 6.0 19.3867 -20.9406
5.0 6.0 19.4778 -20.9406
5.0 6.0 18.6365 -21.0462
5.0 6.0 19.5803 -21.0462
5.0 6.0 18.625 -20.9406
5.0 6.0 18.9037 -20.9406
5.0 6.0 20.182 -21.0462
5.0 6.0 21.115 -20.9406
5.0 7.0 16.3429 -21.0462
5.0 7.0 16.399 -20.797
5.0 7.0 16.4184 -21.0462
5.0 7.0 16.6451 -20.9406
5.0 7.0 16.306 -21.0462
5.0 7.0 16.2561 -20.9406
5.0 7.0 16.4443 -20.797
5.0 7.0 17.2908 -21.0462
5.0 7.0 16.7422 -20.9406
5.0 7.0 17.6542 -20.797
5.0 7.0 16.8025 -20.9406
5.0 7.0 16.9113 -20.797
5.0 7.0 16.8355 -20.9406
5.0 7.0 17.0433 -20.9406
5.0 7.0 16.2274 -21.0462
5.0 7.0 16.4543 -20.9406
5.0 7.0 16.4542 -20.9406
5.0 7.0 16.5353 -20.797
5.0 7.0 17.4778 -20.9406
5.0 7.0 18.1131 -20.9406
5.0 7.0 17.4429 -20.9406
5.0 7.0 16.6976 -20.797
5.0 7.0 16.7518 -20.9406
5.0 7.0 16.7375 -20.9406
5.0 7.0 16.7167 -20.9406
5.0 7.0 16.3467 -21.0462
5.0 7.0 17.3203 -21.0462
5.0 7.0 16.8474 -20.797
5.0 7.0 17.0426 -20.9406
5.0 7.0 18.3506 -20.9406
5.0 7.0 16.4289 -21.0462
5.0 7.0 17.3271 -20.9406
5.0 7.0 16.809 -21.0462
5.0 7.0 16.3272 -20.9406
5.0 7.0 17.1379 -20.9406
5.0 7.0 16.9257 -20.9406
5.0 7.0 17.5712 -20.9406
5.0 7.0 17.2452 -21.0462
5.0 7.0 17.3023 -20.797
5.0 7.0 16.2052 -21.0462
5.0 7.0 16.3269 -20.9406
5.0 7.0 17.9134 -21.0462
5.0 7.0 18.1053 -21.0462
5.0 7.0 18.1053 -21.0462
5.0 7.0 18.1053 -21.0462
5.0 7.0 18.1053 -21.0462
5.0 7.0 18.1053 -21.0462
5.0 7.0 18.1053 -21.0462
5.0 7.0 18.1053 -21.0462
5.0 7.0 18.1053 -21.0462
