0.0 1.0 0.0394689 -0.0
0.0 1.0 0.0538928 -0.0
0.0 1.0 0.0411997 -0.0
0.0 1.0 0.0440248 -0.0
0.0 1.0 0.0423007 -0.0
0.0 1.0 0.0432142 -0.0
0.0 1.0 0.048624 -0.0
0.0 1.0 0.0378168 -0.0
0.0 1.0 0.0627545 -0.0
0.0 1.0 0.0411684 -0.0
0.0 1.0 0.0582302 -0.0
0.0 1.0 0.043545 -0.0
0.0 1.0 0.0643794 -0.00739604
0.0 1.0 0.0573874 -0.0
0.0 1.0 0.0508259 -0.0
0.0 1.0 0.0641412 -0.0
0.0 1.0 0.0619749 -0.0
0.0 1.0 0.0733203 -0.0
0.0 1.0 0.069053 -0.0
0.0 1.0 0.0568702 -0.0
0.0 1.0 0.0561009 -0.0
0.0 1.0 0.044462 -0.0
0.0 1.0 0.0514611 -0.0
0.0 1.0 0.0439474 -0.0
0.0 1.0 0.0438778 -0.0
0.0 1.0 0.0576461 -0.0
0.0 1.0 0.0407936 -0.0
0.0 1.0 0.0398889 -0.0
0.0 1.0 0.043937 -0.0
0.0 1.0 0.0357684 -0.0
0.0 1.0 0.0421031 -0.0
0.0 1.0 0.0403938 -0.0
0.0 1.0 0.0401778 -0.0
0.0 1.0 0.057898 -0.0
0.0 1.0 0.0418801 -0.0
0.0 1.0 0.041661 -0.0
0.0 1.0 0.041402 -0.0
0.0 1.0 0.0393084 -0.0
0.0 1.0 0.0380333 -0.0
0.0 1.0 0.0388189 -0.0
0.0 1.0 0.0380269 -0.0
0.0 1.0 0.035537 -0.0
0.0 1.0 0.0596553 -0.0
0.0 1.0 0.0431704 -0.0
0.0 1.0 0.0481086 -0.0
0.0 1.0 0.0431628 -0.0
0.0 1.0 0.0454189 -0.0
0.0 1.0 0.0379947 -0.0
0.0 1.0 0.0434402 -0.0
0.0 1.0 0.0622769 -0.0
0.0 2.0 0.0522499 -0.00739604
0.0 2.0 0.0334091 -0.0
0.0 2.0 0.0271699 -0.0
0.0 2.0 0.0397472 -0.0
0.0 2.0 0.0242092 -0.0
0.0 2.0 0.0376933 -0.0
0.0 2.0 0.0353249 -0.0
0.0 2.0 0.0242039 -0.0
0.0 2.0 0.0257738 -0.0
0.0 2.0 0.0356577 -0.0
0.0 2.0 0.0525939 -0.0
0.0 2.0 0.0341764 -0.0
0.0 2.0 0.0344947 -0.0
0.0 2.0 0.0334481 -0.0
0.0 2.0 0.0437524 -0.0
0.0 2.0 0.0346569 -0.00739604
0.0 2.0 0.0418274 -0.0
0.0 2.0 0.0335798 -0.0
0.0 2.0 0.0248215 -0.0
0.0 2.0 0.0353535 -0.00739604
0.0 2.0 0.0263381 -0.0
0.0 2.0 0.0246426 -0.0
0.0 2.0 0.0429831 -0.0
0.0 2.0 0.0216892 -0.0
0.0 2.0 0.0347011 -0.0
0.0 2.0 0.0395648 -0.0
0.0 2.0 0.040759 -0.0
0.0 2.0 0.0347859 -0.0
0.0 2.0 0.0369613 -0.0
0.0 2.0 0.0291405 -0.0
0.0 2.0 0.036777 -0.00739604
0.0 2.0 0.0309928 -0.0
0.0 2.0 0.0419603 -0.0
0.0 2.0 0.0474139 -0.0
0.0 2.0 0.0354332 -0.0
0.0 2.0 0.02869 -0.0
0.0 2.0 0.0385262 -0.0
0.0 2.0 0.0210495 -0.0
0.0 2.0 0.0234875 -0.0
0.0 2.0 0.0522123 -0.0
0.0 2.0 0.0353467 -0.0
0.0 2.0 0.0398415 -0.0
0.0 2.0 0.0406279 -0.0
0.0 2.0 0.0340343 -0.0
0.0 2.0 0.0400467 -0.00739604
0.0 2.0 0.0412373 -0.0
0.0 2.0 0.0443147 -0.0
0.0 2.0 0.0296288 -0.0
0.0 2.0 0.0389039 -0.0
0.0 2.0 0.0400963 -0.0
0.0 3.0 0.0231195 -0.0
0.0 3.0 0.0248151 -0.00739604
0.0 3.0 0.0257766 -0.00739604
0.0 3.0 0.0194073 -0.0
0.0 3.0 0.0272344 -0.00739604
0.0 3.0 0.0297119 -0.0
0.0 3.0 0.0202829 -0.0
0.0 3.0 0.0260613 -0.0
0.0 3.0 0.0206247 -0.0
0.0 3.0 0.0198013 -0.0
0.0 3.0 0.0267082 -0.0
0.0 3.0 0.0368212 -0.0
0.0 3.0 0.0296001 -0.0
0.0 3.0 0.024457 -0.00739604
0.0 3.0 0.02389 -0.00739604
0.0 3.0 0.0191493 -0.0
0.0 3.0 0.0299839 -0.0
0.0 3.0 0.0242119 -0.00739604
0.0 3.0 0.032349 -0.0
0.0 3.0 0.0174057 -0.0
0.0 3.0 0.0202298 -0.0
0.0 3.0 0.0292215 -0.0
0.0 3.0 0.0364741 -0.0
0.0 3.0 0.0249894 -0.00739604
0.0 3.0 0.0321028 -0.0
0.0 3.0 0.0376051 -0.0
0.0 3.0 0.02631 -0.0
0.0 3.0 0.0263735 -0.0
0.0 3.0 0.0267717 -0.0
0.0 3.0 0.0283018 -0.0
0.0 3.0 0.0269556 -0.0
0.0 3.0 0.0256063 -0.0
0.0 3.0 0.0315701 -0.0
0.0 3.0 0.0277729 -0.0
0.0 3.0 0.0297063 -0.0
0.0 3.0 0.0248904 -0.0
0.0 3.0 0.0220912 -0.0
0.0 3.0 0.0247405 -0.0
0.0 3.0 0.0282725 -0.0
0.0 3.0 0.0326181 -0.0
0.0 3.0 0.0243153 -0.0
0.0 3.0 0.0229915 -0.0
0.0 3.0 0.0184779 -0.0
0.0 3.0 0.0229373 -0.0
0.0 3.0 0.0277719 -0.0
0.0 3.0 0.0278012 -0.00739604
0.0 3.0 0.0285338 -0.0
0.0 3.0 0.0278885 -0.0
0.0 3.0 0.0334513 -0.0
0.0 3.0 0.0207162 -0.0
0.0 4.0 0.0219507 -0.0
0.0 4.0 0.0255213 -0.0
0.0 4.0 0.0196731 -0.0
0.0 4.0 0.0229282 -0.0
0.0 4.0 0.02455 -0.0
0.0 4.0 0.0204561 -0.00739604
0.0 4.0 0.028994 -0.0
0.0 4.0 0.023152 -0.00739604
0.0 4.0 0.0188439 -0.0
0.0 4.0 0.0195696 -0.0
0.0 4.0 0.0225714 -0.00739604
0.0 4.0 0.0259375 -0.0
0.0 4.0 0.0211476 -0.0
0.0 4.0 0.0244048 -0.0
0.0 4.0 0.0192517 -0.0
0.0 4.0 0.020845 -0.00739604
0.0 4.0 0.0280476 -0.0
0.0 4.0 0.029968 -0.0
0.0 4.0 0.0301136 -0.00739604
0.0 4.0 0.0201744 -0.0
0.0 4.0 0.0194989 -0.00739604
0.0 4.0 0.0205086 -0.0
0.0 4.0 0.0298835 -0.0
0.0 4.0 0.0221414 -0.0
0.0 4.0 0.0238212 -0.0
0.0 4.0 0.0191996 -0.0
0.0 4.0 0.0251623 -0.0
0.0 4.0 0.0293727 -0.00739604
0.0 4.0 0.0206612 -0.0
0.0 4.0 0.0207225 -0.0
0.0 4.0 0.0204294 -0.0
0.0 4.0 0.022426 -0.0
0.0 4.0 0.0198264 -0.00739604
0.0 4.0 0.0253217 -0.00739604
0.0 4.0 0.0152743 -0.0
0.0 4.0 0.0226336 -0.0
0.0 4.0 0.0244797 -0.00739604
0.0 4.0 0.0191953 -0.0
0.0 4.0 0.0219071 -0.00739604
0.0 4.0 0.016694 -0.0
0.0 4.0 0.0201436 -0.00739604
0.0 4.0 0.0174645 -0.0
0.0 4.0 0.0273135 -0.00739604
0.0 4.0 0.0198244 -0.0
0.0 4.0 0.0241012 -0.0
0.0 4.0 0.0283064 -0.00739604
0.0 4.0 0.022453 -0.0
0.0 4.0 0.0236357 -0.0
0.0 4.0 0.0244239 -0.0
0.0 4.0 0.0220404 -0.00739604
0.0 5.0 0.0238911 -0.0
0.0 5.0 0.0215738 -0.0
0.0 5.0 0.022148 -0.0
0.0 5.0 0.0237445 -0.00739604
0.0 5.0 0.0206384 -0.0
0.0 5.0 0.021983 -0.0
0.0 5.0 0.0229907 -0.0
0.0 5.0 0.0241108 -0.0
0.0 5.0 0.0218046 -0.0
0.0 5.0 0.0245039 -0.00739604
0.0 5.0 0.0249871 -0.00739604
0.0 5.0 0.0230071 -0.00739604
0.0 5.0 0.0229107 -0.0
0.0 5.0 0.0234597 -0.0
0.0 5.0 0.0235653 -0.0
0.0 5.0 0.0225824 -0.0
0.0 5.0 0.0227822 -0.0
0.0 5.0 0.0200981 -0.0
0.0 5.0 0.0236001 -0.0
0.0 5.0 0.0245683 -0.00739604
0.0 5.0 0.0230834 -0.0
0.0 5.0 0.0232376 -0.0
0.0 5.0 0.0203083 -0.0
0.0 5.0 0.0240989 -0.00739604
0.0 5.0 0.0217117 -0.0
0.0 5.0 0.0240675 -0.0
0.0 5.0 0.0241812 -0.0
0.0 5.0 0.0239091 -0.0
0.0 5.0 0.0247372 -0.00739604
0.0 5.0 0.0226373 -0.0
0.0 5.0 0.0228374 -0.00739604
0.0 5.0 0.0240084 -0.0
0.0 5.0 0.0228763 -0.0
0.0 5.0 0.0241077 -0.00739604
0.0 5.0 0.0237908 -0.0
0.0 5.0 0.0244074 -0.00739604
0.0 5.0 0.0243662 -0.00739604
0.0 5.0 0.0236606 -0.00739604
0.0 5.0 0.0246205 -0.0
0.0 5.0 0.0224222 -0.0
0.0 5.0 0.0226353 -0.00739604
0.0 5.0 0.0237058 -0.00739604
0.0 5.0 0.0237262 -0.0
0.0 5.0 0.0245167 -0.0
0.0 5.0 0.024266 -0.0
0.0 5.0 0.0233608 -0.00739604
0.0 5.0 0.0209202 -0.0
0.0 5.0 0.0242556 -0.00739604
0.0 5.0 0.0197976 -0.0
0.0 5.0 0.0224774 -0.0
0.0 6.0 0.0209458 -0.00739604
0.0 6.0 0.0205046 -0.0
0.0 6.0 0.0205734 -0.0
0.0 6.0 0.021854 -0.0
0.0 6.0 0.0215432 -0.0
0.0 6.0 0.0211515 -0.00739604
0.0 6.0 0.019612 -0.0
0.0 6.0 0.0240739 -0.0
0.0 6.0 0.0199161 -0.0
0.0 6.0 0.0214295 -0.00739733
0.0 6.0 0.019748 -0.0
0.0 6.0 0.0184173 -0.0
0.0 6.0 0.0216107 -0.0
0.0 6.0 0.0209792 -0.0
0.0 6.0 0.0201631 -0.0
0.0 6.0 0.0221351 -0.0
0.0 6.0 0.0211673 -0.0
0.0 6.0 0.0200191 -0.0
0.0 6.0 0.0208067 -0.0
0.0 6.0 0.0209164 -0.00739604
0.0 6.0 0.0211605 -0.00739604
0.0 6.0 0.0199597 -0.0
0.0 6.0 0.0212745 -0.00986467
0.0 6.0 0.0216301 -0.00104587
0.0 6.0 0.0214219 -0.0
0.0 6.0 0.0230602 -0.00739604
0.0 6.0 0.0204885 -0.0
0.0 6.0 0.0212905 -0.0
0.0 6.0 0.020743 -0.0
0.0 6.0 0.019305 -0.0
0.0 6.0 0.0210671 -0.0
0.0 6.0 0.0214909 -0.00739604
0.0 6.0 0.0207065 -0.0
0.0 6.0 0.0221155 -0.00739604
0.0 6.0 0.0215378 -0.00739604
0.0 6.0 0.0211231 -0.00739604
0.0 6.0 0.0194728 -0.0
0.0 6.0 0.0220027 -0.0
0.0 6.0 0.0209764 -0.0
0.0 6.0 0.0221701 -0.0
0.0 6.0 0.0216116 -0.0
0.0 6.0 0.0278501 -0.0
0.0 6.0 0.0208278 -0.0
0.0 6.0 0.0203096 -0.0
0.0 6.0 0.0205749 -0.00739604
0.0 6.0 0.0214695 -0.00739604
0.0 6.0 0.0207438 -0.00739604
0.0 6.0 0.0190458 -0.0
0.0 6.0 0.0215005 -0.00739604
0.0 6.0 0.0208502 -0.0
0.0 7.0 0.019311 -0.0
0.0 7.0 0.0196196 -0.00739604
0.0 7.0 0.0191735 -0.0
0.0 7.0 0.0203743 -0.00739604
0.0 7.0 0.0202959 -0.00739604
0.0 7.0 0.0187042 -0.0
0.0 7.0 0.0197352 -0.0
0.0 7.0 0.0205224 -0.0
0.0 7.0 0.019902 -0.0
0.0 7.0 0.0193899 -0.0
0.0 7.0 0.0189 -0.0
0.0 7.0 0.0194395 -0.0197195
0.0 7.0 0.0186208 -0.0
0.0 7.0 0.020872 -0.00739604
0.0 7.0 0.0187643 -0.0
0.0 7.0 0.0187285 -0.0
0.0 7.0 0.0200834 -0.00739604
0.0 7.0 0.0192225 -0.0
0.0 7.0 0.0201215 -0.00739604
0.0 7.0 0.0208172 -0.00739604
0.0 7.0 0.0203711 -0.00739604
0.0 7.0 0.019924 -0.00739604
0.0 7.0 0.0195991 -0.0
0.0 7.0 0.018492 -0.0
0.0 7.0 0.0197651 -0.00739604
0.0 7.0 0.0206393 -0.00739604
0.0 7.0 0.0187558 -0.0
0.0 7.0 0.0198945 -0.0
0.0 7.0 0.0183151 -0.0
0.0 7.0 0.0203024 -0.00739604
0.0 7.0 0.0199408 -0.00739604
0.0 7.0 0.0198331 -0.0
0.0 7.0 0.0203282 -0.00739604
0.0 7.0 0.0200423 -0.0
0.0 7.0 0.0197374 -0.00739604
0.0 7.0 0.0191385 -0.0
0.0 7.0 0.0194229 -0.0
0.0 7.0 0.0204221 -0.00739604
0.0 7.0 0.0194859 -0.0
0.0 7.0 0.019493 -0.0
0.0 7.0 0.0188313 -0.0
0.0 7.0 0.0205497 -0.00739604
0.0 7.0 0.0190789 -0.0
0.0 7.0 0.0200836 -0.0
0.0 7.0 0.0200926 -0.0
0.0 7.0 0.0206015 -0.0
0.0 7.0 0.0195099 -0.0
0.0 7.0 0.0203194 -0.00739604
0.0 7.0 0.0202599 -0.0
0.0 7.0 0.018954 -0.0
0.0 8.0 0.0182011 -0.0
0.0 8.0 0.0191558 -0.00739604
0.0 8.0 0.017481 -0.0
0.0 8.0 0.0456707 -0.00739604
0.0 8.0 0.045623 -0.00739604
0.0 8.0 0.0444957 -0.00739604
0.0 8.0 0.0181303 -0.0
0.0 8.0 0.0190329 -0.00739604
0.0 8.0 0.0196169 -0.0
0.0 8.0 0.0189307 -0.00739604
0.0 8.0 0.0427147 -0.0
0.0 8.0 0.0193946 -0.0
0.0 8.0 0.0194078 -0.00739604
0.0 8.0 0.0427488 -0.0
0.0 8.0 0.0192763 -0.0
0.0 8.0 0.0185018 -0.0
0.0 8.0 0.0191771 -0.00739604
0.0 8.0 0.016965 -0.0
0.0 8.0 0.0192987 -0.0
0.0 8.0 0.0196316 -0.00739604
0.0 8.0 0.0179856 -0.0
0.0 8.0 0.0179009 -0.0
0.0 8.0 0.0194547 -0.00739604
0.0 8.0 0.0188653 -0.00739604
0.0 8.0 0.0180501 -0.0
0.0 8.0 0.019255 -0.0
0.0 8.0 0.0169166 -0.0
0.0 8.0 0.0182394 -0.0
0.0 8.0 0.0171406 -0.0
0.0 8.0 0.0189107 -0.0
0.0 8.0 0.01804 -0.0
0.0 8.0 0.0186168 -0.0
0.0 8.0 0.0173928 -0.0
0.0 8.0 0.0184595 -0.0
0.0 8.0 0.0183119 -0.0
0.0 8.0 0.0192824 -0.00739604
0.0 8.0 0.0190366 -0.0
0.0 8.0 0.0184561 -0.0
0.0 8.0 0.0193765 -0.00739604
0.0 8.0 0.0191027 -0.0
0.0 8.0 0.0187073 -0.0
0.0 8.0 0.0192584 -0.00739604
0.0 8.0 0.0193044 -0.00739604
0.0 8.0 0.0186424 -0.0
0.0 8.0 0.0195819 -0.00739604
0.0 8.0 0.0182146 -0.00739604
0.0 8.0 0.0195807 -1.86912e-05
0.0 8.0 0.0184103 -0.0
0.0 8.0 0.0186425 -0.0
0.0 8.0 0.0176626 -0.0
1.0 1.0 0.0516501 2.71828
1.0 1.0 0.053169 2.71828
1.0 1.0 0.0488276 2.71828
1.0 1.0 0.0496422 2.71828
1.0 1.0 0.0484309 2.71828
1.0 1.0 0.0505639 2.71828
1.0 1.0 0.0518569 2.71828
1.0 1.0 0.048064 2.71828
1.0 1.0 0.0498749 2.71828
1.0 1.0 0.0500314 2.71828
1.0 1.0 0.0491783 2.71828
1.0 1.0 0.0512369 2.71828
1.0 1.0 0.0532293 2.71828
1.0 1.0 0.0453846 2.71828
1.0 1.0 0.0475846 2.71828
1.0 1.0 0.045842 2.71828
1.0 1.0 0.0456188 2.71828
1.0 1.0 0.0520701 2.71828
1.0 1.0 0.0448789 2.71828
1.0 1.0 0.052442 2.71828
1.0 1.0 0.0741366 2.71828
1.0 1.0 0.050323 2.71828
1.0 1.0 0.0835825 2.71828
1.0 1.0 0.0721773 2.71828
1.0 1.0 0.0663886 2.71828
1.0 1.0 0.0525174 2.71828
1.0 1.0 0.0488184 2.71828
1.0 1.0 0.0550014 2.71828
1.0 1.0 0.0530293 2.71828
1.0 1.0 0.0546051 2.71828
1.0 1.0 0.0697181 2.71828
1.0 1.0 0.0527628 2.71828
1.0 1.0 0.0470394 2.71828
1.0 1.0 0.0470072 2.71828
1.0 1.0 0.0526518 2.71828
1.0 1.0 0.0489985 2.71828
1.0 1.0 0.0502217 2.71828
1.0 1.0 0.0520659 2.71828
1.0 1.0 0.0506028 2.71828
1.0 1.0 0.0542894 2.71828
1.0 1.0 0.0751275 2.71828
1.0 1.0 0.0482293 2.71828
1.0 1.0 0.0528119 2.71828
1.0 1.0 0.0519358 2.71828
1.0 1.0 0.0425307 2.71828
1.0 1.0 0.0458542 2.71828
1.0 1.0 0.0455367 2.71828
1.0 1.0 0.045149 2.71828
1.0 1.0 0.0742242 2.71828
1.0 1.0 0.0533269 2.71828
1.0 2.0 0.0249422 2.71828
1.0 2.0 0.0430343 2.71828
1.0 2.0 0.0255162 2.71828
1.0 2.0 0.0290182 2.71828
1.0 2.0 0.0467329 2.71828
1.0 2.0 0.0292694 2.71828
1.0 2.0 0.0418209 2.71828
1.0 2.0 0.0423128 2.71828
1.0 2.0 0.0279477 2.71828
1.0 2.0 0.0278578 2.71828
1.0 2.0 0.042306 2.71828
1.0 2.0 0.0303682 2.71828
1.0 2.0 0.0292982 2.71828
1.0 2.0 0.0428575 2.71828
1.0 2.0 0.0311936 2.71828
1.0 2.0 0.0285913 2.71828
1.0 2.0 0.0289266 2.71828
1.0 2.0 0.0433127 2.71828
1.0 2.0 0.0427205 2.71828
1.0 2.0 0.0294908 2.71828
1.0 2.0 0.0411972 2.71828
1.0 2.0 0.029436 2.71828
1.0 2.0 0.0279969 2.71828
1.0 2.0 0.0278766 2.71828
1.0 2.0 0.0281644 2.71828
1.0 2.0 0.0423225 2.71828
1.0 2.0 0.046083 2.71828
1.0 2.0 0.0287731 2.71828
1.0 2.0 0.0242738 2.71828
1.0 2.0 0.0291258 2.71828
1.0 2.0 0.0446735 2.71828
1.0 2.0 0.030217 2.71828
1.0 2.0 0.0291623 2.71828
1.0 2.0 0.0456389 2.71828
1.0 2.0 0.0460784 2.71828
1.0 2.0 0.0286027 2.71828
1.0 2.0 0.0313505 2.71828
1.0 2.0 0.045793 2.71828
1.0 2.0 0.026511 2.71828
1.0 2.0 0.0274908 2.71828
1.0 2.0 0.0277375 2.71828
1.0 2.0 0.0485767 2.71828
1.0 2.0 0.030014 2.71828
1.0 2.0 0.0272209 2.71828
1.0 2.0 0.0277505 2.71828
1.0 2.0 0.0308799 2.71828
1.0 2.0 0.0301165 2.71828
1.0 2.0 0.0266451 2.71828
1.0 2.0 0.0429652 2.71828
1.0 2.0 0.028896 2.71828
1.0 3.0 0.030794 2.71828
1.0 3.0 0.0220274 2.71828
1.0 3.0 0.0299298 2.71828
1.0 3.0 0.0257579 2.71828
1.0 3.0 0.0217425 2.71828
1.0 3.0 0.0301148 2.71828
1.0 3.0 0.0225977 2.71828
1.0 3.0 0.0242123 2.71828
1.0 3.0 0.0275977 2.71828
1.0 3.0 0.0223109 2.71828
1.0 3.0 0.0325886 2.71828
1.0 3.0 0.0325746 2.71828
1.0 3.0 0.025885 2.71828
1.0 3.0 0.0213796 2.71828
1.0 3.0 0.0222684 2.71828
1.0 3.0 0.0314077 2.71828
1.0 3.0 0.022312 2.71828
1.0 3.0 0.0202956 2.71828
1.0 3.0 0.0264908 2.71828
1.0 3.0 0.032241 2.71828
1.0 3.0 0.0204773 2.71828
1.0 3.0 0.0271081 2.71828
1.0 3.0 0.0218773 2.71828
1.0 3.0 0.0212917 2.71828
1.0 3.0 0.026677 2.71828
1.0 3.0 0.0256037 2.71828
1.0 3.0 0.0283845 2.71828
1.0 3.0 0.0202906 2.71828
1.0 3.0 0.0312807 2.71828
1.0 3.0 0.0237611 2.71828
1.0 3.0 0.0232038 2.71828
1.0 3.0 0.029869 2.71828
1.0 3.0 0.0237346 2.71828
1.0 3.0 0.0216144 2.71828
1.0 3.0 0.0244805 2.71828
1.0 3.0 0.0224791 2.71828
1.0 3.0 0.0279348 2.71828
1.0 3.0 0.0224422 2.71828
1.0 3.0 0.0252625 2.71828
1.0 3.0 0.0203362 2.71828
1.0 3.0 0.032855 2.71828
1.0 3.0 0.0233845 2.71828
1.0 3.0 0.0224868 2.71828
1.0 3.0 0.0293496 2.71828
1.0 3.0 0.0235831 2.71828
1.0 3.0 0.0216031 2.71828
1.0 3.0 0.0217747 2.71828
1.0 3.0 0.0257869 2.71828
1.0 3.0 0.0208591 2.71828
1.0 3.0 0.0235209 2.71828
1.0 4.0 0.021859 2.71828
1.0 4.0 0.0244275 2.71828
1.0 4.0 0.0180695 2.71828
1.0 4.0 0.0182351 2.71828
1.0 4.0 0.0216065 2.71828
1.0 4.0 0.0187823 2.71828
1.0 4.0 0.0163008 2.71828
1.0 4.0 0.0257513 2.71828
1.0 4.0 0.0201434 2.71828
1.0 4.0 0.0155518 2.71828
1.0 4.0 0.0263276 2.71828
1.0 4.0 0.0202799 2.71828
1.0 4.0 0.0202329 2.71828
1.0 4.0 0.0262784 2.71828
1.0 4.0 0.0218174 2.71828
1.0 4.0 0.0228881 2.71828
1.0 4.0 0.0175379 2.71828
1.0 4.0 0.0234398 2.71828
1.0 4.0 0.0172161 2.71828
1.0 4.0 0.0251191 2.71828
1.0 4.0 0.017049 2.71828
1.0 4.0 0.0176647 2.71828
1.0 4.0 0.026388 2.71828
1.0 4.0 0.0222885 2.71828
1.0 4.0 0.0161758 2.71828
1.0 4.0 0.0198955 2.71828
1.0 4.0 0.0201256 2.71828
1.0 4.0 0.0220742 2.71828
1.0 4.0 0.0266222 2.71828
1.0 4.0 0.0213037 2.71828
1.0 4.0 0.01653 2.71828
1.0 4.0 0.020896 2.71828
1.0 4.0 0.0174502 2.71828
1.0 4.0 0.0183775 2.71828
1.0 4.0 0.0185169 2.71828
1.0 4.0 0.0176857 2.71828
1.0 4.0 0.0186778 2.71828
1.0 4.0 0.0265541 2.71828
1.0 4.0 0.0171999 2.71828
1.0 4.0 0.0175646 2.71828
1.0 4.0 0.0187436 2.71828
1.0 4.0 0.0227174 2.71828
1.0 4.0 0.0218918 2.71828
1.0 4.0 0.0187013 2.71828
1.0 4.0 0.020667 2.71828
1.0 4.0 0.0195192 2.71828
1.0 4.0 0.0195263 2.71828
1.0 4.0 0.0204313 2.71828
1.0 4.0 0.021306 2.71828
1.0 4.0 0.0201063 2.71828
1.0 5.0 0.0219153 2.71828
1.0 5.0 0.0220222 2.71828
1.0 5.0 0.0203256 2.71828
1.0 5.0 0.0213722 2.71828
1.0 5.0 0.0215973 2.71828
1.0 5.0 0.0220582 2.71828
1.0 5.0 0.0214859 2.71828
1.0 5.0 0.0213291 2.71828
1.0 5.0 0.0220432 2.71828
1.0 5.0 0.0220745 2.71828
1.0 5.0 0.021498 2.71828
1.0 5.0 0.0221828 2.71828
1.0 5.0 0.0221867 2.71828
1.0 5.0 0.0222439 2.71828
1.0 5.0 0.0218815 2.71828
1.0 5.0 0.0217917 2.71828
1.0 5.0 0.0219493 2.71828
1.0 5.0 0.0223908 2.71828
1.0 5.0 0.0225762 2.71828
1.0 5.0 0.0220478 2.71828
1.0 5.0 0.0222657 2.71828
1.0 5.0 0.0217243 2.71828
1.0 5.0 0.0220491 2.71828
1.0 5.0 0.0221356 2.71828
1.0 5.0 0.0218758 2.71828
1.0 5.0 0.021874 2.71828
1.0 5.0 0.0220517 2.71828
1.0 5.0 0.0217794 2.71828
1.0 5.0 0.0219937 2.71828
1.0 5.0 0.0224041 2.71828
1.0 5.0 0.0220746 2.71828
1.0 5.0 0.0216235 2.71828
1.0 5.0 0.0203047 2.71828
1.0 5.0 0.0219026 2.71828
1.0 5.0 0.0219609 2.71828
1.0 5.0 0.0218749 2.71828
1.0 5.0 0.0221418 2.71828
1.0 5.0 0.0200898 2.71828
1.0 5.0 0.0221624 2.71828
1.0 5.0 0.0216118 2.71828
1.0 5.0 0.0217057 2.71828
1.0 5.0 0.0204854 2.71828
1.0 5.0 0.0213973 2.71828
1.0 5.0 0.0213487 2.71828
1.0 5.0 0.0238798 2.71828
1.0 5.0 0.021991 2.71828
1.0 5.0 0.0219586 2.71828
1.0 5.0 0.0222288 2.71828
1.0 5.0 0.0220805 2.71828
1.0 5.0 0.0225687 2.71828
1.0 6.0 0.0195286 2.71828
1.0 6.0 0.0199696 2.71828
1.0 6.0 0.0195051 2.71828
1.0 6.0 0.0200216 2.71828
1.0 6.0 0.0191552 2.71828
1.0 6.0 0.0192505 2.71828
1.0 6.0 0.019898 2.71828
1.0 6.0 0.0200496 2.71828
1.0 6.0 0.0195897 2.71828
1.0 6.0 0.0196189 2.71828
1.0 6.0 0.0202694 2.71828
1.0 6.0 0.0195186 2.71828
1.0 6.0 0.0193553 2.71828
1.0 6.0 0.0196735 2.71828
1.0 6.0 0.0195722 2.71828
1.0 6.0 0.0195992 2.71828
1.0 6.0 0.0199373 2.71828
1.0 6.0 0.0197104 2.71828
1.0 6.0 0.0197835 2.71828
1.0 6.0 0.0200186 2.71828
1.0 6.0 0.0204698 2.71828
1.0 6.0 0.0198392 2.71828
1.0 6.0 0.0197585 2.71828
1.0 6.0 0.0197303 2.71828
1.0 6.0 0.0195354 2.71828
1.0 6.0 0.0189169 2.71828
1.0 6.0 0.0517039 2.71828
1.0 6.0 0.0192375 2.71828
1.0 6.0 0.0196649 2.71828
1.0 6.0 0.0196572 2.71828
1.0 6.0 0.0196665 2.71828
1.0 6.0 0.0190509 2.71828
1.0 6.0 0.0194654 2.71828
1.0 6.0 0.0194948 2.71828
1.0 6.0 0.0198519 2.71828
1.0 6.0 0.048586 2.71828
1.0 6.0 0.0203269 2.71828
1.0 6.0 0.019451 2.71828
1.0 6.0 0.0196223 2.71828
1.0 6.0 0.0192765 2.71828
1.0 6.0 0.0210827 2.71828
1.0 6.0 0.0196878 2.71828
1.0 6.0 0.0192586 2.71828
1.0 6.0 0.0196685 2.71828
1.0 6.0 0.0199747 2.71828
1.0 6.0 0.01984 2.71828
1.0 6.0 0.0197656 2.71828
1.0 6.0 0.0195522 2.71828
1.0 6.0 0.018599 2.71828
1.0 6.0 0.0204316 2.71828
1.0 7.0 0.0185269 2.71828
1.0 7.0 0.0183721 2.71828
1.0 7.0 0.0184594 2.71828
1.0 7.0 0.0187217 2.71828
1.0 7.0 0.0185752 2.71828
1.0 7.0 0.0183909 2.71828
1.0 7.0 0.0187838 2.71828
1.0 7.0 0.018369 2.71828
1.0 7.0 0.0186991 2.71828
1.0 7.0 0.0187361 2.71828
1.0 7.0 0.0182194 2.71828
1.0 7.0 0.0183302 2.71828
1.0 7.0 0.018445 2.71828
1.0 7.0 0.0187072 2.71828
1.0 7.0 0.0178738 2.71828
1.0 7.0 0.0182427 2.71828
1.0 7.0 0.0186025 2.71828
1.0 7.0 0.0180308 2.71828
1.0 7.0 0.0186025 2.71828
1.0 7.0 0.0184959 2.71828
1.0 7.0 0.018903 2.71828
1.0 7.0 0.0184452 2.71828
1.0 7.0 0.0189518 2.71828
1.0 7.0 0.0180919 2.71828
1.0 7.0 0.0182043 2.71828
1.0 7.0 0.0183399 2.71828
1.0 7.0 0.018669 2.71828
1.0 7.0 0.0185602 2.71828
1.0 7.0 0.0187166 2.71828
1.0 7.0 0.0183305 2.71828
1.0 7.0 0.0183997 2.71828
1.0 7.0 0.0182477 2.71828
1.0 7.0 0.017931 2.71828
1.0 7.0 0.0183977 2.71828
1.0 7.0 0.0185884 2.71828
1.0 7.0 0.0185618 2.71828
1.0 7.0 0.019008 2.71828
1.0 7.0 0.0183152 2.71828
1.0 7.0 0.0182949 2.71828
1.0 7.0 0.018507 2.71828
1.0 7.0 0.018925 2.71828
1.0 7.0 0.0183873 2.71828
1.0 7.0 0.0188402 2.71828
1.0 7.0 0.0184982 2.71828
1.0 7.0 0.0187748 2.71828
1.0 7.0 0.0185708 2.71828
1.0 7.0 0.0187679 2.71828
1.0 7.0 0.0183982 2.71828
1.0 7.0 0.018431 2.71828
1.0 7.0 0.0185026 2.71828
1.0 8.0 0.0174027 2.71828
1.0 8.0 0.0183373 2.71828
1.0 8.0 0.0176578 2.71828
1.0 8.0 0.0181934 2.71828
1.0 8.0 0.0172493 2.71828
1.0 8.0 0.0179314 2.71828
1.0 8.0 0.0180576 2.71828
1.0 8.0 0.0170006 2.71828
1.0 8.0 0.0178321 2.71828
1.0 8.0 0.0174136 2.71828
1.0 8.0 0.0185189 2.71828
1.0 8.0 0.0180852 2.71828
1.0 8.0 0.0177935 2.71828
1.0 8.0 0.0176391 2.71828
1.0 8.0 0.0182368 2.71828
1.0 8.0 0.0176054 2.71828
1.0 8.0 0.0174897 2.71828
1.0 8.0 0.0181127 2.71828
1.0 8.0 0.0174295 2.71828
1.0 8.0 0.0170554 2.71828
1.0 8.0 0.0185203 2.71828
1.0 8.0 0.0181523 2.71828
1.0 8.0 0.017327 2.71828
1.0 8.0 0.0172909 2.71828
1.0 8.0 0.0178844 2.71828
1.0 8.0 0.0170637 2.71828
1.0 8.0 0.0187325 2.71828
1.0 8.0 0.0175464 2.71828
1.0 8.0 0.0171329 2.71828
1.0 8.0 0.0174806 2.71828
1.0 8.0 0.0177538 2.71828
1.0 8.0 0.0177409 2.71828
1.0 8.0 0.0181667 2.71828
1.0 8.0 0.0175433 2.71828
1.0 8.0 0.0171788 2.71828
1.0 8.0 0.0177791 2.71828
1.0 8.0 0.0174126 2.71828
1.0 8.0 0.0183648 2.71828
1.0 8.0 0.0185974 2.71828
1.0 8.0 0.0177864 2.71828
1.0 8.0 0.0175247 2.71828
1.0 8.0 0.0182942 2.71828
1.0 8.0 0.0173348 2.71828
1.0 8.0 0.0175971 2.71828
1.0 8.0 0.0180885 2.71828
1.0 8.0 0.0176714 2.71828
1.0 8.0 0.0190388 2.71828
1.0 8.0 0.0187436 2.71828
1.0 8.0 0.0180496 2.71828
1.0 8.0 0.0170699 2.71828
2.0 1.0 0.326099 -8.43827e-33
2.0 1.0 0.291127 -8.43827e-33
2.0 1.0 0.306712 -8.43827e-33
2.0 1.0 0.296639 -5.02058e-32
2.0 1.0 0.178584 -1.78243e-120
2.0 1.0 0.35972 -8.43827e-33
2.0 1.0 0.301641 -8.43827e-33
2.0 1.0 0.308463 -8.43827e-33
2.0 1.0 0.278329 -8.43827e-33
2.0 1.0 0.172999 -1.49296e-121
2.0 1.0 0.371555 -8.43827e-33
2.0 1.0 0.331986 -8.43827e-33
2.0 1.0 0.317233 -8.43827e-33
2.0 1.0 0.287169 -8.43827e-33
2.0 1.0 0.294738 -2.01644e-31
2.0 1.0 0.316136 -8.43827e-33
2.0 1.0 0.196043 -2.27948e-122
2.0 1.0 0.279114 -2.03723e-31
2.0 1.0 0.296893 -8.43827e-33
2.0 1.0 0.192098 -1.40387e-115
2.0 1.0 0.30983 -5.02058e-32
2.0 1.0 0.321823 -8.43827e-33
2.0 1.0 0.307169 -5.02058e-32
2.0 1.0 0.324441 -8.43827e-33
2.0 1.0 0.308605 -5.02058e-32
2.0 1.0 0.330612 -8.43827e-33
2.0 1.0 0.311911 -8.43827e-33
2.0 1.0 0.319298 -8.43827e-33
2.0 1.0 0.341283 -8.43827e-33
2.0 1.0 0.198949 -1.01885e-112
2.0 1.0 0.348029 -8.43827e-33
2.0 1.0 0.334253 -8.43827e-33
2.0 1.0 0.30454 -5.02058e-32
2.0 1.0 0.273631 -4.33559e-32
2.0 1.0 0.185467 -3.67669e-118
2.0 1.0 0.301909 -5.02058e-32
2.0 1.0 0.303424 -8.43827e-33
2.0 1.0 0.323921 -4.33559e-32
2.0 1.0 0.180157 -2.21749e-119
2.0 1.0 0.339108 -8.43827e-33
2.0 1.0 0.31844 -8.43827e-33
2.0 1.0 0.341407 -8.43827e-33
2.0 1.0 0.186225 -6.14206e-119
2.0 1.0 0.166679 -5.58255e-121
2.0 1.0 0.317562 -8.43827e-33
2.0 1.0 0.236764 -2.50139e-121
2.0 1.0 0.0609107 -2.6239e-107
2.0 1.0 0.30672 -2.01644e-31
2.0 1.0 0.247712 -2.01644e-31
2.0 1.0 0.308973 -8.43827e-33
2.0 2.0 0.0919776 -5.70406e-116
2.0 2.0 0.172438 -4.33559e-32
2.0 2.0 0.149809 -4.33559e-32
2.0 2.0 0.238492 -8.43827e-33
2.0 2.0 0.211626 -4.67773e-117
2.0 2.0 0.218832 -8.43827e-33
2.0 2.0 0.216913 -8.43827e-33
2.0 2.0 0.140838 -5.02058e-32
2.0 2.0 0.181726 -5.02058e-32
2.0 2.0 0.230673 -5.18759e-117
2.0 2.0 0.148837 -6.65556e-121
2.0 2.0 0.234449 -4.33559e-32
2.0 2.0 0.214945 -2.01644e-31
2.0 2.0 0.147732 -8.43827e-33
2.0 2.0 0.219206 -8.43827e-33
2.0 2.0 0.225396 -8.43827e-33
2.0 2.0 0.171467 -8.43827e-33
2.0 2.0 0.204505 -8.43827e-33
2.0 2.0 0.210529 -4.96168e-115
2.0 2.0 0.163704 -4.33559e-32
2.0 2.0 0.224389 -4.33559e-32
2.0 2.0 0.150526 -2.39598e-113
2.0 2.0 0.245134 -8.43827e-33
2.0 2.0 0.202967 -5.02058e-32
2.0 2.0 0.153235 -4.33559e-32
2.0 2.0 0.207864 -8.43827e-33
2.0 2.0 0.227768 -8.43827e-33
2.0 2.0 0.152308 -8.43827e-33
2.0 2.0 0.220107 -8.43827e-33
2.0 2.0 0.163331 -6.01233e-121
2.0 2.0 0.156989 -6.77826e-31
2.0 2.0 0.14434 -8.43827e-33
2.0 2.0 0.145737 -3.44148e-125
2.0 2.0 0.135983 -1.75773e-118
2.0 2.0 0.105291 -1.95168e-122
2.0 2.0 0.153937 -8.43827e-33
2.0 2.0 0.150854 -8.43827e-33
2.0 2.0 0.201556 -4.33559e-32
2.0 2.0 0.146715 -2.03723e-31
2.0 2.0 0.161473 -1.71315e-120
2.0 2.0 0.150388 -5.02058e-32
2.0 2.0 0.218394 -8.43827e-33
2.0 2.0 0.19852 -8.43827e-33
2.0 2.0 0.225141 -8.43827e-33
2.0 2.0 0.150689 -8.43827e-33
2.0 2.0 0.149456 -8.43827e-33
2.0 2.0 0.158706 -4.33559e-32
2.0 2.0 0.150083 -1.44205e-105
2.0 2.0 0.187911 -2.36189e-112
2.0 2.0 0.133881 -8.5066e-121
2.0 3.0 0.111917 -8.43827e-33
2.0 3.0 0.155687 -8.43827e-33
2.0 3.0 0.102697 -8.43827e-33
2.0 3.0 0.106825 -8.43827e-33
2.0 3.0 0.11189 -8.43827e-33
2.0 3.0 0.127385 -8.43827e-33
2.0 3.0 0.123036 -8.43827e-33
2.0 3.0 0.113581 -8.43827e-33
2.0 3.0 0.106023 -1.70554e-118
2.0 3.0 0.112171 -2.03723e-31
2.0 3.0 0.0638049 -2.12355e-116
2.0 3.0 0.154555 -4.77501e-110
2.0 3.0 0.0644511 -1.22533e-113
2.0 3.0 0.102844 -5.02058e-32
2.0 3.0 0.149138 -1.7325e-31
2.0 3.0 0.0680179 -1.48707e-114
2.0 3.0 0.118309 -8.43827e-33
2.0 3.0 0.105458 -8.43827e-33
2.0 3.0 0.106242 -8.43827e-33
2.0 3.0 0.112722 -8.43827e-33
2.0 3.0 0.124158 -1.5401e-118
2.0 3.0 0.0991035 -5.02058e-32
2.0 3.0 0.0701162 -1.28369e-103
2.0 3.0 0.142178 -3.45636e-119
2.0 3.0 0.112464 -5.02058e-32
2.0 3.0 0.112195 -8.43827e-33
2.0 3.0 0.153112 -8.43827e-33
2.0 3.0 0.096517 -1.57064e-125
2.0 3.0 0.12842 -8.43827e-33
2.0 3.0 0.104411 -8.43827e-33
2.0 3.0 0.109047 -8.43827e-33
2.0 3.0 0.0623408 -1.24129e-105
2.0 3.0 0.151656 -8.43827e-33
2.0 3.0 0.112846 -5.02058e-32
2.0 3.0 0.108538 -2.01644e-31
2.0 3.0 0.105589 -2.40281e-118
2.0 3.0 0.109589 -8.43827e-33
2.0 3.0 0.111834 -8.43827e-33
2.0 3.0 0.138737 -2.21576e-120
2.0 3.0 0.103092 -8.43827e-33
2.0 3.0 0.154248 -8.43827e-33
2.0 3.0 0.114253 -8.43827e-33
2.0 3.0 0.122638 -8.43827e-33
2.0 3.0 0.105975 -2.06514e-116
2.0 3.0 0.133504 -5.02058e-32
2.0 3.0 0.104708 -2.73524e-122
2.0 3.0 0.11712 -8.43827e-33
2.0 3.0 0.121603 -5.02058e-32
2.0 3.0 0.126045 -5.02058e-32
2.0 3.0 0.119622 -5.02058e-32
2.0 4.0 0.0859225 -8.43827e-33
2.0 4.0 0.0877695 -8.43827e-33
2.0 4.0 0.086655 -8.43827e-33
2.0 4.0 0.104077 -8.43827e-33
2.0 4.0 0.112828 -8.43827e-33
2.0 4.0 0.0868798 -8.43827e-33
2.0 4.0 0.0855638 -8.43827e-33
2.0 4.0 0.102491 -8.43827e-33
2.0 4.0 0.0898833 -8.43827e-33
2.0 4.0 0.0824054 -4.20793e-119
2.0 4.0 0.111671 -2.14076e-112
2.0 4.0 0.0807363 -2.01644e-31
2.0 4.0 0.083123 -8.43827e-33
2.0 4.0 0.0802645 -2.46332e-111
2.0 4.0 0.0786155 -4.33559e-32
2.0 4.0 0.120402 -8.43827e-33
2.0 4.0 0.120714 -8.43827e-33
2.0 4.0 0.0854096 -4.52893e-116
2.0 4.0 0.0859349 -4.33559e-32
2.0 4.0 0.117827 -8.43827e-33
2.0 4.0 0.115127 -8.43827e-33
2.0 4.0 0.0828122 -2.01644e-31
2.0 4.0 0.153816 -5.02058e-32
2.0 4.0 0.0861699 -5.15436e-104
2.0 4.0 0.0986068 -8.43827e-33
2.0 4.0 0.100457 -1.34659e-119
2.0 4.0 0.0850897 -8.43827e-33
2.0 4.0 0.0868037 -8.43827e-33
2.0 4.0 0.0949563 -8.43827e-33
2.0 4.0 0.117428 -5.02058e-32
2.0 4.0 0.115918 -8.43827e-33
2.0 4.0 0.0853148 -8.43827e-33
2.0 4.0 0.0792192 -8.43827e-33
2.0 4.0 0.0983535 -8.43827e-33
2.0 4.0 0.0820748 -2.36773e-108
2.0 4.0 0.0874685 -8.43827e-33
2.0 4.0 0.0849548 -5.1301e-118
2.0 4.0 0.0767228 -2.1103e-106
2.0 4.0 0.0818178 -2.95393e-106
2.0 4.0 0.0790319 -1.48297e-114
2.0 4.0 0.0931452 -8.43827e-33
2.0 4.0 0.0865143 -8.43827e-33
2.0 4.0 0.116021 -3.57867e-120
2.0 4.0 0.0784787 -8.43827e-33
2.0 4.0 0.0849347 -8.43827e-33
2.0 4.0 0.0914196 -7.1588e-121
2.0 4.0 0.118152 -1.26057e-104
2.0 4.0 0.0979344 -2.03723e-31
2.0 4.0 0.0948509 -5.02058e-32
2.0 4.0 0.081425 -8.43827e-33
2.0 5.0 0.0911199 -8.43827e-33
2.0 5.0 0.091322 -8.43827e-33
2.0 5.0 0.0940015 -8.43827e-33
2.0 5.0 0.0956496 -8.43827e-33
2.0 5.0 0.0948942 -5.02058e-32
2.0 5.0 0.0919167 -4.20832e-117
2.0 5.0 0.0958628 -5.11547e-118
2.0 5.0 0.0863884 -1.51494e-117
2.0 5.0 0.0951205 -5.02058e-32
2.0 5.0 0.088349 -2.40623e-121
2.0 5.0 0.0961388 -8.43827e-33
2.0 5.0 0.0987202 -5.93243e-117
2.0 5.0 0.0944831 -1.23863e-109
2.0 5.0 0.0958807 -4.33559e-32
2.0 5.0 0.0981535 -4.33559e-32
2.0 5.0 0.0956345 -8.43827e-33
2.0 5.0 0.0945374 -5.02058e-32
2.0 5.0 0.088819 -8.43827e-33
2.0 5.0 0.0929345 -5.02058e-32
2.0 5.0 0.0959494 -2.01644e-31
2.0 5.0 0.0959254 -4.33559e-32
2.0 5.0 0.0976496 -8.43827e-33
2.0 5.0 0.0884719 -4.33559e-32
2.0 5.0 0.0937643 -3.54667e-119
2.0 5.0 0.0937954 -9.2397e-116
2.0 5.0 0.0941565 -8.43827e-33
2.0 5.0 0.0874123 -8.43827e-33
2.0 5.0 0.0912467 -1.0548e-113
2.0 5.0 0.0918267 -2.09718e-115
2.0 5.0 0.0964984 -5.02058e-32
2.0 5.0 0.090276 -5.02058e-32
2.0 5.0 0.0969059 -8.43827e-33
2.0 5.0 0.0950318 -4.33559e-32
2.0 5.0 0.0956778 -8.43827e-33
2.0 5.0 0.0957412 -2.41661e-108
2.0 5.0 0.0891924 -8.48235e-103
2.0 5.0 0.0938422 -2.78827e-111
2.0 5.0 0.0935355 -4.33559e-32
2.0 5.0 0.0969056 -8.43827e-33
2.0 5.0 0.0926048 -6.98216e-118
2.0 5.0 0.0964703 -8.43827e-33
2.0 5.0 0.0965649 -5.69044e-111
2.0 5.0 0.0915897 -3.68751e-122
2.0 5.0 0.0961463 -8.43827e-33
2.0 5.0 0.0932883 -7.77784e-109
2.0 5.0 0.0953988 -8.43827e-33
2.0 5.0 0.0940046 -3.01454e-116
2.0 5.0 0.089014 -7.23046e-116
2.0 5.0 0.0954222 -8.43827e-33
2.0 5.0 0.0976069 -8.43827e-33
2.0 6.0 0.0801241 -8.7254e-113
2.0 6.0 0.0809026 -8.43827e-33
2.0 6.0 0.0759553 -7.66606e-114
2.0 6.0 0.0785634 -8.43827e-33
2.0 6.0 0.0822737 -5.02058e-32
2.0 6.0 0.104232 -2.03723e-31
2.0 6.0 0.0799059 -8.43827e-33
2.0 6.0 0.081535 -2.03723e-31
2.0 6.0 0.080314 -8.43827e-33
2.0 6.0 0.0768972 -5.02058e-32
2.0 6.0 0.0824746 -5.02058e-32
2.0 6.0 0.0796949 -8.43827e-33
2.0 6.0 0.0772409 -5.35974e-110
2.0 6.0 0.0774932 -4.33559e-32
2.0 6.0 0.0808031 -8.43827e-33
2.0 6.0 0.0836787 -5.13199e-123
2.0 6.0 0.0777504 -2.03723e-31
2.0 6.0 0.0808539 -2.01644e-31
2.0 6.0 0.0816071 -2.03723e-31
2.0 6.0 0.0817241 -8.43827e-33
2.0 6.0 0.0759231 -6.96468e-116
2.0 6.0 0.159723 -6.59092e-120
2.0 6.0 0.0807651 -1.78643e-117
2.0 6.0 0.0770518 -8.43827e-33
2.0 6.0 0.080643 -8.43827e-33
2.0 6.0 0.0820842 -8.43827e-33
2.0 6.0 0.0754776 -4.12787e-116
2.0 6.0 0.0790688 -5.02058e-32
2.0 6.0 0.0838418 -8.43827e-33
2.0 6.0 0.0822603 -4.33559e-32
2.0 6.0 0.0791675 -4.33559e-32
2.0 6.0 0.0784852 -8.43827e-33
2.0 6.0 0.0805935 -3.07872e-118
2.0 6.0 0.075431 -2.01644e-31
2.0 6.0 0.0807734 -1.62336e-111
2.0 6.0 0.080265 -8.43827e-33
2.0 6.0 0.0820972 -4.23537e-114
2.0 6.0 0.0807729 -1.68801e-111
2.0 6.0 0.0781964 -2.10595e-122
2.0 6.0 0.0735335 -7.80285e-116
2.0 6.0 0.0831626 -8.43827e-33
2.0 6.0 0.0795627 -8.43827e-33
2.0 6.0 0.0758975 -8.43827e-33
2.0 6.0 0.0811017 -8.43827e-33
2.0 6.0 0.080329 -6.04478e-105
2.0 6.0 0.0775862 -8.43827e-33
2.0 6.0 0.0822482 -1.7325e-31
2.0 6.0 0.080723 -4.33559e-32
2.0 6.0 0.0797396 -2.70287e-118
2.0 6.0 0.0799056 -1.69266e-114
2.0 7.0 0.0694248 -2.77969e-117
2.0 7.0 0.071549 -5.02058e-32
2.0 7.0 0.0704435 -1.7325e-31
2.0 7.0 0.0697679 -2.04315e-116
2.0 7.0 0.070424 -2.64406e-110
2.0 7.0 0.0710446 -2.03723e-31
2.0 7.0 0.0697784 -4.4536e-106
2.0 7.0 0.0708136 -2.03723e-31
2.0 7.0 0.0702689 -2.03723e-31
2.0 7.0 0.0699819 -8.46639e-115
2.0 7.0 0.0681177 -1.8536e-112
2.0 7.0 0.0709798 -4.33559e-32
2.0 7.0 0.0717791 -8.43827e-33
2.0 7.0 0.0710613 -5.02058e-32
2.0 7.0 0.0715942 -5.02058e-32
2.0 7.0 0.0715392 -4.33559e-32
2.0 7.0 0.072643 -5.02058e-32
2.0 7.0 0.072362 -5.02058e-32
2.0 7.0 0.07172 -8.43827e-33
2.0 7.0 0.0706617 -5.02058e-32
2.0 7.0 0.0724056 -8.43827e-33
2.0 7.0 0.0716781 -8.43827e-33
2.0 7.0 0.0708544 -1.02388e-123
2.0 7.0 0.0703471 -2.01644e-31
2.0 7.0 0.070919 -4.33559e-32
2.0 7.0 0.0726807 -8.43827e-33
2.0 7.0 0.0692962 -3.90238e-116
2.0 7.0 0.0701184 -6.77826e-31
2.0 7.0 0.0713152 -8.43827e-33
2.0 7.0 0.0705822 -6.77826e-31
2.0 7.0 0.0708713 -2.16032e-111
2.0 7.0 0.0704943 -3.13162e-120
2.0 7.0 0.0669678 -1.54136e-106
2.0 7.0 0.0713014 -8.43827e-33
2.0 7.0 0.0722094 -8.43827e-33
2.0 7.0 0.0717255 -8.43827e-33
2.0 7.0 0.0707396 -8.43827e-33
2.0 7.0 0.0671939 -2.01644e-31
2.0 7.0 0.0714015 -8.43827e-33
2.0 7.0 0.0673838 -3.45256e-119
2.0 7.0 0.06976 -3.16194e-122
2.0 7.0 0.0704315 -8.43827e-33
2.0 7.0 0.0704111 -8.43827e-33
2.0 7.0 0.0718018 -8.43827e-33
2.0 7.0 0.0712683 -4.33559e-32
2.0 7.0 0.0718491 -8.43827e-33
2.0 7.0 0.0700293 -2.70443e-124
2.0 7.0 0.0690793 -1.32857e-117
2.0 7.0 0.0708059 -4.53177e-112
2.0 7.0 0.069203 -1.08562e-120
2.0 8.0 0.062734 -5.02058e-32
2.0 8.0 0.0623927 -5.02058e-32
2.0 8.0 0.0642646 -8.43827e-33
2.0 8.0 0.063443 -4.33559e-32
2.0 8.0 0.0655245 -5.02058e-32
2.0 8.0 0.0652778 -4.33559e-32
2.0 8.0 0.0657862 -8.43827e-33
2.0 8.0 0.0641694 -5.02058e-32
2.0 8.0 0.0638367 -8.43827e-33
2.0 8.0 0.0595662 -8.43827e-33
2.0 8.0 0.0648773 -5.02058e-32
2.0 8.0 0.0654927 -8.43827e-33
2.0 8.0 0.0623709 -8.43827e-33
2.0 8.0 0.0642491 -4.33559e-32
2.0 8.0 0.0601122 -1.98322e-112
2.0 8.0 0.0635321 -4.33559e-32
2.0 8.0 0.0643174 -4.33559e-32
2.0 8.0 0.061935 -1.4995e-105
2.0 8.0 0.0646767 -5.02058e-32
2.0 8.0 0.0659105 -8.43827e-33
2.0 8.0 0.0620709 -4.03433e-118
2.0 8.0 0.0600492 -1.48976e-116
2.0 8.0 0.0657957 -8.43827e-33
2.0 8.0 0.0650235 -5.02058e-32
2.0 8.0 0.0612962 -8.43827e-33
2.0 8.0 0.0644077 -4.33559e-32
2.0 8.0 0.0588379 -7.74861e-112
2.0 8.0 0.0650467 -8.43827e-33
2.0 8.0 0.0612037 -4.33559e-32
2.0 8.0 0.0615515 -5.02058e-32
2.0 8.0 0.0644166 -8.43827e-33
2.0 8.0 0.0624613 -8.43827e-33
2.0 8.0 0.0610049 -1.55509e-123
2.0 8.0 0.0628687 -2.01644e-31
2.0 8.0 0.062766 -8.43827e-33
2.0 8.0 0.0635797 -5.02058e-32
2.0 8.0 0.0609135 -1.36083e-108
2.0 8.0 0.0600614 -1.91574e-116
2.0 8.0 0.0648444 -8.43827e-33
2.0 8.0 0.0648653 -8.43827e-33
2.0 8.0 0.0597844 -4.33559e-32
2.0 8.0 0.0627122 -8.43827e-33
2.0 8.0 0.0627635 -7.88627e-118
2.0 8.0 0.0608282 -6.62588e-121
2.0 8.0 0.0581363 -1.7291e-106
2.0 8.0 0.0662524 -8.43827e-33
2.0 8.0 0.0647173 -8.43827e-33
2.0 8.0 0.0653051 -8.43827e-33
2.0 8.0 0.0612662 -5.02058e-32
2.0 8.0 0.0633438 -1.20775e-106
3.0 1.0 0.0431411 -0.0
3.0 1.0 0.0504458 -0.0
3.0 1.0 0.0449698 -0.0
3.0 1.0 0.0437008 -0.0
3.0 1.0 0.0439072 -0.0
3.0 1.0 0.0486278 -0.0
3.0 1.0 0.0391359 -0.0
3.0 1.0 0.0426833 -0.0
3.0 1.0 0.0420994 -0.0
3.0 1.0 0.0472742 -0.0
3.0 1.0 0.0645498 -0.0
3.0 1.0 0.069111 -0.0
3.0 1.0 0.0695578 -0.0
3.0 1.0 0.0549236 -0.0
3.0 1.0 0.0443608 -0.0
3.0 1.0 0.0448866 -0.0
3.0 1.0 0.0420281 -0.0
3.0 1.0 0.0413596 -0.0
3.0 1.0 0.0368155 -0.0
3.0 1.0 0.0590236 -0.0
3.0 1.0 0.0456918 -0.0
3.0 1.0 0.0467054 -0.0
3.0 1.0 0.0456383 -0.0
3.0 1.0 0.0360215 -0.0
3.0 1.0 0.0659113 -0.0
3.0 1.0 0.0436129 -0.0
3.0 1.0 0.06451 -0.0
3.0 1.0 0.0363949 -0.0
3.0 1.0 0.0531414 -0.0
3.0 1.0 0.0632477 -0.0
3.0 1.0 0.0486701 -0.0
3.0 1.0 0.0443752 -0.0
3.0 1.0 0.0471935 -0.0
3.0 1.0 0.0757098 -0.0
3.0 1.0 0.0745553 -0.0
3.0 1.0 0.0404045 -0.0
3.0 1.0 0.0439769 -0.0
3.0 1.0 0.0376441 -0.0
3.0 1.0 0.0429284 -0.0
3.0 1.0 0.0758971 -0.0
3.0 1.0 0.049882 -0.0
3.0 1.0 0.0559316 -0.0
3.0 1.0 0.0419556 -0.0
3.0 1.0 0.0431502 -0.0
3.0 1.0 0.0411903 -0.0
3.0 1.0 0.0739111 -0.0
3.0 1.0 0.0493393 -0.0
3.0 1.0 0.0734007 -0.0
3.0 1.0 0.0419338 -0.0
3.0 1.0 0.0483243 -0.0
3.0 2.0 0.0236021 -0.0
3.0 2.0 0.0220477 -0.0
3.0 2.0 0.026433 -0.0
3.0 2.0 0.0281788 -0.0
3.0 2.0 0.0350887 -0.0
3.0 2.0 0.0225069 -0.0
3.0 2.0 0.0265033 -0.0
3.0 2.0 0.0289397 -0.0
3.0 2.0 0.0354555 -0.0
3.0 2.0 0.0299066 -0.0
3.0 2.0 0.0392474 -0.0
3.0 2.0 0.0246762 -0.0
3.0 2.0 0.0299064 -0.0
3.0 2.0 0.0290039 -0.0
3.0 2.0 0.0255276 -0.0
3.0 2.0 0.0362809 -0.0
3.0 2.0 0.0428469 -0.0
3.0 2.0 0.0223118 -0.0
3.0 2.0 0.0403432 -0.0
3.0 2.0 0.0279509 -0.0
3.0 2.0 0.0337332 -0.0
3.0 2.0 0.0267963 -0.0
3.0 2.0 0.0257577 -0.0
3.0 2.0 0.0242232 -0.0
3.0 2.0 0.0417975 -0.0
3.0 2.0 0.0400491 -0.0
3.0 2.0 0.032234 -0.0
3.0 2.0 0.0270213 -0.0
3.0 2.0 0.028752 -0.0
3.0 2.0 0.0220558 -0.0
3.0 2.0 0.0413604 -0.0
3.0 2.0 0.0409351 -0.0
3.0 2.0 0.0257428 -0.0
3.0 2.0 0.0411061 -0.0
3.0 2.0 0.041404 -0.0
3.0 2.0 0.0248991 -0.0
3.0 2.0 0.0273253 -0.0
3.0 2.0 0.0249681 -0.0
3.0 2.0 0.0281294 -0.0
3.0 2.0 0.0387377 -0.0
3.0 2.0 0.0270571 -0.0
3.0 2.0 0.0245407 -0.0
3.0 2.0 0.0235927 -0.0
3.0 2.0 0.0275636 -0.0
3.0 2.0 0.0288082 -0.0
3.0 2.0 0.0252016 -0.0
3.0 2.0 0.0415841 -0.0
3.0 2.0 0.039721 -0.0
3.0 2.0 0.025876 -0.0
3.0 2.0 0.0253972 -0.0
3.0 3.0 0.0262659 -0.0
3.0 3.0 0.0218418 -0.0
3.0 3.0 0.0203993 -0.0
3.0 3.0 0.0294643 -0.0
3.0 3.0 0.0188833 -0.0
3.0 3.0 0.0222496 -0.0
3.0 3.0 0.0227441 -0.0
3.0 3.0 0.01943 -0.0
3.0 3.0 0.0178223 -0.0
3.0 3.0 0.0297297 -0.0
3.0 3.0 0.0199237 -0.0
3.0 3.0 0.0214064 -0.0
3.0 3.0 0.0197897 -0.0
3.0 3.0 0.0200227 -0.0
3.0 3.0 0.018109 -0.0
3.0 3.0 0.0265424 -0.0
3.0 3.0 0.0230974 -0.0
3.0 3.0 0.0223989 -0.0
3.0 3.0 0.0219829 -0.0
3.0 3.0 0.0233685 -0.0
3.0 3.0 0.0291712 -0.0
3.0 3.0 0.0290275 -0.0
3.0 3.0 0.0262809 -0.0
3.0 3.0 0.0282932 -0.0
3.0 3.0 0.0225445 -0.0
3.0 3.0 0.0195833 -0.0
3.0 3.0 0.0219117 -0.0
3.0 3.0 0.0286471 -0.0
3.0 3.0 0.0211922 -0.0
3.0 3.0 0.0215068 -0.0
3.0 3.0 0.0186448 -0.0
3.0 3.0 0.0195604 -0.0
3.0 3.0 0.0191317 -0.0
3.0 3.0 0.020215 -0.0
3.0 3.0 0.0158242 -0.0
3.0 3.0 0.0233359 -0.0
3.0 3.0 0.0268121 -0.0
3.0 3.0 0.0217015 -0.0
3.0 3.0 0.0179393 -0.0
3.0 3.0 0.020746 -0.0
3.0 3.0 0.0299368 -0.0
3.0 3.0 0.0233811 -0.0
3.0 3.0 0.0234693 -0.0
3.0 3.0 0.015234 -0.0
3.0 3.0 0.0190527 -0.0
3.0 3.0 0.0302067 -0.0
3.0 3.0 0.0200323 -0.0
3.0 3.0 0.0201356 -0.0
3.0 3.0 0.021236 -0.0
3.0 3.0 0.021236 -0.0
3.0 4.0 0.026381 -0.0
3.0 4.0 0.0216128 -0.0
3.0 4.0 0.0154212 -0.0
3.0 4.0 0.0173357 -0.0
3.0 4.0 0.0188209 -0.0
3.0 4.0 0.0176493 -0.0
3.0 4.0 0.0162238 -0.0
3.0 4.0 0.0176016 -0.0
3.0 4.0 0.0254246 -0.0
3.0 4.0 0.0154726 -0.0
3.0 4.0 0.0200346 -0.0
3.0 4.0 0.0188254 -0.0
3.0 4.0 0.051988 -0.0
3.0 4.0 0.0174339 -0.0
3.0 4.0 0.0183872 -0.0
3.0 4.0 0.0162554 -0.0
3.0 4.0 0.0216757 -0.0
3.0 4.0 0.0166291 -0.0
3.0 4.0 0.016238 -0.0
3.0 4.0 0.0214659 -0.0
3.0 4.0 0.0149365 -0.0
3.0 4.0 0.0186154 -0.0
3.0 4.0 0.0198136 -0.0
3.0 4.0 0.0166175 -0.0
3.0 4.0 0.0199261 -0.0
3.0 4.0 0.0177807 -0.0
3.0 4.0 0.0131767 -0.0
3.0 4.0 0.0236509 -0.0
3.0 4.0 0.0256752 -0.0
3.0 4.0 0.0204769 -0.0
3.0 4.0 0.0149944 -0.0
3.0 4.0 0.0178369 -0.0
3.0 4.0 0.0163009 -0.0
3.0 4.0 0.0235705 -0.0
3.0 4.0 0.0183663 -0.0
3.0 4.0 0.0173887 -0.0
3.0 4.0 0.0176094 -0.0
3.0 4.0 0.0243572 -0.0
3.0 4.0 0.0183189 -0.0
3.0 4.0 0.0186312 -0.0
3.0 4.0 0.0238945 -0.0
3.0 4.0 0.0242185 -0.0
3.0 4.0 0.0149558 -0.0
3.0 4.0 0.019022 -0.0
3.0 4.0 0.0177967 -0.0
3.0 4.0 0.0181809 -0.0
3.0 4.0 0.0187719 -0.0
3.0 4.0 0.0184326 -0.0
3.0 4.0 0.0214823 -0.0
3.0 4.0 0.0200863 -0.0
3.0 5.0 0.0198582 -0.0
3.0 5.0 0.0202004 -0.0
3.0 5.0 0.0195435 -0.0
3.0 5.0 0.021436 -0.0
3.0 5.0 0.0204422 -0.0
3.0 5.0 0.0203785 -0.0
3.0 5.0 0.0195357 -0.0
3.0 5.0 0.020303 -0.0
3.0 5.0 0.0201637 -0.0
3.0 5.0 0.0200719 -0.0
3.0 5.0 0.0195999 -0.0
3.0 5.0 0.0201509 -0.0
3.0 5.0 0.0206441 -0.0
3.0 5.0 0.0193249 -0.0
3.0 5.0 0.0198484 -0.0
3.0 5.0 0.0195983 -0.0
3.0 5.0 0.0199903 -0.0
3.0 5.0 0.0203232 -0.0
3.0 5.0 0.0200436 -0.0
3.0 5.0 0.0201832 -0.0
3.0 5.0 0.0199863 -0.0
3.0 5.0 0.0190926 -0.0
3.0 5.0 0.0207689 -0.0
3.0 5.0 0.0200576 -0.0
3.0 5.0 0.0199073 -0.0
3.0 5.0 0.0199739 -0.0
3.0 5.0 0.0202065 -0.0
3.0 5.0 0.0198586 -0.0
3.0 5.0 0.0198936 -0.0
3.0 5.0 0.0207807 -0.0
3.0 5.0 0.0196488 -0.0
3.0 5.0 0.0195543 -0.0
3.0 5.0 0.0197724 -0.0
3.0 5.0 0.0188438 -0.0
3.0 5.0 0.0207148 -0.0
3.0 5.0 0.0198279 -0.0
3.0 5.0 0.0196759 -0.0
3.0 5.0 0.0197993 -0.0
3.0 5.0 0.0201291 -0.0
3.0 5.0 0.0198937 -0.0
3.0 5.0 0.0200726 -0.0
3.0 5.0 0.0191255 -0.0
3.0 5.0 0.0209314 -0.0
3.0 5.0 0.020122 -0.0
3.0 5.0 0.0200638 -0.0
3.0 5.0 0.0202133 -0.0
3.0 5.0 0.0199829 -0.0
3.0 5.0 0.0207449 -0.0
3.0 5.0 0.0202656 -0.0
3.0 5.0 0.0204697 -0.0
3.0 6.0 0.0187064 -0.0
3.0 6.0 0.0166468 -0.0
3.0 6.0 0.0181465 -0.0
3.0 6.0 0.0182115 -0.0
3.0 6.0 0.0183771 -0.0
3.0 6.0 0.0183458 -0.0
3.0 6.0 0.0177803 -0.0
3.0 6.0 0.0180437 -0.0
3.0 6.0 0.0179792 -0.0
3.0 6.0 0.0173039 -0.0
3.0 6.0 0.017784 -0.0
3.0 6.0 0.0175286 -0.0
3.0 6.0 0.0181828 -0.0
3.0 6.0 0.0173739 -0.0
3.0 6.0 0.0179262 -0.0
3.0 6.0 0.0180356 -0.0
3.0 6.0 0.0181069 -0.0
3.0 6.0 0.0177803 -0.0
3.0 6.0 0.0178025 -0.0
3.0 6.0 0.018061 -0.0
3.0 6.0 0.0177325 -0.0
3.0 6.0 0.018695 -0.0
3.0 6.0 0.0177486 -0.0
3.0 6.0 0.0180782 -0.0
3.0 6.0 0.0177248 -0.0
3.0 6.0 0.0172181 -0.0
3.0 6.0 0.0176854 -0.0
3.0 6.0 0.017282 -0.0
3.0 6.0 0.0171627 -0.0
3.0 6.0 0.0185906 -0.0
3.0 6.0 0.0180001 -0.0
3.0 6.0 0.0169986 -0.0
3.0 6.0 0.0181928 -0.0
3.0 6.0 0.0186365 -0.0
3.0 6.0 0.0186133 -0.0
3.0 6.0 0.0180516 -0.0
3.0 6.0 0.01762 -0.0
3.0 6.0 0.0183407 -0.0
3.0 6.0 0.0178652 -0.0
3.0 6.0 0.01685 -0.0
3.0 6.0 0.0183084 -0.0
3.0 6.0 0.0177752 -0.0
3.0 6.0 0.0173137 -0.0
3.0 6.0 0.0174555 -0.0
3.0 6.0 0.0171815 -0.0
3.0 6.0 0.0177519 -0.0
3.0 6.0 0.0177831 -0.0
3.0 6.0 0.0181603 -0.0
3.0 6.0 0.016602 -0.0
3.0 6.0 0.0175878 -0.0
3.0 7.0 0.01767 -0.0
3.0 7.0 0.0171322 -0.0
3.0 7.0 0.017322 -0.0
3.0 7.0 0.0167275 -0.0
3.0 7.0 0.0171988 -0.0
3.0 7.0 0.0171516 -0.0
3.0 7.0 0.017339 -0.0
3.0 7.0 0.0168637 -0.0
3.0 7.0 0.0173807 -0.0
3.0 7.0 0.0173259 -0.0
3.0 7.0 0.0175106 -0.0
3.0 7.0 0.0172201 -0.0
3.0 7.0 0.0170527 -0.0
3.0 7.0 0.0171322 -0.0
3.0 7.0 0.0176096 -0.0
3.0 7.0 0.0173022 -0.0
3.0 7.0 0.0171141 -0.0
3.0 7.0 0.0173255 -0.0
3.0 7.0 0.0175053 -0.0
3.0 7.0 0.0170037 -0.0
3.0 7.0 0.017229 -0.0
3.0 7.0 0.0168022 -0.0
3.0 7.0 0.0173454 -0.0
3.0 7.0 0.0174853 -0.0
3.0 7.0 0.0170816 -0.0
3.0 7.0 0.0172983 -0.0
3.0 7.0 0.0172148 -0.0
3.0 7.0 0.0176671 -0.0
3.0 7.0 0.0170916 -0.0
3.0 7.0 0.0173135 -0.0
3.0 7.0 0.0174141 -0.0
3.0 7.0 0.0172656 -0.0
3.0 7.0 0.017405 -0.0
3.0 7.0 0.017501 -0.0
3.0 7.0 0.0169866 -0.0
3.0 7.0 0.0176283 -0.0
3.0 7.0 0.017311 -0.0
3.0 7.0 0.0175669 -0.0
3.0 7.0 0.0174742 -0.0
3.0 7.0 0.017135 -0.0
3.0 7.0 0.017367 -0.0
3.0 7.0 0.017115 -0.0
3.0 7.0 0.016874 -0.0
3.0 7.0 0.0174722 -0.0
3.0 7.0 0.0173294 -0.0
3.0 7.0 0.0194796 -0.0
3.0 7.0 0.0175881 -0.0
3.0 7.0 0.0169557 -0.0
3.0 7.0 0.0175022 -0.0
3.0 7.0 0.0173107 -0.0
3.0 8.0 0.0170831 -0.0
3.0 8.0 0.0159827 -0.0
3.0 8.0 0.0175867 -0.0
3.0 8.0 0.0166328 -0.0
3.0 8.0 0.0166465 -0.0
3.0 8.0 0.016455 -0.0
3.0 8.0 0.0169202 -0.994959
3.0 8.0 0.0159908 -0.0
3.0 8.0 0.0174211 -0.0
3.0 8.0 0.0170043 -0.0
3.0 8.0 0.0158906 -0.0
3.0 8.0 0.0168596 -0.0
3.0 8.0 0.0169678 -0.0
3.0 8.0 0.0168495 -0.0
3.0 8.0 0.0153386 -0.0
3.0 8.0 0.0162106 -0.0
3.0 8.0 0.0160617 -0.0
3.0 8.0 0.0176449 -0.0
3.0 8.0 0.0164135 -0.0
3.0 8.0 0.0163976 -0.0
3.0 8.0 0.0168698 -0.0
3.0 8.0 0.0162547 -0.0
3.0 8.0 0.0166176 -0.0
3.0 8.0 0.0169403 -0.0
3.0 8.0 0.0162343 -0.0
3.0 8.0 0.0168052 -0.0
3.0 8.0 0.0166054 -0.0
3.0 8.0 0.0163073 -0.0
3.0 8.0 0.0164034 -0.0
3.0 8.0 0.0172727 -0.0
3.0 8.0 0.0170462 -0.0
3.0 8.0 0.0166721 -0.0
3.0 8.0 0.017318 -0.0
3.0 8.0 0.0166693 -0.0
3.0 8.0 0.0161585 -0.0
3.0 8.0 0.0163275 -0.0
3.0 8.0 0.017333 -0.0
3.0 8.0 0.0159659 -0.0
3.0 8.0 0.0157907 -0.0
3.0 8.0 0.0166102 -0.0
3.0 8.0 0.0161938 -0.0
3.0 8.0 0.015991 -0.0
3.0 8.0 0.016747 -0.0
3.0 8.0 0.0167982 -0.0
3.0 8.0 0.0173477 -0.0
3.0 8.0 0.015889 -0.0
3.0 8.0 0.0161334 -0.0
3.0 8.0 0.0162305 -0.0
3.0 8.0 0.0172062 -0.0
3.0 8.0 0.0164332 -0.0
4.0 1.0 0.983413 99.9981
4.0 1.0 1.02615 99.9613
4.0 1.0 0.851999 99.9787
4.0 1.0 1.05957 99.9633
4.0 1.0 0.906376 99.9439
4.0 1.0 1.12594 99.9944
4.0 1.0 1.16544 99.9998
4.0 1.0 0.298566 99.9484
4.0 1.0 0.290876 99.9176
4.0 1.0 0.667142 99.992
4.0 1.0 0.173674 99.9809
4.0 1.0 0.192066 99.9936
4.0 1.0 0.896911 99.9905
4.0 1.0 0.905987 99.9981
4.0 1.0 0.163535 99.9752
4.0 1.0 1.51954 99.9344
4.0 1.0 0.968199 99.9525
4.0 1.0 0.170271 99.9995
4.0 1.0 0.271033 99.9762
4.0 1.0 0.234216 99.9589
4.0 1.0 0.226329 99.9546
4.0 1.0 0.254993 99.9879
4.0 1.0 0.278127 99.9965
4.0 1.0 0.249397 99.924
4.0 1.0 0.264691 99.939
4.0 1.0 1.07628 99.9772
4.0 1.0 0.911981 99.9839
4.0 1.0 0.172054 99.9684
4.0 1.0 0.171472 99.9515
4.0 1.0 0.162709 99.9723
4.0 1.0 1.24336 99.9515
4.0 1.0 0.254237 99.9762
4.0 1.0 0.171811 99.9983
4.0 1.0 0.171655 99.9515
4.0 1.0 0.233988 99.9546
4.0 1.0 0.275001 99.9204
4.0 1.0 0.221635 99.9395
4.0 1.0 0.692412 99.9546
4.0 1.0 0.901241 99.9947
4.0 1.0 1.6341 99.9962
4.0 1.0 0.922209 99.9997
4.0 1.0 0.945733 99.9749
4.0 1.0 1.86427 99.9798
4.0 1.0 1.09048 99.9823
4.0 1.0 0.863599 99.968
4.0 1.0 0.158554 99.9987
4.0 1.0 0.809266 99.9952
4.0 1.0 0.278628 99.924
4.0 1.0 0.778203 99.988
4.0 1.0 0.317762 99.9541
4.0 2.0 0.588129 99.9515
4.0 2.0 0.52287 99.9884
4.0 2.0 0.156847 99.9769
4.0 2.0 0.157721 99.9515
4.0 2.0 0.154066 99.9762
4.0 2.0 1.49127 99.9417
4.0 2.0 0.433456 99.8628
4.0 2.0 0.513747 99.9515
4.0 2.0 0.143908 99.9752
4.0 2.0 1.10948 99.9665
4.0 2.0 0.151618 99.9776
4.0 2.0 0.73136 99.9864
4.0 2.0 1.00407 99.9803
4.0 2.0 0.46549 99.9973
4.0 2.0 1.25692 99.9762
4.0 2.0 0.465021 99.9515
4.0 2.0 0.900362 99.9872
4.0 2.0 0.619273 99.8356
4.0 2.0 0.763472 99.9866
4.0 2.0 0.154584 99.9762
4.0 2.0 0.141082 99.9062
4.0 2.0 0.636247 99.9588
4.0 2.0 0.159781 99.8996
4.0 2.0 0.151313 99.9985
4.0 2.0 0.798359 99.924
4.0 2.0 0.1463 99.9882
4.0 2.0 0.170376 99.9635
4.0 2.0 0.690656 99.9546
4.0 2.0 0.812116 99.9705
4.0 2.0 0.666495 99.9752
4.0 2.0 0.141944 99.9992
4.0 2.0 0.139891 99.9515
4.0 2.0 1.35605 99.9356
4.0 2.0 0.64223 99.9901
4.0 2.0 1.08521 99.9827
4.0 2.0 0.422235 99.9966
4.0 2.0 0.464245 99.9802
4.0 2.0 0.156266 99.9609
4.0 2.0 0.495554 99.9949
4.0 2.0 0.998109 99.975
4.0 2.0 0.143028 99.9982
4.0 2.0 0.455665 99.9542
4.0 2.0 0.487463 99.9752
4.0 2.0 0.685141 99.954
4.0 2.0 0.181141 99.9075
4.0 2.0 0.892287 99.9927
4.0 2.0 0.157644 99.9762
4.0 2.0 1.16466 99.9912
4.0 2.0 0.375819 99.9762
4.0 2.0 0.47412 99.9856
4.0 3.0 0.564787 99.9798
4.0 3.0 0.106341 99.9752
4.0 3.0 0.578232 99.9444
4.0 3.0 0.0996032 99.8467
4.0 3.0 0.598153 99.9762
4.0 3.0 0.887546 99.9798
4.0 3.0 0.281255 99.9052
4.0 3.0 0.113431 99.9929
4.0 3.0 0.116021 99.9956
4.0 3.0 0.567355 99.9807
4.0 3.0 1.02775 99.9868
4.0 3.0 0.112414 99.8296
4.0 3.0 2.41682 99.9515
4.0 3.0 0.316097 99.9752
4.0 3.0 0.47727 99.9752
4.0 3.0 0.659248 99.9025
4.0 3.0 0.52203 99.8613
4.0 3.0 0.258285 99.9959
4.0 3.0 0.624926 99.9546
4.0 3.0 0.092603 99.9546
4.0 3.0 0.368992 99.9187
4.0 3.0 0.582986 99.9991
4.0 3.0 0.106439 99.8581
4.0 3.0 0.775968 99.9714
4.0 3.0 0.339489 99.9762
4.0 3.0 0.673844 99.9762
4.0 3.0 1.44686 99.9762
4.0 3.0 0.114018 99.9546
4.0 3.0 1.14355 99.9708
4.0 3.0 0.625601 99.9572
4.0 3.0 0.590199 99.9752
4.0 3.0 0.77659 99.9515
4.0 3.0 0.942956 99.9762
4.0 3.0 0.107421 99.8798
4.0 3.0 0.123331 99.9744
4.0 3.0 0.383911 99.9978
4.0 3.0 1.72655 99.9515
4.0 3.0 0.101862 99.9515
4.0 3.0 1.80386 99.9933
4.0 3.0 0.108625 99.8613
4.0 3.0 0.11017 99.9515
4.0 3.0 0.954758 99.8983
4.0 3.0 0.108252 99.9905
4.0 3.0 0.58082 99.9465
4.0 3.0 0.450982 99.9546
4.0 3.0 0.531885 99.8628
4.0 3.0 0.543236 99.9604
4.0 3.0 0.373561 99.9955
4.0 3.0 1.94657 99.8956
4.0 3.0 0.61788 99.9515
4.0 4.0 0.258743 99.8123
4.0 4.0 0.557576 99.8613
4.0 4.0 0.476676 99.9895
4.0 4.0 0.0638763 99.9546
4.0 4.0 1.22178 99.9927
4.0 4.0 0.458046 99.9515
4.0 4.0 0.700322 99.9685
4.0 4.0 1.41258 99.8894
4.0 4.0 0.887294 99.9963
4.0 4.0 0.403957 99.9787
4.0 4.0 0.641354 99.9731
4.0 4.0 0.66302 99.9765
4.0 4.0 0.438434 99.9762
4.0 4.0 0.699063 99.9752
4.0 4.0 0.252814 99.997
4.0 4.0 0.0684965 99.9829
4.0 4.0 0.0679307 99.893
4.0 4.0 0.0734863 99.9919
4.0 4.0 0.618116 99.9752
4.0 4.0 0.843537 99.9811
4.0 4.0 0.0695129 99.8739
4.0 4.0 1.40919 99.9752
4.0 4.0 0.616217 99.8145
4.0 4.0 1.51204 99.9574
4.0 4.0 0.085855 99.9986
4.0 4.0 0.582783 99.9752
4.0 4.0 0.0855261 99.7849
4.0 4.0 0.347052 99.9855
4.0 4.0 1.05705 99.9603
4.0 4.0 0.740097 99.924
4.0 4.0 0.484315 99.9515
4.0 4.0 1.20262 99.9617
4.0 4.0 0.0695852 99.9672
4.0 4.0 1.04433 99.9952
4.0 4.0 1.11304 99.9658
4.0 4.0 0.0897353 99.9515
4.0 4.0 0.625631 99.9357
4.0 4.0 0.0881254 99.9579
4.0 4.0 0.894305 99.9862
4.0 4.0 0.0706195 99.9996
4.0 4.0 0.867815 99.9476
4.0 4.0 0.574304 99.9752
4.0 4.0 0.0714048 99.8149
4.0 4.0 0.38794 99.9752
4.0 4.0 0.087128 99.9546
4.0 4.0 0.0889535 99.924
4.0 4.0 0.279235 99.9752
4.0 4.0 0.468123 99.9775
4.0 4.0 0.47381 99.9647
4.0 4.0 0.909182 99.9735
4.0 5.0 0.0725123 99.9508
4.0 5.0 0.0711695 99.9762
4.0 5.0 0.0713054 99.9891
4.0 5.0 0.0725566 99.8953
4.0 5.0 0.0702538 99.9786
4.0 5.0 0.0736431 99.8398
4.0 5.0 0.0738488 99.9974
4.0 5.0 0.0704122 99.9238
4.0 5.0 0.0740117 99.9515
4.0 5.0 0.0724021 99.9934
4.0 5.0 0.0715727 99.9906
4.0 5.0 0.0705869 99.9706
4.0 5.0 0.0734121 99.9043
4.0 5.0 0.0724302 99.9954
4.0 5.0 0.0742037 99.9966
4.0 5.0 0.072959 99.8113
4.0 5.0 0.0681504 99.9762
4.0 5.0 0.0729921 99.9933
4.0 5.0 0.0716757 99.9357
4.0 5.0 0.0702179 99.958
4.0 5.0 0.0752082 99.9515
4.0 5.0 0.0706906 99.9662
4.0 5.0 0.0709625 99.8512
4.0 5.0 0.0748701 99.8663
4.0 5.0 0.0718981 99.9561
4.0 5.0 0.0746315 99.9546
4.0 5.0 0.0721902 99.9821
4.0 5.0 0.0702317 99.929
4.0 5.0 0.0728981 99.9515
4.0 5.0 0.0706093 99.9546
4.0 5.0 0.0728575 99.9668
4.0 5.0 0.069982 99.9515
4.0 5.0 0.0711376 99.905
4.0 5.0 0.0654569 99.9531
4.0 5.0 0.0726851 99.9762
4.0 5.0 0.0722839 99.9905
4.0 5.0 0.0718019 99.9548
4.0 5.0 0.0725113 99.9752
4.0 5.0 0.0697314 99.9765
4.0 5.0 0.0705356 99.9262
4.0 5.0 0.0646755 99.9647
4.0 5.0 0.0713529 99.9546
4.0 5.0 0.075079 99.9546
4.0 5.0 0.0679973 99.9797
4.0 5.0 0.0746337 99.9979
4.0 5.0 0.0700017 99.9515
4.0 5.0 0.0705853 99.9546
4.0 5.0 0.0804464 99.9681
4.0 5.0 0.0715214 99.9752
4.0 5.0 0.0733051 99.9007
4.0 6.0 0.0634319 99.9752
4.0 6.0 0.0613498 99.9592
4.0 6.0 0.0615218 99.9965
4.0 6.0 0.0612923 99.9353
4.0 6.0 0.0620052 99.924
4.0 6.0 0.0611757 99.9359
4.0 6.0 0.0590351 99.9515
4.0 6.0 0.0628375 99.9632
4.0 6.0 0.0610952 99.8726
4.0 6.0 0.063019 99.9156
4.0 6.0 0.0589786 99.9515
4.0 6.0 0.0623815 99.9515
4.0 6.0 0.0598334 99.9762
4.0 6.0 0.0626871 99.9885
4.0 6.0 0.0622703 99.9616
4.0 6.0 0.0633498 99.7962
4.0 6.0 0.0604706 99.8234
4.0 6.0 0.0619192 99.7938
4.0 6.0 0.0621817 99.9156
4.0 6.0 0.066585 99.9422
4.0 6.0 0.0622833 99.9641
4.0 6.0 0.0620091 99.991
4.0 6.0 0.0631424 99.9055
4.0 6.0 0.0612445 99.998
4.0 6.0 0.0623587 99.9515
4.0 6.0 0.0574335 99.924
4.0 6.0 0.0620527 99.9824
4.0 6.0 0.0616968 99.9515
4.0 6.0 0.0629902 99.9391
4.0 6.0 0.0614857 99.832
4.0 6.0 0.0612177 99.9156
4.0 6.0 0.0617986 99.9515
4.0 6.0 0.0609166 99.9752
4.0 6.0 0.0599584 99.9752
4.0 6.0 0.0630333 99.9357
4.0 6.0 0.056369 99.9762
4.0 6.0 0.0619227 99.9762
4.0 6.0 0.0612468 99.7771
4.0 6.0 0.0614637 99.9136
4.0 6.0 0.0645575 99.9752
4.0 6.0 0.0617314 99.8426
4.0 6.0 0.0626944 99.8613
4.0 6.0 0.0606748 99.9842
4.0 6.0 0.0573702 99.9762
4.0 6.0 0.0626152 99.9942
4.0 6.0 0.0612019 99.9993
4.0 6.0 0.0638941 99.8235
4.0 6.0 0.0630677 99.9865
4.0 6.0 0.0599412 99.9156
4.0 6.0 0.0599821 99.9996
4.0 7.0 0.055861 99.9874
4.0 7.0 0.0574791 99.9732
4.0 7.0 0.0574712 99.9416
4.0 7.0 0.0576453 99.8387
4.0 7.0 0.055766 99.8514
4.0 7.0 0.0567779 99.8145
4.0 7.0 0.0561816 99.9609
4.0 7.0 0.0578045 99.9752
4.0 7.0 0.0577148 99.9851
4.0 7.0 0.0573018 99.8613
4.0 7.0 0.0549575 99.9536
4.0 7.0 0.0578056 99.8734
4.0 7.0 0.0559485 99.946
4.0 7.0 0.057217 99.9515
4.0 7.0 0.0557158 99.9762
4.0 7.0 0.0570307 99.9515
4.0 7.0 0.0573215 99.9714
4.0 7.0 0.0551375 99.7072
4.0 7.0 0.0561523 99.9762
4.0 7.0 0.0578561 99.9979
4.0 7.0 0.0566946 99.9025
4.0 7.0 0.0565487 99.9994
4.0 7.0 0.0565906 99.9515
4.0 7.0 0.0555535 99.8467
4.0 7.0 0.0574367 99.922
4.0 7.0 0.0562622 99.9854
4.0 7.0 0.0567817 99.8613
4.0 7.0 0.0566609 99.9064
4.0 7.0 0.0555843 99.9706
4.0 7.0 0.0541404 99.9438
4.0 7.0 0.0559894 99.978
4.0 7.0 0.0573591 99.9973
4.0 7.0 0.0560263 99.9752
4.0 7.0 0.0568021 99.9593
4.0 7.0 0.0574568 99.8145
4.0 7.0 0.0564496 99.9839
4.0 7.0 0.0572011 99.9515
4.0 7.0 0.0548463 99.9459
4.0 7.0 0.0565197 99.7771
4.0 7.0 0.0554382 99.758
4.0 7.0 0.0573466 99.9849
4.0 7.0 0.0568927 99.9932
4.0 7.0 0.0579855 99.9515
4.0 7.0 0.0550644 99.938
4.0 7.0 0.057326 99.8797
4.0 7.0 0.0569502 99.9591
4.0 7.0 0.0570626 99.9997
4.0 7.0 0.0575833 99.9515
4.0 7.0 0.057308 99.8145
4.0 7.0 0.0551598 99.9366
4.0 8.0 0.0518046 99.9245
4.0 8.0 0.0541743 99.9871
4.0 8.0 0.0536723 99.8997
4.0 8.0 0.0510923 99.9337
4.0 8.0 0.0510923 99.9337
4.0 8.0 0.0510923 99.9337
4.0 8.0 0.0510923 99.9337
4.0 8.0 0.0510923 99.9337
4.0 8.0 0.0510923 99.9337
4.0 8.0 0.0510923 99.9337
4.0 8.0 0.0510923 99.9337
4.0 8.0 0.0510923 99.9337
4.0 8.0 0.0510923 99.9337
4.0 8.0 0.0510923 99.9337
4.0 8.0 0.0510923 99.9337
4.0 8.0 0.0510923 99.9337
4.0 8.0 0.0510923 99.9337
4.0 8.0 0.0510923 99.9337
4.0 8.0 0.0510923 99.9337
4.0 8.0 0.0510923 99.9337
4.0 8.0 0.0510923 99.9337
4.0 8.0 0.0510923 99.9337
4.0 8.0 0.0510923 99.9337
4.0 8.0 0.0510923 99.9337
4.0 8.0 0.0510923 99.9337
4.0 8.0 0.0510923 99.9337
4.0 8.0 0.0510923 99.9337
4.0 8.0 0.0510923 99.9337
4.0 8.0 0.0510923 99.9337
4.0 8.0 0.0510923 99.9337
4.0 8.0 0.0510923 99.9337
4.0 8.0 0.0510923 99.9337
4.0 8.0 0.0510923 99.9337
4.0 8.0 0.0510923 99.9337
4.0 8.0 0.0510923 99.9337
4.0 8.0 0.0510923 99.9337
4.0 8.0 0.0510923 99.9337
4.0 8.0 0.0510923 99.9337
4.0 8.0 0.0510923 99.9337
4.0 8.0 0.0510923 99.9337
4.0 8.0 0.0510923 99.9337
4.0 8.0 0.0510923 99.9337
4.0 8.0 0.0510923 99.9337
4.0 8.0 0.0510923 99.9337
4.0 8.0 0.0510923 99.9337
4.0 8.0 0.0510923 99.9337
4.0 8.0 0.0510923 99.9337
4.0 8.0 0.0510923 99.9337
4.0 8.0 0.0510923 99.9337
4.0 8.0 0.0510923 99.9337
5.0 1.0 28.5558 -20.9406
5.0 1.0 28.3594 -20.9406
5.0 1.0 28.1472 -20.9406
5.0 1.0 28.3458 -20.9406
5.0 1.0 29.6004 -20.797
5.0 1.0 28.3761 -20.9406
5.0 1.0 27.5759 -20.9406
5.0 1.0 28.0452 -20.9406
5.0 1.0 27.3478 -20.9406
5.0 1.0 27.3111 -20.9406
5.0 1.0 27.3238 -20.9406
5.0 1.0 27.3319 -20.9406
5.0 1.0 27.3952 -20.9406
5.0 1.0 27.5424 -20.797
5.0 1.0 28.1374 -20.9406
5.0 1.0 30.199 -20.797
5.0 1.0 28.3044 -20.9406
5.0 1.0 28.0771 -20.9406
5.0 1.0 29.5591 -20.797
5.0 1.0 27.3866 -20.9406
5.0 1.0 28.3444 -20.9406
5.0 1.0 27.4072 -20.9406
5.0 1.0 27.3447 -20.9406
5.0 1.0 28.6433 -20.9406
5.0 1.0 29.5405 -20.797
5.0 1.0 27.4495 -20.9406
5.0 1.0 29.6412 -20.797
5.0 1.0 28.2395 -20.9406
5.0 1.0 27.6663 -20.797
5.0 1.0 27.914 -20.9406
5.0 1.0 28.5074 -20.9406
5.0 1.0 27.8025 -20.9406
5.0 1.0 27.5977 -20.9406
5.0 1.0 28.3996 -20.9406
5.0 1.0 28.9328 -20.9406
5.0 1.0 27.517 -20.9406
5.0 1.0 28.276 -20.9406
5.0 1.0 29.8355 -20.797
5.0 1.0 29.6636 -20.797
5.0 1.0 28.6069 -20.9406
5.0 1.0 27.8203 -20.9406
5.0 1.0 28.2523 -20.9406
5.0 1.0 27.378 -20.9406
5.0 1.0 28.2464 -20.9406
5.0 1.0 28.3608 -20.9406
5.0 1.0 27.8153 -20.9406
5.0 1.0 28.2455 -20.9406
5.0 1.0 28.4154 -20.9406
5.0 1.0 27.5855 -20.797
5.0 1.0 27.8084 -20.9406
5.0 2.0 13.9045 -20.9406
5.0 2.0 14.3235 -20.9406
5.0 2.0 13.9075 -20.9406
5.0 2.0 14.8476 -20.9406
5.0 2.0 14.8608 -20.9406
5.0 2.0 14.5025 -20.9406
5.0 2.0 14.7284 -20.8086
5.0 2.0 15.2264 -20.9406
5.0 2.0 14.1032 -20.9406
5.0 2.0 14.4395 -20.9406
5.0 2.0 13.9082 -21.0462
5.0 2.0 13.9894 -20.9406
5.0 2.0 13.9023 -20.9406
5.0 2.0 14.8649 -20.9406
5.0 2.0 14.8782 -20.797
5.0 2.0 14.9642 -20.9406
5.0 2.0 14.0681 -20.9406
5.0 2.0 15.4145 -20.797
5.0 2.0 13.8956 -20.9406
5.0 2.0 14.2049 -20.9406
5.0 2.0 15.1875 -20.797
5.0 2.0 14.0232 -20.797
5.0 2.0 13.9279 -20.9406
5.0 2.0 14.0888 -20.9406
5.0 2.0 14.1542 -20.9406
5.0 2.0 15.6632 -20.9406
5.0 2.0 15.7203 -20.8265
5.0 2.0 14.7004 -20.797
5.0 2.0 14.275 -21.0462
5.0 2.0 14.4351 -21.0462
5.0 2.0 14.0253 -20.9406
5.0 2.0 13.9623 -20.8265
5.0 2.0 14.2802 -21.0462
5.0 2.0 13.913 -20.9406
5.0 2.0 14.3337 -20.9406
5.0 2.0 13.8884 -20.9406
5.0 2.0 14.3845 -20.9406
5.0 2.0 13.9088 -20.9406
5.0 2.0 14.3249 -21.0462
5.0 2.0 14.6652 -20.797
5.0 2.0 13.8788 -20.9406
5.0 2.0 14.8226 -20.797
5.0 2.0 14.2649 -20.9406
5.0 2.0 14.2894 -20.9406
5.0 2.0 14.3839 -20.9406
5.0 2.0 13.902 -20.9406
5.0 2.0 14.2843 -20.9406
5.0 2.0 14.2662 -20.9406
5.0 2.0 13.914 -21.0462
5.0 2.0 13.9204 -20.9406
5.0 3.0 9.52946 -20.9406
5.0 3.0 9.64428 -20.8036
5.0 3.0 9.60076 -21.0462
5.0 3.0 9.60652 -20.9406
5.0 3.0 9.23585 -20.9406
5.0 3.0 9.34619 -20.9406
5.0 3.0 9.68993 -20.9406
5.0 3.0 9.73338 -21.0462
5.0 3.0 10.1854 -20.9406
5.0 3.0 9.69963 -20.8566
5.0 3.0 9.57329 -20.9406
5.0 3.0 9.52924 -20.9406
5.0 3.0 9.47847 -20.797
5.0 3.0 9.60551 -20.9406
5.0 3.0 9.22709 -20.9406
5.0 3.0 9.45232 -20.9406
5.0 3.0 9.34852 -20.9406
5.0 3.0 9.86748 -20.8265
5.0 3.0 9.45514 -20.9406
5.0 3.0 9.49954 -20.9406
5.0 3.0 9.71346 -20.9406
5.0 3.0 10.2402 -21.0462
5.0 3.0 9.44676 -20.797
5.0 3.0 9.56943 -20.9406
5.0 3.0 9.80075 -20.9406
5.0 3.0 9.93521 -20.797
5.0 3.0 9.82888 -20.9406
5.0 3.0 9.63435 -20.9406
5.0 3.0 9.2345 -20.9406
5.0 3.0 10.2622 -20.9406
5.0 3.0 9.53357 -20.9406
5.0 3.0 9.69134 -21.0462
5.0 3.0 9.50524 -20.9406
5.0 3.0 9.33951 -21.0462
5.0 3.0 9.82253 -20.9406
5.0 3.0 9.5646 -20.8265
5.0 3.0 9.52907 -20.9406
5.0 3.0 9.46752 -20.9406
5.0 3.0 9.53838 -21.0462
5.0 3.0 9.75625 -20.8598
5.0 3.0 9.90983 -20.797
5.0 3.0 9.61768 -20.9406
5.0 3.0 9.3293 -20.9406
5.0 3.0 9.43101 -20.9406
5.0 3.0 9.56773 -20.9406
5.0 3.0 9.46637 -20.9406
5.0 3.0 9.33715 -20.9406
5.0 3.0 9.47126 -20.9406
5.0 3.0 9.94489 -20.797
5.0 3.0 9.51087 -20.9406
5.0 4.0 7.59589 -20.797
5.0 4.0 7.0804 -21.0462
5.0 4.0 6.92488 -21.0462
5.0 4.0 6.96489 -20.9406
5.0 4.0 7.34056 -20.7971
5.0 4.0 7.40744 -21.0462
5.0 4.0 7.10765 -20.9406
5.0 4.0 6.90369 -21.0462
5.0 4.0 7.26002 -20.9406
5.0 4.0 6.91689 -20.797
5.0 4.0 7.02883 -20.9406
5.0 4.0 7.49135 -20.9406
5.0 4.0 7.02194 -20.9406
5.0 4.0 6.85659 -20.9406
5.0 4.0 7.06936 -20.9406
5.0 4.0 7.21411 -20.9406
5.0 4.0 7.10107 -20.797
5.0 4.0 7.38987 -20.797
5.0 4.0 7.08058 -21.0462
5.0 4.0 7.07093 -20.9406
5.0 4.0 7.40592 -20.9406
5.0 4.0 7.0565 -20.9406
5.0 4.0 7.42567 -20.797
5.0 4.0 7.32347 -21.0462
5.0 4.0 6.97559 -20.9406
5.0 4.0 7.07434 -20.9406
5.0 4.0 7.42819 -20.9406
5.0 4.0 7.29454 -20.9406
5.0 4.0 7.38417 -20.9406
5.0 4.0 7.29576 -21.0462
5.0 4.0 6.91222 -20.9406
5.0 4.0 7.45364 -20.9406
5.0 4.0 6.88212 -20.9406
5.0 4.0 7.29842 -21.0462
5.0 4.0 7.42393 -20.797
5.0 4.0 7.01505 -21.0462
5.0 4.0 7.4953 -20.9406
5.0 4.0 7.24703 -21.0462
5.0 4.0 7.09612 -20.9406
5.0 4.0 6.88756 -20.9406
5.0 4.0 7.04679 -21.0462
5.0 4.0 6.86974 -20.9406
5.0 4.0 7.53767 -20.8265
5.0 4.0 6.91219 -20.8265
5.0 4.0 7.43072 -20.9406
5.0 4.0 7.37021 -20.9406
5.0 4.0 7.41951 -20.9406
5.0 4.0 7.10391 -20.9406
5.0 4.0 7.33553 -20.9406
5.0 4.0 7.05426 -21.0462
5.0 5.0 5.62581 -20.9406
5.0 5.0 5.57454 -20.9406
5.0 5.0 5.59879 -21.0462
5.0 5.0 5.57006 -20.9406
5.0 5.0 5.61766 -20.9406
5.0 5.0 5.57822 -21.0462
5.0 5.0 5.62936 -20.9406
5.0 5.0 5.56439 -20.9406
5.0 5.0 5.56526 -20.9406
5.0 5.0 5.57196 -21.0462
5.0 5.0 5.60354 -20.9406
5.0 5.0 5.60451 -20.9406
5.0 5.0 6.07255 -21.0462
5.0 5.0 5.63287 -20.797
5.0 5.0 5.58314 -21.0462
5.0 5.0 5.60093 -20.9406
5.0 5.0 5.57748 -20.9406
5.0 5.0 5.6043 -20.9406
5.0 5.0 5.63645 -20.9406
5.0 5.0 5.56964 -20.9406
5.0 5.0 5.61261 -20.8265
5.0 5.0 5.61142 -21.0462
5.0 5.0 5.56388 -21.0462
5.0 5.0 5.58161 -21.0462
5.0 5.0 5.61447 -20.9406
5.0 5.0 5.56762 -20.9406
5.0 5.0 5.56819 -21.0462
5.0 5.0 5.60323 -20.9406
5.0 5.0 5.60935 -20.9406
5.0 5.0 5.57067 -20.9406
5.0 5.0 5.61025 -20.9406
5.0 5.0 5.61415 -20.9406
5.0 5.0 5.61054 -20.797
5.0 5.0 5.61223 -20.9406
5.0 5.0 5.60321 -20.9406
5.0 5.0 5.60824 -20.9406
5.0 5.0 5.60982 -20.9406
5.0 5.0 5.60951 -20.8265
5.0 5.0 5.61088 -20.8265
5.0 5.0 5.63161 -20.9406
5.0 5.0 5.60985 -20.9406
5.0 5.0 5.59267 -20.9406
5.0 5.0 5.63066 -21.0462
5.0 5.0 5.62027 -20.797
5.0 5.0 5.60714 -20.9406
5.0 5.0 5.54174 -21.0462
5.0 5.0 5.61097 -20.9406
5.0 5.0 5.5667 -20.9406
5.0 5.0 5.5649 -20.9406
5.0 5.0 5.65305 -20.9406
5.0 6.0 4.72614 -21.0462
5.0 6.0 4.72943 -20.9406
5.0 6.0 4.72767 -20.9406
5.0 6.0 4.86617 -21.0462
5.0 6.0 4.73708 -21.0462
5.0 6.0 4.76481 -20.8265
5.0 6.0 4.94574 -20.9406
5.0 6.0 4.73664 -20.9406
5.0 6.0 4.76493 -20.8265
5.0 6.0 4.76147 -20.797
5.0 6.0 5.00494 -20.9406
5.0 6.0 4.7097 -20.9406
5.0 6.0 5.10101 -20.9406
5.0 6.0 4.76236 -20.797
5.0 6.0 4.70729 -20.9406
5.0 6.0 4.7366 -21.0462
5.0 6.0 5.02563 -21.0462
5.0 6.0 4.72916 -21.0462
5.0 6.0 4.86538 -20.9406
5.0 6.0 5.00893 -21.0462
5.0 6.0 4.72671 -20.9406
5.0 6.0 5.22419 -21.0462
5.0 6.0 4.72754 -20.9406
5.0 6.0 4.73167 -20.9406
5.0 6.0 4.72758 -20.9406
5.0 6.0 4.73653 -20.9406
5.0 6.0 4.80859 -21.0462
5.0 6.0 4.85781 -20.9406
5.0 6.0 4.83298 -20.797
5.0 6.0 4.71693 -21.0462
5.0 6.0 4.73005 -21.0462
5.0 6.0 4.72647 -21.0462
5.0 6.0 4.72719 -20.9406
5.0 6.0 4.70278 -21.0462
5.0 6.0 5.05625 -20.9406
5.0 6.0 4.72908 -20.9406
5.0 6.0 4.72856 -21.0462
5.0 6.0 4.73002 -21.0462
5.0 6.0 4.73665 -20.9406
5.0 6.0 5.00073 -20.9406
5.0 6.0 4.72721 -20.9406
5.0 6.0 4.72524 -20.9406
5.0 6.0 4.73409 -20.9406
5.0 6.0 4.73103 -20.9406
5.0 6.0 4.72713 -21.0462
5.0 6.0 4.72751 -20.9406
5.0 6.0 4.95401 -20.9406
5.0 6.0 4.72731 -20.9406
5.0 6.0 4.72711 -21.0462
5.0 6.0 4.72888 -21.0462
5.0 7.0 4.11802 -21.0462
5.0 7.0 4.11552 -21.0462
5.0 7.0 4.14544 -20.797
5.0 7.0 4.11765 -21.0462
5.0 7.0 4.1406 -20.8265
5.0 7.0 4.11541 -21.0462
5.0 7.0 4.11586 -20.9406
5.0 7.0 4.11486 -20.9406
5.0 7.0 4.11974 -20.9406
5.0 7.0 4.11664 -20.9406
5.0 7.0 4.1176 -21.0462
5.0 7.0 4.11837 -20.9406
5.0 7.0 4.11553 -20.9406
5.0 7.0 4.11736 -21.0462
5.0 7.0 4.12105 -20.9406
5.0 7.0 4.14815 -20.797
5.0 7.0 4.15152 -20.8273
5.0 7.0 4.11928 -20.9406
5.0 7.0 4.14302 -20.797
5.0 7.0 4.11654 -21.0462
5.0 7.0 4.11725 -20.9406
5.0 7.0 4.11726 -20.9406
5.0 7.0 4.11606 -20.9406
5.0 7.0 4.11766 -20.9406
5.0 7.0 4.12071 -20.9406
5.0 7.0 4.11675 -21.0462
5.0 7.0 4.1438 -20.797
5.0 7.0 4.11686 -21.0462
5.0 7.0 4.11565 -21.0462
5.0 7.0 4.11669 -21.0462
5.0 7.0 4.12081 -21.0462
5.0 7.0 4.11661 -20.9406
5.0 7.0 4.14566 -20.8265
5.0 7.0 4.11762 -21.0462
5.0 7.0 4.11917 -21.0462
5.0 7.0 4.11744 -21.0462
5.0 7.0 4.11814 -21.0462
5.0 7.0 4.11667 -20.9406
5.0 7.0 4.14202 -20.797
5.0 7.0 4.11999 -20.9406
5.0 7.0 4.11642 -20.9406
5.0 7.0 4.11673 -20.9406
5.0 7.0 4.11565 -20.9406
5.0 7.0 4.11673 -21.0462
5.0 7.0 4.11872 -20.9406
5.0 7.0 4.11773 -20.9406
5.0 7.0 4.11998 -21.0462
5.0 7.0 4.11613 -21.0462
5.0 7.0 4.11672 -20.9406
5.0 7.0 4.11972 -21.0462
5.0 7.0 4.11972 -21.0462
5.0 7.0 4.11972 -21.0462
5.0 7.0 4.11972 -21.0462
5.0 7.0 4.11972 -21.0462
5.0 7.0 4.11972 -21.0462
5.0 7.0 4.11972 -21.0462
5.0 7.0 4.11972 -21.0462
5.0 7.0 4.11972 -21.0462
5.0 7.0 4.11972 -21.0462
5.0 7.0 4.11972 -21.0462
5.0 7.0 4.11972 -21.0462
5.0 7.0 4.11972 -21.0462
5.0 7.0 4.11972 -21.0462
5.0 7.0 4.11972 -21.0462
5.0 7.0 4.11972 -21.0462
5.0 7.0 4.11972 -21.0462
5.0 7.0 4.11972 -21.0462
5.0 7.0 4.11972 -21.0462
5.0 7.0 4.11972 -21.0462
5.0 7.0 4.11972 -21.0462
5.0 7.0 4.11972 -21.0462
5.0 7.0 4.11972 -21.0462
5.0 7.0 4.11972 -21.0462
5.0 7.0 4.11972 -21.0462
5.0 7.0 4.11972 -21.0462
5.0 7.0 4.11972 -21.0462
5.0 7.0 4.11972 -21.0462
5.0 7.0 4.11972 -21.0462
5.0 7.0 4.11972 -21.0462
5.0 7.0 4.11972 -21.0462
5.0 7.0 4.11972 -21.0462
5.0 7.0 4.11972 -21.0462
5.0 7.0 4.11972 -21.0462
5.0 7.0 4.11972 -21.0462
5.0 7.0 4.11972 -21.0462
5.0 7.0 4.11972 -21.0462
5.0 7.0 4.11972 -21.0462
5.0 7.0 4.11972 -21.0462
5.0 7.0 4.11972 -21.0462
5.0 7.0 4.11972 -21.0462
5.0 7.0 4.11972 -21.0462
5.0 7.0 4.11972 -21.0462
5.0 7.0 4.11972 -21.0462
5.0 7.0 4.11972 -21.0462
5.0 7.0 4.11972 -21.0462
5.0 7.0 4.11972 -21.0462
5.0 7.0 4.11972 -21.0462
5.0 7.0 4.11972 -21.0462
5.0 7.0 4.11972 -21.0462
5.0 7.0 4.11972 -21.0462
