0.0 1.0 0.040875 -0.0
0.0 1.0 0.0613197 -0.0
0.0 1.0 0.0391425 -0.0
0.0 1.0 0.042292 -0.0
0.0 1.0 0.042936 -0.0
0.0 1.0 0.0391162 -0.0
0.0 1.0 0.0373102 -0.0
0.0 1.0 0.0385378 -0.0
0.0 1.0 0.0412265 -0.0
0.0 1.0 0.0431793 -0.0
0.0 1.0 0.0558034 -0.00739604
0.0 1.0 0.0409781 -0.0
0.0 1.0 0.0399284 -0.0
0.0 1.0 0.0646898 -0.00739604
0.0 1.0 0.045172 -0.0
0.0 1.0 0.0610837 -0.0
0.0 1.0 0.0613229 -0.0
0.0 1.0 0.0555761 -0.0
0.0 1.0 0.0692102 -0.0
0.0 1.0 0.0624753 -0.0
0.0 1.0 0.0513006 -0.0
0.0 1.0 0.0392652 -0.0
0.0 1.0 0.0371094 -0.0
0.0 1.0 0.038459 -0.0
0.0 1.0 0.0410604 -0.0
0.0 1.0 0.0413035 -0.0
0.0 1.0 0.0444548 -0.0
0.0 1.0 0.0434427 -0.0
0.0 1.0 0.0433392 -0.0
0.0 1.0 0.0392482 -0.0
0.0 1.0 0.0334186 -0.0
0.0 1.0 0.0387386 -0.0
0.0 1.0 0.0406724 -0.0
0.0 1.0 0.0401187 -0.0
0.0 1.0 0.0415247 -0.0
0.0 1.0 0.0393699 -0.0
0.0 1.0 0.037007 -0.0
0.0 1.0 0.0436013 -0.0
0.0 1.0 0.0357351 -0.0
0.0 1.0 0.0404253 -0.0
0.0 1.0 0.0318671 -0.0
0.0 1.0 0.033421 -0.0
0.0 1.0 0.043765 -0.0
0.0 1.0 0.0391403 -0.0
0.0 1.0 0.0372903 -0.0
0.0 1.0 0.040317 -0.0
0.0 1.0 0.0401607 -0.0
0.0 1.0 0.0436505 -0.0
0.0 1.0 0.0508618 -0.0
0.0 1.0 0.0425677 -0.0
0.0 2.0 0.0274352 -0.0
0.0 2.0 0.0207004 -0.0
0.0 2.0 0.044184 -0.0
0.0 2.0 0.0399613 -0.0
0.0 2.0 0.0385915 -0.0
0.0 2.0 0.024245 -0.0
0.0 2.0 0.0389581 -0.0
0.0 2.0 0.0254774 -0.0
0.0 2.0 0.0374894 -0.0
0.0 2.0 0.0280434 -0.0
0.0 2.0 0.0230096 -0.0
0.0 2.0 0.0211747 -0.0
0.0 2.0 0.0357536 -0.0
0.0 2.0 0.0236798 -0.0
0.0 2.0 0.0366935 -0.0
0.0 2.0 0.024243 -0.0
0.0 2.0 0.032438 -0.0
0.0 2.0 0.0240696 -0.0
0.0 2.0 0.021327 -0.0
0.0 2.0 0.0307111 -0.0
0.0 2.0 0.0220304 -0.0
0.0 2.0 0.0422851 -0.0
0.0 2.0 0.0205841 -0.0
0.0 2.0 0.0499922 -0.0
0.0 2.0 0.0224188 -0.0
0.0 2.0 0.0478702 -0.0
0.0 2.0 0.0421785 -0.0
0.0 2.0 0.0408939 -0.0
0.0 2.0 0.0422891 -0.0
0.0 2.0 0.036802 -0.0
0.0 2.0 0.038492 -0.0
0.0 2.0 0.0261093 -0.0
0.0 2.0 0.0240943 -0.0
0.0 2.0 0.0510255 -0.0
0.0 2.0 0.0519746 -0.00739604
0.0 2.0 0.038561 -0.0
0.0 2.0 0.0205696 -0.0
0.0 2.0 0.0362542 -0.0
0.0 2.0 0.0304423 -0.0
0.0 2.0 0.0495965 -0.0
0.0 2.0 0.0385603 -0.0
0.0 2.0 0.0209612 -0.0
0.0 2.0 0.0223022 -0.0
0.0 2.0 0.0338853 -0.0
0.0 2.0 0.0420686 -0.0
0.0 2.0 0.0309667 -0.00739604
0.0 2.0 0.0307457 -0.0
0.0 2.0 0.0222638 -0.0
0.0 2.0 0.055672 -0.0
0.0 2.0 0.0302775 -0.00739604
0.0 3.0 0.0174726 -0.0
0.0 3.0 0.0164768 -0.0
0.0 3.0 0.0166902 -0.0
0.0 3.0 0.0206279 -0.0
0.0 3.0 0.0181973 -0.0
0.0 3.0 0.0218362 -0.0
0.0 3.0 0.0177542 -0.0
0.0 3.0 0.0322135 -0.0
0.0 3.0 0.0160564 -0.0
0.0 3.0 0.0275331 -0.0
0.0 3.0 0.0188341 -0.0
0.0 3.0 0.0161233 -0.0
0.0 3.0 0.0205461 -0.0
0.0 3.0 0.0184987 -0.0
0.0 3.0 0.0218068 -0.0
0.0 3.0 0.0303205 -0.0
0.0 3.0 0.026586 -0.0
0.0 3.0 0.0246273 -0.0
0.0 3.0 0.0161333 -0.0
0.0 3.0 0.02752 -0.0
0.0 3.0 0.0204358 -0.0
0.0 3.0 0.0277496 -0.0
0.0 3.0 0.0181676 -0.0
0.0 3.0 0.0242089 -0.0
0.0 3.0 0.0262174 -0.0
0.0 3.0 0.0180048 -0.0
0.0 3.0 0.0303527 -0.0
0.0 3.0 0.0197196 -0.0
0.0 3.0 0.0280892 -0.0
0.0 3.0 0.0271252 -0.0
0.0 3.0 0.0274378 -0.0
0.0 3.0 0.0252651 -0.0
0.0 3.0 0.0264558 -0.0
0.0 3.0 0.0187576 -0.0
0.0 3.0 0.0322931 -0.00739604
0.0 3.0 0.0235901 -0.0
0.0 3.0 0.0173452 -0.0
0.0 3.0 0.0261841 -0.0
0.0 3.0 0.0201156 -0.0
0.0 3.0 0.0173666 -0.0
0.0 3.0 0.0207984 -0.0
0.0 3.0 0.018284 -0.0
0.0 3.0 0.0198511 -0.0
0.0 3.0 0.0175997 -0.0
0.0 3.0 0.0185875 -0.0
0.0 3.0 0.0198568 -0.0
0.0 3.0 0.0177581 -0.0
0.0 3.0 0.0167155 -0.0
0.0 3.0 0.0322502 -0.0
0.0 3.0 0.019272 -0.0
0.0 4.0 0.0175521 -0.0
0.0 4.0 0.0182242 -0.0
0.0 4.0 0.0199992 -0.0
0.0 4.0 0.0281813 -0.0
0.0 4.0 0.0198014 -0.0
0.0 4.0 0.0255602 -0.0
0.0 4.0 0.014691 -0.0
0.0 4.0 0.0191308 -0.0
0.0 4.0 0.016732 -0.0
0.0 4.0 0.0185103 -0.0
0.0 4.0 0.022185 -0.0
0.0 4.0 0.0189247 -0.0
0.0 4.0 0.0250732 -0.0
0.0 4.0 0.0172837 -0.0
0.0 4.0 0.0173255 -0.0
0.0 4.0 0.0184578 -0.0
0.0 4.0 0.0204023 -0.0
0.0 4.0 0.0167454 -0.0
0.0 4.0 0.01799 -0.0
0.0 4.0 0.0174943 -0.0
0.0 4.0 0.0159872 -0.0
0.0 4.0 0.0195687 -0.00739604
0.0 4.0 0.0229834 -0.0
0.0 4.0 0.0219963 -0.0
0.0 4.0 0.0197773 -0.0
0.0 4.0 0.0208032 -0.0
0.0 4.0 0.0193828 -0.0
0.0 4.0 0.0240347 -0.0
0.0 4.0 0.0164394 -0.0
0.0 4.0 0.0208982 -0.0
0.0 4.0 0.0194103 -0.0
0.0 4.0 0.0168338 -0.0
0.0 4.0 0.0251244 -0.0
0.0 4.0 0.0191564 -0.0
0.0 4.0 0.0228231 -0.0
0.0 4.0 0.0191056 -0.0
0.0 4.0 0.0786349 -0.0
0.0 4.0 0.0185046 -0.0
0.0 4.0 0.0169987 -0.0
0.0 4.0 0.0158452 -0.0
0.0 4.0 0.0150171 -0.0
0.0 4.0 0.0189806 -0.0
0.0 4.0 0.0227327 -0.0
0.0 4.0 0.0220155 -0.0
0.0 4.0 0.0163469 -0.0
0.0 4.0 0.0269683 -0.0
0.0 4.0 0.0164159 -0.0
0.0 4.0 0.0205325 -0.0
0.0 4.0 0.0257869 -0.0
0.0 4.0 0.0254537 -0.0
0.0 5.0 0.0187723 -0.0
0.0 5.0 0.0209415 -0.0
0.0 5.0 0.0192295 -0.0
0.0 5.0 0.0200718 -0.0
0.0 5.0 0.0214542 -0.0
0.0 5.0 0.0192334 -0.0
0.0 5.0 0.0206238 -0.0
0.0 5.0 0.0216424 -0.0
0.0 5.0 0.021056 -0.0
0.0 5.0 0.0188595 -0.0
0.0 5.0 0.0194043 -0.0
0.0 5.0 0.022626 -0.0
0.0 5.0 0.0216063 -0.0
0.0 5.0 0.0183223 -0.0
0.0 5.0 0.023517 -0.0
0.0 5.0 0.018379 -0.0
0.0 5.0 0.0202426 -0.0
0.0 5.0 0.0210735 -0.0
0.0 5.0 0.0197285 -0.0
0.0 5.0 0.0194111 -0.0
0.0 5.0 0.020919 -0.0
0.0 5.0 0.0202195 -0.0
0.0 5.0 0.0200892 -0.0
0.0 5.0 0.0203815 -0.0
0.0 5.0 0.0209417 -0.0
0.0 5.0 0.0213527 -0.0
0.0 5.0 0.0205704 -0.0
0.0 5.0 0.0233743 -0.0
0.0 5.0 0.0199104 -0.0
0.0 5.0 0.0220422 -0.0
0.0 5.0 0.0200638 -0.0
0.0 5.0 0.0196313 -0.0
0.0 5.0 0.0206036 -0.0
0.0 5.0 0.018693 -0.0
0.0 5.0 0.0200948 -0.0
0.0 5.0 0.0228784 -0.0
0.0 5.0 0.0193311 -0.0
0.0 5.0 0.0191498 -0.0
0.0 5.0 0.0192845 -0.0
0.0 5.0 0.0200278 -0.0
0.0 5.0 0.0207209 -0.0
0.0 5.0 0.0193902 -0.0
0.0 5.0 0.0197899 -0.0
0.0 5.0 0.0178453 -0.0
0.0 5.0 0.020529 -0.0
0.0 5.0 0.0205212 -0.0
0.0 5.0 0.0230225 -0.0
0.0 5.0 0.0190743 -0.0
0.0 5.0 0.0196912 -0.0
0.0 5.0 0.0196398 -0.0
0.0 6.0 0.0186089 -0.0
0.0 6.0 0.0183115 -0.0
0.0 6.0 0.0181422 -0.0
0.0 6.0 0.0191516 -0.0
0.0 6.0 0.021214 -0.0
0.0 6.0 0.017188 -0.0
0.0 6.0 0.0188397 -0.0
0.0 6.0 0.0180369 -0.0
0.0 6.0 0.018371 -0.0
0.0 6.0 0.0195708 -0.0
0.0 6.0 0.0185977 -0.0
0.0 6.0 0.0185722 -0.0
0.0 6.0 0.0164308 -0.0
0.0 6.0 0.0172546 -0.0
0.0 6.0 0.0191583 -0.0
0.0 6.0 0.0238241 -0.00739604
0.0 6.0 0.0184358 -0.0
0.0 6.0 0.0175883 -0.0
0.0 6.0 0.0183726 -0.0
0.0 6.0 0.0175673 -0.0
0.0 6.0 0.0175408 -0.0
0.0 6.0 0.01837 -0.0
0.0 6.0 0.0178826 -0.0
0.0 6.0 0.0177197 -0.0
0.0 6.0 0.0168893 -0.0
0.0 6.0 0.0189442 -0.0
0.0 6.0 0.0170147 -0.0
0.0 6.0 0.0178364 -0.0
0.0 6.0 0.0178818 -0.0
0.0 6.0 0.0220255 -0.0
0.0 6.0 0.0178503 -0.0
0.0 6.0 0.0177885 -0.0
0.0 6.0 0.0174953 -0.0
0.0 6.0 0.0193965 -0.0
0.0 6.0 0.0188399 -0.0
0.0 6.0 0.0168272 -0.0
0.0 6.0 0.0179728 -0.0
0.0 6.0 0.0163156 -0.0
0.0 6.0 0.0185833 -0.0
0.0 6.0 0.0188119 -0.0
0.0 6.0 0.0185324 -0.0
0.0 6.0 0.0179192 -0.0
0.0 6.0 0.0474954 -0.0
0.0 6.0 0.0183371 -0.0
0.0 6.0 0.0181769 -0.0
0.0 6.0 0.0189222 -0.0
0.0 6.0 0.0173705 -0.0
0.0 6.0 0.0184032 -0.0
0.0 6.0 0.0186232 -0.0
0.0 6.0 0.0165123 -0.0
0.0 7.0 0.0210889 -0.00739604
0.0 7.0 0.0167681 -0.0
0.0 7.0 0.015905 -0.0
0.0 7.0 0.0165276 -0.0
0.0 7.0 0.0161425 -0.0
0.0 7.0 0.0163263 -0.0
0.0 7.0 0.0175621 -0.0
0.0 7.0 0.017048 -0.0
0.0 7.0 0.0173834 -0.0
0.0 7.0 0.0175759 -0.0
0.0 7.0 0.0163898 -0.0
0.0 7.0 0.0174243 -0.0
0.0 7.0 0.0167352 -0.0
0.0 7.0 0.0171522 -0.0
0.0 7.0 0.0212961 -0.00739604
0.0 7.0 0.0198818 -0.0
0.0 7.0 0.0173912 -0.0
0.0 7.0 0.0163175 -0.0
0.0 7.0 0.0174258 -0.0
0.0 7.0 0.0199001 -0.0
0.0 7.0 0.0176382 -0.0
0.0 7.0 0.0165096 -0.0
0.0 7.0 0.0191441 -0.0
0.0 7.0 0.0166822 -0.0
0.0 7.0 0.0177731 -0.0
0.0 7.0 0.0172844 -0.0
0.0 7.0 0.0172056 -0.0
0.0 7.0 0.0174271 -0.0
0.0 7.0 0.0164054 -0.0
0.0 7.0 0.0168988 -0.0
0.0 7.0 0.0177343 -0.0
0.0 7.0 0.0195288 -0.0
0.0 7.0 0.0172076 -0.0
0.0 7.0 0.0164854 -0.0
0.0 7.0 0.0173293 -0.0
0.0 7.0 0.0175084 -0.0
0.0 7.0 0.0154334 -0.0
0.0 7.0 0.0163984 -0.0
0.0 7.0 0.0169364 -0.0
0.0 7.0 0.0177018 -0.0
0.0 7.0 0.0172092 -0.0
0.0 7.0 0.0167661 -0.0
0.0 7.0 0.0202309 -0.0
0.0 7.0 0.0213396 -0.0
0.0 7.0 0.01771 -0.0
0.0 7.0 0.0174768 -0.0
0.0 7.0 0.0171838 -0.0
0.0 7.0 0.0164974 -0.0
0.0 7.0 0.0216242 -0.0
0.0 7.0 0.0167056 -0.0
0.0 8.0 0.0394742 -0.0
0.0 8.0 0.0167263 -0.0
0.0 8.0 0.0157845 -0.0
0.0 8.0 0.0158945 -0.0
0.0 8.0 0.0157385 -0.0
0.0 8.0 0.0160671 -0.0
0.0 8.0 0.0160252 -0.0
0.0 8.0 0.0181207 -0.0
0.0 8.0 0.0160673 -0.0
0.0 8.0 0.0154584 -0.0
0.0 8.0 0.0150981 -0.0
0.0 8.0 0.0149738 -0.0
0.0 8.0 0.0166464 -0.0
0.0 8.0 0.0157311 -0.0
0.0 8.0 0.0154103 -0.0
0.0 8.0 0.0155891 -0.0
0.0 8.0 0.0156421 -0.0
0.0 8.0 0.0156433 -0.0
0.0 8.0 0.0162852 -0.0
0.0 8.0 0.0169374 -0.0
0.0 8.0 0.0160661 -0.0
0.0 8.0 0.016579 -0.0
0.0 8.0 0.0165358 -0.0
0.0 8.0 0.0159377 -0.0
0.0 8.0 0.0163858 -0.0
0.0 8.0 0.0162733 -0.0
0.0 8.0 0.0161737 -0.0
0.0 8.0 0.0166003 -0.0
0.0 8.0 0.0157568 -0.0
0.0 8.0 0.0152497 -0.0
0.0 8.0 0.0172961 -0.0
0.0 8.0 0.015911 -0.0
0.0 8.0 0.0161927 -0.0
0.0 8.0 0.0163532 -0.0
0.0 8.0 0.016982 -0.0
0.0 8.0 0.0157544 -0.0
0.0 8.0 0.0150271 -0.0
0.0 8.0 0.0206873 -0.0
0.0 8.0 0.0192691 -0.0
0.0 8.0 0.0185111 -0.0
0.0 8.0 0.0149603 -0.0
0.0 8.0 0.0174047 -0.0
0.0 8.0 0.0177037 -0.0
0.0 8.0 0.017116 -0.0
0.0 8.0 0.0181264 -0.0
0.0 8.0 0.0185788 -0.0
0.0 8.0 0.0165913 -0.0
0.0 8.0 0.0160309 -0.0
0.0 8.0 0.0155698 -0.0
0.0 8.0 0.018101 -0.0
1.0 1.0 0.050639 2.71828
1.0 1.0 0.0519556 2.71828
1.0 1.0 0.045987 2.71828
1.0 1.0 0.0459827 2.71828
1.0 1.0 0.0492942 2.71828
1.0 1.0 0.0494 2.71828
1.0 1.0 0.0495874 2.71828
1.0 1.0 0.0497676 2.71828
1.0 1.0 0.0509014 2.71828
1.0 1.0 0.0472229 2.71828
1.0 1.0 0.047778 2.71828
1.0 1.0 0.0474112 2.71828
1.0 1.0 0.0504957 2.71828
1.0 1.0 0.0501935 2.71828
1.0 1.0 0.0480862 2.71828
1.0 1.0 0.0460163 2.71828
1.0 1.0 0.0433691 2.71828
1.0 1.0 0.045593 2.71828
1.0 1.0 0.049578 2.71828
1.0 1.0 0.0453956 2.71828
1.0 1.0 0.0742174 2.71828
1.0 1.0 0.0443834 2.71828
1.0 1.0 0.0823507 2.71828
1.0 1.0 0.0734357 2.71828
1.0 1.0 0.0665319 2.71828
1.0 1.0 0.0713313 2.71828
1.0 1.0 0.0496028 2.71828
1.0 1.0 0.0511048 2.71828
1.0 1.0 0.051772 2.71828
1.0 1.0 0.0515843 2.71828
1.0 1.0 0.0706028 2.71828
1.0 1.0 0.0518485 2.71828
1.0 1.0 0.0459385 2.71828
1.0 1.0 0.0467561 2.71828
1.0 1.0 0.0500556 2.71828
1.0 1.0 0.0548824 2.71828
1.0 1.0 0.0532951 2.71828
1.0 1.0 0.0502642 2.71828
1.0 1.0 0.048455 2.71828
1.0 1.0 0.0553721 2.71828
1.0 1.0 0.0739462 2.71828
1.0 1.0 0.0474376 2.71828
1.0 1.0 0.0514406 2.71828
1.0 1.0 0.0437526 2.71828
1.0 1.0 0.0440009 2.71828
1.0 1.0 0.0455757 2.71828
1.0 1.0 0.0465405 2.71828
1.0 1.0 0.0461384 2.71828
1.0 1.0 0.0487501 2.71828
1.0 1.0 0.0524049 2.71828
1.0 2.0 0.0422745 2.71828
1.0 2.0 0.0300883 2.71828
1.0 2.0 0.0451351 2.71828
1.0 2.0 0.0443273 2.71828
1.0 2.0 0.0270081 2.71828
1.0 2.0 0.0427244 2.71828
1.0 2.0 0.0295103 2.71828
1.0 2.0 0.0525614 2.71828
1.0 2.0 0.0286672 2.71828
1.0 2.0 0.0327071 2.71828
1.0 2.0 0.0303954 2.71828
1.0 2.0 0.0450679 2.71828
1.0 2.0 0.0309595 2.71828
1.0 2.0 0.029289 2.71828
1.0 2.0 0.027991 2.71828
1.0 2.0 0.0321766 2.71828
1.0 2.0 0.0247355 2.71828
1.0 2.0 0.0446176 2.71828
1.0 2.0 0.0271972 2.71828
1.0 2.0 0.0272392 2.71828
1.0 2.0 0.04203 2.71828
1.0 2.0 0.0372771 2.71828
1.0 2.0 0.0271564 2.71828
1.0 2.0 0.0461678 2.71828
1.0 2.0 0.0302063 2.71828
1.0 2.0 0.0293089 2.71828
1.0 2.0 0.0416226 2.71828
1.0 2.0 0.0290807 2.71828
1.0 2.0 0.0321517 2.71828
1.0 2.0 0.0304047 2.71828
1.0 2.0 0.0329993 2.71828
1.0 2.0 0.0457049 2.71828
1.0 2.0 0.0452357 2.71828
1.0 2.0 0.0276719 2.71828
1.0 2.0 0.0448976 2.71828
1.0 2.0 0.0288016 2.71828
1.0 2.0 0.0294311 2.71828
1.0 2.0 0.0442305 2.71828
1.0 2.0 0.0375292 2.71828
1.0 2.0 0.0299635 2.71828
1.0 2.0 0.0244442 2.71828
1.0 2.0 0.0299103 2.71828
1.0 2.0 0.0430056 2.71828
1.0 2.0 0.0280806 2.71828
1.0 2.0 0.0424261 2.71828
1.0 2.0 0.0271499 2.71828
1.0 2.0 0.026338 2.71828
1.0 2.0 0.0306569 2.71828
1.0 2.0 0.0313104 2.71828
1.0 2.0 0.0455637 2.71828
1.0 3.0 0.0228919 2.71828
1.0 3.0 0.019119 2.71828
1.0 3.0 0.0330918 2.71828
1.0 3.0 0.0293029 2.71828
1.0 3.0 0.022166 2.71828
1.0 3.0 0.0314593 2.71828
1.0 3.0 0.0215837 2.71828
1.0 3.0 0.020864 2.71828
1.0 3.0 0.0235358 2.71828
1.0 3.0 0.0301879 2.71828
1.0 3.0 0.0242726 2.71828
1.0 3.0 0.0201802 2.71828
1.0 3.0 0.0255339 2.71828
1.0 3.0 0.0332616 2.71828
1.0 3.0 0.03099 2.71828
1.0 3.0 0.0216678 2.71828
1.0 3.0 0.0243494 2.71828
1.0 3.0 0.0270055 2.71828
1.0 3.0 0.0218866 2.71828
1.0 3.0 0.0327262 2.71828
1.0 3.0 0.0328122 2.71828
1.0 3.0 0.0244513 2.71828
1.0 3.0 0.0230716 2.71828
1.0 3.0 0.0218934 2.71828
1.0 3.0 0.0332341 2.71828
1.0 3.0 0.0220963 2.71828
1.0 3.0 0.0294237 2.71828
1.0 3.0 0.0228384 2.71828
1.0 3.0 0.0218181 2.71828
1.0 3.0 0.0259664 2.71828
1.0 3.0 0.0330828 2.71828
1.0 3.0 0.03371 2.71828
1.0 3.0 0.018521 2.71828
1.0 3.0 0.0304984 2.71828
1.0 3.0 0.0250441 2.71828
1.0 3.0 0.0240979 2.71828
1.0 3.0 0.0251779 2.71828
1.0 3.0 0.0330281 2.71828
1.0 3.0 0.021078 2.71828
1.0 3.0 0.0207041 2.71828
1.0 3.0 0.0229076 2.71828
1.0 3.0 0.0231945 2.71828
1.0 3.0 0.0327867 2.71828
1.0 3.0 0.0210841 2.71828
1.0 3.0 0.0208517 2.71828
1.0 3.0 0.0199874 2.71828
1.0 3.0 0.0188692 2.71828
1.0 3.0 0.0210996 2.71828
1.0 3.0 0.0289231 2.71828
1.0 3.0 0.0307843 2.71828
1.0 4.0 0.0184902 2.71828
1.0 4.0 0.02752 2.71828
1.0 4.0 0.019016 2.71828
1.0 4.0 0.0265599 2.71828
1.0 4.0 0.0189097 2.71828
1.0 4.0 0.0210209 2.71828
1.0 4.0 0.0235272 2.71828
1.0 4.0 0.0179189 2.71828
1.0 4.0 0.027082 2.71828
1.0 4.0 0.0183662 2.71828
1.0 4.0 0.0175105 2.71828
1.0 4.0 0.0266003 2.71828
1.0 4.0 0.0174146 2.71828
1.0 4.0 0.0219765 2.71828
1.0 4.0 0.0178438 2.71828
1.0 4.0 0.0203301 2.71828
1.0 4.0 0.0190389 2.71828
1.0 4.0 0.0267711 2.71828
1.0 4.0 0.0188863 2.71828
1.0 4.0 0.0184698 2.71828
1.0 4.0 0.0205217 2.71828
1.0 4.0 0.0190242 2.71828
1.0 4.0 0.0185602 2.71828
1.0 4.0 0.0233006 2.71828
1.0 4.0 0.0215603 2.71828
1.0 4.0 0.021734 2.71828
1.0 4.0 0.0192402 2.71828
1.0 4.0 0.019271 2.71828
1.0 4.0 0.0194686 2.71828
1.0 4.0 0.0180247 2.71828
1.0 4.0 0.0446555 2.71828
1.0 4.0 0.0435014 2.71828
1.0 4.0 0.0265564 2.71828
1.0 4.0 0.0196733 2.71828
1.0 4.0 0.0205023 2.71828
1.0 4.0 0.0223248 2.71828
1.0 4.0 0.0206698 2.71828
1.0 4.0 0.0179499 2.71828
1.0 4.0 0.0209858 2.71828
1.0 4.0 0.022847 2.71828
1.0 4.0 0.0199154 2.71828
1.0 4.0 0.017259 2.71828
1.0 4.0 0.0257401 2.71828
1.0 4.0 0.0174057 2.71828
1.0 4.0 0.0179709 2.71828
1.0 4.0 0.0204823 2.71828
1.0 4.0 0.0166723 2.71828
1.0 4.0 0.0213782 2.71828
1.0 4.0 0.019344 2.71828
1.0 4.0 0.0164962 2.71828
1.0 5.0 0.0223732 2.71828
1.0 5.0 0.0225875 2.71828
1.0 5.0 0.0218484 2.71828
1.0 5.0 0.0221715 2.71828
1.0 5.0 0.0221126 2.71828
1.0 5.0 0.0224024 2.71828
1.0 5.0 0.0220543 2.71828
1.0 5.0 0.0220612 2.71828
1.0 5.0 0.0229382 2.71828
1.0 5.0 0.0206397 2.71828
1.0 5.0 0.022768 2.71828
1.0 5.0 0.0222477 2.71828
1.0 5.0 0.0226981 2.71828
1.0 5.0 0.0230028 2.71828
1.0 5.0 0.0215927 2.71828
1.0 5.0 0.0219461 2.71828
1.0 5.0 0.0224149 2.71828
1.0 5.0 0.0219667 2.71828
1.0 5.0 0.0223649 2.71828
1.0 5.0 0.0216558 2.71828
1.0 5.0 0.0222891 2.71828
1.0 5.0 0.0222527 2.71828
1.0 5.0 0.0221617 2.71828
1.0 5.0 0.0220904 2.71828
1.0 5.0 0.0220695 2.71828
1.0 5.0 0.0223157 2.71828
1.0 5.0 0.0221177 2.71828
1.0 5.0 0.0216298 2.71828
1.0 5.0 0.0216058 2.71828
1.0 5.0 0.0224912 2.71828
1.0 5.0 0.021719 2.71828
1.0 5.0 0.0222021 2.71828
1.0 5.0 0.0224793 2.71828
1.0 5.0 0.0215692 2.71828
1.0 5.0 0.0221335 2.71828
1.0 5.0 0.0217414 2.71828
1.0 5.0 0.0216925 2.71828
1.0 5.0 0.021471 2.71828
1.0 5.0 0.0218994 2.71828
1.0 5.0 0.0217197 2.71828
1.0 5.0 0.0220293 2.71828
1.0 5.0 0.0224971 2.71828
1.0 5.0 0.0218799 2.71828
1.0 5.0 0.0221502 2.71828
1.0 5.0 0.0220881 2.71828
1.0 5.0 0.0222093 2.71828
1.0 5.0 0.0220932 2.71828
1.0 5.0 0.0215808 2.71828
1.0 5.0 0.0227038 2.71828
1.0 5.0 0.0238646 2.71828
1.0 6.0 0.0208918 2.71828
1.0 6.0 0.019826 2.71828
1.0 6.0 0.0421204 2.71828
1.0 6.0 0.020601 2.71828
1.0 6.0 0.0202006 2.71828
1.0 6.0 0.0189449 2.71828
1.0 6.0 0.0193528 2.71828
1.0 6.0 0.0195672 2.71828
1.0 6.0 0.0191865 2.71828
1.0 6.0 0.021554 2.71828
1.0 6.0 0.0199985 2.71828
1.0 6.0 0.0200251 2.71828
1.0 6.0 0.0194281 2.71828
1.0 6.0 0.0203046 2.71828
1.0 6.0 0.0196673 2.71828
1.0 6.0 0.0192803 2.71828
1.0 6.0 0.0195031 2.71828
1.0 6.0 0.0200566 2.71828
1.0 6.0 0.0205394 2.71828
1.0 6.0 0.0207279 2.71828
1.0 6.0 0.0205074 2.71828
1.0 6.0 0.020147 2.71828
1.0 6.0 0.0197616 2.71828
1.0 6.0 0.0192032 2.71828
1.0 6.0 0.0199136 2.71828
1.0 6.0 0.019931 2.71828
1.0 6.0 0.0199722 2.71828
1.0 6.0 0.0194987 2.71828
1.0 6.0 0.0519095 2.71828
1.0 6.0 0.051934 2.71828
1.0 6.0 0.0198259 2.71828
1.0 6.0 0.0198616 2.71828
1.0 6.0 0.0194467 2.71828
1.0 6.0 0.0197142 2.71828
1.0 6.0 0.019352 2.71828
1.0 6.0 0.0199398 2.71828
1.0 6.0 0.0193012 2.71828
1.0 6.0 0.0203499 2.71828
1.0 6.0 0.0196073 2.71828
1.0 6.0 0.0188932 2.71828
1.0 6.0 0.0322544 2.71828
1.0 6.0 0.0190924 2.71828
1.0 6.0 0.0189872 2.71828
1.0 6.0 0.0378449 2.71828
1.0 6.0 0.0198882 2.71828
1.0 6.0 0.0204436 2.71828
1.0 6.0 0.019827 2.71828
1.0 6.0 0.053859 2.71828
1.0 6.0 0.0192169 2.71828
1.0 6.0 0.0200874 2.71828
1.0 7.0 0.0180161 2.71828
1.0 7.0 0.0188191 2.71828
1.0 7.0 0.0183664 2.71828
1.0 7.0 0.0183992 2.71828
1.0 7.0 0.0184994 2.71828
1.0 7.0 0.0189446 2.71828
1.0 7.0 0.0182035 2.71828
1.0 7.0 0.018121 2.71828
1.0 7.0 0.0188191 2.71828
1.0 7.0 0.0188545 2.71828
1.0 7.0 0.0183999 2.71828
1.0 7.0 0.0185116 2.71828
1.0 7.0 0.0185306 2.71828
1.0 7.0 0.018703 2.71828
1.0 7.0 0.0186512 2.71828
1.0 7.0 0.0186068 2.71828
1.0 7.0 0.01862 2.71828
1.0 7.0 0.0188252 2.71828
1.0 7.0 0.0185547 2.71828
1.0 7.0 0.0184835 2.71828
1.0 7.0 0.0189281 2.71828
1.0 7.0 0.0184784 2.71828
1.0 7.0 0.0187067 2.71828
1.0 7.0 0.0184418 2.71828
1.0 7.0 0.0185023 2.71828
1.0 7.0 0.019056 2.71828
1.0 7.0 0.0188345 2.71828
1.0 7.0 0.0187003 2.71828
1.0 7.0 0.0181004 2.71828
1.0 7.0 0.0185416 2.71828
1.0 7.0 0.0181911 2.71828
1.0 7.0 0.0187993 2.71828
1.0 7.0 0.018028 2.71828
1.0 7.0 0.0186241 2.71828
1.0 7.0 0.0183745 2.71828
1.0 7.0 0.0185235 2.71828
1.0 7.0 0.0187211 2.71828
1.0 7.0 0.018716 2.71828
1.0 7.0 0.0191528 2.71828
1.0 7.0 0.0183289 2.71828
1.0 7.0 0.0186005 2.71828
1.0 7.0 0.0188704 2.71828
1.0 7.0 0.0185801 2.71828
1.0 7.0 0.0182718 2.71828
1.0 7.0 0.0186292 2.71828
1.0 7.0 0.0187496 2.71828
1.0 7.0 0.0181967 2.71828
1.0 7.0 0.0185632 2.71828
1.0 7.0 0.0187179 2.71828
1.0 7.0 0.0183857 2.71828
1.0 8.0 0.0179089 2.71828
1.0 8.0 0.0185593 2.71828
1.0 8.0 0.0171681 2.71828
1.0 8.0 0.0175817 2.71828
1.0 8.0 0.0176877 2.71828
1.0 8.0 0.0175825 2.71828
1.0 8.0 0.0178006 2.71828
1.0 8.0 0.0173224 2.71828
1.0 8.0 0.0176348 2.71828
1.0 8.0 0.0181104 2.71828
1.0 8.0 0.0172874 2.71828
1.0 8.0 0.0173603 2.71828
1.0 8.0 0.0171369 2.71828
1.0 8.0 0.0172691 2.71828
1.0 8.0 0.0172235 2.71828
1.0 8.0 0.0171371 2.71828
1.0 8.0 0.0167799 2.71828
1.0 8.0 0.0182096 2.71828
1.0 8.0 0.0178518 2.71828
1.0 8.0 0.0174461 2.71828
1.0 8.0 0.0182072 2.71828
1.0 8.0 0.017893 2.71828
1.0 8.0 0.0179932 2.71828
1.0 8.0 0.0170693 2.71828
1.0 8.0 0.0175508 2.71828
1.0 8.0 0.0175998 2.71828
1.0 8.0 0.0176092 2.71828
1.0 8.0 0.0182052 2.71828
1.0 8.0 0.0177713 2.71828
1.0 8.0 0.0171518 2.71828
1.0 8.0 0.0183487 2.71828
1.0 8.0 0.0172971 2.71828
1.0 8.0 0.0178272 2.71828
1.0 8.0 0.0167277 2.71828
1.0 8.0 0.0179223 2.71828
1.0 8.0 0.018428 2.71828
1.0 8.0 0.0175793 2.71828
1.0 8.0 0.0178611 2.71828
1.0 8.0 0.0171879 2.71828
1.0 8.0 0.0182568 2.71828
1.0 8.0 0.0177871 2.71828
1.0 8.0 0.0168865 2.71828
1.0 8.0 0.0184182 2.71828
1.0 8.0 0.017162 2.71828
1.0 8.0 0.0178708 2.71828
1.0 8.0 0.0173841 2.71828
1.0 8.0 0.0183421 2.71828
1.0 8.0 0.017918 2.71828
1.0 8.0 0.0177726 2.71828
1.0 8.0 0.0172357 2.71828
2.0 1.0 0.275797 -4.33559e-32
2.0 1.0 0.19098 -3.33958e-120
2.0 1.0 0.348004 -8.43827e-33
2.0 1.0 0.407779 -8.43827e-33
2.0 1.0 0.188422 -1.21848e-121
2.0 1.0 0.193439 -6.70776e-126
2.0 1.0 0.410059 -8.43827e-33
2.0 1.0 0.259941 -5.02058e-32
2.0 1.0 0.29564 -8.43827e-33
2.0 1.0 0.310765 -8.43827e-33
2.0 1.0 0.306638 -4.33559e-32
2.0 1.0 0.319304 -5.02058e-32
2.0 1.0 0.308577 -2.03723e-31
2.0 1.0 0.277999 -8.43827e-33
2.0 1.0 0.313171 -8.43827e-33
2.0 1.0 0.342224 -8.43827e-33
2.0 1.0 0.206965 -1.38742e-124
2.0 1.0 0.353407 -8.43827e-33
2.0 1.0 0.303643 -8.43827e-33
2.0 1.0 0.27915 -2.01644e-31
2.0 1.0 0.300061 -4.33559e-32
2.0 1.0 0.337946 -8.43827e-33
2.0 1.0 0.298055 -4.33559e-32
2.0 1.0 0.32302 -2.01644e-31
2.0 1.0 0.292783 -4.33559e-32
2.0 1.0 0.309104 -4.33559e-32
2.0 1.0 0.274138 -8.43827e-33
2.0 1.0 0.193401 -2.16852e-119
2.0 1.0 0.18038 -7.53582e-122
2.0 1.0 0.328861 -4.33559e-32
2.0 1.0 0.178573 -2.60124e-110
2.0 1.0 0.347646 -8.43827e-33
2.0 1.0 0.0540639 -1.40479e-114
2.0 1.0 0.170553 -3.74886e-120
2.0 1.0 0.307785 -4.33559e-32
2.0 1.0 0.328278 -8.43827e-33
2.0 1.0 0.0555083 -3.07057e-111
2.0 1.0 0.299214 -5.02058e-32
2.0 1.0 0.172212 -1.56666e-119
2.0 1.0 0.334924 -8.43827e-33
2.0 1.0 0.319917 -8.43827e-33
2.0 1.0 0.19849 -1.2388e-118
2.0 1.0 0.293771 -4.33559e-32
2.0 1.0 0.275216 -2.03723e-31
2.0 1.0 0.317473 -8.43827e-33
2.0 1.0 0.232656 -9.23122e-107
2.0 1.0 0.29255 -8.43827e-33
2.0 1.0 0.315045 -8.43827e-33
2.0 1.0 0.308874 -5.02058e-32
2.0 1.0 0.185411 -1.7265e-113
2.0 2.0 0.226117 -5.02058e-32
2.0 2.0 0.340701 -7.10571e-31
2.0 2.0 0.162975 -5.02058e-32
2.0 2.0 0.138123 -6.49389e-104
2.0 2.0 0.196262 -5.02058e-32
2.0 2.0 0.219987 -8.43827e-33
2.0 2.0 0.153618 -8.43827e-33
2.0 2.0 0.215182 -4.33559e-32
2.0 2.0 0.153254 -8.43827e-33
2.0 2.0 0.154043 -6.77826e-31
2.0 2.0 0.14624 -8.43827e-33
2.0 2.0 0.048799 -1.14463e-115
2.0 2.0 0.0982542 -1.90306e-120
2.0 2.0 0.146761 -8.43827e-33
2.0 2.0 0.229817 -8.43827e-33
2.0 2.0 0.0884804 -1.90351e-121
2.0 2.0 0.16095 -8.43827e-33
2.0 2.0 0.204801 -5.02058e-32
2.0 2.0 0.147758 -8.43827e-33
2.0 2.0 0.0917461 -2.91495e-118
2.0 2.0 0.18978 -8.43827e-33
2.0 2.0 0.166483 -8.43827e-33
2.0 2.0 0.0447276 -5.56833e-109
2.0 2.0 0.148959 -8.43827e-33
2.0 2.0 0.194842 -8.43827e-33
2.0 2.0 0.0928167 -1.15622e-122
2.0 2.0 0.155281 -5.02058e-32
2.0 2.0 0.153934 -8.43827e-33
2.0 2.0 0.141697 -6.77826e-31
2.0 2.0 0.186202 -8.43827e-33
2.0 2.0 0.231478 -4.33559e-32
2.0 2.0 0.149883 -5.02058e-32
2.0 2.0 0.202833 -8.43827e-33
2.0 2.0 0.141902 -4.67248e-121
2.0 2.0 0.151843 -8.43827e-33
2.0 2.0 0.0939652 -2.91877e-115
2.0 2.0 0.232948 -8.43827e-33
2.0 2.0 0.215801 -8.43827e-33
2.0 2.0 0.162491 -8.43827e-33
2.0 2.0 0.101606 -1.66942e-119
2.0 2.0 0.133943 -7.91721e-122
2.0 2.0 0.159899 -5.02058e-32
2.0 2.0 0.224384 -8.43827e-33
2.0 2.0 0.231136 -2.01644e-31
2.0 2.0 0.231979 -5.02058e-32
2.0 2.0 0.23931 -8.43827e-33
2.0 2.0 0.141999 -8.43827e-33
2.0 2.0 0.142561 -8.43827e-33
2.0 2.0 0.17829 -1.7325e-31
2.0 2.0 0.136729 -9.36819e-117
2.0 3.0 0.11766 -8.43827e-33
2.0 3.0 0.114123 -2.03723e-31
2.0 3.0 0.103314 -1.30594e-120
2.0 3.0 0.110983 -8.43827e-33
2.0 3.0 0.112023 -8.43827e-33
2.0 3.0 0.0990869 -1.03419e-120
2.0 3.0 0.0909689 -8.77756e-109
2.0 3.0 0.0600934 -2.30585e-122
2.0 3.0 0.157017 -8.43827e-33
2.0 3.0 0.106391 -2.01644e-31
2.0 3.0 0.0829982 -3.9701e-109
2.0 3.0 0.109549 -2.03723e-31
2.0 3.0 0.0218654 -1.87347e-105
2.0 3.0 0.11644 -8.43827e-33
2.0 3.0 0.0783987 -1.5129e-122
2.0 3.0 0.109703 -4.33559e-32
2.0 3.0 0.156512 -8.43827e-33
2.0 3.0 0.152809 -2.03723e-31
2.0 3.0 0.0611423 -5.65327e-124
2.0 3.0 0.106832 -8.43827e-33
2.0 3.0 0.0965896 -1.50963e-122
2.0 3.0 0.108831 -5.02058e-32
2.0 3.0 0.118216 -5.02058e-32
2.0 3.0 0.0711441 -5.06333e-120
2.0 3.0 0.103316 -8.43827e-33
2.0 3.0 0.156835 -8.43827e-33
2.0 3.0 0.105799 -2.01644e-31
2.0 3.0 0.111313 -5.02058e-32
2.0 3.0 0.0967872 -9.02628e-120
2.0 3.0 0.105872 -8.43827e-33
2.0 3.0 0.103341 -8.43827e-33
2.0 3.0 0.0996474 -8.43827e-33
2.0 3.0 0.0730294 -1.96988e-119
2.0 3.0 0.109649 -8.43827e-33
2.0 3.0 0.123958 -8.43827e-33
2.0 3.0 0.144895 -2.03723e-31
2.0 3.0 0.0587454 -1.13186e-122
2.0 3.0 0.0965036 -2.81839e-117
2.0 3.0 0.113743 -8.43827e-33
2.0 3.0 0.149225 -5.02058e-32
2.0 3.0 0.108043 -8.43827e-33
2.0 3.0 0.072486 -1.17382e-126
2.0 3.0 0.103541 -8.43827e-33
2.0 3.0 0.0994756 -6.16911e-119
2.0 3.0 0.0611029 -2.35069e-118
2.0 3.0 0.0632066 -3.59915e-122
2.0 3.0 0.157311 -8.43827e-33
2.0 3.0 0.157311 -8.43827e-33
2.0 3.0 0.157311 -8.43827e-33
2.0 3.0 0.157311 -8.43827e-33
2.0 4.0 0.0838757 -8.43827e-33
2.0 4.0 0.0975004 -2.01644e-31
2.0 4.0 0.11332 -8.43827e-33
2.0 4.0 0.0901133 -5.02058e-32
2.0 4.0 0.0890285 -8.43827e-33
2.0 4.0 0.0559779 -9.07226e-120
2.0 4.0 0.0563412 -1.10569e-118
2.0 4.0 0.084011 -1.7325e-31
2.0 4.0 0.0921285 -5.02058e-32
2.0 4.0 0.0790423 -2.01644e-31
2.0 4.0 0.0320518 -6.43393e-111
2.0 4.0 0.0506338 -2.24922e-124
2.0 4.0 0.0804441 -8.43827e-33
2.0 4.0 0.0828063 -8.43827e-33
2.0 4.0 0.120809 -8.43827e-33
2.0 4.0 0.0850957 -8.43827e-33
2.0 4.0 0.0544104 -1.11207e-121
2.0 4.0 0.0811407 -8.43827e-33
2.0 4.0 0.0858117 -8.43827e-33
2.0 4.0 0.0843346 -8.43827e-33
2.0 4.0 0.0905185 -8.43827e-33
2.0 4.0 0.0916683 -5.02058e-32
2.0 4.0 0.0837018 -5.02058e-32
2.0 4.0 0.0522614 -2.1115e-119
2.0 4.0 0.119337 -8.43827e-33
2.0 4.0 0.084584 -2.01644e-31
2.0 4.0 0.0189511 -1.29644e-112
2.0 4.0 0.0626528 -7.9735e-119
2.0 4.0 0.111962 -4.33559e-32
2.0 4.0 0.0521813 -1.28813e-121
2.0 4.0 0.098814 -4.33559e-32
2.0 4.0 0.0907918 -2.03723e-31
2.0 4.0 0.0850141 -8.43827e-33
2.0 4.0 0.115986 -5.02058e-32
2.0 4.0 0.0873512 -8.43827e-33
2.0 4.0 0.090877 -8.43827e-33
2.0 4.0 0.117045 -8.43827e-33
2.0 4.0 0.0559555 -2.21966e-112
2.0 4.0 0.0995355 -8.43827e-33
2.0 4.0 0.0871586 -8.43827e-33
2.0 4.0 0.120436 -8.43827e-33
2.0 4.0 0.0539505 -1.42285e-114
2.0 4.0 0.0817539 -8.43827e-33
2.0 4.0 0.0914771 -8.43827e-33
2.0 4.0 0.0931665 -8.43827e-33
2.0 4.0 0.0761821 -3.97532e-123
2.0 4.0 0.127157 -7.10571e-31
2.0 4.0 0.0866451 -8.43827e-33
2.0 4.0 0.0839554 -8.43827e-33
2.0 4.0 0.0936487 -8.43827e-33
2.0 5.0 0.0904191 -8.43827e-33
2.0 5.0 0.0968158 -8.43827e-33
2.0 5.0 0.0614751 -1.75659e-120
2.0 5.0 0.0846864 -1.7325e-31
2.0 5.0 0.0974594 -8.43827e-33
2.0 5.0 0.0873824 -8.43827e-33
2.0 5.0 0.0969192 -5.02058e-32
2.0 5.0 0.0605649 -6.01807e-121
2.0 5.0 0.0938222 -8.43827e-33
2.0 5.0 0.0277226 -6.40887e-116
2.0 5.0 0.0939808 -8.43827e-33
2.0 5.0 0.0625709 -1.38521e-124
2.0 5.0 0.0977448 -5.02058e-32
2.0 5.0 0.0966476 -8.43827e-33
2.0 5.0 0.0952102 -2.01644e-31
2.0 5.0 0.0790174 -7.10571e-31
2.0 5.0 0.0967989 -8.43827e-33
2.0 5.0 0.0976627 -8.43827e-33
2.0 5.0 0.0973486 -8.43827e-33
2.0 5.0 0.0964541 -8.43827e-33
2.0 5.0 0.0940311 -5.02058e-32
2.0 5.0 0.0605696 -2.33806e-123
2.0 5.0 0.0957215 -4.33559e-32
2.0 5.0 0.0908813 -8.43827e-33
2.0 5.0 0.0955779 -8.43827e-33
2.0 5.0 0.0969619 -8.43827e-33
2.0 5.0 0.0861474 -2.03723e-31
2.0 5.0 0.093844 -4.33559e-32
2.0 5.0 0.0604707 -1.58893e-124
2.0 5.0 0.0964908 -8.43827e-33
2.0 5.0 0.0973694 -8.43827e-33
2.0 5.0 0.0960391 -8.43827e-33
2.0 5.0 0.0950248 -8.43827e-33
2.0 5.0 0.058545 -3.63855e-122
2.0 5.0 0.055619 -3.51902e-118
2.0 5.0 0.0592744 -1.2053e-119
2.0 5.0 0.0601024 -7.21197e-121
2.0 5.0 0.0964846 -8.43827e-33
2.0 5.0 0.0590547 -1.68771e-122
2.0 5.0 0.0884219 -5.02058e-32
2.0 5.0 0.0937392 -4.33559e-32
2.0 5.0 0.0944175 -2.01644e-31
2.0 5.0 0.0610432 -1.7617e-122
2.0 5.0 0.0602843 -5.13787e-119
2.0 5.0 0.0249329 -2.20938e-114
2.0 5.0 0.0256172 -1.58698e-118
2.0 5.0 0.0959274 -5.02058e-32
2.0 5.0 0.0616408 -3.52336e-124
2.0 5.0 0.0976856 -5.02058e-32
2.0 5.0 0.060321 -2.99157e-107
2.0 6.0 0.0516716 -1.29092e-116
2.0 6.0 0.0808847 -4.33559e-32
2.0 6.0 0.0514867 -2.34656e-118
2.0 6.0 0.0513464 -1.7622e-121
2.0 6.0 0.0512298 -1.21745e-119
2.0 6.0 0.0830731 -5.02058e-32
2.0 6.0 0.169097 -8.43827e-33
2.0 6.0 0.073571 -4.33559e-32
2.0 6.0 0.167656 -8.43827e-33
2.0 6.0 0.0514209 -3.07359e-124
2.0 6.0 0.0788782 -8.43827e-33
2.0 6.0 0.0525402 -9.35256e-121
2.0 6.0 0.0801117 -8.43827e-33
2.0 6.0 0.173634 -8.43827e-33
2.0 6.0 0.0849469 -8.43827e-33
2.0 6.0 0.0224942 -3.44347e-113
2.0 6.0 0.0794558 -5.02058e-32
2.0 6.0 0.0819501 -8.43827e-33
2.0 6.0 0.0523835 -4.09576e-120
2.0 6.0 0.0769855 -4.33559e-32
2.0 6.0 0.0827252 -8.43827e-33
2.0 6.0 0.0821258 -8.43827e-33
2.0 6.0 0.0527582 -1.79681e-123
2.0 6.0 0.0766872 -8.43827e-33
2.0 6.0 0.0542913 -1.66278e-120
2.0 6.0 0.0808101 -8.43827e-33
2.0 6.0 0.0777386 -8.43827e-33
2.0 6.0 0.0814597 -8.43827e-33
2.0 6.0 0.0772864 -8.43827e-33
2.0 6.0 0.0803531 -8.43827e-33
2.0 6.0 0.0532943 -9.14471e-120
2.0 6.0 0.0826126 -8.43827e-33
2.0 6.0 0.0591174 -1.27349e-127
2.0 6.0 0.0768949 -5.02058e-32
2.0 6.0 0.0807916 -8.43827e-33
2.0 6.0 0.0487928 -4.96759e-119
2.0 6.0 0.0831295 -5.02058e-32
2.0 6.0 0.083076 -8.43827e-33
2.0 6.0 0.0815402 -4.33559e-32
2.0 6.0 0.050394 -8.68219e-121
2.0 6.0 0.0820026 -8.43827e-33
2.0 6.0 0.0732579 -8.43827e-33
2.0 6.0 0.0824333 -8.43827e-33
2.0 6.0 0.0548688 -2.08196e-121
2.0 6.0 0.0837458 -5.02058e-32
2.0 6.0 0.0524144 -3.77076e-118
2.0 6.0 0.0717349 -8.43827e-33
2.0 6.0 0.0236366 -1.69158e-106
2.0 6.0 0.0822326 -8.43827e-33
2.0 6.0 0.076455 -8.43827e-33
2.0 7.0 0.0720251 -4.33559e-32
2.0 7.0 0.0466794 -8.76753e-115
2.0 7.0 0.0213182 -8.73477e-116
2.0 7.0 0.0211152 -5.44719e-113
2.0 7.0 0.0628153 -1.7325e-31
2.0 7.0 0.0460694 -1.57887e-123
2.0 7.0 0.0462596 -8.54612e-125
2.0 7.0 0.069368 -8.43827e-33
2.0 7.0 0.0724634 -8.43827e-33
2.0 7.0 0.04609 -1.57751e-117
2.0 7.0 0.0728942 -5.02058e-32
2.0 7.0 0.0449574 -1.3673e-118
2.0 7.0 0.0723065 -8.43827e-33
2.0 7.0 0.0720842 -8.43827e-33
2.0 7.0 0.047574 -1.48183e-124
2.0 7.0 0.0724104 -8.43827e-33
2.0 7.0 0.073392 -8.43827e-33
2.0 7.0 0.0683113 -8.43827e-33
2.0 7.0 0.0690902 -8.43827e-33
2.0 7.0 0.0716865 -8.43827e-33
2.0 7.0 0.0644468 -8.43827e-33
2.0 7.0 0.0462407 -5.64897e-120
2.0 7.0 0.0462958 -2.875e-122
2.0 7.0 0.0461087 -2.45181e-119
2.0 7.0 0.0464365 -1.50171e-121
2.0 7.0 0.0690834 -8.43827e-33
2.0 7.0 0.0462753 -8.41294e-124
2.0 7.0 0.0487674 -7.77791e-120
2.0 7.0 0.0457803 -5.37998e-122
2.0 7.0 0.0471032 -8.16589e-121
2.0 7.0 0.0710141 -8.43827e-33
2.0 7.0 0.0697517 -8.43827e-33
2.0 7.0 0.0726774 -8.43827e-33
2.0 7.0 0.0665387 -4.33559e-32
2.0 7.0 0.045701 -1.63377e-115
2.0 7.0 0.0724731 -8.43827e-33
2.0 7.0 0.0460041 -2.22493e-120
2.0 7.0 0.0730019 -5.02058e-32
2.0 7.0 0.0448115 -3.06329e-118
2.0 7.0 0.0694819 -8.43827e-33
2.0 7.0 0.0469364 -4.06813e-124
2.0 7.0 0.0464525 -1.81924e-122
2.0 7.0 0.0695666 -8.43827e-33
2.0 7.0 0.0727425 -8.43827e-33
2.0 7.0 0.06106 -1.7325e-31
2.0 7.0 0.0719123 -8.43827e-33
2.0 7.0 0.0706111 -8.43827e-33
2.0 7.0 0.0464116 -4.18498e-122
2.0 7.0 0.0705425 -8.43827e-33
2.0 7.0 0.0709324 -8.43827e-33
2.0 8.0 0.0645531 -8.43827e-33
2.0 8.0 0.0640489 -8.43827e-33
2.0 8.0 0.0657243 -8.43827e-33
2.0 8.0 0.0653129 -8.43827e-33
2.0 8.0 0.0640167 -4.33559e-32
2.0 8.0 0.0665387 -8.43827e-33
2.0 8.0 0.042362 -5.3381e-120
2.0 8.0 0.0433606 -6.92241e-121
2.0 8.0 0.0576936 -6.77826e-31
2.0 8.0 0.0662029 -5.02058e-32
2.0 8.0 0.0636053 -8.43827e-33
2.0 8.0 0.0658753 -8.43827e-33
2.0 8.0 0.04268 -1.05312e-120
2.0 8.0 0.0652889 -2.01644e-31
2.0 8.0 0.0195211 -5.47907e-104
2.0 8.0 0.0610951 -8.43827e-33
2.0 8.0 0.0418085 -3.93999e-120
2.0 8.0 0.0658896 -8.43827e-33
2.0 8.0 0.0645618 -8.43827e-33
2.0 8.0 0.0426442 -1.56488e-129
2.0 8.0 0.0665713 -5.02058e-32
2.0 8.0 0.042165 -1.02138e-121
2.0 8.0 0.0653974 -8.43827e-33
2.0 8.0 0.0652441 -8.43827e-33
2.0 8.0 0.0647784 -8.43827e-33
2.0 8.0 0.0661091 -8.43827e-33
2.0 8.0 0.0652163 -8.43827e-33
2.0 8.0 0.065373 -4.33559e-32
2.0 8.0 0.0666833 -8.43827e-33
2.0 8.0 0.0616136 -8.43827e-33
2.0 8.0 0.0436223 -4.82167e-118
2.0 8.0 0.0659989 -8.43827e-33
2.0 8.0 0.0575534 -8.43827e-33
2.0 8.0 0.0622071 -8.43827e-33
2.0 8.0 0.0646651 -8.43827e-33
2.0 8.0 0.0624758 -8.43827e-33
2.0 8.0 0.0663766 -8.43827e-33
2.0 8.0 0.0625432 -8.43827e-33
2.0 8.0 0.0665213 -5.02058e-32
2.0 8.0 0.0534922 -1.7325e-31
2.0 8.0 0.0647022 -4.33559e-32
2.0 8.0 0.0615237 -8.43827e-33
2.0 8.0 0.0413403 -1.29459e-114
2.0 8.0 0.0674609 -8.43827e-33
2.0 8.0 0.0658946 -8.43827e-33
2.0 8.0 0.0216042 -1.14897e-106
2.0 8.0 0.0194102 -5.86396e-111
2.0 8.0 0.0629364 -2.03723e-31
2.0 8.0 0.0651451 -5.02058e-32
2.0 8.0 0.0664936 -5.02058e-32
3.0 1.0 0.0383661 -0.0
3.0 1.0 0.0437067 -0.0
3.0 1.0 0.038546 -0.0
3.0 1.0 0.0462829 -0.0
3.0 1.0 0.0433693 -0.0
3.0 1.0 0.0472764 -0.0
3.0 1.0 0.0414231 -0.0
3.0 1.0 0.0450061 -0.0
3.0 1.0 0.0412358 -0.0
3.0 1.0 0.0419207 -0.0
3.0 1.0 0.0457276 -0.0
3.0 1.0 0.0655867 -0.0
3.0 1.0 0.0710803 -0.0
3.0 1.0 0.0444852 -0.0
3.0 1.0 0.0447824 -0.0
3.0 1.0 0.036781 -0.0
3.0 1.0 0.0450107 -0.0
3.0 1.0 0.039203 -0.0
3.0 1.0 0.0436108 -0.0
3.0 1.0 0.0445468 -0.0
3.0 1.0 0.0385199 -0.0
3.0 1.0 0.0395402 -0.0
3.0 1.0 0.0416084 -0.0
3.0 1.0 0.0360401 -0.0
3.0 1.0 0.043248 -0.0
3.0 1.0 0.0397327 -0.0
3.0 1.0 0.0657693 -0.0
3.0 1.0 0.0619185 -0.0
3.0 1.0 0.0574704 -0.0
3.0 1.0 0.06172 -0.0
3.0 1.0 0.0768995 -0.0
3.0 1.0 0.0389649 -0.0
3.0 1.0 0.0395794 -0.0
3.0 1.0 0.07579 -0.0
3.0 1.0 0.0767366 -0.0
3.0 1.0 0.0383406 -0.0
3.0 1.0 0.0385456 -0.0
3.0 1.0 0.0426377 -0.0
3.0 1.0 0.0806197 -0.0
3.0 1.0 0.0723414 -0.0
3.0 1.0 0.0431851 -0.0
3.0 1.0 0.0608532 -0.0
3.0 1.0 0.0429184 -0.0
3.0 1.0 0.0738581 -0.0
3.0 1.0 0.0382292 -0.0
3.0 1.0 0.0731966 -0.0
3.0 1.0 0.0787817 -0.0
3.0 1.0 0.0822785 -0.0
3.0 1.0 0.0404261 -0.0
3.0 1.0 0.0436113 -0.0
3.0 2.0 0.0368372 -0.0
3.0 2.0 0.0187575 -0.0
3.0 2.0 0.0440113 -0.0
3.0 2.0 0.0190727 -0.0
3.0 2.0 0.0225697 -0.0
3.0 2.0 0.01853 -0.0
3.0 2.0 0.0262092 -0.0
3.0 2.0 0.0228433 -0.0
3.0 2.0 0.0411978 -0.0
3.0 2.0 0.0369575 -0.0
3.0 2.0 0.0392038 -0.0
3.0 2.0 0.0272133 -0.0
3.0 2.0 0.023333 -0.0
3.0 2.0 0.0258587 -0.0
3.0 2.0 0.0411485 -0.0
3.0 2.0 0.0232857 -0.0
3.0 2.0 0.0229103 -0.0
3.0 2.0 0.0408753 -0.0
3.0 2.0 0.0261855 -0.0
3.0 2.0 0.0242458 -0.0
3.0 2.0 0.0397308 -0.0
3.0 2.0 0.0420404 -0.0
3.0 2.0 0.0217426 -0.0
3.0 2.0 0.0383044 -0.0
3.0 2.0 0.0377412 -0.0
3.0 2.0 0.0222076 -0.0
3.0 2.0 0.0230189 -0.0
3.0 2.0 0.0399293 -0.0
3.0 2.0 0.0206076 -0.0
3.0 2.0 0.0340294 -0.0
3.0 2.0 0.0237272 -0.0
3.0 2.0 0.0259681 -0.0
3.0 2.0 0.0243131 -0.0
3.0 2.0 0.0247273 -0.0
3.0 2.0 0.0255028 -0.0
3.0 2.0 0.0335084 -0.0
3.0 2.0 0.0222719 -0.0
3.0 2.0 0.028504 -0.0
3.0 2.0 0.0220829 -0.0
3.0 2.0 0.0251734 -0.0
3.0 2.0 0.0394136 -0.0
3.0 2.0 0.0258221 -0.0
3.0 2.0 0.0441409 -0.0
3.0 2.0 0.0232589 -0.0
3.0 2.0 0.0274332 -0.0
3.0 2.0 0.0269071 -0.0
3.0 2.0 0.0406675 -0.0
3.0 2.0 0.0294146 -0.0
3.0 2.0 0.0399334 -0.0
3.0 2.0 0.0238079 -0.0
3.0 3.0 0.0300469 -0.0
3.0 3.0 0.0179666 -0.0
3.0 3.0 0.0180176 -0.0
3.0 3.0 0.0191312 -0.0
3.0 3.0 0.0178135 -0.0
3.0 3.0 0.017589 -0.0
3.0 3.0 0.0190399 -0.0
3.0 3.0 0.0171503 -0.0
3.0 3.0 0.0185672 -0.0
3.0 3.0 0.0209487 -0.0
3.0 3.0 0.0202756 -0.0
3.0 3.0 0.017884 -0.0
3.0 3.0 0.0261095 -0.0
3.0 3.0 0.0220757 -0.0
3.0 3.0 0.0296238 -0.0
3.0 3.0 0.0274443 -0.0
3.0 3.0 0.0278623 -0.0
3.0 3.0 0.0215503 -0.0
3.0 3.0 0.0198948 -0.0
3.0 3.0 0.0291343 -0.0
3.0 3.0 0.0206696 -0.0
3.0 3.0 0.0274409 -0.0
3.0 3.0 0.0170269 -0.0
3.0 3.0 0.0167271 -0.0
3.0 3.0 0.0183722 -0.0
3.0 3.0 0.0187514 -0.0
3.0 3.0 0.018918 -0.0
3.0 3.0 0.0209311 -0.0
3.0 3.0 0.0215944 -0.0
3.0 3.0 0.0316087 -0.0
3.0 3.0 0.0158922 -0.0
3.0 3.0 0.0183527 -0.0
3.0 3.0 0.017775 -0.0
3.0 3.0 0.0187581 -0.0
3.0 3.0 0.034771 -0.0
3.0 3.0 0.0171298 -0.0
3.0 3.0 0.0201804 -0.0
3.0 3.0 0.017434 -0.0
3.0 3.0 0.0282288 -0.0
3.0 3.0 0.0208206 -0.0
3.0 3.0 0.0263285 -0.0
3.0 3.0 0.0195543 -0.0
3.0 3.0 0.0162413 -0.0
3.0 3.0 0.0182067 -0.0
3.0 3.0 0.0178776 -0.0
3.0 3.0 0.0201294 -0.0
3.0 3.0 0.0163199 -0.0
3.0 3.0 0.0293526 -0.0
3.0 3.0 0.0291767 -0.0
3.0 3.0 0.0208642 -0.0
3.0 4.0 0.0144016 -0.0
3.0 4.0 0.021316 -0.0
3.0 4.0 0.0149129 -0.0
3.0 4.0 0.0136929 -0.0
3.0 4.0 0.0127828 -0.0
3.0 4.0 0.0213574 -0.0
3.0 4.0 0.017064 -0.0
3.0 4.0 0.0142623 -0.0
3.0 4.0 0.0161029 -0.0
3.0 4.0 0.019005 -0.0
3.0 4.0 0.0188827 -0.0
3.0 4.0 0.0171511 -0.0
3.0 4.0 0.0213783 -0.0
3.0 4.0 0.0167332 -0.0
3.0 4.0 0.0164485 -0.0
3.0 4.0 0.0184764 -0.0
3.0 4.0 0.0155227 -0.0
3.0 4.0 0.0166957 -0.0
3.0 4.0 0.0184042 -0.0
3.0 4.0 0.0185199 -0.0
3.0 4.0 0.0185697 -0.0
3.0 4.0 0.0182985 -0.0
3.0 4.0 0.0253015 -0.0
3.0 4.0 0.014787 -0.0
3.0 4.0 0.0179455 -0.0
3.0 4.0 0.0175603 -0.0
3.0 4.0 0.0184541 -0.0
3.0 4.0 0.0184234 -0.0
3.0 4.0 0.0227157 -0.0
3.0 4.0 0.0155664 -0.0
3.0 4.0 0.0181756 -0.0
3.0 4.0 0.0154418 -0.0
3.0 4.0 0.022493 -0.0
3.0 4.0 0.0221603 -0.0
3.0 4.0 0.0180861 -0.0
3.0 4.0 0.0201015 -0.0
3.0 4.0 0.0146227 -0.0
3.0 4.0 0.0187353 -0.0
3.0 4.0 0.0153675 -0.0
3.0 4.0 0.0220242 -0.0
3.0 4.0 0.0177199 -0.0
3.0 4.0 0.0182766 -0.0
3.0 4.0 0.0136622 -0.0
3.0 4.0 0.0198653 -0.0
3.0 4.0 0.018084 -0.0
3.0 4.0 0.0151576 -0.0
3.0 4.0 0.0145719 -0.0
3.0 4.0 0.016494 -0.0
3.0 4.0 0.0225813 -0.0
3.0 4.0 0.0169578 -0.0
3.0 5.0 0.0203064 -0.0
3.0 5.0 0.0199756 -0.0
3.0 5.0 0.0190143 -0.0
3.0 5.0 0.019259 -0.0
3.0 5.0 0.019028 -0.0
3.0 5.0 0.0208224 -0.0
3.0 5.0 0.0205288 -0.0
3.0 5.0 0.0212636 -0.0
3.0 5.0 0.0200726 -0.0
3.0 5.0 0.0200549 -0.0
3.0 5.0 0.0206624 -0.0
3.0 5.0 0.0200642 -0.0
3.0 5.0 0.0186487 -0.0
3.0 5.0 0.0203352 -0.0
3.0 5.0 0.0196328 -0.0
3.0 5.0 0.0192693 -0.0
3.0 5.0 0.0194785 -0.0
3.0 5.0 0.019164 -0.0
3.0 5.0 0.0208265 -0.0
3.0 5.0 0.0196552 -0.0
3.0 5.0 0.0205142 -0.0
3.0 5.0 0.0200271 -0.0
3.0 5.0 0.0198276 -0.0
3.0 5.0 0.0202204 -0.0
3.0 5.0 0.0198663 -0.0
3.0 5.0 0.0201673 -0.0
3.0 5.0 0.0189127 -0.0
3.0 5.0 0.0206986 -0.0
3.0 5.0 0.0203815 -0.0
3.0 5.0 0.0203215 -0.0
3.0 5.0 0.0200209 -0.0
3.0 5.0 0.019724 -0.0
3.0 5.0 0.0190942 -0.0
3.0 5.0 0.0204006 -0.0
3.0 5.0 0.0204614 -0.0
3.0 5.0 0.0203312 -0.0
3.0 5.0 0.0205073 -0.0
3.0 5.0 0.0207709 -0.0
3.0 5.0 0.0213071 -0.0
3.0 5.0 0.0196563 -0.0
3.0 5.0 0.0207058 -0.0
3.0 5.0 0.0192644 -0.0
3.0 5.0 0.0207351 -0.0
3.0 5.0 0.0197893 -0.0
3.0 5.0 0.0200342 -0.0
3.0 5.0 0.0204109 -0.0
3.0 5.0 0.0199704 -0.0
3.0 5.0 0.0207952 -0.0
3.0 5.0 0.0199494 -0.0
3.0 5.0 0.0194069 -0.0
3.0 6.0 0.0179944 -0.0
3.0 6.0 0.0181011 -0.0
3.0 6.0 0.0183167 -0.0
3.0 6.0 0.0180345 -0.0
3.0 6.0 0.0185628 -0.0
3.0 6.0 0.0181235 -0.0
3.0 6.0 0.0172065 -0.0
3.0 6.0 0.017299 -0.0
3.0 6.0 0.0181199 -0.0
3.0 6.0 0.0193217 -0.0
3.0 6.0 0.01787 -0.0
3.0 6.0 0.0182782 -0.0
3.0 6.0 0.0188388 -0.0
3.0 6.0 0.0177651 -0.0
3.0 6.0 0.0171963 -0.0
3.0 6.0 0.017382 -0.0
3.0 6.0 0.0172623 -0.0
3.0 6.0 0.0183177 -0.0
3.0 6.0 0.0182276 -0.0
3.0 6.0 0.0178947 -0.0
3.0 6.0 0.017208 -0.0
3.0 6.0 0.0179224 -0.0
3.0 6.0 0.0178488 -0.0
3.0 6.0 0.0178301 -0.0
3.0 6.0 0.0164124 -0.0
3.0 6.0 0.0190347 -0.0
3.0 6.0 0.0179308 -0.0
3.0 6.0 0.0191892 -0.0
3.0 6.0 0.0170323 -0.0
3.0 6.0 0.0171385 -0.0
3.0 6.0 0.0180413 -0.0
3.0 6.0 0.0186228 -0.0
3.0 6.0 0.0182318 -0.0
3.0 6.0 0.0177915 -0.0
3.0 6.0 0.0170115 -0.0
3.0 6.0 0.0186983 -0.0
3.0 6.0 0.018756 -0.0
3.0 6.0 0.0175137 -0.0
3.0 6.0 0.0183434 -0.0
3.0 6.0 0.018226 -0.0
3.0 6.0 0.0179816 -0.0
3.0 6.0 0.017738 -0.0
3.0 6.0 0.0174276 -0.0
3.0 6.0 0.0182186 -0.0
3.0 6.0 0.0170706 -0.0
3.0 6.0 0.0182201 -0.0
3.0 6.0 0.0191902 -0.0
3.0 6.0 0.0172754 -0.0
3.0 6.0 0.019008 -0.0
3.0 6.0 0.0173223 -0.0
3.0 7.0 0.0182775 -0.0
3.0 7.0 0.0172542 -0.0
3.0 7.0 0.0173824 -0.0
3.0 7.0 0.017666 -0.0
3.0 7.0 0.0169255 -0.0
3.0 7.0 0.0174175 -0.0
3.0 7.0 0.0172333 -0.0
3.0 7.0 0.0168765 -0.0
3.0 7.0 0.0167469 -0.0
3.0 7.0 0.0174914 -0.0
3.0 7.0 0.0177512 -0.0
3.0 7.0 0.0173108 -0.0
3.0 7.0 0.0171921 -0.0
3.0 7.0 0.0175894 -0.0
3.0 7.0 0.0169796 -0.0
3.0 7.0 0.0167429 -0.0
3.0 7.0 0.0176096 -0.0
3.0 7.0 0.0171264 -0.0
3.0 7.0 0.0166127 -0.0
3.0 7.0 0.0173422 -0.0
3.0 7.0 0.0173265 -0.0
3.0 7.0 0.016031 -0.0
3.0 7.0 0.0172174 -0.0
3.0 7.0 0.0176376 -0.0
3.0 7.0 0.017007 -0.0
3.0 7.0 0.017104 -0.0
3.0 7.0 0.0174072 -0.0
3.0 7.0 0.0175204 -0.0
3.0 7.0 0.0172327 -0.0
3.0 7.0 0.0175224 -0.0
3.0 7.0 0.0173862 -0.0
3.0 7.0 0.017258 -0.0
3.0 7.0 0.0173579 -0.0
3.0 7.0 0.0176476 -0.0
3.0 7.0 0.0169364 -0.0
3.0 7.0 0.0171714 -0.0
3.0 7.0 0.0171997 -0.0
3.0 7.0 0.0170625 -0.0
3.0 7.0 0.0172604 -0.0
3.0 7.0 0.0170099 -0.0
3.0 7.0 0.0178259 -0.0
3.0 7.0 0.0171377 -0.0
3.0 7.0 0.0178668 -0.0
3.0 7.0 0.0167608 -0.0
3.0 7.0 0.016868 -0.0
3.0 7.0 0.0179046 -0.0
3.0 7.0 0.0170721 -0.0
3.0 7.0 0.0167013 -0.0
3.0 7.0 0.0175485 -0.0
3.0 7.0 0.0174956 -0.0
3.0 8.0 0.0166266 -0.0
3.0 8.0 0.0170304 -0.0
3.0 8.0 0.0166535 -0.0
3.0 8.0 0.01634 -0.0
3.0 8.0 0.0163144 -0.0
3.0 8.0 0.0163946 -0.0
3.0 8.0 0.0165057 -0.0
3.0 8.0 0.0168072 -0.0
3.0 8.0 0.0165111 -0.0
3.0 8.0 0.0172347 -0.0
3.0 8.0 0.0160866 -0.0
3.0 8.0 0.0161004 -0.0
3.0 8.0 0.0173287 -0.0
3.0 8.0 0.0161167 -0.0
3.0 8.0 0.0157159 -0.0
3.0 8.0 0.0159706 -0.0
3.0 8.0 0.0167887 -0.0
3.0 8.0 0.0160025 -0.0
3.0 8.0 0.0177774 -0.0
3.0 8.0 0.0165681 -0.0
3.0 8.0 0.0150722 -0.0
3.0 8.0 0.0164082 -0.0
3.0 8.0 0.0163654 -0.0
3.0 8.0 0.0166078 -0.0
3.0 8.0 0.0169049 -0.0
3.0 8.0 0.0166074 -0.0
3.0 8.0 0.0171238 -0.0
3.0 8.0 0.0163758 -0.0
3.0 8.0 0.0172244 -0.0
3.0 8.0 0.0161759 -0.0
3.0 8.0 0.017397 -0.0
3.0 8.0 0.0172897 -0.0
3.0 8.0 0.0165558 -0.0
3.0 8.0 0.0160254 -0.0
3.0 8.0 0.0172665 -0.0
3.0 8.0 0.0163714 -0.0
3.0 8.0 0.0164614 -0.0
3.0 8.0 0.0160914 -0.0
3.0 8.0 0.0165533 -0.0
3.0 8.0 0.0174581 -0.0
3.0 8.0 0.0163168 -0.0
3.0 8.0 0.0164556 -0.0
3.0 8.0 0.0166251 -0.0
3.0 8.0 0.0164734 -0.0
3.0 8.0 0.0166297 -0.0
3.0 8.0 0.0174517 -0.0
3.0 8.0 0.0164288 -0.0
3.0 8.0 0.016199 -0.0
3.0 8.0 0.0168143 -0.0
3.0 8.0 0.0167618 -0.0
4.0 1.0 0.900044 99.9752
4.0 1.0 0.160204 99.9685
4.0 1.0 0.87771 99.9752
4.0 1.0 0.173157 99.9811
4.0 1.0 0.889298 99.9987
4.0 1.0 1.26432 99.9786
4.0 1.0 0.297615 99.9515
4.0 1.0 0.297545 99.9493
4.0 1.0 0.88262 100.0
4.0 1.0 0.973524 99.9724
4.0 1.0 0.184227 99.9549
4.0 1.0 0.158338 99.9543
4.0 1.0 1.18618 99.9685
4.0 1.0 0.932398 99.9515
4.0 1.0 0.16756 99.9704
4.0 1.0 0.895478 99.9875
4.0 1.0 0.181445 99.9546
4.0 1.0 0.169557 99.9987
4.0 1.0 0.269622 99.9983
4.0 1.0 0.234351 99.9835
4.0 1.0 0.249333 99.986
4.0 1.0 0.264712 99.9617
4.0 1.0 0.291219 99.9762
4.0 1.0 0.269493 99.9615
4.0 1.0 0.23933 99.9546
4.0 1.0 0.176376 99.9947
4.0 1.0 0.994684 99.9917
4.0 1.0 0.171938 99.9183
4.0 1.0 0.171268 99.9546
4.0 1.0 0.168647 99.9721
4.0 1.0 0.177321 99.9773
4.0 1.0 0.259574 99.9811
4.0 1.0 0.169774 99.9967
4.0 1.0 1.23867 99.9633
4.0 1.0 0.173353 99.9756
4.0 1.0 0.273061 99.9444
4.0 1.0 0.849139 99.9752
4.0 1.0 0.815813 99.9846
4.0 1.0 0.845401 99.9752
4.0 1.0 0.826229 99.9156
4.0 1.0 0.153882 99.9616
4.0 1.0 0.164457 99.9546
4.0 1.0 0.970459 99.9546
4.0 1.0 0.912269 99.9844
4.0 1.0 1.04171 99.9515
4.0 1.0 1.07897 99.9515
4.0 1.0 0.975045 99.9838
4.0 1.0 0.302264 99.9936
4.0 1.0 0.861661 99.9876
4.0 1.0 0.800264 99.9545
4.0 2.0 0.166443 99.9852
4.0 2.0 1.02689 99.9752
4.0 2.0 0.402744 99.9986
4.0 2.0 0.139247 99.939
4.0 2.0 0.173507 99.9752
4.0 2.0 1.46839 99.9762
4.0 2.0 0.746214 99.9827
4.0 2.0 0.138561 99.9854
4.0 2.0 0.14931 99.9728
4.0 2.0 0.697457 99.9991
4.0 2.0 0.174725 99.9515
4.0 2.0 0.147633 99.9762
4.0 2.0 0.13687 99.924
4.0 2.0 0.760048 99.9853
4.0 2.0 0.154272 99.9781
4.0 2.0 0.517482 99.9639
4.0 2.0 0.936103 99.9523
4.0 2.0 0.167678 99.9842
4.0 2.0 1.12704 99.9948
4.0 2.0 0.821888 99.9869
4.0 2.0 0.500528 99.9518
4.0 2.0 0.151207 99.9888
4.0 2.0 0.129669 99.9546
4.0 2.0 0.541598 99.9546
4.0 2.0 0.147755 99.9803
4.0 2.0 0.153833 99.9752
4.0 2.0 0.759495 99.9752
4.0 2.0 0.669026 99.975
4.0 2.0 0.814972 99.9762
4.0 2.0 0.142669 99.9785
4.0 2.0 1.00804 99.9958
4.0 2.0 0.436353 99.9515
4.0 2.0 0.747848 99.9999
4.0 2.0 0.15287 99.9498
4.0 2.0 0.154427 99.962
4.0 2.0 0.148775 99.9905
4.0 2.0 0.453196 99.9391
4.0 2.0 0.466681 99.984
4.0 2.0 0.784429 99.9565
4.0 2.0 1.50044 99.9752
4.0 2.0 0.447621 99.9515
4.0 2.0 0.484127 99.9815
4.0 2.0 0.158633 99.9821
4.0 2.0 1.12636 99.9515
4.0 2.0 0.162218 99.9763
4.0 2.0 0.555576 99.9746
4.0 2.0 0.851308 99.9515
4.0 2.0 0.155805 99.9602
4.0 2.0 0.150432 99.9935
4.0 2.0 0.150432 99.9935
4.0 3.0 0.726777 99.9924
4.0 3.0 0.611963 99.9846
4.0 3.0 0.652341 99.963
4.0 3.0 0.119974 99.992
4.0 3.0 0.748558 99.9634
4.0 3.0 0.754007 99.9752
4.0 3.0 0.096465 99.9782
4.0 3.0 0.673894 99.9624
4.0 3.0 0.353815 99.9686
4.0 3.0 0.7284 99.9762
4.0 3.0 0.116079 99.9966
4.0 3.0 0.536819 99.9546
4.0 3.0 2.32001 99.9631
4.0 3.0 0.0901261 99.9802
4.0 3.0 0.398191 99.9752
4.0 3.0 0.714159 99.9816
4.0 3.0 0.380804 99.9752
4.0 3.0 0.092486 99.98
4.0 3.0 0.446113 99.9546
4.0 3.0 0.453259 99.968
4.0 3.0 0.102612 99.9636
4.0 3.0 0.698245 99.9677
4.0 3.0 0.629331 99.9752
4.0 3.0 0.52291 99.9753
4.0 3.0 0.0976274 99.959
4.0 3.0 0.585118 99.9938
4.0 3.0 1.09577 99.9978
4.0 3.0 0.311373 99.9991
4.0 3.0 0.484436 99.9959
4.0 3.0 0.608603 99.9732
4.0 3.0 0.10196 99.9546
4.0 3.0 0.522814 99.9616
4.0 3.0 0.34383 99.9992
4.0 3.0 0.722634 99.9928
4.0 3.0 0.364809 99.9779
4.0 3.0 0.107132 99.9621
4.0 3.0 0.571797 99.9752
4.0 3.0 1.70309 99.9726
4.0 3.0 0.397948 99.984
4.0 3.0 1.11389 99.9892
4.0 3.0 0.45761 99.9762
4.0 3.0 0.671608 99.9571
4.0 3.0 0.359178 99.9762
4.0 3.0 0.757512 99.924
4.0 3.0 0.272756 99.9515
4.0 3.0 0.0910932 99.9971
4.0 3.0 0.451093 99.9863
4.0 3.0 1.99303 99.9584
4.0 3.0 2.06917 99.9338
4.0 3.0 0.471175 99.976
4.0 4.0 0.420863 99.977
4.0 4.0 0.372117 99.9752
4.0 4.0 0.354824 99.9752
4.0 4.0 0.0822174 99.9762
4.0 4.0 0.488108 99.9874
4.0 4.0 1.19476 99.9751
4.0 4.0 0.409151 99.9762
4.0 4.0 0.361266 99.9883
4.0 4.0 1.21947 99.9906
4.0 4.0 0.300523 99.9752
4.0 4.0 0.0813862 99.9762
4.0 4.0 0.904612 99.9807
4.0 4.0 0.0925673 99.9869
4.0 4.0 0.374625 99.9733
4.0 4.0 0.614075 99.9964
4.0 4.0 0.786544 99.9449
4.0 4.0 0.858362 99.9944
4.0 4.0 0.0690966 99.9546
4.0 4.0 0.0916238 99.9999
4.0 4.0 0.379284 99.9752
4.0 4.0 0.441172 99.9697
4.0 4.0 0.959106 99.9762
4.0 4.0 0.089754 99.9763
4.0 4.0 0.441372 99.9787
4.0 4.0 1.52987 99.9752
4.0 4.0 0.350254 99.9531
4.0 4.0 0.0762293 99.9853
4.0 4.0 0.0846704 99.9752
4.0 4.0 0.410378 99.9979
4.0 4.0 0.582725 99.9959
4.0 4.0 0.778194 99.9546
4.0 4.0 0.332449 99.9913
4.0 4.0 0.478477 99.9736
4.0 4.0 0.247155 99.9959
4.0 4.0 0.589651 99.9647
4.0 4.0 0.983567 99.9546
4.0 4.0 0.421687 99.9752
4.0 4.0 0.438647 99.9968
4.0 4.0 0.546788 99.9789
4.0 4.0 0.898055 99.9736
4.0 4.0 0.393783 99.9925
4.0 4.0 0.353548 99.9994
4.0 4.0 0.61957 99.9603
4.0 4.0 0.263576 99.9766
4.0 4.0 0.450489 99.9817
4.0 4.0 0.0882589 99.9459
4.0 4.0 0.491841 99.9728
4.0 4.0 0.0757771 99.9776
4.0 4.0 0.0760667 99.9939
4.0 4.0 0.348284 99.994
4.0 5.0 0.073054 99.9969
4.0 5.0 0.0770425 99.9546
4.0 5.0 0.0740523 99.9762
4.0 5.0 0.0710943 99.9909
4.0 5.0 0.0652132 99.9896
4.0 5.0 0.0735687 99.9546
4.0 5.0 0.0717398 99.9752
4.0 5.0 0.0696698 99.9818
4.0 5.0 0.0671246 99.9752
4.0 5.0 0.0708566 99.9861
4.0 5.0 0.0692342 99.9582
4.0 5.0 0.0723801 99.9833
4.0 5.0 0.0699652 99.9846
4.0 5.0 0.0655786 99.9762
4.0 5.0 0.0698718 99.9948
4.0 5.0 0.065314 99.9938
4.0 5.0 0.0668766 99.9546
4.0 5.0 0.070593 99.9814
4.0 5.0 0.0714576 99.9597
4.0 5.0 0.0737425 99.9762
4.0 5.0 0.0715321 99.981
4.0 5.0 0.0734976 99.9774
4.0 5.0 0.0690584 99.9847
4.0 5.0 0.0731433 99.9907
4.0 5.0 0.0716591 99.9955
4.0 5.0 0.0688334 99.9747
4.0 5.0 0.0638609 99.9764
4.0 5.0 0.0710989 99.9726
4.0 5.0 0.0688822 99.924
4.0 5.0 0.0711003 99.956
4.0 5.0 0.0730862 99.9762
4.0 5.0 0.0691936 99.9694
4.0 5.0 0.0760356 99.9546
4.0 5.0 0.0637187 99.9996
4.0 5.0 0.0727307 99.9989
4.0 5.0 0.071774 99.9966
4.0 5.0 0.0715225 99.9862
4.0 5.0 0.0719897 99.9827
4.0 5.0 0.0750613 99.9546
4.0 5.0 0.0655407 99.9752
4.0 5.0 0.0758096 99.9621
4.0 5.0 0.0711658 99.9995
4.0 5.0 0.0662254 99.9797
4.0 5.0 0.0726922 99.9839
4.0 5.0 0.0711332 99.9907
4.0 5.0 0.0745957 99.9864
4.0 5.0 0.0665301 99.9822
4.0 5.0 0.0649775 99.9752
4.0 5.0 0.0692616 99.9985
4.0 5.0 0.0720164 99.9752
4.0 6.0 0.0609768 99.9927
4.0 6.0 0.0564074 99.9816
4.0 6.0 0.0639967 99.9766
4.0 6.0 0.0591872 99.9752
4.0 6.0 0.0603378 99.9975
4.0 6.0 0.0609135 99.9959
4.0 6.0 0.0622178 99.9762
4.0 6.0 0.0645013 99.9882
4.0 6.0 0.0653487 99.9762
4.0 6.0 0.0608302 99.9515
4.0 6.0 0.0611901 99.9515
4.0 6.0 0.0614333 99.9986
4.0 6.0 0.0648568 99.9972
4.0 6.0 0.0627996 99.9762
4.0 6.0 0.0588826 99.9787
4.0 6.0 0.0611896 99.9912
4.0 6.0 0.0619098 99.9762
4.0 6.0 0.0614372 99.9852
4.0 6.0 0.0616871 99.9583
4.0 6.0 0.0632649 99.9762
4.0 6.0 0.0612282 99.9695
4.0 6.0 0.0563946 99.9752
4.0 6.0 0.0605061 99.9515
4.0 6.0 0.0609788 99.9762
4.0 6.0 0.0656307 99.9569
4.0 6.0 0.0643461 99.924
4.0 6.0 0.0574397 99.9752
4.0 6.0 0.0628012 99.9998
4.0 6.0 0.0664401 99.9752
4.0 6.0 0.0617786 100.0
4.0 6.0 0.0608749 99.9881
4.0 6.0 0.0603998 99.9794
4.0 6.0 0.0570466 99.9978
4.0 6.0 0.0604246 99.9962
4.0 6.0 0.0611859 99.9851
4.0 6.0 0.0595841 99.9857
4.0 6.0 0.0635818 99.9877
4.0 6.0 0.0627813 99.991
4.0 6.0 0.060956 99.9799
4.0 6.0 0.0612939 99.985
4.0 6.0 0.0576305 99.9762
4.0 6.0 0.0652415 99.9858
4.0 6.0 0.0600273 99.9995
4.0 6.0 0.0567108 99.9949
4.0 6.0 0.0621021 99.9995
4.0 6.0 0.0659499 99.9515
4.0 6.0 0.0651872 99.9515
4.0 6.0 0.0596737 99.9967
4.0 6.0 0.0635696 99.9762
4.0 6.0 0.0629242 99.9752
4.0 7.0 0.0581149 99.9791
4.0 7.0 0.0523055 99.9762
4.0 7.0 0.0556367 99.9996
4.0 7.0 0.0567487 99.9619
4.0 7.0 0.0562577 99.9752
4.0 7.0 0.0522038 99.9907
4.0 7.0 0.0558162 99.9854
4.0 7.0 0.0583275 99.9515
4.0 7.0 0.0552021 99.9752
4.0 7.0 0.0580432 99.9762
4.0 7.0 0.056386 99.98
4.0 7.0 0.0548514 99.9752
4.0 7.0 0.0564433 99.9867
4.0 7.0 0.0567329 99.9752
4.0 7.0 0.0578011 99.9838
4.0 7.0 0.0588518 99.9515
4.0 7.0 0.058006 99.9752
4.0 7.0 0.0539884 99.9762
4.0 7.0 0.0556153 99.9835
4.0 7.0 0.056952 99.9966
4.0 7.0 0.056284 99.995
4.0 7.0 0.0571889 99.9997
4.0 7.0 0.0525825 99.9752
4.0 7.0 0.0613063 99.9515
4.0 7.0 0.0578064 99.9762
4.0 7.0 0.0588491 99.9762
4.0 7.0 0.0588915 99.9838
4.0 7.0 0.0514744 99.9762
4.0 7.0 0.0603491 99.9691
4.0 7.0 0.0585239 99.9922
4.0 7.0 0.0522921 99.9762
4.0 7.0 0.057016 99.9752
4.0 7.0 0.0569996 99.9869
4.0 7.0 0.0601891 99.957
4.0 7.0 0.0580289 99.9762
4.0 7.0 0.0563019 99.9963
4.0 7.0 0.0560059 99.9772
4.0 7.0 0.0588496 99.9972
4.0 7.0 0.0602871 99.9752
4.0 7.0 0.057896 99.9752
4.0 7.0 0.0555567 99.9999
4.0 7.0 0.05356 99.9762
4.0 7.0 0.0534402 99.9897
4.0 7.0 0.0523735 99.9752
4.0 7.0 0.0587105 99.9914
4.0 7.0 0.0583555 99.9762
4.0 7.0 0.0571116 99.9792
4.0 7.0 0.0568317 99.982
4.0 7.0 0.0560709 99.9944
4.0 7.0 0.0524348 99.9752
4.0 8.0 0.0513899 99.9828
4.0 8.0 0.0525655 99.9725
4.0 8.0 0.0545435 99.9515
4.0 8.0 0.0520361 99.9863
4.0 8.0 0.0520361 99.9863
4.0 8.0 0.0520361 99.9863
4.0 8.0 0.0520361 99.9863
4.0 8.0 0.0520361 99.9863
4.0 8.0 0.0520361 99.9863
4.0 8.0 0.0520361 99.9863
4.0 8.0 0.0520361 99.9863
4.0 8.0 0.0520361 99.9863
4.0 8.0 0.0520361 99.9863
4.0 8.0 0.0520361 99.9863
4.0 8.0 0.0520361 99.9863
4.0 8.0 0.0520361 99.9863
4.0 8.0 0.0520361 99.9863
4.0 8.0 0.0520361 99.9863
4.0 8.0 0.0520361 99.9863
4.0 8.0 0.0520361 99.9863
4.0 8.0 0.0520361 99.9863
4.0 8.0 0.0520361 99.9863
4.0 8.0 0.0520361 99.9863
4.0 8.0 0.0520361 99.9863
4.0 8.0 0.0520361 99.9863
4.0 8.0 0.0520361 99.9863
4.0 8.0 0.0520361 99.9863
4.0 8.0 0.0520361 99.9863
4.0 8.0 0.0520361 99.9863
4.0 8.0 0.0520361 99.9863
4.0 8.0 0.0520361 99.9863
4.0 8.0 0.0520361 99.9863
4.0 8.0 0.0520361 99.9863
4.0 8.0 0.0520361 99.9863
4.0 8.0 0.0520361 99.9863
4.0 8.0 0.0520361 99.9863
4.0 8.0 0.0520361 99.9863
4.0 8.0 0.0520361 99.9863
4.0 8.0 0.0520361 99.9863
4.0 8.0 0.0520361 99.9863
4.0 8.0 0.0520361 99.9863
4.0 8.0 0.0520361 99.9863
4.0 8.0 0.0520361 99.9863
4.0 8.0 0.0520361 99.9863
4.0 8.0 0.0520361 99.9863
4.0 8.0 0.0520361 99.9863
4.0 8.0 0.0520361 99.9863
4.0 8.0 0.0520361 99.9863
4.0 8.0 0.0520361 99.9863
4.0 8.0 0.0520361 99.9863
5.0 1.0 28.2414 -20.9406
5.0 1.0 28.2821 -20.797
5.0 1.0 28.3689 -20.9406
5.0 1.0 28.149 -20.9406
5.0 1.0 28.2531 -20.9406
5.0 1.0 28.116 -20.9406
5.0 1.0 27.4728 -20.9406
5.0 1.0 27.3242 -20.9406
5.0 1.0 27.3255 -20.9406
5.0 1.0 27.3459 -20.9406
5.0 1.0 27.3352 -20.9406
5.0 1.0 27.3519 -20.9406
5.0 1.0 27.527 -20.797
5.0 1.0 28.7114 -20.9406
5.0 1.0 28.311 -20.9406
5.0 1.0 28.1833 -20.9406
5.0 1.0 28.0807 -20.9406
5.0 1.0 28.1239 -20.9406
5.0 1.0 27.4947 -20.9406
5.0 1.0 27.7855 -20.9406
5.0 1.0 27.5143 -20.9406
5.0 1.0 27.3503 -20.9406
5.0 1.0 27.5356 -20.797
5.0 1.0 28.4526 -20.9406
5.0 1.0 27.4396 -20.9406
5.0 1.0 27.4011 -20.9406
5.0 1.0 29.6539 -20.797
5.0 1.0 28.6062 -20.9406
5.0 1.0 28.3444 -20.9406
5.0 1.0 27.8077 -20.9406
5.0 1.0 27.8154 -20.9406
5.0 1.0 28.3682 -20.9406
5.0 1.0 27.8205 -21.0462
5.0 1.0 28.1835 -20.9406
5.0 1.0 28.3051 -20.9406
5.0 1.0 27.4375 -20.9406
5.0 1.0 29.8955 -20.7972
5.0 1.0 27.8604 -20.9406
5.0 1.0 28.1407 -20.9406
5.0 1.0 27.7814 -20.9406
5.0 1.0 27.8123 -20.9406
5.0 1.0 28.4516 -20.9406
5.0 1.0 27.5219 -20.9406
5.0 1.0 29.669 -20.797
5.0 1.0 29.6353 -20.797
5.0 1.0 28.1163 -20.9406
5.0 1.0 28.2723 -20.9406
5.0 1.0 27.6831 -20.9406
5.0 1.0 27.8079 -20.9406
5.0 1.0 27.8079 -20.9406
5.0 2.0 14.2453 -20.9406
5.0 2.0 13.8416 -20.9406
5.0 2.0 14.4873 -21.0462
5.0 2.0 13.7867 -20.9406
5.0 2.0 14.8866 -20.797
5.0 2.0 14.4311 -20.9406
5.0 2.0 14.2837 -20.9406
5.0 2.0 13.908 -20.9406
5.0 2.0 15.6452 -20.7985
5.0 2.0 13.912 -20.9406
5.0 2.0 14.3852 -20.9406
5.0 2.0 15.071 -20.797
5.0 2.0 13.9142 -20.9406
5.0 2.0 14.087 -20.9406
5.0 2.0 14.1235 -20.9406
5.0 2.0 13.9389 -20.9406
5.0 2.0 14.1999 -20.9406
5.0 2.0 13.8966 -20.9406
5.0 2.0 15.0395 -20.797
5.0 2.0 13.9299 -20.9406
5.0 2.0 13.9663 -20.7985
5.0 2.0 14.1744 -20.9406
5.0 2.0 14.3245 -20.9406
5.0 2.0 14.1112 -20.9406
5.0 2.0 13.7556 -20.9406
5.0 2.0 14.2451 -20.9406
5.0 2.0 14.2315 -20.9406
5.0 2.0 14.1928 -20.9406
5.0 2.0 14.2869 -20.9406
5.0 2.0 14.2133 -20.9406
5.0 2.0 14.0892 -20.797
5.0 2.0 14.2272 -20.9406
5.0 2.0 14.1171 -20.9406
5.0 2.0 14.2425 -20.9406
5.0 2.0 13.8946 -20.9406
5.0 2.0 14.0744 -20.9406
5.0 2.0 14.207 -20.9406
5.0 2.0 14.0891 -20.8267
5.0 2.0 13.8911 -20.9406
5.0 2.0 14.0917 -20.9406
5.0 2.0 14.1819 -20.9406
5.0 2.0 14.0963 -20.9406
5.0 2.0 14.0889 -20.9406
5.0 2.0 14.0861 -20.9406
5.0 2.0 14.8522 -20.797
5.0 2.0 13.9071 -20.9406
5.0 2.0 13.9183 -20.9406
5.0 2.0 14.2214 -20.9406
5.0 2.0 14.2628 -20.9406
5.0 2.0 14.6642 -20.9406
5.0 3.0 9.34672 -20.9406
5.0 3.0 9.53693 -20.9406
5.0 3.0 9.62087 -20.9406
5.0 3.0 9.43885 -20.9406
5.0 3.0 9.22743 -20.9406
5.0 3.0 9.35801 -20.9406
5.0 3.0 9.50116 -20.9406
5.0 3.0 9.41783 -20.9406
5.0 3.0 9.5397 -20.797
5.0 3.0 9.54115 -20.9406
5.0 3.0 9.51526 -20.9406
5.0 3.0 9.4532 -20.9406
5.0 3.0 10.0461 -20.797
5.0 3.0 9.35571 -20.9406
5.0 3.0 9.45787 -20.9406
5.0 3.0 9.59596 -20.9406
5.0 3.0 9.70786 -20.9406
5.0 3.0 9.50152 -20.9406
5.0 3.0 9.32881 -20.9406
5.0 3.0 9.27573 -20.9406
5.0 3.0 9.33045 -20.9406
5.0 3.0 10.1293 -20.797
5.0 3.0 9.908 -20.797
5.0 3.0 9.35559 -20.9406
5.0 3.0 10.4493 -20.797
5.0 3.0 9.84976 -20.9406
5.0 3.0 9.39359 -20.9406
5.0 3.0 9.35624 -21.0462
5.0 3.0 9.25697 -20.9406
5.0 3.0 9.48447 -20.9382
5.0 3.0 9.54107 -20.9406
5.0 3.0 9.41728 -20.9406
5.0 3.0 9.43629 -20.797
5.0 3.0 9.34886 -20.797
5.0 3.0 9.61021 -20.9406
5.0 3.0 9.58013 -20.9406
5.0 3.0 9.24262 -20.9406
5.0 3.0 9.91913 -20.9406
5.0 3.0 9.4091 -20.9406
5.0 3.0 9.67802 -20.9406
5.0 3.0 9.33635 -20.9406
5.0 3.0 9.57324 -20.9406
5.0 3.0 9.55385 -20.9406
5.0 3.0 9.43184 -20.9406
5.0 3.0 9.80212 -20.9406
5.0 3.0 9.57405 -20.9406
5.0 3.0 9.54579 -20.9406
5.0 3.0 9.34608 -20.9406
5.0 3.0 9.49034 -20.9406
5.0 3.0 9.34488 -20.9406
5.0 4.0 7.0198 -20.797
5.0 4.0 7.54357 -20.9406
5.0 4.0 6.90459 -20.9406
5.0 4.0 7.07564 -20.9406
5.0 4.0 7.05113 -20.9406
5.0 4.0 7.0543 -20.9406
5.0 4.0 7.20116 -20.9406
5.0 4.0 7.87314 -20.797
5.0 4.0 7.0465 -20.9406
5.0 4.0 7.30221 -20.9406
5.0 4.0 6.98851 -20.797
5.0 4.0 7.45761 -20.797
5.0 4.0 6.97008 -20.9406
5.0 4.0 7.30991 -20.9406
5.0 4.0 6.95854 -20.9406
5.0 4.0 6.87493 -20.9406
5.0 4.0 7.58069 -20.797
5.0 4.0 7.04992 -20.9406
5.0 4.0 7.09943 -20.9406
5.0 4.0 6.85293 -20.9406
5.0 4.0 7.3768 -20.9406
5.0 4.0 7.09282 -20.9406
5.0 4.0 7.10749 -20.9406
5.0 4.0 6.99704 -20.9406
5.0 4.0 7.09957 -20.799
5.0 4.0 6.86044 -20.9406
5.0 4.0 7.1344 -20.9406
5.0 4.0 7.15227 -20.9406
5.0 4.0 7.58366 -20.8265
5.0 4.0 7.18535 -20.9406
5.0 4.0 7.64317 -20.797
5.0 4.0 7.03549 -20.797
5.0 4.0 7.07342 -20.9406
5.0 4.0 7.15001 -20.9406
5.0 4.0 6.85712 -20.9406
5.0 4.0 7.08073 -20.9407
5.0 4.0 6.87367 -20.9406
5.0 4.0 7.15266 -20.9406
5.0 4.0 6.96618 -20.9406
5.0 4.0 7.2263 -20.9406
5.0 4.0 7.05224 -20.9406
5.0 4.0 7.17008 -20.9406
5.0 4.0 7.00889 -20.9406
5.0 4.0 7.21956 -20.9406
5.0 4.0 7.11091 -20.9406
5.0 4.0 6.97266 -20.9406
5.0 4.0 7.43712 -20.797
5.0 4.0 7.39294 -20.8265
5.0 4.0 7.49094 -20.797
5.0 4.0 7.04275 -20.9406
5.0 5.0 5.57775 -20.9406
5.0 5.0 5.57081 -20.9406
5.0 5.0 5.57072 -20.9406
5.0 5.0 5.56686 -20.9406
5.0 5.0 5.56688 -20.9406
5.0 5.0 5.62852 -20.797
5.0 5.0 5.58484 -20.9406
5.0 5.0 5.56729 -20.9406
5.0 5.0 5.56594 -20.9406
5.0 5.0 5.63837 -20.797
5.0 5.0 5.57784 -20.9406
5.0 5.0 5.565 -20.9406
5.0 5.0 5.58812 -20.9406
5.0 5.0 5.56862 -20.9406
5.0 5.0 5.56786 -20.9406
5.0 5.0 5.59232 -20.9406
5.0 5.0 5.62619 -20.797
5.0 5.0 5.56472 -20.9406
5.0 5.0 5.57595 -20.9406
5.0 5.0 5.58384 -20.9406
5.0 5.0 5.56817 -20.9406
5.0 5.0 5.5714 -20.9406
5.0 5.0 5.56691 -20.9406
5.0 5.0 5.64202 -20.797
5.0 5.0 5.57071 -20.9406
5.0 5.0 5.56847 -20.9406
5.0 5.0 5.57641 -20.9406
5.0 5.0 5.58506 -20.9406
5.0 5.0 5.56853 -20.9406
5.0 5.0 5.57271 -20.9406
5.0 5.0 5.57934 -20.9406
5.0 5.0 5.58598 -20.9406
5.0 5.0 5.62469 -20.797
5.0 5.0 5.62255 -20.797
5.0 5.0 5.56771 -20.9406
5.0 5.0 5.57005 -20.9406
5.0 5.0 5.56716 -20.9406
5.0 5.0 5.56626 -20.9406
5.0 5.0 6.16724 -20.9406
5.0 5.0 5.56677 -20.9406
5.0 5.0 5.57302 -20.9406
5.0 5.0 5.62032 -20.797
5.0 5.0 5.53915 -20.9406
5.0 5.0 5.56579 -20.9406
5.0 5.0 5.56681 -20.9406
5.0 5.0 5.56998 -20.9406
5.0 5.0 5.56737 -20.9406
5.0 5.0 5.56724 -20.9406
5.0 5.0 5.56649 -20.9406
5.0 5.0 5.58182 -20.9406
5.0 6.0 4.73778 -20.9406
5.0 6.0 4.69593 -20.9406
5.0 6.0 4.728 -20.9406
5.0 6.0 4.72767 -20.9406
5.0 6.0 4.70821 -20.9406
5.0 6.0 4.72747 -20.9406
5.0 6.0 4.72902 -20.9406
5.0 6.0 4.73067 -20.9406
5.0 6.0 4.72721 -20.9406
5.0 6.0 4.72887 -20.9406
5.0 6.0 4.76538 -20.797
5.0 6.0 4.72835 -20.9406
5.0 6.0 5.00624 -20.9406
5.0 6.0 4.70455 -20.9406
5.0 6.0 4.739 -20.9406
5.0 6.0 4.72835 -20.9406
5.0 6.0 4.72938 -20.9406
5.0 6.0 5.0458 -20.9406
5.0 6.0 4.7372 -20.9406
5.0 6.0 4.72887 -20.9406
5.0 6.0 4.74692 -20.797
5.0 6.0 4.73025 -20.9406
5.0 6.0 5.03261 -20.9406
5.0 6.0 5.21092 -20.9406
5.0 6.0 5.04166 -20.9406
5.0 6.0 4.72829 -20.9406
5.0 6.0 4.73257 -20.9406
5.0 6.0 4.73754 -20.9406
5.0 6.0 4.72717 -20.9406
5.0 6.0 4.72877 -20.9406
5.0 6.0 4.73052 -20.9406
5.0 6.0 5.26403 -20.797
5.0 6.0 4.72738 -20.9406
5.0 6.0 4.7288 -21.0462
5.0 6.0 5.24259 -20.797
5.0 6.0 5.02643 -20.9406
5.0 6.0 4.72783 -20.9406
5.0 6.0 5.04401 -20.9406
5.0 6.0 4.72687 -20.9406
5.0 6.0 4.72831 -20.9406
5.0 6.0 4.78077 -20.797
5.0 6.0 4.93813 -20.9406
5.0 6.0 4.72803 -20.9406
5.0 6.0 4.72892 -20.9406
5.0 6.0 4.72471 -20.9406
5.0 6.0 4.88904 -20.9406
5.0 6.0 4.73773 -20.9406
5.0 6.0 4.74775 -20.9406
5.0 6.0 5.13158 -20.797
5.0 6.0 4.7303 -20.9406
5.0 7.0 4.11971 -20.9406
5.0 7.0 4.1424 -20.797
5.0 7.0 4.12052 -20.9406
5.0 7.0 4.11748 -20.9406
5.0 7.0 4.11817 -20.9406
5.0 7.0 4.14476 -20.797
5.0 7.0 4.11882 -20.9406
5.0 7.0 4.11749 -20.9406
5.0 7.0 4.11665 -20.9406
5.0 7.0 4.11753 -20.9406
5.0 7.0 4.11713 -20.9406
5.0 7.0 4.11647 -20.9406
5.0 7.0 4.11771 -20.9406
5.0 7.0 4.11855 -21.0462
5.0 7.0 4.12101 -20.9406
5.0 7.0 4.11597 -20.9406
5.0 7.0 4.11765 -20.9406
5.0 7.0 4.11609 -20.9406
5.0 7.0 4.11679 -20.9406
5.0 7.0 4.11637 -20.9406
5.0 7.0 4.11953 -20.9406
5.0 7.0 4.14419 -20.797
5.0 7.0 4.11782 -20.9406
5.0 7.0 4.11897 -20.9406
5.0 7.0 4.11746 -20.9406
5.0 7.0 4.12937 -20.7973
5.0 7.0 4.11621 -20.9406
5.0 7.0 4.1165 -20.9406
5.0 7.0 4.11634 -20.9406
5.0 7.0 4.12153 -20.9406
5.0 7.0 4.11611 -20.9406
5.0 7.0 4.11858 -20.9406
5.0 7.0 4.11651 -20.9406
5.0 7.0 4.11592 -20.9406
5.0 7.0 4.11557 -20.9406
5.0 7.0 4.1173 -20.9406
5.0 7.0 4.11536 -20.9406
5.0 7.0 4.14766 -20.797
5.0 7.0 4.1282 -20.8265
5.0 7.0 4.11784 -20.9406
5.0 7.0 4.11775 -20.9406
5.0 7.0 4.11731 -20.9406
5.0 7.0 4.12039 -20.9406
5.0 7.0 4.11537 -20.9406
5.0 7.0 4.11707 -20.9406
5.0 7.0 4.11762 -20.9406
5.0 7.0 4.15409 -20.797
5.0 7.0 4.12125 -21.0462
5.0 7.0 4.15278 -20.797
5.0 7.0 4.1449 -20.797
5.0 7.0 4.1449 -20.797
5.0 7.0 4.1449 -20.797
5.0 7.0 4.1449 -20.797
5.0 7.0 4.1449 -20.797
5.0 7.0 4.1449 -20.797
5.0 7.0 4.1449 -20.797
5.0 7.0 4.1449 -20.797
5.0 7.0 4.1449 -20.797
5.0 7.0 4.1449 -20.797
5.0 7.0 4.1449 -20.797
5.0 7.0 4.1449 -20.797
5.0 7.0 4.1449 -20.797
5.0 7.0 4.1449 -20.797
5.0 7.0 4.1449 -20.797
5.0 7.0 4.1449 -20.797
5.0 7.0 4.1449 -20.797
5.0 7.0 4.1449 -20.797
5.0 7.0 4.1449 -20.797
5.0 7.0 4.1449 -20.797
5.0 7.0 4.1449 -20.797
5.0 7.0 4.1449 -20.797
5.0 7.0 4.1449 -20.797
5.0 7.0 4.1449 -20.797
5.0 7.0 4.1449 -20.797
5.0 7.0 4.1449 -20.797
5.0 7.0 4.1449 -20.797
5.0 7.0 4.1449 -20.797
5.0 7.0 4.1449 -20.797
5.0 7.0 4.1449 -20.797
5.0 7.0 4.1449 -20.797
5.0 7.0 4.1449 -20.797
5.0 7.0 4.1449 -20.797
5.0 7.0 4.1449 -20.797
5.0 7.0 4.1449 -20.797
5.0 7.0 4.1449 -20.797
5.0 7.0 4.1449 -20.797
5.0 7.0 4.1449 -20.797
5.0 7.0 4.1449 -20.797
5.0 7.0 4.1449 -20.797
5.0 7.0 4.1449 -20.797
5.0 7.0 4.1449 -20.797
5.0 7.0 4.1449 -20.797
5.0 7.0 4.1449 -20.797
5.0 7.0 4.1449 -20.797
5.0 7.0 4.1449 -20.797
5.0 7.0 4.1449 -20.797
5.0 7.0 4.1449 -20.797
5.0 7.0 4.1449 -20.797
5.0 7.0 4.1449 -20.797
5.0 7.0 4.1449 -20.797
