0.0 2.0 1.08543 -0.0
0.0 2.0 0.688452 -0.0
0.0 2.0 1.11493 -0.0
0.0 2.0 0.683164 -0.0
0.0 2.0 0.740146 -0.0
0.0 2.0 1.05242 -0.0
0.0 2.0 0.70565 -0.0
0.0 2.0 0.723105 -0.0
0.0 2.0 1.05034 -0.0
0.0 2.0 0.738627 -0.0
0.0 2.0 0.774054 -0.0
0.0 2.0 0.734493 -0.0
0.0 2.0 1.10614 -0.0
0.0 2.0 0.737202 -0.0
0.0 2.0 0.682038 -0.0
0.0 2.0 0.684355 -0.0
0.0 2.0 1.81565 -0.0
0.0 2.0 0.597071 -0.0
0.0 2.0 2.04067 -0.0
0.0 2.0 0.70134 -0.0
0.0 2.0 1.04903 -0.0
0.0 2.0 0.739975 -0.0
0.0 2.0 1.05143 -0.0
0.0 2.0 0.738244 -0.0
0.0 2.0 1.08883 -0.0
0.0 2.0 2.35588 -0.0
0.0 2.0 0.725513 -0.0
0.0 2.0 0.744811 -0.0
0.0 2.0 1.725 -0.0
0.0 2.0 0.655281 -0.0
0.0 2.0 0.679751 -0.0
0.0 2.0 0.69059 -0.0
0.0 2.0 1.74161 -0.0
0.0 2.0 1.05519 -0.0
0.0 2.0 0.732262 -0.0
0.0 2.0 1.09318 -0.0
0.0 2.0 2.06019 -0.0
0.0 2.0 1.72274 -0.0
0.0 2.0 0.740565 -0.0
0.0 2.0 1.01003 -0.0
0.0 2.0 1.78024 -0.0
0.0 2.0 0.736713 -0.0
0.0 2.0 0.706928 -0.0
0.0 2.0 1.73419 -0.0
0.0 2.0 0.597452 -0.0
0.0 2.0 0.734516 -0.0
0.0 2.0 0.599247 -0.0
0.0 2.0 0.741401 -0.0
0.0 2.0 0.591905 -0.0
0.0 2.0 1.76146 -0.0
0.0 3.0 0.925079 -0.0
0.0 3.0 0.920136 -0.0
0.0 3.0 0.937556 -0.0
0.0 3.0 1.07166 -0.0
0.0 3.0 0.391383 -0.0
0.0 3.0 1.07254 -0.0
0.0 3.0 0.926708 -0.0
0.0 3.0 1.02112 -0.0
0.0 3.0 1.10165 -0.0
0.0 3.0 1.90484 -0.0
0.0 3.0 0.39126 -0.0
0.0 3.0 1.99557 -0.0
0.0 3.0 1.88387 -0.0
0.0 3.0 0.928434 -0.0
0.0 3.0 0.955295 -0.0
0.0 3.0 0.972374 -0.0
0.0 3.0 1.13401 -0.0
0.0 3.0 2.15062 -0.0
0.0 3.0 0.390709 -0.0
0.0 3.0 0.384741 -0.0
0.0 3.0 2.20646 -0.0
0.0 3.0 0.977128 -0.0
0.0 3.0 0.391017 -0.0
0.0 3.0 0.386654 -0.0
0.0 3.0 1.03037 -0.0
0.0 3.0 1.07044 -0.0
0.0 3.0 0.392805 -0.0
0.0 3.0 0.387453 -0.0
0.0 3.0 1.96107 -0.0
0.0 3.0 1.08458 -0.0
0.0 3.0 1.082 -0.0
0.0 3.0 0.929304 -0.0
0.0 3.0 1.10316 -0.0
0.0 3.0 1.0786 -0.0
0.0 3.0 0.926546 -0.0
0.0 3.0 0.386407 -0.0
0.0 3.0 1.07509 -0.0
0.0 3.0 1.94215 -0.0
0.0 3.0 1.0591 -0.0
0.0 3.0 0.385152 -0.0
0.0 3.0 0.395934 -0.0
0.0 3.0 0.381006 -0.0
0.0 3.0 1.01548 -0.0
0.0 3.0 1.00791 -0.0
0.0 3.0 1.00812 -0.0
0.0 3.0 1.11228 -0.0
0.0 3.0 1.0307 -0.0
0.0 3.0 1.60553 -0.0
0.0 3.0 0.928429 -0.0
0.0 3.0 2.2244 -0.0
0.0 4.0 0.642786 -0.0
0.0 4.0 0.931049 -0.0
0.0 4.0 0.887834 -0.0
0.0 4.0 0.388091 -0.0
0.0 4.0 0.889363 -0.0
0.0 4.0 0.662553 -0.0
0.0 4.0 0.394718 -0.0
0.0 4.0 0.90386 -0.0
0.0 4.0 0.394206 -0.0
0.0 4.0 0.382938 -0.0
0.0 4.0 1.00856 -0.0
0.0 4.0 1.49063 -0.0
0.0 4.0 0.646704 -0.0
0.0 4.0 0.366889 -0.0
0.0 4.0 0.890714 -0.0
0.0 4.0 0.702874 -0.0
0.0 4.0 0.949301 -0.0
0.0 4.0 0.758973 -0.0
0.0 4.0 0.628166 -0.0
0.0 4.0 0.973524 -0.0
0.0 4.0 0.394202 -0.0
0.0 4.0 1.11637 -0.0
0.0 4.0 0.949024 -0.0
0.0 4.0 0.945455 -0.0
0.0 4.0 0.375694 -0.0
0.0 4.0 0.633163 -0.0
0.0 4.0 0.776886 -0.0
0.0 4.0 0.381158 -0.0
0.0 4.0 0.404784 -0.0
0.0 4.0 0.661729 -0.0
0.0 4.0 0.87287 -0.0
0.0 4.0 0.773464 -0.0
0.0 4.0 0.96548 -0.0
0.0 4.0 1.53533 -0.0
0.0 4.0 0.781517 -0.0
0.0 4.0 0.958722 -0.0
0.0 4.0 0.949164 -0.0
0.0 4.0 1.45539 -0.0
0.0 4.0 0.393949 -0.0
0.0 4.0 0.626919 -0.0
0.0 4.0 0.885736 -0.0
0.0 4.0 0.873605 -0.0
0.0 4.0 0.960408 -0.0
0.0 4.0 0.880275 -0.0
0.0 4.0 0.986768 -0.0
0.0 4.0 0.879457 -0.0
0.0 4.0 0.781511 -0.0
0.0 4.0 0.876257 -0.0
0.0 4.0 0.867473 -0.0
0.0 4.0 0.774733 -0.0
0.0 5.0 0.526904 -0.0
0.0 5.0 0.605963 -0.0
0.0 5.0 0.552646 -0.0
0.0 5.0 0.525341 -0.0
0.0 5.0 0.557999 -0.0
0.0 5.0 0.505267 -0.0
0.0 5.0 0.516167 -0.0
0.0 5.0 0.514068 -0.0
0.0 5.0 0.546478 -0.0
0.0 5.0 0.506146 -0.0
0.0 5.0 0.662829 -0.0
0.0 5.0 0.693876 -0.0
0.0 5.0 0.72631 -0.0
0.0 5.0 0.576006 -0.0
0.0 5.0 0.593791 -0.0
0.0 5.0 0.58563 -0.0
0.0 5.0 0.810796 -0.0
0.0 5.0 1.29615 -0.0
0.0 5.0 0.740694 -0.0
0.0 5.0 0.745033 -0.0
0.0 5.0 0.664019 -0.0
0.0 5.0 0.604701 -0.0
0.0 5.0 0.584685 -0.0
0.0 5.0 0.526807 -0.0
0.0 5.0 0.750509 -0.0
0.0 5.0 0.538039 -0.0
0.0 5.0 0.520485 -0.0
0.0 5.0 0.520394 -0.0
0.0 5.0 0.540538 -0.0
0.0 5.0 0.516621 -0.0
0.0 5.0 0.51465 -0.0
0.0 5.0 0.515549 -0.0
0.0 5.0 0.536232 -0.0
0.0 5.0 0.579018 -0.0
0.0 5.0 0.744445 -0.0
0.0 5.0 0.821787 -0.0
0.0 5.0 0.538092 -0.0
0.0 5.0 0.530741 -0.0
0.0 5.0 0.5277 -0.0
0.0 5.0 0.538201 -0.0
0.0 5.0 0.825432 -0.0
0.0 5.0 0.556917 -0.0
0.0 5.0 0.576549 -0.0
0.0 5.0 0.517705 -0.0
0.0 5.0 1.10236 -0.0
0.0 5.0 0.518233 -0.0
0.0 5.0 0.571125 -0.0
0.0 5.0 0.749938 -0.0
0.0 5.0 0.663555 -0.0
0.0 5.0 0.577376 -0.0
0.0 6.0 0.557711 -0.0
0.0 6.0 0.605562 -0.0
0.0 6.0 0.662222 -0.0
0.0 6.0 0.57398 -0.0
0.0 6.0 0.557005 -0.0
0.0 6.0 0.607876 -0.0
0.0 6.0 0.597803 -0.0
0.0 6.0 0.620611 -0.0
0.0 6.0 0.605414 -0.0
0.0 6.0 0.614012 -0.0
0.0 6.0 0.610593 -0.0
0.0 6.0 0.60522 -0.0
0.0 6.0 0.612958 -0.0
0.0 6.0 1.00106 -0.0
0.0 6.0 0.680333 -0.0
0.0 6.0 0.963575 -0.0
0.0 6.0 0.747137 -0.0
0.0 6.0 0.62841 -0.0
0.0 6.0 0.653896 -0.0
0.0 6.0 0.764617 -0.0
0.0 6.0 0.878696 -0.0
0.0 6.0 0.581042 -0.0
0.0 6.0 0.560132 -0.0
0.0 6.0 0.86786 -0.0
0.0 6.0 1.17483 -0.0
0.0 6.0 0.625389 -0.0
0.0 6.0 0.554733 -0.0
0.0 6.0 0.596129 -0.0
0.0 6.0 0.636968 -0.0
0.0 6.0 0.587818 -0.0
0.0 6.0 0.620377 -0.0
0.0 6.0 0.6249 -0.0
0.0 6.0 0.59348 -0.0
0.0 6.0 0.590588 -0.0
0.0 6.0 0.574894 -0.0
0.0 6.0 0.707535 -0.0
0.0 6.0 0.613992 -0.0
0.0 6.0 0.591522 -0.0
0.0 6.0 0.615999 -0.0
0.0 6.0 0.606824 -0.0
0.0 6.0 0.612929 -0.0
0.0 6.0 0.610572 -0.0
0.0 6.0 0.723197 -0.0
0.0 6.0 0.605191 -0.0
0.0 6.0 0.875769 -0.0
0.0 6.0 0.651069 -0.0
0.0 6.0 0.723991 -0.0
0.0 6.0 0.62232 -0.0
0.0 6.0 0.855042 -0.0
0.0 6.0 0.723726 -0.0
0.0 7.0 0.565273 -0.0
0.0 7.0 0.666166 -0.0
0.0 7.0 0.665067 -0.0
0.0 7.0 0.650621 -0.0
0.0 7.0 0.67469 -0.0
0.0 7.0 0.684059 -0.0
0.0 7.0 0.609588 -0.0
0.0 7.0 1.18849 -0.0
0.0 7.0 0.605236 -0.0
0.0 7.0 1.0999 -0.0
0.0 7.0 0.815479 -0.0
0.0 7.0 0.662849 -0.0
0.0 7.0 0.908741 -0.0
0.0 7.0 1.2207 -0.0
0.0 7.0 0.595128 -0.0
0.0 7.0 0.780155 -0.0
0.0 7.0 0.73333 -0.0
0.0 7.0 0.611028 -0.0
0.0 7.0 0.613391 -0.0
0.0 7.0 0.608756 -0.0
0.0 7.0 0.787819 -0.0
0.0 7.0 0.655038 -0.0
0.0 7.0 0.680053 -0.0
0.0 7.0 0.658053 -0.0
0.0 7.0 0.662599 -0.0
0.0 7.0 0.651033 -0.0
0.0 7.0 0.674181 -0.0
0.0 7.0 1.14023 -0.0
0.0 7.0 0.661616 -0.0
0.0 7.0 0.778355 -0.0
0.0 7.0 0.814168 -0.0
0.0 7.0 1.51423 -0.0
0.0 7.0 0.66529 -0.0
0.0 7.0 1.18718 -0.0
0.0 7.0 0.668342 -0.0
0.0 7.0 0.665207 -0.0
0.0 7.0 0.967676 -0.0
0.0 7.0 1.28604 -0.0
0.0 7.0 0.607346 -0.0
0.0 7.0 0.633929 -0.0
0.0 7.0 0.680443 -0.0
0.0 7.0 0.771685 -0.0
0.0 7.0 0.764213 -0.0
0.0 7.0 0.607355 -0.0
0.0 7.0 0.534215 -0.0
0.0 7.0 0.658465 -0.0
0.0 7.0 0.668482 -0.0
0.0 7.0 0.882136 -0.0
0.0 7.0 1.21278 -0.0
0.0 7.0 0.901897 -0.0
0.0 8.0 0.733166 -0.0
0.0 8.0 0.989478 -0.0
0.0 8.0 0.98244 -0.0
0.0 8.0 0.737118 -0.0
0.0 8.0 0.752712 -0.0
0.0 8.0 0.732283 -0.0
0.0 8.0 0.807328 -0.0
0.0 8.0 0.765213 -0.0
0.0 8.0 0.612345 -0.0
0.0 8.0 0.765069 -0.0
0.0 8.0 0.677582 -0.0
0.0 8.0 0.775777 -0.0
0.0 8.0 0.740017 -0.0
0.0 8.0 0.609465 -0.0
0.0 8.0 0.80712 -0.0
0.0 8.0 0.7464 -0.0
0.0 8.0 1.59693 -0.0
0.0 8.0 0.719855 -0.0
0.0 8.0 0.815891 -0.0
0.0 8.0 0.767253 -0.0
0.0 8.0 1.18982 -0.0
0.0 8.0 0.589291 -0.0
0.0 8.0 0.670707 -0.0
0.0 8.0 0.606857 -0.0
0.0 8.0 0.819434 -0.0
0.0 8.0 0.743083 -0.0
0.0 8.0 0.726214 -0.0
0.0 8.0 0.603759 -0.0
0.0 8.0 1.12241 -0.0
0.0 8.0 0.649019 -0.0
0.0 8.0 0.671106 -0.0
0.0 8.0 0.748748 -0.0
0.0 8.0 0.753147 -0.0
0.0 8.0 0.724315 -0.0
0.0 8.0 0.741477 -0.0
0.0 8.0 0.984749 -0.0
0.0 8.0 0.750101 -0.0
0.0 8.0 1.06313 -0.0
0.0 8.0 1.34539 -0.0
0.0 8.0 0.607419 -0.0
0.0 8.0 0.787834 -0.0
0.0 8.0 0.679703 -0.0
0.0 8.0 0.737929 -0.0
0.0 8.0 0.766937 -0.0
0.0 8.0 0.73746 -0.0
0.0 8.0 1.06989 -0.0
0.0 8.0 0.692657 -0.0
0.0 8.0 0.820757 -0.0
0.0 8.0 1.16503 -0.0
0.0 8.0 1.61535 -0.0
1.0 2.0 0.770495 2.71828
1.0 2.0 0.623529 2.71828
1.0 2.0 0.755441 2.71828
1.0 2.0 1.72902 2.71828
1.0 2.0 0.761037 2.71828
1.0 2.0 1.07784 2.71828
1.0 2.0 1.74822 2.71828
1.0 2.0 0.753651 2.71828
1.0 2.0 0.725549 2.71828
1.0 2.0 0.707962 2.71828
1.0 2.0 1.78151 2.71828
1.0 2.0 0.762776 2.71828
1.0 2.0 2.01148 2.71828
1.0 2.0 1.81966 2.71828
1.0 2.0 0.799279 2.71828
1.0 2.0 1.734 2.71828
1.0 2.0 1.87862 2.71828
1.0 2.0 1.13062 2.71828
1.0 2.0 1.08951 2.71828
1.0 2.0 1.29529 2.71828
1.0 2.0 0.785472 2.71828
1.0 2.0 0.804737 2.71828
1.0 2.0 0.700675 2.71828
1.0 2.0 2.07153 2.71828
1.0 2.0 0.619136 2.71828
1.0 2.0 1.07756 2.71828
1.0 2.0 0.710294 2.71828
1.0 2.0 0.754484 2.71828
1.0 2.0 0.735362 2.71828
1.0 2.0 0.703857 2.71828
1.0 2.0 1.88287 2.71828
1.0 2.0 0.790357 2.71828
1.0 2.0 1.06496 2.71828
1.0 2.0 2.10613 2.71828
1.0 2.0 0.70901 2.71828
1.0 2.0 0.720443 2.71828
1.0 2.0 2.31117 2.71828
1.0 2.0 1.04714 2.71828
1.0 2.0 0.771477 2.71828
1.0 2.0 0.727558 2.71828
1.0 2.0 0.765098 2.71828
1.0 2.0 1.09162 2.71828
1.0 2.0 1.746 2.71828
1.0 2.0 0.74651 2.71828
1.0 2.0 0.619809 2.71828
1.0 2.0 0.759329 2.71828
1.0 2.0 0.751234 2.71828
1.0 2.0 0.768005 2.71828
1.0 2.0 1.79976 2.71828
1.0 2.0 2.31949 2.71828
1.0 3.0 0.935331 2.71828
1.0 3.0 0.393392 2.71828
1.0 3.0 1.0877 2.71828
1.0 3.0 1.93047 2.71828
1.0 3.0 0.989927 2.71828
1.0 3.0 1.09675 2.71828
1.0 3.0 1.21008 2.71828
1.0 3.0 0.930484 2.71828
1.0 3.0 1.09831 2.71828
1.0 3.0 2.02702 2.71828
1.0 3.0 1.01508 2.71828
1.0 3.0 0.386281 2.71828
1.0 3.0 1.10873 2.71828
1.0 3.0 0.972994 2.71828
1.0 3.0 1.05938 2.71828
1.0 3.0 0.392303 2.71828
1.0 3.0 0.400457 2.71828
1.0 3.0 0.391 2.71828
1.0 3.0 1.93725 2.71828
1.0 3.0 1.14561 2.71828
1.0 3.0 0.958763 2.71828
1.0 3.0 0.959037 2.71828
1.0 3.0 1.93031 2.71828
1.0 3.0 0.951787 2.71828
1.0 3.0 1.07521 2.71828
1.0 3.0 0.930914 2.71828
1.0 3.0 0.387581 2.71828
1.0 3.0 0.937336 2.71828
1.0 3.0 1.06778 2.71828
1.0 3.0 0.986274 2.71828
1.0 3.0 0.979796 2.71828
1.0 3.0 1.08494 2.71828
1.0 3.0 1.04056 2.71828
1.0 3.0 0.381455 2.71828
1.0 3.0 0.376754 2.71828
1.0 3.0 1.91785 2.71828
1.0 3.0 0.907414 2.71828
1.0 3.0 0.384702 2.71828
1.0 3.0 0.593186 2.71828
1.0 3.0 1.94598 2.71828
1.0 3.0 0.896859 2.71828
1.0 3.0 1.03079 2.71828
1.0 3.0 0.946393 2.71828
1.0 3.0 1.00573 2.71828
1.0 3.0 0.387147 2.71828
1.0 3.0 0.399388 2.71828
1.0 3.0 1.04248 2.71828
1.0 3.0 0.662853 2.71828
1.0 3.0 0.928719 2.71828
1.0 3.0 0.948489 2.71828
1.0 4.0 0.380967 2.71828
1.0 4.0 1.58654 2.71828
1.0 4.0 0.963321 2.71828
1.0 4.0 0.901298 2.71828
1.0 4.0 0.914557 2.71828
1.0 4.0 0.642639 2.71828
1.0 4.0 1.74594 2.71828
1.0 4.0 0.886837 2.71828
1.0 4.0 0.890305 2.71828
1.0 4.0 0.384832 2.71828
1.0 4.0 0.38488 2.71828
1.0 4.0 1.49442 2.71828
1.0 4.0 0.373018 2.71828
1.0 4.0 0.960726 2.71828
1.0 4.0 0.880461 2.71828
1.0 4.0 1.20881 2.71828
1.0 4.0 0.658412 2.71828
1.0 4.0 0.773841 2.71828
1.0 4.0 0.881902 2.71828
1.0 4.0 0.373241 2.71828
1.0 4.0 0.898588 2.71828
1.0 4.0 0.374361 2.71828
1.0 4.0 1.40376 2.71828
1.0 4.0 0.881942 2.71828
1.0 4.0 0.864932 2.71828
1.0 4.0 0.968051 2.71828
1.0 4.0 0.795153 2.71828
1.0 4.0 1.72794 2.71828
1.0 4.0 0.968926 2.71828
1.0 4.0 0.870405 2.71828
1.0 4.0 0.766145 2.71828
1.0 4.0 0.921704 2.71828
1.0 4.0 0.381624 2.71828
1.0 4.0 0.888973 2.71828
1.0 4.0 0.931361 2.71828
1.0 4.0 0.796165 2.71828
1.0 4.0 0.954221 2.71828
1.0 4.0 0.618046 2.71828
1.0 4.0 0.398136 2.71828
1.0 4.0 1.82185 2.71828
1.0 4.0 1.31086 2.71828
1.0 4.0 0.405163 2.71828
1.0 4.0 0.380583 2.71828
1.0 4.0 0.408629 2.71828
1.0 4.0 0.969804 2.71828
1.0 4.0 0.65086 2.71828
1.0 4.0 0.400565 2.71828
1.0 4.0 0.392773 2.71828
1.0 4.0 1.00979 2.71828
1.0 4.0 0.394836 2.71828
1.0 5.0 0.530783 2.71828
1.0 5.0 0.496551 2.71828
1.0 5.0 0.490736 2.71828
1.0 5.0 0.733624 2.71828
1.0 5.0 0.502477 2.71828
1.0 5.0 0.525194 2.71828
1.0 5.0 0.57282 2.71828
1.0 5.0 0.595802 2.71828
1.0 5.0 0.523873 2.71828
1.0 5.0 0.525248 2.71828
1.0 5.0 0.518573 2.71828
1.0 5.0 0.750353 2.71828
1.0 5.0 0.678998 2.71828
1.0 5.0 0.540716 2.71828
1.0 5.0 0.632017 2.71828
1.0 5.0 0.717833 2.71828
1.0 5.0 2.36831 2.71828
1.0 5.0 0.521106 2.71828
1.0 5.0 0.806825 2.71828
1.0 5.0 0.557422 2.71828
1.0 5.0 0.530473 2.71828
1.0 5.0 0.502093 2.71828
1.0 5.0 0.526666 2.71828
1.0 5.0 0.753143 2.71828
1.0 5.0 1.13972 2.71828
1.0 5.0 1.12986 2.71828
1.0 5.0 0.539182 2.71828
1.0 5.0 0.52891 2.71828
1.0 5.0 0.519098 2.71828
1.0 5.0 0.741966 2.71828
1.0 5.0 0.577331 2.71828
1.0 5.0 0.676066 2.71828
1.0 5.0 0.584058 2.71828
1.0 5.0 1.38991 2.71828
1.0 5.0 0.493065 2.71828
1.0 5.0 0.514135 2.71828
1.0 5.0 0.51984 2.71828
1.0 5.0 0.503712 2.71828
1.0 5.0 0.564721 2.71828
1.0 5.0 0.576827 2.71828
1.0 5.0 0.845344 2.71828
1.0 5.0 0.519888 2.71828
1.0 5.0 0.571586 2.71828
1.0 5.0 0.557507 2.71828
1.0 5.0 0.675763 2.71828
1.0 5.0 0.677445 2.71828
1.0 5.0 0.674276 2.71828
1.0 5.0 0.694546 2.71828
1.0 5.0 0.743864 2.71828
1.0 5.0 0.728262 2.71828
1.0 6.0 0.602339 2.71828
1.0 6.0 0.558801 2.71828
1.0 6.0 0.5533 2.71828
1.0 6.0 0.571588 2.71828
1.0 6.0 0.574951 2.71828
1.0 6.0 0.564247 2.71828
1.0 6.0 0.803025 2.71828
1.0 6.0 0.555286 2.71828
1.0 6.0 0.663621 2.71828
1.0 6.0 0.77511 2.71828
1.0 6.0 1.20047 2.71828
1.0 6.0 0.568376 2.71828
1.0 6.0 0.662487 2.71828
1.0 6.0 0.553296 2.71828
1.0 6.0 0.559865 2.71828
1.0 6.0 0.600889 2.71828
1.0 6.0 0.69057 2.71828
1.0 6.0 0.625083 2.71828
1.0 6.0 0.556333 2.71828
1.0 6.0 0.727608 2.71828
1.0 6.0 0.566915 2.71828
1.0 6.0 0.594733 2.71828
1.0 6.0 0.575673 2.71828
1.0 6.0 0.562979 2.71828
1.0 6.0 0.566603 2.71828
1.0 6.0 0.632717 2.71828
1.0 6.0 0.849141 2.71828
1.0 6.0 0.589503 2.71828
1.0 6.0 0.619 2.71828
1.0 6.0 1.17757 2.71828
1.0 6.0 0.583695 2.71828
1.0 6.0 0.575916 2.71828
1.0 6.0 1.17554 2.71828
1.0 6.0 0.572373 2.71828
1.0 6.0 0.56961 2.71828
1.0 6.0 0.575571 2.71828
1.0 6.0 0.602933 2.71828
1.0 6.0 0.635741 2.71828
1.0 6.0 0.67238 2.71828
1.0 6.0 0.571332 2.71828
1.0 6.0 0.742519 2.71828
1.0 6.0 0.797387 2.71828
1.0 6.0 0.656918 2.71828
1.0 6.0 0.553018 2.71828
1.0 6.0 0.666875 2.71828
1.0 6.0 0.588066 2.71828
1.0 6.0 0.664842 2.71828
1.0 6.0 0.625506 2.71828
1.0 6.0 0.620443 2.71828
1.0 6.0 1.20257 2.71828
1.0 7.0 0.53026 2.71828
1.0 7.0 0.523309 2.71828
1.0 7.0 0.782727 2.71828
1.0 7.0 0.66608 2.71828
1.0 7.0 0.63556 2.71828
1.0 7.0 1.14455 2.71828
1.0 7.0 0.652602 2.71828
1.0 7.0 0.603975 2.71828
1.0 7.0 1.4732 2.71828
1.0 7.0 0.541369 2.71828
1.0 7.0 0.644235 2.71828
1.0 7.0 0.629214 2.71828
1.0 7.0 0.794273 2.71828
1.0 7.0 1.46901 2.71828
1.0 7.0 0.66529 2.71828
1.0 7.0 0.527805 2.71828
1.0 7.0 0.616454 2.71828
1.0 7.0 0.763441 2.71828
1.0 7.0 0.865601 2.71828
1.0 7.0 1.14322 2.71828
1.0 7.0 0.694162 2.71828
1.0 7.0 0.680249 2.71828
1.0 7.0 0.668837 2.71828
1.0 7.0 0.776692 2.71828
1.0 7.0 0.792474 2.71828
1.0 7.0 0.784049 2.71828
1.0 7.0 0.660422 2.71828
1.0 7.0 0.658021 2.71828
1.0 7.0 0.648462 2.71828
1.0 7.0 0.665423 2.71828
1.0 7.0 0.682967 2.71828
1.0 7.0 1.61335 2.71828
1.0 7.0 1.16327 2.71828
1.0 7.0 0.612783 2.71828
1.0 7.0 0.644897 2.71828
1.0 7.0 0.816166 2.71828
1.0 7.0 0.794692 2.71828
1.0 7.0 1.58156 2.71828
1.0 7.0 0.634723 2.71828
1.0 7.0 0.840457 2.71828
1.0 7.0 0.749967 2.71828
1.0 7.0 0.863614 2.71828
1.0 7.0 0.643317 2.71828
1.0 7.0 0.672211 2.71828
1.0 7.0 1.2239 2.71828
1.0 7.0 0.651495 2.71828
1.0 7.0 0.657139 2.71828
1.0 7.0 0.782207 2.71828
1.0 7.0 0.783837 2.71828
1.0 7.0 0.615796 2.71828
1.0 8.0 0.607307 2.71828
1.0 8.0 0.568585 2.71828
1.0 8.0 0.612636 2.71828
1.0 8.0 0.71778 2.71828
1.0 8.0 0.598567 2.71828
1.0 8.0 0.742108 2.71828
1.0 8.0 0.659194 2.71828
1.0 8.0 0.631091 2.71828
1.0 8.0 0.660976 2.71828
1.0 8.0 0.784346 2.71828
1.0 8.0 0.59793 2.71828
1.0 8.0 0.688205 2.71828
1.0 8.0 0.561923 2.71828
1.0 8.0 0.605797 2.71828
1.0 8.0 0.638222 2.71828
1.0 8.0 0.753903 2.71828
1.0 8.0 0.619538 2.71828
1.0 8.0 0.611496 2.71828
1.0 8.0 0.704167 2.71828
1.0 8.0 0.712511 2.71828
1.0 8.0 0.597053 2.71828
1.0 8.0 0.593086 2.71828
1.0 8.0 1.55273 2.71828
1.0 8.0 0.844918 2.71828
1.0 8.0 0.612959 2.71828
1.0 8.0 0.607826 2.71828
1.0 8.0 0.787037 2.71828
1.0 8.0 0.703533 2.71828
1.0 8.0 1.19346 2.71828
1.0 8.0 0.612927 2.71828
1.0 8.0 0.7562 2.71828
1.0 8.0 0.609596 2.71828
1.0 8.0 1.00385 2.71828
1.0 8.0 0.538435 2.71828
1.0 8.0 0.623246 2.71828
1.0 8.0 0.712169 2.71828
1.0 8.0 0.710152 2.71828
1.0 8.0 0.611193 2.71828
1.0 8.0 0.608961 2.71828
1.0 8.0 0.763778 2.71828
1.0 8.0 0.730195 2.71828
1.0 8.0 0.724444 2.71828
1.0 8.0 0.69105 2.71828
1.0 8.0 0.688965 2.71828
1.0 8.0 1.60792 2.71828
1.0 8.0 0.611448 2.71828
1.0 8.0 0.620284 2.71828
1.0 8.0 0.776602 2.71828
1.0 8.0 1.13207 2.71828
1.0 8.0 1.13207 2.71828
2.0 2.0 0.691925 -3.01746e-09
2.0 2.0 2.48048 -3.01746e-09
2.0 2.0 1.23525 -3.01746e-09
2.0 2.0 2.76395 -3.01746e-09
2.0 2.0 1.52469 -3.01746e-09
2.0 2.0 1.24542 -3.01746e-09
2.0 2.0 1.47721 -3.01746e-09
2.0 2.0 0.712721 -3.01746e-09
2.0 2.0 1.24368 -3.01746e-09
2.0 2.0 1.69933 -3.01746e-09
2.0 2.0 1.61798 -3.01746e-09
2.0 2.0 1.83903 -3.01746e-09
2.0 2.0 1.54306 -3.01746e-09
2.0 2.0 1.56977 -3.01746e-09
2.0 2.0 1.59496 -3.01746e-09
2.0 2.0 2.59627 -3.01746e-09
2.0 2.0 1.24498 -3.01746e-09
2.0 2.0 1.45194 -3.01746e-09
2.0 2.0 1.46659 -3.01746e-09
2.0 2.0 2.76869 -3.01746e-09
2.0 2.0 2.35737 -3.01746e-09
2.0 2.0 1.26077 -3.01746e-09
2.0 2.0 1.87685 -3.01746e-09
2.0 2.0 1.18758 -3.01746e-09
2.0 2.0 1.4369 -3.01746e-09
2.0 2.0 1.60702 -3.01746e-09
2.0 2.0 1.60535 -3.01746e-09
2.0 2.0 1.4727 -3.01746e-09
2.0 2.0 1.61623 -3.01746e-09
2.0 2.0 1.244 -3.01746e-09
2.0 2.0 1.2071 -3.01746e-09
2.0 2.0 2.36049 -3.01746e-09
2.0 2.0 1.49192 -3.01746e-09
2.0 2.0 1.93885 -3.01746e-09
2.0 2.0 1.6374 -3.01746e-09
2.0 2.0 1.67045 -3.01746e-09
2.0 2.0 1.25871 -3.01746e-09
2.0 2.0 2.43035 -3.01746e-09
2.0 2.0 1.4606 -3.01746e-09
2.0 2.0 1.54982 -3.01746e-09
2.0 2.0 1.26479 -3.01746e-09
2.0 2.0 1.47269 -3.01746e-09
2.0 2.0 1.81977 -3.01746e-09
2.0 2.0 2.43534 -3.01746e-09
2.0 2.0 1.47908 -3.01746e-09
2.0 2.0 1.45952 -3.01746e-09
2.0 2.0 1.81501 -3.01746e-09
2.0 2.0 1.48997 -3.01746e-09
2.0 2.0 1.22113 -3.01746e-09
2.0 2.0 1.57301 -3.01746e-09
2.0 3.0 0.492589 -1.13489e-07
2.0 3.0 1.02085 -1.16949e-08
2.0 3.0 1.06527 -1.13492e-10
2.0 3.0 0.824715 -9.92099e-10
2.0 3.0 2.07239 -5.13175e-10
2.0 3.0 1.26874 -4.15288e-09
2.0 3.0 1.00078 -1.31849e-08
2.0 3.0 0.499277 -1.09032e-08
2.0 3.0 2.51203 -9.96209e-11
2.0 3.0 0.920307 -1.2282e-09
2.0 3.0 2.07553 -1.58769e-09
2.0 3.0 2.39978 -2.89334e-12
2.0 3.0 0.996004 -3.19194e-09
2.0 3.0 2.44142 -3.36402e-10
2.0 3.0 0.504332 -1.43015e-08
2.0 3.0 1.06675 -4.60966e-09
2.0 3.0 1.08558 -1.61552e-10
2.0 3.0 1.4326 -4.29308e-10
2.0 3.0 1.26841 -6.54368e-08
2.0 3.0 1.301 -3.31323e-09
2.0 3.0 1.1699 -7.97788e-10
2.0 3.0 1.13384 -1.45185e-09
2.0 3.0 2.04019 -1.00144e-09
2.0 3.0 2.25123 -7.25986e-12
2.0 3.0 0.950571 -3.41909e-09
2.0 3.0 0.970171 -1.97646e-09
2.0 3.0 0.962053 -3.59085e-11
2.0 3.0 2.03571 -4.35974e-11
2.0 3.0 0.928206 -4.02731e-08
2.0 3.0 0.976612 -3.46668e-10
2.0 3.0 1.19977 -4.93373e-10
2.0 3.0 1.00372 -8.51879e-10
2.0 3.0 1.03514 -4.1316e-09
2.0 3.0 1.63962 -5.85379e-10
2.0 3.0 1.48981 -9.23422e-09
2.0 3.0 1.25035 -1.19782e-09
2.0 3.0 1.6689 -5.61217e-10
2.0 3.0 1.37315 -2.88686e-08
2.0 3.0 1.00006 -7.58613e-09
2.0 3.0 1.75742 -6.2567e-09
2.0 3.0 0.966633 -3.508e-08
2.0 3.0 1.07008 -1.55258e-08
2.0 3.0 2.46947 -2.40368e-08
2.0 3.0 0.956333 -7.64244e-11
2.0 3.0 2.04358 -7.47172e-09
2.0 3.0 1.02013 -1.14501e-07
2.0 3.0 1.11536 -5.6663e-09
2.0 3.0 1.53512 -2.19127e-08
2.0 3.0 1.0611 -5.52827e-10
2.0 3.0 2.35126 -2.91579e-10
2.0 4.0 1.56293 -7.62426e-09
2.0 4.0 1.88974 -4.05984e-10
2.0 4.0 0.819197 -1.30765e-10
2.0 4.0 0.446115 -4.16089e-09
2.0 4.0 0.436287 -2.45387e-10
2.0 4.0 1.90747 -1.03831e-11
2.0 4.0 0.431546 -2.6775e-08
2.0 4.0 0.920294 -8.85708e-09
2.0 4.0 2.23183 -5.28679e-10
2.0 4.0 1.22266 -1.86101e-12
2.0 4.0 2.30204 -8.15641e-11
2.0 4.0 0.900872 -1.92213e-09
2.0 4.0 0.445102 -4.25824e-10
2.0 4.0 0.959108 -3.2978e-10
2.0 4.0 1.61979 -7.42303e-12
2.0 4.0 0.928186 -2.54105e-10
2.0 4.0 0.972998 -3.37461e-09
2.0 4.0 1.61813 -8.49754e-10
2.0 4.0 1.63684 -5.85357e-08
2.0 4.0 1.49241 -1.55305e-11
2.0 4.0 0.929361 -3.53735e-10
2.0 4.0 1.44869 -8.5695e-09
2.0 4.0 0.958749 -4.2549e-09
2.0 4.0 0.775568 -8.40413e-08
2.0 4.0 2.15961 -8.64397e-11
2.0 4.0 1.82891 -6.24824e-12
2.0 4.0 2.27747 -3.21359e-09
2.0 4.0 1.78292 -6.94537e-10
2.0 4.0 1.96999 -1.86004e-09
2.0 4.0 1.83721 -4.25869e-09
2.0 4.0 1.66033 -2.00846e-08
2.0 4.0 1.70415 -1.88852e-08
2.0 4.0 1.87532 -6.02808e-08
2.0 4.0 1.00122 -2.55783e-09
2.0 4.0 0.732476 -1.45466e-09
2.0 4.0 2.1227 -2.41395e-09
2.0 4.0 2.25694 -3.47221e-10
2.0 4.0 2.35356 -9.5745e-09
2.0 4.0 1.4671 -1.46622e-09
2.0 4.0 1.2902 -2.59944e-10
2.0 4.0 1.37678 -2.0326e-08
2.0 4.0 2.17744 -1.72379e-10
2.0 4.0 1.4152 -3.02986e-09
2.0 4.0 2.6967 -1.11887e-10
2.0 4.0 0.440544 -2.06512e-08
2.0 4.0 2.35918 -8.57084e-09
2.0 4.0 1.5468 -4.32397e-08
2.0 4.0 2.17328 -8.94353e-09
2.0 4.0 1.56094 -1.65702e-09
2.0 4.0 1.87608 -1.1235e-09
2.0 5.0 0.680132 -8.52583e-11
2.0 5.0 0.696682 -1.53707e-08
2.0 5.0 0.656782 -2.08467e-10
2.0 5.0 0.546507 -1.32577e-08
2.0 5.0 0.553785 -1.89609e-08
2.0 5.0 0.758317 -1.19467e-09
2.0 5.0 0.754375 -1.85911e-10
2.0 5.0 0.628886 -1.18823e-07
2.0 5.0 0.759266 -1.04023e-08
2.0 5.0 0.593976 -5.30232e-09
2.0 5.0 0.579659 -8.02489e-08
2.0 5.0 0.8684 -3.4915e-08
2.0 5.0 1.33887 -5.6982e-09
2.0 5.0 0.550083 -1.02072e-09
2.0 5.0 0.55722 -7.95562e-11
2.0 5.0 0.719144 -4.51646e-09
2.0 5.0 0.661004 -1.87958e-09
2.0 5.0 4.19877 -4.90882e-10
2.0 5.0 1.56047 -1.44088e-08
2.0 5.0 0.72401 -2.28115e-09
2.0 5.0 0.773156 -6.84029e-10
2.0 5.0 0.893781 -2.31847e-10
2.0 5.0 1.03741 -4.72578e-10
2.0 5.0 0.67289 -2.21462e-08
2.0 5.0 0.705977 -8.86842e-12
2.0 5.0 0.513437 -3.64528e-11
2.0 5.0 1.81373 -5.16553e-09
2.0 5.0 1.89957 -5.92813e-08
2.0 5.0 0.628986 -1.35639e-11
2.0 5.0 0.744008 -2.39929e-09
2.0 5.0 0.579107 -2.63429e-10
2.0 5.0 0.774752 -1.79589e-10
2.0 5.0 0.554192 -8.1728e-09
2.0 5.0 2.40322 -3.37012e-11
2.0 5.0 0.509113 -1.80758e-08
2.0 5.0 0.740392 -1.27988e-09
2.0 5.0 1.44795 -3.91993e-08
2.0 5.0 0.733819 -7.0502e-09
2.0 5.0 3.08875 -4.9887e-11
2.0 5.0 0.984554 -3.8088e-09
2.0 5.0 0.895869 -4.0466e-13
2.0 5.0 0.558405 -6.70287e-08
2.0 5.0 0.551153 -2.12591e-09
2.0 5.0 0.615561 -2.15985e-09
2.0 5.0 0.747413 -2.19862e-10
2.0 5.0 2.6594 -4.03508e-09
2.0 5.0 1.01739 -5.6483e-08
2.0 5.0 0.647544 -5.79189e-09
2.0 5.0 2.80082 -1.55508e-09
2.0 5.0 2.95555 -1.7589e-10
2.0 6.0 1.44212 -3.93212e-08
2.0 6.0 1.5223 -9.97865e-13
2.0 6.0 0.553818 -6.23834e-09
2.0 6.0 0.728099 -2.30958e-09
2.0 6.0 0.806661 -9.50756e-14
2.0 6.0 1.92104 -1.01678e-12
2.0 6.0 0.559356 -3.02338e-11
2.0 6.0 0.680582 -1.36475e-08
2.0 6.0 0.691767 -6.04967e-11
2.0 6.0 0.764672 -4.22488e-10
2.0 6.0 2.34845 -3.3172e-09
2.0 6.0 0.683834 -3.2693e-08
2.0 6.0 1.73934 -5.4477e-10
2.0 6.0 0.854941 -5.99417e-11
2.0 6.0 0.778976 -1.84026e-08
2.0 6.0 0.754181 -3.2328e-09
2.0 6.0 0.566299 -9.07014e-08
2.0 6.0 1.67349 -2.6254e-09
2.0 6.0 0.559535 -1.00298e-08
2.0 6.0 0.700909 -4.23861e-10
2.0 6.0 0.704758 -1.01729e-08
2.0 6.0 0.760611 -4.90815e-11
2.0 6.0 0.720942 -9.62747e-10
2.0 6.0 0.9379 -5.89693e-09
2.0 6.0 0.706198 -2.41362e-09
2.0 6.0 0.772027 -1.46698e-09
2.0 6.0 3.40002 -5.15427e-10
2.0 6.0 1.95945 -3.4448e-11
2.0 6.0 2.01532 -3.16391e-09
2.0 6.0 0.708006 -8.93263e-11
2.0 6.0 1.10093 -2.41379e-07
2.0 6.0 0.661209 -2.24797e-07
2.0 6.0 0.638486 -9.11167e-09
2.0 6.0 0.64617 -4.20072e-08
2.0 6.0 0.597548 -5.0755e-08
2.0 6.0 0.71475 -1.88654e-08
2.0 6.0 0.703764 -2.85248e-08
2.0 6.0 2.60161 -1.56666e-08
2.0 6.0 1.94651 -5.9215e-10
2.0 6.0 0.541659 -1.35675e-09
2.0 6.0 0.686476 -5.99144e-10
2.0 6.0 0.756137 -1.43396e-09
2.0 6.0 0.761439 -2.53292e-09
2.0 6.0 0.812254 -3.26166e-12
2.0 6.0 0.769009 -1.15079e-10
2.0 6.0 0.689516 -5.78649e-08
2.0 6.0 2.79429 -2.02473e-10
2.0 6.0 1.80621 -9.17233e-09
2.0 6.0 2.15535 -8.67212e-11
2.0 6.0 2.0163 -1.42325e-09
2.0 7.0 0.61527 -1.479e-08
2.0 7.0 0.731642 -8.70171e-08
2.0 7.0 1.71456 -2.36258e-10
2.0 7.0 0.733144 -1.2417e-08
2.0 7.0 0.9023 -1.77367e-08
2.0 7.0 0.603915 -1.64063e-08
2.0 7.0 0.737878 -9.18023e-08
2.0 7.0 0.653866 -7.34532e-08
2.0 7.0 0.81559 -1.55994e-09
2.0 7.0 2.06203 -4.15374e-11
2.0 7.0 1.69585 -1.71661e-07
2.0 7.0 0.623642 -4.02645e-10
2.0 7.0 1.62839 -1.42902e-07
2.0 7.0 0.740381 -1.78838e-09
2.0 7.0 1.80577 -2.27128e-08
2.0 7.0 0.547854 -5.17273e-11
2.0 7.0 0.695374 -3.47005e-09
2.0 7.0 2.42816 -1.93759e-13
2.0 7.0 0.735746 -3.77931e-10
2.0 7.0 0.931779 -1.28134e-09
2.0 7.0 0.627306 -2.09786e-07
2.0 7.0 0.791768 -8.69638e-09
2.0 7.0 1.45119 -1.58934e-10
2.0 7.0 1.23178 -1.82304e-08
2.0 7.0 1.53386 -9.90439e-09
2.0 7.0 0.723442 -2.9237e-08
2.0 7.0 0.688232 -1.09591e-09
2.0 7.0 1.53829 -4.90048e-08
2.0 7.0 1.63467 -1.5198e-07
2.0 7.0 1.67122 -3.75511e-09
2.0 7.0 1.60442 -3.31749e-09
2.0 7.0 1.59218 -9.57471e-08
2.0 7.0 0.734429 -1.4461e-09
2.0 7.0 0.727864 -6.59728e-13
2.0 7.0 0.977795 -3.27928e-09
2.0 7.0 0.818744 -1.89695e-09
2.0 7.0 1.19433 -5.52308e-10
2.0 7.0 2.04284 -1.11848e-09
2.0 7.0 0.753134 -2.65532e-09
2.0 7.0 3.12993 -3.5822e-10
2.0 7.0 2.53918 -3.84194e-09
2.0 7.0 0.706568 -4.27652e-09
2.0 7.0 2.97826 -3.69746e-09
2.0 7.0 2.01023 -3.15526e-08
2.0 7.0 0.858536 -2.67228e-09
2.0 7.0 0.861039 -1.86903e-08
2.0 7.0 2.80616 -4.46456e-08
2.0 7.0 0.974752 -1.28935e-08
2.0 7.0 2.51593 -3.864e-10
2.0 7.0 1.67576 -2.62092e-11
2.0 8.0 0.770316 -1.51678e-09
2.0 8.0 0.748906 -4.15443e-09
2.0 8.0 1.02564 -7.02757e-10
2.0 8.0 1.35743 -1.98392e-08
2.0 8.0 1.53775 -2.67525e-10
2.0 8.0 0.732327 -3.78272e-10
2.0 8.0 1.56522 -2.44887e-09
2.0 8.0 1.64395 -3.6544e-10
2.0 8.0 0.711529 -5.22453e-08
2.0 8.0 0.541206 -2.31167e-08
2.0 8.0 0.731856 -8.13324e-12
2.0 8.0 0.773013 -1.90246e-08
2.0 8.0 1.70841 -1.05785e-07
2.0 8.0 0.712508 -1.22402e-08
2.0 8.0 0.729458 -1.0649e-08
2.0 8.0 1.99711 -8.80585e-09
2.0 8.0 1.27231 -1.45321e-10
2.0 8.0 0.799754 -4.67235e-11
2.0 8.0 1.37691 -5.20831e-08
2.0 8.0 2.04628 -2.55868e-09
2.0 8.0 0.894711 -1.54205e-07
2.0 8.0 1.4263 -1.65151e-07
2.0 8.0 0.778313 -1.50722e-11
2.0 8.0 0.723961 -5.29911e-10
2.0 8.0 0.696466 -7.1513e-08
2.0 8.0 1.31915 -3.72047e-10
2.0 8.0 0.686873 -9.24823e-08
2.0 8.0 0.738832 -1.06017e-08
2.0 8.0 0.793457 -2.22865e-12
2.0 8.0 1.47239 -7.84461e-14
2.0 8.0 0.758534 -5.58384e-10
2.0 8.0 0.748063 -1.70169e-08
2.0 8.0 1.13625 -8.77668e-09
2.0 8.0 1.06848 -5.10608e-10
2.0 8.0 1.13905 -5.48967e-10
2.0 8.0 2.14404 -1.43237e-07
2.0 8.0 0.63501 -1.21371e-12
2.0 8.0 0.739773 -5.14674e-08
2.0 8.0 0.768335 -1.19237e-10
2.0 8.0 1.57807 -2.92988e-08
2.0 8.0 0.666004 -8.85264e-09
2.0 8.0 0.688211 -1.72838e-09
2.0 8.0 2.4802 -2.1018e-08
2.0 8.0 1.78508 -2.41935e-09
2.0 8.0 2.96184 -1.69426e-10
2.0 8.0 0.547143 -5.77827e-09
2.0 8.0 3.2397 -2.30857e-09
2.0 8.0 1.57124 -1.43319e-07
2.0 8.0 1.23806 -1.88261e-07
2.0 8.0 1.68695 -4.95197e-08
3.0 2.0 1.04288 -0.0
3.0 2.0 0.733773 -0.0
3.0 2.0 2.29113 -0.0
3.0 2.0 1.81002 -0.0
3.0 2.0 0.69573 -0.0
3.0 2.0 1.05515 -0.0
3.0 2.0 2.29713 -0.0
3.0 2.0 1.01706 -0.0
3.0 2.0 0.71265 -0.0
3.0 2.0 1.06816 -0.0
3.0 2.0 0.700987 -0.0
3.0 2.0 1.04338 -0.0
3.0 2.0 2.27444 -0.0
3.0 2.0 0.754842 -0.0
3.0 2.0 1.06848 -0.0
3.0 2.0 0.715224 -0.0
3.0 2.0 2.38668 -0.0
3.0 2.0 0.718254 -0.0
3.0 2.0 1.07098 -0.0
3.0 2.0 2.28553 -0.0
3.0 2.0 0.726376 -0.0
3.0 2.0 1.73207 -0.0
3.0 2.0 1.08438 -0.0
3.0 2.0 0.772322 -0.0
3.0 2.0 1.01689 -0.0
3.0 2.0 0.736409 -0.0
3.0 2.0 1.85465 -0.0
3.0 2.0 2.01896 -0.0
3.0 2.0 0.752954 -0.0
3.0 2.0 0.741821 -0.0
3.0 2.0 0.730329 -0.0
3.0 2.0 1.73049 -0.0
3.0 2.0 0.751755 -0.0
3.0 2.0 0.83166 -0.0
3.0 2.0 1.73844 -0.0
3.0 2.0 1.01429 -0.0
3.0 2.0 1.73904 -0.0
3.0 2.0 0.706212 -0.0
3.0 2.0 1.06212 -0.0
3.0 2.0 2.09886 -0.0
3.0 2.0 1.75164 -0.0
3.0 2.0 1.01746 -0.0
3.0 2.0 0.755207 -0.0
3.0 2.0 1.82171 -0.0
3.0 2.0 1.02143 -0.0
3.0 2.0 2.0882 -0.0
3.0 2.0 0.600582 -0.0
3.0 2.0 1.0646 -0.0
3.0 2.0 0.698651 -0.0
3.0 2.0 1.73294 -0.0
3.0 3.0 0.386093 -0.0
3.0 3.0 1.08126 -0.0
3.0 3.0 0.983588 -0.0
3.0 3.0 0.881449 -0.0
3.0 3.0 0.938657 -0.0
3.0 3.0 0.94172 -0.0
3.0 3.0 0.392769 -0.0
3.0 3.0 0.909185 -0.0
3.0 3.0 0.383875 -0.0
3.0 3.0 0.912964 -0.0
3.0 3.0 0.928383 -0.0
3.0 3.0 0.931785 -0.0
3.0 3.0 0.927987 -0.0
3.0 3.0 0.636535 -0.0
3.0 3.0 0.651201 -0.0
3.0 3.0 0.396614 -0.0
3.0 3.0 0.675484 -0.0
3.0 3.0 0.365604 -0.0
3.0 3.0 0.933138 -0.0
3.0 3.0 1.05391 -0.0
3.0 3.0 1.44803 -0.0
3.0 3.0 0.400725 -0.0
3.0 3.0 0.931653 -0.0
3.0 3.0 0.665308 -0.0
3.0 3.0 0.924065 -0.0
3.0 3.0 1.1372 -0.0
3.0 3.0 1.09128 -0.0
3.0 3.0 0.645168 -0.0
3.0 3.0 0.408191 -0.0
3.0 3.0 1.11862 -0.0
3.0 3.0 1.90483 -0.0
3.0 3.0 2.02269 -0.0
3.0 3.0 1.07074 -0.0
3.0 3.0 0.380403 -0.0
3.0 3.0 1.84189 -0.0
3.0 3.0 0.961173 -0.0
3.0 3.0 0.652188 -0.0
3.0 3.0 1.13502 -0.0
3.0 3.0 0.388594 -0.0
3.0 3.0 0.918934 -0.0
3.0 3.0 0.939664 -0.0
3.0 3.0 0.883601 -0.0
3.0 3.0 1.0432 -0.0
3.0 3.0 0.391106 -0.0
3.0 3.0 0.967964 -0.0
3.0 3.0 0.892294 -0.0
3.0 3.0 0.934417 -0.0
3.0 3.0 0.88992 -0.0
3.0 3.0 1.10053 -0.0
3.0 3.0 0.910017 -0.0
3.0 4.0 0.946003 -0.0
3.0 4.0 0.377952 -0.0
3.0 4.0 1.44905 -0.0
3.0 4.0 0.897038 -0.0
3.0 4.0 0.390488 -0.0
3.0 4.0 0.345477 -0.0
3.0 4.0 0.925107 -0.0
3.0 4.0 0.899766 -0.0
3.0 4.0 0.366933 -0.0
3.0 4.0 0.774348 -0.0
3.0 4.0 0.86724 -0.0
3.0 4.0 0.864965 -0.0
3.0 4.0 0.368429 -0.0
3.0 4.0 0.869629 -0.0
3.0 4.0 0.342066 -0.0
3.0 4.0 1.14429 -0.0
3.0 4.0 0.395607 -0.0
3.0 4.0 0.867949 -0.0
3.0 4.0 0.347329 -0.0
3.0 4.0 0.972966 -0.0
3.0 4.0 0.391005 -0.0
3.0 4.0 0.891196 -0.0
3.0 4.0 0.383754 -0.0
3.0 4.0 0.377147 -0.0
3.0 4.0 0.887631 -0.0
3.0 4.0 1.00381 -0.0
3.0 4.0 0.41777 -0.0
3.0 4.0 0.381075 -0.0
3.0 4.0 0.663389 -0.0
3.0 4.0 1.69308 -0.0
3.0 4.0 0.860873 -0.0
3.0 4.0 0.661079 -0.0
3.0 4.0 0.920307 -0.0
3.0 4.0 0.882843 -0.0
3.0 4.0 1.27645 -0.0
3.0 4.0 0.391414 -0.0
3.0 4.0 0.625367 -0.0
3.0 4.0 1.0235 -0.0
3.0 4.0 0.794396 -0.0
3.0 4.0 0.387167 -0.0
3.0 4.0 0.363417 -0.0
3.0 4.0 1.50757 -0.0
3.0 4.0 0.857883 -0.0
3.0 4.0 0.786446 -0.0
3.0 4.0 0.383786 -0.0
3.0 4.0 0.342772 -0.0
3.0 4.0 0.879222 -0.0
3.0 4.0 0.878012 -0.0
3.0 4.0 0.384955 -0.0
3.0 4.0 0.376413 -0.0
3.0 5.0 0.577514 -0.0
3.0 5.0 0.512527 -0.0
3.0 5.0 0.603086 -0.0
3.0 5.0 0.536185 -0.0
3.0 5.0 0.549221 -0.0
3.0 5.0 0.675701 -0.0
3.0 5.0 0.518237 -0.0
3.0 5.0 0.572427 -0.0
3.0 5.0 1.53994 -0.0
3.0 5.0 0.691027 -0.0
3.0 5.0 0.529929 -0.0
3.0 5.0 1.19302 -0.0
3.0 5.0 0.507988 -0.0
3.0 5.0 0.524503 -0.0
3.0 5.0 0.549285 -0.0
3.0 5.0 0.646791 -0.0
3.0 5.0 0.540904 -0.0
3.0 5.0 0.523059 -0.0
3.0 5.0 0.508884 -0.0
3.0 5.0 0.582698 -0.0
3.0 5.0 0.546662 -0.0
3.0 5.0 0.565696 -0.0
3.0 5.0 0.593206 -0.0
3.0 5.0 0.736631 -0.0
3.0 5.0 0.816557 -0.0
3.0 5.0 0.778308 -0.0
3.0 5.0 0.520222 -0.0
3.0 5.0 0.508085 -0.0
3.0 5.0 0.513402 -0.0
3.0 5.0 0.520862 -0.0
3.0 5.0 0.564246 -0.0
3.0 5.0 0.554395 -0.0
3.0 5.0 0.585541 -0.0
3.0 5.0 0.520813 -0.0
3.0 5.0 0.783345 -0.0
3.0 5.0 1.13656 -0.0
3.0 5.0 1.19239 -0.0
3.0 5.0 0.515847 -0.0
3.0 5.0 0.515053 -0.0
3.0 5.0 0.569489 -0.0
3.0 5.0 0.559075 -0.0
3.0 5.0 0.977712 -0.0
3.0 5.0 0.806844 -0.0
3.0 5.0 0.727001 -0.0
3.0 5.0 0.538575 -0.0
3.0 5.0 0.663227 -0.0
3.0 5.0 0.673923 -0.0
3.0 5.0 0.741597 -0.0
3.0 5.0 0.657412 -0.0
3.0 5.0 0.738546 -0.0
3.0 6.0 0.590381 -0.0
3.0 6.0 1.18757 -0.0
3.0 6.0 0.584108 -0.0
3.0 6.0 0.588982 -0.0
3.0 6.0 0.595532 -0.0
3.0 6.0 0.660534 -0.0
3.0 6.0 0.624125 -0.0
3.0 6.0 0.864285 -0.0
3.0 6.0 0.586214 -0.0
3.0 6.0 0.61336 -0.0
3.0 6.0 0.620276 -0.0
3.0 6.0 0.583844 -0.0
3.0 6.0 0.590471 -0.0
3.0 6.0 0.620226 -0.0
3.0 6.0 0.775094 -0.0
3.0 6.0 0.61883 -0.0
3.0 6.0 0.813165 -0.0
3.0 6.0 0.620039 -0.0
3.0 6.0 0.6638 -0.0
3.0 6.0 0.728204 -0.0
3.0 6.0 0.602883 -0.0
3.0 6.0 0.637186 -0.0
3.0 6.0 0.861743 -0.0
3.0 6.0 0.665359 -0.0
3.0 6.0 0.579672 -0.0
3.0 6.0 0.574046 -0.0
3.0 6.0 0.578654 -0.0
3.0 6.0 0.635915 -0.0
3.0 6.0 0.746186 -0.0
3.0 6.0 1.11654 -0.0
3.0 6.0 0.550034 -0.0
3.0 6.0 0.579564 -0.0
3.0 6.0 0.603834 -0.0
3.0 6.0 0.605726 -0.0
3.0 6.0 0.602474 -0.0
3.0 6.0 0.610215 -0.0
3.0 6.0 0.614702 -0.0
3.0 6.0 0.608549 -0.0
3.0 6.0 0.784734 -0.0
3.0 6.0 0.790876 -0.0
3.0 6.0 0.607881 -0.0
3.0 6.0 0.776242 -0.0
3.0 6.0 0.733322 -0.0
3.0 6.0 0.904511 -0.0
3.0 6.0 0.61247 -0.0
3.0 6.0 0.582956 -0.0
3.0 6.0 0.774122 -0.0
3.0 6.0 0.728233 -0.0
3.0 6.0 0.765451 -0.0
3.0 6.0 0.610061 -0.0
3.0 7.0 0.658964 -0.0
3.0 7.0 0.614389 -0.0
3.0 7.0 1.22019 -0.0
3.0 7.0 0.610917 -0.0
3.0 7.0 0.657397 -0.0
3.0 7.0 1.16352 -0.0
3.0 7.0 0.521593 -0.0
3.0 7.0 0.683295 -0.0
3.0 7.0 0.598041 -0.0
3.0 7.0 0.603532 -0.0
3.0 7.0 0.608207 -0.0
3.0 7.0 0.662325 -0.0
3.0 7.0 0.813695 -0.0
3.0 7.0 0.653938 -0.0
3.0 7.0 0.758827 -0.0
3.0 7.0 0.942118 -0.0
3.0 7.0 0.61744 -0.0
3.0 7.0 0.796944 -0.0
3.0 7.0 0.599458 -0.0
3.0 7.0 1.18945 -0.0
3.0 7.0 0.598008 -0.0
3.0 7.0 0.643466 -0.0
3.0 7.0 0.610805 -0.0
3.0 7.0 0.661141 -0.0
3.0 7.0 0.761027 -0.0
3.0 7.0 0.600411 -0.0
3.0 7.0 1.46528 -0.0
3.0 7.0 0.66653 -0.0
3.0 7.0 0.955355 -0.0
3.0 7.0 0.614257 -0.0
3.0 7.0 0.628228 -0.0
3.0 7.0 0.670759 -0.0
3.0 7.0 0.650097 -0.0
3.0 7.0 0.703194 -0.0
3.0 7.0 0.684917 -0.0
3.0 7.0 0.672466 -0.0
3.0 7.0 0.772731 -0.0
3.0 7.0 0.603203 -0.0
3.0 7.0 0.603549 -0.0
3.0 7.0 0.619797 -0.0
3.0 7.0 0.679599 -0.0
3.0 7.0 0.715327 -0.0
3.0 7.0 0.678165 -0.0
3.0 7.0 0.787933 -0.0
3.0 7.0 0.924518 -0.0
3.0 7.0 0.586851 -0.0
3.0 7.0 0.649651 -0.0
3.0 7.0 1.49902 -0.0
3.0 7.0 0.80476 -0.0
3.0 7.0 0.814679 -0.0
3.0 8.0 0.531427 -0.0
3.0 8.0 0.664147 -0.0
3.0 8.0 0.720899 -0.0
3.0 8.0 0.604213 -0.0
3.0 8.0 1.23331 -0.0
3.0 8.0 0.610847 -0.0
3.0 8.0 0.718583 -0.0
3.0 8.0 0.686776 -0.0
3.0 8.0 0.806006 -0.0
3.0 8.0 0.612571 -0.0
3.0 8.0 0.728495 -0.0
3.0 8.0 0.732933 -0.0
3.0 8.0 0.602278 -0.0
3.0 8.0 0.649697 -0.0
3.0 8.0 0.734294 -0.0
3.0 8.0 0.608027 -0.0
3.0 8.0 1.32389 -0.0
3.0 8.0 0.801432 -0.0
3.0 8.0 0.743713 -0.0
3.0 8.0 0.7237 -0.0
3.0 8.0 0.597739 -0.0
3.0 8.0 0.737715 -0.0
3.0 8.0 0.729797 -0.0
3.0 8.0 0.707194 -0.0
3.0 8.0 0.621388 -0.0
3.0 8.0 0.598639 -0.0
3.0 8.0 1.4808 -0.0
3.0 8.0 0.718481 -0.0
3.0 8.0 0.709104 -0.0
3.0 8.0 0.597843 -0.0
3.0 8.0 0.612727 -0.0
3.0 8.0 0.806108 -0.0
3.0 8.0 0.723461 -0.0
3.0 8.0 0.713921 -0.0
3.0 8.0 0.731543 -0.0
3.0 8.0 0.728266 -0.0
3.0 8.0 0.719723 -0.0
3.0 8.0 0.6067 -0.0
3.0 8.0 0.942101 -0.0
3.0 8.0 1.51184 -0.0
3.0 8.0 0.716774 -0.0
3.0 8.0 0.750938 -0.0
3.0 8.0 0.610813 -0.0
3.0 8.0 0.73591 -0.0
3.0 8.0 0.606304 -0.0
3.0 8.0 0.840428 -0.0
3.0 8.0 1.21236 -0.0
3.0 8.0 0.604718 -0.0
3.0 8.0 0.774557 -0.0
3.0 8.0 0.774557 -0.0
4.0 2.0 2.6078 99.9515
4.0 2.0 3.21287 99.9515
4.0 2.0 1.27498 99.9515
4.0 2.0 3.38124 99.9515
4.0 2.0 2.48326 99.9515
4.0 2.0 0.706334 99.9515
4.0 2.0 2.72481 99.9515
4.0 2.0 2.81563 99.9515
4.0 2.0 3.82999 99.9515
4.0 2.0 3.2622 99.9515
4.0 2.0 3.6009 99.9515
4.0 2.0 3.96268 99.9515
4.0 2.0 2.48589 99.9515
4.0 2.0 1.30995 99.9515
4.0 2.0 2.52097 99.9515
4.0 2.0 1.28369 99.9515
4.0 2.0 3.42108 99.9515
4.0 2.0 2.69602 99.9515
4.0 2.0 1.26532 99.9515
4.0 2.0 2.49617 99.9515
4.0 2.0 2.54099 99.9515
4.0 2.0 3.17098 99.9515
4.0 2.0 1.32116 99.9515
4.0 2.0 3.22081 99.9515
4.0 2.0 2.46186 99.9515
4.0 2.0 2.513 99.9515
4.0 2.0 2.62194 99.9515
4.0 2.0 4.1406 99.9515
4.0 2.0 4.00328 99.9515
4.0 2.0 2.65043 99.9515
4.0 2.0 3.60586 99.9515
4.0 2.0 2.45072 99.9515
4.0 2.0 1.29329 99.9515
4.0 2.0 2.46698 99.9515
4.0 2.0 3.19293 99.9515
4.0 2.0 2.76102 99.9515
4.0 2.0 2.54141 99.9515
4.0 2.0 1.27514 99.9515
4.0 2.0 0.713179 99.9515
4.0 2.0 4.02701 99.9515
4.0 2.0 4.23454 99.9515
4.0 2.0 2.54269 99.9515
4.0 2.0 1.28486 99.9515
4.0 2.0 1.28532 99.9515
4.0 2.0 1.27766 99.9515
4.0 2.0 1.2943 99.9515
4.0 2.0 4.72122 99.9515
4.0 2.0 4.88513 99.9515
4.0 2.0 2.5655 99.9515
4.0 2.0 3.15398 99.9515
4.0 3.0 3.09077 99.9923
4.0 3.0 2.79079 99.9896
4.0 3.0 2.95916 99.9727
4.0 3.0 4.14432 99.9515
4.0 3.0 2.94692 99.994
4.0 3.0 2.36915 99.9515
4.0 3.0 2.18666 99.9515
4.0 3.0 0.984166 99.9515
4.0 3.0 2.78158 99.9957
4.0 3.0 2.20959 99.9618
4.0 3.0 3.27527 99.9628
4.0 3.0 2.80888 99.9623
4.0 3.0 2.99198 99.9877
4.0 3.0 3.13318 99.9709
4.0 3.0 3.50212 99.9684
4.0 3.0 3.1017 99.9932
4.0 3.0 2.78045 99.9856
4.0 3.0 2.20385 99.978
4.0 3.0 1.00143 99.9924
4.0 3.0 1.61796 99.9515
4.0 3.0 3.05842 99.9515
4.0 3.0 4.35622 99.9515
4.0 3.0 1.02026 99.9705
4.0 3.0 1.61993 99.9515
4.0 3.0 2.94748 99.994
4.0 3.0 2.89106 99.9836
4.0 3.0 2.90792 99.9932
4.0 3.0 2.61881 99.9846
4.0 3.0 2.51826 99.9515
4.0 3.0 4.47861 99.9515
4.0 3.0 3.06752 99.9641
4.0 3.0 2.88726 99.9846
4.0 3.0 3.374 99.9796
4.0 3.0 1.67352 99.9784
4.0 3.0 3.24755 99.9806
4.0 3.0 3.00381 99.9888
4.0 3.0 3.06964 99.9787
4.0 3.0 3.01064 99.9964
4.0 3.0 4.65407 99.994
4.0 3.0 0.953018 99.9768
4.0 3.0 2.64852 99.9949
4.0 3.0 2.95887 99.9919
4.0 3.0 2.67434 99.9805
4.0 3.0 3.59187 99.9527
4.0 3.0 2.87067 99.9602
4.0 3.0 3.25102 99.9602
4.0 3.0 2.655 99.994
4.0 3.0 2.96056 99.9966
4.0 3.0 2.58024 99.9894
4.0 3.0 2.71651 99.9844
4.0 4.0 3.28874 99.9855
4.0 4.0 3.71586 99.9836
4.0 4.0 3.9985 99.9819
4.0 4.0 2.73378 99.9609
4.0 4.0 2.69799 99.9558
4.0 4.0 2.72759 99.9942
4.0 4.0 0.920104 99.9515
4.0 4.0 3.48491 99.9515
4.0 4.0 5.89684 99.9651
4.0 4.0 3.07507 99.9609
4.0 4.0 2.59777 99.9719
4.0 4.0 0.919738 99.9515
4.0 4.0 2.21145 99.9801
4.0 4.0 2.23359 99.9961
4.0 4.0 2.85163 99.9888
4.0 4.0 0.978341 99.9925
4.0 4.0 2.87332 99.9515
4.0 4.0 2.88169 99.997
4.0 4.0 5.02862 99.965
4.0 4.0 4.408 99.9919
4.0 4.0 3.55746 99.9907
4.0 4.0 3.56617 99.9685
4.0 4.0 3.97415 99.9515
4.0 4.0 3.97214 99.9515
4.0 4.0 2.35931 99.9515
4.0 4.0 3.53218 99.9633
4.0 4.0 3.26095 99.9982
4.0 4.0 2.91308 99.9544
4.0 4.0 3.20163 99.9979
4.0 4.0 2.74459 99.9804
4.0 4.0 2.27258 99.9807
4.0 4.0 3.31728 99.9846
4.0 4.0 3.10523 99.9883
4.0 4.0 3.22239 99.9942
4.0 4.0 2.18132 99.9568
4.0 4.0 3.02984 99.9562
4.0 4.0 3.3352 99.9687
4.0 4.0 2.29135 99.9515
4.0 4.0 3.85506 99.9596
4.0 4.0 3.19929 99.9781
4.0 4.0 4.45608 99.9515
4.0 4.0 2.99767 99.993
4.0 4.0 2.35634 99.98
4.0 4.0 3.08298 99.9515
4.0 4.0 3.46866 99.9665
4.0 4.0 2.92424 99.9684
4.0 4.0 2.33413 99.9912
4.0 4.0 3.71879 99.9515
4.0 4.0 2.18414 99.9929
4.0 4.0 3.79016 99.9515
4.0 5.0 0.85364 99.9979
4.0 5.0 0.830604 99.9678
4.0 5.0 0.875019 99.9515
4.0 5.0 0.986656 99.9812
4.0 5.0 0.79734 99.9824
4.0 5.0 0.817197 99.9858
4.0 5.0 0.873641 99.9735
4.0 5.0 1.92383 99.9798
4.0 5.0 0.869958 99.9581
4.0 5.0 2.26491 99.9965
4.0 5.0 0.880687 99.9515
4.0 5.0 0.867926 99.9515
4.0 5.0 1.00282 99.9695
4.0 5.0 2.11271 99.9746
4.0 5.0 0.821847 99.9805
4.0 5.0 0.862661 99.9801
4.0 5.0 0.820411 99.9781
4.0 5.0 2.3111 99.9515
4.0 5.0 2.64736 99.9515
4.0 5.0 0.852475 99.9766
4.0 5.0 0.859711 99.9909
4.0 5.0 0.810167 99.991
4.0 5.0 0.812413 99.9935
4.0 5.0 0.837758 99.9729
4.0 5.0 0.962699 99.9774
4.0 5.0 0.976116 99.9681
4.0 5.0 2.39813 99.9841
4.0 5.0 0.809573 99.9983
4.0 5.0 0.847751 99.9682
4.0 5.0 0.882715 99.9515
4.0 5.0 2.5499 99.9515
4.0 5.0 0.865551 99.9515
4.0 5.0 6.41805 99.9879
4.0 5.0 0.84985 99.9918
4.0 5.0 0.8603 99.9714
4.0 5.0 0.80849 99.9631
4.0 5.0 1.05822 99.9893
4.0 5.0 0.891935 99.9868
4.0 5.0 2.55387 99.9656
4.0 5.0 18.8982 99.954
4.0 5.0 19.3788 99.9952
4.0 5.0 17.5002 99.9894
4.0 5.0 15.5649 99.9694
4.0 5.0 15.1081 99.9515
4.0 5.0 18.7213 99.9862
4.0 5.0 19.2277 99.9872
4.0 5.0 19.2546 99.9702
4.0 5.0 18.9228 99.9887
4.0 5.0 17.3938 99.9837
4.0 5.0 17.5726 99.9515
4.0 6.0 0.839538 99.996
4.0 6.0 0.832899 99.9927
4.0 6.0 0.877722 99.9843
4.0 6.0 0.814651 99.9834
4.0 6.0 0.840794 99.979
4.0 6.0 0.98156 99.9515
4.0 6.0 2.38876 99.9615
4.0 6.0 0.834077 99.9884
4.0 6.0 0.861948 99.9645
4.0 6.0 0.819068 99.9879
4.0 6.0 0.843178 99.9515
4.0 6.0 0.888491 99.9953
4.0 6.0 2.43549 99.9515
4.0 6.0 0.834411 99.9783
4.0 6.0 0.837946 99.9743
4.0 6.0 0.840808 99.9771
4.0 6.0 0.878525 99.9515
4.0 6.0 0.948458 99.9562
4.0 6.0 2.34956 99.9515
4.0 6.0 0.832476 99.9951
4.0 6.0 1.03257 99.9755
4.0 6.0 2.38323 99.9655
4.0 6.0 4.92269 99.9923
4.0 6.0 0.84443 99.983
4.0 6.0 2.16517 99.9856
4.0 6.0 0.805262 99.9711
4.0 6.0 0.816514 99.9858
4.0 6.0 0.848375 99.9914
4.0 6.0 0.849978 99.9515
4.0 6.0 4.05087 99.9848
4.0 6.0 2.2261 99.9953
4.0 6.0 2.28512 99.9932
4.0 6.0 0.841047 99.9515
4.0 6.0 0.80092 99.9778
4.0 6.0 0.849163 99.9608
4.0 6.0 1.03645 99.9536
4.0 6.0 3.93015 99.9515
4.0 6.0 10.1615 99.9702
4.0 6.0 2.11208 99.9576
4.0 6.0 2.39794 99.9873
4.0 6.0 9.73433 99.9906
4.0 6.0 12.7069 99.9899
4.0 6.0 11.2429 99.9876
4.0 6.0 12.9072 99.956
4.0 6.0 13.3229 99.9835
4.0 6.0 13.03 99.9836
4.0 6.0 13.695 99.9801
4.0 6.0 14.5855 99.9729
4.0 6.0 14.6899 99.9515
4.0 6.0 14.5291 99.9567
4.0 7.0 0.827193 99.9878
4.0 7.0 0.870553 99.9515
4.0 7.0 0.953564 99.9795
4.0 7.0 2.61345 99.9771
4.0 7.0 0.809229 99.9515
4.0 7.0 2.88286 99.9799
4.0 7.0 2.11056 99.9949
4.0 7.0 0.860187 99.9515
4.0 7.0 0.938979 99.9825
4.0 7.0 1.28637 99.9515
4.0 7.0 0.857248 99.9515
4.0 7.0 0.8699 99.9862
4.0 7.0 2.43242 99.9782
4.0 7.0 2.61092 99.9895
4.0 7.0 0.827657 99.9594
4.0 7.0 0.839752 99.9515
4.0 7.0 3.00085 99.9515
4.0 7.0 0.761931 99.9988
4.0 7.0 2.75822 99.9699
4.0 7.0 0.850442 99.9515
4.0 7.0 0.840851 99.9814
4.0 7.0 0.826618 99.9865
4.0 7.0 5.56504 99.9515
4.0 7.0 4.40468 99.9613
4.0 7.0 0.98538 99.9561
4.0 7.0 0.83452 99.9515
4.0 7.0 2.24106 99.9544
4.0 7.0 3.53193 99.9782
4.0 7.0 0.769357 99.9787
4.0 7.0 0.82491 99.9876
4.0 7.0 0.798697 99.9762
4.0 7.0 0.834542 99.9719
4.0 7.0 0.836413 99.9539
4.0 7.0 2.48472 99.9515
4.0 7.0 13.3446 99.9537
4.0 7.0 10.2413 99.9849
4.0 7.0 7.24764 99.9868
4.0 7.0 7.4551 99.955
4.0 7.0 3.68088 99.9515
4.0 7.0 8.24831 99.9674
4.0 7.0 14.6293 99.9818
4.0 7.0 5.49648 99.9515
4.0 7.0 13.2342 99.9515
4.0 7.0 10.71 99.9718
4.0 7.0 13.2816 99.9569
4.0 7.0 13.3569 99.9515
4.0 7.0 10.1094 99.9937
4.0 7.0 13.8502 99.9929
4.0 7.0 14.7812 99.9515
4.0 7.0 14.7812 99.9515
4.0 8.0 1.41096 99.9757
4.0 8.0 0.862369 99.9515
4.0 8.0 2.12827 99.9515
4.0 8.0 3.6701 99.9601
4.0 8.0 3.6701 99.9601
4.0 8.0 3.6701 99.9601
4.0 8.0 3.6701 99.9601
4.0 8.0 3.6701 99.9601
4.0 8.0 3.6701 99.9601
4.0 8.0 3.6701 99.9601
4.0 8.0 3.6701 99.9601
4.0 8.0 3.6701 99.9601
4.0 8.0 3.6701 99.9601
4.0 8.0 3.6701 99.9601
4.0 8.0 3.6701 99.9601
4.0 8.0 3.6701 99.9601
4.0 8.0 3.6701 99.9601
4.0 8.0 3.6701 99.9601
4.0 8.0 3.6701 99.9601
4.0 8.0 3.6701 99.9601
4.0 8.0 3.6701 99.9601
4.0 8.0 3.6701 99.9601
4.0 8.0 3.6701 99.9601
4.0 8.0 3.6701 99.9601
4.0 8.0 3.6701 99.9601
4.0 8.0 3.6701 99.9601
4.0 8.0 3.6701 99.9601
4.0 8.0 3.6701 99.9601
4.0 8.0 3.6701 99.9601
4.0 8.0 3.6701 99.9601
4.0 8.0 3.6701 99.9601
4.0 8.0 3.6701 99.9601
4.0 8.0 3.6701 99.9601
4.0 8.0 3.6701 99.9601
4.0 8.0 3.6701 99.9601
4.0 8.0 3.6701 99.9601
4.0 8.0 3.6701 99.9601
4.0 8.0 3.6701 99.9601
4.0 8.0 3.6701 99.9601
4.0 8.0 3.6701 99.9601
4.0 8.0 3.6701 99.9601
4.0 8.0 3.6701 99.9601
4.0 8.0 3.6701 99.9601
4.0 8.0 3.6701 99.9601
4.0 8.0 3.6701 99.9601
4.0 8.0 3.6701 99.9601
4.0 8.0 3.6701 99.9601
4.0 8.0 3.6701 99.9601
4.0 8.0 3.6701 99.9601
4.0 8.0 3.6701 99.9601
5.0 2.0 57.6781 -20.9406
5.0 2.0 57.7153 -20.9406
5.0 2.0 59.0286 -20.9406
5.0 2.0 57.8164 -20.9406
5.0 2.0 56.2298 -20.9406
5.0 2.0 58.2575 -20.9406
5.0 2.0 57.4523 -20.9406
5.0 2.0 58.3399 -20.9406
5.0 2.0 57.6111 -20.9406
5.0 2.0 58.3009 -20.9406
5.0 2.0 58.0027 -20.9406
5.0 2.0 57.5433 -20.9406
5.0 2.0 57.995 -20.9406
5.0 2.0 56.9221 -20.9406
5.0 2.0 57.9242 -20.9406
5.0 2.0 57.5216 -20.9406
5.0 2.0 58.3738 -20.9406
5.0 2.0 58.3083 -20.9406
5.0 2.0 58.5174 -20.9406
5.0 2.0 58.5007 -20.9406
5.0 2.0 56.9877 -20.9406
5.0 2.0 58.2563 -20.9406
5.0 2.0 57.5364 -20.9406
5.0 2.0 57.3631 -20.9406
5.0 2.0 57.5203 -20.9406
5.0 2.0 56.113 -20.9406
5.0 2.0 56.9829 -20.9406
5.0 2.0 58.1624 -20.9406
5.0 2.0 57.8877 -20.9406
5.0 2.0 59.3536 -20.9406
5.0 2.0 58.1704 -20.9406
5.0 2.0 57.6885 -20.9406
5.0 2.0 57.9041 -20.9406
5.0 2.0 57.0152 -20.9406
5.0 2.0 58.4568 -20.9406
5.0 2.0 57.7983 -20.9406
5.0 2.0 57.5667 -20.9406
5.0 2.0 56.1057 -20.9406
5.0 2.0 57.6255 -20.9406
5.0 2.0 58.4662 -20.9406
5.0 2.0 56.1339 -20.9406
5.0 2.0 57.0057 -20.9406
5.0 2.0 57.9537 -20.9406
5.0 2.0 57.5143 -20.9406
5.0 2.0 58.5821 -20.9406
5.0 2.0 57.6859 -20.9406
5.0 2.0 57.854 -20.9406
5.0 2.0 56.1006 -20.9406
5.0 2.0 56.9234 -20.9406
5.0 2.0 58.3754 -20.9406
5.0 3.0 29.5924 -20.797
5.0 3.0 28.9798 -20.9406
5.0 3.0 29.604 -20.9406
5.0 3.0 30.7993 -20.797
5.0 3.0 29.5952 -20.797
5.0 3.0 28.3798 -20.797
5.0 3.0 29.395 -20.797
5.0 3.0 29.2636 -20.7972
5.0 3.0 29.7091 -20.797
5.0 3.0 29.7081 -20.797
5.0 3.0 28.3223 -20.9406
5.0 3.0 29.0084 -20.7974
5.0 3.0 28.825 -20.797
5.0 3.0 29.452 -20.797
5.0 3.0 29.488 -20.9406
5.0 3.0 29.4609 -20.9406
5.0 3.0 29.3355 -20.9406
5.0 3.0 29.0758 -20.9406
5.0 3.0 28.8303 -20.797
5.0 3.0 29.7322 -20.797
5.0 3.0 28.7435 -20.797
5.0 3.0 29.3407 -20.9406
5.0 3.0 28.4001 -20.797
5.0 3.0 29.1072 -20.9406
5.0 3.0 28.8324 -20.797
5.0 3.0 29.846 -20.7971
5.0 3.0 29.0873 -20.7972
5.0 3.0 28.8563 -20.9406
5.0 3.0 29.2952 -20.9406
5.0 3.0 29.3943 -20.797
5.0 3.0 29.6253 -20.9406
5.0 3.0 29.6262 -20.797
5.0 3.0 28.7455 -20.797
5.0 3.0 29.3833 -20.9406
5.0 3.0 29.8085 -20.9406
5.0 3.0 29.3471 -20.797
5.0 3.0 29.8131 -20.9406
5.0 3.0 28.7838 -21.0462
5.0 3.0 29.9726 -20.797
5.0 3.0 28.3664 -20.9406
5.0 3.0 29.4972 -20.797
5.0 3.0 29.5351 -20.9406
5.0 3.0 28.786 -20.797
5.0 3.0 28.487 -20.7972
5.0 3.0 28.7827 -20.9406
5.0 3.0 28.9562 -20.9406
5.0 3.0 29.3849 -20.797
5.0 3.0 28.7027 -20.9406
5.0 3.0 29.3597 -20.797
5.0 3.0 29.4504 -20.9406
5.0 4.0 20.1389 -20.7971
5.0 4.0 19.6692 -21.0462
5.0 4.0 20.0153 -21.0462
5.0 4.0 19.1215 -20.9406
5.0 4.0 20.1072 -20.797
5.0 4.0 19.8864 -20.797
5.0 4.0 19.0121 -20.9406
5.0 4.0 20.0852 -20.9407
5.0 4.0 19.1479 -20.9406
5.0 4.0 19.6628 -20.9406
5.0 4.0 19.6728 -20.7975
5.0 4.0 19.9098 -20.9406
5.0 4.0 19.6371 -20.9406
5.0 4.0 19.6629 -20.9406
5.0 4.0 19.1332 -20.9406
5.0 4.0 19.606 -20.9406
5.0 4.0 19.1617 -21.0462
5.0 4.0 19.7738 -20.797
5.0 4.0 20.1032 -20.9406
5.0 4.0 19.7288 -20.9406
5.0 4.0 19.8985 -20.9406
5.0 4.0 20.1179 -21.0462
5.0 4.0 18.7369 -20.9406
5.0 4.0 19.7047 -20.9406
5.0 4.0 19.6745 -21.0462
5.0 4.0 19.7242 -20.797
5.0 4.0 19.6228 -20.9406
5.0 4.0 19.5949 -20.9406
5.0 4.0 19.7468 -20.9406
5.0 4.0 19.7428 -20.9406
5.0 4.0 19.2395 -20.9406
5.0 4.0 19.555 -20.9406
5.0 4.0 19.6063 -20.797
5.0 4.0 19.0583 -21.0462
5.0 4.0 18.7779 -21.0462
5.0 4.0 19.2103 -20.7971
5.0 4.0 19.7167 -20.9406
5.0 4.0 20.0457 -20.9406
5.0 4.0 20.1157 -20.797
5.0 4.0 19.4818 -20.797
5.0 4.0 19.2409 -21.0462
5.0 4.0 19.8015 -20.9406
5.0 4.0 19.2586 -20.797
5.0 4.0 19.496 -20.9406
5.0 4.0 19.158 -20.9406
5.0 4.0 20.1935 -20.7972
5.0 4.0 19.862 -20.9406
5.0 4.0 19.3367 -20.9406
5.0 4.0 19.2408 -20.9406
5.0 4.0 19.4764 -21.0462
5.0 5.0 13.9742 -20.7971
5.0 5.0 14.5546 -20.9406
5.0 5.0 14.6418 -20.9406
5.0 5.0 13.9554 -21.0462
5.0 5.0 13.9354 -20.9406
5.0 5.0 14.174 -20.9406
5.0 5.0 14.2408 -20.9406
5.0 5.0 14.5499 -20.9406
5.0 5.0 13.9413 -21.0462
5.0 5.0 13.9301 -20.9406
5.0 5.0 14.5219 -20.9406
5.0 5.0 13.9203 -20.9406
5.0 5.0 13.9421 -20.9406
5.0 5.0 13.9404 -20.9406
5.0 5.0 15.0416 -20.9407
5.0 5.0 14.6844 -21.0462
5.0 5.0 14.5847 -20.9406
5.0 5.0 14.564 -20.9406
5.0 5.0 15.3983 -20.797
5.0 5.0 14.8656 -20.9406
5.0 5.0 14.4704 -20.9406
5.0 5.0 14.729 -20.9406
5.0 5.0 14.7004 -20.9406
5.0 5.0 14.4755 -20.9406
5.0 5.0 13.9909 -20.797
5.0 5.0 13.9298 -20.9407
5.0 5.0 13.9413 -20.9406
5.0 5.0 13.9779 -20.797
5.0 5.0 14.0232 -21.0462
5.0 5.0 14.6779 -20.9406
5.0 5.0 13.9529 -20.9406
5.0 5.0 13.9327 -20.9406
5.0 5.0 14.621 -20.9406
5.0 5.0 14.4906 -20.9406
5.0 5.0 14.5411 -20.9406
5.0 5.0 13.924 -20.9406
5.0 5.0 13.932 -20.9406
5.0 5.0 14.6921 -20.9406
5.0 5.0 14.4485 -20.9406
5.0 5.0 14.6556 -20.9406
5.0 5.0 13.9477 -20.9406
5.0 5.0 13.9352 -20.9406
5.0 5.0 14.5481 -20.9406
5.0 5.0 14.6038 -21.0462
5.0 5.0 14.7461 -20.797
5.0 5.0 14.6773 -20.9406
5.0 5.0 14.6575 -20.797
5.0 5.0 14.7111 -20.9406
5.0 5.0 15.0164 -20.9406
5.0 5.0 14.5017 -20.9406
5.0 6.0 11.1683 -20.797
5.0 6.0 11.2772 -20.9406
5.0 6.0 11.8222 -20.9406
5.0 6.0 11.1608 -20.9406
5.0 6.0 11.1452 -20.9406
5.0 6.0 11.1562 -20.9406
5.0 6.0 11.1529 -20.9406
5.0 6.0 11.1428 -20.9406
5.0 6.0 11.7737 -20.9406
5.0 6.0 11.7675 -20.9406
5.0 6.0 11.1451 -20.9406
5.0 6.0 11.1501 -20.9406
5.0 6.0 11.3019 -21.0462
5.0 6.0 11.1603 -21.0462
5.0 6.0 11.8068 -20.797
5.0 6.0 11.1472 -20.9406
5.0 6.0 14.9375 -20.797
5.0 6.0 15.0412 -20.797
5.0 6.0 13.7563 -20.7971
5.0 6.0 11.6221 -20.9406
5.0 6.0 11.9068 -20.7974
5.0 6.0 11.3899 -20.9406
5.0 6.0 11.7187 -20.9406
5.0 6.0 11.844 -20.9406
5.0 6.0 11.8786 -20.9406
5.0 6.0 12.1383 -20.797
5.0 6.0 11.6904 -20.9406
5.0 6.0 11.6306 -20.9406
5.0 6.0 11.1567 -20.9406
5.0 6.0 11.7667 -20.9406
5.0 6.0 11.1508 -20.9406
5.0 6.0 11.7846 -20.9406
5.0 6.0 11.8292 -21.0462
5.0 6.0 11.1528 -21.0462
5.0 6.0 11.1465 -20.9406
5.0 6.0 11.1624 -21.0462
5.0 6.0 11.1508 -20.9406
5.0 6.0 11.4029 -21.0462
5.0 6.0 11.1616 -20.9406
5.0 6.0 11.1847 -20.797
5.0 6.0 11.1503 -20.9406
5.0 6.0 11.1598 -20.9406
5.0 6.0 11.3184 -20.7971
5.0 6.0 11.1644 -20.9406
5.0 6.0 11.6811 -20.9406
5.0 6.0 11.8195 -20.797
5.0 6.0 11.1479 -20.9406
5.0 6.0 11.1743 -21.0462
5.0 6.0 11.7828 -20.7974
5.0 6.0 11.803 -20.797
5.0 7.0 9.29589 -20.9406
5.0 7.0 9.29894 -20.9406
5.0 7.0 9.29617 -20.9406
5.0 7.0 9.78926 -20.9406
5.0 7.0 9.82616 -20.9406
5.0 7.0 9.74441 -21.0462
5.0 7.0 9.28996 -20.9406
5.0 7.0 9.43777 -20.797
5.0 7.0 9.70079 -20.9406
5.0 7.0 9.29563 -20.9406
5.0 7.0 9.2999 -21.0462
5.0 7.0 9.29108 -20.9406
5.0 7.0 9.29355 -20.9406
5.0 7.0 9.70816 -20.9406
5.0 7.0 9.75578 -20.9406
5.0 7.0 9.85114 -20.7971
5.0 7.0 9.73168 -20.9406
5.0 7.0 9.84413 -20.9406
5.0 7.0 9.69515 -20.9406
5.0 7.0 9.91153 -20.7971
5.0 7.0 9.84988 -20.9406
5.0 7.0 10.0917 -21.0462
5.0 7.0 9.85794 -20.9406
5.0 7.0 9.83409 -20.9406
5.0 7.0 9.29483 -20.9406
5.0 7.0 9.90847 -20.797
5.0 7.0 9.54417 -20.9406
5.0 7.0 9.88451 -20.7973
5.0 7.0 9.99651 -20.7975
5.0 7.0 9.79728 -20.9406
5.0 7.0 9.30265 -20.9406
5.0 7.0 9.32735 -20.9406
5.0 7.0 9.29647 -20.9406
5.0 7.0 9.51819 -20.7982
5.0 7.0 9.8575 -20.9406
5.0 7.0 9.32483 -20.797
5.0 7.0 9.4451 -20.797
5.0 7.0 9.30456 -20.9406
5.0 7.0 9.3234 -20.9406
5.0 7.0 9.74896 -20.9406
5.0 7.0 9.87835 -20.9406
5.0 7.0 9.29821 -20.9406
5.0 7.0 9.76043 -20.9406
5.0 7.0 9.87732 -20.797
5.0 7.0 9.89371 -20.797
5.0 7.0 9.89158 -20.797
5.0 7.0 9.74007 -21.0462
5.0 7.0 10.3413 -20.9406
5.0 7.0 9.53966 -20.9406
5.0 7.0 9.83119 -20.9406
5.0 7.0 9.83119 -20.9406
5.0 7.0 9.83119 -20.9406
5.0 7.0 9.83119 -20.9406
5.0 7.0 9.83119 -20.9406
5.0 7.0 9.83119 -20.9406
5.0 7.0 9.83119 -20.9406
5.0 7.0 9.83119 -20.9406
5.0 7.0 9.83119 -20.9406
5.0 7.0 9.83119 -20.9406
5.0 7.0 9.83119 -20.9406
5.0 7.0 9.83119 -20.9406
5.0 7.0 9.83119 -20.9406
5.0 7.0 9.83119 -20.9406
5.0 7.0 9.83119 -20.9406
5.0 7.0 9.83119 -20.9406
5.0 7.0 9.83119 -20.9406
5.0 7.0 9.83119 -20.9406
5.0 7.0 9.83119 -20.9406
5.0 7.0 9.83119 -20.9406
5.0 7.0 9.83119 -20.9406
5.0 7.0 9.83119 -20.9406
5.0 7.0 9.83119 -20.9406
5.0 7.0 9.83119 -20.9406
5.0 7.0 9.83119 -20.9406
5.0 7.0 9.83119 -20.9406
5.0 7.0 9.83119 -20.9406
5.0 7.0 9.83119 -20.9406
5.0 7.0 9.83119 -20.9406
5.0 7.0 9.83119 -20.9406
5.0 7.0 9.83119 -20.9406
5.0 7.0 9.83119 -20.9406
5.0 7.0 9.83119 -20.9406
5.0 7.0 9.83119 -20.9406
5.0 7.0 9.83119 -20.9406
5.0 7.0 9.83119 -20.9406
5.0 7.0 9.83119 -20.9406
5.0 7.0 9.83119 -20.9406
5.0 7.0 9.83119 -20.9406
5.0 7.0 9.83119 -20.9406
5.0 7.0 9.83119 -20.9406
5.0 7.0 9.83119 -20.9406
5.0 7.0 9.83119 -20.9406
5.0 7.0 9.83119 -20.9406
5.0 7.0 9.83119 -20.9406
5.0 7.0 9.83119 -20.9406
5.0 7.0 9.83119 -20.9406
5.0 7.0 9.83119 -20.9406
5.0 7.0 9.83119 -20.9406
5.0 7.0 9.83119 -20.9406
5.0 7.0 9.83119 -20.9406
