0.0 2.0 0.522751 -0.00822745
0.0 2.0 0.788866 -0.00822745
0.0 2.0 0.33664 -0.00822745
0.0 2.0 0.495492 -0.00822745
0.0 2.0 0.795725 -0.00822745
0.0 2.0 0.333418 -0.00822745
0.0 2.0 0.913465 -0.00822745
0.0 2.0 1.51938 -0.00822745
0.0 2.0 0.749227 -0.00822745
0.0 2.0 0.342739 -0.00822745
0.0 2.0 0.504509 -0.00822745
0.0 2.0 0.361126 -0.00822745
0.0 2.0 0.508368 -0.00822745
0.0 2.0 0.353242 -0.00822745
0.0 2.0 0.842067 -0.00822745
0.0 2.0 0.355455 -0.00822745
0.0 2.0 0.495143 -0.00822745
0.0 2.0 0.373302 -0.00822745
0.0 2.0 0.340771 -0.00822745
0.0 2.0 0.330954 -0.00822745
0.0 2.0 0.482768 -0.00822745
0.0 2.0 0.52457 -0.00822745
0.0 2.0 0.497996 -0.00822745
0.0 2.0 1.16161 -0.00822745
0.0 2.0 1.52638 -0.00822745
0.0 2.0 0.795071 -0.00822745
0.0 2.0 0.336157 -0.00822745
0.0 2.0 0.520905 -0.00822745
0.0 2.0 0.853841 -0.00822745
0.0 2.0 0.340609 -0.00822745
0.0 2.0 0.547756 -0.00822745
0.0 2.0 0.326837 -0.00822745
0.0 2.0 0.508993 -0.00822745
0.0 2.0 0.343185 -0.00822745
0.0 2.0 1.11448 -0.00822745
0.0 2.0 0.50953 -0.00822745
0.0 2.0 0.383605 -0.00822745
0.0 2.0 0.829138 -0.00822745
0.0 2.0 0.326658 -0.00822745
0.0 2.0 0.492965 -0.00822745
0.0 2.0 0.522376 -0.00822745
0.0 2.0 0.333501 -0.00822745
0.0 2.0 0.785009 -0.00822745
0.0 2.0 0.956652 -0.00822745
0.0 2.0 0.510305 -0.00822745
0.0 2.0 0.498916 -0.00822745
0.0 2.0 0.502041 -0.00822745
0.0 2.0 0.833703 -0.00822745
0.0 2.0 0.492364 -0.00822745
0.0 2.0 0.335821 -0.00822745
0.0 3.0 0.198032 -0.00144933
0.0 3.0 0.555069 -0.033093
0.0 3.0 0.195954 -0.115168
0.0 3.0 0.80448 -0.0163873
0.0 3.0 0.551595 -0.0113515
0.0 3.0 0.518709 -1.46375e-06
0.0 3.0 0.335964 -0.000214096
0.0 3.0 0.483267 -4.49428e-07
0.0 3.0 0.54763 -0.0750889
0.0 3.0 0.437692 -0.0333196
0.0 3.0 0.450456 -0.0818743
0.0 3.0 0.197701 -0.000449156
0.0 3.0 0.339785 -0.00212216
0.0 3.0 0.18559 -0.0109334
0.0 3.0 0.752401 -2.4314e-05
0.0 3.0 0.524441 -0.0241261
0.0 3.0 0.576611 -0.000176408
0.0 3.0 0.194295 -6.18565e-07
0.0 3.0 0.329665 -0.0263269
0.0 3.0 0.537806 -0.0104507
0.0 3.0 0.328642 -0.00934354
0.0 3.0 0.195103 -0.000121724
0.0 3.0 0.456745 -0.148315
0.0 3.0 0.562361 -0.0117179
0.0 3.0 0.198786 -0.0190204
0.0 3.0 0.354608 -0.0499435
0.0 3.0 0.765175 -0.00297509
0.0 3.0 0.968982 -0.0261225
0.0 3.0 0.497047 -0.128719
0.0 3.0 0.468558 -0.0445631
0.0 3.0 0.22091 -0.123059
0.0 3.0 0.371742 -0.222519
0.0 3.0 0.435237 -0.00439573
0.0 3.0 0.505911 -0.161556
0.0 3.0 0.430281 -0.033093
0.0 3.0 0.194495 -0.000693619
0.0 3.0 0.547215 -0.000192966
0.0 3.0 0.212865 -0.0263168
0.0 3.0 0.336366 -0.124978
0.0 3.0 0.499331 -0.00807452
0.0 3.0 0.296466 -0.122815
0.0 3.0 0.362975 -0.00124911
0.0 3.0 0.559252 -0.111811
0.0 3.0 0.339111 -0.1034
0.0 3.0 0.782766 -0.02014
0.0 3.0 0.324206 -0.000861461
0.0 3.0 0.316597 -0.0244517
0.0 3.0 0.347449 -0.00303394
0.0 3.0 0.537109 -0.0254817
0.0 3.0 0.543604 -0.14594
0.0 4.0 0.186817 -0.00975644
0.0 4.0 0.307886 -0.099958
0.0 4.0 0.558287 -0.181565
0.0 4.0 0.289682 -0.0105686
0.0 4.0 0.367006 -0.0992637
0.0 4.0 0.66594 -0.000486917
0.0 4.0 0.386773 -0.00144253
0.0 4.0 0.527883 -0.00803589
0.0 4.0 0.855273 -0.032052
0.0 4.0 0.28942 -0.0299066
0.0 4.0 0.780043 -0.0110023
0.0 4.0 0.186442 -0.000430071
0.0 4.0 0.30674 -0.0105898
0.0 4.0 0.673864 -0.00125757
0.0 4.0 0.321557 -1.2571e-05
0.0 4.0 0.531557 -0.0185994
0.0 4.0 0.515486 -0.0421933
0.0 4.0 0.38493 -0.162174
0.0 4.0 0.328495 -0.0460032
0.0 4.0 0.680488 -0.0210951
0.0 4.0 0.601861 -0.0804562
0.0 4.0 0.317154 -0.00938822
0.0 4.0 0.515341 -0.027324
0.0 4.0 0.430062 -0.0251261
0.0 4.0 0.315 -0.137052
0.0 4.0 0.44326 -0.0425594
0.0 4.0 0.480929 -0.0129242
0.0 4.0 0.37515 -0.00915936
0.0 4.0 0.181604 -0.284236
0.0 4.0 0.31389 -0.0010844
0.0 4.0 0.434609 -0.0692998
0.0 4.0 0.488116 -0.00248235
0.0 4.0 0.487076 -2.73455e-06
0.0 4.0 0.543638 -0.0776823
0.0 4.0 0.388306 -0.20671
0.0 4.0 0.289885 -0.0768977
0.0 4.0 0.306379 -0.170831
0.0 4.0 0.377162 -0.0304259
0.0 4.0 0.428612 -0.133398
0.0 4.0 0.490046 -0.00477623
0.0 4.0 0.367982 -0.309971
0.0 4.0 0.301173 -5.4669e-06
0.0 4.0 0.317528 -0.00819155
0.0 4.0 0.346926 -0.0547991
0.0 4.0 0.187743 -0.00116925
0.0 4.0 0.605735 -0.0240196
0.0 4.0 0.836472 -6.9206e-06
0.0 4.0 0.39729 -0.0399786
0.0 4.0 0.430761 -0.000729666
0.0 4.0 0.526072 -0.312621
0.0 5.0 0.270095 -0.00832688
0.0 5.0 0.311611 -2.23406e-05
0.0 5.0 0.298129 -7.44708e-05
0.0 5.0 0.271249 -0.0365537
0.0 5.0 0.2788 -0.0153004
0.0 5.0 0.306722 -0.00740689
0.0 5.0 0.300575 -1.57174e-05
0.0 5.0 0.285191 -0.0441369
0.0 5.0 0.279755 -9.8439e-07
0.0 5.0 0.309462 -0.355396
0.0 5.0 0.285347 -0.00231569
0.0 5.0 0.266978 -0.129559
0.0 5.0 0.275368 -0.29311
0.0 5.0 0.311501 -0.00149419
0.0 5.0 0.292495 -8.86183e-07
0.0 5.0 0.305732 -0.0048266
0.0 5.0 0.308715 -0.0413016
0.0 5.0 0.310526 -0.0483185
0.0 5.0 0.276381 -0.0577677
0.0 5.0 0.308969 -0.00891521
0.0 5.0 0.286322 -0.0119388
0.0 5.0 0.274735 -0.00930179
0.0 5.0 0.278332 -0.0454966
0.0 5.0 0.282935 -0.205288
0.0 5.0 0.282106 -0.031273
0.0 5.0 0.298204 -4.0144e-05
0.0 5.0 0.270484 -0.0322885
0.0 5.0 0.282351 -0.0536144
0.0 5.0 0.30735 -0.076051
0.0 5.0 0.289303 -0.00793463
0.0 5.0 0.31822 -0.0142766
0.0 5.0 0.304166 -0.0755225
0.0 5.0 0.308511 -0.00740495
0.0 5.0 0.315081 -0.0196307
0.0 5.0 0.281597 -5.94278e-06
0.0 5.0 0.275182 -0.00308817
0.0 5.0 0.27565 -0.00845373
0.0 5.0 0.309575 -0.0572414
0.0 5.0 0.306664 -0.0571018
0.0 5.0 0.309385 -0.239252
0.0 5.0 0.28273 -0.01181
0.0 5.0 0.304149 -0.00433565
0.0 5.0 0.308079 -0.0255293
0.0 5.0 0.277284 -0.0339813
0.0 5.0 0.280508 -0.0110296
0.0 5.0 0.271866 -0.02531
0.0 5.0 0.308322 -0.140026
0.0 5.0 0.280611 -0.000110195
0.0 5.0 0.270785 -0.000822044
0.0 5.0 0.303089 -0.00743721
0.0 6.0 0.281074 -0.000188353
0.0 6.0 0.306774 -0.0387554
0.0 6.0 0.285824 -0.109479
0.0 6.0 0.291685 -0.00996544
0.0 6.0 0.282129 -0.149506
0.0 6.0 0.281596 -0.638357
0.0 6.0 0.288466 -0.00989992
0.0 6.0 0.290755 -0.0114006
0.0 6.0 0.286 -0.0311802
0.0 6.0 0.292974 -0.00775894
0.0 6.0 0.285292 -8.49545e-05
0.0 6.0 0.281201 -0.195619
0.0 6.0 0.31114 -0.229593
0.0 6.0 0.286585 -0.0933327
0.0 6.0 0.285063 -0.0153263
0.0 6.0 0.29075 -0.00463641
0.0 6.0 0.307944 -0.00741002
0.0 6.0 0.290696 -0.0327098
0.0 6.0 0.279893 -7.69755e-06
0.0 6.0 0.297409 -0.238392
0.0 6.0 0.297176 -0.0898592
0.0 6.0 0.304276 -0.0213872
0.0 6.0 0.296384 -4.1022e-06
0.0 6.0 0.292575 -4.89808e-12
0.0 6.0 0.287775 -0.00741288
0.0 6.0 0.280831 -0.32838
0.0 6.0 0.279894 -0.157366
0.0 6.0 0.308252 -0.051254
0.0 6.0 0.301592 -3.57726e-06
0.0 6.0 0.303738 -0.0100605
0.0 6.0 0.28046 -0.0154238
0.0 6.0 0.284094 -0.000386306
0.0 6.0 0.307643 -3.90595e-05
0.0 6.0 0.282438 -0.00739746
0.0 6.0 0.302781 -0.027782
0.0 6.0 0.312866 -0.0887637
0.0 6.0 0.310497 -0.0275634
0.0 6.0 0.290154 -0.0900681
0.0 6.0 0.286629 -0.0144903
0.0 6.0 0.285712 -0.18847
0.0 6.0 0.29104 -0.147047
0.0 6.0 0.400636 -4.30694e-10
0.0 6.0 0.288572 -0.198805
0.0 6.0 0.285147 -0.0341606
0.0 6.0 0.293573 -0.00744162
0.0 6.0 0.297181 -5.12823e-05
0.0 6.0 0.28326 -0.189028
0.0 6.0 0.301545 -0.0618421
0.0 6.0 0.291493 -0.030892
0.0 6.0 0.296333 -0.00232147
0.0 7.0 0.296469 -0.000629768
0.0 7.0 0.310694 -0.00279169
0.0 7.0 0.339078 -0.0208675
0.0 7.0 0.305645 -0.142146
0.0 7.0 0.286278 -0.0217819
0.0 7.0 0.300531 -7.1212e-05
0.0 7.0 0.294361 -0.0203813
0.0 7.0 0.290227 -0.000114606
0.0 7.0 0.285592 -0.246628
0.0 7.0 0.288392 -4.3177e-05
0.0 7.0 0.290075 -0.0728003
0.0 7.0 0.296624 -0.0371055
0.0 7.0 0.284538 -0.0278351
0.0 7.0 0.289674 -0.118537
0.0 7.0 0.305511 -0.135042
0.0 7.0 0.302176 -0.0498752
0.0 7.0 0.305822 -0.0115288
0.0 7.0 0.295461 -0.00741942
0.0 7.0 0.304946 -0.0606461
0.0 7.0 0.29165 -0.120679
0.0 7.0 0.307621 -0.0414038
0.0 7.0 0.289621 -0.00484531
0.0 7.0 0.303096 -0.0121005
0.0 7.0 0.305651 -0.426119
0.0 7.0 0.295929 -0.000363037
0.0 7.0 0.306197 -0.164803
0.0 7.0 0.304964 -0.00946348
0.0 7.0 0.291686 -0.00847256
0.0 7.0 0.300036 -1.62181e-05
0.0 7.0 0.309128 -0.0364959
0.0 7.0 0.313651 -0.189769
0.0 7.0 0.304341 -0.0273421
0.0 7.0 0.304684 -0.00122258
0.0 7.0 0.288186 -0.118587
0.0 7.0 0.285307 -0.185778
0.0 7.0 0.293053 -4.29147e-06
0.0 7.0 0.28397 -0.00821594
0.0 7.0 0.307288 -0.0441692
0.0 7.0 0.301321 -0.0710653
0.0 7.0 0.30477 -0.00888447
0.0 7.0 0.298109 -0.0272182
0.0 7.0 0.309584 -7.54955e-05
0.0 7.0 0.298192 -2.00017e-06
0.0 7.0 0.282189 -0.0393656
0.0 7.0 0.288389 -0.0107673
0.0 7.0 0.305708 -0.0597348
0.0 7.0 0.288814 -0.102099
0.0 7.0 0.296334 -0.00760279
0.0 7.0 0.28682 -0.0014001
0.0 7.0 0.287055 -0.000834505
0.0 8.0 0.327341 -0.00642334
0.0 8.0 0.374723 -1.18571e-07
0.0 8.0 0.700664 -0.138889
0.0 8.0 0.720655 -0.0003013
0.0 8.0 0.305628 -0.0240487
0.0 8.0 0.355193 -0.00758997
0.0 8.0 0.312297 -0.0139015
0.0 8.0 0.699048 -7.23689e-07
0.0 8.0 0.291857 -0.00742852
0.0 8.0 0.429311 -0.0788019
0.0 8.0 0.636441 -6.45521e-05
0.0 8.0 0.359937 -8.74705e-05
0.0 8.0 0.311583 -0.00867627
0.0 8.0 0.360836 -0.0511696
0.0 8.0 0.303353 -0.00466918
0.0 8.0 0.298016 -0.0167857
0.0 8.0 0.293581 -0.0820291
0.0 8.0 0.382761 -2.38348e-06
0.0 8.0 0.37983 -4.49322e-09
0.0 8.0 0.316721 -0.0118017
0.0 8.0 0.331643 -0.12583
0.0 8.0 0.29361 -0.0542179
0.0 8.0 0.340192 -0.00804887
0.0 8.0 0.295302 -0.0123642
0.0 8.0 0.383409 -0.0668001
0.0 8.0 0.2949 -0.166404
0.0 8.0 0.304413 -0.0725387
0.0 8.0 0.327467 -0.00759961
0.0 8.0 0.330674 -0.000832792
0.0 8.0 0.327863 -0.0165223
0.0 8.0 0.361334 -0.00821281
0.0 8.0 0.291645 -0.0113431
0.0 8.0 0.289601 -0.0322805
0.0 8.0 0.315374 -0.000394711
0.0 8.0 0.294436 -0.256445
0.0 8.0 0.317843 -1.72042e-08
0.0 8.0 0.302696 -0.000280735
0.0 8.0 0.306465 -0.0414158
0.0 8.0 0.371159 -0.0965506
0.0 8.0 0.304981 -0.00206575
0.0 8.0 0.33768 -0.0846271
0.0 8.0 0.328362 -0.00811206
0.0 8.0 0.336865 -0.154126
0.0 8.0 0.291098 -0.0317955
0.0 8.0 0.300633 -0.00111052
0.0 8.0 0.324531 -0.00867043
0.0 8.0 0.306301 -0.0802316
0.0 8.0 0.376045 -0.137141
0.0 8.0 0.336118 -0.619968
0.0 8.0 0.313344 -0.296029
1.0 2.0 0.511063 2.24863
1.0 2.0 0.380047 2.24863
1.0 2.0 0.560602 2.24863
1.0 2.0 0.547795 2.24863
1.0 2.0 0.354274 2.24863
1.0 2.0 1.34205 2.24863
1.0 2.0 1.1742 2.24863
1.0 2.0 0.94048 2.24863
1.0 2.0 0.564856 2.24863
1.0 2.0 0.531792 2.24863
1.0 2.0 0.52289 2.24863
1.0 2.0 0.827575 2.24863
1.0 2.0 0.533153 2.24863
1.0 2.0 0.515798 2.24863
1.0 2.0 0.350813 2.24863
1.0 2.0 0.561502 2.24863
1.0 2.0 0.900175 2.24863
1.0 2.0 0.531861 2.24863
1.0 2.0 0.351934 2.24863
1.0 2.0 0.571589 2.24863
1.0 2.0 0.507047 2.24863
1.0 2.0 0.836533 2.24863
1.0 2.0 0.792018 2.24863
1.0 2.0 0.523824 2.24863
1.0 2.0 1.30112 2.24863
1.0 2.0 0.552038 2.24863
1.0 2.0 0.573125 2.24863
1.0 2.0 0.350675 2.24863
1.0 2.0 0.391616 2.24863
1.0 2.0 0.870755 2.24863
1.0 2.0 1.31104 2.24863
1.0 2.0 1.22432 2.24863
1.0 2.0 0.565295 2.24863
1.0 2.0 0.368659 2.24863
1.0 2.0 0.370509 2.24863
1.0 2.0 0.542112 2.24863
1.0 2.0 1.17788 2.24863
1.0 2.0 0.524028 2.24863
1.0 2.0 0.559057 2.24863
1.0 2.0 0.357722 2.24863
1.0 2.0 0.368039 2.24863
1.0 2.0 1.20394 2.24863
1.0 2.0 0.393803 2.24863
1.0 2.0 0.390713 2.24863
1.0 2.0 0.816207 2.24863
1.0 2.0 0.521478 2.24863
1.0 2.0 0.383086 2.24863
1.0 2.0 1.19621 2.24863
1.0 2.0 0.524318 2.24863
1.0 2.0 0.567406 2.24863
1.0 3.0 0.41854 2.66515
1.0 3.0 0.98658 2.70507
1.0 3.0 0.746113 2.50991
1.0 3.0 0.194088 2.71828
1.0 3.0 0.550796 2.58408
1.0 3.0 0.18848 2.7182
1.0 3.0 0.37287 2.70823
1.0 3.0 0.855687 2.28713
1.0 3.0 0.356819 2.6874
1.0 3.0 0.599117 2.60376
1.0 3.0 0.241783 1.12057
1.0 3.0 1.00156 2.69321
1.0 3.0 0.517825 2.53718
1.0 3.0 0.543485 2.71799
1.0 3.0 0.570447 2.39933
1.0 3.0 0.227051 2.41147
1.0 3.0 0.397801 2.59075
1.0 3.0 0.35118 2.32667
1.0 3.0 0.208369 2.69825
1.0 3.0 0.442843 2.62586
1.0 3.0 0.413846 2.67175
1.0 3.0 0.597165 1.75631
1.0 3.0 0.205533 2.70911
1.0 3.0 0.319173 2.71797
1.0 3.0 0.396621 2.23449
1.0 3.0 0.873154 0.144613
1.0 3.0 0.561484 2.70272
1.0 3.0 0.33478 2.71598
1.0 3.0 0.444791 2.71046
1.0 3.0 0.539229 2.6984
1.0 3.0 0.595892 2.71231
1.0 3.0 0.351489 2.69869
1.0 3.0 0.536522 2.31296
1.0 3.0 0.408093 2.31565
1.0 3.0 0.564934 2.41756
1.0 3.0 0.206971 2.66468
1.0 3.0 0.450165 2.71731
1.0 3.0 0.376084 2.68865
1.0 3.0 0.456925 2.18883
1.0 3.0 0.347816 2.71664
1.0 3.0 0.228327 2.58145
1.0 3.0 0.377181 2.70081
1.0 3.0 0.356109 2.67236
1.0 3.0 0.197353 2.71827
1.0 3.0 0.517674 2.70184
1.0 3.0 0.378362 1.94959
1.0 3.0 0.677374 2.14231
1.0 3.0 0.548887 2.70605
1.0 3.0 0.543324 2.48869
1.0 3.0 0.754893 1.22448
1.0 4.0 0.327928 -0.544133
1.0 4.0 0.818778 2.61369
1.0 4.0 0.44808 2.68576
1.0 4.0 0.381309 2.63285
1.0 4.0 0.393491 2.65604
1.0 4.0 0.203548 1.29079
1.0 4.0 0.305436 1.70538
1.0 4.0 0.503271 2.70911
1.0 4.0 0.377892 1.80533
1.0 4.0 0.315543 2.71822
1.0 4.0 0.34837 2.5956
1.0 4.0 0.191535 2.3676
1.0 4.0 0.506528 2.24409
1.0 4.0 0.646282 2.71594
1.0 4.0 0.194022 2.64024
1.0 4.0 0.289038 2.66331
1.0 4.0 0.341875 2.67297
1.0 4.0 0.301818 -0.0115036
1.0 4.0 0.515026 1.73612
1.0 4.0 0.700748 1.26977
1.0 4.0 0.43583 1.27209
1.0 4.0 0.338797 2.70583
1.0 4.0 0.167143 2.7149
1.0 4.0 0.31673 2.64527
1.0 4.0 0.301764 2.54342
1.0 4.0 0.5298 1.07828
1.0 4.0 0.18776 2.69337
1.0 4.0 0.293425 2.62757
1.0 4.0 0.398415 2.18973
1.0 4.0 0.25828 2.71828
1.0 4.0 0.304706 2.70573
1.0 4.0 0.291475 2.71164
1.0 4.0 0.37286 2.71828
1.0 4.0 0.348365 2.19991
1.0 4.0 0.313058 0.153957
1.0 4.0 0.583654 2.2203
1.0 4.0 0.18264 2.66677
1.0 4.0 0.283369 2.71828
1.0 4.0 0.437543 1.98619
1.0 4.0 0.846094 2.71777
1.0 4.0 0.361396 -0.304178
1.0 4.0 0.499046 2.53541
1.0 4.0 0.283011 2.23201
1.0 4.0 0.18159 2.18887
1.0 4.0 0.289113 2.39498
1.0 4.0 0.189728 2.66245
1.0 4.0 0.573416 2.65434
1.0 4.0 0.292423 2.61912
1.0 4.0 0.288921 2.70493
1.0 4.0 0.367393 -0.176612
1.0 5.0 0.286186 2.48584
1.0 5.0 0.314119 2.22282
1.0 5.0 0.283976 2.14558
1.0 5.0 0.31114 2.71811
1.0 5.0 0.3124 2.05735
1.0 5.0 0.318857 2.67497
1.0 5.0 0.318702 1.93649
1.0 5.0 0.284742 2.70009
1.0 5.0 0.317922 2.43093
1.0 5.0 0.293272 2.7169
1.0 5.0 0.312351 2.71799
1.0 5.0 0.314177 1.07994
1.0 5.0 0.280956 2.70422
1.0 5.0 0.266907 2.71434
1.0 5.0 0.312635 1.77332
1.0 5.0 0.312007 2.71772
1.0 5.0 0.304593 2.69235
1.0 5.0 0.280434 2.71639
1.0 5.0 0.288778 2.71669
1.0 5.0 0.297671 2.69762
1.0 5.0 0.311672 2.70525
1.0 5.0 0.31178 1.69316
1.0 5.0 0.280995 1.98827
1.0 5.0 0.2807 1.80027
1.0 5.0 0.317809 2.43225
1.0 5.0 0.277605 2.67011
1.0 5.0 0.272637 2.71065
1.0 5.0 0.284917 2.34797
1.0 5.0 0.310891 2.71735
1.0 5.0 0.292677 2.71803
1.0 5.0 0.28721 0.376858
1.0 5.0 0.316389 2.67489
1.0 5.0 0.305403 2.70316
1.0 5.0 0.30758 2.71816
1.0 5.0 0.314828 2.7133
1.0 5.0 0.318941 2.60737
1.0 5.0 0.281339 2.7182
1.0 5.0 0.287614 2.71828
1.0 5.0 0.289041 2.45754
1.0 5.0 0.29588 2.69939
1.0 5.0 0.313486 2.66462
1.0 5.0 0.28001 -0.281782
1.0 5.0 0.319713 2.67843
1.0 5.0 0.318718 2.5697
1.0 5.0 0.281294 2.68731
1.0 5.0 0.284752 2.71597
1.0 5.0 0.283371 2.66875
1.0 5.0 0.280193 2.67329
1.0 5.0 0.307945 2.71539
1.0 5.0 0.2689 1.39432
1.0 6.0 0.308998 -0.493214
1.0 6.0 0.309913 2.66904
1.0 6.0 0.289481 0.918609
1.0 6.0 0.294484 2.71818
1.0 6.0 0.28344 2.71011
1.0 6.0 0.296479 2.66666
1.0 6.0 0.293052 2.71778
1.0 6.0 0.284755 2.08733
1.0 6.0 0.316217 2.67422
1.0 6.0 0.279803 2.71828
1.0 6.0 0.291289 2.6607
1.0 6.0 0.285075 2.71321
1.0 6.0 0.310761 2.71791
1.0 6.0 0.293323 2.38877
1.0 6.0 0.301817 2.62812
1.0 6.0 0.290352 1.24658
1.0 6.0 0.299412 2.68107
1.0 6.0 0.287579 2.71825
1.0 6.0 0.319418 2.55247
1.0 6.0 0.309294 2.38089
1.0 6.0 0.286874 2.05663
1.0 6.0 0.293946 2.63472
1.0 6.0 0.296956 0.560808
1.0 6.0 0.286121 1.89515
1.0 6.0 0.294978 1.62683
1.0 6.0 0.714553 2.32062
1.0 6.0 0.288173 2.71433
1.0 6.0 0.730034 2.67178
1.0 6.0 0.282224 2.69534
1.0 6.0 0.286407 2.71802
1.0 6.0 0.290922 2.26304
1.0 6.0 0.294125 1.87521
1.0 6.0 0.32073 2.12608
1.0 6.0 0.493461 2.61698
1.0 6.0 0.289899 2.71598
1.0 6.0 0.288136 2.70984
1.0 6.0 0.281504 0.720299
1.0 6.0 0.289998 2.71116
1.0 6.0 0.279731 2.7024
1.0 6.0 0.283836 2.52799
1.0 6.0 0.288134 2.23358
1.0 6.0 0.282346 1.86793
1.0 6.0 0.292826 2.70633
1.0 6.0 0.729134 2.14636
1.0 6.0 0.2922 2.7096
1.0 6.0 0.292622 2.19353
1.0 6.0 0.281419 2.11119
1.0 6.0 0.312299 2.21418
1.0 6.0 0.297832 2.71823
1.0 6.0 0.290747 2.71783
1.0 7.0 0.314991 2.40074
1.0 7.0 0.294962 2.7117
1.0 7.0 0.322141 2.66854
1.0 7.0 0.305023 2.00405
1.0 7.0 0.30811 2.49261
1.0 7.0 0.296686 2.71224
1.0 7.0 0.312397 2.5378
1.0 7.0 0.312843 -0.287369
1.0 7.0 0.281914 2.69152
1.0 7.0 0.291776 2.07429
1.0 7.0 0.314561 2.70612
1.0 7.0 0.299606 2.60203
1.0 7.0 0.325609 2.40553
1.0 7.0 0.31512 -0.229849
1.0 7.0 0.30788 1.96544
1.0 7.0 0.308037 2.70201
1.0 7.0 0.307237 2.71785
1.0 7.0 0.310347 0.688592
1.0 7.0 0.318294 2.61418
1.0 7.0 0.282556 2.71256
1.0 7.0 0.293861 2.71827
1.0 7.0 0.30954 1.42559
1.0 7.0 0.302348 2.57907
1.0 7.0 0.29534 2.71803
1.0 7.0 0.297427 2.71113
1.0 7.0 0.310715 2.10733
1.0 7.0 0.312741 1.49439
1.0 7.0 0.313656 2.69365
1.0 7.0 0.289708 2.44661
1.0 7.0 0.283992 2.71824
1.0 7.0 0.29985 2.672
1.0 7.0 0.304523 2.46851
1.0 7.0 0.29896 1.75427
1.0 7.0 0.319769 1.12662
1.0 7.0 0.307576 2.64953
1.0 7.0 0.303635 2.515
1.0 7.0 0.30886 1.65987
1.0 7.0 0.310166 1.57064
1.0 7.0 0.325302 1.71935
1.0 7.0 0.313533 2.53184
1.0 7.0 0.290607 2.71251
1.0 7.0 0.300711 1.41661
1.0 7.0 0.320085 2.71749
1.0 7.0 0.304386 2.68375
1.0 7.0 0.28425 2.71819
1.0 7.0 0.285349 2.71156
1.0 7.0 0.309573 1.4127
1.0 7.0 0.322728 2.64407
1.0 7.0 0.290929 2.71818
1.0 7.0 0.306769 2.48632
1.0 8.0 0.375061 2.70119
1.0 8.0 0.311463 2.71796
1.0 8.0 0.33068 2.60364
1.0 8.0 0.299951 2.69456
1.0 8.0 0.324765 1.91418
1.0 8.0 0.312627 2.71825
1.0 8.0 0.330158 2.71813
1.0 8.0 0.379552 2.69872
1.0 8.0 0.322071 2.68462
1.0 8.0 0.385803 2.60833
1.0 8.0 0.367429 2.718
1.0 8.0 0.3324 2.69608
1.0 8.0 0.330914 2.69035
1.0 8.0 0.315968 2.49805
1.0 8.0 0.36844 2.10068
1.0 8.0 0.312368 2.6488
1.0 8.0 0.304156 2.70199
1.0 8.0 0.348785 2.66431
1.0 8.0 0.362211 2.43382
1.0 8.0 0.353354 -0.329461
1.0 8.0 0.306102 1.62812
1.0 8.0 0.298027 2.71803
1.0 8.0 0.373708 2.05111
1.0 8.0 0.379417 2.70721
1.0 8.0 0.359481 2.62831
1.0 8.0 0.291581 2.71826
1.0 8.0 0.376311 2.48086
1.0 8.0 0.326228 2.71828
1.0 8.0 0.330967 2.02056
1.0 8.0 0.381265 2.2123
1.0 8.0 0.366894 2.12508
1.0 8.0 0.313982 0.635913
1.0 8.0 0.365655 1.27171
1.0 8.0 0.356359 2.29436
1.0 8.0 0.364192 2.43527
1.0 8.0 0.35699 2.21143
1.0 8.0 0.33971 2.71828
1.0 8.0 0.327383 2.71796
1.0 8.0 0.365171 0.818419
1.0 8.0 0.336941 2.70847
1.0 8.0 0.370835 2.70654
1.0 8.0 0.392477 2.71823
1.0 8.0 0.322054 2.71307
1.0 8.0 0.36226 2.71215
1.0 8.0 0.342482 2.70879
1.0 8.0 0.377733 2.558
1.0 8.0 0.332576 2.71623
1.0 8.0 0.346152 0.11887
1.0 8.0 0.349399 2.6628
1.0 8.0 0.322124 0.889615
2.0 2.0 0.338889 -1.45171e-09
2.0 2.0 0.340513 -1.45171e-09
2.0 2.0 0.358061 -1.45171e-09
2.0 2.0 0.551487 -1.45171e-09
2.0 2.0 1.52762 -1.45171e-09
2.0 2.0 1.28537 -1.45171e-09
2.0 2.0 0.525678 -1.45171e-09
2.0 2.0 0.967617 -1.45171e-09
2.0 2.0 0.390695 -1.45171e-09
2.0 2.0 0.374355 -1.45171e-09
2.0 2.0 0.388557 -1.45171e-09
2.0 2.0 0.885883 -1.45171e-09
2.0 2.0 1.1427 -1.45171e-09
2.0 2.0 1.19515 -1.45171e-09
2.0 2.0 0.367293 -1.45171e-09
2.0 2.0 0.521615 -1.45171e-09
2.0 2.0 0.511719 -1.45171e-09
2.0 2.0 0.347595 -1.45171e-09
2.0 2.0 0.871452 -1.45171e-09
2.0 2.0 0.373882 -1.45171e-09
2.0 2.0 0.348002 -1.45171e-09
2.0 2.0 0.514412 -1.45171e-09
2.0 2.0 0.553634 -1.45171e-09
2.0 2.0 0.842386 -1.45171e-09
2.0 2.0 0.514273 -1.45171e-09
2.0 2.0 0.332348 -1.45171e-09
2.0 2.0 0.884976 -1.45171e-09
2.0 2.0 0.344602 -1.45171e-09
2.0 2.0 0.509462 -1.45171e-09
2.0 2.0 0.520679 -1.45171e-09
2.0 2.0 0.504233 -1.45171e-09
2.0 2.0 0.510863 -1.45171e-09
2.0 2.0 0.516826 -1.45171e-09
2.0 2.0 0.366394 -1.45171e-09
2.0 2.0 0.38244 -1.45171e-09
2.0 2.0 0.406435 -1.45171e-09
2.0 2.0 0.576133 -1.45171e-09
2.0 2.0 0.80706 -1.45171e-09
2.0 2.0 0.492852 -1.45171e-09
2.0 2.0 0.932814 -1.45171e-09
2.0 2.0 0.350361 -1.45171e-09
2.0 2.0 1.52594 -1.45171e-09
2.0 2.0 0.510184 -1.45171e-09
2.0 2.0 0.52731 -1.45171e-09
2.0 2.0 0.349034 -1.45171e-09
2.0 2.0 1.3729 -1.45171e-09
2.0 2.0 0.516651 -1.45171e-09
2.0 2.0 0.815849 -1.45171e-09
2.0 2.0 0.511382 -1.45171e-09
2.0 2.0 0.525283 -1.45171e-09
2.0 3.0 0.546647 -1.88894e-09
2.0 3.0 0.513443 -8.74626e-07
2.0 3.0 0.260473 -1.42828e-07
2.0 3.0 0.510406 -3.38473e-05
2.0 3.0 0.350409 -6.28443e-06
2.0 3.0 0.450721 -2.13767e-07
2.0 3.0 0.471949 -3.26707e-10
2.0 3.0 0.557622 -5.65605e-06
2.0 3.0 0.55129 -1.848e-06
2.0 3.0 0.550317 -3.96971e-09
2.0 3.0 0.356654 -3.93038e-06
2.0 3.0 0.369987 -1.85588e-07
2.0 3.0 0.566164 -1.03924e-07
2.0 3.0 0.234181 -3.97991e-06
2.0 3.0 0.838733 -2.23376e-06
2.0 3.0 0.463465 -1.51222e-08
2.0 3.0 0.464525 -7.60531e-10
2.0 3.0 0.196207 -1.58067e-06
2.0 3.0 0.973842 -1.37384e-07
2.0 3.0 0.46778 -6.26658e-14
2.0 3.0 0.758527 -8.69994e-07
2.0 3.0 0.702218 -4.68537e-08
2.0 3.0 0.453629 -1.5718e-07
2.0 3.0 0.351762 -1.03241e-09
2.0 3.0 0.357711 -1.32081e-06
2.0 3.0 0.232546 -1.11482e-06
2.0 3.0 0.428111 -5.26844e-06
2.0 3.0 0.573593 -3.47802e-07
2.0 3.0 0.513717 -9.23093e-07
2.0 3.0 0.345752 -5.82113e-08
2.0 3.0 0.407639 -6.45677e-13
2.0 3.0 0.433556 -1.69103e-08
2.0 3.0 0.454304 -6.83529e-09
2.0 3.0 0.356892 -7.3451e-06
2.0 3.0 0.357352 -3.72167e-11
2.0 3.0 1.04809 -6.19103e-07
2.0 3.0 0.537215 -5.78287e-06
2.0 3.0 0.221992 -1.22644e-06
2.0 3.0 0.749836 -4.10979e-06
2.0 3.0 0.54899 -1.83326e-06
2.0 3.0 0.56488 -2.26597e-08
2.0 3.0 0.177719 -5.6561e-09
2.0 3.0 0.41236 -1.03094e-07
2.0 3.0 0.443184 -4.7923e-12
2.0 3.0 0.998366 -7.81526e-07
2.0 3.0 0.449344 -4.67526e-06
2.0 3.0 0.435237 -1.4359e-08
2.0 3.0 0.349634 -5.81192e-07
2.0 3.0 0.193623 -1.37685e-05
2.0 3.0 0.505865 -1.89014e-06
2.0 4.0 0.381907 -7.22306e-08
2.0 4.0 0.182472 -1.2404e-07
2.0 4.0 0.495428 -8.26799e-06
2.0 4.0 0.327169 -4.7735e-06
2.0 4.0 0.667937 -6.42805e-06
2.0 4.0 0.321056 -1.37465e-11
2.0 4.0 0.699217 -2.68643e-07
2.0 4.0 0.5194 -9.11399e-10
2.0 4.0 0.524983 -1.77094e-07
2.0 4.0 0.307495 -2.83837e-07
2.0 4.0 0.518191 -9.47052e-07
2.0 4.0 0.68419 -6.5708e-09
2.0 4.0 0.478323 -7.07118e-08
2.0 4.0 0.527402 -8.10035e-07
2.0 4.0 0.813226 -2.35388e-07
2.0 4.0 0.296977 -9.16665e-06
2.0 4.0 0.491425 -6.2089e-06
2.0 4.0 0.385373 -3.39922e-07
2.0 4.0 0.286812 -6.88784e-07
2.0 4.0 0.309996 -1.18649e-10
2.0 4.0 0.537562 -1.41189e-06
2.0 4.0 0.64849 -6.30498e-06
2.0 4.0 0.488321 -5.77274e-06
2.0 4.0 0.284676 -1.0188e-08
2.0 4.0 0.305574 -2.29732e-06
2.0 4.0 0.390805 -4.81529e-08
2.0 4.0 0.30433 -5.39145e-08
2.0 4.0 0.700825 -5.95636e-06
2.0 4.0 0.435182 -3.30427e-07
2.0 4.0 0.17744 -8.01507e-07
2.0 4.0 0.649408 -3.48308e-07
2.0 4.0 0.316465 -3.70392e-07
2.0 4.0 0.304076 -3.05644e-07
2.0 4.0 0.311284 -1.6517e-07
2.0 4.0 0.698041 -6.45381e-08
2.0 4.0 0.390134 -1.29663e-06
2.0 4.0 0.335664 -9.24253e-06
2.0 4.0 0.534859 -4.24232e-06
2.0 4.0 0.379783 -2.81411e-06
2.0 4.0 0.207357 -8.59611e-06
2.0 4.0 0.32953 -6.76395e-07
2.0 4.0 0.548784 -5.41153e-08
2.0 4.0 0.476219 -1.19834e-06
2.0 4.0 0.654587 -8.39418e-08
2.0 4.0 0.547995 -6.38749e-08
2.0 4.0 0.276605 -4.71064e-10
2.0 4.0 0.492323 -4.59765e-07
2.0 4.0 0.694422 -5.59292e-15
2.0 4.0 0.211121 -9.71836e-08
2.0 4.0 0.335151 -3.13072e-06
2.0 5.0 0.306916 -8.06724e-10
2.0 5.0 0.313323 -8.59462e-07
2.0 5.0 0.312478 -5.22949e-06
2.0 5.0 0.284787 -3.42403e-06
2.0 5.0 0.269385 -2.04515e-07
2.0 5.0 0.310737 -5.83468e-11
2.0 5.0 0.286274 -9.89989e-11
2.0 5.0 0.28668 -4.92986e-08
2.0 5.0 0.283814 -1.327e-07
2.0 5.0 0.286116 -5.90547e-07
2.0 5.0 0.314417 -3.70034e-08
2.0 5.0 0.285424 -2.93592e-10
2.0 5.0 0.31222 -1.92955e-09
2.0 5.0 0.313352 -1.89951e-07
2.0 5.0 0.284053 -2.31785e-14
2.0 5.0 0.283582 -1.02773e-06
2.0 5.0 0.309372 -3.4565e-07
2.0 5.0 0.28638 -2.1544e-10
2.0 5.0 0.313929 -5.70717e-08
2.0 5.0 0.283807 -8.25592e-07
2.0 5.0 0.291829 -8.30775e-08
2.0 5.0 0.294249 -3.91379e-06
2.0 5.0 0.314897 -4.98234e-06
2.0 5.0 0.312334 -4.63758e-08
2.0 5.0 0.281278 -6.64318e-06
2.0 5.0 0.272552 -5.57214e-08
2.0 5.0 0.312096 -1.89947e-06
2.0 5.0 0.294838 -5.60891e-06
2.0 5.0 0.283071 -8.19187e-08
2.0 5.0 0.296404 -1.10413e-06
2.0 5.0 0.312532 -2.09073e-08
2.0 5.0 0.278466 -4.83146e-06
2.0 5.0 0.320043 -5.34882e-06
2.0 5.0 0.269294 -1.77099e-09
2.0 5.0 0.281581 -4.47263e-07
2.0 5.0 0.286969 -1.74281e-06
2.0 5.0 0.287496 -1.18937e-06
2.0 5.0 0.310988 -8.43102e-07
2.0 5.0 0.281191 -2.20167e-06
2.0 5.0 0.289532 -8.40742e-07
2.0 5.0 0.314964 -3.14238e-07
2.0 5.0 0.284246 -8.66296e-08
2.0 5.0 0.309454 -1.15363e-05
2.0 5.0 0.287545 -7.90322e-07
2.0 5.0 0.283923 -4.58857e-07
2.0 5.0 0.267516 -1.97374e-09
2.0 5.0 0.287703 -1.58877e-06
2.0 5.0 0.302948 -5.026e-07
2.0 5.0 0.283697 -2.4974e-07
2.0 5.0 0.272403 -3.31576e-07
2.0 6.0 0.27968 -5.14323e-09
2.0 6.0 0.28117 -5.12906e-07
2.0 6.0 0.284984 -2.83786e-17
2.0 6.0 0.292548 -5.14229e-06
2.0 6.0 0.314108 -1.29165e-07
2.0 6.0 0.62435 -5.78699e-06
2.0 6.0 0.289069 -2.15589e-07
2.0 6.0 0.294854 -3.92185e-08
2.0 6.0 0.291779 -4.59213e-13
2.0 6.0 0.283538 -4.36972e-08
2.0 6.0 0.736382 -7.21739e-07
2.0 6.0 0.338655 -5.66024e-07
2.0 6.0 0.291067 -2.56569e-09
2.0 6.0 0.283745 -3.28361e-08
2.0 6.0 0.285044 -3.27122e-10
2.0 6.0 0.301649 -8.21742e-07
2.0 6.0 0.289265 -2.70014e-12
2.0 6.0 0.284483 -3.8694e-07
2.0 6.0 0.296626 -1.27112e-06
2.0 6.0 0.283523 -2.60904e-10
2.0 6.0 0.289905 -6.90541e-11
2.0 6.0 0.292487 -8.53579e-09
2.0 6.0 0.285648 -1.53254e-06
2.0 6.0 0.287279 -1.31835e-05
2.0 6.0 0.284423 -8.38723e-11
2.0 6.0 0.327459 -2.55823e-07
2.0 6.0 0.283686 -5.67138e-07
2.0 6.0 0.299663 -1.25721e-05
2.0 6.0 0.310046 -6.89135e-07
2.0 6.0 0.289602 -1.37772e-06
2.0 6.0 0.286246 -1.15089e-05
2.0 6.0 0.286324 -8.54019e-06
2.0 6.0 0.336876 -2.43872e-10
2.0 6.0 0.313979 -4.34029e-06
2.0 6.0 0.306525 -2.20251e-06
2.0 6.0 0.295675 -2.51803e-09
2.0 6.0 0.298126 -6.6219e-08
2.0 6.0 0.305838 -5.6028e-09
2.0 6.0 0.345458 -4.28995e-10
2.0 6.0 0.289024 -1.52719e-06
2.0 6.0 0.287138 -7.06067e-07
2.0 6.0 0.292533 -2.38833e-08
2.0 6.0 0.298689 -1.48356e-06
2.0 6.0 0.300459 -4.56056e-11
2.0 6.0 0.29096 -4.38314e-06
2.0 6.0 0.311649 -5.97792e-08
2.0 6.0 0.302057 -3.02319e-06
2.0 6.0 0.315976 -8.24228e-06
2.0 6.0 0.289645 -3.57698e-07
2.0 6.0 0.286361 -2.47384e-07
2.0 7.0 0.308106 -1.71868e-11
2.0 7.0 0.302589 -4.65986e-12
2.0 7.0 0.32228 -2.04668e-06
2.0 7.0 0.304073 -8.67339e-07
2.0 7.0 0.293966 -2.26544e-06
2.0 7.0 0.308644 -1.02396e-05
2.0 7.0 0.314558 -4.82196e-07
2.0 7.0 0.288506 -1.06689e-13
2.0 7.0 0.288458 -6.72578e-06
2.0 7.0 0.282378 -2.05087e-07
2.0 7.0 0.307386 -7.48647e-06
2.0 7.0 0.30892 -2.80744e-08
2.0 7.0 0.299011 -2.44799e-06
2.0 7.0 0.309637 -2.30519e-06
2.0 7.0 0.307321 -2.37783e-06
2.0 7.0 0.306625 -4.20896e-07
2.0 7.0 0.315847 -7.08665e-08
2.0 7.0 0.308799 -3.77464e-07
2.0 7.0 0.295841 -3.02399e-09
2.0 7.0 0.309606 -1.18518e-07
2.0 7.0 0.298614 -1.12432e-06
2.0 7.0 0.307879 -5.47513e-08
2.0 7.0 0.294989 -5.40352e-06
2.0 7.0 0.305718 -8.29837e-06
2.0 7.0 0.304762 -2.43636e-06
2.0 7.0 0.296275 -5.17259e-07
2.0 7.0 0.293859 -9.46941e-12
2.0 7.0 0.342015 -2.90954e-06
2.0 7.0 0.307062 -5.63867e-07
2.0 7.0 0.304473 -8.46706e-08
2.0 7.0 0.325584 -4.40327e-07
2.0 7.0 0.31062 -6.73609e-07
2.0 7.0 0.308631 -6.0501e-06
2.0 7.0 0.314841 -5.20237e-06
2.0 7.0 0.295792 -2.06067e-05
2.0 7.0 0.318354 -7.65396e-08
2.0 7.0 0.319497 -2.50322e-07
2.0 7.0 0.305403 -1.53999e-08
2.0 7.0 0.431736 -3.76253e-07
2.0 7.0 0.326002 -7.05328e-07
2.0 7.0 0.305768 -1.1988e-09
2.0 7.0 0.292883 -3.51539e-07
2.0 7.0 0.318137 -4.78691e-08
2.0 7.0 0.316896 -7.56992e-07
2.0 7.0 0.297064 -2.12598e-10
2.0 7.0 0.295917 -1.26821e-07
2.0 7.0 0.302456 -1.18597e-06
2.0 7.0 0.303283 -8.54841e-07
2.0 7.0 0.307398 -5.81665e-08
2.0 7.0 0.288054 -1.8949e-06
2.0 8.0 0.342033 -8.98405e-07
2.0 8.0 0.359846 -6.52201e-09
2.0 8.0 0.350595 -5.44482e-07
2.0 8.0 0.372522 -1.91587e-07
2.0 8.0 0.381665 -3.09407e-06
2.0 8.0 0.345313 -1.21438e-06
2.0 8.0 0.319359 -2.92555e-06
2.0 8.0 0.339297 -3.25179e-06
2.0 8.0 0.335745 -1.01395e-13
2.0 8.0 0.335598 -1.05533e-07
2.0 8.0 0.342155 -2.14479e-06
2.0 8.0 0.371814 -2.89943e-10
2.0 8.0 0.321191 -4.41796e-08
2.0 8.0 0.335226 -7.37561e-06
2.0 8.0 0.371253 -6.45135e-08
2.0 8.0 0.38382 -4.57046e-06
2.0 8.0 0.307744 -3.88139e-07
2.0 8.0 0.300585 -2.02952e-09
2.0 8.0 0.35856 -2.69885e-12
2.0 8.0 0.306924 -9.87045e-09
2.0 8.0 0.367483 -2.68759e-06
2.0 8.0 0.349269 -6.78e-10
2.0 8.0 0.307017 -1.60623e-08
2.0 8.0 0.303977 -1.18245e-07
2.0 8.0 0.296932 -3.29925e-06
2.0 8.0 0.328804 -3.76253e-07
2.0 8.0 0.332825 -1.04055e-06
2.0 8.0 0.344979 -2.59852e-10
2.0 8.0 0.324231 -1.63217e-07
2.0 8.0 0.292641 -1.18634e-05
2.0 8.0 0.326642 -2.9668e-11
2.0 8.0 0.346762 -2.41768e-07
2.0 8.0 0.349858 -1.17154e-08
2.0 8.0 0.34356 -1.75076e-07
2.0 8.0 0.382907 -5.30228e-07
2.0 8.0 0.341738 -6.63622e-08
2.0 8.0 0.311943 -7.64162e-06
2.0 8.0 0.321407 -5.8238e-07
2.0 8.0 0.364716 -2.36797e-06
2.0 8.0 0.351889 -4.51949e-06
2.0 8.0 0.329855 -6.15718e-07
2.0 8.0 0.355575 -1.02396e-05
2.0 8.0 0.351422 -1.84789e-05
2.0 8.0 0.321125 -2.30871e-08
2.0 8.0 0.312256 -2.11652e-09
2.0 8.0 0.349091 -1.30659e-07
2.0 8.0 0.343525 -2.5673e-09
2.0 8.0 0.344865 -1.55368e-07
2.0 8.0 0.360208 -1.54431e-06
2.0 8.0 0.428957 -3.76253e-07
3.0 2.0 0.33939 -0.0704815
3.0 2.0 0.341769 -0.0704815
3.0 2.0 0.820879 -0.0704815
3.0 2.0 0.366713 -0.0704815
3.0 2.0 0.399965 -0.0704815
3.0 2.0 0.507627 -0.0704815
3.0 2.0 1.12743 -0.0704815
3.0 2.0 0.836276 -0.0704815
3.0 2.0 0.344659 -0.0704815
3.0 2.0 0.897482 -0.0704815
3.0 2.0 0.345481 -0.0704815
3.0 2.0 0.33081 -0.0704815
3.0 2.0 0.37184 -0.0704815
3.0 2.0 0.514418 -0.0704815
3.0 2.0 0.911848 -0.0704815
3.0 2.0 1.3588 -0.0704815
3.0 2.0 0.495163 -0.0704815
3.0 2.0 0.520363 -0.0704815
3.0 2.0 1.39547 -0.0704815
3.0 2.0 0.378493 -0.0704815
3.0 2.0 0.81557 -0.0704815
3.0 2.0 0.374354 -0.0704815
3.0 2.0 0.870087 -0.0704815
3.0 2.0 0.33926 -0.0704815
3.0 2.0 0.488056 -0.0704815
3.0 2.0 0.999966 -0.0704815
3.0 2.0 0.496193 -0.0704815
3.0 2.0 0.827722 -0.0704815
3.0 2.0 0.837895 -0.0704815
3.0 2.0 0.357266 -0.0704815
3.0 2.0 0.377994 -0.0704815
3.0 2.0 0.480202 -0.0704815
3.0 2.0 0.506827 -0.0704815
3.0 2.0 0.350939 -0.0704815
3.0 2.0 0.480488 -0.0704815
3.0 2.0 0.819229 -0.0704815
3.0 2.0 0.373794 -0.0704815
3.0 2.0 0.340233 -0.0704815
3.0 2.0 0.344336 -0.0704815
3.0 2.0 0.528498 -0.0704815
3.0 2.0 1.4195 -0.0704815
3.0 2.0 0.363402 -0.0704815
3.0 2.0 1.35314 -0.0704815
3.0 2.0 0.494226 -0.0704815
3.0 2.0 0.51612 -0.0704815
3.0 2.0 0.330822 -0.0704815
3.0 2.0 0.356568 -0.0704815
3.0 2.0 0.331876 -0.0704815
3.0 2.0 0.497099 -0.0704815
3.0 2.0 0.484738 -0.0704815
3.0 3.0 0.454322 -0.228635
3.0 3.0 0.197937 -0.373779
3.0 3.0 0.507534 -0.000370538
3.0 3.0 0.194938 -0.0513021
3.0 3.0 0.337964 -0.448434
3.0 3.0 0.535264 -0.0406355
3.0 3.0 0.534059 -0.000158566
3.0 3.0 0.183167 -0.000194615
3.0 3.0 0.183815 -1.41025e-05
3.0 3.0 0.340794 -0.00422702
3.0 3.0 0.31952 -0.1256
3.0 3.0 0.454336 -0.318207
3.0 3.0 0.807522 -0.00558344
3.0 3.0 0.32624 -1.81686e-08
3.0 3.0 0.326145 -0.0215135
3.0 3.0 0.188389 -0.220041
3.0 3.0 0.271071 -1.6592e-07
3.0 3.0 0.209707 -0.276077
3.0 3.0 0.406557 -0.00258172
3.0 3.0 0.519838 -0.0142229
3.0 3.0 0.542711 -0.0027121
3.0 3.0 0.497249 -5.74849e-05
3.0 3.0 0.309525 -0.00046695
3.0 3.0 0.754748 -0.00657108
3.0 3.0 0.200181 -0.460403
3.0 3.0 0.427627 -0.0284652
3.0 3.0 0.195914 -0.0014123
3.0 3.0 0.276462 -0.000759192
3.0 3.0 0.333941 -0.037501
3.0 3.0 0.510279 -0.00301219
3.0 3.0 0.359635 -0.419552
3.0 3.0 0.178759 -0.00873683
3.0 3.0 0.204654 -0.00260968
3.0 3.0 0.336717 -0.000283521
3.0 3.0 0.477121 -8.44146e-05
3.0 3.0 0.427148 -0.0162395
3.0 3.0 0.430751 -6.88604e-07
3.0 3.0 0.556392 -0.00946094
3.0 3.0 0.320286 -1.22462e-11
3.0 3.0 0.500343 -0.0101677
3.0 3.0 0.438204 -0.0513021
3.0 3.0 0.199622 -0.00544923
3.0 3.0 0.519649 -9.32986e-05
3.0 3.0 0.339878 -0.673706
3.0 3.0 0.427724 -0.000648499
3.0 3.0 0.533584 -1.2619e-09
3.0 3.0 0.346353 -0.0182937
3.0 3.0 0.51218 -8.98684e-08
3.0 3.0 0.407065 -1.06919e-05
3.0 3.0 0.55543 -0.000357576
3.0 4.0 0.40218 -0.00876588
3.0 4.0 0.466788 -1.47523
3.0 4.0 0.319709 -6.71091e-06
3.0 4.0 0.444581 -0.00218981
3.0 4.0 0.649895 -0.212265
3.0 4.0 0.425869 -0.00226424
3.0 4.0 0.564809 -0.00586072
3.0 4.0 0.307264 -0.301524
3.0 4.0 0.259056 -0.0598618
3.0 4.0 0.564714 -2.55594e-09
3.0 4.0 0.171601 -0.0149012
3.0 4.0 0.275932 -0.00453997
3.0 4.0 0.491902 -0.0030631
3.0 4.0 0.378669 -0.0418688
3.0 4.0 0.288241 -0.0444884
3.0 4.0 0.290775 -0.0480881
3.0 4.0 0.308452 -1.09751e-06
3.0 4.0 0.390208 -1.89197e-07
3.0 4.0 0.527518 -0.000282158
3.0 4.0 0.299929 -0.000416965
3.0 4.0 0.543947 -0.00310378
3.0 4.0 0.278751 -0.224525
3.0 4.0 0.528814 -0.0739992
3.0 4.0 0.545475 -0.000177634
3.0 4.0 0.604632 -2.73944e-06
3.0 4.0 0.678219 -5.1686e-05
3.0 4.0 0.45264 -0.743283
3.0 4.0 0.276331 -0.0465822
3.0 4.0 0.516643 -0.137458
3.0 4.0 0.313549 -2.57639e-05
3.0 4.0 0.413251 -0.00924587
3.0 4.0 0.378948 -0.312891
3.0 4.0 0.663367 -0.4811
3.0 4.0 0.428498 -0.000371679
3.0 4.0 0.311681 -8.93718e-05
3.0 4.0 0.326101 -0.00167903
3.0 4.0 0.470992 -0.00626024
3.0 4.0 0.636474 -7.79582e-05
3.0 4.0 0.184317 -0.000151128
3.0 4.0 0.195 -1.05994
3.0 4.0 0.491946 -0.184545
3.0 4.0 0.329414 -0.104892
3.0 4.0 0.315507 -0.000204085
3.0 4.0 0.550827 -0.00935357
3.0 4.0 0.308104 -0.038387
3.0 4.0 0.344127 -0.0119732
3.0 4.0 0.187045 -0.000952247
3.0 4.0 0.532592 -0.0119141
3.0 4.0 0.182633 -4.85716e-10
3.0 4.0 0.288608 -0.00897642
3.0 5.0 0.309638 -0.276922
3.0 5.0 0.282274 -0.179318
3.0 5.0 0.283371 -0.0795305
3.0 5.0 0.299536 -0.00404901
3.0 5.0 0.302397 -0.276922
3.0 5.0 0.276644 -0.00229265
3.0 5.0 0.285087 -3.67935e-06
3.0 5.0 0.308558 -0.0690491
3.0 5.0 0.285702 -0.00225351
3.0 5.0 0.27724 -0.0132735
3.0 5.0 0.301183 -1.22804e-06
3.0 5.0 0.278192 -9.45938e-06
3.0 5.0 0.284918 -0.276922
3.0 5.0 0.311802 -0.0422384
3.0 5.0 0.309629 -0.0964693
3.0 5.0 0.275748 -2.50896e-06
3.0 5.0 0.26991 -5.17007e-08
3.0 5.0 0.286644 -0.133454
3.0 5.0 0.277925 -0.0128057
3.0 5.0 0.275213 -7.9271e-08
3.0 5.0 0.279174 -0.00460907
3.0 5.0 0.29611 -5.83511e-06
3.0 5.0 0.274804 -0.533239
3.0 5.0 0.292258 -0.00162195
3.0 5.0 0.296992 -0.000103554
3.0 5.0 0.29249 -0.000723072
3.0 5.0 0.27382 -0.0255761
3.0 5.0 0.289271 -2.76171e-05
3.0 5.0 0.282498 -1.82139e-07
3.0 5.0 0.274595 -2.4869e-14
3.0 5.0 0.303911 -0.011961
3.0 5.0 0.277998 -0.0115425
3.0 5.0 0.285061 -0.763705
3.0 5.0 0.282122 -0.00180421
3.0 5.0 0.275726 -0.00417843
3.0 5.0 0.312769 -2.55501e-05
3.0 5.0 0.302318 -0.0473979
3.0 5.0 0.28056 -0.0417874
3.0 5.0 0.303914 -0.0134438
3.0 5.0 0.284699 -0.0795305
3.0 5.0 0.267266 -0.00132034
3.0 5.0 0.309315 -0.00272488
3.0 5.0 0.273764 -0.0912375
3.0 5.0 0.280228 -0.000298059
3.0 5.0 0.30584 -0.0515467
3.0 5.0 0.280792 -6.65743e-11
3.0 5.0 0.299568 -1.94941e-10
3.0 5.0 0.312919 -0.00731534
3.0 5.0 0.279305 -0.0034912
3.0 5.0 0.272214 -0.000157375
3.0 6.0 0.319694 -4.61535e-05
3.0 6.0 0.277932 -0.327845
3.0 6.0 0.281003 -0.246482
3.0 6.0 0.294224 -1.84068e-08
3.0 6.0 0.286451 -4.85786e-05
3.0 6.0 0.28643 -0.0109734
3.0 6.0 0.290229 -0.91346
3.0 6.0 0.282887 -0.826609
3.0 6.0 0.316717 -0.033921
3.0 6.0 0.293891 -7.84283e-10
3.0 6.0 0.288638 -0.000224549
3.0 6.0 0.304625 -4.90998e-07
3.0 6.0 0.28071 -0.000101976
3.0 6.0 0.279779 -0.00578462
3.0 6.0 0.298788 -7.1184e-08
3.0 6.0 0.280503 -0.969946
3.0 6.0 0.2833 -0.0746742
3.0 6.0 0.284875 -0.000375921
3.0 6.0 0.283318 -9.67759e-05
3.0 6.0 0.280428 -6.93713e-07
3.0 6.0 0.30969 -0.443618
3.0 6.0 0.280536 -0.00916347
3.0 6.0 0.291231 -0.00173562
3.0 6.0 0.290745 -0.0895189
3.0 6.0 0.291681 -5.43283e-06
3.0 6.0 0.288873 -0.000970282
3.0 6.0 0.280215 -0.000259801
3.0 6.0 0.29127 -0.00446769
3.0 6.0 0.290853 -0.0269604
3.0 6.0 0.313995 -0.305326
3.0 6.0 0.295649 -0.000312543
3.0 6.0 0.281212 -0.73727
3.0 6.0 0.293441 -4.81764e-06
3.0 6.0 0.303891 -0.0890127
3.0 6.0 0.294071 -0.312182
3.0 6.0 0.288715 -4.55008e-05
3.0 6.0 0.284793 -0.00232613
3.0 6.0 0.305681 -6.27888e-06
3.0 6.0 0.289432 -0.0442477
3.0 6.0 0.294489 -0.139467
3.0 6.0 0.285727 -0.00194061
3.0 6.0 0.281029 -0.0473552
3.0 6.0 0.287298 -0.0072088
3.0 6.0 0.299163 -0.00912411
3.0 6.0 0.289442 -0.370257
3.0 6.0 0.293639 -0.278333
3.0 6.0 0.282013 -0.0163334
3.0 6.0 0.315172 -2.34785e-08
3.0 6.0 0.283051 -0.00114095
3.0 6.0 0.285891 -0.0118549
3.0 7.0 0.297582 -0.000174222
3.0 7.0 0.286381 -5.89886e-07
3.0 7.0 0.304024 -0.950834
3.0 7.0 0.28968 -0.00280818
3.0 7.0 0.306052 -0.0124039
3.0 7.0 0.298124 -0.000773341
3.0 7.0 0.292932 -2.23018e-05
3.0 7.0 0.298852 -0.00978532
3.0 7.0 0.293601 -0.000604753
3.0 7.0 0.286765 -0.000166634
3.0 7.0 0.292173 -2.47799e-07
3.0 7.0 0.293118 -0.285268
3.0 7.0 0.285504 -0.190327
3.0 7.0 0.304071 -0.0620772
3.0 7.0 0.292429 -8.86774e-06
3.0 7.0 0.292725 -0.0795305
3.0 7.0 0.296651 -0.0439103
3.0 7.0 0.287996 -0.425891
3.0 7.0 0.289142 -1.1796e-05
3.0 7.0 0.296168 -0.0005613
3.0 7.0 0.302456 -0.646656
3.0 7.0 0.299864 -0.00145929
3.0 7.0 0.289107 -0.0485424
3.0 7.0 0.305133 -0.131032
3.0 7.0 0.298261 -5.02586e-09
3.0 7.0 0.300633 -0.0995015
3.0 7.0 0.29807 -0.00337899
3.0 7.0 0.286394 -0.00667112
3.0 7.0 0.286824 -6.26948e-05
3.0 7.0 0.290619 -0.000485508
3.0 7.0 0.296377 -1.00915
3.0 7.0 0.280966 -2.97478e-08
3.0 7.0 0.297521 -0.000606721
3.0 7.0 0.29215 -0.00027452
3.0 7.0 0.296556 -1.44929e-06
3.0 7.0 0.291385 -5.02879e-08
3.0 7.0 0.282695 -0.0673786
3.0 7.0 0.300494 -7.62256e-05
3.0 7.0 0.298075 -0.0998427
3.0 7.0 0.303452 -0.000775944
3.0 7.0 0.302729 -5.73809e-05
3.0 7.0 0.282947 -0.00349094
3.0 7.0 0.300555 -4.01232e-05
3.0 7.0 0.290487 -5.13043e-07
3.0 7.0 0.306112 -0.475294
3.0 7.0 0.300116 -0.276922
3.0 7.0 0.30478 -1.12186
3.0 7.0 0.299204 -0.0134067
3.0 7.0 0.310342 -0.00272791
3.0 7.0 0.286813 -0.00627821
3.0 8.0 0.378111 -4.39658e-07
3.0 8.0 0.369409 -1.00242
3.0 8.0 0.372595 -6.40557e-05
3.0 8.0 0.350496 -0.016095
3.0 8.0 0.374933 -1.96857e-05
3.0 8.0 0.39017 -0.00285121
3.0 8.0 0.406569 -3.57292e-06
3.0 8.0 0.347534 -4.34535e-06
3.0 8.0 0.326618 -0.119303
3.0 8.0 0.382935 -0.345036
3.0 8.0 0.334163 -0.00363635
3.0 8.0 0.294463 -0.00735219
3.0 8.0 0.320177 -1.21207
3.0 8.0 0.378759 -0.000333793
3.0 8.0 0.364444 -0.000281158
3.0 8.0 0.338517 -1.27823e-08
3.0 8.0 0.317182 -0.00150821
3.0 8.0 0.345589 -0.149823
3.0 8.0 0.309638 -0.000141864
3.0 8.0 0.340005 -0.235516
3.0 8.0 0.315749 -0.00800109
3.0 8.0 0.290102 -0.014776
3.0 8.0 0.366395 -0.0442477
3.0 8.0 0.403226 -0.000116223
3.0 8.0 0.333915 -0.0256227
3.0 8.0 0.347347 -0.387935
3.0 8.0 0.362243 -1.9059e-05
3.0 8.0 0.386084 -0.0815022
3.0 8.0 0.338421 -0.957275
3.0 8.0 0.371749 -0.00751051
3.0 8.0 0.316419 -0.0249915
3.0 8.0 0.396234 -0.21028
3.0 8.0 0.334136 -2.6663e-05
3.0 8.0 0.364271 -0.197415
3.0 8.0 0.319548 -0.0261033
3.0 8.0 0.371689 -0.00649286
3.0 8.0 0.357457 -0.142369
3.0 8.0 0.357852 -1.96467e-08
3.0 8.0 0.373247 -0.000185146
3.0 8.0 0.296658 -0.0548094
3.0 8.0 0.373076 -0.158746
3.0 8.0 0.326042 -0.00176633
3.0 8.0 0.293538 -6.08217e-06
3.0 8.0 0.344365 -0.00543479
3.0 8.0 0.322512 -0.0151543
3.0 8.0 0.319088 -0.000115103
3.0 8.0 0.304077 -0.00024135
3.0 8.0 0.382817 -0.371044
3.0 8.0 0.287111 -8.74586e-06
3.0 8.0 0.340017 -0.00999344
4.0 2.0 1.11693 99.272
4.0 2.0 0.402934 99.272
4.0 2.0 0.891902 99.272
4.0 2.0 0.525381 99.272
4.0 2.0 0.398676 99.272
4.0 2.0 0.380495 99.272
4.0 2.0 0.943786 99.272
4.0 2.0 0.37687 99.272
4.0 2.0 0.347753 99.272
4.0 2.0 0.518055 99.272
4.0 2.0 0.353827 99.272
4.0 2.0 0.854804 99.272
4.0 2.0 1.53843 99.272
4.0 2.0 1.21469 99.272
4.0 2.0 0.34242 99.272
4.0 2.0 0.352965 99.272
4.0 2.0 0.346892 99.272
4.0 2.0 0.363576 99.272
4.0 2.0 0.34129 99.272
4.0 2.0 0.511575 99.272
4.0 2.0 0.394765 99.272
4.0 2.0 0.363625 99.272
4.0 2.0 0.515097 99.272
4.0 2.0 0.348483 99.272
4.0 2.0 0.526317 99.272
4.0 2.0 0.386463 99.272
4.0 2.0 0.506978 99.272
4.0 2.0 0.552256 99.272
4.0 2.0 0.346548 99.272
4.0 2.0 0.38396 99.272
4.0 2.0 1.34678 99.272
4.0 2.0 0.358536 99.272
4.0 2.0 0.345975 99.272
4.0 2.0 1.38313 99.272
4.0 2.0 0.34197 99.272
4.0 2.0 0.867328 99.272
4.0 2.0 0.941225 99.272
4.0 2.0 0.970003 99.272
4.0 2.0 0.515271 99.272
4.0 2.0 0.501195 99.272
4.0 2.0 0.377876 99.272
4.0 2.0 0.341847 99.272
4.0 2.0 0.373503 99.272
4.0 2.0 0.39953 99.272
4.0 2.0 0.516978 99.272
4.0 2.0 1.17567 99.272
4.0 2.0 0.380673 99.272
4.0 2.0 0.998307 99.272
4.0 2.0 1.15285 99.272
4.0 2.0 0.886883 99.272
4.0 3.0 0.353627 99.686
4.0 3.0 0.585922 99.8241
4.0 3.0 0.438146 99.9069
4.0 3.0 0.510419 99.6329
4.0 3.0 0.34563 99.742
4.0 3.0 0.223521 98.7608
4.0 3.0 0.357311 99.4925
4.0 3.0 0.4788 99.4009
4.0 3.0 0.373124 99.9172
4.0 3.0 0.592076 99.7645
4.0 3.0 0.907947 99.8405
4.0 3.0 0.655528 99.5873
4.0 3.0 0.305355 99.7262
4.0 3.0 2.13897 99.9858
4.0 3.0 0.199178 99.7096
4.0 3.0 0.825314 99.9156
4.0 3.0 0.343018 99.6182
4.0 3.0 0.62758 99.8286
4.0 3.0 0.330645 99.8808
4.0 3.0 0.47268 99.3841
4.0 3.0 0.210508 98.5984
4.0 3.0 0.214274 99.2784
4.0 3.0 0.538748 99.9956
4.0 3.0 0.741218 99.7104
4.0 3.0 0.89264 99.581
4.0 3.0 0.465125 99.2076
4.0 3.0 1.17769 99.9171
4.0 3.0 0.237191 99.8628
4.0 3.0 0.396299 99.921
4.0 3.0 0.336302 99.5597
4.0 3.0 0.35059 99.6215
4.0 3.0 0.426951 99.6929
4.0 3.0 0.610377 99.8437
4.0 3.0 0.342724 99.6883
4.0 3.0 0.777444 99.3841
4.0 3.0 0.299808 99.5762
4.0 3.0 0.260565 99.9426
4.0 3.0 0.431755 99.125
4.0 3.0 0.724306 99.976
4.0 3.0 0.603685 99.7434
4.0 3.0 0.492531 99.2631
4.0 3.0 0.736384 99.3842
4.0 3.0 0.797758 99.9401
4.0 3.0 0.317007 99.9806
4.0 3.0 0.231856 99.7072
4.0 3.0 0.364533 99.8915
4.0 3.0 0.288945 99.6854
4.0 3.0 0.348387 99.5703
4.0 3.0 0.740952 99.7259
4.0 3.0 0.614272 99.6104
4.0 4.0 0.459493 99.1516
4.0 4.0 0.611443 99.7834
4.0 4.0 0.763643 99.898
4.0 4.0 0.243464 99.7138
4.0 4.0 0.356633 99.6642
4.0 4.0 0.209713 99.6217
4.0 4.0 0.549417 99.861
4.0 4.0 0.315582 99.7346
4.0 4.0 0.40658 99.9282
4.0 4.0 0.416388 99.8794
4.0 4.0 0.52469 99.9048
4.0 4.0 0.303052 99.373
4.0 4.0 0.391393 98.8888
4.0 4.0 0.538651 99.8221
4.0 4.0 0.197739 99.2455
4.0 4.0 0.536843 99.7785
4.0 4.0 0.188233 99.4716
4.0 4.0 0.349423 99.9845
4.0 4.0 0.312662 99.9762
4.0 4.0 0.582586 99.7097
4.0 4.0 0.194081 99.5842
4.0 4.0 0.468092 98.7394
4.0 4.0 0.411804 99.989
4.0 4.0 0.629537 99.6201
4.0 4.0 0.654668 99.9048
4.0 4.0 0.568882 99.9048
4.0 4.0 0.31453 99.6566
4.0 4.0 0.314112 99.6145
4.0 4.0 0.68654 99.9546
4.0 4.0 0.297953 99.9022
4.0 4.0 0.528403 99.5102
4.0 4.0 0.67247 99.2681
4.0 4.0 0.40598 99.5232
4.0 4.0 0.314381 99.9107
4.0 4.0 0.317601 99.9377
4.0 4.0 0.346873 99.6351
4.0 4.0 0.197492 99.8708
4.0 4.0 0.633814 99.9752
4.0 4.0 0.355495 99.8058
4.0 4.0 0.227964 99.9107
4.0 4.0 0.214327 99.7334
4.0 4.0 0.278446 98.7394
4.0 4.0 0.656584 99.8212
4.0 4.0 0.442777 99.6771
4.0 4.0 0.507489 99.5983
4.0 4.0 0.685992 99.4278
4.0 4.0 0.828579 99.7276
4.0 4.0 0.28349 99.2032
4.0 4.0 0.427752 99.9535
4.0 4.0 0.232213 99.8066
4.0 5.0 0.310245 98.2443
4.0 5.0 0.309645 98.4797
4.0 5.0 0.284873 99.3701
4.0 5.0 0.285278 99.3766
4.0 5.0 0.313564 99.7683
4.0 5.0 0.284847 99.8765
4.0 5.0 0.315542 99.6566
4.0 5.0 0.273894 99.5308
4.0 5.0 0.286107 99.753
4.0 5.0 0.287341 99.7772
4.0 5.0 0.321377 99.8684
4.0 5.0 0.29427 99.5795
4.0 5.0 0.293184 99.9515
4.0 5.0 0.297032 99.92
4.0 5.0 0.286734 99.4639
4.0 5.0 0.309282 99.9498
4.0 5.0 0.291214 99.1001
4.0 5.0 0.289033 99.8531
4.0 5.0 0.295684 99.4777
4.0 5.0 0.283929 99.9836
4.0 5.0 0.325794 99.8628
4.0 5.0 0.296849 99.6218
4.0 5.0 0.283903 99.9062
4.0 5.0 0.282538 99.8932
4.0 5.0 0.284988 99.3235
4.0 5.0 0.285821 99.8632
4.0 5.0 0.280695 99.4023
4.0 5.0 0.316844 99.4772
4.0 5.0 0.318709 99.9515
4.0 5.0 0.291081 99.9752
4.0 5.0 0.286639 99.6595
4.0 5.0 0.301043 99.6946
4.0 5.0 0.339036 99.9808
4.0 5.0 0.283562 99.7896
4.0 5.0 0.329014 99.4768
4.0 5.0 0.315454 99.6326
4.0 5.0 0.283289 99.7346
4.0 5.0 0.279423 98.8707
4.0 5.0 0.277059 99.944
4.0 5.0 0.279573 99.781
4.0 5.0 0.317418 99.3235
4.0 5.0 0.301882 98.6613
4.0 5.0 0.310425 99.5857
4.0 5.0 0.294439 99.9752
4.0 5.0 0.28867 99.4956
4.0 5.0 0.290561 99.524
4.0 5.0 0.283162 99.8078
4.0 5.0 0.313883 99.8059
4.0 5.0 0.303475 99.9958
4.0 5.0 0.292188 99.7946
4.0 6.0 0.317984 99.7942
4.0 6.0 0.287448 99.8929
4.0 6.0 0.304662 99.7502
4.0 6.0 0.296654 99.643
4.0 6.0 0.303642 99.4824
4.0 6.0 0.296688 99.9762
4.0 6.0 0.292364 99.612
4.0 6.0 0.286086 99.9448
4.0 6.0 0.286543 99.3547
4.0 6.0 0.295408 99.8787
4.0 6.0 0.295914 99.8628
4.0 6.0 0.316306 99.7413
4.0 6.0 0.288574 99.5294
4.0 6.0 0.306964 99.7072
4.0 6.0 0.28758 99.6449
4.0 6.0 0.295347 99.3654
4.0 6.0 0.291499 99.7813
4.0 6.0 0.284697 99.6215
4.0 6.0 0.307818 99.2321
4.0 6.0 0.290341 99.7928
4.0 6.0 0.31158 99.9782
4.0 6.0 0.285898 99.6538
4.0 6.0 0.312947 98.8127
4.0 6.0 0.285638 99.6273
4.0 6.0 0.298937 99.781
4.0 6.0 0.319323 99.9097
4.0 6.0 0.292756 99.5783
4.0 6.0 0.301058 99.6527
4.0 6.0 0.290845 99.8383
4.0 6.0 0.291227 98.7993
4.0 6.0 0.293424 98.2982
4.0 6.0 0.287021 99.3235
4.0 6.0 0.294905 99.3396
4.0 6.0 0.283602 99.3445
4.0 6.0 0.28171 99.3667
4.0 6.0 0.293643 99.65
4.0 6.0 0.301579 99.8146
4.0 6.0 0.292361 99.8994
4.0 6.0 0.317828 99.9752
4.0 6.0 0.301596 99.7985
4.0 6.0 0.286461 99.6098
4.0 6.0 0.306775 99.8971
4.0 6.0 0.299571 99.8069
4.0 6.0 0.284208 99.9629
4.0 6.0 0.296746 99.8894
4.0 6.0 0.282462 99.3648
4.0 6.0 0.310138 99.9238
4.0 6.0 0.303187 99.6189
4.0 6.0 0.296382 99.7359
4.0 6.0 0.279686 99.4718
4.0 7.0 0.317048 99.9752
4.0 7.0 0.300458 99.9844
4.0 7.0 0.306004 99.6379
4.0 7.0 0.323584 99.8996
4.0 7.0 0.292086 99.3648
4.0 7.0 0.311426 99.6773
4.0 7.0 0.299516 99.4035
4.0 7.0 0.312058 99.8678
4.0 7.0 0.289175 99.5287
4.0 7.0 0.317489 99.9194
4.0 7.0 0.306647 99.3648
4.0 7.0 0.300228 99.8808
4.0 7.0 0.303912 99.0988
4.0 7.0 0.302148 99.9439
4.0 7.0 0.342065 99.8641
4.0 7.0 0.390739 99.8808
4.0 7.0 0.290231 99.7865
4.0 7.0 0.293494 99.6799
4.0 7.0 0.30702 99.5143
4.0 7.0 0.312346 99.8654
4.0 7.0 0.307812 99.3648
4.0 7.0 0.289493 99.8915
4.0 7.0 0.312285 99.7292
4.0 7.0 0.30751 99.6967
4.0 7.0 0.30905 99.7072
4.0 7.0 0.312784 99.8388
4.0 7.0 0.30789 99.827
4.0 7.0 0.290334 99.9437
4.0 7.0 0.307481 99.1011
4.0 7.0 0.28812 99.914
4.0 7.0 0.310396 99.3711
4.0 7.0 0.315813 99.9534
4.0 7.0 0.294937 99.6215
4.0 7.0 0.303566 99.6793
4.0 7.0 0.313551 99.8808
4.0 7.0 0.305003 99.8769
4.0 7.0 0.293286 99.7155
4.0 7.0 0.312275 99.8996
4.0 7.0 0.309805 99.9764
4.0 7.0 0.324898 99.9211
4.0 7.0 0.290795 99.3987
4.0 7.0 0.301939 99.2599
4.0 7.0 0.298573 99.1027
4.0 7.0 0.289376 99.7457
4.0 7.0 0.310727 99.9504
4.0 7.0 0.330087 99.9416
4.0 7.0 0.296157 99.7356
4.0 7.0 0.307514 99.7139
4.0 7.0 0.315326 99.5543
4.0 7.0 0.292145 99.6605
4.0 8.0 0.323378 99.4914
4.0 8.0 0.338151 99.7966
4.0 8.0 0.321404 98.4184
4.0 8.0 0.343646 99.9515
4.0 8.0 0.343646 99.9515
4.0 8.0 0.343646 99.9515
4.0 8.0 0.343646 99.9515
4.0 8.0 0.343646 99.9515
4.0 8.0 0.343646 99.9515
4.0 8.0 0.343646 99.9515
4.0 8.0 0.343646 99.9515
4.0 8.0 0.343646 99.9515
4.0 8.0 0.343646 99.9515
4.0 8.0 0.343646 99.9515
4.0 8.0 0.343646 99.9515
4.0 8.0 0.343646 99.9515
4.0 8.0 0.343646 99.9515
4.0 8.0 0.343646 99.9515
4.0 8.0 0.343646 99.9515
4.0 8.0 0.343646 99.9515
4.0 8.0 0.343646 99.9515
4.0 8.0 0.343646 99.9515
4.0 8.0 0.343646 99.9515
4.0 8.0 0.343646 99.9515
4.0 8.0 0.343646 99.9515
4.0 8.0 0.343646 99.9515
4.0 8.0 0.343646 99.9515
4.0 8.0 0.343646 99.9515
4.0 8.0 0.343646 99.9515
4.0 8.0 0.343646 99.9515
4.0 8.0 0.343646 99.9515
4.0 8.0 0.343646 99.9515
4.0 8.0 0.343646 99.9515
4.0 8.0 0.343646 99.9515
4.0 8.0 0.343646 99.9515
4.0 8.0 0.343646 99.9515
4.0 8.0 0.343646 99.9515
4.0 8.0 0.343646 99.9515
4.0 8.0 0.343646 99.9515
4.0 8.0 0.343646 99.9515
4.0 8.0 0.343646 99.9515
4.0 8.0 0.343646 99.9515
4.0 8.0 0.343646 99.9515
4.0 8.0 0.343646 99.9515
4.0 8.0 0.343646 99.9515
4.0 8.0 0.343646 99.9515
4.0 8.0 0.343646 99.9515
4.0 8.0 0.343646 99.9515
4.0 8.0 0.343646 99.9515
4.0 8.0 0.343646 99.9515
5.0 2.0 29.0302 -20.9406
5.0 2.0 28.2479 -20.9406
5.0 2.0 29.819 -20.9406
5.0 2.0 28.9237 -20.9406
5.0 2.0 29.0794 -20.9406
5.0 2.0 29.5537 -20.9406
5.0 2.0 28.7751 -20.9406
5.0 2.0 28.2819 -20.9406
5.0 2.0 29.6203 -20.9406
5.0 2.0 28.2527 -20.9406
5.0 2.0 28.8753 -20.9406
5.0 2.0 29.534 -20.9406
5.0 2.0 29.8292 -20.9406
5.0 2.0 29.0133 -20.9406
5.0 2.0 29.9471 -20.9406
5.0 2.0 29.3483 -20.9406
5.0 2.0 29.833 -20.9406
5.0 2.0 27.9937 -20.9406
5.0 2.0 30.4833 -20.9406
5.0 2.0 28.884 -20.9406
5.0 2.0 28.3623 -20.9406
5.0 2.0 29.0118 -20.9406
5.0 2.0 29.3159 -20.9406
5.0 2.0 28.4216 -20.9406
5.0 2.0 29.5827 -20.9406
5.0 2.0 29.6992 -20.9406
5.0 2.0 28.4047 -20.9406
5.0 2.0 29.6109 -20.9406
5.0 2.0 29.4069 -20.9406
5.0 2.0 30.2095 -20.9406
5.0 2.0 28.8124 -20.9406
5.0 2.0 28.2813 -20.9406
5.0 2.0 29.0486 -20.9406
5.0 2.0 29.3303 -20.9406
5.0 2.0 28.3181 -20.9406
5.0 2.0 28.9404 -20.9406
5.0 2.0 29.9746 -20.9406
5.0 2.0 28.3036 -20.9406
5.0 2.0 29.2465 -20.9406
5.0 2.0 28.8242 -20.9406
5.0 2.0 28.2149 -20.9406
5.0 2.0 28.4308 -20.9406
5.0 2.0 29.5795 -20.9406
5.0 2.0 28.4148 -20.9406
5.0 2.0 28.7981 -20.9406
5.0 2.0 28.2684 -20.9406
5.0 2.0 30.3075 -20.9406
5.0 2.0 27.9763 -20.9406
5.0 2.0 28.6757 -20.9406
5.0 2.0 29.7178 -20.9406
5.0 3.0 14.9391 -20.941
5.0 3.0 14.5501 -20.9508
5.0 3.0 14.6049 -20.9939
5.0 3.0 14.6572 -20.9424
5.0 3.0 14.6889 -20.8357
5.0 3.0 14.8205 -20.9407
5.0 3.0 14.2948 -20.9406
5.0 3.0 14.631 -20.849
5.0 3.0 14.5587 -20.9414
5.0 3.0 14.5105 -20.9406
5.0 3.0 15.0941 -20.9407
5.0 3.0 14.8607 -20.9408
5.0 3.0 14.2345 -20.9406
5.0 3.0 14.9823 -20.943
5.0 3.0 14.2028 -20.9838
5.0 3.0 14.9541 -20.9409
5.0 3.0 14.729 -20.9671
5.0 3.0 14.4253 -20.8348
5.0 3.0 14.5736 -20.9073
5.0 3.0 14.6826 -20.9945
5.0 3.0 14.3912 -20.9439
5.0 3.0 14.3186 -20.9409
5.0 3.0 14.222 -21.0036
5.0 3.0 14.7072 -21.115
5.0 3.0 14.7609 -20.9732
5.0 3.0 14.8967 -20.9566
5.0 3.0 14.4439 -20.9413
5.0 3.0 15.1932 -20.8806
5.0 3.0 14.2436 -20.9409
5.0 3.0 15.0 -20.9406
5.0 3.0 14.8197 -20.9411
5.0 3.0 14.3053 -20.8443
5.0 3.0 14.6075 -20.9479
5.0 3.0 15.1683 -20.9406
5.0 3.0 14.2221 -20.9545
5.0 3.0 14.239 -20.9407
5.0 3.0 14.3921 -20.9406
5.0 3.0 14.7358 -20.9645
5.0 3.0 14.58 -20.8411
5.0 3.0 14.19 -20.9409
5.0 3.0 15.1768 -20.9407
5.0 3.0 14.196 -20.8874
5.0 3.0 14.8185 -20.9617
5.0 3.0 14.7113 -20.8253
5.0 3.0 15.2184 -20.9456
5.0 3.0 14.802 -20.9685
5.0 3.0 14.389 -20.9766
5.0 3.0 14.8657 -20.9561
5.0 3.0 15.0698 -20.9811
5.0 3.0 15.1674 -20.9414
5.0 4.0 9.48268 -20.9517
5.0 4.0 9.72747 -20.9406
5.0 4.0 10.1408 -21.0462
5.0 4.0 9.89402 -20.9411
5.0 4.0 9.85439 -20.9407
5.0 4.0 9.60788 -20.9697
5.0 4.0 9.31386 -20.9406
5.0 4.0 9.90986 -20.9408
5.0 4.0 9.56989 -20.9537
5.0 4.0 9.97596 -20.9481
5.0 4.0 9.60996 -20.8266
5.0 4.0 9.78843 -20.9417
5.0 4.0 9.87634 -20.9561
5.0 4.0 9.92204 -20.9408
5.0 4.0 9.91888 -20.9406
5.0 4.0 9.43961 -20.9455
5.0 4.0 10.1694 -20.9406
5.0 4.0 9.68842 -20.9473
5.0 4.0 9.77521 -20.9458
5.0 4.0 9.88531 -20.9406
5.0 4.0 9.31706 -20.9677
5.0 4.0 9.63011 -20.9407
5.0 4.0 10.0149 -20.9406
5.0 4.0 9.47402 -20.845
5.0 4.0 9.72813 -20.9407
5.0 4.0 9.94653 -20.9406
5.0 4.0 9.84364 -20.8176
5.0 4.0 9.46455 -20.9469
5.0 4.0 9.81807 -20.8717
5.0 4.0 9.89725 -20.9408
5.0 4.0 9.98419 -20.8334
5.0 4.0 9.90478 -20.9197
5.0 4.0 9.55839 -20.9538
5.0 4.0 9.75145 -20.9449
5.0 4.0 10.0757 -20.9473
5.0 4.0 10.2503 -20.9406
5.0 4.0 9.86608 -20.9411
5.0 4.0 9.74155 -20.9415
5.0 4.0 9.55398 -20.944
5.0 4.0 9.97329 -20.9963
5.0 4.0 9.82218 -20.862
5.0 4.0 9.31291 -20.9416
5.0 4.0 9.65302 -20.9407
5.0 4.0 9.58183 -20.9411
5.0 4.0 9.81149 -20.9406
5.0 4.0 9.86189 -20.9545
5.0 4.0 9.90647 -20.9464
5.0 4.0 9.85203 -20.9409
5.0 4.0 9.99118 -20.9697
5.0 4.0 9.97616 -20.9418
5.0 5.0 7.0989 -20.9406
5.0 5.0 7.10183 -20.9406
5.0 5.0 7.13597 -20.9406
5.0 5.0 7.10695 -21.0216
5.0 5.0 7.10502 -21.1639
5.0 5.0 7.16065 -20.9407
5.0 5.0 7.06153 -20.9465
5.0 5.0 7.10001 -20.9423
5.0 5.0 7.10552 -20.839
5.0 5.0 7.10126 -20.9407
5.0 5.0 7.06886 -20.9525
5.0 5.0 7.07315 -20.9526
5.0 5.0 7.12405 -20.9462
5.0 5.0 7.10727 -20.9424
5.0 5.0 7.10407 -20.9734
5.0 5.0 7.10169 -20.9406
5.0 5.0 7.1011 -20.9406
5.0 5.0 7.12732 -20.9512
5.0 5.0 7.08947 -20.9759
5.0 5.0 7.10862 -20.9065
5.0 5.0 7.10401 -20.9561
5.0 5.0 7.13967 -20.9524
5.0 5.0 7.13011 -20.9406
5.0 5.0 7.0754 -20.9406
5.0 5.0 7.10265 -20.9407
5.0 5.0 7.10177 -20.9407
5.0 5.0 7.09736 -20.9406
5.0 5.0 7.10336 -20.9459
5.0 5.0 7.06874 -20.9406
5.0 5.0 7.14568 -20.941
5.0 5.0 7.10637 -20.9449
5.0 5.0 7.1038 -20.9421
5.0 5.0 7.10157 -20.9407
5.0 5.0 7.10307 -21.0314
5.0 5.0 7.10752 -20.9557
5.0 5.0 7.10787 -20.9409
5.0 5.0 7.10133 -20.9406
5.0 5.0 7.10308 -21.0105
5.0 5.0 7.13761 -20.9408
5.0 5.0 7.10582 -20.9411
5.0 5.0 7.10581 -20.9568
5.0 5.0 7.09302 -20.9407
5.0 5.0 7.1017 -21.049
5.0 5.0 7.1435 -20.9424
5.0 5.0 7.13725 -20.9406
5.0 5.0 7.10398 -20.9469
5.0 5.0 7.10134 -20.95
5.0 5.0 7.10688 -20.9482
5.0 5.0 7.1134 -21.0619
5.0 5.0 7.12963 -20.9406
5.0 6.0 5.69423 -20.8309
5.0 6.0 5.6901 -20.9306
5.0 6.0 5.69259 -20.9503
5.0 6.0 5.72253 -20.9465
5.0 6.0 5.69115 -20.944
5.0 6.0 5.68966 -20.9436
5.0 6.0 5.6937 -21.0105
5.0 6.0 5.67932 -20.9432
5.0 6.0 5.68563 -20.9406
5.0 6.0 5.69089 -20.9406
5.0 6.0 5.68973 -20.9422
5.0 6.0 5.67286 -21.0057
5.0 6.0 5.68925 -20.8575
5.0 6.0 5.72062 -20.9463
5.0 6.0 5.68645 -20.9406
5.0 6.0 5.68494 -20.966
5.0 6.0 5.70349 -20.9406
5.0 6.0 5.69262 -20.9595
5.0 6.0 5.67505 -20.9407
5.0 6.0 5.68169 -20.9346
5.0 6.0 5.68445 -20.9415
5.0 6.0 5.67493 -20.9413
5.0 6.0 5.73358 -20.9406
5.0 6.0 5.67563 -20.9282
5.0 6.0 5.69051 -20.9664
5.0 6.0 5.68092 -20.9533
5.0 6.0 5.68747 -20.9634
5.0 6.0 5.68964 -20.9431
5.0 6.0 5.68204 -20.9065
5.0 6.0 5.69414 -20.9286
5.0 6.0 5.68675 -20.9406
5.0 6.0 5.68563 -20.9406
5.0 6.0 5.69271 -20.9451
5.0 6.0 5.74074 -20.9416
5.0 6.0 5.66966 -20.9406
5.0 6.0 5.6893 -20.9457
5.0 6.0 5.6885 -20.9408
5.0 6.0 5.67495 -20.9406
5.0 6.0 5.68877 -20.9406
5.0 6.0 5.68833 -20.9407
5.0 6.0 5.69356 -20.9459
5.0 6.0 5.69371 -20.9409
5.0 6.0 5.68519 -20.9407
5.0 6.0 5.66915 -20.9408
5.0 6.0 5.69541 -21.0223
5.0 6.0 5.69496 -20.9479
5.0 6.0 5.73032 -20.831
5.0 6.0 5.69011 -20.9407
5.0 6.0 5.67871 -20.8443
5.0 6.0 5.68972 -20.9406
5.0 7.0 4.74894 -20.941
5.0 7.0 4.74718 -21.0462
5.0 7.0 4.74859 -20.951
5.0 7.0 4.74411 -20.9406
5.0 7.0 4.74752 -20.9837
5.0 7.0 4.74792 -20.9411
5.0 7.0 4.74606 -20.9766
5.0 7.0 4.74368 -20.9406
5.0 7.0 4.74312 -20.9408
5.0 7.0 4.74827 -20.9441
5.0 7.0 4.74518 -20.9411
5.0 7.0 4.74677 -20.9406
5.0 7.0 4.74927 -20.9406
5.0 7.0 4.74988 -20.9954
5.0 7.0 4.74765 -20.9417
5.0 7.0 4.7486 -20.9681
5.0 7.0 4.74664 -20.9424
5.0 7.0 4.74702 -20.9423
5.0 7.0 4.74698 -20.9406
5.0 7.0 4.74459 -20.9408
5.0 7.0 4.74546 -20.9408
5.0 7.0 4.74551 -21.0142
5.0 7.0 4.74344 -20.9406
5.0 7.0 4.74548 -20.9408
5.0 7.0 4.74794 -20.9406
5.0 7.0 4.74868 -20.9561
5.0 7.0 4.74845 -20.9407
5.0 7.0 4.74656 -20.944
5.0 7.0 4.74638 -20.9409
5.0 7.0 4.74849 -20.8439
5.0 7.0 4.7466 -20.941
5.0 7.0 4.74886 -20.9411
5.0 7.0 4.74933 -21.0069
5.0 7.0 4.74652 -20.9442
5.0 7.0 4.74894 -20.9408
5.0 7.0 4.74734 -20.9444
5.0 7.0 4.74762 -20.9406
5.0 7.0 4.74423 -20.9406
5.0 7.0 4.74479 -20.9406
5.0 7.0 4.74604 -20.9407
5.0 7.0 4.74949 -20.9409
5.0 7.0 4.74591 -20.8443
5.0 7.0 4.74824 -20.9409
5.0 7.0 4.75007 -20.9729
5.0 7.0 4.74464 -20.9407
5.0 7.0 4.74858 -20.9748
5.0 7.0 4.75014 -20.9407
5.0 7.0 4.74684 -20.9434
5.0 7.0 4.74596 -20.9495
5.0 7.0 4.74843 -20.9481
5.0 7.0 4.74843 -20.9481
5.0 7.0 4.74843 -20.9481
5.0 7.0 4.74843 -20.9481
5.0 7.0 4.74843 -20.9481
5.0 7.0 4.74843 -20.9481
5.0 7.0 4.74843 -20.9481
5.0 7.0 4.74843 -20.9481
5.0 7.0 4.74843 -20.9481
5.0 7.0 4.74843 -20.9481
5.0 7.0 4.74843 -20.9481
5.0 7.0 4.74843 -20.9481
5.0 7.0 4.74843 -20.9481
5.0 7.0 4.74843 -20.9481
5.0 7.0 4.74843 -20.9481
5.0 7.0 4.74843 -20.9481
5.0 7.0 4.74843 -20.9481
5.0 7.0 4.74843 -20.9481
5.0 7.0 4.74843 -20.9481
5.0 7.0 4.74843 -20.9481
5.0 7.0 4.74843 -20.9481
5.0 7.0 4.74843 -20.9481
5.0 7.0 4.74843 -20.9481
5.0 7.0 4.74843 -20.9481
5.0 7.0 4.74843 -20.9481
5.0 7.0 4.74843 -20.9481
5.0 7.0 4.74843 -20.9481
5.0 7.0 4.74843 -20.9481
5.0 7.0 4.74843 -20.9481
5.0 7.0 4.74843 -20.9481
5.0 7.0 4.74843 -20.9481
5.0 7.0 4.74843 -20.9481
5.0 7.0 4.74843 -20.9481
5.0 7.0 4.74843 -20.9481
5.0 7.0 4.74843 -20.9481
5.0 7.0 4.74843 -20.9481
5.0 7.0 4.74843 -20.9481
5.0 7.0 4.74843 -20.9481
5.0 7.0 4.74843 -20.9481
5.0 7.0 4.74843 -20.9481
5.0 7.0 4.74843 -20.9481
5.0 7.0 4.74843 -20.9481
5.0 7.0 4.74843 -20.9481
5.0 7.0 4.74843 -20.9481
5.0 7.0 4.74843 -20.9481
5.0 7.0 4.74843 -20.9481
5.0 7.0 4.74843 -20.9481
5.0 7.0 4.74843 -20.9481
5.0 7.0 4.74843 -20.9481
5.0 7.0 4.74843 -20.9481
5.0 7.0 4.74843 -20.9481
