0.0 1.0 0.0745072 -0.0
0.0 1.0 0.0698225 -0.0
0.0 1.0 0.113081 -0.00739604
0.0 1.0 0.0627367 -0.0
0.0 1.0 0.0716931 -0.0
0.0 1.0 0.0776442 -0.0
0.0 1.0 0.0714787 -0.0
0.0 1.0 0.11652 -0.00739604
0.0 1.0 0.127106 -0.00739604
0.0 1.0 0.0607783 -0.0
0.0 1.0 0.065921 -0.0
0.0 1.0 0.0641661 -0.0
0.0 1.0 0.060692 -0.0
0.0 1.0 0.117389 -0.00739604
0.0 1.0 0.114652 -0.00739604
0.0 1.0 0.118943 -0.00739604
0.0 1.0 0.0987725 -0.0
0.0 1.0 0.0676623 -0.0
0.0 1.0 0.0664813 -0.0
0.0 1.0 0.091465 -0.0
0.0 1.0 0.0665418 -0.0
0.0 1.0 0.115892 -0.00739604
0.0 1.0 0.111658 -0.00739604
0.0 1.0 0.0695567 -0.0
0.0 1.0 0.0737559 -0.0
0.0 1.0 0.117756 -0.00739604
0.0 1.0 0.0767841 -0.0
0.0 1.0 0.111322 -0.00739604
0.0 1.0 0.117842 -0.00739604
0.0 1.0 0.0792344 -0.0
0.0 1.0 0.0597403 -0.0
0.0 1.0 0.0736337 -0.0
0.0 1.0 0.0695649 -0.0
0.0 1.0 0.0764293 -0.0
0.0 1.0 0.072563 -0.0
0.0 1.0 0.0810799 -0.0
0.0 1.0 0.063657 -0.0
0.0 1.0 0.0607389 -0.0
0.0 1.0 0.116648 -0.00739604
0.0 1.0 0.109978 -0.00739604
0.0 1.0 0.117475 -0.00739604
0.0 1.0 0.0683581 -0.0
0.0 1.0 0.070503 -0.0
0.0 1.0 0.076807 -0.0
0.0 1.0 0.069603 -0.0
0.0 1.0 0.0638985 -0.0
0.0 1.0 0.109154 -0.00739604
0.0 1.0 0.0604454 -0.0
0.0 1.0 0.0674213 -0.0
0.0 1.0 0.0763506 -0.0
0.0 2.0 0.0339903 -0.0
0.0 2.0 0.0640644 -0.00739604
0.0 2.0 0.0412925 -0.0
0.0 2.0 0.0370008 -0.0
0.0 2.0 0.0416795 -0.0
0.0 2.0 0.0341793 -0.0
0.0 2.0 0.0391332 -0.0
0.0 2.0 0.0594274 -0.00739604
0.0 2.0 0.0365504 -0.0
0.0 2.0 0.0340229 -0.0
0.0 2.0 0.040003 -0.0
0.0 2.0 0.0594975 -0.00739604
0.0 2.0 0.0383381 -0.0
0.0 2.0 0.0611429 -0.00739604
0.0 2.0 0.0598431 -0.00739604
0.0 2.0 0.0342627 -0.0
0.0 2.0 0.0403322 -0.0
0.0 2.0 0.0602645 -0.00739604
0.0 2.0 0.0344964 -0.0
0.0 2.0 0.0381647 -0.0
0.0 2.0 0.0365781 -0.0
0.0 2.0 0.0440484 -0.0
0.0 2.0 0.0372164 -0.0
0.0 2.0 0.0342613 -0.0
0.0 2.0 0.065207 -0.00739604
0.0 2.0 0.0385713 -0.0
0.0 2.0 0.0382975 -0.0
0.0 2.0 0.0382237 -0.0
0.0 2.0 0.0372648 -0.0
0.0 2.0 0.0609559 -0.00739604
0.0 2.0 0.0376371 -0.0
0.0 2.0 0.0400668 -0.0
0.0 2.0 0.0641333 -0.00739604
0.0 2.0 0.0359219 -0.0
0.0 2.0 0.0729346 -0.00739604
0.0 2.0 0.0593365 -0.00739604
0.0 2.0 0.0411975 -0.0
0.0 2.0 0.0347303 -0.0
0.0 2.0 0.0413493 -0.0
0.0 2.0 0.065792 -0.00739604
0.0 2.0 0.0370933 -0.0
0.0 2.0 0.0366573 -0.0
0.0 2.0 0.0348827 -0.0
0.0 2.0 0.0380695 -0.0
0.0 2.0 0.0442265 -0.0
0.0 2.0 0.0412675 -0.0
0.0 2.0 0.0402512 -0.0
0.0 2.0 0.0421074 -0.0
0.0 2.0 0.0360135 -0.0
0.0 2.0 0.0429049 -0.0
0.0 3.0 0.0303912 -0.0
0.0 3.0 0.0488357 -0.00739604
0.0 3.0 0.032412 -0.0
0.0 3.0 0.0280152 -0.0
0.0 3.0 0.0359655 -0.0
0.0 3.0 0.0450764 -0.00739604
0.0 3.0 0.031477 -0.0
0.0 3.0 0.0472853 -0.00739604
0.0 3.0 0.0305548 -0.0
0.0 3.0 0.0285512 -0.0
0.0 3.0 0.0301347 -0.0
0.0 3.0 0.0545747 -0.00739604
0.0 3.0 0.0491586 -0.00739604
0.0 3.0 0.0299718 -0.0
0.0 3.0 0.0320008 -0.0
0.0 3.0 0.0471865 -0.00739604
0.0 3.0 0.0289248 -0.0
0.0 3.0 0.0300952 -0.0
0.0 3.0 0.0330825 -0.0
0.0 3.0 0.0318209 -0.0
0.0 3.0 0.0323737 -0.0
0.0 3.0 0.0377849 -0.0
0.0 3.0 0.0288408 -0.0
0.0 3.0 0.0304252 -0.0
0.0 3.0 0.0479804 -0.00739604
0.0 3.0 0.047697 -0.00739604
0.0 3.0 0.0465523 -0.00739604
0.0 3.0 0.0281664 -0.0
0.0 3.0 0.0334072 -0.0
0.0 3.0 0.045722 -0.00739604
0.0 3.0 0.0283915 -0.0
0.0 3.0 0.0454436 -0.00739604
0.0 3.0 0.0349589 -0.0
0.0 3.0 0.0304857 -0.0
0.0 3.0 0.0308958 -0.0
0.0 3.0 0.0309671 -0.0
0.0 3.0 0.0318182 -0.0
0.0 3.0 0.0282668 -0.0
0.0 3.0 0.0334289 -0.0
0.0 3.0 0.0282885 -0.0
0.0 3.0 0.0486066 -0.00739604
0.0 3.0 0.0316853 -0.0
0.0 3.0 0.0291353 -0.0
0.0 3.0 0.0289511 -0.0
0.0 3.0 0.0473406 -0.00739604
0.0 3.0 0.0301945 -0.0
0.0 3.0 0.0454938 -0.00739604
0.0 3.0 0.0344191 -0.0
0.0 3.0 0.0317234 -0.0
0.0 3.0 0.0474729 -0.00739604
0.0 4.0 0.0296483 -0.0
0.0 4.0 0.0304256 -0.0
0.0 4.0 0.0264469 -0.0
0.0 4.0 0.0300939 -0.0
0.0 4.0 0.0293964 -0.0
0.0 4.0 0.031388 -0.0
0.0 4.0 0.0303493 -0.0
0.0 4.0 0.0330128 -0.0
0.0 4.0 0.0291331 -0.0
0.0 4.0 0.0274572 -0.0
0.0 4.0 0.0286963 -0.0
0.0 4.0 0.0276239 -0.0
0.0 4.0 0.0269092 -0.0
0.0 4.0 0.0407821 -0.00739604
0.0 4.0 0.0289005 -0.0
0.0 4.0 0.0414173 -0.00739604
0.0 4.0 0.0268505 -0.0
0.0 4.0 0.0330554 -0.0
0.0 4.0 0.0291917 -0.0
0.0 4.0 0.0270733 -0.0
0.0 4.0 0.0410977 -0.00739604
0.0 4.0 0.0305047 -0.0
0.0 4.0 0.0269427 -0.0
0.0 4.0 0.0269578 -0.0
0.0 4.0 0.0366576 -0.0
0.0 4.0 0.0277789 -0.0
0.0 4.0 0.0407534 -0.00739604
0.0 4.0 0.0291138 -0.0
0.0 4.0 0.0308759 -0.0
0.0 4.0 0.029893 -0.0
0.0 4.0 0.0306945 -0.0
0.0 4.0 0.030501 -0.0
0.0 4.0 0.0303256 -0.0
0.0 4.0 0.0308599 -0.0
0.0 4.0 0.0276422 -0.0
0.0 4.0 0.031031 -0.0
0.0 4.0 0.0292141 -0.0
0.0 4.0 0.0282442 -0.0
0.0 4.0 0.0273687 -0.0
0.0 4.0 0.028831 -0.0
0.0 4.0 0.0275956 -0.0
0.0 4.0 0.0294694 -0.0
0.0 4.0 0.0288993 -0.0
0.0 4.0 0.0416563 -0.00739604
0.0 4.0 0.041023 -0.00739604
0.0 4.0 0.0303721 -0.0
0.0 4.0 0.0412092 -0.00739604
0.0 4.0 0.0418394 -0.00739604
0.0 4.0 0.0304789 -0.0
0.0 4.0 0.0321536 -0.0
0.0 5.0 0.0486073 -0.0
0.0 5.0 0.0398224 -0.0
0.0 5.0 0.0477794 -0.0
0.0 5.0 0.0420122 -0.0
0.0 5.0 0.0432856 -0.0
0.0 5.0 0.0564457 -0.00739604
0.0 5.0 0.0479482 -0.0
0.0 5.0 0.0471657 -0.0
0.0 5.0 0.056037 -0.00739604
0.0 5.0 0.0409154 -0.0
0.0 5.0 0.0419608 -0.0
0.0 5.0 0.047902 -0.0
0.0 5.0 0.0419562 -0.0
0.0 5.0 0.0466473 -0.0
0.0 5.0 0.0462488 -0.0
0.0 5.0 0.0444568 -0.0
0.0 5.0 0.0454385 -0.0
0.0 5.0 0.0580816 -0.00739604
0.0 5.0 0.0462472 -0.0
0.0 5.0 0.0538846 -0.00739604
0.0 5.0 0.0454643 -0.0
0.0 5.0 0.0388245 -0.0
0.0 5.0 0.0378975 -0.0
0.0 5.0 0.0457562 -0.0
0.0 5.0 0.0482467 -0.00739604
0.0 5.0 0.0497667 -0.00739604
0.0 5.0 0.0432212 -0.0
0.0 5.0 0.0440978 -0.0
0.0 5.0 0.0485685 -0.0
0.0 5.0 0.0401058 -0.0
0.0 5.0 0.0447639 -0.0
0.0 5.0 0.0470388 -0.0
0.0 5.0 0.0604217 -0.0
0.0 5.0 0.0475042 -0.0
0.0 5.0 0.0440629 -0.0
0.0 5.0 0.0388895 -0.0
0.0 5.0 0.0395413 -0.0
0.0 5.0 0.0431985 -0.0
0.0 5.0 0.0538386 -0.0
0.0 5.0 0.0380257 -0.0
0.0 5.0 0.053242 -0.00739604
0.0 5.0 0.0380471 -0.0
0.0 5.0 0.0453443 -0.0
0.0 5.0 0.0411873 -0.0
0.0 5.0 0.0670219 -0.0
0.0 5.0 0.0387066 -0.0
0.0 5.0 0.0465665 -0.0
0.0 5.0 0.0369422 -0.0
0.0 5.0 0.0445183 -0.0
0.0 5.0 0.0401807 -0.0
0.0 6.0 0.0413061 -0.0
0.0 6.0 0.0596748 -0.0
0.0 6.0 0.0534775 -0.0
0.0 6.0 0.0535503 -0.0
0.0 6.0 0.0424226 -0.0
0.0 6.0 0.0413938 -0.0
0.0 6.0 0.042193 -0.0
0.0 6.0 0.0539114 -0.00739604
0.0 6.0 0.0505018 -0.0
0.0 6.0 0.0446452 -0.0
0.0 6.0 0.067268 -0.0
0.0 6.0 0.0525993 -0.00739604
0.0 6.0 0.0434479 -0.0
0.0 6.0 0.0514118 -0.00739604
0.0 6.0 0.0508768 -0.0
0.0 6.0 0.0433764 -0.0
0.0 6.0 0.085455 -0.0
0.0 6.0 0.0590316 -0.0
0.0 6.0 0.0516672 -0.00739604
0.0 6.0 0.0419825 -0.0
0.0 6.0 0.0414138 -0.0
0.0 6.0 0.0532083 -0.00739604
0.0 6.0 0.0511346 -0.0
0.0 6.0 0.0587038 -0.0
0.0 6.0 0.0454306 -0.0
0.0 6.0 0.0507995 -0.0
0.0 6.0 0.0586008 -0.0
0.0 6.0 0.081061 -0.0
0.0 6.0 0.0404191 -0.0
0.0 6.0 0.044694 -0.0
0.0 6.0 0.0524307 -0.00739604
0.0 6.0 0.0530233 -0.00739604
0.0 6.0 0.0492986 -0.0
0.0 6.0 0.0540906 -0.00739604
0.0 6.0 0.0559974 -0.0
0.0 6.0 0.0511956 -0.0
0.0 6.0 0.0528177 -0.00739604
0.0 6.0 0.0458852 -0.0
0.0 6.0 0.0415796 -0.0
0.0 6.0 0.0508497 -0.0
0.0 6.0 0.0486583 -0.0
0.0 6.0 0.0445441 -0.0
0.0 6.0 0.0443202 -0.0
0.0 6.0 0.0415108 -0.0
0.0 6.0 0.0586433 -0.0
0.0 6.0 0.0449664 -0.0
0.0 6.0 0.051079 -0.00739604
0.0 6.0 0.0497215 -0.0
0.0 6.0 0.0531695 -0.0
0.0 6.0 0.0609958 -0.00739604
0.0 7.0 0.0576528 -0.00739604
0.0 7.0 0.0538864 -0.00986467
0.0 7.0 0.0495073 -0.0
0.0 7.0 0.0572051 -0.00739604
0.0 7.0 0.0495989 -0.0
0.0 7.0 0.0503018 -0.0
0.0 7.0 0.049692 -0.0
0.0 7.0 0.0597665 -0.0
0.0 7.0 0.0501881 -0.0
0.0 7.0 0.0584107 -0.0
0.0 7.0 0.0476039 -0.0
0.0 7.0 0.0473356 -0.0
0.0 7.0 0.0835927 -0.0
0.0 7.0 0.0593937 -0.00739604
0.0 7.0 0.0463905 -0.0
0.0 7.0 0.0516364 -0.0
0.0 7.0 0.0519583 -0.0
0.0 7.0 0.0471083 -0.0
0.0 7.0 0.0733354 -0.0
0.0 7.0 0.049895 -0.0
0.0 7.0 0.0565275 -0.00739604
0.0 7.0 0.056319 -0.00739604
0.0 7.0 0.0546122 -0.00739604
0.0 7.0 0.056727 -0.00739604
0.0 7.0 0.0808519 -0.00739604
0.0 7.0 0.0482085 -0.0
0.0 7.0 0.0574678 -0.0
0.0 7.0 0.0514721 -0.0
0.0 7.0 0.0624259 -0.0
0.0 7.0 0.0551847 -0.00739604
0.0 7.0 0.0542231 -0.00739604
0.0 7.0 0.0635094 -0.00739604
0.0 7.0 0.0649231 -0.00739604
0.0 7.0 0.0521406 -0.0
0.0 7.0 0.0500105 -0.0
0.0 7.0 0.0541702 -0.00739604
0.0 7.0 0.058897 -0.0
0.0 7.0 0.0644353 -0.0
0.0 7.0 0.0555042 -0.00739604
0.0 7.0 0.0665178 -0.0
0.0 7.0 0.0537758 -0.00739604
0.0 7.0 0.0735098 -0.0
0.0 7.0 0.0660968 -0.0
0.0 7.0 0.0495812 -0.0
0.0 7.0 0.0785623 -0.00739604
0.0 7.0 0.0498341 -0.0
0.0 7.0 0.0598455 -0.00739604
0.0 7.0 0.0533299 -0.0
0.0 7.0 0.0572354 -0.00739604
0.0 7.0 0.0515971 -0.0
0.0 8.0 0.0555852 -0.0
0.0 8.0 0.0683993 -0.0
0.0 8.0 0.0685643 -0.0
0.0 8.0 0.0612154 -0.00986467
0.0 8.0 0.0708024 -0.0
0.0 8.0 0.0584096 -0.0
0.0 8.0 0.0641068 -0.00739604
0.0 8.0 0.0556024 -0.0
0.0 8.0 0.0551132 -0.0
0.0 8.0 0.0802472 -0.0
0.0 8.0 0.0553574 -0.0
0.0 8.0 0.0617531 -0.00739604
0.0 8.0 0.0543036 -0.0
0.0 8.0 0.0694984 -0.0
0.0 8.0 0.0534647 -0.0
0.0 8.0 0.0567412 -0.0
0.0 8.0 0.0704367 -0.00739604
0.0 8.0 0.0606387 -0.00739604
0.0 8.0 0.067937 -0.0
0.0 8.0 0.0540452 -0.0
0.0 8.0 0.0526139 -0.0
0.0 8.0 0.084931 -0.00739604
0.0 8.0 0.0548424 -0.0
0.0 8.0 0.0579465 -0.00739604
0.0 8.0 0.0616719 -0.0
0.0 8.0 0.0621521 -0.0
0.0 8.0 0.071991 -0.0
0.0 8.0 0.0589516 -0.00739604
0.0 8.0 0.0537832 -0.0
0.0 8.0 0.0610188 -0.00739604
0.0 8.0 0.0536974 -0.0
0.0 8.0 0.0613832 -0.0
0.0 8.0 0.0580634 -0.00739604
0.0 8.0 0.0546488 -0.0
0.0 8.0 0.0536159 -0.0
0.0 8.0 0.0643836 -0.0
0.0 8.0 0.0867087 -0.00739604
0.0 8.0 0.0593351 -0.00739604
0.0 8.0 0.0544808 -0.0
0.0 8.0 0.0803639 -0.0
0.0 8.0 0.105394 -0.0
0.0 8.0 0.0545561 -0.0
0.0 8.0 0.0541837 -0.0
0.0 8.0 0.0644912 -0.0
0.0 8.0 0.0777544 -0.0
0.0 8.0 0.0779624 -0.0
0.0 8.0 0.106004 -0.0
0.0 8.0 0.0507448 -0.0
0.0 8.0 0.0545577 -0.0
0.0 8.0 0.069107 -0.0
0.0 9.0 0.0610773 -0.0
0.0 9.0 0.0638159 -0.0
0.0 9.0 0.0674742 -0.0
0.0 9.0 0.0736132 -0.0
0.0 9.0 0.0643234 -0.00739604
0.0 9.0 0.0826055 -0.0
0.0 9.0 0.0616022 -0.0
0.0 9.0 0.0596575 -0.0
0.0 9.0 0.0594943 -0.0
0.0 9.0 0.0845942 -0.0
0.0 9.0 0.111573 -0.00739604
0.0 9.0 0.0846517 -0.00739604
0.0 9.0 0.0746913 -0.0
0.0 9.0 0.0792894 -0.00739604
0.0 9.0 0.0694653 -0.0
0.0 9.0 0.0652156 -0.00739604
0.0 9.0 0.0842666 -0.0
0.0 9.0 0.0804554 -0.0
0.0 9.0 0.0671587 -0.00739604
0.0 9.0 0.0806552 -0.00739604
0.0 9.0 0.0732565 -0.0
0.0 9.0 0.0734112 -0.0
0.0 9.0 0.0782222 -0.00739604
0.0 9.0 0.0629977 -0.0
0.0 9.0 0.0626576 -0.0
0.0 9.0 0.0754503 -0.0
0.0 9.0 0.0602781 -0.0
0.0 9.0 0.071948 -0.0
0.0 9.0 0.0902469 -0.00739604
0.0 9.0 0.0609643 -0.0
0.0 9.0 0.0761873 -0.0
0.0 9.0 0.0699699 -0.00739604
0.0 9.0 0.0629406 -0.0
0.0 9.0 0.0781673 -0.0
0.0 9.0 0.0614226 -0.0
0.0 9.0 0.0605467 -0.0
0.0 9.0 0.0768909 -0.00739604
0.0 9.0 0.112141 -0.00739604
0.0 9.0 0.0591583 -0.0
0.0 9.0 0.0769487 -0.0
0.0 9.0 0.0824714 -0.00739604
0.0 9.0 0.0648139 -0.00739604
0.0 9.0 0.0785897 -0.0
0.0 9.0 0.0759854 -0.0
0.0 9.0 0.0663705 -0.00739604
0.0 9.0 0.105385 -0.0
0.0 9.0 0.0675713 -0.00739604
0.0 9.0 0.0786652 -0.0
0.0 9.0 0.107537 -0.0
0.0 9.0 0.0601345 -0.0
0.0 10.0 0.0830463 -0.0
0.0 10.0 0.0663438 -0.0
0.0 10.0 0.0702425 -0.00739604
0.0 10.0 0.0878688 -0.0
0.0 10.0 0.0690182 -0.00739604
0.0 10.0 0.0647583 -0.0
0.0 10.0 0.0655524 -0.0
0.0 10.0 0.0595717 -0.0
0.0 10.0 0.068696 -0.00739604
0.0 10.0 0.0662252 -0.00739604
0.0 10.0 0.0656304 -0.0
0.0 10.0 0.0786873 -0.0
0.0 10.0 0.0829982 -0.0
0.0 10.0 0.0952648 -0.0
0.0 10.0 0.0616712 -0.0
0.0 10.0 0.0651791 -0.0
0.0 10.0 0.0643887 -0.0
0.0 10.0 0.0662091 -0.0
0.0 10.0 0.064391 -0.0
0.0 10.0 0.0634922 -0.0
0.0 10.0 0.0917952 -0.0
0.0 10.0 0.0665075 -0.0
0.0 10.0 0.0623167 -0.0
0.0 10.0 0.0699584 -0.00739604
0.0 10.0 0.0748062 -0.0
0.0 10.0 0.0646067 -0.0
0.0 10.0 0.0666011 -0.0
0.0 10.0 0.0662384 -0.0
0.0 10.0 0.0938873 -0.00739604
0.0 10.0 0.0652911 -0.0
0.0 10.0 0.0648219 -0.0
0.0 10.0 0.0657974 -0.0
0.0 10.0 0.0650153 -0.0
0.0 10.0 0.0652912 -0.0
0.0 10.0 0.0782437 -0.0
0.0 10.0 0.0653032 -0.0
0.0 10.0 0.0641562 -0.0
0.0 10.0 0.0697114 -0.00739604
0.0 10.0 0.0676937 -0.0
0.0 10.0 0.0777974 -0.0
0.0 10.0 0.0674426 -0.0
0.0 10.0 0.0696433 -0.00739604
0.0 10.0 0.0655851 -0.00739604
0.0 10.0 0.0656031 -0.0
0.0 10.0 0.0675143 -0.0
0.0 10.0 0.0648216 -0.0
0.0 10.0 0.0705528 -0.00739604
0.0 10.0 0.0648137 -0.0
0.0 10.0 0.122299 -0.0
0.0 10.0 0.0735833 -0.00739604
0.0 11.0 0.0834174 -0.00739604
0.0 11.0 0.0692323 -0.0
0.0 11.0 0.0568957 -0.0
0.0 11.0 0.0717125 -0.0
0.0 11.0 0.0572207 -0.0
0.0 11.0 0.0581574 -0.0
0.0 11.0 0.0574033 -0.0
0.0 11.0 0.0609579 -0.0
0.0 11.0 0.0698136 -0.0
0.0 11.0 0.0574631 -0.0
0.0 11.0 0.056687 -0.0
0.0 11.0 0.0630507 -0.00739604
0.0 11.0 0.05819 -0.0
0.0 11.0 0.126815 -0.0
0.0 11.0 0.057483 -0.0
0.0 11.0 0.0614638 -0.00739604
0.0 11.0 0.0570718 -0.0
0.0 11.0 0.0690655 -0.0
0.0 11.0 0.05585 -0.0
0.0 11.0 0.0606042 -0.00739604
0.0 11.0 0.0567811 -0.0
0.0 11.0 0.0709759 -0.0
0.0 11.0 0.0935983 -0.0
0.0 11.0 0.0796358 -0.0
0.0 11.0 0.0569221 -0.0
0.0 11.0 0.0614302 -0.0
0.0 11.0 0.0813505 -0.00739604
0.0 11.0 0.0607975 -0.00739604
0.0 11.0 0.0789226 -0.00739604
0.0 11.0 0.0755231 -0.0
0.0 11.0 0.0609146 -0.00739604
0.0 11.0 0.0612792 -0.00739604
0.0 11.0 0.0569938 -0.0
0.0 11.0 0.0566683 -0.0
0.0 11.0 0.0634697 -0.00739604
0.0 11.0 0.0616604 -0.00739604
0.0 11.0 0.0571138 -0.0
0.0 11.0 0.0608122 -0.00739604
0.0 11.0 0.0935396 -0.0
0.0 11.0 0.0560693 -0.0
0.0 11.0 0.0776773 -0.00739604
0.0 11.0 0.0954917 -0.0
0.0 11.0 0.0561457 -0.0
0.0 11.0 0.0626812 -0.00739604
0.0 11.0 0.0693969 -0.0
0.0 11.0 0.0680815 -0.0
0.0 11.0 0.0854374 -0.00739604
0.0 11.0 0.0578959 -0.0
0.0 11.0 0.0613025 -0.00739604
0.0 11.0 0.0737647 -0.0
0.0 12.0 0.0570564 -0.0
0.0 12.0 0.0551929 -0.0
0.0 12.0 0.0604415 -0.00739604
0.0 12.0 0.0723242 -0.0
0.0 12.0 0.0558286 -0.0
0.0 12.0 0.0610082 -0.00739604
0.0 12.0 0.0557121 -0.0
0.0 12.0 0.0605005 -0.00739604
0.0 12.0 0.0813652 -0.0
0.0 12.0 0.118395 -0.0
0.0 12.0 0.0614083 -0.00739604
0.0 12.0 0.0567592 -0.0
0.0 12.0 0.0955056 -0.0
0.0 12.0 0.0798059 -0.0
0.0 12.0 0.0600085 -0.00739604
0.0 12.0 0.0761142 -0.0
0.0 12.0 0.0582896 -0.0
0.0 12.0 0.058533 -0.00739604
0.0 12.0 0.0621018 -0.00739604
0.0 12.0 0.0577203 -0.0
0.0 12.0 0.0546732 -0.0
0.0 12.0 0.056571 -0.0
0.0 12.0 0.0598409 -0.0
0.0 12.0 0.0627314 -0.00739604
0.0 12.0 0.0563396 -0.0
0.0 12.0 0.0564508 -0.0
0.0 12.0 0.0572512 -0.0
0.0 12.0 0.057046 -0.0
0.0 12.0 0.0568198 -0.0
0.0 12.0 0.0739399 -0.00739604
0.0 12.0 0.0609989 -0.00739604
0.0 12.0 0.0555247 -0.0
0.0 12.0 0.0579968 -0.0
0.0 12.0 0.0609127 -0.00739604
0.0 12.0 0.0577521 -0.0
0.0 12.0 0.0556466 -0.0
0.0 12.0 0.0825064 -0.0
0.0 12.0 0.0585814 -0.00739604
0.0 12.0 0.0571983 -0.0
0.0 12.0 0.122572 -0.00739604
0.0 12.0 0.118189 -0.0
0.0 12.0 0.0592684 -0.00739604
0.0 12.0 0.0547454 -0.0
0.0 12.0 0.056504 -0.0
0.0 12.0 0.0578555 -0.0
0.0 12.0 0.0582196 -0.0
0.0 12.0 0.0628923 -0.0
0.0 12.0 0.0579119 -0.0
0.0 12.0 0.0574094 -0.0
0.0 12.0 0.063069 -0.0
1.0 1.0 0.0824709 2.71828
1.0 1.0 0.0772962 2.71828
1.0 1.0 0.0789218 2.71828
1.0 1.0 0.0845472 2.71828
1.0 1.0 0.0842519 2.71828
1.0 1.0 0.0776362 2.71828
1.0 1.0 0.079156 2.71828
1.0 1.0 0.0790915 2.71828
1.0 1.0 0.0785071 2.71828
1.0 1.0 0.0858232 2.71828
1.0 1.0 0.0793522 2.71828
1.0 1.0 0.0792178 2.71828
1.0 1.0 0.0828677 2.71828
1.0 1.0 0.087265 2.71828
1.0 1.0 0.0881305 2.71828
1.0 1.0 0.0828674 2.71828
1.0 1.0 0.0835234 2.71828
1.0 1.0 0.102881 2.71828
1.0 1.0 0.0976851 2.71828
1.0 1.0 0.0814144 2.71828
1.0 1.0 0.09421 2.71828
1.0 1.0 0.0815391 2.71828
1.0 1.0 0.0780247 2.71828
1.0 1.0 0.0772231 2.71828
1.0 1.0 0.0857526 2.71828
1.0 1.0 0.0941691 2.71828
1.0 1.0 0.0788677 2.71828
1.0 1.0 0.0792588 2.71828
1.0 1.0 0.0823762 2.71828
1.0 1.0 0.0947126 2.71828
1.0 1.0 0.0840334 2.71828
1.0 1.0 0.0774041 2.71828
1.0 1.0 0.0937468 2.71828
1.0 1.0 0.0827109 2.71828
1.0 1.0 0.0785001 2.71828
1.0 1.0 0.0836014 2.71828
1.0 1.0 0.0835419 2.71828
1.0 1.0 0.0837892 2.71828
1.0 1.0 0.0801647 2.71828
1.0 1.0 0.0805238 2.71828
1.0 1.0 0.0778979 2.71828
1.0 1.0 0.0885669 2.71828
1.0 1.0 0.0835249 2.71828
1.0 1.0 0.0844493 2.71828
1.0 1.0 0.0878735 2.71828
1.0 1.0 0.0835147 2.71828
1.0 1.0 0.0787809 2.71828
1.0 1.0 0.0909348 2.71828
1.0 1.0 0.0795691 2.71828
1.0 1.0 0.0809973 2.71828
1.0 2.0 0.046782 2.71828
1.0 2.0 0.0464723 2.71828
1.0 2.0 0.0447153 2.71828
1.0 2.0 0.0457352 2.71828
1.0 2.0 0.0434915 2.71828
1.0 2.0 0.0475864 2.71828
1.0 2.0 0.0479396 2.71828
1.0 2.0 0.0451859 2.71828
1.0 2.0 0.0444127 2.71828
1.0 2.0 0.0450765 2.71828
1.0 2.0 0.0465731 2.71828
1.0 2.0 0.0448174 2.71828
1.0 2.0 0.0441422 2.71828
1.0 2.0 0.0450335 2.71828
1.0 2.0 0.0440305 2.71828
1.0 2.0 0.054581 2.71828
1.0 2.0 0.0456837 2.71828
1.0 2.0 0.0460618 2.71828
1.0 2.0 0.0485163 2.71828
1.0 2.0 0.044765 2.71828
1.0 2.0 0.0437101 2.71828
1.0 2.0 0.0454967 2.71828
1.0 2.0 0.0476753 2.71828
1.0 2.0 0.0513852 2.71828
1.0 2.0 0.0620539 2.71828
1.0 2.0 0.0470974 2.71828
1.0 2.0 0.045281 2.71828
1.0 2.0 0.0455961 2.71828
1.0 2.0 0.0458664 2.71828
1.0 2.0 0.0471578 2.71828
1.0 2.0 0.0437961 2.71828
1.0 2.0 0.048087 2.71828
1.0 2.0 0.0440854 2.71828
1.0 2.0 0.055285 2.71828
1.0 2.0 0.0473957 2.71828
1.0 2.0 0.0437082 2.71828
1.0 2.0 0.0456703 2.71828
1.0 2.0 0.0435699 2.71828
1.0 2.0 0.0454149 2.71828
1.0 2.0 0.0450254 2.71828
1.0 2.0 0.0479002 2.71828
1.0 2.0 0.0485761 2.71828
1.0 2.0 0.0483225 2.71828
1.0 2.0 0.0490114 2.71828
1.0 2.0 0.0460197 2.71828
1.0 2.0 0.0449574 2.71828
1.0 2.0 0.045741 2.71828
1.0 2.0 0.0436594 2.71828
1.0 2.0 0.0525354 2.71828
1.0 2.0 0.0452984 2.71828
1.0 3.0 0.037858 2.71828
1.0 3.0 0.0351261 2.71828
1.0 3.0 0.0364614 2.71828
1.0 3.0 0.0359051 2.71828
1.0 3.0 0.0365961 2.71828
1.0 3.0 0.0419985 2.71828
1.0 3.0 0.0358778 2.71828
1.0 3.0 0.0364153 2.71828
1.0 3.0 0.0360578 2.71828
1.0 3.0 0.0368298 2.71828
1.0 3.0 0.0363984 2.71828
1.0 3.0 0.034002 2.71828
1.0 3.0 0.0369584 2.71828
1.0 3.0 0.0376279 2.71828
1.0 3.0 0.0369975 2.71828
1.0 3.0 0.0358365 2.71828
1.0 3.0 0.0347906 2.71828
1.0 3.0 0.0346161 2.71828
1.0 3.0 0.0363178 2.71828
1.0 3.0 0.0415465 2.71828
1.0 3.0 0.0356194 2.71828
1.0 3.0 0.0348065 2.71828
1.0 3.0 0.0373072 2.71828
1.0 3.0 0.0360428 2.71828
1.0 3.0 0.0360472 2.71828
1.0 3.0 0.0363052 2.71828
1.0 3.0 0.0363184 2.71828
1.0 3.0 0.0377425 2.71828
1.0 3.0 0.0377094 2.71828
1.0 3.0 0.0361255 2.71828
1.0 3.0 0.0380511 2.71828
1.0 3.0 0.0339268 2.71828
1.0 3.0 0.0358859 2.71828
1.0 3.0 0.0361907 2.71828
1.0 3.0 0.0363701 2.71828
1.0 3.0 0.0356934 2.71828
1.0 3.0 0.0360729 2.71828
1.0 3.0 0.0364079 2.71828
1.0 3.0 0.0357345 2.71828
1.0 3.0 0.0364183 2.71828
1.0 3.0 0.0362682 2.71828
1.0 3.0 0.0364894 2.71828
1.0 3.0 0.0348442 2.71828
1.0 3.0 0.0359514 2.71828
1.0 3.0 0.0362843 2.71828
1.0 3.0 0.036013 2.71828
1.0 3.0 0.0361488 2.71828
1.0 3.0 0.0350141 2.71828
1.0 3.0 0.0351925 2.71828
1.0 3.0 0.0341937 2.71828
1.0 4.0 0.0381232 2.71828
1.0 4.0 0.0398916 2.71828
1.0 4.0 0.0381311 2.71828
1.0 4.0 0.0411007 2.71828
1.0 4.0 0.0406566 2.71828
1.0 4.0 0.0432296 2.71828
1.0 4.0 0.0437287 2.71828
1.0 4.0 0.0411282 2.71828
1.0 4.0 0.0447042 2.71828
1.0 4.0 0.0451169 2.71828
1.0 4.0 0.0449858 2.71828
1.0 4.0 0.0413963 2.71828
1.0 4.0 0.0394004 2.71828
1.0 4.0 0.0427339 2.71828
1.0 4.0 0.0443 2.71828
1.0 4.0 0.0420195 2.71828
1.0 4.0 0.0431069 2.71828
1.0 4.0 0.0450751 2.71828
1.0 4.0 0.0444433 2.71828
1.0 4.0 0.0439308 2.71828
1.0 4.0 0.0388106 2.71828
1.0 4.0 0.0399043 2.71828
1.0 4.0 0.0398702 2.71828
1.0 4.0 0.0367459 2.71828
1.0 4.0 0.0419389 2.71828
1.0 4.0 0.0428045 2.71828
1.0 4.0 0.0426877 2.71828
1.0 4.0 0.0422917 2.71828
1.0 4.0 0.0413222 2.71828
1.0 4.0 0.0404996 2.71828
1.0 4.0 0.041115 2.71828
1.0 4.0 0.0417178 2.71828
1.0 4.0 0.0363885 2.71828
1.0 4.0 0.0382945 2.71828
1.0 4.0 0.0381442 2.71828
1.0 4.0 0.0406479 2.71828
1.0 4.0 0.0412502 2.71828
1.0 4.0 0.0497427 2.71828
1.0 4.0 0.0352278 2.71828
1.0 4.0 0.0336251 2.71828
1.0 4.0 0.0378489 2.71828
1.0 4.0 0.0412807 2.71828
1.0 4.0 0.0511107 2.71828
1.0 4.0 0.0477687 2.71828
1.0 4.0 0.0387684 2.71828
1.0 4.0 0.036976 2.71828
1.0 4.0 0.0398052 2.71828
1.0 4.0 0.0401248 2.71828
1.0 4.0 0.0457462 2.71828
1.0 4.0 0.0483658 2.71828
1.0 5.0 0.0582866 2.71828
1.0 5.0 0.0409235 2.71828
1.0 5.0 0.046937 2.71828
1.0 5.0 0.0423351 2.71828
1.0 5.0 0.0513924 2.71828
1.0 5.0 0.0452372 2.71828
1.0 5.0 0.0432085 2.71828
1.0 5.0 0.0430486 2.71828
1.0 5.0 0.0579771 2.71828
1.0 5.0 0.0423131 2.71828
1.0 5.0 0.0451667 2.71828
1.0 5.0 0.0448949 2.71828
1.0 5.0 0.0452429 2.71828
1.0 5.0 0.0528821 2.71828
1.0 5.0 0.0417504 2.71828
1.0 5.0 0.0510132 2.71828
1.0 5.0 0.0430052 2.71828
1.0 5.0 0.0442765 2.71828
1.0 5.0 0.0464463 2.71828
1.0 5.0 0.0571694 2.71828
1.0 5.0 0.0535257 2.71828
1.0 5.0 0.0457866 2.71828
1.0 5.0 0.0503658 2.71828
1.0 5.0 0.0489901 2.71828
1.0 5.0 0.0460287 2.71828
1.0 5.0 0.051001 2.71828
1.0 5.0 0.0409086 2.71828
1.0 5.0 0.0434512 2.71828
1.0 5.0 0.0419927 2.71828
1.0 5.0 0.041761 2.71828
1.0 5.0 0.057359 2.71828
1.0 5.0 0.0503965 2.71828
1.0 5.0 0.0482221 2.71828
1.0 5.0 0.0416682 2.71828
1.0 5.0 0.0565221 2.71828
1.0 5.0 0.0463689 2.71828
1.0 5.0 0.0650016 2.71828
1.0 5.0 0.0433002 2.71828
1.0 5.0 0.0512572 2.71828
1.0 5.0 0.0446856 2.71828
1.0 5.0 0.0408812 2.71828
1.0 5.0 0.0426612 2.71828
1.0 5.0 0.043366 2.71828
1.0 5.0 0.0475949 2.71828
1.0 5.0 0.0524433 2.71828
1.0 5.0 0.0605567 2.71828
1.0 5.0 0.047223 2.71828
1.0 5.0 0.0395904 2.71828
1.0 5.0 0.0705148 2.71828
1.0 5.0 0.0504382 2.71828
1.0 6.0 0.051898 2.71828
1.0 6.0 0.0542227 2.71828
1.0 6.0 0.0440427 2.71828
1.0 6.0 0.0465587 2.71828
1.0 6.0 0.0530134 2.71828
1.0 6.0 0.0456713 2.71828
1.0 6.0 0.0458695 2.71828
1.0 6.0 0.0536796 2.71828
1.0 6.0 0.0588501 2.71828
1.0 6.0 0.044321 2.71828
1.0 6.0 0.051894 2.71828
1.0 6.0 0.0448687 2.71828
1.0 6.0 0.0654164 2.71828
1.0 6.0 0.0450572 2.71828
1.0 6.0 0.0488227 2.71828
1.0 6.0 0.0587865 2.71828
1.0 6.0 0.0493259 2.71828
1.0 6.0 0.0474183 2.71828
1.0 6.0 0.0461699 2.71828
1.0 6.0 0.045852 2.71828
1.0 6.0 0.0459672 2.71828
1.0 6.0 0.0564522 2.71828
1.0 6.0 0.0439504 2.71828
1.0 6.0 0.0466765 2.71828
1.0 6.0 0.0610845 2.71828
1.0 6.0 0.044814 2.71828
1.0 6.0 0.0455331 2.71828
1.0 6.0 0.0456942 2.71828
1.0 6.0 0.0554159 2.71828
1.0 6.0 0.0552826 2.71828
1.0 6.0 0.053125 2.71828
1.0 6.0 0.0466328 2.71828
1.0 6.0 0.0570177 2.71828
1.0 6.0 0.0542414 2.71828
1.0 6.0 0.0461893 2.71828
1.0 6.0 0.0464048 2.71828
1.0 6.0 0.0466651 2.71828
1.0 6.0 0.0472876 2.71828
1.0 6.0 0.0525937 2.71828
1.0 6.0 0.0602689 2.71828
1.0 6.0 0.0522204 2.71828
1.0 6.0 0.0452617 2.71828
1.0 6.0 0.0466418 2.71828
1.0 6.0 0.0473586 2.71828
1.0 6.0 0.0607101 2.71828
1.0 6.0 0.0539804 2.71828
1.0 6.0 0.0461504 2.71828
1.0 6.0 0.0457159 2.71828
1.0 6.0 0.0456749 2.71828
1.0 6.0 0.0469201 2.71828
1.0 7.0 0.0695258 2.71828
1.0 7.0 0.152224 2.71828
1.0 7.0 0.0495256 2.71828
1.0 7.0 0.0639995 2.71828
1.0 7.0 0.0738476 2.71828
1.0 7.0 0.0504261 2.71828
1.0 7.0 0.054382 2.71828
1.0 7.0 0.0677905 2.71828
1.0 7.0 0.0530843 2.71828
1.0 7.0 0.0790794 2.71828
1.0 7.0 0.0551469 2.71828
1.0 7.0 0.064813 2.71828
1.0 7.0 0.0706781 2.71828
1.0 7.0 0.0537417 2.71828
1.0 7.0 0.0526092 2.71828
1.0 7.0 0.0499149 2.71828
1.0 7.0 0.0504094 2.71828
1.0 7.0 0.0541372 2.71828
1.0 7.0 0.0553152 2.71828
1.0 7.0 0.0540124 2.71828
1.0 7.0 0.0512963 2.71828
1.0 7.0 0.0773761 2.71828
1.0 7.0 0.0517087 2.71828
1.0 7.0 0.0764273 2.71828
1.0 7.0 0.0508902 2.71828
1.0 7.0 0.0494047 2.71828
1.0 7.0 0.0503242 2.71828
1.0 7.0 0.0527396 2.71828
1.0 7.0 0.053014 2.71828
1.0 7.0 0.0644052 2.71828
1.0 7.0 0.0505123 2.71828
1.0 7.0 0.0628681 2.71828
1.0 7.0 0.0562954 2.71828
1.0 7.0 0.0521044 2.71828
1.0 7.0 0.0562002 2.71828
1.0 7.0 0.0523549 2.71828
1.0 7.0 0.0538536 2.71828
1.0 7.0 0.0751498 2.71828
1.0 7.0 0.0599168 2.71828
1.0 7.0 0.0557481 2.71828
1.0 7.0 0.0538329 2.71828
1.0 7.0 0.0497 2.71828
1.0 7.0 0.0515931 2.71828
1.0 7.0 0.0493539 2.71828
1.0 7.0 0.052766 2.71828
1.0 7.0 0.0515897 2.71828
1.0 7.0 0.0505103 2.71828
1.0 7.0 0.0491176 2.71828
1.0 7.0 0.0625521 2.71828
1.0 7.0 0.0509437 2.71828
1.0 8.0 0.0565193 2.71828
1.0 8.0 0.0673432 2.71828
1.0 8.0 0.0565315 2.71828
1.0 8.0 0.0559169 2.71828
1.0 8.0 0.0588223 2.71828
1.0 8.0 0.0720362 2.71828
1.0 8.0 0.0533962 2.71828
1.0 8.0 0.0773165 2.71828
1.0 8.0 0.0739605 2.71828
1.0 8.0 0.0557708 2.71828
1.0 8.0 0.0544822 2.71828
1.0 8.0 0.060664 2.71828
1.0 8.0 0.0528223 2.71828
1.0 8.0 0.0566716 2.71828
1.0 8.0 0.0597407 2.71828
1.0 8.0 0.0787457 2.71828
1.0 8.0 0.0826481 2.71828
1.0 8.0 0.0545953 2.71828
1.0 8.0 0.0680337 2.71828
1.0 8.0 0.0543444 2.71828
1.0 8.0 0.0567515 2.71828
1.0 8.0 0.0730323 2.71828
1.0 8.0 0.0523559 2.71828
1.0 8.0 0.0567368 2.71828
1.0 8.0 0.0583371 2.71828
1.0 8.0 0.0587565 2.71828
1.0 8.0 0.0677068 2.71828
1.0 8.0 0.0575368 2.71828
1.0 8.0 0.0543155 2.71828
1.0 8.0 0.0549966 2.71828
1.0 8.0 0.0555241 2.71828
1.0 8.0 0.0562093 2.71828
1.0 8.0 0.0750821 2.71828
1.0 8.0 0.0841746 2.71828
1.0 8.0 0.0789101 2.71828
1.0 8.0 0.0558773 2.71828
1.0 8.0 0.0579115 2.71828
1.0 8.0 0.0763173 2.71828
1.0 8.0 0.0563736 2.71828
1.0 8.0 0.0552178 2.71828
1.0 8.0 0.0563322 2.71828
1.0 8.0 0.0560633 2.71828
1.0 8.0 0.0557743 2.71828
1.0 8.0 0.051615 2.71828
1.0 8.0 0.0614078 2.71828
1.0 8.0 0.0557271 2.71828
1.0 8.0 0.0587573 2.71828
1.0 8.0 0.0562255 2.71828
1.0 8.0 0.0557031 2.71828
1.0 8.0 0.0564639 2.71828
1.0 9.0 0.0657337 2.71828
1.0 9.0 0.0617297 2.71828
1.0 9.0 0.0620434 2.71828
1.0 9.0 0.0618823 2.71828
1.0 9.0 0.0735238 2.71828
1.0 9.0 0.0735866 2.71828
1.0 9.0 0.068062 2.71828
1.0 9.0 0.0617412 2.71828
1.0 9.0 0.0623271 2.71828
1.0 9.0 0.0625133 2.71828
1.0 9.0 0.0622512 2.71828
1.0 9.0 0.0625841 2.71828
1.0 9.0 0.0623799 2.71828
1.0 9.0 0.0598353 2.71828
1.0 9.0 0.0801469 2.71828
1.0 9.0 0.0748425 2.71828
1.0 9.0 0.0689281 2.71828
1.0 9.0 0.0826681 2.71828
1.0 9.0 0.0740775 2.71828
1.0 9.0 0.0844868 2.71828
1.0 9.0 0.0807209 2.71828
1.0 9.0 0.0653522 2.71828
1.0 9.0 0.062319 2.71828
1.0 9.0 0.0622437 2.71828
1.0 9.0 0.106816 2.71828
1.0 9.0 0.0792827 2.71828
1.0 9.0 0.0636294 2.71828
1.0 9.0 0.0654023 2.71828
1.0 9.0 0.0754662 2.71828
1.0 9.0 0.0625671 2.71828
1.0 9.0 0.067905 2.71828
1.0 9.0 0.0767221 2.71828
1.0 9.0 0.0626363 2.71828
1.0 9.0 0.1087 2.71828
1.0 9.0 0.0617289 2.71828
1.0 9.0 0.0605279 2.71828
1.0 9.0 0.0624851 2.71828
1.0 9.0 0.0628756 2.71828
1.0 9.0 0.0633099 2.71828
1.0 9.0 0.0752006 2.71828
1.0 9.0 0.0676185 2.71828
1.0 9.0 0.0625894 2.71828
1.0 9.0 0.0619784 2.71828
1.0 9.0 0.0623158 2.71828
1.0 9.0 0.0697797 2.71828
1.0 9.0 0.0621946 2.71828
1.0 9.0 0.0731355 2.71828
1.0 9.0 0.0625432 2.71828
1.0 9.0 0.0609726 2.71828
1.0 9.0 0.0648532 2.71828
1.0 10.0 0.0696658 2.71828
1.0 10.0 0.0692523 2.71828
1.0 10.0 0.0674211 2.71828
1.0 10.0 0.0741707 2.71828
1.0 10.0 0.0651841 2.71828
1.0 10.0 0.0678245 2.71828
1.0 10.0 0.0856258 2.71828
1.0 10.0 0.066532 2.71828
1.0 10.0 0.112077 2.71828
1.0 10.0 0.0661574 2.71828
1.0 10.0 0.0662147 2.71828
1.0 10.0 0.0766486 2.71828
1.0 10.0 0.0656359 2.71828
1.0 10.0 0.0667404 2.71828
1.0 10.0 0.0665434 2.71828
1.0 10.0 0.0657696 2.71828
1.0 10.0 0.0648409 2.71828
1.0 10.0 0.0665349 2.71828
1.0 10.0 0.0875848 2.71828
1.0 10.0 0.0901499 2.71828
1.0 10.0 0.0648369 2.71828
1.0 10.0 0.0679305 2.71828
1.0 10.0 0.0639791 2.71828
1.0 10.0 0.0651042 2.71828
1.0 10.0 0.0673604 2.71828
1.0 10.0 0.0813122 2.71828
1.0 10.0 0.0953745 2.71828
1.0 10.0 0.108809 2.71828
1.0 10.0 0.0643398 2.71828
1.0 10.0 0.110082 2.71828
1.0 10.0 0.0802991 2.71828
1.0 10.0 0.0807458 2.71828
1.0 10.0 0.0644467 2.71828
1.0 10.0 0.0667521 2.71828
1.0 10.0 0.0848506 2.71828
1.0 10.0 0.0663155 2.71828
1.0 10.0 0.0672068 2.71828
1.0 10.0 0.0667945 2.71828
1.0 10.0 0.0673527 2.71828
1.0 10.0 0.0677346 2.71828
1.0 10.0 0.0670164 2.71828
1.0 10.0 0.0673009 2.71828
1.0 10.0 0.0677026 2.71828
1.0 10.0 0.0886794 2.71828
1.0 10.0 0.0862278 2.71828
1.0 10.0 0.066866 2.71828
1.0 10.0 0.0746655 2.71828
1.0 10.0 0.0663843 2.71828
1.0 10.0 0.0649796 2.71828
1.0 10.0 0.0653141 2.71828
1.0 11.0 0.0789813 2.71828
1.0 11.0 0.0591376 2.71828
1.0 11.0 0.0559833 2.71828
1.0 11.0 0.0580466 2.71828
1.0 11.0 0.0585329 2.71828
1.0 11.0 0.0571576 2.71828
1.0 11.0 0.0604817 2.71828
1.0 11.0 0.058523 2.71828
1.0 11.0 0.0589182 2.71828
1.0 11.0 0.058602 2.71828
1.0 11.0 0.059809 2.71828
1.0 11.0 0.0588392 2.71828
1.0 11.0 0.0613842 2.71828
1.0 11.0 0.0585588 2.71828
1.0 11.0 0.0589367 2.71828
1.0 11.0 0.0573333 2.71828
1.0 11.0 0.0599113 2.71828
1.0 11.0 0.0644733 2.71828
1.0 11.0 0.0588055 2.71828
1.0 11.0 0.0581174 2.71828
1.0 11.0 0.0729761 2.71828
1.0 11.0 0.0604469 2.71828
1.0 11.0 0.0591673 2.71828
1.0 11.0 0.0588344 2.71828
1.0 11.0 0.0596102 2.71828
1.0 11.0 0.0576789 2.71828
1.0 11.0 0.058713 2.71828
1.0 11.0 0.0614276 2.71828
1.0 11.0 0.059279 2.71828
1.0 11.0 0.0586138 2.71828
1.0 11.0 0.0672417 2.71828
1.0 11.0 0.0611992 2.71828
1.0 11.0 0.0594005 2.71828
1.0 11.0 0.068687 2.71828
1.0 11.0 0.0579347 2.71828
1.0 11.0 0.0539739 2.71828
1.0 11.0 0.062594 2.71828
1.0 11.0 0.0585337 2.71828
1.0 11.0 0.0616172 2.71828
1.0 11.0 0.0613555 2.71828
1.0 11.0 0.119683 2.71828
1.0 11.0 0.0587169 2.71828
1.0 11.0 0.0579307 2.71828
1.0 11.0 0.0582202 2.71828
1.0 11.0 0.0564672 2.71828
1.0 11.0 0.060729 2.71828
1.0 11.0 0.0776709 2.71828
1.0 11.0 0.0582888 2.71828
1.0 11.0 0.0587704 2.71828
1.0 11.0 0.0592862 2.71828
1.0 12.0 0.0576944 2.71828
1.0 12.0 0.0583836 2.71828
1.0 12.0 0.0574722 2.71828
1.0 12.0 0.0569949 2.71828
1.0 12.0 0.0570896 2.71828
1.0 12.0 0.0671286 2.71828
1.0 12.0 0.0667269 2.71828
1.0 12.0 0.109541 2.71828
1.0 12.0 0.0577331 2.71828
1.0 12.0 0.0573349 2.71828
1.0 12.0 0.0573349 2.71828
1.0 12.0 0.0573349 2.71828
1.0 12.0 0.0573349 2.71828
1.0 12.0 0.0573349 2.71828
1.0 12.0 0.0573349 2.71828
1.0 12.0 0.0573349 2.71828
1.0 12.0 0.0573349 2.71828
1.0 12.0 0.0573349 2.71828
1.0 12.0 0.0573349 2.71828
1.0 12.0 0.0573349 2.71828
1.0 12.0 0.0573349 2.71828
1.0 12.0 0.0573349 2.71828
1.0 12.0 0.0573349 2.71828
1.0 12.0 0.0573349 2.71828
1.0 12.0 0.0573349 2.71828
1.0 12.0 0.0573349 2.71828
1.0 12.0 0.0573349 2.71828
1.0 12.0 0.0573349 2.71828
1.0 12.0 0.0573349 2.71828
1.0 12.0 0.0573349 2.71828
1.0 12.0 0.0573349 2.71828
1.0 12.0 0.0573349 2.71828
1.0 12.0 0.0573349 2.71828
1.0 12.0 0.0573349 2.71828
1.0 12.0 0.0573349 2.71828
1.0 12.0 0.0573349 2.71828
1.0 12.0 0.0573349 2.71828
1.0 12.0 0.0573349 2.71828
1.0 12.0 0.0573349 2.71828
1.0 12.0 0.0573349 2.71828
1.0 12.0 0.0573349 2.71828
1.0 12.0 0.0573349 2.71828
1.0 12.0 0.0573349 2.71828
1.0 12.0 0.0573349 2.71828
1.0 12.0 0.0573349 2.71828
1.0 12.0 0.0573349 2.71828
1.0 12.0 0.0573349 2.71828
1.0 12.0 0.0573349 2.71828
1.0 12.0 0.0573349 2.71828
1.0 12.0 0.0573349 2.71828
2.0 1.0 0.976189 -8.43827e-33
2.0 1.0 0.865765 -8.43827e-33
2.0 1.0 0.648813 -0.0
2.0 1.0 0.600488 -0.0
2.0 1.0 0.79217 -8.43827e-33
2.0 1.0 0.793819 -8.43827e-33
2.0 1.0 0.608153 -0.0
2.0 1.0 0.60969 -0.0
2.0 1.0 0.806669 -4.33559e-32
2.0 1.0 0.624656 -0.0
2.0 1.0 0.846355 -8.43827e-33
2.0 1.0 0.608471 -0.0
2.0 1.0 0.321389 -0.0
2.0 1.0 0.83166 -8.43827e-33
2.0 1.0 0.289247 -0.0
2.0 1.0 0.823118 -5.02058e-32
2.0 1.0 0.607371 -0.0
2.0 1.0 0.801611 -8.43827e-33
2.0 1.0 0.846584 -8.43827e-33
2.0 1.0 0.840169 -5.02058e-32
2.0 1.0 0.806092 -8.43827e-33
2.0 1.0 0.842944 -8.43827e-33
2.0 1.0 0.982344 -8.43827e-33
2.0 1.0 0.908158 -2.01644e-31
2.0 1.0 0.80933 -8.43827e-33
2.0 1.0 0.628007 -0.0
2.0 1.0 0.971592 -8.43827e-33
2.0 1.0 0.789657 -8.43827e-33
2.0 1.0 0.82568 -2.01644e-31
2.0 1.0 0.81511 -8.43827e-33
2.0 1.0 0.81223 -8.43827e-33
2.0 1.0 0.844791 -5.02058e-32
2.0 1.0 0.854351 -5.02058e-32
2.0 1.0 0.869557 -4.33559e-32
2.0 1.0 0.605362 -0.0
2.0 1.0 0.743422 -0.0
2.0 1.0 0.796204 -8.43827e-33
2.0 1.0 0.797389 -2.01644e-31
2.0 1.0 0.797232 -8.43827e-33
2.0 1.0 0.811484 -8.43827e-33
2.0 1.0 0.602862 -0.0
2.0 1.0 0.625975 -0.0
2.0 1.0 0.851233 -8.43827e-33
2.0 1.0 0.861128 -8.43827e-33
2.0 1.0 0.856637 -8.43827e-33
2.0 1.0 0.822062 -4.33559e-32
2.0 1.0 0.640436 -0.0
2.0 1.0 0.624873 -0.0
2.0 1.0 0.90783 -8.43827e-33
2.0 1.0 0.818111 -2.01644e-31
2.0 2.0 0.432338 -6.77826e-31
2.0 2.0 0.419556 -8.43827e-33
2.0 2.0 0.41783 -5.02058e-32
2.0 2.0 0.414923 -8.43827e-33
2.0 2.0 0.439059 -8.43827e-33
2.0 2.0 0.164992 -0.0
2.0 2.0 0.433127 -8.43827e-33
2.0 2.0 0.4215 -8.43827e-33
2.0 2.0 0.338284 -0.0
2.0 2.0 0.336995 -0.0
2.0 2.0 0.44308 -2.03723e-31
2.0 2.0 0.451652 -5.02058e-32
2.0 2.0 0.306819 -0.0
2.0 2.0 0.406827 -2.01644e-31
2.0 2.0 0.440212 -8.43827e-33
2.0 2.0 0.407434 -2.03723e-31
2.0 2.0 0.425897 -8.43827e-33
2.0 2.0 0.310817 -0.0
2.0 2.0 0.339097 -0.0
2.0 2.0 0.334928 -0.0
2.0 2.0 0.416506 -5.02058e-32
2.0 2.0 0.453094 -5.02058e-32
2.0 2.0 0.440709 -8.43827e-33
2.0 2.0 0.444814 -8.43827e-33
2.0 2.0 0.161014 -0.0
2.0 2.0 0.163764 -0.0
2.0 2.0 0.164638 -0.0
2.0 2.0 0.152777 -0.0
2.0 2.0 0.456928 -8.43827e-33
2.0 2.0 0.413549 -5.02058e-32
2.0 2.0 0.403918 -8.43827e-33
2.0 2.0 0.316176 -0.0
2.0 2.0 0.425674 -2.01644e-31
2.0 2.0 0.415959 -4.33559e-32
2.0 2.0 0.317021 -0.0
2.0 2.0 0.455351 -5.02058e-32
2.0 2.0 0.446897 -8.43827e-33
2.0 2.0 0.440524 -4.33559e-32
2.0 2.0 0.442728 -5.02058e-32
2.0 2.0 0.337918 -0.0
2.0 2.0 0.345013 -0.0
2.0 2.0 0.470852 -4.33559e-32
2.0 2.0 0.4178 -2.01644e-31
2.0 2.0 0.340352 -0.0
2.0 2.0 0.329589 -0.0
2.0 2.0 0.453444 -8.43827e-33
2.0 2.0 0.441153 -5.02058e-32
2.0 2.0 0.312311 -0.0
2.0 2.0 0.456685 -8.43827e-33
2.0 2.0 0.416981 -5.02058e-32
2.0 3.0 0.227221 -0.0
2.0 3.0 0.289182 -8.43827e-33
2.0 3.0 0.298768 -8.43827e-33
2.0 3.0 0.239295 -0.0
2.0 3.0 0.114248 -0.0
2.0 3.0 0.115831 -0.0
2.0 3.0 0.23034 -0.0
2.0 3.0 0.301625 -2.01644e-31
2.0 3.0 0.226518 -0.0
2.0 3.0 0.307569 -5.02058e-32
2.0 3.0 0.302885 -8.43827e-33
2.0 3.0 0.301853 -8.43827e-33
2.0 3.0 0.300074 -8.43827e-33
2.0 3.0 0.230035 -0.0
2.0 3.0 0.286346 -8.43827e-33
2.0 3.0 0.108594 -0.0
2.0 3.0 0.300207 -8.43827e-33
2.0 3.0 0.301151 -8.43827e-33
2.0 3.0 0.304207 -5.02058e-32
2.0 3.0 0.225948 -0.0
2.0 3.0 0.292736 -5.02058e-32
2.0 3.0 0.286792 -8.43827e-33
2.0 3.0 0.285563 -8.43827e-33
2.0 3.0 0.229415 -0.0
2.0 3.0 0.108394 -0.0
2.0 3.0 0.291852 -8.43827e-33
2.0 3.0 0.303435 -8.43827e-33
2.0 3.0 0.226182 -0.0
2.0 3.0 0.302169 -8.43827e-33
2.0 3.0 0.223601 -0.0
2.0 3.0 0.226818 -0.0
2.0 3.0 0.229496 -0.0
2.0 3.0 0.288645 -5.02058e-32
2.0 3.0 0.301989 -8.43827e-33
2.0 3.0 0.230406 -0.0
2.0 3.0 0.301795 -4.33559e-32
2.0 3.0 0.302356 -8.43827e-33
2.0 3.0 0.284941 -4.33559e-32
2.0 3.0 0.225754 -0.0
2.0 3.0 0.300519 -8.43827e-33
2.0 3.0 0.306447 -2.03723e-31
2.0 3.0 0.302509 -8.43827e-33
2.0 3.0 0.219431 -0.0
2.0 3.0 0.285643 -8.43827e-33
2.0 3.0 0.288862 -5.02058e-32
2.0 3.0 0.113262 -0.0
2.0 3.0 0.303236 -5.02058e-32
2.0 3.0 0.21874 -0.0
2.0 3.0 0.298499 -8.43827e-33
2.0 3.0 0.300192 -8.43827e-33
2.0 4.0 0.212723 -8.43827e-33
2.0 4.0 0.142818 -0.0
2.0 4.0 0.132203 -0.0
2.0 4.0 0.125578 -0.0
2.0 4.0 0.194295 -8.43827e-33
2.0 4.0 0.0506241 -0.0
2.0 4.0 0.208519 -8.43827e-33
2.0 4.0 0.203027 -8.43827e-33
2.0 4.0 0.191501 -5.02058e-32
2.0 4.0 0.19929 -2.03723e-31
2.0 4.0 0.194982 -8.43827e-33
2.0 4.0 0.211628 -4.33559e-32
2.0 4.0 0.209061 -4.33559e-32
2.0 4.0 0.139332 -0.0
2.0 4.0 0.128868 -0.0
2.0 4.0 0.0519114 -0.0
2.0 4.0 0.0474069 -0.0
2.0 4.0 0.208898 -8.43827e-33
2.0 4.0 0.209081 -8.43827e-33
2.0 4.0 0.136508 -0.0
2.0 4.0 0.19771 -8.43827e-33
2.0 4.0 0.253073 -5.02058e-32
2.0 4.0 0.212306 -8.43827e-33
2.0 4.0 0.202006 -8.43827e-33
2.0 4.0 0.132027 -0.0
2.0 4.0 0.206983 -5.02058e-32
2.0 4.0 0.204221 -8.43827e-33
2.0 4.0 0.193401 -8.43827e-33
2.0 4.0 0.133892 -0.0
2.0 4.0 0.205271 -8.43827e-33
2.0 4.0 0.204721 -8.43827e-33
2.0 4.0 0.145089 -0.0
2.0 4.0 0.182339 -8.43827e-33
2.0 4.0 0.209848 -8.43827e-33
2.0 4.0 0.209251 -8.43827e-33
2.0 4.0 0.12331 -0.0
2.0 4.0 0.243129 -5.02058e-32
2.0 4.0 0.206503 -4.33559e-32
2.0 4.0 0.200528 -8.43827e-33
2.0 4.0 0.222641 -5.02058e-32
2.0 4.0 0.13848 -0.0
2.0 4.0 0.188884 -8.43827e-33
2.0 4.0 0.18919 -5.02058e-32
2.0 4.0 0.0532133 -0.0
2.0 4.0 0.213175 -8.43827e-33
2.0 4.0 0.122236 -0.0
2.0 4.0 0.136239 -0.0
2.0 4.0 0.196159 -2.03723e-31
2.0 4.0 0.201753 -4.33559e-32
2.0 4.0 0.208462 -5.02058e-32
2.0 5.0 0.168443 -8.43827e-33
2.0 5.0 0.159796 -8.43827e-33
2.0 5.0 0.160914 -5.02058e-32
2.0 5.0 0.183478 -4.33559e-32
2.0 5.0 0.1671 -8.43827e-33
2.0 5.0 0.158815 -8.43827e-33
2.0 5.0 0.198812 -8.43827e-33
2.0 5.0 0.164954 -8.43827e-33
2.0 5.0 0.0553019 -0.0
2.0 5.0 0.11021 -0.0
2.0 5.0 0.178014 -8.43827e-33
2.0 5.0 0.111781 -0.0
2.0 5.0 0.160531 -8.43827e-33
2.0 5.0 0.159382 -8.43827e-33
2.0 5.0 0.105968 -0.0
2.0 5.0 0.13333 -0.0
2.0 5.0 0.109622 -0.0
2.0 5.0 0.114586 -0.0
2.0 5.0 0.172259 -5.02058e-32
2.0 5.0 0.167467 -8.43827e-33
2.0 5.0 0.174008 -8.43827e-33
2.0 5.0 0.163509 -8.43827e-33
2.0 5.0 0.163428 -8.43827e-33
2.0 5.0 0.16956 -5.02058e-32
2.0 5.0 0.116339 -0.0
2.0 5.0 0.174691 -5.02058e-32
2.0 5.0 0.0597164 -0.0
2.0 5.0 0.106314 -0.0
2.0 5.0 0.184825 -6.77826e-31
2.0 5.0 0.166776 -8.43827e-33
2.0 5.0 0.112992 -0.0
2.0 5.0 0.108618 -0.0
2.0 5.0 0.116957 -0.0
2.0 5.0 0.0763761 -0.0
2.0 5.0 0.159474 -4.33559e-32
2.0 5.0 0.162523 -8.43827e-33
2.0 5.0 0.162803 -5.02058e-32
2.0 5.0 0.168868 -8.43827e-33
2.0 5.0 0.159961 -8.43827e-33
2.0 5.0 0.169977 -4.33559e-32
2.0 5.0 0.160499 -8.43827e-33
2.0 5.0 0.173865 -5.02058e-32
2.0 5.0 0.116229 -0.0
2.0 5.0 0.175349 -8.43827e-33
2.0 5.0 0.12189 -0.0
2.0 5.0 0.112462 -0.0
2.0 5.0 0.129066 -0.0
2.0 5.0 0.166156 -5.02058e-32
2.0 5.0 0.0566696 -0.0
2.0 5.0 0.187582 -8.43827e-33
2.0 6.0 0.108127 -0.0
2.0 6.0 0.160875 -8.43827e-33
2.0 6.0 0.188068 -8.43827e-33
2.0 6.0 0.169486 -5.02058e-32
2.0 6.0 0.111345 -0.0
2.0 6.0 0.0583915 -0.0
2.0 6.0 0.177169 -8.43827e-33
2.0 6.0 0.167472 -5.02058e-32
2.0 6.0 0.161019 -8.43827e-33
2.0 6.0 0.164425 -8.43827e-33
2.0 6.0 0.126052 -0.0
2.0 6.0 0.188599 -2.01644e-31
2.0 6.0 0.0613384 -0.0
2.0 6.0 0.16223 -2.03723e-31
2.0 6.0 0.11719 -0.0
2.0 6.0 0.16986 -8.43827e-33
2.0 6.0 0.168799 -5.02058e-32
2.0 6.0 0.114117 -0.0
2.0 6.0 0.157764 -8.43827e-33
2.0 6.0 0.161735 -6.77826e-31
2.0 6.0 0.259709 -8.43827e-33
2.0 6.0 0.169767 -5.02058e-32
2.0 6.0 0.160017 -8.43827e-33
2.0 6.0 0.165618 -8.43827e-33
2.0 6.0 0.0605357 -0.0
2.0 6.0 0.163152 -5.02058e-32
2.0 6.0 0.159546 -8.43827e-33
2.0 6.0 0.174619 -5.02058e-32
2.0 6.0 0.182553 -2.01644e-31
2.0 6.0 0.159747 -8.43827e-33
2.0 6.0 0.168297 -2.01644e-31
2.0 6.0 0.120837 -0.0
2.0 6.0 0.166387 -8.43827e-33
2.0 6.0 0.168658 -8.43827e-33
2.0 6.0 0.108752 -0.0
2.0 6.0 0.109294 -0.0
2.0 6.0 0.166707 -8.43827e-33
2.0 6.0 0.115078 -0.0
2.0 6.0 0.171397 -8.43827e-33
2.0 6.0 0.168513 -8.43827e-33
2.0 6.0 0.167415 -8.43827e-33
2.0 6.0 0.16928 -8.43827e-33
2.0 6.0 0.158263 -8.43827e-33
2.0 6.0 0.165573 -8.43827e-33
2.0 6.0 0.119341 -0.0
2.0 6.0 0.157585 -4.33559e-32
2.0 6.0 0.0539289 -0.0
2.0 6.0 0.159045 -8.43827e-33
2.0 6.0 0.161023 -8.43827e-33
2.0 6.0 0.152971 -8.43827e-33
2.0 7.0 0.103033 -0.0
2.0 7.0 0.151654 -8.43827e-33
2.0 7.0 0.142697 -5.02058e-32
2.0 7.0 0.148745 -4.33559e-32
2.0 7.0 0.104503 -0.0
2.0 7.0 0.142513 -5.02058e-32
2.0 7.0 0.116349 -0.0
2.0 7.0 0.143817 -8.43827e-33
2.0 7.0 0.123618 -0.0
2.0 7.0 0.15095 -8.43827e-33
2.0 7.0 0.142755 -8.43827e-33
2.0 7.0 0.139433 -4.33559e-32
2.0 7.0 0.152522 -8.43827e-33
2.0 7.0 0.0567366 -0.0
2.0 7.0 0.152089 -5.02058e-32
2.0 7.0 0.0572923 -0.0
2.0 7.0 0.144131 -8.43827e-33
2.0 7.0 0.151421 -5.02058e-32
2.0 7.0 0.164453 -8.43827e-33
2.0 7.0 0.101196 -0.0
2.0 7.0 0.139276 -8.43827e-33
2.0 7.0 0.139383 -8.43827e-33
2.0 7.0 0.141039 -8.43827e-33
2.0 7.0 0.111132 -0.0
2.0 7.0 0.161468 -8.43827e-33
2.0 7.0 0.15348 -8.43827e-33
2.0 7.0 0.140631 -8.43827e-33
2.0 7.0 0.173408 -8.43827e-33
2.0 7.0 0.105391 -0.0
2.0 7.0 0.140911 -5.02058e-32
2.0 7.0 0.154753 -2.03723e-31
2.0 7.0 0.16559 -1.7325e-31
2.0 7.0 0.140372 -8.43827e-33
2.0 7.0 0.113046 -0.0
2.0 7.0 0.103465 -0.0
2.0 7.0 0.0982059 -0.0
2.0 7.0 0.154719 -4.33559e-32
2.0 7.0 0.0725456 -0.0
2.0 7.0 0.145243 -8.43827e-33
2.0 7.0 0.140795 -8.43827e-33
2.0 7.0 0.123439 -0.0
2.0 7.0 0.124704 -0.0
2.0 7.0 0.100293 -0.0
2.0 7.0 0.125206 -0.0
2.0 7.0 0.102388 -0.0
2.0 7.0 0.104914 -0.0
2.0 7.0 0.158204 -8.43827e-33
2.0 7.0 0.150086 -8.43827e-33
2.0 7.0 0.140261 -4.33559e-32
2.0 7.0 0.165358 -8.43827e-33
2.0 8.0 0.150617 -2.01644e-31
2.0 8.0 0.104708 -0.0
2.0 8.0 0.0653354 -0.0
2.0 8.0 0.152052 -4.33559e-32
2.0 8.0 0.143818 -8.43827e-33
2.0 8.0 0.189941 -8.43827e-33
2.0 8.0 0.114427 -0.0
2.0 8.0 0.158682 -8.43827e-33
2.0 8.0 0.157637 -8.43827e-33
2.0 8.0 0.150431 -2.01644e-31
2.0 8.0 0.142938 -8.43827e-33
2.0 8.0 0.160653 -8.43827e-33
2.0 8.0 0.158362 -2.03723e-31
2.0 8.0 0.144729 -8.43827e-33
2.0 8.0 0.121832 -0.0
2.0 8.0 0.149943 -4.33559e-32
2.0 8.0 0.158506 -8.43827e-33
2.0 8.0 0.140682 -4.33559e-32
2.0 8.0 0.144211 -8.43827e-33
2.0 8.0 0.0625856 -0.0
2.0 8.0 0.156383 -8.43827e-33
2.0 8.0 0.143226 -8.43827e-33
2.0 8.0 0.143545 -2.03723e-31
2.0 8.0 0.102149 -0.0
2.0 8.0 0.171528 -5.02058e-32
2.0 8.0 0.164495 -8.43827e-33
2.0 8.0 0.210004 -8.43827e-33
2.0 8.0 0.143963 -5.02058e-32
2.0 8.0 0.112212 -0.0
2.0 8.0 0.129923 -0.0
2.0 8.0 0.143947 -8.43827e-33
2.0 8.0 0.160969 -4.33559e-32
2.0 8.0 0.110111 -0.0
2.0 8.0 0.146004 -5.02058e-32
2.0 8.0 0.145461 -5.02058e-32
2.0 8.0 0.143118 -8.43827e-33
2.0 8.0 0.0681503 -0.0
2.0 8.0 0.158743 -8.43827e-33
2.0 8.0 0.189304 -8.43827e-33
2.0 8.0 0.107937 -0.0
2.0 8.0 0.150611 -4.33559e-32
2.0 8.0 0.0890253 -0.0
2.0 8.0 0.106735 -0.0
2.0 8.0 0.150974 -5.02058e-32
2.0 8.0 0.103756 -0.0
2.0 8.0 0.143717 -4.33559e-32
2.0 8.0 0.144254 -2.01644e-31
2.0 8.0 0.142401 -4.33559e-32
2.0 8.0 0.149285 -5.02058e-32
2.0 8.0 0.14834 -5.02058e-32
2.0 9.0 0.128622 -4.33559e-32
2.0 9.0 0.140659 -8.43827e-33
2.0 9.0 0.13506 -2.01644e-31
2.0 9.0 0.131204 -8.43827e-33
2.0 9.0 0.130282 -8.43827e-33
2.0 9.0 0.146564 -8.43827e-33
2.0 9.0 0.131499 -5.02058e-32
2.0 9.0 0.143607 -8.43827e-33
2.0 9.0 0.14833 -8.43827e-33
2.0 9.0 0.164746 -8.43827e-33
2.0 9.0 0.0679726 -0.0
2.0 9.0 0.128929 -8.43827e-33
2.0 9.0 0.131331 -2.01644e-31
2.0 9.0 0.131443 -8.43827e-33
2.0 9.0 0.133308 -8.43827e-33
2.0 9.0 0.0982965 -0.0
2.0 9.0 0.0672599 -0.0
2.0 9.0 0.0999893 -0.0
2.0 9.0 0.131176 -5.02058e-32
2.0 9.0 0.105125 -0.0
2.0 9.0 0.126375 -8.43827e-33
2.0 9.0 0.145879 -8.43827e-33
2.0 9.0 0.129073 -6.77826e-31
2.0 9.0 0.153721 -8.43827e-33
2.0 9.0 0.134558 -4.33559e-32
2.0 9.0 0.133164 -8.43827e-33
2.0 9.0 0.110496 -0.0
2.0 9.0 0.131442 -6.77826e-31
2.0 9.0 0.134441 -4.33559e-32
2.0 9.0 0.132057 -8.43827e-33
2.0 9.0 0.134088 -5.02058e-32
2.0 9.0 0.129136 -4.33559e-32
2.0 9.0 0.182292 -8.43827e-33
2.0 9.0 0.128081 -4.33559e-32
2.0 9.0 0.133459 -8.43827e-33
2.0 9.0 0.129786 -8.43827e-33
2.0 9.0 0.134949 -2.03723e-31
2.0 9.0 0.128965 -8.43827e-33
2.0 9.0 0.130782 -8.43827e-33
2.0 9.0 0.18049 -8.43827e-33
2.0 9.0 0.105456 -0.0
2.0 9.0 0.0825926 -0.0
2.0 9.0 0.131302 -8.43827e-33
2.0 9.0 0.13714 -2.01644e-31
2.0 9.0 0.102015 -0.0
2.0 9.0 0.165857 -8.43827e-33
2.0 9.0 0.0970974 -0.0
2.0 9.0 0.0987412 -0.0
2.0 9.0 0.130962 -8.43827e-33
2.0 9.0 0.151306 -8.43827e-33
2.0 10.0 0.071273 -0.0
2.0 10.0 0.125404 -8.43827e-33
2.0 10.0 0.177102 -5.02058e-32
2.0 10.0 0.13755 -8.43827e-33
2.0 10.0 0.163881 -0.0
2.0 10.0 0.125995 -8.43827e-33
2.0 10.0 0.145525 -8.43827e-33
2.0 10.0 0.122704 -8.43827e-33
2.0 10.0 0.154844 -5.02058e-32
2.0 10.0 0.185998 -2.01644e-31
2.0 10.0 0.102105 -0.0
2.0 10.0 0.126307 -8.43827e-33
2.0 10.0 0.157536 -8.43827e-33
2.0 10.0 0.122224 -8.43827e-33
2.0 10.0 0.0687085 -0.0
2.0 10.0 0.180557 -2.03723e-31
2.0 10.0 0.187468 -8.43827e-33
2.0 10.0 0.125055 -4.33559e-32
2.0 10.0 0.190398 -8.43827e-33
2.0 10.0 0.126605 -5.02058e-32
2.0 10.0 0.144408 -0.0
2.0 10.0 0.105783 -0.0
2.0 10.0 0.126604 -8.43827e-33
2.0 10.0 0.130581 -8.43827e-33
2.0 10.0 0.0996933 -0.0
2.0 10.0 0.141546 -8.43827e-33
2.0 10.0 0.124941 -4.33559e-32
2.0 10.0 0.141103 -8.43827e-33
2.0 10.0 0.0765618 -0.0
2.0 10.0 0.130697 -0.0
2.0 10.0 0.127036 -4.33559e-32
2.0 10.0 0.125925 -8.43827e-33
2.0 10.0 0.117613 -0.0
2.0 10.0 0.12487 -8.43827e-33
2.0 10.0 0.173256 -8.43827e-33
2.0 10.0 0.127066 -2.01644e-31
2.0 10.0 0.100288 -0.0
2.0 10.0 0.129175 -5.02058e-32
2.0 10.0 0.124572 -8.43827e-33
2.0 10.0 0.0716229 -0.0
2.0 10.0 0.124549 -8.43827e-33
2.0 10.0 0.096383 -0.0
2.0 10.0 0.128089 -2.01644e-31
2.0 10.0 0.126571 -8.43827e-33
2.0 10.0 0.124137 -4.33559e-32
2.0 10.0 0.124635 -4.33559e-32
2.0 10.0 0.141648 -8.43827e-33
2.0 10.0 0.104768 -0.0
2.0 10.0 0.125165 -8.43827e-33
2.0 10.0 0.125237 -8.43827e-33
2.0 11.0 0.131379 -8.43827e-33
2.0 11.0 0.0618252 -0.0
2.0 11.0 0.12972 -4.33559e-32
2.0 11.0 0.11495 -5.02058e-32
2.0 11.0 0.112121 -5.02058e-32
2.0 11.0 0.1134 -8.43827e-33
2.0 11.0 0.11373 -8.43827e-33
2.0 11.0 0.0873767 -0.0
2.0 11.0 0.112726 -8.43827e-33
2.0 11.0 0.112893 -8.43827e-33
2.0 11.0 0.0847234 -0.0
2.0 11.0 0.128076 -8.43827e-33
2.0 11.0 0.111015 -8.43827e-33
2.0 11.0 0.11383 -8.43827e-33
2.0 11.0 0.134001 -8.43827e-33
2.0 11.0 0.08778 -0.0
2.0 11.0 0.088615 -0.0
2.0 11.0 0.0624948 -0.0
2.0 11.0 0.121218 -0.0
2.0 11.0 0.110598 -4.33559e-32
2.0 11.0 0.111483 -4.33559e-32
2.0 11.0 0.0885836 -0.0
2.0 11.0 0.167939 -4.33559e-32
2.0 11.0 0.113001 -8.43827e-33
2.0 11.0 0.113457 -8.43827e-33
2.0 11.0 0.111039 -8.43827e-33
2.0 11.0 0.101821 -0.0
2.0 11.0 0.0900163 -0.0
2.0 11.0 0.0665597 -0.0
2.0 11.0 0.133108 -8.43827e-33
2.0 11.0 0.117208 -5.02058e-32
2.0 11.0 0.100681 -0.0
2.0 11.0 0.0889171 -0.0
2.0 11.0 0.113184 -5.02058e-32
2.0 11.0 0.0852397 -0.0
2.0 11.0 0.103355 -0.0
2.0 11.0 0.0753481 -0.0
2.0 11.0 0.146197 -8.43827e-33
2.0 11.0 0.120523 -8.43827e-33
2.0 11.0 0.126097 -8.43827e-33
2.0 11.0 0.117626 -8.43827e-33
2.0 11.0 0.121676 -4.33559e-32
2.0 11.0 0.0634237 -0.0
2.0 11.0 0.112841 -8.43827e-33
2.0 11.0 0.10105 -0.0
2.0 11.0 0.0907474 -0.0
2.0 11.0 0.113882 -4.33559e-32
2.0 11.0 0.113938 -5.02058e-32
2.0 11.0 0.112007 -5.02058e-32
2.0 11.0 0.11243 -8.43827e-33
2.0 11.0 0.11243 -8.43827e-33
2.0 11.0 0.11243 -8.43827e-33
2.0 11.0 0.11243 -8.43827e-33
2.0 11.0 0.11243 -8.43827e-33
2.0 11.0 0.11243 -8.43827e-33
2.0 11.0 0.11243 -8.43827e-33
2.0 11.0 0.11243 -8.43827e-33
2.0 11.0 0.11243 -8.43827e-33
2.0 11.0 0.11243 -8.43827e-33
2.0 11.0 0.11243 -8.43827e-33
2.0 11.0 0.11243 -8.43827e-33
2.0 11.0 0.11243 -8.43827e-33
2.0 11.0 0.11243 -8.43827e-33
2.0 11.0 0.11243 -8.43827e-33
2.0 11.0 0.11243 -8.43827e-33
2.0 11.0 0.11243 -8.43827e-33
2.0 11.0 0.11243 -8.43827e-33
2.0 11.0 0.11243 -8.43827e-33
2.0 11.0 0.11243 -8.43827e-33
2.0 11.0 0.11243 -8.43827e-33
2.0 11.0 0.11243 -8.43827e-33
2.0 11.0 0.11243 -8.43827e-33
2.0 11.0 0.11243 -8.43827e-33
2.0 11.0 0.11243 -8.43827e-33
2.0 11.0 0.11243 -8.43827e-33
2.0 11.0 0.11243 -8.43827e-33
2.0 11.0 0.11243 -8.43827e-33
2.0 11.0 0.11243 -8.43827e-33
2.0 11.0 0.11243 -8.43827e-33
2.0 11.0 0.11243 -8.43827e-33
2.0 11.0 0.11243 -8.43827e-33
2.0 11.0 0.11243 -8.43827e-33
2.0 11.0 0.11243 -8.43827e-33
2.0 11.0 0.11243 -8.43827e-33
2.0 11.0 0.11243 -8.43827e-33
2.0 11.0 0.11243 -8.43827e-33
2.0 11.0 0.11243 -8.43827e-33
2.0 11.0 0.11243 -8.43827e-33
2.0 11.0 0.11243 -8.43827e-33
2.0 11.0 0.11243 -8.43827e-33
2.0 11.0 0.11243 -8.43827e-33
2.0 11.0 0.11243 -8.43827e-33
2.0 11.0 0.11243 -8.43827e-33
2.0 11.0 0.11243 -8.43827e-33
2.0 11.0 0.11243 -8.43827e-33
2.0 11.0 0.11243 -8.43827e-33
2.0 11.0 0.11243 -8.43827e-33
2.0 11.0 0.11243 -8.43827e-33
2.0 11.0 0.11243 -8.43827e-33
2.0 11.0 0.11243 -8.43827e-33
3.0 1.0 0.0694744 -0.0
3.0 1.0 0.0656004 -0.0
3.0 1.0 0.0663769 -0.0
3.0 1.0 0.0778596 -0.0
3.0 1.0 0.0628496 -0.0
3.0 1.0 0.079853 -0.0
3.0 1.0 0.0688041 -0.0
3.0 1.0 0.066429 -0.0
3.0 1.0 0.0740576 -0.0
3.0 1.0 0.0739286 -0.0
3.0 1.0 0.077082 -0.0
3.0 1.0 0.0725554 -0.0
3.0 1.0 0.0719781 -0.0
3.0 1.0 0.0658912 -0.0
3.0 1.0 0.075616 -0.0
3.0 1.0 0.0647634 -0.0
3.0 1.0 0.0709297 -0.0
3.0 1.0 0.0657775 -0.0
3.0 1.0 0.0608258 -0.0
3.0 1.0 0.0866313 -0.0
3.0 1.0 0.0760547 -0.0
3.0 1.0 0.073517 -0.0
3.0 1.0 0.0713465 -0.0
3.0 1.0 0.0721491 -0.0
3.0 1.0 0.0778058 -0.0
3.0 1.0 0.0788231 -0.0
3.0 1.0 0.0716864 -0.0
3.0 1.0 0.0650962 -0.0
3.0 1.0 0.0703826 -0.0
3.0 1.0 0.0762858 -0.0
3.0 1.0 0.0689524 -0.0
3.0 1.0 0.0764057 -0.0
3.0 1.0 0.0715958 -0.0
3.0 1.0 0.0685352 -0.0
3.0 1.0 0.078524 -0.0
3.0 1.0 0.083136 -0.0
3.0 1.0 0.0691255 -0.0
3.0 1.0 0.0688631 -0.0
3.0 1.0 0.0631978 -0.0
3.0 1.0 0.0687529 -0.0
3.0 1.0 0.0796113 -0.0
3.0 1.0 0.0711485 -0.0
3.0 1.0 0.0798521 -0.0
3.0 1.0 0.0664586 -0.0
3.0 1.0 0.0764403 -0.0
3.0 1.0 0.0635742 -0.0
3.0 1.0 0.066387 -0.0
3.0 1.0 0.0741164 -0.0
3.0 1.0 0.0747339 -0.0
3.0 1.0 0.0688893 -0.0
3.0 2.0 0.0375806 -0.0
3.0 2.0 0.0417835 -0.0
3.0 2.0 0.0445705 -0.0
3.0 2.0 0.0411743 -0.0
3.0 2.0 0.0413893 -0.0
3.0 2.0 0.0404364 -0.0
3.0 2.0 0.0395528 -0.0
3.0 2.0 0.0383156 -0.0
3.0 2.0 0.0402142 -0.0
3.0 2.0 0.0441722 -0.0
3.0 2.0 0.0441926 -0.0
3.0 2.0 0.0389292 -0.0
3.0 2.0 0.0403435 -0.0
3.0 2.0 0.0418469 -0.0
3.0 2.0 0.041404 -0.0
3.0 2.0 0.0409351 -0.0
3.0 2.0 0.0537616 -0.0
3.0 2.0 0.041796 -0.0
3.0 2.0 0.0394332 -0.0
3.0 2.0 0.039863 -0.0
3.0 2.0 0.04112 -0.0
3.0 2.0 0.0427792 -0.0
3.0 2.0 0.0387898 -0.0
3.0 2.0 0.0363126 -0.0
3.0 2.0 0.0400545 -0.0
3.0 2.0 0.0371148 -0.0
3.0 2.0 0.0401932 -0.0
3.0 2.0 0.0365943 -0.0
3.0 2.0 0.0396621 -0.0
3.0 2.0 0.0380979 -0.0
3.0 2.0 0.0383296 -0.0
3.0 2.0 0.04086 -0.0
3.0 2.0 0.040062 -0.0
3.0 2.0 0.0446821 -0.0
3.0 2.0 0.0391712 -0.0
3.0 2.0 0.0378819 -0.0
3.0 2.0 0.0407709 -0.0
3.0 2.0 0.0402314 -0.0
3.0 2.0 0.0384959 -0.0
3.0 2.0 0.0407228 -0.0
3.0 2.0 0.0399397 -0.0
3.0 2.0 0.0392733 -0.0
3.0 2.0 0.0381372 -0.0
3.0 2.0 0.0405625 -0.0
3.0 2.0 0.0383474 -0.0
3.0 2.0 0.041179 -0.0
3.0 2.0 0.0400938 -0.0
3.0 2.0 0.0408428 -0.0
3.0 2.0 0.0380187 -0.0
3.0 2.0 0.0393825 -0.0
3.0 3.0 0.0384599 -0.0
3.0 3.0 0.0326365 -0.0
3.0 3.0 0.036633 -0.0
3.0 3.0 0.0324626 -0.0
3.0 3.0 0.0321146 -0.0
3.0 3.0 0.0327428 -0.0
3.0 3.0 0.0316363 -0.0
3.0 3.0 0.0334357 -0.0
3.0 3.0 0.0321364 -0.0
3.0 3.0 0.0317024 -0.0
3.0 3.0 0.0342771 -0.0
3.0 3.0 0.0341517 -0.0
3.0 3.0 0.030628 -0.0
3.0 3.0 0.0301512 -0.0
3.0 3.0 0.0298039 -0.0
3.0 3.0 0.0311714 -0.0
3.0 3.0 0.0322247 -0.0
3.0 3.0 0.0343092 -0.0
3.0 3.0 0.0298611 -0.0
3.0 3.0 0.0305219 -0.0
3.0 3.0 0.0295794 -0.0
3.0 3.0 0.031501 -0.0
3.0 3.0 0.0316403 -0.0
3.0 3.0 0.0281941 -0.0
3.0 3.0 0.0343786 -0.0
3.0 3.0 0.0345524 -0.0
3.0 3.0 0.030147 -0.0
3.0 3.0 0.0353733 -0.0
3.0 3.0 0.0324011 -0.0
3.0 3.0 0.0317052 -0.0
3.0 3.0 0.0313396 -0.0
3.0 3.0 0.0331733 -0.0
3.0 3.0 0.0326032 -0.0
3.0 3.0 0.0312489 -0.0
3.0 3.0 0.0320367 -0.0
3.0 3.0 0.0316128 -0.0
3.0 3.0 0.0318406 -0.0
3.0 3.0 0.0306527 -0.0
3.0 3.0 0.0320779 -0.0
3.0 3.0 0.0357888 -0.0
3.0 3.0 0.0324329 -0.0
3.0 3.0 0.0340763 -0.0
3.0 3.0 0.0336433 -0.0
3.0 3.0 0.032587 -0.0
3.0 3.0 0.0317021 -0.0
3.0 3.0 0.0349431 -0.0
3.0 3.0 0.0329544 -0.0
3.0 3.0 0.0301093 -0.0
3.0 3.0 0.0298206 -0.0
3.0 3.0 0.0310518 -0.0
3.0 4.0 0.0444103 -0.0
3.0 4.0 0.0355494 -0.0
3.0 4.0 0.0360537 -0.0
3.0 4.0 0.0356816 -0.0
3.0 4.0 0.0379968 -0.0
3.0 4.0 0.0339933 -0.0
3.0 4.0 0.0331715 -0.0
3.0 4.0 0.0457921 -0.0
3.0 4.0 0.0295646 -0.0
3.0 4.0 0.0447973 -0.0
3.0 4.0 0.0339661 -0.0
3.0 4.0 0.04443 -0.0
3.0 4.0 0.0370974 -0.0
3.0 4.0 0.0289259 -0.0
3.0 4.0 0.0336772 -0.0
3.0 4.0 0.0342059 -0.0
3.0 4.0 0.0364457 -0.0
3.0 4.0 0.0318711 -0.0
3.0 4.0 0.0356859 -0.0
3.0 4.0 0.0427377 -0.0
3.0 4.0 0.0445191 -0.0
3.0 4.0 0.0348747 -0.0
3.0 4.0 0.0308302 -0.0
3.0 4.0 0.036499 -0.0
3.0 4.0 0.0387825 -0.0
3.0 4.0 0.0342188 -0.0
3.0 4.0 0.0357402 -0.0
3.0 4.0 0.0350222 -0.0
3.0 4.0 0.0345741 -0.0
3.0 4.0 0.035983 -0.0
3.0 4.0 0.0353401 -0.0
3.0 4.0 0.0432558 -0.0
3.0 4.0 0.0449157 -0.0
3.0 4.0 0.0340193 -0.0
3.0 4.0 0.0307544 -0.0
3.0 4.0 0.0320301 -0.0
3.0 4.0 0.0333652 -0.0
3.0 4.0 0.0354061 -0.0
3.0 4.0 0.0351637 -0.0
3.0 4.0 0.0317784 -0.0
3.0 4.0 0.0352974 -0.0
3.0 4.0 0.0337291 -0.0
3.0 4.0 0.0334862 -0.0
3.0 4.0 0.0347368 -0.0
3.0 4.0 0.0336224 -0.0
3.0 4.0 0.0352254 -0.0
3.0 4.0 0.0434369 -0.0
3.0 4.0 0.0300726 -0.0
3.0 4.0 0.0311651 -0.0
3.0 4.0 0.046324 -0.0
3.0 5.0 0.0501164 -0.0
3.0 5.0 0.0440326 -0.0
3.0 5.0 0.0370268 -0.0
3.0 5.0 0.0445298 -0.0
3.0 5.0 0.0425161 -0.0
3.0 5.0 0.0379142 -0.0
3.0 5.0 0.0463234 -0.0
3.0 5.0 0.0409391 -0.0
3.0 5.0 0.0482997 -0.0
3.0 5.0 0.0416943 -0.0
3.0 5.0 0.0404456 -0.0
3.0 5.0 0.0421564 -0.0
3.0 5.0 0.039679 -0.0
3.0 5.0 0.0401034 -0.0
3.0 5.0 0.043613 -0.0
3.0 5.0 0.0426773 -0.0
3.0 5.0 0.039419 -0.0
3.0 5.0 0.0421555 -0.0
3.0 5.0 0.0419892 -0.0
3.0 5.0 0.053098 -0.0
3.0 5.0 0.0432132 -0.0
3.0 5.0 0.0442872 -0.0
3.0 5.0 0.0388847 -0.0
3.0 5.0 0.0643669 -0.0
3.0 5.0 0.048693 -0.0
3.0 5.0 0.047036 -0.0
3.0 5.0 0.0396815 -0.0
3.0 5.0 0.0463258 -0.0
3.0 5.0 0.0476021 -0.0
3.0 5.0 0.0380385 -0.0
3.0 5.0 0.0375469 -0.0
3.0 5.0 0.0400399 -0.0
3.0 5.0 0.039831 -0.0
3.0 5.0 0.0494538 -0.0
3.0 5.0 0.0380682 -0.0
3.0 5.0 0.0484217 -0.0
3.0 5.0 0.0388737 -0.0
3.0 5.0 0.0408161 -0.0
3.0 5.0 0.0429192 -0.0
3.0 5.0 0.0407297 -0.0
3.0 5.0 0.0445655 -0.0
3.0 5.0 0.0484555 -0.0
3.0 5.0 0.0401904 -0.0
3.0 5.0 0.0468237 -0.0
3.0 5.0 0.0644503 -0.0
3.0 5.0 0.0624129 -0.0
3.0 5.0 0.039737 -0.0
3.0 5.0 0.0776119 -0.0
3.0 5.0 0.043378 -0.0
3.0 5.0 0.0480914 -0.0
3.0 6.0 0.0444518 -0.0
3.0 6.0 0.041989 -0.0
3.0 6.0 0.0420976 -0.0
3.0 6.0 0.0425519 -0.0
3.0 6.0 0.0595813 -0.0
3.0 6.0 0.0436126 -0.0
3.0 6.0 0.0441227 -0.0
3.0 6.0 0.0431956 -0.0
3.0 6.0 0.0421685 -0.0
3.0 6.0 0.0488837 -0.0
3.0 6.0 0.0519513 -0.0
3.0 6.0 0.0808091 -0.0
3.0 6.0 0.0439427 -0.0
3.0 6.0 0.044418 -0.0
3.0 6.0 0.0445579 -0.0
3.0 6.0 0.0489208 -0.0
3.0 6.0 0.0418373 -0.0
3.0 6.0 0.0505014 -0.0
3.0 6.0 0.0518799 -0.0
3.0 6.0 0.0432195 -0.0
3.0 6.0 0.0428771 -0.0
3.0 6.0 0.0521399 -0.0
3.0 6.0 0.0419971 -0.0
3.0 6.0 0.0452799 -0.0
3.0 6.0 0.0467302 -0.0
3.0 6.0 0.0422347 -0.0
3.0 6.0 0.0621525 -0.0
3.0 6.0 0.045677 -0.0
3.0 6.0 0.0474416 -0.0
3.0 6.0 0.0439613 -0.0
3.0 6.0 0.0523921 -0.0
3.0 6.0 0.0536643 -0.0
3.0 6.0 0.0448572 -0.0
3.0 6.0 0.0614728 -0.0
3.0 6.0 0.0436971 -0.0
3.0 6.0 0.0418751 -0.0
3.0 6.0 0.0416777 -0.0
3.0 6.0 0.0445381 -0.0
3.0 6.0 0.0455345 -0.0
3.0 6.0 0.0479937 -0.0
3.0 6.0 0.0411303 -0.0
3.0 6.0 0.044583 -0.0
3.0 6.0 0.0456024 -0.0
3.0 6.0 0.043026 -0.0
3.0 6.0 0.0482438 -0.0
3.0 6.0 0.0437226 -0.0
3.0 6.0 0.0542437 -0.0
3.0 6.0 0.042447 -0.0
3.0 6.0 0.0775973 -0.0
3.0 6.0 0.0575782 -0.0
3.0 7.0 0.0884183 -0.0
3.0 7.0 0.0657893 -0.0
3.0 7.0 0.0627652 -0.0
3.0 7.0 0.04987 -0.0
3.0 7.0 0.0639522 -0.0
3.0 7.0 0.0463682 -0.0
3.0 7.0 0.0507942 -0.0
3.0 7.0 0.0505473 -0.0
3.0 7.0 0.0494139 -0.0
3.0 7.0 0.0480887 -0.0
3.0 7.0 0.0498509 -0.0
3.0 7.0 0.0628336 -0.0
3.0 7.0 0.0488588 -0.0
3.0 7.0 0.0489008 -0.0
3.0 7.0 0.0511129 -0.0
3.0 7.0 0.0515432 -0.0
3.0 7.0 0.0527458 -0.0
3.0 7.0 0.0521785 -0.0
3.0 7.0 0.0506105 -0.0
3.0 7.0 0.0624988 -0.0
3.0 7.0 0.0741388 -0.0
3.0 7.0 0.0523129 -0.0
3.0 7.0 0.0617037 -0.0
3.0 7.0 0.0490227 -0.0
3.0 7.0 0.0475332 -0.0
3.0 7.0 0.0540255 -0.0
3.0 7.0 0.0491134 -0.0
3.0 7.0 0.0475578 -0.0
3.0 7.0 0.0534934 -0.0
3.0 7.0 0.0497566 -0.0
3.0 7.0 0.0557612 -0.0
3.0 7.0 0.0493048 -0.0
3.0 7.0 0.0508656 -0.0
3.0 7.0 0.0495465 -0.0
3.0 7.0 0.0534543 -0.0
3.0 7.0 0.0462545 -0.0
3.0 7.0 0.047789 -0.0
3.0 7.0 0.0477331 -0.0
3.0 7.0 0.0487312 -0.0
3.0 7.0 0.0489083 -0.0
3.0 7.0 0.0512028 -0.0
3.0 7.0 0.0535746 -0.0
3.0 7.0 0.0628611 -0.0
3.0 7.0 0.0481638 -0.0
3.0 7.0 0.0485255 -0.0
3.0 7.0 0.0696061 -0.0
3.0 7.0 0.0722702 -0.0
3.0 7.0 0.0521892 -0.0
3.0 7.0 0.053242 -0.0
3.0 7.0 0.0481042 -0.0
3.0 8.0 0.0521392 -0.0
3.0 8.0 0.076563 -0.0
3.0 8.0 0.0565539 -0.0
3.0 8.0 0.0790839 -0.0
3.0 8.0 0.0542725 -0.0
3.0 8.0 0.0740716 -0.0
3.0 8.0 0.0525215 -0.0
3.0 8.0 0.053213 -0.0
3.0 8.0 0.0548794 -0.0
3.0 8.0 0.0533042 -0.0
3.0 8.0 0.0741381 -0.0
3.0 8.0 0.0541254 -0.0
3.0 8.0 0.0765872 -0.0
3.0 8.0 0.0575444 -0.0
3.0 8.0 0.0572356 -0.0
3.0 8.0 0.0530197 -0.0
3.0 8.0 0.0537224 -0.0
3.0 8.0 0.0555795 -0.0
3.0 8.0 0.0521534 -0.0
3.0 8.0 0.0564442 -0.0
3.0 8.0 0.0531095 -0.0
3.0 8.0 0.0755825 -0.0
3.0 8.0 0.0539046 -0.0
3.0 8.0 0.0971244 -0.0
3.0 8.0 0.0535825 -0.0
3.0 8.0 0.0539367 -0.0
3.0 8.0 0.0553752 -0.0
3.0 8.0 0.0720374 -0.0
3.0 8.0 0.0553573 -0.0
3.0 8.0 0.0539336 -0.0
3.0 8.0 0.055521 -0.0
3.0 8.0 0.0553596 -0.0
3.0 8.0 0.0739567 -0.0
3.0 8.0 0.0730613 -0.0
3.0 8.0 0.0659093 -0.0
3.0 8.0 0.0547018 -0.0
3.0 8.0 0.0750983 -0.0
3.0 8.0 0.0543511 -0.0
3.0 8.0 0.114502 -0.0
3.0 8.0 0.0544592 -0.0
3.0 8.0 0.0602172 -0.0
3.0 8.0 0.0557794 -0.0
3.0 8.0 0.0748709 -0.0
3.0 8.0 0.0765762 -0.0
3.0 8.0 0.110745 -0.0
3.0 8.0 0.0560801 -0.0
3.0 8.0 0.0607333 -0.0
3.0 8.0 0.0530953 -0.0
3.0 8.0 0.0530515 -0.0
3.0 8.0 0.0578142 -0.0
3.0 9.0 0.0583332 -0.0
3.0 9.0 0.0715286 -0.0
3.0 9.0 0.060611 -0.0
3.0 9.0 0.100117 -0.0
3.0 9.0 0.0702164 -0.0
3.0 9.0 0.10302 -0.0
3.0 9.0 0.0615494 -0.0
3.0 9.0 0.0841681 -0.0
3.0 9.0 0.0604936 -0.0
3.0 9.0 0.114687 -0.0
3.0 9.0 0.060274 -0.0
3.0 9.0 0.0814239 -0.0
3.0 9.0 0.065187 -0.0
3.0 9.0 0.0612572 -0.0
3.0 9.0 0.061848 -0.0
3.0 9.0 0.0595156 -0.0
3.0 9.0 0.0599086 -0.0
3.0 9.0 0.068042 -0.0
3.0 9.0 0.0606843 -0.0
3.0 9.0 0.0600229 -0.0
3.0 9.0 0.0610765 -0.0
3.0 9.0 0.0619936 -0.0
3.0 9.0 0.0730955 -0.0
3.0 9.0 0.0605621 -0.0
3.0 9.0 0.0680797 -0.0
3.0 9.0 0.110382 -0.0
3.0 9.0 0.0609112 -0.0
3.0 9.0 0.0615078 -0.0
3.0 9.0 0.0609076 -0.0
3.0 9.0 0.0622941 -0.0
3.0 9.0 0.0589514 -0.0
3.0 9.0 0.0594285 -0.0
3.0 9.0 0.0652226 -0.0
3.0 9.0 0.0830748 -0.0
3.0 9.0 0.0671935 -0.0
3.0 9.0 0.0593025 -0.0
3.0 9.0 0.0620513 -0.0
3.0 9.0 0.0588546 -0.0
3.0 9.0 0.12678 -0.0
3.0 9.0 0.0778868 -0.0
3.0 9.0 0.0694071 -0.0
3.0 9.0 0.0607484 -0.0
3.0 9.0 0.0610421 -0.0
3.0 9.0 0.0807173 -0.0
3.0 9.0 0.0794146 -0.0
3.0 9.0 0.067808 -0.0
3.0 9.0 0.0600446 -0.0
3.0 9.0 0.0610273 -0.0
3.0 9.0 0.0616266 -0.0
3.0 9.0 0.0606248 -0.0
3.0 10.0 0.115282 -0.0
3.0 10.0 0.0697481 -0.0
3.0 10.0 0.0659688 -0.0
3.0 10.0 0.0657893 -0.0
3.0 10.0 0.0644812 -0.0
3.0 10.0 0.0696861 -0.0
3.0 10.0 0.0655843 -0.0
3.0 10.0 0.11682 -0.0
3.0 10.0 0.0655125 -0.0
3.0 10.0 0.0667875 -0.0
3.0 10.0 0.0649464 -0.0
3.0 10.0 0.0670932 -0.0
3.0 10.0 0.0647682 -0.0
3.0 10.0 0.0663797 -0.0
3.0 10.0 0.0673016 -0.0
3.0 10.0 0.0647514 -0.0
3.0 10.0 0.0623222 -0.0
3.0 10.0 0.0637878 -0.0
3.0 10.0 0.0644036 -0.0
3.0 10.0 0.064424 -0.0
3.0 10.0 0.0674602 -0.0
3.0 10.0 0.0653793 -0.0
3.0 10.0 0.108221 -0.0
3.0 10.0 0.0698133 -0.0
3.0 10.0 0.068485 -0.0
3.0 10.0 0.0654699 -0.0
3.0 10.0 0.114818 -0.0
3.0 10.0 0.0674812 -0.0
3.0 10.0 0.0722442 -0.0
3.0 10.0 0.108329 -0.0
3.0 10.0 0.0656119 -0.0
3.0 10.0 0.0650182 -0.0
3.0 10.0 0.106939 -0.0
3.0 10.0 0.0823321 -0.0
3.0 10.0 0.0629428 -0.0
3.0 10.0 0.0644202 -0.0
3.0 10.0 0.0638063 -0.0
3.0 10.0 0.063707 -0.0
3.0 10.0 0.0646524 -0.0
3.0 10.0 0.0642758 -0.0
3.0 10.0 0.0648145 -0.0
3.0 10.0 0.0716214 -0.0
3.0 10.0 0.0643397 -0.0
3.0 10.0 0.0808584 -0.0
3.0 10.0 0.0690026 -0.0
3.0 10.0 0.103183 -0.0
3.0 10.0 0.0712269 -0.0
3.0 10.0 0.108797 -0.0
3.0 10.0 0.113153 -0.0
3.0 10.0 0.0665105 -0.0
3.0 11.0 0.0956638 -0.0
3.0 11.0 0.0862505 -0.0
3.0 11.0 0.0579152 -0.0
3.0 11.0 0.0578049 -0.0
3.0 11.0 0.0667072 -0.0
3.0 11.0 0.0588273 -0.0
3.0 11.0 0.0564779 -0.0
3.0 11.0 0.0575846 -0.0
3.0 11.0 0.0813255 -0.0
3.0 11.0 0.053332 -0.0
3.0 11.0 0.0591795 -0.0
3.0 11.0 0.059997 -0.0
3.0 11.0 0.055872 -0.0
3.0 11.0 0.0548335 -0.0
3.0 11.0 0.0579397 -0.0
3.0 11.0 0.0579168 -0.0
3.0 11.0 0.057011 -0.0
3.0 11.0 0.0737789 -0.0
3.0 11.0 0.0937416 -0.0
3.0 11.0 0.0600279 -0.0
3.0 11.0 0.0570395 -0.0
3.0 11.0 0.0574774 -0.0
3.0 11.0 0.0572272 -0.0
3.0 11.0 0.0578822 -0.0
3.0 11.0 0.0735859 -0.0
3.0 11.0 0.0669483 -0.0
3.0 11.0 0.0806126 -0.0
3.0 11.0 0.0578498 -0.0
3.0 11.0 0.0564336 -0.0
3.0 11.0 0.095836 -0.0
3.0 11.0 0.0573817 -0.0
3.0 11.0 0.0756676 -0.0
3.0 11.0 0.0564825 -0.0
3.0 11.0 0.0594715 -0.0
3.0 11.0 0.0577385 -0.0
3.0 11.0 0.0568133 -0.0
3.0 11.0 0.0889488 -0.0
3.0 11.0 0.0582959 -0.0
3.0 11.0 0.0564126 -0.0
3.0 11.0 0.0568895 -0.0
3.0 11.0 0.0946365 -0.0
3.0 11.0 0.0587981 -0.0
3.0 11.0 0.0578309 -0.0
3.0 11.0 0.0694392 -0.0
3.0 11.0 0.0579306 -0.0
3.0 11.0 0.0605899 -0.0
3.0 11.0 0.0686819 -0.0
3.0 11.0 0.0752209 -0.0
3.0 11.0 0.0878913 -0.0
3.0 11.0 0.0666555 -0.0
3.0 11.0 0.0666555 -0.0
3.0 11.0 0.0666555 -0.0
3.0 11.0 0.0666555 -0.0
3.0 11.0 0.0666555 -0.0
3.0 11.0 0.0666555 -0.0
3.0 11.0 0.0666555 -0.0
3.0 11.0 0.0666555 -0.0
3.0 11.0 0.0666555 -0.0
3.0 11.0 0.0666555 -0.0
3.0 11.0 0.0666555 -0.0
3.0 11.0 0.0666555 -0.0
3.0 11.0 0.0666555 -0.0
3.0 11.0 0.0666555 -0.0
3.0 11.0 0.0666555 -0.0
3.0 11.0 0.0666555 -0.0
3.0 11.0 0.0666555 -0.0
3.0 11.0 0.0666555 -0.0
3.0 11.0 0.0666555 -0.0
3.0 11.0 0.0666555 -0.0
3.0 11.0 0.0666555 -0.0
3.0 11.0 0.0666555 -0.0
3.0 11.0 0.0666555 -0.0
3.0 11.0 0.0666555 -0.0
3.0 11.0 0.0666555 -0.0
3.0 11.0 0.0666555 -0.0
3.0 11.0 0.0666555 -0.0
3.0 11.0 0.0666555 -0.0
3.0 11.0 0.0666555 -0.0
3.0 11.0 0.0666555 -0.0
3.0 11.0 0.0666555 -0.0
3.0 11.0 0.0666555 -0.0
3.0 11.0 0.0666555 -0.0
3.0 11.0 0.0666555 -0.0
3.0 11.0 0.0666555 -0.0
3.0 11.0 0.0666555 -0.0
3.0 11.0 0.0666555 -0.0
3.0 11.0 0.0666555 -0.0
3.0 11.0 0.0666555 -0.0
3.0 11.0 0.0666555 -0.0
3.0 11.0 0.0666555 -0.0
3.0 11.0 0.0666555 -0.0
3.0 11.0 0.0666555 -0.0
3.0 11.0 0.0666555 -0.0
3.0 11.0 0.0666555 -0.0
3.0 11.0 0.0666555 -0.0
3.0 11.0 0.0666555 -0.0
3.0 11.0 0.0666555 -0.0
3.0 11.0 0.0666555 -0.0
3.0 11.0 0.0666555 -0.0
3.0 11.0 0.0666555 -0.0
4.0 1.0 0.313595 99.9924
4.0 1.0 0.312439 99.9936
4.0 1.0 0.342115 99.9966
4.0 1.0 0.292409 99.9633
4.0 1.0 0.326729 99.9703
4.0 1.0 0.323449 99.9851
4.0 1.0 0.331224 99.9851
4.0 1.0 0.322325 99.9792
4.0 1.0 0.269679 99.9513
4.0 1.0 0.328655 99.9851
4.0 1.0 0.303036 99.9794
4.0 1.0 0.342811 99.9925
4.0 1.0 0.309221 99.9516
4.0 1.0 0.342488 99.9848
4.0 1.0 0.296699 99.9884
4.0 1.0 0.359789 99.9752
4.0 1.0 0.334245 99.9988
4.0 1.0 0.297654 99.9818
4.0 1.0 0.277063 99.9516
4.0 1.0 0.38491 99.9955
4.0 1.0 0.360462 99.9851
4.0 1.0 0.351968 99.9516
4.0 1.0 0.344452 99.9825
4.0 1.0 0.359394 99.9997
4.0 1.0 0.314767 99.9752
4.0 1.0 0.31029 99.9748
4.0 1.0 0.334713 99.9752
4.0 1.0 0.341724 99.9833
4.0 1.0 0.317597 99.9866
4.0 1.0 0.288329 99.9646
4.0 1.0 0.294729 99.9633
4.0 1.0 0.328562 99.9792
4.0 1.0 0.319132 99.9699
4.0 1.0 0.319816 99.9851
4.0 1.0 0.343195 99.976
4.0 1.0 0.300609 99.9854
4.0 1.0 0.348227 99.9919
4.0 1.0 0.340938 99.9908
4.0 1.0 0.294322 99.9903
4.0 1.0 0.309557 99.9613
4.0 1.0 0.341832 99.9788
4.0 1.0 0.363251 99.9851
4.0 1.0 0.371013 99.9724
4.0 1.0 0.319729 99.9851
4.0 1.0 0.35123 99.988
4.0 1.0 0.337466 99.9869
4.0 1.0 0.314559 99.9896
4.0 1.0 0.363862 99.9872
4.0 1.0 0.320797 99.9873
4.0 1.0 0.327689 99.9862
4.0 2.0 0.16552 99.9895
4.0 2.0 0.169728 99.9959
4.0 2.0 0.157324 99.9549
4.0 2.0 0.172393 99.9864
4.0 2.0 0.156548 99.9693
4.0 2.0 0.194414 99.989
4.0 2.0 0.173232 99.9872
4.0 2.0 0.171251 99.9728
4.0 2.0 0.176038 99.9767
4.0 2.0 0.174037 99.9999
4.0 2.0 0.17726 99.9614
4.0 2.0 0.169526 99.9948
4.0 2.0 0.177664 99.9885
4.0 2.0 0.170655 99.9832
4.0 2.0 0.172192 99.998
4.0 2.0 0.195728 99.9782
4.0 2.0 0.166372 99.9754
4.0 2.0 0.181773 99.9996
4.0 2.0 0.173819 99.9982
4.0 2.0 0.19187 99.9766
4.0 2.0 0.17422 99.9987
4.0 2.0 0.156329 99.9815
4.0 2.0 0.168139 99.9825
4.0 2.0 0.210588 99.9912
4.0 2.0 0.183789 99.9788
4.0 2.0 0.170798 99.9522
4.0 2.0 0.204307 99.9941
4.0 2.0 0.164502 99.9826
4.0 2.0 0.177914 99.9951
4.0 2.0 0.188103 99.9857
4.0 2.0 0.170973 99.9833
4.0 2.0 0.166066 99.9762
4.0 2.0 0.15463 99.9622
4.0 2.0 0.197184 99.9936
4.0 2.0 0.188573 99.9724
4.0 2.0 0.168556 99.9885
4.0 2.0 0.180579 99.9691
4.0 2.0 0.156155 99.9823
4.0 2.0 0.17301 99.9816
4.0 2.0 0.180838 99.9953
4.0 2.0 0.181374 99.9857
4.0 2.0 0.183001 99.9875
4.0 2.0 0.177192 99.9808
4.0 2.0 0.175425 99.9729
4.0 2.0 0.183896 99.9796
4.0 2.0 0.172074 99.984
4.0 2.0 0.171051 99.9752
4.0 2.0 0.169856 99.9719
4.0 2.0 0.176636 99.9803
4.0 2.0 0.159305 99.9788
4.0 3.0 0.135886 99.9778
4.0 3.0 0.134745 99.9903
4.0 3.0 0.124414 99.993
4.0 3.0 0.134443 99.9974
4.0 3.0 0.132952 99.9752
4.0 3.0 0.127686 99.9696
4.0 3.0 0.12206 99.9823
4.0 3.0 0.129719 99.9953
4.0 3.0 0.134406 99.9883
4.0 3.0 0.125983 99.9978
4.0 3.0 0.121417 99.9819
4.0 3.0 0.132667 99.9866
4.0 3.0 0.122981 99.9814
4.0 3.0 0.13027 99.9998
4.0 3.0 0.132524 99.9546
4.0 3.0 0.112234 99.9048
4.0 3.0 0.120953 99.9762
4.0 3.0 0.130124 99.9925
4.0 3.0 0.121123 99.962
4.0 3.0 0.116311 99.9358
4.0 3.0 0.130416 99.9984
4.0 3.0 0.132952 99.9701
4.0 3.0 0.124378 99.9752
4.0 3.0 0.13194 99.99
4.0 3.0 0.115393 99.9261
4.0 3.0 0.138586 99.9752
4.0 3.0 0.128129 99.9853
4.0 3.0 0.118777 99.9892
4.0 3.0 0.129367 99.9777
4.0 3.0 0.129233 99.9869
4.0 3.0 0.130539 99.9768
4.0 3.0 0.122507 99.9778
4.0 3.0 0.121275 99.9894
4.0 3.0 0.114428 99.9546
4.0 3.0 0.133096 99.9989
4.0 3.0 0.110644 99.9816
4.0 3.0 0.132953 99.9762
4.0 3.0 0.119625 99.9821
4.0 3.0 0.124941 99.9464
4.0 3.0 0.124206 99.9728
4.0 3.0 0.133127 99.9607
4.0 3.0 0.132194 99.9685
4.0 3.0 0.130684 99.973
4.0 3.0 0.126231 99.9546
4.0 3.0 0.137595 99.9675
4.0 3.0 0.122098 99.978
4.0 3.0 0.116489 99.9766
4.0 3.0 0.132657 99.9983
4.0 3.0 0.1293 99.9874
4.0 3.0 0.133322 99.9929
4.0 4.0 0.983012 99.9752
4.0 4.0 0.836872 99.9983
4.0 4.0 0.549682 99.9762
4.0 4.0 0.999808 99.9787
4.0 4.0 0.675886 99.9761
4.0 4.0 0.554214 99.9656
4.0 4.0 0.507349 99.9933
4.0 4.0 0.724073 99.9752
4.0 4.0 0.506885 99.9515
4.0 4.0 0.536882 99.9752
4.0 4.0 0.885523 99.9891
4.0 4.0 0.541804 99.9725
4.0 4.0 0.761148 99.9752
4.0 4.0 0.436273 99.996
4.0 4.0 0.711009 99.961
4.0 4.0 0.791373 99.9901
4.0 4.0 0.776727 99.9908
4.0 4.0 0.914787 99.9947
4.0 4.0 0.477044 99.9752
4.0 4.0 0.521371 99.993
4.0 4.0 0.463008 99.9752
4.0 4.0 0.939891 99.9678
4.0 4.0 0.906118 99.9991
4.0 4.0 0.502921 99.9795
4.0 4.0 1.33452 99.9582
4.0 4.0 1.44481 99.9763
4.0 4.0 0.521274 99.9957
4.0 4.0 0.960433 99.9593
4.0 4.0 0.994972 99.983
4.0 4.0 1.11117 99.9752
4.0 4.0 0.513332 99.996
4.0 4.0 0.939271 99.9938
4.0 4.0 4.50538 99.99
4.0 4.0 1.09331 99.9752
4.0 4.0 0.80519 99.9762
4.0 4.0 0.873458 99.9515
4.0 4.0 0.560866 99.9941
4.0 4.0 1.59402 99.9752
4.0 4.0 0.485301 99.9973
4.0 4.0 0.456328 99.9921
4.0 4.0 0.729404 99.9752
4.0 4.0 1.03073 99.9801
4.0 4.0 0.482937 99.9757
4.0 4.0 0.519332 99.9984
4.0 4.0 1.83316 99.9762
4.0 4.0 1.36788 99.9915
4.0 4.0 1.74924 99.9957
4.0 4.0 1.12629 99.9752
4.0 4.0 0.554749 99.9655
4.0 4.0 1.08069 99.9873
4.0 5.0 1.46533 99.9768
4.0 5.0 1.07435 99.9558
4.0 5.0 1.1914 99.9762
4.0 5.0 3.23803 99.9762
4.0 5.0 2.85945 99.9719
4.0 5.0 1.0511 99.9936
4.0 5.0 4.4639 99.9973
4.0 5.0 0.633891 99.9845
4.0 5.0 3.8502 99.9752
4.0 5.0 2.24792 99.9825
4.0 5.0 2.02428 99.9981
4.0 5.0 0.64327 99.9762
4.0 5.0 2.51756 99.9838
4.0 5.0 3.0846 99.9983
4.0 5.0 4.24204 99.9762
4.0 5.0 2.595 99.9762
4.0 5.0 3.80382 99.9736
4.0 5.0 8.24589 99.957
4.0 5.0 4.0296 99.9962
4.0 5.0 5.39939 99.9762
4.0 5.0 3.10825 99.9606
4.0 5.0 1.60109 99.9762
4.0 5.0 1.74526 99.9762
4.0 5.0 2.07935 99.9723
4.0 5.0 0.581749 99.9752
4.0 5.0 1.59798 99.9965
4.0 5.0 2.12451 99.9805
4.0 5.0 1.56224 99.9752
4.0 5.0 0.577838 99.983
4.0 5.0 2.22915 99.9762
4.0 5.0 1.34483 99.9752
4.0 5.0 3.16252 99.9993
4.0 5.0 3.43541 99.9876
4.0 5.0 0.628881 99.9844
4.0 5.0 11.8437 99.996
4.0 5.0 1.59754 99.9991
4.0 5.0 9.94905 99.9869
4.0 5.0 12.5901 99.9977
4.0 5.0 2.03812 99.9752
4.0 5.0 3.82967 99.9762
4.0 5.0 3.51205 99.986
4.0 5.0 3.17636 99.9752
4.0 5.0 0.708583 99.9762
4.0 5.0 0.838345 99.9796
4.0 5.0 3.65127 99.9752
4.0 5.0 2.86256 99.9826
4.0 5.0 13.8298 99.9897
4.0 5.0 14.2457 99.979
4.0 5.0 14.0772 99.9526
4.0 5.0 20.2298 99.9815
4.0 6.0 0.637856 99.9752
4.0 6.0 0.60698 99.9704
4.0 6.0 0.597935 99.9961
4.0 6.0 0.540009 99.9762
4.0 6.0 1.30405 99.985
4.0 6.0 0.703787 99.9762
4.0 6.0 0.7489 99.9752
4.0 6.0 0.675022 99.9837
4.0 6.0 1.18898 99.9889
4.0 6.0 1.22074 99.9762
4.0 6.0 1.77795 99.9762
4.0 6.0 0.703296 99.9774
4.0 6.0 0.593402 99.9762
4.0 6.0 0.621748 99.9847
4.0 6.0 0.648187 99.9752
4.0 6.0 0.940835 99.9762
4.0 6.0 0.549507 99.9762
4.0 6.0 1.39776 99.9762
4.0 6.0 0.601561 99.9893
4.0 6.0 0.486276 99.9762
4.0 6.0 0.574479 99.9863
4.0 6.0 1.54218 99.9835
4.0 6.0 0.577522 99.9675
4.0 6.0 0.164298 99.9903
4.0 6.0 0.599893 99.9752
4.0 6.0 0.596759 99.9848
4.0 6.0 0.486428 99.9932
4.0 6.0 0.53335 99.9934
4.0 6.0 0.631122 99.9908
4.0 6.0 0.657109 99.9762
4.0 6.0 0.631778 99.9752
4.0 6.0 0.483889 99.9781
4.0 6.0 0.733035 99.9762
4.0 6.0 0.966403 99.9752
4.0 6.0 2.18388 99.9752
4.0 6.0 0.704255 99.9546
4.0 6.0 0.861298 99.9985
4.0 6.0 0.521414 99.9752
4.0 6.0 0.575904 99.9996
4.0 6.0 0.654758 99.9762
4.0 6.0 0.143602 99.9546
4.0 6.0 0.797305 99.9998
4.0 6.0 0.686451 99.9824
4.0 6.0 0.575069 99.9877
4.0 6.0 0.583227 99.9927
4.0 6.0 1.13737 99.9762
4.0 6.0 0.956379 99.9752
4.0 6.0 1.24256 99.9891
4.0 6.0 2.14477 99.9819
4.0 6.0 3.67973 99.9825
4.0 7.0 1.14848 99.9762
4.0 7.0 0.54478 99.9714
4.0 7.0 0.463596 99.9752
4.0 7.0 1.27288 99.9762
4.0 7.0 1.56262 99.9762
4.0 7.0 0.545971 99.9877
4.0 7.0 0.606765 99.9546
4.0 7.0 0.717597 99.9546
4.0 7.0 0.548056 99.9983
4.0 7.0 0.522896 99.9762
4.0 7.0 0.697402 99.9889
4.0 7.0 2.58365 99.9804
4.0 7.0 2.48653 99.9781
4.0 7.0 1.68122 99.9762
4.0 7.0 1.02732 99.9626
4.0 7.0 0.546531 99.9802
4.0 7.0 0.925358 99.9752
4.0 7.0 0.454471 99.9752
4.0 7.0 3.29591 99.9752
4.0 7.0 1.99768 99.9922
4.0 7.0 0.55335 99.9895
4.0 7.0 0.634742 99.9762
4.0 7.0 0.979834 99.995
4.0 7.0 0.693206 99.9762
4.0 7.0 0.59815 99.9599
4.0 7.0 2.50178 99.9852
4.0 7.0 1.08315 99.9762
4.0 7.0 2.12574 99.9955
4.0 7.0 1.36242 99.9762
4.0 7.0 0.602707 99.9805
4.0 7.0 0.50073 99.9969
4.0 7.0 3.45545 99.9901
4.0 7.0 2.18586 99.9762
4.0 7.0 0.4931 99.9911
4.0 7.0 0.689578 99.9855
4.0 7.0 0.696308 99.9762
4.0 7.0 0.522275 99.9975
4.0 7.0 0.571917 99.9876
4.0 7.0 0.517731 99.9551
4.0 7.0 0.678886 99.9752
4.0 7.0 0.582436 99.9952
4.0 7.0 0.693488 99.9752
4.0 7.0 0.636013 99.9823
4.0 7.0 0.996369 99.9515
4.0 7.0 0.590316 99.9751
4.0 7.0 0.785948 99.996
4.0 7.0 0.514994 99.9546
4.0 7.0 0.546818 99.9631
4.0 7.0 0.419179 99.9856
4.0 7.0 0.563939 99.9685
4.0 8.0 0.430836 99.9752
4.0 8.0 1.26023 99.988
4.0 8.0 1.28063 99.9991
4.0 8.0 0.579201 99.9798
4.0 8.0 0.52221 99.9546
4.0 8.0 1.14133 99.9868
4.0 8.0 1.80837 99.9873
4.0 8.0 0.484345 99.9902
4.0 8.0 0.541538 99.9827
4.0 8.0 0.482801 99.9761
4.0 8.0 0.548122 99.9762
4.0 8.0 1.5417 99.9804
4.0 8.0 0.596732 99.9816
4.0 8.0 1.08799 99.9996
4.0 8.0 1.44275 99.9762
4.0 8.0 0.572812 99.9901
4.0 8.0 0.506316 99.9923
4.0 8.0 0.545717 99.9817
4.0 8.0 0.40161 99.9752
4.0 8.0 0.447039 99.9762
4.0 8.0 1.16665 99.9643
4.0 8.0 1.96949 99.9752
4.0 8.0 0.771515 99.9752
4.0 8.0 1.03037 99.9914
4.0 8.0 0.767631 99.9722
4.0 8.0 0.531414 99.9762
4.0 8.0 1.17549 99.9973
4.0 8.0 0.576827 99.9762
4.0 8.0 1.32751 99.9928
4.0 8.0 0.544936 99.9781
4.0 8.0 0.629235 99.9823
4.0 8.0 0.542952 99.9752
4.0 8.0 0.537559 99.9966
4.0 8.0 0.500351 99.9833
4.0 8.0 1.82747 99.9752
4.0 8.0 0.842337 99.9762
4.0 8.0 0.57741 99.9762
4.0 8.0 3.43045 99.9992
4.0 8.0 0.54629 99.9965
4.0 8.0 0.554595 99.9849
4.0 8.0 1.96911 99.9515
4.0 8.0 0.607953 99.9782
4.0 8.0 0.561059 99.9943
4.0 8.0 0.538814 99.9791
4.0 8.0 0.656401 99.9984
4.0 8.0 0.573366 99.9752
4.0 8.0 0.81342 99.9965
4.0 8.0 0.525935 99.9922
4.0 8.0 0.52579 99.9946
4.0 8.0 0.56076 99.9948
4.0 9.0 2.03645 99.9858
4.0 9.0 0.627298 99.9762
4.0 9.0 1.52856 99.9923
4.0 9.0 1.55917 99.9898
4.0 9.0 0.61298 99.9797
4.0 9.0 2.19065 99.9797
4.0 9.0 1.70063 99.9883
4.0 9.0 0.636089 99.9762
4.0 9.0 1.29899 99.9762
4.0 9.0 0.622759 99.9941
4.0 9.0 2.22521 99.9752
4.0 9.0 0.566994 99.9755
4.0 9.0 0.612105 99.9846
4.0 9.0 0.665102 99.9762
4.0 9.0 0.551295 99.9826
4.0 9.0 0.53164 99.9965
4.0 9.0 0.586439 99.9762
4.0 9.0 0.587394 99.9762
4.0 9.0 0.563842 99.967
4.0 9.0 0.648025 99.9803
4.0 9.0 0.617481 99.9911
4.0 9.0 0.755536 99.9933
4.0 9.0 0.593242 99.9752
4.0 9.0 0.622817 99.9752
4.0 9.0 0.51487 99.986
4.0 9.0 0.61752 99.9998
4.0 9.0 0.606971 99.9877
4.0 9.0 0.663612 99.9546
4.0 9.0 0.573089 99.9569
4.0 9.0 0.64016 99.9805
4.0 9.0 0.766236 99.968
4.0 9.0 0.601137 99.9762
4.0 9.0 0.47024 99.9752
4.0 9.0 0.655976 99.9821
4.0 9.0 0.5424 99.9762
4.0 9.0 0.72804 99.9913
4.0 9.0 1.86321 99.9763
4.0 9.0 0.739291 99.9784
4.0 9.0 0.851906 99.9974
4.0 9.0 0.50053 99.9563
4.0 9.0 0.702814 99.9897
4.0 9.0 0.562989 99.9932
4.0 9.0 0.588875 99.9762
4.0 9.0 0.601089 99.9918
4.0 9.0 0.649916 99.99
4.0 9.0 1.68542 99.9794
4.0 9.0 0.684411 99.9765
4.0 9.0 0.938108 99.9756
4.0 9.0 0.691175 99.983
4.0 9.0 0.585836 99.982
4.0 10.0 1.43979 99.9762
4.0 10.0 2.01082 99.9975
4.0 10.0 1.19631 99.9985
4.0 10.0 1.02474 99.9752
4.0 10.0 0.145064 99.9752
4.0 10.0 3.41345 99.9752
4.0 10.0 1.93796 99.9725
4.0 10.0 0.678584 99.9914
4.0 10.0 2.13839 99.9752
4.0 10.0 1.15192 99.9968
4.0 10.0 0.631017 99.9851
4.0 10.0 2.51022 99.9985
4.0 10.0 1.46582 99.9935
4.0 10.0 0.64574 99.9854
4.0 10.0 0.950635 99.9833
4.0 10.0 1.8864 99.9911
4.0 10.0 0.746554 99.9752
4.0 10.0 0.592574 99.9979
4.0 10.0 1.57446 99.9987
4.0 10.0 0.776983 99.9873
4.0 10.0 0.601252 99.9862
4.0 10.0 1.8884 99.984
4.0 10.0 0.688101 99.982
4.0 10.0 0.633969 99.9814
4.0 10.0 2.43224 99.9801
4.0 10.0 0.79955 99.9762
4.0 10.0 1.30346 99.9818
4.0 10.0 0.615471 99.9762
4.0 10.0 0.813236 99.9963
4.0 10.0 0.559348 99.9876
4.0 10.0 0.600823 99.9848
4.0 10.0 2.16495 99.9762
4.0 10.0 0.529167 99.9849
4.0 10.0 0.522584 99.9762
4.0 10.0 0.647214 99.9984
4.0 10.0 0.13022 99.9954
4.0 10.0 0.755578 99.9974
4.0 10.0 0.593979 99.9752
4.0 10.0 0.575199 99.9762
4.0 10.0 0.584642 99.9904
4.0 10.0 0.743386 99.9884
4.0 10.0 1.50556 99.9868
4.0 10.0 0.157344 99.9813
4.0 10.0 0.672552 99.9752
4.0 10.0 0.641164 99.9986
4.0 10.0 0.897076 99.9751
4.0 10.0 0.907005 99.9982
4.0 10.0 0.76448 99.9938
4.0 10.0 1.40931 99.9752
4.0 10.0 1.43737 99.9988
4.0 11.0 0.4967 99.9787
4.0 11.0 0.785678 99.9752
4.0 11.0 0.632729 99.9685
4.0 11.0 0.827745 99.9961
4.0 11.0 0.610481 99.9942
4.0 11.0 0.96202 99.9762
4.0 11.0 1.28004 99.9853
4.0 11.0 1.4779 99.9948
4.0 11.0 1.79555 99.9874
4.0 11.0 1.25468 99.9996
4.0 11.0 0.545097 99.9893
4.0 11.0 0.699461 99.9752
4.0 11.0 0.600213 99.9696
4.0 11.0 0.603489 99.9546
4.0 11.0 0.490603 99.9897
4.0 11.0 0.479276 99.9817
4.0 11.0 0.782137 99.9916
4.0 11.0 0.626092 99.9762
4.0 11.0 0.699391 99.9762
4.0 11.0 0.726255 99.9959
4.0 11.0 0.574076 99.9897
4.0 11.0 0.598967 99.9762
4.0 11.0 0.519127 99.9752
4.0 11.0 1.28062 99.9762
4.0 11.0 0.538644 99.9752
4.0 11.0 0.628284 99.9762
4.0 11.0 1.83635 99.9907
4.0 11.0 1.66194 99.9846
4.0 11.0 0.918927 99.9945
4.0 11.0 1.57359 99.9762
4.0 11.0 0.575204 99.9765
4.0 11.0 0.576921 99.9762
4.0 11.0 0.481868 99.9762
4.0 11.0 0.559942 99.9995
4.0 11.0 0.634337 99.9752
4.0 11.0 0.589096 99.9853
4.0 11.0 0.737982 99.9998
4.0 11.0 0.632864 99.9802
4.0 11.0 0.695823 99.9894
4.0 11.0 0.501409 99.9872
4.0 11.0 0.870679 99.9752
4.0 11.0 0.622931 99.9752
4.0 11.0 0.472105 99.9762
4.0 11.0 0.526571 99.9762
4.0 11.0 0.604181 99.9894
4.0 11.0 0.509657 99.9597
4.0 11.0 0.831179 99.9776
4.0 11.0 0.575141 99.9894
4.0 11.0 0.62354 99.9961
4.0 11.0 1.56498 99.9752
4.0 11.0 1.56498 99.9752
4.0 11.0 1.56498 99.9752
4.0 11.0 1.56498 99.9752
4.0 11.0 1.56498 99.9752
4.0 11.0 1.56498 99.9752
4.0 11.0 1.56498 99.9752
4.0 11.0 1.56498 99.9752
4.0 11.0 1.56498 99.9752
4.0 11.0 1.56498 99.9752
4.0 11.0 1.56498 99.9752
4.0 11.0 1.56498 99.9752
4.0 11.0 1.56498 99.9752
4.0 11.0 1.56498 99.9752
4.0 11.0 1.56498 99.9752
4.0 11.0 1.56498 99.9752
4.0 11.0 1.56498 99.9752
4.0 11.0 1.56498 99.9752
4.0 11.0 1.56498 99.9752
4.0 11.0 1.56498 99.9752
4.0 11.0 1.56498 99.9752
4.0 11.0 1.56498 99.9752
4.0 11.0 1.56498 99.9752
4.0 11.0 1.56498 99.9752
4.0 11.0 1.56498 99.9752
4.0 11.0 1.56498 99.9752
4.0 11.0 1.56498 99.9752
4.0 11.0 1.56498 99.9752
4.0 11.0 1.56498 99.9752
4.0 11.0 1.56498 99.9752
4.0 11.0 1.56498 99.9752
4.0 11.0 1.56498 99.9752
4.0 11.0 1.56498 99.9752
4.0 11.0 1.56498 99.9752
4.0 11.0 1.56498 99.9752
4.0 11.0 1.56498 99.9752
4.0 11.0 1.56498 99.9752
4.0 11.0 1.56498 99.9752
4.0 11.0 1.56498 99.9752
4.0 11.0 1.56498 99.9752
4.0 11.0 1.56498 99.9752
4.0 11.0 1.56498 99.9752
4.0 11.0 1.56498 99.9752
4.0 11.0 1.56498 99.9752
4.0 11.0 1.56498 99.9752
4.0 11.0 1.56498 99.9752
4.0 11.0 1.56498 99.9752
4.0 11.0 1.56498 99.9752
4.0 11.0 1.56498 99.9752
4.0 11.0 1.56498 99.9752
4.0 11.0 1.56498 99.9752
5.0 1.0 55.3608 -20.9406
5.0 1.0 55.0005 -20.9406
5.0 1.0 55.2906 -20.797
5.0 1.0 55.4735 -20.9406
5.0 1.0 55.1686 -21.0462
5.0 1.0 55.1203 -20.9406
5.0 1.0 55.1204 -20.9406
5.0 1.0 54.8681 -20.9406
5.0 1.0 55.0605 -21.0462
5.0 1.0 55.3024 -21.0462
5.0 1.0 55.0025 -20.9406
5.0 1.0 55.2995 -20.9406
5.0 1.0 54.9986 -21.0462
5.0 1.0 55.0324 -20.9406
5.0 1.0 54.9004 -20.797
5.0 1.0 54.9556 -20.9406
5.0 1.0 55.0519 -20.9406
5.0 1.0 54.9469 -21.0462
5.0 1.0 55.2295 -20.9406
5.0 1.0 55.0447 -21.0462
5.0 1.0 55.0232 -20.9406
5.0 1.0 55.2597 -20.797
5.0 1.0 55.0831 -20.9406
5.0 1.0 55.147 -20.797
5.0 1.0 55.2832 -20.797
5.0 1.0 55.3102 -20.797
5.0 1.0 55.3793 -21.0462
5.0 1.0 55.0329 -20.9406
5.0 1.0 54.827 -20.9406
5.0 1.0 55.4563 -20.9406
5.0 1.0 55.0415 -20.9406
5.0 1.0 55.0321 -21.0462
5.0 1.0 55.0807 -20.9406
5.0 1.0 55.1042 -20.9406
5.0 1.0 55.3134 -20.797
5.0 1.0 55.0683 -20.9406
5.0 1.0 55.1909 -20.9406
5.0 1.0 55.0675 -20.9406
5.0 1.0 55.1414 -21.0462
5.0 1.0 55.2551 -20.797
5.0 1.0 55.1346 -21.0462
5.0 1.0 55.0535 -21.0462
5.0 1.0 55.3519 -20.9406
5.0 1.0 54.8442 -20.9406
5.0 1.0 55.02 -20.9406
5.0 1.0 54.7895 -20.9406
5.0 1.0 55.3326 -20.797
5.0 1.0 55.0742 -20.9406
5.0 1.0 55.3562 -20.9406
5.0 1.0 55.0621 -20.9406
5.0 2.0 28.0165 -20.797
5.0 2.0 27.5899 -21.0462
5.0 2.0 27.611 -20.9406
5.0 2.0 27.6269 -20.9406
5.0 2.0 28.8325 -20.9406
5.0 2.0 27.9402 -20.9406
5.0 2.0 27.5893 -20.9406
5.0 2.0 27.6146 -20.9406
5.0 2.0 27.6187 -20.9406
5.0 2.0 27.7601 -20.797
5.0 2.0 27.8646 -21.0462
5.0 2.0 27.5971 -20.9406
5.0 2.0 27.5899 -20.9406
5.0 2.0 27.833 -20.9406
5.0 2.0 27.63 -20.9406
5.0 2.0 27.5332 -20.9406
5.0 2.0 27.598 -20.9406
5.0 2.0 27.9491 -20.9406
5.0 2.0 27.523 -21.0462
5.0 2.0 27.6852 -20.797
5.0 2.0 27.5912 -20.9406
5.0 2.0 27.5562 -20.9406
5.0 2.0 27.5915 -20.9406
5.0 2.0 27.5761 -20.9406
5.0 2.0 27.5973 -20.9406
5.0 2.0 27.6102 -21.0462
5.0 2.0 27.8643 -20.9406
5.0 2.0 27.8528 -21.0462
5.0 2.0 27.7554 -20.797
5.0 2.0 27.5106 -20.9406
5.0 2.0 27.8468 -20.9406
5.0 2.0 27.6095 -20.9406
5.0 2.0 27.6043 -20.9406
5.0 2.0 27.8521 -20.9406
5.0 2.0 28.9172 -20.9406
5.0 2.0 27.7548 -20.797
5.0 2.0 27.6018 -21.0462
5.0 2.0 27.6443 -20.9406
5.0 2.0 27.5882 -20.9406
5.0 2.0 27.4793 -20.9406
5.0 2.0 27.5829 -21.0462
5.0 2.0 27.8668 -21.0462
5.0 2.0 27.748 -20.797
5.0 2.0 27.5895 -21.0462
5.0 2.0 27.6845 -20.8043
5.0 2.0 27.8791 -20.9406
5.0 2.0 27.7274 -20.797
5.0 2.0 27.9673 -20.797
5.0 2.0 27.6209 -20.9406
5.0 2.0 27.576 -21.0462
5.0 3.0 18.8334 -20.9406
5.0 3.0 18.8706 -21.0462
5.0 3.0 18.8514 -20.9406
5.0 3.0 18.9245 -20.9406
5.0 3.0 18.7003 -21.0462
5.0 3.0 19.054 -20.797
5.0 3.0 18.9337 -20.797
5.0 3.0 18.9843 -20.797
5.0 3.0 18.8624 -21.0462
5.0 3.0 18.9315 -20.9406
5.0 3.0 18.6905 -20.9406
5.0 3.0 18.8376 -20.9406
5.0 3.0 18.7838 -20.797
5.0 3.0 18.8701 -21.0462
5.0 3.0 18.8804 -20.9406
5.0 3.0 18.7183 -20.9406
5.0 3.0 18.8232 -21.0462
5.0 3.0 18.6903 -20.9406
5.0 3.0 18.8548 -21.0462
5.0 3.0 18.7819 -20.797
5.0 3.0 18.8653 -20.9406
5.0 3.0 18.8161 -20.9406
5.0 3.0 18.6997 -20.9406
5.0 3.0 18.6977 -20.9406
5.0 3.0 18.8575 -20.9406
5.0 3.0 18.7326 -20.7985
5.0 3.0 18.6944 -20.9406
5.0 3.0 18.7866 -20.797
5.0 3.0 19.6845 -20.9406
5.0 3.0 19.5236 -20.9406
5.0 3.0 18.8676 -20.797
5.0 3.0 18.8151 -20.9406
5.0 3.0 18.8036 -20.9406
5.0 3.0 18.8497 -20.9406
5.0 3.0 18.8498 -20.9406
5.0 3.0 18.8143 -20.9406
5.0 3.0 18.8865 -20.9406
5.0 3.0 18.8632 -20.9406
5.0 3.0 18.8499 -21.0462
5.0 3.0 19.6325 -21.0462
5.0 3.0 19.6164 -21.0462
5.0 3.0 19.5699 -21.0462
5.0 3.0 18.8366 -20.9406
5.0 3.0 18.8482 -20.9406
5.0 3.0 18.8714 -21.0462
5.0 3.0 18.8835 -20.9406
5.0 3.0 18.8501 -20.9406
5.0 3.0 18.8466 -21.0462
5.0 3.0 18.8574 -20.9406
5.0 3.0 18.7143 -21.0462
5.0 4.0 14.1096 -21.0462
5.0 4.0 14.0895 -20.9406
5.0 4.0 14.0536 -20.9406
5.0 4.0 14.2439 -20.9406
5.0 4.0 14.0855 -20.9406
5.0 4.0 14.1102 -20.9406
5.0 4.0 14.1114 -20.9406
5.0 4.0 14.1639 -20.9406
5.0 4.0 14.5885 -20.9406
5.0 4.0 14.9323 -20.797
5.0 4.0 14.1755 -20.9406
5.0 4.0 14.1894 -21.0462
5.0 4.0 15.2634 -20.797
5.0 4.0 14.164 -20.9406
5.0 4.0 14.3294 -20.9406
5.0 4.0 14.2059 -21.0462
5.0 4.0 14.1806 -20.9406
5.0 4.0 14.1356 -20.9406
5.0 4.0 14.1648 -20.9406
5.0 4.0 14.294 -20.9406
5.0 4.0 14.7727 -20.797
5.0 4.0 14.1541 -20.9406
5.0 4.0 14.1944 -21.0462
5.0 4.0 14.1794 -20.9406
5.0 4.0 14.1872 -20.9406
5.0 4.0 14.1894 -20.9406
5.0 4.0 14.1835 -21.0462
5.0 4.0 14.1566 -20.9406
5.0 4.0 14.1928 -20.9406
5.0 4.0 14.0756 -20.9406
5.0 4.0 14.1476 -21.0462
5.0 4.0 14.0797 -20.9406
5.0 4.0 14.1231 -20.9406
5.0 4.0 14.1835 -20.9406
5.0 4.0 14.2186 -21.0462
5.0 4.0 14.1549 -21.0462
5.0 4.0 14.1546 -20.9406
5.0 4.0 14.1787 -20.9406
5.0 4.0 14.1248 -20.9406
5.0 4.0 14.9841 -20.797
5.0 4.0 14.2909 -20.9406
5.0 4.0 15.1952 -20.797
5.0 4.0 14.1532 -21.0462
5.0 4.0 14.1414 -21.0462
5.0 4.0 14.2496 -20.9406
5.0 4.0 14.1947 -20.9406
5.0 4.0 14.1278 -20.9406
5.0 4.0 14.1467 -20.9406
5.0 4.0 14.2148 -20.9406
5.0 4.0 14.1205 -21.0462
5.0 5.0 11.4513 -20.9406
5.0 5.0 11.3191 -21.0462
5.0 5.0 11.3129 -20.9406
5.0 5.0 11.2936 -20.9406
5.0 5.0 11.3209 -20.9406
5.0 5.0 11.2792 -20.9406
5.0 5.0 12.6178 -20.797
5.0 5.0 11.8898 -20.797
5.0 5.0 11.2943 -20.9406
5.0 5.0 11.2978 -20.9406
5.0 5.0 11.3262 -21.0462
5.0 5.0 11.32 -21.0462
5.0 5.0 11.2745 -20.9406
5.0 5.0 11.3073 -20.9406
5.0 5.0 11.32 -21.0462
5.0 5.0 11.4395 -20.9406
5.0 5.0 12.2593 -20.797
5.0 5.0 11.3474 -21.0462
5.0 5.0 11.3981 -20.9406
5.0 5.0 11.3581 -20.9406
5.0 5.0 11.2592 -20.9406
5.0 5.0 11.292 -20.9406
5.0 5.0 12.4728 -20.797
5.0 5.0 11.2709 -20.9406
5.0 5.0 11.3226 -20.9406
5.0 5.0 11.3305 -20.9406
5.0 5.0 11.9129 -20.797
5.0 5.0 11.2457 -20.9406
5.0 5.0 11.2803 -20.9406
5.0 5.0 12.4907 -20.797
5.0 5.0 11.2566 -21.0462
5.0 5.0 11.3569 -21.0462
5.0 5.0 11.3094 -20.9406
5.0 5.0 11.3102 -20.9406
5.0 5.0 12.0993 -20.797
5.0 5.0 11.314 -21.0462
5.0 5.0 11.294 -20.9406
5.0 5.0 11.2529 -20.9406
5.0 5.0 11.277 -21.0462
5.0 5.0 11.4135 -21.0462
5.0 5.0 11.899 -20.797
5.0 5.0 11.2651 -20.9406
5.0 5.0 11.2817 -21.0462
5.0 5.0 11.2892 -20.9406
5.0 5.0 11.3001 -20.9406
5.0 5.0 11.967 -20.797
5.0 5.0 11.3009 -20.9406
5.0 5.0 11.4151 -20.9406
5.0 5.0 11.3008 -20.9406
5.0 5.0 11.3738 -20.9406
5.0 6.0 11.2349 -20.9406
5.0 6.0 11.5027 -20.9406
5.0 6.0 11.2643 -20.9406
5.0 6.0 11.4812 -20.9406
5.0 6.0 11.295 -20.9406
5.0 6.0 11.3079 -20.9406
5.0 6.0 11.2845 -21.0462
5.0 6.0 11.3255 -20.9406
5.0 6.0 11.9667 -20.7985
5.0 6.0 11.3401 -20.9406
5.0 6.0 11.3406 -20.9406
5.0 6.0 11.405 -20.9406
5.0 6.0 11.3122 -21.0462
5.0 6.0 11.315 -20.9406
5.0 6.0 11.2864 -20.9406
5.0 6.0 11.232 -20.9406
5.0 6.0 11.2517 -20.9406
5.0 6.0 11.275 -20.9406
5.0 6.0 11.301 -20.9406
5.0 6.0 11.2895 -20.9406
5.0 6.0 11.2421 -21.0462
5.0 6.0 11.3281 -20.9406
5.0 6.0 11.2989 -21.0462
5.0 6.0 11.2833 -20.9406
5.0 6.0 11.3264 -20.9406
5.0 6.0 11.2428 -20.9406
5.0 6.0 11.2724 -20.9406
5.0 6.0 11.0971 -20.9406
5.0 6.0 11.2896 -20.9406
5.0 6.0 11.2772 -20.9406
5.0 6.0 11.2454 -20.9406
5.0 6.0 11.2539 -21.0462
5.0 6.0 11.8339 -20.797
5.0 6.0 11.3596 -20.9406
5.0 6.0 11.2753 -20.9406
5.0 6.0 11.2667 -21.0462
5.0 6.0 11.3474 -21.0462
5.0 6.0 11.2344 -20.9406
5.0 6.0 11.2513 -20.9406
5.0 6.0 11.5187 -20.9406
5.0 6.0 11.2609 -20.9406
5.0 6.0 11.2849 -20.9406
5.0 6.0 11.2926 -20.9406
5.0 6.0 11.2481 -20.9406
5.0 6.0 12.065 -20.797
5.0 6.0 11.2967 -21.0462
5.0 6.0 11.5833 -20.7985
5.0 6.0 11.4619 -20.9406
5.0 6.0 11.5045 -20.9406
5.0 6.0 11.2863 -21.0462
5.0 7.0 9.04687 -20.9406
5.0 7.0 9.22635 -20.9406
5.0 7.0 9.01546 -20.9406
5.0 7.0 9.07684 -20.9406
5.0 7.0 9.38037 -20.9406
5.0 7.0 9.1277 -21.0462
5.0 7.0 9.04501 -20.9406
5.0 7.0 9.02753 -20.9406
5.0 7.0 9.09228 -20.9406
5.0 7.0 9.11606 -21.0462
5.0 7.0 9.06066 -20.9406
5.0 7.0 9.09774 -20.9406
5.0 7.0 9.06727 -20.9406
5.0 7.0 9.04212 -21.0462
5.0 7.0 9.03099 -20.9406
5.0 7.0 9.02335 -20.9406
5.0 7.0 9.12335 -20.9406
5.0 7.0 9.08648 -20.9406
5.0 7.0 9.02484 -20.9406
5.0 7.0 9.05827 -20.9406
5.0 7.0 9.06607 -20.9406
5.0 7.0 9.16202 -20.9406
5.0 7.0 9.10265 -20.9406
5.0 7.0 9.09433 -20.9406
5.0 7.0 9.3381 -20.9406
5.0 7.0 9.00745 -21.0462
5.0 7.0 9.07019 -20.9406
5.0 7.0 9.04748 -20.9406
5.0 7.0 9.0432 -21.0462
5.0 7.0 9.03064 -20.9406
5.0 7.0 9.02424 -20.9406
5.0 7.0 9.04917 -20.9406
5.0 7.0 9.11744 -20.9406
5.0 7.0 9.06861 -21.0462
5.0 7.0 9.01239 -20.9406
5.0 7.0 9.02776 -20.9406
5.0 7.0 9.02589 -20.9406
5.0 7.0 9.05414 -20.9406
5.0 7.0 9.06157 -20.9406
5.0 7.0 9.27715 -20.9406
5.0 7.0 9.10153 -20.9406
5.0 7.0 9.12439 -20.9406
5.0 7.0 9.13753 -21.0462
5.0 7.0 9.44604 -20.797
5.0 7.0 9.10321 -20.9406
5.0 7.0 9.07307 -21.0462
5.0 7.0 9.00377 -20.9406
5.0 7.0 9.01885 -20.9406
5.0 7.0 9.06366 -20.9406
5.0 7.0 9.49992 -20.797
5.0 8.0 10.1082 -20.797
5.0 8.0 9.55848 -20.797
5.0 8.0 9.11627 -21.0462
5.0 8.0 9.05469 -20.9406
5.0 8.0 9.08008 -21.0462
5.0 8.0 9.08358 -20.9406
5.0 8.0 9.02219 -20.9406
5.0 8.0 9.07128 -21.0462
5.0 8.0 9.07965 -20.9406
5.0 8.0 9.56533 -20.797
5.0 8.0 9.05966 -21.0462
5.0 8.0 9.0839 -20.9406
5.0 8.0 9.035 -20.9406
5.0 8.0 9.1077 -20.9406
5.0 8.0 9.50876 -20.797
5.0 8.0 9.07345 -20.9406
5.0 8.0 9.08281 -20.9406
5.0 8.0 9.13182 -21.0462
5.0 8.0 9.03292 -21.0462
5.0 8.0 9.02708 -20.9406
5.0 8.0 9.17466 -20.9406
5.0 8.0 9.53269 -20.797
5.0 8.0 9.07927 -21.0462
5.0 8.0 9.09744 -21.0462
5.0 8.0 9.07695 -20.9406
5.0 8.0 9.09607 -20.9406
5.0 8.0 9.51367 -20.797
5.0 8.0 9.07305 -20.9406
5.0 8.0 9.02746 -20.9406
5.0 8.0 9.07326 -20.9406
5.0 8.0 9.17736 -20.9406
5.0 8.0 9.48724 -20.797
5.0 8.0 9.02032 -20.9406
5.0 8.0 9.04107 -20.9406
5.0 8.0 9.06705 -20.9406
5.0 8.0 9.0635 -20.9406
5.0 8.0 9.18234 -20.9406
5.0 8.0 9.03429 -21.0462
5.0 8.0 9.04217 -20.9406
5.0 8.0 9.06495 -21.0462
5.0 8.0 9.02415 -20.9406
5.0 8.0 9.06941 -20.9406
5.0 8.0 9.18961 -20.9406
5.0 8.0 9.05048 -21.0462
5.0 8.0 9.11428 -20.9406
5.0 8.0 9.03466 -20.9406
5.0 8.0 9.12868 -20.9406
5.0 8.0 9.10708 -21.0462
5.0 8.0 9.0724 -20.9406
5.0 8.0 10.2377 -20.797
5.0 9.0 6.76771 -20.9406
5.0 9.0 6.85277 -20.9406
5.0 9.0 6.87318 -20.9406
5.0 9.0 6.84641 -21.0462
5.0 9.0 6.93718 -21.0462
5.0 9.0 6.85772 -20.9406
5.0 9.0 6.9135 -20.9406
5.0 9.0 6.83516 -20.9406
5.0 9.0 6.79745 -20.9406
5.0 9.0 6.83186 -21.0462
5.0 9.0 7.52327 -20.797
5.0 9.0 7.10144 -20.797
5.0 9.0 7.30616 -20.797
5.0 9.0 6.81691 -20.9406
5.0 9.0 6.81692 -20.9406
5.0 9.0 6.8164 -21.0462
5.0 9.0 7.02253 -21.0462
5.0 9.0 6.78126 -21.0462
5.0 9.0 6.80563 -20.9406
5.0 9.0 7.22362 -20.797
5.0 9.0 6.80067 -20.9406
5.0 9.0 6.84548 -21.0462
5.0 9.0 6.85477 -20.9406
5.0 9.0 7.21061 -20.797
5.0 9.0 6.87751 -21.0462
5.0 9.0 6.83829 -20.9406
5.0 9.0 6.87685 -20.9406
5.0 9.0 6.88829 -21.0462
5.0 9.0 6.88648 -20.9406
5.0 9.0 7.09963 -20.9406
5.0 9.0 7.67497 -20.797
5.0 9.0 6.80687 -20.9406
5.0 9.0 6.82089 -21.0462
5.0 9.0 6.86761 -20.9406
5.0 9.0 6.81963 -21.0462
5.0 9.0 6.83759 -20.9406
5.0 9.0 6.81349 -20.9406
5.0 9.0 6.81125 -20.9406
5.0 9.0 6.79609 -20.9406
5.0 9.0 6.94434 -20.9406
5.0 9.0 6.81863 -21.0462
5.0 9.0 6.90633 -21.0462
5.0 9.0 6.85815 -20.9406
5.0 9.0 6.83675 -21.0462
5.0 9.0 6.88058 -20.9406
5.0 9.0 6.81552 -21.0462
5.0 9.0 6.87225 -21.0462
5.0 9.0 6.89527 -20.9406
5.0 9.0 6.82218 -20.9406
5.0 9.0 6.85036 -21.0462
5.0 10.0 5.78959 -21.0462
5.0 10.0 5.76209 -20.9406
5.0 10.0 5.88452 -21.0462
5.0 10.0 5.76347 -20.9406
5.0 10.0 5.75797 -20.9406
5.0 10.0 5.92722 -20.9406
5.0 10.0 5.72408 -21.0462
5.0 10.0 5.85476 -20.9406
5.0 10.0 5.69732 -20.9406
5.0 10.0 5.72975 -20.9406
5.0 10.0 5.7245 -21.0462
5.0 10.0 5.84514 -20.9406
5.0 10.0 6.2743 -20.797
5.0 10.0 5.72996 -20.9406
5.0 10.0 6.38033 -20.797
5.0 10.0 5.85671 -20.9406
5.0 10.0 5.68985 -21.0462
5.0 10.0 5.78408 -21.0462
5.0 10.0 5.71994 -21.0462
5.0 10.0 5.82894 -21.0462
5.0 10.0 5.76992 -20.9406
5.0 10.0 5.74593 -20.9406
5.0 10.0 6.25652 -20.797
5.0 10.0 5.80531 -20.9406
5.0 10.0 6.18965 -20.797
5.0 10.0 5.74475 -21.0462
5.0 10.0 5.61338 -20.797
5.0 10.0 5.71024 -21.0462
5.0 10.0 5.92899 -21.0462
5.0 10.0 5.7313 -21.0462
5.0 10.0 5.74506 -21.0462
5.0 10.0 5.76097 -20.9406
5.0 10.0 5.85295 -21.0462
5.0 10.0 5.79388 -20.9406
5.0 10.0 5.74999 -20.9406
5.0 10.0 5.71279 -20.9406
5.0 10.0 5.9212 -20.9406
5.0 10.0 6.42399 -20.9406
5.0 10.0 5.74543 -20.9406
5.0 10.0 5.73356 -20.9406
5.0 10.0 6.10763 -20.797
5.0 10.0 5.81891 -20.9406
5.0 10.0 5.78734 -20.9406
5.0 10.0 6.36981 -20.9406
5.0 10.0 5.75058 -20.9406
5.0 10.0 5.83537 -20.9406
5.0 10.0 5.73696 -21.0462
5.0 10.0 5.75088 -20.9406
5.0 10.0 6.42659 -20.9406
5.0 10.0 5.78756 -20.9406
5.0 11.0 5.76485 -20.9406
5.0 11.0 6.09181 -20.797
5.0 11.0 5.69976 -21.0462
5.0 11.0 5.68897 -20.9406
5.0 11.0 5.74472 -20.9406
5.0 11.0 5.86022 -21.0462
5.0 11.0 5.71784 -21.0462
5.0 11.0 5.68927 -20.9406
5.0 11.0 5.68315 -20.9406
5.0 11.0 6.04255 -20.797
5.0 11.0 5.71672 -20.9406
5.0 11.0 5.83129 -20.9406
5.0 11.0 5.66818 -20.9406
5.0 11.0 5.73041 -21.0462
5.0 11.0 5.67689 -20.9406
5.0 11.0 5.93951 -20.797
5.0 11.0 5.78887 -20.9406
5.0 11.0 5.76561 -20.9406
5.0 11.0 5.73304 -21.0462
5.0 11.0 5.68502 -20.9406
5.0 11.0 5.73707 -20.9406
5.0 11.0 5.74075 -21.0462
5.0 11.0 5.67314 -20.9406
5.0 11.0 5.71325 -21.0462
5.0 11.0 5.71531 -21.0462
5.0 11.0 5.66732 -20.9406
5.0 11.0 5.66286 -21.0462
5.0 11.0 5.73236 -20.9406
5.0 11.0 5.69636 -20.9406
5.0 11.0 5.92376 -20.797
5.0 11.0 5.96709 -20.797
5.0 11.0 5.63835 -20.9406
5.0 11.0 5.69962 -20.9406
5.0 11.0 5.68252 -20.9406
5.0 11.0 5.67754 -20.9406
5.0 11.0 5.75549 -20.9406
5.0 11.0 5.68241 -21.0462
5.0 11.0 5.67335 -20.9406
5.0 11.0 5.74431 -20.9406
5.0 11.0 5.67922 -20.9406
5.0 11.0 5.79371 -20.9406
5.0 11.0 5.68398 -20.9406
5.0 11.0 5.66138 -20.9406
5.0 11.0 6.05705 -20.797
5.0 11.0 5.74424 -20.9406
5.0 11.0 5.67642 -20.9406
5.0 11.0 5.67688 -21.0462
5.0 11.0 5.72455 -20.9406
5.0 11.0 5.70605 -21.0462
5.0 11.0 5.69645 -20.9406
5.0 11.0 5.69645 -20.9406
5.0 11.0 5.69645 -20.9406
5.0 11.0 5.69645 -20.9406
5.0 11.0 5.69645 -20.9406
5.0 11.0 5.69645 -20.9406
5.0 11.0 5.69645 -20.9406
5.0 11.0 5.69645 -20.9406
5.0 11.0 5.69645 -20.9406
5.0 11.0 5.69645 -20.9406
5.0 11.0 5.69645 -20.9406
5.0 11.0 5.69645 -20.9406
5.0 11.0 5.69645 -20.9406
5.0 11.0 5.69645 -20.9406
5.0 11.0 5.69645 -20.9406
5.0 11.0 5.69645 -20.9406
5.0 11.0 5.69645 -20.9406
5.0 11.0 5.69645 -20.9406
5.0 11.0 5.69645 -20.9406
5.0 11.0 5.69645 -20.9406
5.0 11.0 5.69645 -20.9406
5.0 11.0 5.69645 -20.9406
5.0 11.0 5.69645 -20.9406
5.0 11.0 5.69645 -20.9406
5.0 11.0 5.69645 -20.9406
5.0 11.0 5.69645 -20.9406
5.0 11.0 5.69645 -20.9406
5.0 11.0 5.69645 -20.9406
5.0 11.0 5.69645 -20.9406
5.0 11.0 5.69645 -20.9406
5.0 11.0 5.69645 -20.9406
5.0 11.0 5.69645 -20.9406
5.0 11.0 5.69645 -20.9406
5.0 11.0 5.69645 -20.9406
5.0 11.0 5.69645 -20.9406
5.0 11.0 5.69645 -20.9406
5.0 11.0 5.69645 -20.9406
5.0 11.0 5.69645 -20.9406
5.0 11.0 5.69645 -20.9406
5.0 11.0 5.69645 -20.9406
5.0 11.0 5.69645 -20.9406
5.0 11.0 5.69645 -20.9406
5.0 11.0 5.69645 -20.9406
5.0 11.0 5.69645 -20.9406
5.0 11.0 5.69645 -20.9406
5.0 11.0 5.69645 -20.9406
5.0 11.0 5.69645 -20.9406
5.0 11.0 5.69645 -20.9406
5.0 11.0 5.69645 -20.9406
5.0 11.0 5.69645 -20.9406
5.0 11.0 5.69645 -20.9406
