0.0 1.0 0.0685463 -0.0
0.0 1.0 0.0779935 -0.0
0.0 1.0 0.0602371 -0.0
0.0 1.0 0.113753 -0.00739604
0.0 1.0 0.124865 -0.00739604
0.0 1.0 0.0784096 -0.0
0.0 1.0 0.0711664 -0.0
0.0 1.0 0.111603 -0.00739604
0.0 1.0 0.0694579 -0.0
0.0 1.0 0.0630153 -0.0
0.0 1.0 0.116947 -0.00739604
0.0 1.0 0.061692 -0.0
0.0 1.0 0.118299 -0.00739604
0.0 1.0 0.123038 -0.00739604
0.0 1.0 0.0593918 -0.0
0.0 1.0 0.0729709 -0.0
0.0 1.0 0.112723 -0.00739604
0.0 1.0 0.118126 -0.00739604
0.0 1.0 0.0691596 -0.0
0.0 1.0 0.118118 -0.00739604
0.0 1.0 0.0613346 -0.0
0.0 1.0 0.118812 -0.00739604
0.0 1.0 0.0771784 -0.0
0.0 1.0 0.0594047 -0.0
0.0 1.0 0.109291 -0.00739604
0.0 1.0 0.0806473 -0.0
0.0 1.0 0.117368 -0.00739604
0.0 1.0 0.0716254 -0.0
0.0 1.0 0.111001 -0.00739604
0.0 1.0 0.0806392 -0.0
0.0 1.0 0.0770047 -0.0
0.0 1.0 0.0711624 -0.0
0.0 1.0 0.117562 -0.00739604
0.0 1.0 0.0680068 -0.0
0.0 1.0 0.0691525 -0.0
0.0 1.0 0.0863745 -0.0
0.0 1.0 0.117249 -0.00739604
0.0 1.0 0.133334 -0.00739604
0.0 1.0 0.0640603 -0.0
0.0 1.0 0.115722 -0.00739604
0.0 1.0 0.0693932 -0.0
0.0 1.0 0.0711216 -0.0
0.0 1.0 0.121406 -0.00739604
0.0 1.0 0.0659492 -0.0
0.0 1.0 0.0672854 -0.0
0.0 1.0 0.0683529 -0.0
0.0 1.0 0.0609304 -0.0
0.0 1.0 0.0701388 -0.0
0.0 1.0 0.0616292 -0.0
0.0 1.0 0.0653213 -0.0
0.0 2.0 0.0719316 -0.0
0.0 2.0 0.0640606 -0.0
0.0 2.0 0.0582261 -0.00739604
0.0 2.0 0.0437527 -0.0
0.0 2.0 0.0373033 -0.0
0.0 2.0 0.0428505 -0.0
0.0 2.0 0.0589508 -0.00739604
0.0 2.0 0.0596251 -0.0
0.0 2.0 0.0597625 -0.0
0.0 2.0 0.0598023 -0.0
0.0 2.0 0.0607135 -0.0
0.0 2.0 0.0606438 -0.0197195
0.0 2.0 0.0616454 -0.0
0.0 2.0 0.0610559 -0.00739604
0.0 2.0 0.05955 -0.00739604
0.0 2.0 0.0605041 -0.00739604
0.0 2.0 0.0469245 -0.0
0.0 2.0 0.0608689 -0.00739604
0.0 2.0 0.0608578 -0.0
0.0 2.0 0.0603677 -0.0
0.0 2.0 0.0580359 -0.00739604
0.0 2.0 0.0369806 -0.0
0.0 2.0 0.0648253 -0.00739604
0.0 2.0 0.0600836 -0.0
0.0 2.0 0.0422325 -0.0
0.0 2.0 0.0629862 -0.0
0.0 2.0 0.0640087 -0.0
0.0 2.0 0.0704077 -0.00739604
0.0 2.0 0.0351355 -0.0
0.0 2.0 0.0614382 -0.00739604
0.0 2.0 0.0627174 -0.00739604
0.0 2.0 0.0686655 -0.0
0.0 2.0 0.0678294 -0.0
0.0 2.0 0.0604091 -0.00739604
0.0 2.0 0.0483952 -0.00986467
0.0 2.0 0.0650215 -0.00986467
0.0 2.0 0.0590436 -0.00739604
0.0 2.0 0.0634816 -0.00739604
0.0 2.0 0.0602875 -0.00739604
0.0 2.0 0.042955 -0.0
0.0 2.0 0.0588522 -0.00739604
0.0 2.0 0.0720837 -0.00739604
0.0 2.0 0.0619243 -0.00739604
0.0 2.0 0.0472085 -0.00986467
0.0 2.0 0.0474883 -0.00986467
0.0 2.0 0.0406119 -0.0
0.0 2.0 0.0367825 -0.0
0.0 2.0 0.0631903 -0.00739604
0.0 2.0 0.0575995 -0.00739604
0.0 2.0 0.0388875 -0.0
0.0 3.0 0.0477376 -0.00739604
0.0 3.0 0.0471078 -0.00739604
0.0 3.0 0.0473978 -0.00739604
0.0 3.0 0.0453091 -0.00739604
0.0 3.0 0.0481329 -0.0
0.0 3.0 0.0374734 -0.00986467
0.0 3.0 0.0469729 -0.00739604
0.0 3.0 0.048053 -0.0
0.0 3.0 0.0479697 -0.0295842
0.0 3.0 0.0320427 -0.0
0.0 3.0 0.0453256 -0.00986467
0.0 3.0 0.0449949 -0.00986467
0.0 3.0 0.047786 -0.0
0.0 3.0 0.0435945 -0.0
0.0 3.0 0.0484443 -0.00739604
0.0 3.0 0.0455528 -0.0
0.0 3.0 0.0483646 -0.00739604
0.0 3.0 0.0478229 -0.00739604
0.0 3.0 0.0455855 -0.00739604
0.0 3.0 0.0280221 -0.0
0.0 3.0 0.0478408 -0.0
0.0 3.0 0.0475333 -0.00739604
0.0 3.0 0.0472 -0.00739604
0.0 3.0 0.0502825 -0.0
0.0 3.0 0.048085 -0.0197195
0.0 3.0 0.0484709 -0.00739604
0.0 3.0 0.0332479 -0.0
0.0 3.0 0.0484533 -0.0197195
0.0 3.0 0.0483768 -0.00986467
0.0 3.0 0.0449845 -0.00986467
0.0 3.0 0.050683 -0.00739604
0.0 3.0 0.0470804 -0.00739604
0.0 3.0 0.0471791 -0.00739604
0.0 3.0 0.04746 -0.0
0.0 3.0 0.0498478 -0.00739604
0.0 3.0 0.0471108 -0.00739604
0.0 3.0 0.0476005 -0.00739604
0.0 3.0 0.0463431 -0.0
0.0 3.0 0.0454595 -0.0197195
0.0 3.0 0.0486058 -0.00739604
0.0 3.0 0.0549585 -0.00739604
0.0 3.0 0.0485229 -0.00986467
0.0 3.0 0.0470577 -0.00986467
0.0 3.0 0.0453768 -0.0
0.0 3.0 0.048339 -0.0295842
0.0 3.0 0.0455948 -0.0
0.0 3.0 0.0487182 -0.00739604
0.0 3.0 0.0522004 -0.0
0.0 3.0 0.0475513 -0.0
0.0 3.0 0.04861 -0.00739604
0.0 4.0 0.0391718 -0.00739604
0.0 4.0 0.0425209 -0.0197195
0.0 4.0 0.041679 -0.0
0.0 4.0 0.0406486 -0.0197195
0.0 4.0 0.0394837 -0.00739604
0.0 4.0 0.0407513 -0.00739604
0.0 4.0 0.0403165 -0.00739604
0.0 4.0 0.0418227 -0.0197195
0.0 4.0 0.0459617 -0.00739604
0.0 4.0 0.0406808 -0.0
0.0 4.0 0.0421146 -0.00739604
0.0 4.0 0.0377551 -0.0
0.0 4.0 0.0412786 -0.00739604
0.0 4.0 0.0419713 -0.00739604
0.0 4.0 0.040927 -0.0271254
0.0 4.0 0.0411333 -0.00739604
0.0 4.0 0.0396095 -0.0271254
0.0 4.0 0.0402353 -0.00739604
0.0 4.0 0.0422218 -0.0
0.0 4.0 0.0422398 -0.0
0.0 4.0 0.0431327 -0.00986467
0.0 4.0 0.0399694 -0.0
0.0 4.0 0.0326848 -0.0
0.0 4.0 0.0411647 -0.00739604
0.0 4.0 0.0382438 -0.0
0.0 4.0 0.0420184 -0.0
0.0 4.0 0.0407954 -0.00739604
0.0 4.0 0.0398234 -0.0
0.0 4.0 0.0374254 -0.0
0.0 4.0 0.0380273 -0.0
0.0 4.0 0.0419856 -0.0
0.0 4.0 0.0411253 -0.0197195
0.0 4.0 0.042497 -0.0197195
0.0 4.0 0.0420595 -0.0
0.0 4.0 0.0410598 -0.0197195
0.0 4.0 0.0401685 -0.00739604
0.0 4.0 0.0393809 -0.00739604
0.0 4.0 0.0426648 -0.00739604
0.0 4.0 0.0418528 -0.0
0.0 4.0 0.0379338 -0.0
0.0 4.0 0.0408184 -0.0197195
0.0 4.0 0.041274 -0.00739604
0.0 4.0 0.0390107 -0.00739604
0.0 4.0 0.0412671 -0.0
0.0 4.0 0.0399585 -0.00739604
0.0 4.0 0.0317466 -0.0
0.0 4.0 0.0394321 -0.0
0.0 4.0 0.0407599 -0.00739604
0.0 4.0 0.0414472 -0.0
0.0 4.0 0.0445612 -0.00739604
0.0 5.0 0.0508931 -0.0271254
0.0 5.0 0.0520453 -0.00986467
0.0 5.0 0.0529665 -0.00739604
0.0 5.0 0.0537215 -0.00986467
0.0 5.0 0.0473245 -0.046835
0.0 5.0 0.0531582 -0.00739604
0.0 5.0 0.0475275 -0.00986467
0.0 5.0 0.0529255 -0.00739604
0.0 5.0 0.0752308 -0.00739604
0.0 5.0 0.0558374 -0.0
0.0 5.0 0.050201 -0.00986467
0.0 5.0 0.0545266 -0.00739604
0.0 5.0 0.053875 -0.0
0.0 5.0 0.0483984 -0.00739604
0.0 5.0 0.0514981 -0.00739604
0.0 5.0 0.0611522 -0.0
0.0 5.0 0.0547191 -0.0271254
0.0 5.0 0.0514333 -0.00739604
0.0 5.0 0.0446132 -0.0
0.0 5.0 0.070135 -0.00739604
0.0 5.0 0.0497958 -0.0197195
0.0 5.0 0.0493442 -0.00739604
0.0 5.0 0.0509935 -0.00739604
0.0 5.0 0.0487519 -0.00739604
0.0 5.0 0.0439594 -0.00739604
0.0 5.0 0.0437141 -0.00739604
0.0 5.0 0.0539572 -0.0
0.0 5.0 0.0472057 -0.046835
0.0 5.0 0.0538433 -0.00739604
0.0 5.0 0.0526816 -0.0591782
0.0 5.0 0.0580748 -0.0
0.0 5.0 0.0534821 -0.0887426
0.0 5.0 0.0491344 -0.00739604
0.0 5.0 0.0534138 -0.0197195
0.0 5.0 0.0418878 -0.0
0.0 5.0 0.0587032 -0.00739604
0.0 5.0 0.0475455 -0.0
0.0 5.0 0.0736571 -0.0
0.0 5.0 0.0483108 -0.00739604
0.0 5.0 0.0510493 -0.00739604
0.0 5.0 0.0507244 -0.0
0.0 5.0 0.0620223 -0.00739604
0.0 5.0 0.0550777 -0.0197195
0.0 5.0 0.0518166 -0.0
0.0 5.0 0.053988 -0.0665841
0.0 5.0 0.0524176 -0.00739604
0.0 5.0 0.0495739 -0.00739604
0.0 5.0 0.0544079 -0.00739604
0.0 5.0 0.0501614 -0.046835
0.0 5.0 0.0543522 -0.00739604
0.0 6.0 0.0507215 -0.00739604
0.0 6.0 0.056247 -0.00739604
0.0 6.0 0.0519681 -0.00986467
0.0 6.0 0.0503245 -0.0
0.0 6.0 0.0494626 -0.0
0.0 6.0 0.0513966 -0.00739604
0.0 6.0 0.0593536 -0.00986467
0.0 6.0 0.0600265 -0.0197195
0.0 6.0 0.0521259 -0.0
0.0 6.0 0.0677726 -0.00739604
0.0 6.0 0.0581735 -0.00739604
0.0 6.0 0.0601265 -0.00986467
0.0 6.0 0.0491838 -0.0197195
0.0 6.0 0.0512709 -0.0
0.0 6.0 0.0497082 -0.0
0.0 6.0 0.0579467 -0.00739604
0.0 6.0 0.052812 -0.00739604
0.0 6.0 0.0535935 -0.00739604
0.0 6.0 0.0529302 -0.00739604
0.0 6.0 0.0514167 -0.00739604
0.0 6.0 0.0649077 -0.00739604
0.0 6.0 0.0493529 -0.0665644
0.0 6.0 0.0515374 -0.0295842
0.0 6.0 0.0529776 -0.00739604
0.0 6.0 0.0555189 -0.00739604
0.0 6.0 0.0699052 -0.00739604
0.0 6.0 0.0583923 -0.0271254
0.0 6.0 0.0529896 -0.00739604
0.0 6.0 0.0561922 -0.00739604
0.0 6.0 0.0519043 -0.00739604
0.0 6.0 0.0527915 -0.0
0.0 6.0 0.056511 -0.0
0.0 6.0 0.0656776 -0.00739604
0.0 6.0 0.0570894 -0.00739604
0.0 6.0 0.0545367 -0.00986467
0.0 6.0 0.0530929 -0.046835
0.0 6.0 0.0490114 -0.00739604
0.0 6.0 0.0646822 -0.00739604
0.0 6.0 0.0539569 -0.00986467
0.0 6.0 0.0518754 -0.0
0.0 6.0 0.057357 -0.0295842
0.0 6.0 0.0575144 -0.00739604
0.0 6.0 0.0561644 -0.00739604
0.0 6.0 0.0501142 -0.0
0.0 6.0 0.0503686 -0.00739604
0.0 6.0 0.0567369 -0.00986467
0.0 6.0 0.0554504 -0.00986467
0.0 6.0 0.0501914 -0.00739604
0.0 6.0 0.0567902 -0.0
0.0 6.0 0.0523826 -0.0295842
0.0 7.0 0.0518183 -0.0
0.0 7.0 0.058445 -0.0
0.0 7.0 0.0514785 -0.00986467
0.0 7.0 0.0531993 -0.0
0.0 7.0 0.0763989 -0.0
0.0 7.0 0.0596358 -0.00739604
0.0 7.0 0.0570965 -0.0
0.0 7.0 0.0646685 -0.0295842
0.0 7.0 0.0571858 -0.00739604
0.0 7.0 0.100394 -0.00739604
0.0 7.0 0.0869013 -0.0295842
0.0 7.0 0.0505291 -0.00739604
0.0 7.0 0.057021 -0.00739604
0.0 7.0 0.0614623 -0.0295842
0.0 7.0 0.0919631 -0.0271254
0.0 7.0 0.0967917 -0.0394587
0.0 7.0 0.0558428 -0.00986467
0.0 7.0 0.0657069 -0.204689
0.0 7.0 0.0552277 -0.00739604
0.0 7.0 0.0579275 -0.00739604
0.0 7.0 0.056619 -0.00986467
0.0 7.0 0.0679495 -0.0
0.0 7.0 0.0696363 -0.046835
0.0 7.0 0.0525895 -0.00739604
0.0 7.0 0.0564289 -0.00739604
0.0 7.0 0.0562423 -0.00986467
0.0 7.0 0.0729104 -0.00739604
0.0 7.0 0.0552626 -0.00739604
0.0 7.0 0.0684827 -0.0
0.0 7.0 0.0590698 -0.0271254
0.0 7.0 0.058398 -0.00739604
0.0 7.0 0.0542859 -0.00739604
0.0 7.0 0.0583095 -0.00739604
0.0 7.0 0.0562308 -0.00986467
0.0 7.0 0.0530049 -0.00739604
0.0 7.0 0.0684384 -0.00739604
0.0 7.0 0.0521694 -0.0
0.0 7.0 0.0529436 -0.00986467
0.0 7.0 0.0737568 -0.0271254
0.0 7.0 0.0549201 -0.0665841
0.0 7.0 0.0566955 -0.0
0.0 7.0 0.0547925 -0.00739604
0.0 7.0 0.0578174 -0.0197195
0.0 7.0 0.0512071 -0.0197195
0.0 7.0 0.0537241 -0.0
0.0 7.0 0.0547175 -0.00739604
0.0 7.0 0.0795612 -0.046835
0.0 7.0 0.0538939 -0.0295842
0.0 7.0 0.0566164 -0.0
0.0 7.0 0.0623475 -0.00739604
0.0 8.0 0.0599102 -0.00739604
0.0 8.0 0.105151 -0.0271254
0.0 8.0 0.0724715 -0.0295842
0.0 8.0 0.0567266 -0.00739604
0.0 8.0 0.0565868 -0.0271254
0.0 8.0 0.0563463 -0.0
0.0 8.0 0.0560181 -0.0
0.0 8.0 0.0597513 -0.00986467
0.0 8.0 0.0590629 -0.0
0.0 8.0 0.0774476 -0.0
0.0 8.0 0.0560984 -0.00739604
0.0 8.0 0.0587834 -0.0197195
0.0 8.0 0.0607522 -0.00739604
0.0 8.0 0.0591788 -0.0
0.0 8.0 0.0597376 -0.00986467
0.0 8.0 0.0573017 -0.00739604
0.0 8.0 0.0623867 -0.00986467
0.0 8.0 0.0610465 -0.0295842
0.0 8.0 0.0636456 -0.00739604
0.0 8.0 0.0572951 -0.0
0.0 8.0 0.0697744 -0.00739604
0.0 8.0 0.0587681 -0.0197195
0.0 8.0 0.0571192 -0.00986467
0.0 8.0 0.0592667 -0.00986467
0.0 8.0 0.0622169 -0.00739604
0.0 8.0 0.0690431 -0.0
0.0 8.0 0.061315 -0.00986467
0.0 8.0 0.059941 -0.0295842
0.0 8.0 0.0609496 -0.0394587
0.0 8.0 0.055197 -0.00739604
0.0 8.0 0.0581172 -0.00739604
0.0 8.0 0.0826955 -0.00739604
0.0 8.0 0.06143 -0.00739604
0.0 8.0 0.0920648 -0.0271254
0.0 8.0 0.0572465 -0.0
0.0 8.0 0.0624001 -0.00986467
0.0 8.0 0.0610585 -0.00739604
0.0 8.0 0.0600064 -0.0197195
0.0 8.0 0.0578656 -0.0
0.0 8.0 0.0573093 -0.00739604
0.0 8.0 0.0568745 -0.0295842
0.0 8.0 0.0816093 -0.00986467
0.0 8.0 0.0603351 -0.0394587
0.0 8.0 0.105772 -0.0665644
0.0 8.0 0.0681194 -0.0
0.0 8.0 0.108398 -0.0271254
0.0 8.0 0.0583622 -0.00986467
0.0 8.0 0.0608377 -0.0
0.0 8.0 0.0725079 -0.0271254
0.0 8.0 0.0591567 -0.0
0.0 9.0 0.0638266 -0.0
0.0 9.0 0.080993 -0.0394587
0.0 9.0 0.0776576 -0.0665841
0.0 9.0 0.0633056 -0.00986467
0.0 9.0 0.0662456 -0.046835
0.0 9.0 0.0810608 -0.00739604
0.0 9.0 0.0650815 -0.0295842
0.0 9.0 0.0645118 -0.00986467
0.0 9.0 0.0706036 -0.00739604
0.0 9.0 0.0770427 -0.00739604
0.0 9.0 0.0679764 -0.0271254
0.0 9.0 0.100543 -0.0197195
0.0 9.0 0.0630307 -0.0295842
0.0 9.0 0.0648477 -0.0197195
0.0 9.0 0.0853348 -0.046835
0.0 9.0 0.102393 -0.0295842
0.0 9.0 0.0811957 -0.0271254
0.0 9.0 0.0993074 -0.00986467
0.0 9.0 0.0645519 -0.0
0.0 9.0 0.0800742 -0.046835
0.0 9.0 0.0676788 -0.00739604
0.0 9.0 0.0686016 -0.00739604
0.0 9.0 0.108635 -0.00739604
0.0 9.0 0.0662398 -0.0
0.0 9.0 0.0996057 -0.0271254
0.0 9.0 0.0828846 -0.00986467
0.0 9.0 0.0662493 -0.00739604
0.0 9.0 0.0657206 -0.00986467
0.0 9.0 0.0657152 -0.00986467
0.0 9.0 0.108143 -0.00986467
0.0 9.0 0.0802559 -0.125713
0.0 9.0 0.0652528 -0.046835
0.0 9.0 0.070866 -0.00739604
0.0 9.0 0.0872618 -0.00739604
0.0 9.0 0.0616084 -0.00739604
0.0 9.0 0.0628763 -0.0295842
0.0 9.0 0.107985 -0.00986467
0.0 9.0 0.0622225 -0.0
0.0 9.0 0.0708636 -0.00739604
0.0 9.0 0.0649785 -0.0394587
0.0 9.0 0.0649949 -0.046835
0.0 9.0 0.106245 -0.00739604
0.0 9.0 0.0817335 -0.00739604
0.0 9.0 0.0861072 -0.00986467
0.0 9.0 0.0899194 -0.046835
0.0 9.0 0.0684864 -0.00739604
0.0 9.0 0.101151 -0.00739604
0.0 9.0 0.0950603 -0.0
0.0 9.0 0.0651861 -0.0665841
0.0 9.0 0.0678015 -0.00986467
0.0 10.0 0.0700917 -0.0271254
0.0 10.0 0.0702239 -0.046835
0.0 10.0 0.0719631 -0.0197195
0.0 10.0 0.0676528 -0.0665841
0.0 10.0 0.0711061 -0.0
0.0 10.0 0.0707017 -0.00739604
0.0 10.0 0.0682982 -0.0271254
0.0 10.0 0.128185 -0.00986467
0.0 10.0 0.072736 -0.00739604
0.0 10.0 0.0677 -0.0197195
0.0 10.0 0.0967945 -0.108502
0.0 10.0 0.0711341 -0.0
0.0 10.0 0.0779508 -0.0665841
0.0 10.0 0.124963 -0.00739604
0.0 10.0 0.0649461 -0.0
0.0 10.0 0.0678232 -0.046835
0.0 10.0 0.0652465 -0.00739604
0.0 10.0 0.0707092 -0.0197195
0.0 10.0 0.0736731 -0.0591782
0.0 10.0 0.0992153 -0.00739604
0.0 10.0 0.0794671 -0.0271254
0.0 10.0 0.0681671 -0.0394587
0.0 10.0 0.117702 -0.0271254
0.0 10.0 0.0715034 -0.0271254
0.0 10.0 0.0723796 -0.00739604
0.0 10.0 0.0679832 -0.0295842
0.0 10.0 0.0665479 -0.00739604
0.0 10.0 0.068782 -0.00739604
0.0 10.0 0.0712594 -0.0295842
0.0 10.0 0.0953423 -0.00986467
0.0 10.0 0.0789606 -0.0394587
0.0 10.0 0.0745193 -0.00739604
0.0 10.0 0.114862 -0.00739604
0.0 10.0 0.0974366 -0.00739604
0.0 10.0 0.0685851 -0.00739604
0.0 10.0 0.0679419 -0.0295842
0.0 10.0 0.0918067 -0.0197195
0.0 10.0 0.075843 -0.00739604
0.0 10.0 0.0762296 -0.00739604
0.0 10.0 0.0700906 -0.0
0.0 10.0 0.118579 -0.00986467
0.0 10.0 0.0671116 -0.00739604
0.0 10.0 0.13214 -0.046835
0.0 10.0 0.0690724 -0.00986467
0.0 10.0 0.114242 -0.00986467
0.0 10.0 0.0874331 -0.0665644
0.0 10.0 0.0657053 -0.0197195
0.0 10.0 0.0708674 -0.00739604
0.0 10.0 0.0788902 -0.0197195
0.0 10.0 0.0916421 -0.00739604
0.0 11.0 0.0764448 -0.0394587
0.0 11.0 0.0758591 -0.046835
0.0 11.0 0.077399 -0.0271254
0.0 11.0 0.135257 -0.00739604
0.0 11.0 0.0787933 -0.0271254
0.0 11.0 0.101973 -0.118337
0.0 11.0 0.0768196 -0.00986467
0.0 11.0 0.0726329 -0.046835
0.0 11.0 0.0789968 -0.0394587
0.0 11.0 0.0770327 -0.00986467
0.0 11.0 0.0891311 -0.0197195
0.0 11.0 0.0766541 -0.00739604
0.0 11.0 0.0744511 -0.0
0.0 11.0 0.0791946 -0.046835
0.0 11.0 0.0965519 -0.0665644
0.0 11.0 0.074918 -0.078878
0.0 11.0 0.0940657 -0.00986467
0.0 11.0 0.0724673 -0.00739604
0.0 11.0 0.0778053 -0.0295842
0.0 11.0 0.0747997 -0.106023
0.0 11.0 0.075498 -0.00739604
0.0 11.0 0.0776804 -0.078878
0.0 11.0 0.101175 -0.0197195
0.0 11.0 0.0910833 -0.0197195
0.0 11.0 0.0776435 -0.00739604
0.0 11.0 0.095832 -0.0665644
0.0 11.0 0.0744004 -0.00986467
0.0 11.0 0.074966 -0.00739604
0.0 11.0 0.114552 -0.0
0.0 11.0 0.075493 -0.00986467
0.0 11.0 0.0747838 -0.0
0.0 11.0 0.0908854 -0.046835
0.0 11.0 0.0787022 -0.00986467
0.0 11.0 0.102362 -0.00739604
0.0 11.0 0.0777745 -0.00739604
0.0 11.0 0.133252 -0.00739604
0.0 11.0 0.0732422 -0.046835
0.0 11.0 0.0770354 -0.0394587
0.0 11.0 0.078119 -0.0295842
0.0 11.0 0.0771234 -0.0
0.0 11.0 0.0761958 -0.0271254
0.0 11.0 0.0778068 -0.0271254
0.0 11.0 0.107393 -0.0197195
0.0 11.0 0.0960894 -0.00739604
0.0 11.0 0.0776378 -0.00739604
0.0 11.0 0.0738126 -0.0271254
0.0 11.0 0.0777396 -0.0271254
0.0 11.0 0.0886393 -0.046835
0.0 11.0 0.0788263 -0.0271254
0.0 11.0 0.0758837 -0.0271254
0.0 12.0 0.0715526 -0.0
0.0 12.0 0.0954836 -0.0295842
0.0 12.0 0.0729685 -0.0
0.0 12.0 0.0732352 -0.00739604
0.0 12.0 0.0753399 -0.00739604
0.0 12.0 0.0710194 -0.00739604
0.0 12.0 0.0776637 -0.00986467
0.0 12.0 0.0800667 -0.00739604
0.0 12.0 0.0741926 -0.0887426
0.0 12.0 0.0758935 -0.0197195
0.0 12.0 0.0749531 -0.00739604
0.0 12.0 0.0753291 -0.00739604
0.0 12.0 0.0748916 -0.00739604
0.0 12.0 0.0722951 -0.0
0.0 12.0 0.0736714 -0.00739604
0.0 12.0 0.0774149 -0.00739604
0.0 12.0 0.0731494 -0.0394587
0.0 12.0 0.0701299 -0.046835
0.0 12.0 0.0826313 -0.0
0.0 12.0 0.075448 -0.0197195
0.0 12.0 0.0775077 -0.00739604
0.0 12.0 0.0746041 -0.108502
0.0 12.0 0.0745373 -0.046835
0.0 12.0 0.10205 -0.0271254
0.0 12.0 0.104101 -0.0197195
0.0 12.0 0.086128 -0.0271254
0.0 12.0 0.0692253 -0.0295842
0.0 12.0 0.0780943 -0.046835
0.0 12.0 0.0771749 -0.0394587
0.0 12.0 0.0763965 -0.0295842
0.0 12.0 0.0746157 -0.00739604
0.0 12.0 0.0930309 -0.0591782
0.0 12.0 0.104658 -0.088782
0.0 12.0 0.0754305 -0.00739604
0.0 12.0 0.127622 -0.0
0.0 12.0 0.0936587 -0.046835
0.0 12.0 0.0747999 -0.0271254
0.0 12.0 0.075456 -0.0665644
0.0 12.0 0.0746673 -0.00739604
0.0 12.0 0.0723041 -0.0394587
0.0 12.0 0.0737554 -0.0197195
0.0 12.0 0.0746068 -0.00739604
0.0 12.0 0.0716118 -0.0271254
0.0 12.0 0.0889145 -0.00739604
0.0 12.0 0.0745657 -0.00739604
0.0 12.0 0.0762568 -0.0665841
0.0 12.0 0.0772787 -0.00739604
0.0 12.0 0.0787164 -0.00739604
0.0 12.0 0.0766653 -0.00739604
0.0 12.0 0.135827 -0.0197195
1.0 1.0 0.082935 2.71828
1.0 1.0 0.0841821 2.71828
1.0 1.0 0.085175 2.71828
1.0 1.0 0.0807416 2.71828
1.0 1.0 0.0869031 2.71828
1.0 1.0 0.0834888 2.71828
1.0 1.0 0.0777619 2.71828
1.0 1.0 0.0798688 2.71828
1.0 1.0 0.0942855 2.71828
1.0 1.0 0.0799388 2.71828
1.0 1.0 0.0837333 2.71828
1.0 1.0 0.085438 2.71828
1.0 1.0 0.0829551 2.71828
1.0 1.0 0.0820479 2.71828
1.0 1.0 0.086603 2.71828
1.0 1.0 0.081958 2.71828
1.0 1.0 0.0779195 2.71828
1.0 1.0 0.0785943 2.71828
1.0 1.0 0.0780308 2.71828
1.0 1.0 0.0829507 2.71828
1.0 1.0 0.0781772 2.71828
1.0 1.0 0.079055 2.71828
1.0 1.0 0.0955502 2.71828
1.0 1.0 0.0778031 2.71828
1.0 1.0 0.0857453 2.71828
1.0 1.0 0.0816799 2.71828
1.0 1.0 0.0775927 2.71828
1.0 1.0 0.0776161 2.71828
1.0 1.0 0.0801887 2.71828
1.0 1.0 0.0950039 2.71828
1.0 1.0 0.0883902 2.71828
1.0 1.0 0.0833273 2.71828
1.0 1.0 0.0812832 2.71828
1.0 1.0 0.0814347 2.71828
1.0 1.0 0.0849254 2.71828
1.0 1.0 0.0770593 2.71828
1.0 1.0 0.0764227 2.71828
1.0 1.0 0.0821086 2.71828
1.0 1.0 0.0765674 2.71828
1.0 1.0 0.0771984 2.71828
1.0 1.0 0.087292 2.71828
1.0 1.0 0.0803118 2.71828
1.0 1.0 0.0957396 2.71828
1.0 1.0 0.0770592 2.71828
1.0 1.0 0.0781467 2.71828
1.0 1.0 0.0944786 2.71828
1.0 1.0 0.0798827 2.71828
1.0 1.0 0.077889 2.71828
1.0 1.0 0.0868889 2.71828
1.0 1.0 0.0904058 2.71828
1.0 2.0 0.0555999 2.71828
1.0 2.0 0.0442336 2.71828
1.0 2.0 0.0477505 2.71828
1.0 2.0 0.0473264 2.71828
1.0 2.0 0.0507538 2.71828
1.0 2.0 0.0488234 2.71828
1.0 2.0 0.0462755 2.71828
1.0 2.0 0.0462835 2.71828
1.0 2.0 0.0473764 2.71828
1.0 2.0 0.0442432 2.71828
1.0 2.0 0.0461047 2.71828
1.0 2.0 0.0468967 2.71828
1.0 2.0 0.0454753 2.71828
1.0 2.0 0.0465462 2.71828
1.0 2.0 0.0445625 2.71828
1.0 2.0 0.0487282 2.71828
1.0 2.0 0.0466419 2.71828
1.0 2.0 0.0481629 2.71828
1.0 2.0 0.0471742 2.71828
1.0 2.0 0.0448273 2.71828
1.0 2.0 0.0478 2.71828
1.0 2.0 0.047171 2.71828
1.0 2.0 0.0485362 2.71828
1.0 2.0 0.0469695 2.71828
1.0 2.0 0.050608 2.71828
1.0 2.0 0.046157 2.71828
1.0 2.0 0.0466095 2.71828
1.0 2.0 0.0457103 2.71828
1.0 2.0 0.0446134 2.71828
1.0 2.0 0.0488141 2.71828
1.0 2.0 0.0450571 2.71828
1.0 2.0 0.0451616 2.71828
1.0 2.0 0.0446332 2.71828
1.0 2.0 0.0464922 2.71828
1.0 2.0 0.045752 2.71828
1.0 2.0 0.0443921 2.71828
1.0 2.0 0.0455682 2.71828
1.0 2.0 0.0542044 2.71828
1.0 2.0 0.0444315 2.71828
1.0 2.0 0.0446047 2.71828
1.0 2.0 0.0486606 2.71828
1.0 2.0 0.0454208 2.71828
1.0 2.0 0.0477005 2.71828
1.0 2.0 0.0478447 2.71828
1.0 2.0 0.0477805 2.71828
1.0 2.0 0.0448383 2.71828
1.0 2.0 0.0443924 2.71828
1.0 2.0 0.0481699 2.71828
1.0 2.0 0.047869 2.71828
1.0 2.0 0.0462798 2.71828
1.0 3.0 0.0366517 2.71828
1.0 3.0 0.0345802 2.71828
1.0 3.0 0.0352956 2.71828
1.0 3.0 0.0370198 2.71828
1.0 3.0 0.0415648 2.71828
1.0 3.0 0.0375967 2.71828
1.0 3.0 0.0371416 2.71828
1.0 3.0 0.0348977 2.71828
1.0 3.0 0.0348017 2.71828
1.0 3.0 0.0359816 2.71828
1.0 3.0 0.0378663 2.71828
1.0 3.0 0.0366758 2.71828
1.0 3.0 0.0350009 2.71828
1.0 3.0 0.0378148 2.71828
1.0 3.0 0.0364608 2.71828
1.0 3.0 0.0401549 2.71828
1.0 3.0 0.0371403 2.71828
1.0 3.0 0.0371802 2.71828
1.0 3.0 0.0348761 2.71828
1.0 3.0 0.0373076 2.71828
1.0 3.0 0.0374115 2.71828
1.0 3.0 0.0365734 2.71828
1.0 3.0 0.0371131 2.71828
1.0 3.0 0.0400981 2.71828
1.0 3.0 0.037672 2.71828
1.0 3.0 0.0370189 2.71828
1.0 3.0 0.0376899 2.71828
1.0 3.0 0.0369292 2.71828
1.0 3.0 0.0372231 2.71828
1.0 3.0 0.0374989 2.71828
1.0 3.0 0.037243 2.71828
1.0 3.0 0.0366554 2.71828
1.0 3.0 0.0368928 2.71828
1.0 3.0 0.0369269 2.71828
1.0 3.0 0.0374779 2.71828
1.0 3.0 0.042167 2.71828
1.0 3.0 0.0369477 2.71828
1.0 3.0 0.043749 2.71828
1.0 3.0 0.0402849 2.71828
1.0 3.0 0.0369324 2.71828
1.0 3.0 0.0370238 2.71828
1.0 3.0 0.0368906 2.71828
1.0 3.0 0.0374384 2.71828
1.0 3.0 0.0371767 2.71828
1.0 3.0 0.0372345 2.71828
1.0 3.0 0.0357551 2.71828
1.0 3.0 0.0370283 2.71828
1.0 3.0 0.0378484 2.71828
1.0 3.0 0.0367375 2.71828
1.0 3.0 0.0380102 2.71828
1.0 4.0 0.0385123 2.71828
1.0 4.0 0.0394403 2.71828
1.0 4.0 0.0427084 2.71828
1.0 4.0 0.043524 2.71828
1.0 4.0 0.0452214 2.71828
1.0 4.0 0.0453134 2.71828
1.0 4.0 0.0458851 2.71828
1.0 4.0 0.0464597 2.71828
1.0 4.0 0.04384 2.71828
1.0 4.0 0.0457392 2.71828
1.0 4.0 0.0411876 2.71828
1.0 4.0 0.0412362 2.71828
1.0 4.0 0.0451199 2.71828
1.0 4.0 0.0435843 2.71828
1.0 4.0 0.0450925 2.71828
1.0 4.0 0.0455363 2.71828
1.0 4.0 0.0422148 2.71828
1.0 4.0 0.0426447 2.71828
1.0 4.0 0.0490964 2.71828
1.0 4.0 0.0458614 2.71828
1.0 4.0 0.039243 2.71828
1.0 4.0 0.0402392 2.71828
1.0 4.0 0.039375 2.71828
1.0 4.0 0.0407621 2.71828
1.0 4.0 0.04365 2.71828
1.0 4.0 0.0417655 2.71828
1.0 4.0 0.0436852 2.71828
1.0 4.0 0.0423588 2.71828
1.0 4.0 0.0426295 2.71828
1.0 4.0 0.0418568 2.71828
1.0 4.0 0.041442 2.71828
1.0 4.0 0.0387593 2.71828
1.0 4.0 0.0384394 2.71828
1.0 4.0 0.0379851 2.71828
1.0 4.0 0.0395186 2.71828
1.0 4.0 0.0404831 2.71828
1.0 4.0 0.0408117 2.71828
1.0 4.0 0.0375789 2.71828
1.0 4.0 0.0387349 2.71828
1.0 4.0 0.0478275 2.71828
1.0 4.0 0.0391662 2.71828
1.0 4.0 0.037397 2.71828
1.0 4.0 0.0491595 2.71828
1.0 4.0 0.0395403 2.71828
1.0 4.0 0.0398927 2.71828
1.0 4.0 0.0393073 2.71828
1.0 4.0 0.0384354 2.71828
1.0 4.0 0.0398023 2.71828
1.0 4.0 0.0514158 2.71828
1.0 4.0 0.0373047 2.71828
1.0 5.0 0.0558554 2.71828
1.0 5.0 0.0519534 2.71828
1.0 5.0 0.0502738 2.71828
1.0 5.0 0.050892 2.71828
1.0 5.0 0.0514762 2.71828
1.0 5.0 0.0484049 2.71828
1.0 5.0 0.0569313 2.71828
1.0 5.0 0.0445671 2.71828
1.0 5.0 0.0492231 2.71828
1.0 5.0 0.0513221 2.71828
1.0 5.0 0.0858852 2.71828
1.0 5.0 0.0473985 2.71828
1.0 5.0 0.0486694 2.71828
1.0 5.0 0.0496138 2.71828
1.0 5.0 0.0504351 2.71828
1.0 5.0 0.0473093 2.71828
1.0 5.0 0.0430444 2.71828
1.0 5.0 0.0433187 2.71828
1.0 5.0 0.0468632 2.71828
1.0 5.0 0.0438445 2.71828
1.0 5.0 0.0455938 2.71828
1.0 5.0 0.0667076 2.71828
1.0 5.0 0.0472063 2.71828
1.0 5.0 0.0467517 2.71828
1.0 5.0 0.0522039 2.71828
1.0 5.0 0.042546 2.71828
1.0 5.0 0.0480858 2.71828
1.0 5.0 0.0424576 2.71828
1.0 5.0 0.0592926 2.71828
1.0 5.0 0.0512929 2.71828
1.0 5.0 0.0442643 2.71828
1.0 5.0 0.0433239 2.71828
1.0 5.0 0.0465571 2.71828
1.0 5.0 0.0590023 2.71828
1.0 5.0 0.0491978 2.71828
1.0 5.0 0.0493352 2.71828
1.0 5.0 0.0519423 2.71828
1.0 5.0 0.0434727 2.71828
1.0 5.0 0.0573745 2.71828
1.0 5.0 0.0452655 2.71828
1.0 5.0 0.050623 2.71828
1.0 5.0 0.043961 2.71828
1.0 5.0 0.0529104 2.71828
1.0 5.0 0.0490315 2.71828
1.0 5.0 0.0427409 2.71828
1.0 5.0 0.0442542 2.71828
1.0 5.0 0.0499782 2.71828
1.0 5.0 0.0472981 2.71828
1.0 5.0 0.0482471 2.71828
1.0 5.0 0.0499217 2.71828
1.0 6.0 0.0437313 2.71828
1.0 6.0 0.0478489 2.71828
1.0 6.0 0.0540889 2.71828
1.0 6.0 0.0486947 2.71828
1.0 6.0 0.0567196 2.71828
1.0 6.0 0.0451947 2.71828
1.0 6.0 0.0488504 2.71828
1.0 6.0 0.0456917 2.71828
1.0 6.0 0.0472856 2.71828
1.0 6.0 0.0566956 2.71828
1.0 6.0 0.056224 2.71828
1.0 6.0 0.0537668 2.71828
1.0 6.0 0.0502117 2.71828
1.0 6.0 0.0536428 2.71828
1.0 6.0 0.0532457 2.71828
1.0 6.0 0.0544825 2.71828
1.0 6.0 0.0638596 2.71828
1.0 6.0 0.0558123 2.71828
1.0 6.0 0.0457441 2.71828
1.0 6.0 0.0480408 2.71828
1.0 6.0 0.0457351 2.71828
1.0 6.0 0.0457249 2.71828
1.0 6.0 0.0452781 2.71828
1.0 6.0 0.0456574 2.71828
1.0 6.0 0.0527887 2.71828
1.0 6.0 0.0768915 2.71828
1.0 6.0 0.0462475 2.71828
1.0 6.0 0.0548165 2.71828
1.0 6.0 0.0555955 2.71828
1.0 6.0 0.0478234 2.71828
1.0 6.0 0.0441404 2.71828
1.0 6.0 0.0481226 2.71828
1.0 6.0 0.0511092 2.71828
1.0 6.0 0.0516911 2.71828
1.0 6.0 0.0460638 2.71828
1.0 6.0 0.0462464 2.71828
1.0 6.0 0.0463297 2.71828
1.0 6.0 0.0529754 2.71828
1.0 6.0 0.0641948 2.71828
1.0 6.0 0.0468382 2.71828
1.0 6.0 0.0467669 2.71828
1.0 6.0 0.0646734 2.71828
1.0 6.0 0.0454833 2.71828
1.0 6.0 0.051742 2.71828
1.0 6.0 0.0531024 2.71828
1.0 6.0 0.053512 2.71828
1.0 6.0 0.0469276 2.71828
1.0 6.0 0.047687 2.71828
1.0 6.0 0.0771573 2.71828
1.0 6.0 0.0455032 2.71828
1.0 7.0 0.0524301 2.71828
1.0 7.0 0.0539041 2.71828
1.0 7.0 0.0563371 2.71828
1.0 7.0 0.0500296 2.71828
1.0 7.0 0.0521966 2.71828
1.0 7.0 0.0550724 2.71828
1.0 7.0 0.0895267 2.71828
1.0 7.0 0.0572898 2.71828
1.0 7.0 0.0515254 2.71828
1.0 7.0 0.0531249 2.71828
1.0 7.0 0.0513233 2.71828
1.0 7.0 0.061196 2.71828
1.0 7.0 0.0556383 2.71828
1.0 7.0 0.0656108 2.71828
1.0 7.0 0.0548303 2.71828
1.0 7.0 0.0507546 2.71828
1.0 7.0 0.0562284 2.71828
1.0 7.0 0.0549981 2.71828
1.0 7.0 0.0600908 2.71828
1.0 7.0 0.0528107 2.71828
1.0 7.0 0.0515487 2.71828
1.0 7.0 0.0563832 2.71828
1.0 7.0 0.0531971 2.71828
1.0 7.0 0.0521919 2.71828
1.0 7.0 0.0509935 2.71828
1.0 7.0 0.0529953 2.71828
1.0 7.0 0.0553865 2.71828
1.0 7.0 0.0515493 2.71828
1.0 7.0 0.0513119 2.71828
1.0 7.0 0.0532012 2.71828
1.0 7.0 0.0631515 2.71828
1.0 7.0 0.052849 2.71828
1.0 7.0 0.0543835 2.71828
1.0 7.0 0.0529604 2.71828
1.0 7.0 0.062457 2.71828
1.0 7.0 0.0509902 2.71828
1.0 7.0 0.0562198 2.71828
1.0 7.0 0.0539285 2.71828
1.0 7.0 0.0626357 2.71828
1.0 7.0 0.0522599 2.71828
1.0 7.0 0.0549781 2.71828
1.0 7.0 0.0531414 2.71828
1.0 7.0 0.0514217 2.71828
1.0 7.0 0.0642343 2.71828
1.0 7.0 0.0498375 2.71828
1.0 7.0 0.0521466 2.71828
1.0 7.0 0.0512199 2.71828
1.0 7.0 0.0524658 2.71828
1.0 7.0 0.0515927 2.71828
1.0 7.0 0.0618473 2.71828
1.0 8.0 0.0560418 2.71828
1.0 8.0 0.0730118 2.71828
1.0 8.0 0.0560905 2.71828
1.0 8.0 0.0716207 2.71828
1.0 8.0 0.0564817 2.71828
1.0 8.0 0.0588713 2.71828
1.0 8.0 0.0807595 2.71828
1.0 8.0 0.0570306 2.71828
1.0 8.0 0.0808302 2.71828
1.0 8.0 0.0576768 2.71828
1.0 8.0 0.0572466 2.71828
1.0 8.0 0.0596531 2.71828
1.0 8.0 0.0579976 2.71828
1.0 8.0 0.0561199 2.71828
1.0 8.0 0.0573613 2.71828
1.0 8.0 0.0867994 2.71828
1.0 8.0 0.0569935 2.71828
1.0 8.0 0.0778569 2.71828
1.0 8.0 0.0578252 2.71828
1.0 8.0 0.0529777 2.71828
1.0 8.0 0.0582746 2.71828
1.0 8.0 0.0579919 2.71828
1.0 8.0 0.0550765 2.71828
1.0 8.0 0.0538096 2.71828
1.0 8.0 0.0557524 2.71828
1.0 8.0 0.0556477 2.71828
1.0 8.0 0.0573838 2.71828
1.0 8.0 0.0795871 2.71828
1.0 8.0 0.0567792 2.71828
1.0 8.0 0.0598747 2.71828
1.0 8.0 0.0624317 2.71828
1.0 8.0 0.0564788 2.71828
1.0 8.0 0.0560381 2.71828
1.0 8.0 0.0606593 2.71828
1.0 8.0 0.0584738 2.71828
1.0 8.0 0.0572637 2.71828
1.0 8.0 0.055522 2.71828
1.0 8.0 0.0595857 2.71828
1.0 8.0 0.0564616 2.71828
1.0 8.0 0.0663001 2.71828
1.0 8.0 0.0555471 2.71828
1.0 8.0 0.0666296 2.71828
1.0 8.0 0.0798068 2.71828
1.0 8.0 0.0587172 2.71828
1.0 8.0 0.0569927 2.71828
1.0 8.0 0.0550967 2.71828
1.0 8.0 0.0628988 2.71828
1.0 8.0 0.0539091 2.71828
1.0 8.0 0.0609476 2.71828
1.0 8.0 0.08111 2.71828
1.0 9.0 0.0735591 2.71828
1.0 9.0 0.0622959 2.71828
1.0 9.0 0.0625875 2.71828
1.0 9.0 0.0735824 2.71828
1.0 9.0 0.0665045 2.71828
1.0 9.0 0.0737582 2.71828
1.0 9.0 0.0621786 2.71828
1.0 9.0 0.0617815 2.71828
1.0 9.0 0.082093 2.71828
1.0 9.0 0.064072 2.71828
1.0 9.0 0.0636959 2.71828
1.0 9.0 0.0623989 2.71828
1.0 9.0 0.0900388 2.71828
1.0 9.0 0.074814 2.71828
1.0 9.0 0.0825631 2.71828
1.0 9.0 0.0643325 2.71828
1.0 9.0 0.0984246 2.71828
1.0 9.0 0.0824549 2.71828
1.0 9.0 0.106842 2.71828
1.0 9.0 0.0622703 2.71828
1.0 9.0 0.061106 2.71828
1.0 9.0 0.063623 2.71828
1.0 9.0 0.107465 2.71828
1.0 9.0 0.0590358 2.71828
1.0 9.0 0.063965 2.71828
1.0 9.0 0.0783893 2.71828
1.0 9.0 0.0620718 2.71828
1.0 9.0 0.0636712 2.71828
1.0 9.0 0.113047 2.71828
1.0 9.0 0.0760947 2.71828
1.0 9.0 0.0895175 2.71828
1.0 9.0 0.0631387 2.71828
1.0 9.0 0.072707 2.71828
1.0 9.0 0.0634469 2.71828
1.0 9.0 0.0613954 2.71828
1.0 9.0 0.0650352 2.71828
1.0 9.0 0.0625693 2.71828
1.0 9.0 0.0647327 2.71828
1.0 9.0 0.0749499 2.71828
1.0 9.0 0.0620489 2.71828
1.0 9.0 0.0619226 2.71828
1.0 9.0 0.0703378 2.71828
1.0 9.0 0.0629585 2.71828
1.0 9.0 0.07149 2.71828
1.0 9.0 0.0640543 2.71828
1.0 9.0 0.0640834 2.71828
1.0 9.0 0.0736513 2.71828
1.0 9.0 0.0624408 2.71828
1.0 9.0 0.0620732 2.71828
1.0 9.0 0.0640887 2.71828
1.0 10.0 0.0669334 2.71828
1.0 10.0 0.0835956 2.71828
1.0 10.0 0.0697644 2.71828
1.0 10.0 0.0665176 2.71828
1.0 10.0 0.0664779 2.71828
1.0 10.0 0.0720101 2.71828
1.0 10.0 0.129032 2.71828
1.0 10.0 0.0724999 2.71828
1.0 10.0 0.0731315 2.71828
1.0 10.0 0.0867944 2.71828
1.0 10.0 0.0678696 2.71828
1.0 10.0 0.067312 2.71828
1.0 10.0 0.0675703 2.71828
1.0 10.0 0.066901 2.71828
1.0 10.0 0.0676909 2.71828
1.0 10.0 0.0670958 2.71828
1.0 10.0 0.115827 2.71828
1.0 10.0 0.0844092 2.71828
1.0 10.0 0.127703 2.71828
1.0 10.0 0.0649687 2.71828
1.0 10.0 0.0684576 2.71828
1.0 10.0 0.0678743 2.71828
1.0 10.0 0.067224 2.71828
1.0 10.0 0.0682382 2.71828
1.0 10.0 0.0840759 2.71828
1.0 10.0 0.0663071 2.71828
1.0 10.0 0.0666443 2.71828
1.0 10.0 0.0664741 2.71828
1.0 10.0 0.0691482 2.71828
1.0 10.0 0.0678802 2.71828
1.0 10.0 0.0670359 2.71828
1.0 10.0 0.0668954 2.71828
1.0 10.0 0.0661529 2.71828
1.0 10.0 0.0803054 2.71828
1.0 10.0 0.0841675 2.71828
1.0 10.0 0.0790059 2.71828
1.0 10.0 0.0776255 2.71828
1.0 10.0 0.0856239 2.71828
1.0 10.0 0.0686206 2.71828
1.0 10.0 0.0838666 2.71828
1.0 10.0 0.0655722 2.71828
1.0 10.0 0.0684566 2.71828
1.0 10.0 0.0627199 2.71828
1.0 10.0 0.12458 2.71828
1.0 10.0 0.0805487 2.71828
1.0 10.0 0.115862 2.71828
1.0 10.0 0.0680119 2.71828
1.0 10.0 0.114268 2.71828
1.0 10.0 0.0668336 2.71828
1.0 10.0 0.0672322 2.71828
1.0 11.0 0.0764947 2.71828
1.0 11.0 0.0965617 2.71828
1.0 11.0 0.075088 2.71828
1.0 11.0 0.0766172 2.71828
1.0 11.0 0.073818 2.71828
1.0 11.0 0.0760123 2.71828
1.0 11.0 0.0746632 2.71828
1.0 11.0 0.114543 2.71828
1.0 11.0 0.0930535 2.71828
1.0 11.0 0.0758202 2.71828
1.0 11.0 0.0769525 2.71828
1.0 11.0 0.0757195 2.71828
1.0 11.0 0.0765743 2.71828
1.0 11.0 0.0747376 2.71828
1.0 11.0 0.0755003 2.71828
1.0 11.0 0.076183 2.71828
1.0 11.0 0.0750774 2.71828
1.0 11.0 0.0708289 2.71828
1.0 11.0 0.07448 2.71828
1.0 11.0 0.0761545 2.71828
1.0 11.0 0.0850325 2.71828
1.0 11.0 0.0762074 2.71828
1.0 11.0 0.0741678 2.71828
1.0 11.0 0.076247 2.71828
1.0 11.0 0.0786015 2.71828
1.0 11.0 0.0748289 2.71828
1.0 11.0 0.0984272 2.71828
1.0 11.0 0.0748292 2.71828
1.0 11.0 0.0785834 2.71828
1.0 11.0 0.100638 2.71828
1.0 11.0 0.0858738 2.71828
1.0 11.0 0.0781882 2.71828
1.0 11.0 0.0768299 2.71828
1.0 11.0 0.0754513 2.71828
1.0 11.0 0.0780471 2.71828
1.0 11.0 0.0765695 2.71828
1.0 11.0 0.0757174 2.71828
1.0 11.0 0.0764099 2.71828
1.0 11.0 0.0985831 2.71828
1.0 11.0 0.0851179 2.71828
1.0 11.0 0.0716795 2.71828
1.0 11.0 0.0762531 2.71828
1.0 11.0 0.0743561 2.71828
1.0 11.0 0.0751261 2.71828
1.0 11.0 0.0743369 2.71828
1.0 11.0 0.073971 2.71828
1.0 11.0 0.0932138 2.71828
1.0 11.0 0.0760355 2.71828
1.0 11.0 0.0744007 2.71828
1.0 11.0 0.0771172 2.71828
1.0 12.0 0.0730879 2.71828
1.0 12.0 0.0828458 2.71828
1.0 12.0 0.0889896 2.71828
1.0 12.0 0.0728632 2.71828
1.0 12.0 0.0729132 2.71828
1.0 12.0 0.0732724 2.71828
1.0 12.0 0.0748066 2.71828
1.0 12.0 0.0721255 2.71828
1.0 12.0 0.0727508 2.71828
1.0 12.0 0.0727508 2.71828
1.0 12.0 0.0727508 2.71828
1.0 12.0 0.0727508 2.71828
1.0 12.0 0.0727508 2.71828
1.0 12.0 0.0727508 2.71828
1.0 12.0 0.0727508 2.71828
1.0 12.0 0.0727508 2.71828
1.0 12.0 0.0727508 2.71828
1.0 12.0 0.0727508 2.71828
1.0 12.0 0.0727508 2.71828
1.0 12.0 0.0727508 2.71828
1.0 12.0 0.0727508 2.71828
1.0 12.0 0.0727508 2.71828
1.0 12.0 0.0727508 2.71828
1.0 12.0 0.0727508 2.71828
1.0 12.0 0.0727508 2.71828
1.0 12.0 0.0727508 2.71828
1.0 12.0 0.0727508 2.71828
1.0 12.0 0.0727508 2.71828
1.0 12.0 0.0727508 2.71828
1.0 12.0 0.0727508 2.71828
1.0 12.0 0.0727508 2.71828
1.0 12.0 0.0727508 2.71828
1.0 12.0 0.0727508 2.71828
1.0 12.0 0.0727508 2.71828
1.0 12.0 0.0727508 2.71828
1.0 12.0 0.0727508 2.71828
1.0 12.0 0.0727508 2.71828
1.0 12.0 0.0727508 2.71828
1.0 12.0 0.0727508 2.71828
1.0 12.0 0.0727508 2.71828
1.0 12.0 0.0727508 2.71828
1.0 12.0 0.0727508 2.71828
1.0 12.0 0.0727508 2.71828
1.0 12.0 0.0727508 2.71828
1.0 12.0 0.0727508 2.71828
1.0 12.0 0.0727508 2.71828
1.0 12.0 0.0727508 2.71828
1.0 12.0 0.0727508 2.71828
1.0 12.0 0.0727508 2.71828
1.0 12.0 0.0727508 2.71828
2.0 1.0 0.82436 -8.43827e-33
2.0 1.0 0.745329 -0.0
2.0 1.0 0.819823 -5.02058e-32
2.0 1.0 0.871973 -8.43827e-33
2.0 1.0 0.801633 -8.43827e-33
2.0 1.0 0.690834 -0.0
2.0 1.0 0.81314 -2.01644e-31
2.0 1.0 0.866715 -8.43827e-33
2.0 1.0 0.749882 -0.0
2.0 1.0 0.826678 -8.43827e-33
2.0 1.0 0.65901 -0.0
2.0 1.0 0.612192 -0.0
2.0 1.0 0.909149 -8.43827e-33
2.0 1.0 0.801556 -8.43827e-33
2.0 1.0 0.597424 -0.0
2.0 1.0 0.937776 -2.01644e-31
2.0 1.0 0.291886 -0.0
2.0 1.0 0.615489 -0.0
2.0 1.0 0.907192 -8.43827e-33
2.0 1.0 0.931155 -8.43827e-33
2.0 1.0 0.850364 -5.02058e-32
2.0 1.0 0.916573 -8.43827e-33
2.0 1.0 0.887143 -5.02058e-32
2.0 1.0 0.807188 -8.43827e-33
2.0 1.0 0.837122 -8.43827e-33
2.0 1.0 0.805291 -5.02058e-32
2.0 1.0 0.811679 -8.43827e-33
2.0 1.0 0.811495 -8.43827e-33
2.0 1.0 0.318783 -0.0
2.0 1.0 0.818985 -8.43827e-33
2.0 1.0 0.848295 -2.03723e-31
2.0 1.0 0.678914 -0.0
2.0 1.0 0.802611 -8.43827e-33
2.0 1.0 0.899651 -8.43827e-33
2.0 1.0 0.863889 -2.01644e-31
2.0 1.0 0.983732 -5.02058e-32
2.0 1.0 0.655965 -0.0
2.0 1.0 0.628246 -0.0
2.0 1.0 0.647105 -0.0
2.0 1.0 0.823259 -8.43827e-33
2.0 1.0 0.873124 -2.03723e-31
2.0 1.0 0.818985 -8.43827e-33
2.0 1.0 0.905462 -8.43827e-33
2.0 1.0 0.795669 -8.43827e-33
2.0 1.0 0.336305 -0.0
2.0 1.0 0.798391 -8.43827e-33
2.0 1.0 0.839212 -5.02058e-32
2.0 1.0 0.934903 -8.43827e-33
2.0 1.0 0.63186 -0.0
2.0 1.0 0.301212 -0.0
2.0 2.0 0.406308 -8.43827e-33
2.0 2.0 0.41745 -5.02058e-32
2.0 2.0 0.409811 -0.0
2.0 2.0 0.3082 -0.0
2.0 2.0 0.419728 -2.01644e-31
2.0 2.0 0.410357 -8.43827e-33
2.0 2.0 0.437338 -8.43827e-33
2.0 2.0 0.440517 -8.43827e-33
2.0 2.0 0.408886 -5.02058e-32
2.0 2.0 0.455545 -8.43827e-33
2.0 2.0 0.414928 -8.43827e-33
2.0 2.0 0.457974 -8.43827e-33
2.0 2.0 0.450804 -0.0
2.0 2.0 0.327584 -0.0
2.0 2.0 0.44528 -0.0
2.0 2.0 0.457939 -8.43827e-33
2.0 2.0 0.436289 -8.43827e-33
2.0 2.0 0.405134 -5.02058e-32
2.0 2.0 0.431389 -2.01644e-31
2.0 2.0 0.451755 -5.02058e-32
2.0 2.0 0.452637 -8.43827e-33
2.0 2.0 0.416424 -8.43827e-33
2.0 2.0 0.446786 -8.43827e-33
2.0 2.0 0.455617 -0.0
2.0 2.0 0.439404 -0.0
2.0 2.0 0.440467 -8.43827e-33
2.0 2.0 0.443577 -2.01644e-31
2.0 2.0 0.457812 -0.0
2.0 2.0 0.460668 -8.43827e-33
2.0 2.0 0.406193 -8.43827e-33
2.0 2.0 0.457798 -6.77826e-31
2.0 2.0 0.450364 -0.0
2.0 2.0 0.454522 -0.0
2.0 2.0 0.453767 -8.43827e-33
2.0 2.0 0.438097 -8.43827e-33
2.0 2.0 0.449849 -8.43827e-33
2.0 2.0 0.409122 -5.02058e-32
2.0 2.0 0.450623 -0.0
2.0 2.0 0.455111 -8.43827e-33
2.0 2.0 0.458862 -8.43827e-33
2.0 2.0 0.455655 -0.0
2.0 2.0 0.487665 -8.43827e-33
2.0 2.0 0.418904 -0.0
2.0 2.0 0.444171 -8.43827e-33
2.0 2.0 0.446974 -0.0
2.0 2.0 0.337584 -0.0
2.0 2.0 0.415184 -8.43827e-33
2.0 2.0 0.33393 -0.0
2.0 2.0 0.45373 -8.43827e-33
2.0 2.0 0.401935 -0.0
2.0 3.0 0.304758 -2.01644e-31
2.0 3.0 0.298521 -0.0
2.0 3.0 0.294999 -0.0
2.0 3.0 0.302293 -8.43827e-33
2.0 3.0 0.296901 -0.0
2.0 3.0 0.301774 -8.43827e-33
2.0 3.0 0.293693 -0.0
2.0 3.0 0.280717 -0.0
2.0 3.0 0.300515 -8.43827e-33
2.0 3.0 0.302917 -5.02058e-32
2.0 3.0 0.282879 -4.33559e-32
2.0 3.0 0.28043 -0.0
2.0 3.0 0.298725 -0.0
2.0 3.0 0.293463 -0.0
2.0 3.0 0.301828 -2.01644e-31
2.0 3.0 0.291086 -0.0
2.0 3.0 0.297144 -0.0
2.0 3.0 0.292854 -0.0
2.0 3.0 0.300122 -4.33559e-32
2.0 3.0 0.285509 -8.43827e-33
2.0 3.0 0.303951 -8.43827e-33
2.0 3.0 0.302474 -2.01644e-31
2.0 3.0 0.292745 -0.0
2.0 3.0 0.279231 -0.0
2.0 3.0 0.300278 -8.43827e-33
2.0 3.0 0.29566 -0.0
2.0 3.0 0.299824 -8.43827e-33
2.0 3.0 0.298241 -8.43827e-33
2.0 3.0 0.299494 -8.43827e-33
2.0 3.0 0.296566 -0.0
2.0 3.0 0.294655 -0.0
2.0 3.0 0.295603 -0.0
2.0 3.0 0.295912 -4.33559e-32
2.0 3.0 0.287847 -5.02058e-32
2.0 3.0 0.301042 -8.43827e-33
2.0 3.0 0.288624 -0.0
2.0 3.0 0.294785 -0.0
2.0 3.0 0.300519 -4.33559e-32
2.0 3.0 0.303397 -8.43827e-33
2.0 3.0 0.278775 -0.0
2.0 3.0 0.304796 -5.02058e-32
2.0 3.0 0.310204 -5.02058e-32
2.0 3.0 0.29485 -0.0
2.0 3.0 0.3018 -5.02058e-32
2.0 3.0 0.284461 -8.43827e-33
2.0 3.0 0.302431 -8.43827e-33
2.0 3.0 0.279321 -0.0
2.0 3.0 0.301636 -8.43827e-33
2.0 3.0 0.280704 -8.43827e-33
2.0 3.0 0.295789 -0.0
2.0 4.0 0.199961 -8.43827e-33
2.0 4.0 0.206877 -8.43827e-33
2.0 4.0 0.278744 -0.0
2.0 4.0 0.214506 -0.0
2.0 4.0 0.202221 -2.03723e-31
2.0 4.0 0.206504 -0.0
2.0 4.0 0.238078 -7.10571e-31
2.0 4.0 0.213923 -5.02058e-32
2.0 4.0 0.215966 -8.43827e-33
2.0 4.0 0.186787 -8.43827e-33
2.0 4.0 0.206848 -0.0
2.0 4.0 0.206129 -5.02058e-32
2.0 4.0 0.200382 -8.43827e-33
2.0 4.0 0.190107 -0.0
2.0 4.0 0.204772 -4.33559e-32
2.0 4.0 0.199968 -8.43827e-33
2.0 4.0 0.177199 -0.0
2.0 4.0 0.205998 -0.0
2.0 4.0 0.198519 -8.43827e-33
2.0 4.0 0.200692 -5.02058e-32
2.0 4.0 0.196807 -0.0
2.0 4.0 0.199372 -0.0
2.0 4.0 0.194434 -8.43827e-33
2.0 4.0 0.199908 -0.0
2.0 4.0 0.195034 -8.43827e-33
2.0 4.0 0.203653 -8.43827e-33
2.0 4.0 0.197249 -8.43827e-33
2.0 4.0 0.201285 -5.02058e-32
2.0 4.0 0.21161 -8.43827e-33
2.0 4.0 0.203399 -8.43827e-33
2.0 4.0 0.202302 -8.43827e-33
2.0 4.0 0.195233 -0.0
2.0 4.0 0.196165 -8.43827e-33
2.0 4.0 0.179778 -8.43827e-33
2.0 4.0 0.124454 -0.0
2.0 4.0 0.195468 -8.43827e-33
2.0 4.0 0.201488 -8.43827e-33
2.0 4.0 0.190211 -4.33559e-32
2.0 4.0 0.213983 -4.33559e-32
2.0 4.0 0.195788 -8.43827e-33
2.0 4.0 0.20826 -8.43827e-33
2.0 4.0 0.194871 -0.0
2.0 4.0 0.200391 -4.33559e-32
2.0 4.0 0.179234 -8.43827e-33
2.0 4.0 0.202879 -5.02058e-32
2.0 4.0 0.190885 -8.43827e-33
2.0 4.0 0.197689 -0.0
2.0 4.0 0.246354 -8.43827e-33
2.0 4.0 0.207313 -0.0
2.0 4.0 0.262076 -2.01644e-31
2.0 5.0 0.177338 -8.43827e-33
2.0 5.0 0.177499 -0.0
2.0 5.0 0.158663 -8.43827e-33
2.0 5.0 0.163004 -0.0
2.0 5.0 0.163153 -8.43827e-33
2.0 5.0 0.16274 -4.33559e-32
2.0 5.0 0.168542 -8.43827e-33
2.0 5.0 0.161017 -5.02058e-32
2.0 5.0 0.165404 -2.03723e-31
2.0 5.0 0.170469 -0.0
2.0 5.0 0.162163 -5.02058e-32
2.0 5.0 0.17136 -0.0
2.0 5.0 0.152066 -0.0
2.0 5.0 0.163365 -8.43827e-33
2.0 5.0 0.176568 -5.02058e-32
2.0 5.0 0.163381 -2.03723e-31
2.0 5.0 0.186724 -0.0
2.0 5.0 0.159208 -8.43827e-33
2.0 5.0 0.168577 -4.33559e-32
2.0 5.0 0.170136 -8.43827e-33
2.0 5.0 0.163857 -2.01644e-31
2.0 5.0 0.165678 -0.0
2.0 5.0 0.162877 -8.43827e-33
2.0 5.0 0.169677 -0.0
2.0 5.0 0.166437 -0.0
2.0 5.0 0.167492 -8.43827e-33
2.0 5.0 0.258495 -0.0
2.0 5.0 0.156678 -8.43827e-33
2.0 5.0 0.161221 -0.0
2.0 5.0 0.165436 -8.43827e-33
2.0 5.0 0.161345 -5.02058e-32
2.0 5.0 0.168452 -2.01644e-31
2.0 5.0 0.167853 -8.43827e-33
2.0 5.0 0.16099 -5.02058e-32
2.0 5.0 0.268963 -5.02058e-32
2.0 5.0 0.16525 -8.43827e-33
2.0 5.0 0.162611 -0.0
2.0 5.0 0.169685 -2.03723e-31
2.0 5.0 0.171032 -5.02058e-32
2.0 5.0 0.175976 -1.7325e-31
2.0 5.0 0.170539 -4.33559e-32
2.0 5.0 0.167939 -5.02058e-32
2.0 5.0 0.16159 -4.33559e-32
2.0 5.0 0.165916 -0.0
2.0 5.0 0.160829 -5.02058e-32
2.0 5.0 0.156259 -8.43827e-33
2.0 5.0 0.166069 -0.0
2.0 5.0 0.15396 -5.02058e-32
2.0 5.0 0.166955 -8.43827e-33
2.0 5.0 0.166471 -0.0
2.0 6.0 0.159564 -8.43827e-33
2.0 6.0 0.147226 -0.0
2.0 6.0 0.166471 -5.02058e-32
2.0 6.0 0.17305 -8.43827e-33
2.0 6.0 0.167609 -8.43827e-33
2.0 6.0 0.163227 -4.33559e-32
2.0 6.0 0.168319 -8.43827e-33
2.0 6.0 0.163181 -5.02058e-32
2.0 6.0 0.137503 -0.0
2.0 6.0 0.160169 -8.43827e-33
2.0 6.0 0.169665 -5.02058e-32
2.0 6.0 0.172924 -0.0
2.0 6.0 0.162786 -2.01644e-31
2.0 6.0 0.165169 -8.43827e-33
2.0 6.0 0.146479 -0.0
2.0 6.0 0.160712 -8.43827e-33
2.0 6.0 0.16048 -5.02058e-32
2.0 6.0 0.162347 -2.03723e-31
2.0 6.0 0.168705 -8.43827e-33
2.0 6.0 0.139468 -0.0
2.0 6.0 0.144885 -0.0
2.0 6.0 0.160973 -8.43827e-33
2.0 6.0 0.160342 -5.02058e-32
2.0 6.0 0.160701 -5.02058e-32
2.0 6.0 0.139847 -0.0
2.0 6.0 0.16042 -8.43827e-33
2.0 6.0 0.158177 -4.33559e-32
2.0 6.0 0.152056 -0.0
2.0 6.0 0.161135 -8.43827e-33
2.0 6.0 0.162157 -8.43827e-33
2.0 6.0 0.138014 -0.0
2.0 6.0 0.161706 -5.02058e-32
2.0 6.0 0.146334 -0.0
2.0 6.0 0.161198 -2.21611e-32
2.0 6.0 0.136892 -0.0
2.0 6.0 0.126292 -0.0
2.0 6.0 0.161922 -4.33559e-32
2.0 6.0 0.182648 -8.43827e-33
2.0 6.0 0.141821 -0.0
2.0 6.0 0.163131 -8.43827e-33
2.0 6.0 0.161674 -8.43827e-33
2.0 6.0 0.163877 -8.43827e-33
2.0 6.0 0.169996 -5.02058e-32
2.0 6.0 0.161817 -8.43827e-33
2.0 6.0 0.178352 -4.33559e-32
2.0 6.0 0.207794 -0.0
2.0 6.0 0.16459 -4.33559e-32
2.0 6.0 0.174604 -8.43827e-33
2.0 6.0 0.165058 -5.02058e-32
2.0 6.0 0.164294 -8.43827e-33
2.0 7.0 0.141848 -4.33559e-32
2.0 7.0 0.143109 -0.0
2.0 7.0 0.142522 -5.02058e-32
2.0 7.0 0.141165 -8.43827e-33
2.0 7.0 0.145697 -6.77826e-31
2.0 7.0 0.138551 -4.33559e-32
2.0 7.0 0.137369 -6.77826e-31
2.0 7.0 0.13883 -8.43827e-33
2.0 7.0 0.135678 -0.0
2.0 7.0 0.151773 -8.43827e-33
2.0 7.0 0.140236 -2.01644e-31
2.0 7.0 0.153425 -5.02058e-32
2.0 7.0 0.128015 -0.0
2.0 7.0 0.141019 -4.33559e-32
2.0 7.0 0.140221 -0.0
2.0 7.0 0.15162 -8.43827e-33
2.0 7.0 0.153222 -5.02058e-32
2.0 7.0 0.139472 -5.02058e-32
2.0 7.0 0.149973 -0.0
2.0 7.0 0.138184 -8.43827e-33
2.0 7.0 0.139166 -5.02058e-32
2.0 7.0 0.122443 -0.0
2.0 7.0 0.136974 -0.0
2.0 7.0 0.130565 -0.0
2.0 7.0 0.138174 -8.43827e-33
2.0 7.0 0.159167 -8.43827e-33
2.0 7.0 0.140755 -8.43827e-33
2.0 7.0 0.159368 -8.43827e-33
2.0 7.0 0.140797 -4.33559e-32
2.0 7.0 0.139227 -8.43827e-33
2.0 7.0 0.153543 -5.02058e-32
2.0 7.0 0.128582 -0.0
2.0 7.0 0.140982 -8.43827e-33
2.0 7.0 0.141499 -5.02058e-32
2.0 7.0 0.14099 -5.02058e-32
2.0 7.0 0.139555 -0.0
2.0 7.0 0.155779 -0.0
2.0 7.0 0.172371 -8.43827e-33
2.0 7.0 0.136324 -8.43827e-33
2.0 7.0 0.14503 -0.0
2.0 7.0 0.137958 -0.0
2.0 7.0 0.146221 -8.43827e-33
2.0 7.0 0.13825 -5.02058e-32
2.0 7.0 0.143495 -0.0
2.0 7.0 0.151294 -8.43827e-33
2.0 7.0 0.154245 -5.02058e-32
2.0 7.0 0.12496 -0.0
2.0 7.0 0.159285 -5.02058e-32
2.0 7.0 0.140439 -4.33559e-32
2.0 7.0 0.166149 -8.43827e-33
2.0 8.0 0.139961 -4.33559e-32
2.0 8.0 0.117253 -0.0
2.0 8.0 0.156137 -8.43827e-33
2.0 8.0 0.147869 -5.02058e-32
2.0 8.0 0.209701 -8.43827e-33
2.0 8.0 0.125962 -0.0
2.0 8.0 0.146305 -5.02058e-32
2.0 8.0 0.145156 -5.02058e-32
2.0 8.0 0.155923 -5.02058e-32
2.0 8.0 0.148492 -8.43827e-33
2.0 8.0 0.122247 -0.0
2.0 8.0 0.119266 -0.0
2.0 8.0 0.144939 -0.0
2.0 8.0 0.142326 -8.43827e-33
2.0 8.0 0.143574 -2.03723e-31
2.0 8.0 0.168616 -0.0
2.0 8.0 0.117751 -0.0
2.0 8.0 0.144322 -5.02058e-32
2.0 8.0 0.149449 -5.02058e-32
2.0 8.0 0.142843 -2.01644e-31
2.0 8.0 0.140867 -8.43827e-33
2.0 8.0 0.185105 -8.43827e-33
2.0 8.0 0.123509 -0.0
2.0 8.0 0.119061 -0.0
2.0 8.0 0.140002 -4.33559e-32
2.0 8.0 0.140609 -8.43827e-33
2.0 8.0 0.127178 -0.0
2.0 8.0 0.123046 -0.0
2.0 8.0 0.144074 -8.43827e-33
2.0 8.0 0.116564 -0.0
2.0 8.0 0.120438 -0.0
2.0 8.0 0.124305 -0.0
2.0 8.0 0.124437 -0.0
2.0 8.0 0.149761 -8.43827e-33
2.0 8.0 0.186896 -2.03723e-31
2.0 8.0 0.150773 -8.43827e-33
2.0 8.0 0.186477 -8.43827e-33
2.0 8.0 0.142689 -8.43827e-33
2.0 8.0 0.123059 -0.0
2.0 8.0 0.143181 -5.02058e-32
2.0 8.0 0.12164 -0.0
2.0 8.0 0.143806 -8.43827e-33
2.0 8.0 0.129365 -0.0
2.0 8.0 0.150803 -4.33559e-32
2.0 8.0 0.142855 -5.02058e-32
2.0 8.0 0.142952 -8.43827e-33
2.0 8.0 0.161915 -8.43827e-33
2.0 8.0 0.145407 -8.43827e-33
2.0 8.0 0.145798 -2.01644e-31
2.0 8.0 0.140204 -8.43827e-33
2.0 9.0 0.125666 -8.43827e-33
2.0 9.0 0.126703 -5.02058e-32
2.0 9.0 0.138071 -2.01644e-31
2.0 9.0 0.154539 -8.43827e-33
2.0 9.0 0.126466 -8.43827e-33
2.0 9.0 0.110491 -0.0
2.0 9.0 0.12574 -0.0
2.0 9.0 0.136552 -8.43827e-33
2.0 9.0 0.131778 -0.0
2.0 9.0 0.133645 -5.02058e-32
2.0 9.0 0.118425 -0.0
2.0 9.0 0.120368 -0.0
2.0 9.0 0.151392 -0.0
2.0 9.0 0.133415 -8.43827e-33
2.0 9.0 0.125247 -4.33559e-32
2.0 9.0 0.121644 -0.0
2.0 9.0 0.136372 -8.43827e-33
2.0 9.0 0.114297 -0.0
2.0 9.0 0.127125 -8.43827e-33
2.0 9.0 0.133808 -0.0
2.0 9.0 0.123936 -8.43827e-33
2.0 9.0 0.118919 -0.0
2.0 9.0 0.133524 -0.0
2.0 9.0 0.132098 -4.33559e-32
2.0 9.0 0.127436 -2.03723e-31
2.0 9.0 0.125654 -8.43827e-33
2.0 9.0 0.125966 -0.0
2.0 9.0 0.12562 -4.33559e-32
2.0 9.0 0.125625 -8.43827e-33
2.0 9.0 0.124736 -5.02058e-32
2.0 9.0 0.128251 -0.0
2.0 9.0 0.143378 -8.43827e-33
2.0 9.0 0.141833 -8.43827e-33
2.0 9.0 0.176429 -8.43827e-33
2.0 9.0 0.123388 -4.33559e-32
2.0 9.0 0.164037 -8.43827e-33
2.0 9.0 0.123875 -0.0
2.0 9.0 0.144208 -4.33559e-32
2.0 9.0 0.143906 -8.43827e-33
2.0 9.0 0.145561 -2.01644e-31
2.0 9.0 0.141798 -8.43827e-33
2.0 9.0 0.117802 -0.0
2.0 9.0 0.163514 -5.02058e-32
2.0 9.0 0.119551 -0.0
2.0 9.0 0.125972 -0.0
2.0 9.0 0.137167 -2.01644e-31
2.0 9.0 0.127365 -8.43827e-33
2.0 9.0 0.147914 -0.0
2.0 9.0 0.129207 -5.02058e-32
2.0 9.0 0.120329 -0.0
2.0 10.0 0.120001 -0.0
2.0 10.0 0.152065 -0.0
2.0 10.0 0.115425 -8.43827e-33
2.0 10.0 0.130462 -4.33559e-32
2.0 10.0 0.118606 -8.43827e-33
2.0 10.0 0.117979 -8.43827e-33
2.0 10.0 0.129321 -2.01644e-31
2.0 10.0 0.121005 -2.01644e-31
2.0 10.0 0.118153 -8.43827e-33
2.0 10.0 0.126991 -0.0
2.0 10.0 0.160546 -0.0
2.0 10.0 0.171513 -5.02058e-32
2.0 10.0 0.160921 -0.0
2.0 10.0 0.143331 -0.0
2.0 10.0 0.118175 -8.43827e-33
2.0 10.0 0.112847 -0.0
2.0 10.0 0.154486 -8.43827e-33
2.0 10.0 0.12047 -5.02058e-32
2.0 10.0 0.116113 -5.02058e-32
2.0 10.0 0.128337 -4.33559e-32
2.0 10.0 0.117457 -0.0
2.0 10.0 0.117325 -8.43827e-33
2.0 10.0 0.116679 -0.0
2.0 10.0 0.158852 -5.02058e-32
2.0 10.0 0.149298 -8.43827e-33
2.0 10.0 0.117966 -8.43827e-33
2.0 10.0 0.120647 -0.0
2.0 10.0 0.142153 -0.0
2.0 10.0 0.123786 -8.43827e-33
2.0 10.0 0.16725 -8.43827e-33
2.0 10.0 0.115522 -5.02058e-32
2.0 10.0 0.113366 -0.0
2.0 10.0 0.131641 -0.0
2.0 10.0 0.121913 -8.43827e-33
2.0 10.0 0.217999 -8.43827e-33
2.0 10.0 0.119334 -8.43827e-33
2.0 10.0 0.11895 -0.0
2.0 10.0 0.160517 -8.43827e-33
2.0 10.0 0.118651 -8.43827e-33
2.0 10.0 0.119895 -8.43827e-33
2.0 10.0 0.136424 -8.43827e-33
2.0 10.0 0.111615 -0.0
2.0 10.0 0.12112 -0.0
2.0 10.0 0.13182 -0.0
2.0 10.0 0.116331 -8.43827e-33
2.0 10.0 0.122425 -4.33559e-32
2.0 10.0 0.167246 -0.0
2.0 10.0 0.16387 -8.43827e-33
2.0 10.0 0.117867 -8.43827e-33
2.0 10.0 0.117498 -2.01644e-31
2.0 11.0 0.113414 -0.0
2.0 11.0 0.112045 -0.0
2.0 11.0 0.119911 -4.33559e-32
2.0 11.0 0.143807 -2.01644e-31
2.0 11.0 0.165552 -0.0
2.0 11.0 0.123222 -8.43827e-33
2.0 11.0 0.121647 -2.03723e-31
2.0 11.0 0.120394 -5.02058e-32
2.0 11.0 0.130524 -5.02058e-32
2.0 11.0 0.11581 -0.0
2.0 11.0 0.122245 -1.7325e-31
2.0 11.0 0.116342 -0.0
2.0 11.0 0.112812 -0.0
2.0 11.0 0.11183 -0.0
2.0 11.0 0.123687 -0.0
2.0 11.0 0.113924 -0.0
2.0 11.0 0.137085 -8.43827e-33
2.0 11.0 0.148861 -8.43827e-33
2.0 11.0 0.137168 -0.0
2.0 11.0 0.119438 -8.43827e-33
2.0 11.0 0.126827 -4.33559e-32
2.0 11.0 0.143064 -8.43827e-33
2.0 11.0 0.128852 -8.43827e-33
2.0 11.0 0.122332 -0.0
2.0 11.0 0.154279 -8.43827e-33
2.0 11.0 0.131601 -8.43827e-33
2.0 11.0 0.11938 -5.02058e-32
2.0 11.0 0.160677 -8.43827e-33
2.0 11.0 0.123159 -5.02058e-32
2.0 11.0 0.121635 -5.02058e-32
2.0 11.0 0.1301 -0.0
2.0 11.0 0.11098 -0.0
2.0 11.0 0.11602 -0.0
2.0 11.0 0.143208 -8.43827e-33
2.0 11.0 0.128604 -1.7325e-31
2.0 11.0 0.121611 -8.43827e-33
2.0 11.0 0.132089 -4.33559e-32
2.0 11.0 0.122161 -8.43827e-33
2.0 11.0 0.12022 -8.43827e-33
2.0 11.0 0.155069 -8.43827e-33
2.0 11.0 0.115704 -0.0
2.0 11.0 0.115078 -0.0
2.0 11.0 0.120823 -4.33559e-32
2.0 11.0 0.111251 -0.0
2.0 11.0 0.122119 -5.02058e-32
2.0 11.0 0.126895 -0.0
2.0 11.0 0.177012 -8.43827e-33
2.0 11.0 0.125444 -8.43827e-33
2.0 11.0 0.103077 -0.0
2.0 11.0 0.118533 -0.0
2.0 11.0 0.118533 -0.0
2.0 11.0 0.118533 -0.0
2.0 11.0 0.118533 -0.0
2.0 11.0 0.118533 -0.0
2.0 11.0 0.118533 -0.0
2.0 11.0 0.118533 -0.0
2.0 11.0 0.118533 -0.0
2.0 11.0 0.118533 -0.0
2.0 11.0 0.118533 -0.0
2.0 11.0 0.118533 -0.0
2.0 11.0 0.118533 -0.0
2.0 11.0 0.118533 -0.0
2.0 11.0 0.118533 -0.0
2.0 11.0 0.118533 -0.0
2.0 11.0 0.118533 -0.0
2.0 11.0 0.118533 -0.0
2.0 11.0 0.118533 -0.0
2.0 11.0 0.118533 -0.0
2.0 11.0 0.118533 -0.0
2.0 11.0 0.118533 -0.0
2.0 11.0 0.118533 -0.0
2.0 11.0 0.118533 -0.0
2.0 11.0 0.118533 -0.0
2.0 11.0 0.118533 -0.0
2.0 11.0 0.118533 -0.0
2.0 11.0 0.118533 -0.0
2.0 11.0 0.118533 -0.0
2.0 11.0 0.118533 -0.0
2.0 11.0 0.118533 -0.0
2.0 11.0 0.118533 -0.0
2.0 11.0 0.118533 -0.0
2.0 11.0 0.118533 -0.0
2.0 11.0 0.118533 -0.0
2.0 11.0 0.118533 -0.0
2.0 11.0 0.118533 -0.0
2.0 11.0 0.118533 -0.0
2.0 11.0 0.118533 -0.0
2.0 11.0 0.118533 -0.0
2.0 11.0 0.118533 -0.0
2.0 11.0 0.118533 -0.0
2.0 11.0 0.118533 -0.0
2.0 11.0 0.118533 -0.0
2.0 11.0 0.118533 -0.0
2.0 11.0 0.118533 -0.0
2.0 11.0 0.118533 -0.0
2.0 11.0 0.118533 -0.0
2.0 11.0 0.118533 -0.0
2.0 11.0 0.118533 -0.0
2.0 11.0 0.118533 -0.0
2.0 11.0 0.118533 -0.0
3.0 1.0 0.071642 -0.0
3.0 1.0 0.074078 -0.0
3.0 1.0 0.066022 -0.0
3.0 1.0 0.0699296 -0.0
3.0 1.0 0.071528 -0.0
3.0 1.0 0.0720383 -0.0
3.0 1.0 0.0750123 -0.0
3.0 1.0 0.0736169 -0.0
3.0 1.0 0.0681806 -0.0
3.0 1.0 0.0714699 -0.0
3.0 1.0 0.0690962 -0.0
3.0 1.0 0.0678045 -0.0
3.0 1.0 0.0729722 -0.0
3.0 1.0 0.0717031 -0.0
3.0 1.0 0.0772901 -0.0
3.0 1.0 0.0808943 -0.0
3.0 1.0 0.0670711 -0.0
3.0 1.0 0.0663401 -0.0
3.0 1.0 0.0619656 -0.0
3.0 1.0 0.0631032 -0.0
3.0 1.0 0.0605937 -0.0
3.0 1.0 0.0632745 -0.0
3.0 1.0 0.0738516 -0.0
3.0 1.0 0.075975 -0.0
3.0 1.0 0.0680401 -0.0
3.0 1.0 0.0779846 -0.0
3.0 1.0 0.0804318 -0.0
3.0 1.0 0.0771474 -0.0
3.0 1.0 0.0721313 -0.0
3.0 1.0 0.0744181 -0.0
3.0 1.0 0.0672259 -0.0
3.0 1.0 0.0785065 -0.0
3.0 1.0 0.0786715 -0.0
3.0 1.0 0.0753706 -0.0
3.0 1.0 0.0824349 -0.0
3.0 1.0 0.0763628 -0.0
3.0 1.0 0.0734345 -0.0
3.0 1.0 0.0691718 -0.0
3.0 1.0 0.0785657 -0.0
3.0 1.0 0.0724573 -0.0
3.0 1.0 0.0775527 -0.0
3.0 1.0 0.0694199 -0.0
3.0 1.0 0.0772148 -0.0
3.0 1.0 0.0692111 -0.0
3.0 1.0 0.0666025 -0.0
3.0 1.0 0.0645208 -0.0
3.0 1.0 0.0865498 -0.0
3.0 1.0 0.0817475 -0.0
3.0 1.0 0.082051 -0.0
3.0 1.0 0.0658436 -0.0
3.0 2.0 0.0438195 -0.0
3.0 2.0 0.0427238 -0.0
3.0 2.0 0.0427601 -0.0
3.0 2.0 0.0435746 -0.0
3.0 2.0 0.0385208 -0.0
3.0 2.0 0.0420689 -0.0
3.0 2.0 0.0411525 -0.0
3.0 2.0 0.0393801 -0.0
3.0 2.0 0.0424451 -0.0
3.0 2.0 0.041001 -0.0
3.0 2.0 0.0518264 -0.0
3.0 2.0 0.0394082 -0.0
3.0 2.0 0.0442745 -0.0
3.0 2.0 0.0408096 -0.0
3.0 2.0 0.0402471 -0.0
3.0 2.0 0.0463149 -0.994959
3.0 2.0 0.042447 -0.0
3.0 2.0 0.0429114 -0.0
3.0 2.0 0.0379924 -0.0
3.0 2.0 0.0420838 -0.0
3.0 2.0 0.0393886 -0.0
3.0 2.0 0.0429467 -0.0
3.0 2.0 0.041688 -0.0
3.0 2.0 0.0386428 -0.0
3.0 2.0 0.0417442 -0.0
3.0 2.0 0.0384904 -0.0
3.0 2.0 0.0419584 -0.0
3.0 2.0 0.0406416 -0.0
3.0 2.0 0.039585 -0.0
3.0 2.0 0.0419286 -0.0
3.0 2.0 0.0428687 -0.0
3.0 2.0 0.0505444 -0.0
3.0 2.0 0.0454119 -0.0
3.0 2.0 0.0391984 -0.0
3.0 2.0 0.0386285 -0.0
3.0 2.0 0.0451398 -0.994959
3.0 2.0 0.0514615 -0.994959
3.0 2.0 0.0425154 -0.0
3.0 2.0 0.0413815 -0.0
3.0 2.0 0.0414653 -0.0
3.0 2.0 0.0396457 -0.0
3.0 2.0 0.0446229 -0.0
3.0 2.0 0.0400344 -0.0
3.0 2.0 0.037053 -0.0
3.0 2.0 0.0406387 -0.0
3.0 2.0 0.0387463 -0.0
3.0 2.0 0.042484 -0.0
3.0 2.0 0.0428699 -0.0
3.0 2.0 0.044462 -0.0
3.0 2.0 0.0557029 -0.994959
3.0 3.0 0.0342139 -0.0
3.0 3.0 0.0333685 -0.0
3.0 3.0 0.0417677 -0.994959
3.0 3.0 0.0405647 -0.0
3.0 3.0 0.039022 -0.0
3.0 3.0 0.0373449 -0.994959
3.0 3.0 0.0340471 -0.0
3.0 3.0 0.0357027 -0.0
3.0 3.0 0.0334315 -0.0
3.0 3.0 0.0403369 -0.994959
3.0 3.0 0.036678 -0.0
3.0 3.0 0.0314929 -0.0
3.0 3.0 0.0370205 -0.0
3.0 3.0 0.033387 -0.0
3.0 3.0 0.033917 -0.0
3.0 3.0 0.0400952 -0.994959
3.0 3.0 0.0406787 -0.0
3.0 3.0 0.0312598 -0.0
3.0 3.0 0.0329923 -0.0
3.0 3.0 0.0328224 -0.0
3.0 3.0 0.0342579 -0.0
3.0 3.0 0.0325879 -0.0
3.0 3.0 0.033714 -0.0
3.0 3.0 0.0385293 -0.0
3.0 3.0 0.0344996 -0.0
3.0 3.0 0.0334267 -0.0
3.0 3.0 0.0306605 -0.0
3.0 3.0 0.0305416 -0.0
3.0 3.0 0.0332298 -0.0
3.0 3.0 0.040533 -0.994959
3.0 3.0 0.0417291 -0.0
3.0 3.0 0.0332898 -0.0
3.0 3.0 0.0328095 -0.0
3.0 3.0 0.0361099 -0.0
3.0 3.0 0.0346723 -0.0
3.0 3.0 0.0353357 -0.0
3.0 3.0 0.0343681 -0.0
3.0 3.0 0.0396436 -0.994959
3.0 3.0 0.0328143 -0.0
3.0 3.0 0.0313738 -0.0
3.0 3.0 0.0338884 -0.0
3.0 3.0 0.0333799 -0.0
3.0 3.0 0.03625 -0.0
3.0 3.0 0.0313827 -0.0
3.0 3.0 0.0356412 -0.0
3.0 3.0 0.0335721 -0.0
3.0 3.0 0.0384164 -0.0
3.0 3.0 0.0379719 -0.0
3.0 3.0 0.040841 -0.994959
3.0 3.0 0.0348967 -0.0
3.0 4.0 0.0386598 -0.0
3.0 4.0 0.0383539 -0.0
3.0 4.0 0.0342035 -0.0
3.0 4.0 0.040759 -0.0
3.0 4.0 0.0405096 -0.0
3.0 4.0 0.0394921 -0.0
3.0 4.0 0.0378657 -0.0
3.0 4.0 0.0297521 -0.0
3.0 4.0 0.0381126 -0.0
3.0 4.0 0.033827 -0.0
3.0 4.0 0.0389351 -0.994959
3.0 4.0 0.0441562 -0.0
3.0 4.0 0.0377145 -0.0
3.0 4.0 0.0395528 -0.994959
3.0 4.0 0.0480245 -0.994959
3.0 4.0 0.0435135 -0.0
3.0 4.0 0.0335605 -0.0
3.0 4.0 0.0467342 -0.0
3.0 4.0 0.0365898 -0.994959
3.0 4.0 0.0348046 -0.0
3.0 4.0 0.0305908 -0.0
3.0 4.0 0.047193 -0.0
3.0 4.0 0.0383254 -0.0
3.0 4.0 0.0345609 -0.0
3.0 4.0 0.0360807 -0.0
3.0 4.0 0.0362101 -0.0
3.0 4.0 0.037112 -0.0
3.0 4.0 0.0399031 -0.0
3.0 4.0 0.0511095 -0.0
3.0 4.0 0.0445078 -0.0
3.0 4.0 0.0398886 -0.0
3.0 4.0 0.0440562 -0.0
3.0 4.0 0.0375946 -0.0
3.0 4.0 0.0423481 -0.0
3.0 4.0 0.0443978 -0.0
3.0 4.0 0.0367001 -0.0
3.0 4.0 0.0332846 -0.994959
3.0 4.0 0.0497078 -0.0
3.0 4.0 0.0361779 -0.994959
3.0 4.0 0.0337438 -0.0
3.0 4.0 0.0363023 -0.0
3.0 4.0 0.038494 -0.0
3.0 4.0 0.0396201 -0.0
3.0 4.0 0.0377998 -0.0
3.0 4.0 0.0393526 -0.0
3.0 4.0 0.0384058 -0.0
3.0 4.0 0.0337228 -0.0
3.0 4.0 0.0353865 -0.0
3.0 4.0 0.0352514 -0.0
3.0 4.0 0.0475442 -0.0
3.0 5.0 0.0541396 -1.98992
3.0 5.0 0.0432633 -0.0
3.0 5.0 0.050975 -0.0
3.0 5.0 0.047612 -0.0
3.0 5.0 0.0460772 -0.994959
3.0 5.0 0.0373224 -0.0
3.0 5.0 0.0499037 -0.0
3.0 5.0 0.0434035 -0.0
3.0 5.0 0.0518185 -0.0
3.0 5.0 0.0453483 -0.0
3.0 5.0 0.04663 -0.0
3.0 5.0 0.0437824 -0.994959
3.0 5.0 0.0445907 -0.0
3.0 5.0 0.0432419 -0.0
3.0 5.0 0.0604583 -0.0
3.0 5.0 0.047485 -1.98992
3.0 5.0 0.0538923 -0.0
3.0 5.0 0.0414329 -0.0
3.0 5.0 0.0464401 -0.0
3.0 5.0 0.0639738 -0.0
3.0 5.0 0.0476294 -0.0
3.0 5.0 0.048318 -0.0
3.0 5.0 0.0407956 -0.0
3.0 5.0 0.0572156 -0.0
3.0 5.0 0.0413709 -0.994959
3.0 5.0 0.0501941 -0.0
3.0 5.0 0.0510482 -0.0
3.0 5.0 0.0499361 -0.0
3.0 5.0 0.0456081 -0.0
3.0 5.0 0.0429156 -0.0
3.0 5.0 0.0488119 -0.994959
3.0 5.0 0.0434922 -0.994959
3.0 5.0 0.0519813 -0.994959
3.0 5.0 0.0455181 -0.0
3.0 5.0 0.04602 -0.994959
3.0 5.0 0.0454886 -0.0
3.0 5.0 0.0485414 -0.0
3.0 5.0 0.0463609 -0.0
3.0 5.0 0.0419045 -0.994959
3.0 5.0 0.0423192 -0.0
3.0 5.0 0.0457863 -0.994959
3.0 5.0 0.0508285 -0.0
3.0 5.0 0.0473032 -0.0
3.0 5.0 0.0416722 -0.0
3.0 5.0 0.0453218 -0.0
3.0 5.0 0.0445086 -0.994959
3.0 5.0 0.0472965 -0.994959
3.0 5.0 0.0517298 -0.994959
3.0 5.0 0.0430837 -0.0
3.0 5.0 0.0470495 -0.0
3.0 6.0 0.0533124 -0.0
3.0 6.0 0.048465 -0.0
3.0 6.0 0.0569904 -0.0
3.0 6.0 0.0497321 -0.0
3.0 6.0 0.0502323 -0.0
3.0 6.0 0.0580755 -0.994959
3.0 6.0 0.0467824 -0.0
3.0 6.0 0.0595586 -0.0
3.0 6.0 0.0503341 -0.0
3.0 6.0 0.0465932 -0.0
3.0 6.0 0.0502232 -0.0
3.0 6.0 0.0557195 -0.0
3.0 6.0 0.045695 -0.0
3.0 6.0 0.0775896 -0.0
3.0 6.0 0.0454178 -0.0
3.0 6.0 0.0490171 -0.0
3.0 6.0 0.0455563 -0.0
3.0 6.0 0.0555953 -0.0
3.0 6.0 0.0489338 -0.0
3.0 6.0 0.0471321 -0.0
3.0 6.0 0.0876204 -0.0
3.0 6.0 0.0532217 -0.994959
3.0 6.0 0.0493718 -0.994959
3.0 6.0 0.0690386 -0.0
3.0 6.0 0.0470139 -0.0
3.0 6.0 0.0484264 -0.0
3.0 6.0 0.0501334 -0.0
3.0 6.0 0.0547495 -0.0
3.0 6.0 0.0499415 -0.994959
3.0 6.0 0.0538586 -0.0
3.0 6.0 0.0492153 -0.0
3.0 6.0 0.0829241 -0.0
3.0 6.0 0.0477052 -0.0
3.0 6.0 0.0476373 -0.0
3.0 6.0 0.0528501 -0.0
3.0 6.0 0.0492387 -0.994959
3.0 6.0 0.0463267 -0.994959
3.0 6.0 0.0496367 -0.0
3.0 6.0 0.0939685 -0.0
3.0 6.0 0.0675573 -0.0
3.0 6.0 0.0493527 -0.994959
3.0 6.0 0.0765117 -0.0
3.0 6.0 0.0706661 -0.0
3.0 6.0 0.0466064 -0.0
3.0 6.0 0.0517009 -0.0
3.0 6.0 0.0499318 -0.0
3.0 6.0 0.0570965 -0.0
3.0 6.0 0.0447655 -0.0
3.0 6.0 0.0499116 -0.0
3.0 6.0 0.0534478 -0.0
3.0 7.0 0.0517181 -0.994959
3.0 7.0 0.0608413 -0.0
3.0 7.0 0.0553686 -0.0
3.0 7.0 0.0495465 -0.994959
3.0 7.0 0.0509677 -0.994959
3.0 7.0 0.0535162 -0.994959
3.0 7.0 0.0526495 -3.97983
3.0 7.0 0.0504476 -0.994959
3.0 7.0 0.0484665 -0.0
3.0 7.0 0.0546873 -0.0
3.0 7.0 0.0496628 -0.0
3.0 7.0 0.0620617 -0.0
3.0 7.0 0.0525622 -0.0
3.0 7.0 0.0567562 -0.0
3.0 7.0 0.0508801 -0.994959
3.0 7.0 0.0592481 -0.0
3.0 7.0 0.0559268 -0.994959
3.0 7.0 0.049984 -0.0
3.0 7.0 0.0545756 -0.0
3.0 7.0 0.0545887 -0.0
3.0 7.0 0.0539203 -0.0
3.0 7.0 0.0655773 -1.98992
3.0 7.0 0.0521944 -0.994959
3.0 7.0 0.0529133 -0.0
3.0 7.0 0.0586314 -0.0
3.0 7.0 0.0507104 -0.0
3.0 7.0 0.0531926 -3.97983
3.0 7.0 0.0559345 -0.0
3.0 7.0 0.0565544 -0.994959
3.0 7.0 0.0547417 -0.994959
3.0 7.0 0.0590976 -0.0
3.0 7.0 0.0549203 -0.0
3.0 7.0 0.0510873 -0.0
3.0 7.0 0.0508133 -0.0
3.0 7.0 0.0508375 -0.994959
3.0 7.0 0.0517923 -0.0
3.0 7.0 0.0521319 -0.0
3.0 7.0 0.0602329 -0.0
3.0 7.0 0.0668975 -0.994959
3.0 7.0 0.0522934 -3.97983
3.0 7.0 0.0669495 -0.0
3.0 7.0 0.0546353 -0.994959
3.0 7.0 0.0518494 -0.0
3.0 7.0 0.0547589 -0.0
3.0 7.0 0.0506335 -0.994959
3.0 7.0 0.0551662 -0.0
3.0 7.0 0.0583135 -0.0
3.0 7.0 0.0519505 -0.994959
3.0 7.0 0.0518356 -0.0
3.0 7.0 0.0518729 -0.994959
3.0 8.0 0.0588177 -0.0
3.0 8.0 0.0758707 -0.994959
3.0 8.0 0.054938 -0.0
3.0 8.0 0.0567265 -0.0
3.0 8.0 0.09252 -0.994959
3.0 8.0 0.101491 -0.0
3.0 8.0 0.056538 -0.0
3.0 8.0 0.0543411 -0.0
3.0 8.0 0.0563634 -0.0
3.0 8.0 0.0562701 -1.98992
3.0 8.0 0.0741663 -0.0
3.0 8.0 0.0832709 -0.994959
3.0 8.0 0.0558313 -0.0
3.0 8.0 0.0581951 -0.994959
3.0 8.0 0.0947637 -0.0
3.0 8.0 0.0734839 -0.0
3.0 8.0 0.0536037 -0.0
3.0 8.0 0.0835332 -0.0
3.0 8.0 0.0570674 -0.0
3.0 8.0 0.0567348 -0.0
3.0 8.0 0.0578959 -0.0
3.0 8.0 0.0565269 -0.994959
3.0 8.0 0.074441 -0.0
3.0 8.0 0.0528758 -0.0
3.0 8.0 0.074245 -0.0
3.0 8.0 0.0608887 -0.0
3.0 8.0 0.0618102 -0.994959
3.0 8.0 0.0548565 -0.0
3.0 8.0 0.0795605 -0.994959
3.0 8.0 0.0538684 -0.0
3.0 8.0 0.0551589 -0.0
3.0 8.0 0.0729816 -0.0
3.0 8.0 0.0560289 -0.0
3.0 8.0 0.0556683 -0.0
3.0 8.0 0.0551952 -0.994959
3.0 8.0 0.0566334 -0.0
3.0 8.0 0.0541 -0.0
3.0 8.0 0.0583145 -0.0
3.0 8.0 0.104385 -0.0
3.0 8.0 0.0687308 -0.994959
3.0 8.0 0.0668968 -0.0
3.0 8.0 0.0572615 -0.994959
3.0 8.0 0.0597035 -0.0
3.0 8.0 0.0553181 -0.0
3.0 8.0 0.0643834 -0.0
3.0 8.0 0.056743 -0.0
3.0 8.0 0.0558289 -0.994959
3.0 8.0 0.0742828 -0.0
3.0 8.0 0.0557234 -0.994959
3.0 8.0 0.0578779 -0.0
3.0 9.0 0.0592848 -0.994959
3.0 9.0 0.0628636 -0.0
3.0 9.0 0.0814111 -0.0
3.0 9.0 0.0598883 -0.994959
3.0 9.0 0.0604313 -3.97983
3.0 9.0 0.0665723 -3.97983
3.0 9.0 0.0779171 -0.0
3.0 9.0 0.0638819 -0.994959
3.0 9.0 0.0653601 -0.994959
3.0 9.0 0.0639419 -0.994959
3.0 9.0 0.0671012 -0.0
3.0 9.0 0.0595045 -0.0
3.0 9.0 0.0607333 -0.0
3.0 9.0 0.0744292 -0.994959
3.0 9.0 0.0604089 -0.0
3.0 9.0 0.0660614 -0.994959
3.0 9.0 0.0614692 -0.994959
3.0 9.0 0.0643735 -0.994959
3.0 9.0 0.0581631 -0.0
3.0 9.0 0.0617162 -1.98992
3.0 9.0 0.063165 -0.994959
3.0 9.0 0.0625597 -0.0
3.0 9.0 0.0577248 -0.0
3.0 9.0 0.0609344 -0.994959
3.0 9.0 0.0618743 -0.0
3.0 9.0 0.0599092 -0.994959
3.0 9.0 0.114533 -0.994959
3.0 9.0 0.0600084 -0.0
3.0 9.0 0.0635985 -0.0
3.0 9.0 0.0617628 -0.994959
3.0 9.0 0.0637619 -0.0
3.0 9.0 0.0617514 -0.0
3.0 9.0 0.0803454 -1.98992
3.0 9.0 0.0758505 -1.98992
3.0 9.0 0.0685316 -0.0
3.0 9.0 0.0625542 -0.0
3.0 9.0 0.061896 -0.0
3.0 9.0 0.064499 -0.994959
3.0 9.0 0.065151 -0.994959
3.0 9.0 0.0723169 -0.0
3.0 9.0 0.0628693 -0.994959
3.0 9.0 0.0610629 -0.0
3.0 9.0 0.0626509 -0.994959
3.0 9.0 0.0592021 -0.0
3.0 9.0 0.0625428 -0.994959
3.0 9.0 0.0634231 -0.994959
3.0 9.0 0.0650419 -0.0
3.0 9.0 0.0616891 -0.0
3.0 9.0 0.0660973 -0.0
3.0 9.0 0.0638085 -0.994959
3.0 10.0 0.0649471 -0.0
3.0 10.0 0.0663938 -0.0
3.0 10.0 0.0682652 -1.98992
3.0 10.0 0.0731341 -0.0
3.0 10.0 0.0627443 -0.0
3.0 10.0 0.0699474 -0.994959
3.0 10.0 0.067673 -0.0
3.0 10.0 0.0678511 -0.0
3.0 10.0 0.070674 -1.98992
3.0 10.0 0.0711263 -3.97983
3.0 10.0 0.12243 -0.994959
3.0 10.0 0.0704873 -0.994959
3.0 10.0 0.0656767 -0.0
3.0 10.0 0.0645196 -0.0
3.0 10.0 0.0638617 -0.0
3.0 10.0 0.0693571 -0.994959
3.0 10.0 0.0661041 -0.994959
3.0 10.0 0.069971 -0.0
3.0 10.0 0.072582 -0.994959
3.0 10.0 0.0668492 -0.994959
3.0 10.0 0.117821 -0.0
3.0 10.0 0.064552 -0.994959
3.0 10.0 0.0692004 -0.994959
3.0 10.0 0.129154 -0.0
3.0 10.0 0.0815062 -0.994959
3.0 10.0 0.0816227 -0.0
3.0 10.0 0.0687461 -0.0
3.0 10.0 0.125506 -0.994959
3.0 10.0 0.112113 -0.994959
3.0 10.0 0.0663469 -0.0
3.0 10.0 0.0785529 -0.994959
3.0 10.0 0.071263 -0.0
3.0 10.0 0.0676005 -0.994959
3.0 10.0 0.0690707 -1.98992
3.0 10.0 0.0773393 -3.97983
3.0 10.0 0.0776115 -0.994959
3.0 10.0 0.0670051 -1.98992
3.0 10.0 0.0679505 -0.994959
3.0 10.0 0.0636929 -0.0
3.0 10.0 0.0672468 -0.0
3.0 10.0 0.0666356 -0.994959
3.0 10.0 0.0843439 -0.994959
3.0 10.0 0.0635249 -0.994959
3.0 10.0 0.109064 -0.0
3.0 10.0 0.0676537 -0.994959
3.0 10.0 0.0721545 -0.994959
3.0 10.0 0.0679063 -0.0
3.0 10.0 0.0874339 -0.994959
3.0 10.0 0.0710332 -0.994959
3.0 10.0 0.0678604 -0.994959
3.0 11.0 0.0709089 -0.994959
3.0 11.0 0.0698723 -0.0
3.0 11.0 0.0840031 -0.0
3.0 11.0 0.106269 -0.0
3.0 11.0 0.0739737 -1.98992
3.0 11.0 0.0742542 -0.0
3.0 11.0 0.101497 -0.0
3.0 11.0 0.0940416 -1.98992
3.0 11.0 0.0779285 -0.994959
3.0 11.0 0.071457 -0.0
3.0 11.0 0.134719 -0.994959
3.0 11.0 0.0949323 -4.97479
3.0 11.0 0.0739592 -0.994959
3.0 11.0 0.0748629 -0.0
3.0 11.0 0.0736545 -0.994959
3.0 11.0 0.0936538 -0.0
3.0 11.0 0.0729855 -0.0
3.0 11.0 0.0739356 -4.97479
3.0 11.0 0.0760877 -0.994959
3.0 11.0 0.107604 -1.98992
3.0 11.0 0.0720835 -0.994959
3.0 11.0 0.0879105 -0.0
3.0 11.0 0.0769543 -0.994959
3.0 11.0 0.0730701 -0.994959
3.0 11.0 0.0898761 -0.994959
3.0 11.0 0.0864292 -0.994959
3.0 11.0 0.0711006 -0.994959
3.0 11.0 0.0781391 -1.98992
3.0 11.0 0.0717739 -0.994959
3.0 11.0 0.0742814 -0.994959
3.0 11.0 0.0764424 -0.0
3.0 11.0 0.0750029 -0.0
3.0 11.0 0.072192 -0.0
3.0 11.0 0.106705 -0.0
3.0 11.0 0.0767351 -0.994959
3.0 11.0 0.0946038 -0.994959
3.0 11.0 0.12713 -0.0
3.0 11.0 0.0745808 -3.97983
3.0 11.0 0.0973609 -0.994959
3.0 11.0 0.0741047 -0.994959
3.0 11.0 0.074195 -0.0
3.0 11.0 0.0740034 -0.0
3.0 11.0 0.077329 -0.994959
3.0 11.0 0.0764469 -0.994959
3.0 11.0 0.101176 -1.98992
3.0 11.0 0.0714657 -0.994959
3.0 11.0 0.0747132 -0.994959
3.0 11.0 0.0742867 -0.994959
3.0 11.0 0.072698 -3.97983
3.0 11.0 0.0735637 -0.0
3.0 11.0 0.0735637 -0.0
3.0 11.0 0.0735637 -0.0
3.0 11.0 0.0735637 -0.0
3.0 11.0 0.0735637 -0.0
3.0 11.0 0.0735637 -0.0
3.0 11.0 0.0735637 -0.0
3.0 11.0 0.0735637 -0.0
3.0 11.0 0.0735637 -0.0
3.0 11.0 0.0735637 -0.0
3.0 11.0 0.0735637 -0.0
3.0 11.0 0.0735637 -0.0
3.0 11.0 0.0735637 -0.0
3.0 11.0 0.0735637 -0.0
3.0 11.0 0.0735637 -0.0
3.0 11.0 0.0735637 -0.0
3.0 11.0 0.0735637 -0.0
3.0 11.0 0.0735637 -0.0
3.0 11.0 0.0735637 -0.0
3.0 11.0 0.0735637 -0.0
3.0 11.0 0.0735637 -0.0
3.0 11.0 0.0735637 -0.0
3.0 11.0 0.0735637 -0.0
3.0 11.0 0.0735637 -0.0
3.0 11.0 0.0735637 -0.0
3.0 11.0 0.0735637 -0.0
3.0 11.0 0.0735637 -0.0
3.0 11.0 0.0735637 -0.0
3.0 11.0 0.0735637 -0.0
3.0 11.0 0.0735637 -0.0
3.0 11.0 0.0735637 -0.0
3.0 11.0 0.0735637 -0.0
3.0 11.0 0.0735637 -0.0
3.0 11.0 0.0735637 -0.0
3.0 11.0 0.0735637 -0.0
3.0 11.0 0.0735637 -0.0
3.0 11.0 0.0735637 -0.0
3.0 11.0 0.0735637 -0.0
3.0 11.0 0.0735637 -0.0
3.0 11.0 0.0735637 -0.0
3.0 11.0 0.0735637 -0.0
3.0 11.0 0.0735637 -0.0
3.0 11.0 0.0735637 -0.0
3.0 11.0 0.0735637 -0.0
3.0 11.0 0.0735637 -0.0
3.0 11.0 0.0735637 -0.0
3.0 11.0 0.0735637 -0.0
3.0 11.0 0.0735637 -0.0
3.0 11.0 0.0735637 -0.0
3.0 11.0 0.0735637 -0.0
3.0 11.0 0.0735637 -0.0
4.0 1.0 0.284672 99.9653
4.0 1.0 0.327072 99.9495
4.0 1.0 0.296121 99.9851
4.0 1.0 0.332463 99.9966
4.0 1.0 0.33455 99.9846
4.0 1.0 0.344175 99.9848
4.0 1.0 0.322844 99.9892
4.0 1.0 0.313854 99.9861
4.0 1.0 0.316263 99.9851
4.0 1.0 0.271792 99.9892
4.0 1.0 0.322712 99.9898
4.0 1.0 0.317125 99.999
4.0 1.0 0.290931 99.9791
4.0 1.0 0.330163 99.9752
4.0 1.0 0.346055 99.9752
4.0 1.0 0.321494 99.9878
4.0 1.0 0.354157 99.9752
4.0 1.0 0.296758 99.9818
4.0 1.0 0.317266 99.9907
4.0 1.0 0.304437 99.9752
4.0 1.0 0.347689 99.9957
4.0 1.0 0.333643 99.9825
4.0 1.0 0.305845 99.9851
4.0 1.0 0.337097 99.9851
4.0 1.0 0.348232 99.9951
4.0 1.0 0.33936 99.9904
4.0 1.0 0.343954 99.9956
4.0 1.0 0.332446 99.9858
4.0 1.0 0.346701 99.9851
4.0 1.0 0.332033 99.9939
4.0 1.0 0.315046 99.9633
4.0 1.0 0.298259 99.9818
4.0 1.0 0.305825 99.9566
4.0 1.0 0.363156 99.9669
4.0 1.0 0.340492 99.9927
4.0 1.0 0.304102 99.9633
4.0 1.0 0.308529 99.9921
4.0 1.0 0.293163 99.9613
4.0 1.0 0.348312 99.9501
4.0 1.0 0.284097 99.9851
4.0 1.0 0.364258 99.9669
4.0 1.0 0.295616 99.9894
4.0 1.0 0.37632 99.9784
4.0 1.0 0.350625 99.95
4.0 1.0 0.318185 99.9643
4.0 1.0 0.313514 99.9851
4.0 1.0 0.34494 99.9891
4.0 1.0 0.333717 99.9851
4.0 1.0 0.360066 99.9752
4.0 1.0 0.386886 99.9851
4.0 2.0 0.173269 99.9752
4.0 2.0 0.16389 99.9547
4.0 2.0 0.169301 99.9652
4.0 2.0 0.168361 99.9546
4.0 2.0 0.164613 99.9933
4.0 2.0 0.175743 99.9794
4.0 2.0 0.171853 99.9762
4.0 2.0 0.17103 99.9851
4.0 2.0 0.189621 99.9828
4.0 2.0 0.179954 99.9852
4.0 2.0 0.211821 99.9613
4.0 2.0 0.192403 99.9762
4.0 2.0 0.197339 99.9958
4.0 2.0 0.180115 99.97
4.0 2.0 0.204546 99.9896
4.0 2.0 0.174985 99.9624
4.0 2.0 0.173129 99.9515
4.0 2.0 0.181749 99.9613
4.0 2.0 0.182439 99.9092
4.0 2.0 0.174301 99.9779
4.0 2.0 0.153808 99.9694
4.0 2.0 0.153875 99.9546
4.0 2.0 0.186677 99.9762
4.0 2.0 0.167543 99.9748
4.0 2.0 0.194328 99.9762
4.0 2.0 0.170426 99.9762
4.0 2.0 0.17616 99.9832
4.0 2.0 0.168955 99.9976
4.0 2.0 0.176673 99.9855
4.0 2.0 0.188931 99.9613
4.0 2.0 0.171827 99.9325
4.0 2.0 0.179075 99.9487
4.0 2.0 0.161135 99.9798
4.0 2.0 0.18246 99.9657
4.0 2.0 0.167747 99.9914
4.0 2.0 0.176905 99.9229
4.0 2.0 0.170841 99.981
4.0 2.0 0.176435 99.9537
4.0 2.0 0.167722 99.93
4.0 2.0 0.174588 99.9762
4.0 2.0 0.192386 99.9546
4.0 2.0 0.182837 99.8996
4.0 2.0 0.190651 99.9618
4.0 2.0 0.189126 99.9827
4.0 2.0 0.181359 99.9934
4.0 2.0 0.169455 99.9653
4.0 2.0 0.176089 99.9635
4.0 2.0 0.184254 99.9762
4.0 2.0 0.194359 99.9762
4.0 2.0 0.201319 99.9602
4.0 3.0 0.131698 99.9925
4.0 3.0 0.126868 99.9762
4.0 3.0 0.130988 99.9752
4.0 3.0 0.133958 99.9931
4.0 3.0 0.120435 99.9445
4.0 3.0 0.13169 99.9515
4.0 3.0 0.123858 99.9788
4.0 3.0 0.131414 99.9955
4.0 3.0 0.134892 99.9794
4.0 3.0 0.121247 99.9437
4.0 3.0 0.127616 99.9787
4.0 3.0 0.125342 99.9762
4.0 3.0 0.130246 99.9609
4.0 3.0 0.129723 99.9906
4.0 3.0 0.126801 99.9657
4.0 3.0 0.126411 99.9515
4.0 3.0 0.134181 99.9815
4.0 3.0 0.124926 99.8925
4.0 3.0 0.130101 99.9849
4.0 3.0 0.1191 99.9909
4.0 3.0 0.118078 99.9546
4.0 3.0 0.131134 99.9558
4.0 3.0 0.136309 99.9515
4.0 3.0 0.127091 99.9106
4.0 3.0 0.13081 99.9358
4.0 3.0 0.135518 99.9713
4.0 3.0 0.127168 99.9733
4.0 3.0 0.128448 99.968
4.0 3.0 0.115303 99.955
4.0 3.0 0.1276 99.9431
4.0 3.0 0.129576 99.998
4.0 3.0 0.122142 99.9338
4.0 3.0 0.127831 99.989
4.0 3.0 0.124225 99.9611
4.0 3.0 0.126944 99.9575
4.0 3.0 0.138667 99.9183
4.0 3.0 0.128481 99.9387
4.0 3.0 0.127933 99.9865
4.0 3.0 0.130208 99.9762
4.0 3.0 0.128484 99.9715
4.0 3.0 0.134265 99.9577
4.0 3.0 0.125601 99.916
4.0 3.0 0.128022 99.9646
4.0 3.0 0.134661 99.9578
4.0 3.0 0.126264 99.9062
4.0 3.0 0.125648 99.9327
4.0 3.0 0.128821 99.9762
4.0 3.0 0.131351 99.9985
4.0 3.0 0.128087 99.9496
4.0 3.0 0.130991 99.9731
4.0 4.0 0.512199 99.8804
4.0 4.0 0.534025 99.9641
4.0 4.0 1.41679 99.989
4.0 4.0 0.717635 99.9868
4.0 4.0 0.554765 99.9494
4.0 4.0 0.583548 99.9217
4.0 4.0 1.36078 99.9731
4.0 4.0 0.983055 99.9515
4.0 4.0 0.461763 99.9552
4.0 4.0 0.664888 99.9215
4.0 4.0 0.515537 99.9532
4.0 4.0 1.43135 99.9964
4.0 4.0 1.42271 99.9649
4.0 4.0 0.628048 99.8662
4.0 4.0 0.83065 99.8416
4.0 4.0 0.554069 99.9156
4.0 4.0 0.69274 99.9546
4.0 4.0 0.733101 99.972
4.0 4.0 0.471522 99.9546
4.0 4.0 0.507122 99.9704
4.0 4.0 1.4686 99.9983
4.0 4.0 0.873787 99.9353
4.0 4.0 0.482746 99.9948
4.0 4.0 0.926115 99.9528
4.0 4.0 1.40105 99.9752
4.0 4.0 0.502854 99.9468
4.0 4.0 0.481565 99.9989
4.0 4.0 0.518557 99.9421
4.0 4.0 1.24759 99.8853
4.0 4.0 0.931501 99.973
4.0 4.0 0.930384 99.8996
4.0 4.0 0.509313 99.9515
4.0 4.0 4.61806 99.8991
4.0 4.0 3.19039 99.9905
4.0 4.0 2.23621 99.9762
4.0 4.0 1.87111 99.9888
4.0 4.0 1.02667 99.9706
4.0 4.0 1.85351 99.9062
4.0 4.0 0.817654 99.9752
4.0 4.0 1.28187 99.9515
4.0 4.0 1.33344 99.9514
4.0 4.0 0.607218 99.9168
4.0 4.0 0.921186 99.9752
4.0 4.0 1.00621 99.9927
4.0 4.0 1.22865 99.8424
4.0 4.0 1.61866 99.9803
4.0 4.0 0.77216 99.8952
4.0 4.0 0.501821 99.9886
4.0 4.0 0.542448 99.9515
4.0 4.0 0.93056 99.9407
4.0 5.0 0.610097 99.9977
4.0 5.0 2.31435 99.9929
4.0 5.0 1.48991 99.9546
4.0 5.0 0.182284 99.9845
4.0 5.0 2.26094 99.9094
4.0 5.0 0.58581 99.9616
4.0 5.0 1.88289 99.924
4.0 5.0 2.79061 99.9959
4.0 5.0 1.0347 99.9438
4.0 5.0 1.04188 99.9515
4.0 5.0 5.70919 99.8534
4.0 5.0 2.15688 99.9762
4.0 5.0 3.74293 99.904
4.0 5.0 0.618619 99.9889
4.0 5.0 0.181381 99.9333
4.0 5.0 2.72558 99.8849
4.0 5.0 4.06964 99.927
4.0 5.0 3.34053 99.9561
4.0 5.0 3.03232 99.9561
4.0 5.0 8.61769 99.9156
4.0 5.0 2.48181 99.9562
4.0 5.0 2.57867 99.879
4.0 5.0 2.4529 99.9752
4.0 5.0 7.55815 99.9515
4.0 5.0 1.06673 99.944
4.0 5.0 2.72666 99.9689
4.0 5.0 1.46431 99.9546
4.0 5.0 8.4989 99.9921
4.0 5.0 0.780468 99.9062
4.0 5.0 1.93914 99.8613
4.0 5.0 1.01026 99.9445
4.0 5.0 0.662688 99.8628
4.0 5.0 2.91832 99.9679
4.0 5.0 1.33395 99.9879
4.0 5.0 1.35335 99.9007
4.0 5.0 10.0167 99.8618
4.0 5.0 0.75514 99.9362
4.0 5.0 10.2759 99.8868
4.0 5.0 0.181758 99.8212
4.0 5.0 12.6453 99.9268
4.0 5.0 2.30769 99.8385
4.0 5.0 2.84581 99.9798
4.0 5.0 1.25068 99.9515
4.0 5.0 3.76185 99.9048
4.0 5.0 13.3477 99.8862
4.0 5.0 3.65958 99.8628
4.0 5.0 14.619 99.9515
4.0 5.0 2.45681 99.9693
4.0 5.0 19.4022 99.9769
4.0 5.0 20.2031 99.9546
4.0 6.0 1.54125 99.9752
4.0 6.0 1.97429 99.9752
4.0 6.0 1.28247 99.8628
4.0 6.0 1.11344 99.9847
4.0 6.0 1.99118 99.9752
4.0 6.0 2.95406 99.966
4.0 6.0 1.29026 99.9945
4.0 6.0 1.30199 99.9546
4.0 6.0 0.92094 99.9642
4.0 6.0 1.27615 99.9762
4.0 6.0 0.165064 99.9951
4.0 6.0 2.50181 99.8969
4.0 6.0 2.4618 99.9752
4.0 6.0 0.721181 99.9852
4.0 6.0 0.796925 99.9328
4.0 6.0 0.739983 99.9752
4.0 6.0 2.60525 99.9223
4.0 6.0 0.775176 99.9718
4.0 6.0 0.662801 99.9515
4.0 6.0 0.810749 99.9485
4.0 6.0 1.12848 99.9515
4.0 6.0 1.35347 99.9515
4.0 6.0 0.538728 99.9875
4.0 6.0 0.555877 99.932
4.0 6.0 0.63204 99.9493
4.0 6.0 0.768967 99.9864
4.0 6.0 0.834083 99.9618
4.0 6.0 0.776031 99.9515
4.0 6.0 0.545812 99.9762
4.0 6.0 0.973122 99.9688
4.0 6.0 0.661497 99.8613
4.0 6.0 0.534114 99.8628
4.0 6.0 1.07867 99.8628
4.0 6.0 0.522712 99.8744
4.0 6.0 0.642424 99.8266
4.0 6.0 0.526304 99.8191
4.0 6.0 0.694163 99.8959
4.0 6.0 0.517807 99.9546
4.0 6.0 0.694951 99.964
4.0 6.0 1.03799 99.9762
4.0 6.0 0.842609 99.9808
4.0 6.0 1.02476 99.8232
4.0 6.0 1.06774 99.9583
4.0 6.0 1.28225 99.9576
4.0 6.0 0.628194 99.9211
4.0 6.0 0.67658 99.9617
4.0 6.0 1.2294 99.9061
4.0 6.0 1.98106 99.9302
4.0 6.0 1.24081 99.9579
4.0 6.0 3.0247 99.9298
4.0 7.0 1.13743 99.9585
4.0 7.0 0.568001 99.9644
4.0 7.0 2.10308 99.9515
4.0 7.0 0.5355 99.9156
4.0 7.0 1.20935 99.8563
4.0 7.0 0.582163 99.9284
4.0 7.0 0.536625 99.9762
4.0 7.0 1.26786 99.9515
4.0 7.0 0.596224 99.9615
4.0 7.0 0.995188 99.9156
4.0 7.0 0.162754 99.9515
4.0 7.0 4.04925 99.9515
4.0 7.0 3.97906 99.9531
4.0 7.0 3.36086 99.9515
4.0 7.0 0.868197 99.9546
4.0 7.0 1.04019 99.9515
4.0 7.0 0.755324 99.9986
4.0 7.0 3.65644 99.9396
4.0 7.0 0.608802 99.9546
4.0 7.0 1.24268 99.9775
4.0 7.0 0.601478 99.9515
4.0 7.0 1.98601 99.861
4.0 7.0 0.543816 99.9954
4.0 7.0 2.08561 99.9076
4.0 7.0 0.744981 99.9922
4.0 7.0 1.78296 99.9752
4.0 7.0 2.39604 99.993
4.0 7.0 1.43433 99.9189
4.0 7.0 0.67831 99.924
4.0 7.0 0.610186 99.9564
4.0 7.0 2.13645 99.972
4.0 7.0 0.555165 99.9888
4.0 7.0 0.848505 99.9515
4.0 7.0 0.723353 99.9752
4.0 7.0 0.578889 99.9762
4.0 7.0 0.584479 99.8677
4.0 7.0 0.628039 99.9526
4.0 7.0 0.572728 99.7725
4.0 7.0 0.614611 99.9762
4.0 7.0 0.534826 99.9752
4.0 7.0 0.768518 99.9752
4.0 7.0 0.582193 99.9628
4.0 7.0 1.01696 99.9156
4.0 7.0 0.701976 99.9762
4.0 7.0 0.767064 99.9156
4.0 7.0 0.577786 99.9515
4.0 7.0 0.707849 99.9566
4.0 7.0 0.599197 99.9515
4.0 7.0 0.591702 99.9902
4.0 7.0 1.20829 99.8649
4.0 8.0 0.496427 99.9762
4.0 8.0 0.519727 99.9689
4.0 8.0 0.572009 99.9962
4.0 8.0 0.532112 99.924
4.0 8.0 0.56345 99.9515
4.0 8.0 0.523935 99.9567
4.0 8.0 0.556279 99.9515
4.0 8.0 1.32656 99.9515
4.0 8.0 0.994654 99.9593
4.0 8.0 0.52026 99.9729
4.0 8.0 0.586749 99.9515
4.0 8.0 3.27963 99.9153
4.0 8.0 0.498126 99.976
4.0 8.0 0.580034 99.9945
4.0 8.0 0.557162 99.9483
4.0 8.0 2.88706 99.91
4.0 8.0 0.550995 99.9708
4.0 8.0 0.536163 99.9546
4.0 8.0 0.874176 99.9752
4.0 8.0 0.66307 99.9048
4.0 8.0 2.40308 99.9813
4.0 8.0 0.501567 99.8934
4.0 8.0 0.657227 99.8611
4.0 8.0 1.19712 99.9975
4.0 8.0 1.39783 99.943
4.0 8.0 0.68018 99.9189
4.0 8.0 0.601239 99.9752
4.0 8.0 0.821639 99.9545
4.0 8.0 0.566397 99.9897
4.0 8.0 1.02054 99.8403
4.0 8.0 0.528888 99.989
4.0 8.0 0.534466 99.9752
4.0 8.0 0.709312 99.9708
4.0 8.0 1.91443 99.9752
4.0 8.0 3.60445 99.9782
4.0 8.0 2.39584 99.954
4.0 8.0 0.822847 99.9922
4.0 8.0 1.72081 99.9805
4.0 8.0 0.618337 99.8461
4.0 8.0 1.27967 99.9156
4.0 8.0 0.855025 99.9762
4.0 8.0 0.59539 99.9515
4.0 8.0 0.841755 99.8413
4.0 8.0 0.494384 99.9872
4.0 8.0 0.958189 99.9515
4.0 8.0 0.535297 99.9515
4.0 8.0 0.838596 99.8264
4.0 8.0 0.528456 99.8957
4.0 8.0 0.574248 99.9705
4.0 8.0 0.511523 99.9546
4.0 9.0 0.659556 99.9515
4.0 9.0 1.23773 99.9613
4.0 9.0 1.29859 99.9515
4.0 9.0 1.51559 99.9574
4.0 9.0 1.53705 99.8761
4.0 9.0 0.118505 99.9082
4.0 9.0 1.12842 99.9156
4.0 9.0 1.14626 99.9762
4.0 9.0 1.17396 99.9515
4.0 9.0 2.47072 99.9175
4.0 9.0 0.892509 99.924
4.0 9.0 0.70656 99.9156
4.0 9.0 0.751444 99.9238
4.0 9.0 0.556912 99.954
4.0 9.0 0.536548 99.8613
4.0 9.0 1.31937 99.9861
4.0 9.0 0.532374 99.9156
4.0 9.0 0.592705 99.9918
4.0 9.0 1.11042 99.9752
4.0 9.0 0.619995 99.9515
4.0 9.0 1.1776 99.8373
4.0 9.0 1.13842 99.924
4.0 9.0 1.26546 99.994
4.0 9.0 0.652279 99.9546
4.0 9.0 0.579582 99.9791
4.0 9.0 0.5559 99.7613
4.0 9.0 0.804876 99.9676
4.0 9.0 0.585725 99.8405
4.0 9.0 0.663256 99.9546
4.0 9.0 0.771553 99.975
4.0 9.0 0.571094 99.9515
4.0 9.0 0.717343 99.9932
4.0 9.0 0.738024 99.9546
4.0 9.0 0.636546 99.7518
4.0 9.0 1.26288 99.9546
4.0 9.0 1.89452 99.9959
4.0 9.0 0.609302 99.8644
4.0 9.0 0.663263 99.9536
4.0 9.0 0.84545 99.8533
4.0 9.0 0.591976 99.9068
4.0 9.0 0.553475 99.9515
4.0 9.0 0.563833 99.8509
4.0 9.0 0.503703 99.8145
4.0 9.0 0.552514 99.924
4.0 9.0 0.627797 99.9515
4.0 9.0 0.712377 99.8889
4.0 9.0 0.833578 99.9515
4.0 9.0 0.777012 99.8747
4.0 9.0 1.06116 99.9515
4.0 9.0 1.29035 99.9001
4.0 10.0 2.18371 99.9752
4.0 10.0 2.233 99.9475
4.0 10.0 1.28031 99.8383
4.0 10.0 0.619091 99.9546
4.0 10.0 1.66611 99.9762
4.0 10.0 3.53411 99.9546
4.0 10.0 1.85474 99.985
4.0 10.0 1.28732 99.9562
4.0 10.0 0.63574 99.9752
4.0 10.0 2.40736 99.9048
4.0 10.0 1.34065 99.9515
4.0 10.0 0.630836 99.9762
4.0 10.0 0.647486 99.9515
4.0 10.0 0.621101 99.9156
4.0 10.0 0.583462 99.7189
4.0 10.0 0.523725 99.9556
4.0 10.0 0.671279 99.9475
4.0 10.0 0.112022 99.9667
4.0 10.0 2.02564 99.9631
4.0 10.0 0.106168 99.8248
4.0 10.0 2.6888 99.9362
4.0 10.0 1.99064 99.9954
4.0 10.0 0.781184 99.8613
4.0 10.0 1.8476 99.9515
4.0 10.0 1.32775 99.8328
4.0 10.0 0.57254 99.9752
4.0 10.0 0.700521 99.9762
4.0 10.0 0.639026 99.8613
4.0 10.0 0.598373 99.9811
4.0 10.0 0.698153 99.9515
4.0 10.0 0.68184 99.9546
4.0 10.0 0.518894 99.7849
4.0 10.0 0.603674 99.8069
4.0 10.0 0.84865 99.9752
4.0 10.0 0.611666 99.9048
4.0 10.0 1.04538 99.9515
4.0 10.0 0.838438 99.8872
4.0 10.0 0.137493 99.9515
4.0 10.0 0.703504 99.9752
4.0 10.0 1.07806 99.9752
4.0 10.0 1.09598 99.9938
4.0 10.0 0.64975 99.9302
4.0 10.0 0.646274 99.9546
4.0 10.0 0.798299 99.9498
4.0 10.0 0.874831 99.8093
4.0 10.0 1.09759 99.9608
4.0 10.0 0.578925 99.9546
4.0 10.0 0.769483 99.9855
4.0 10.0 0.623579 99.9546
4.0 10.0 0.960391 99.8776
4.0 11.0 0.6196 99.9449
4.0 11.0 0.779351 99.9989
4.0 11.0 0.697862 99.9638
4.0 11.0 0.668224 99.8316
4.0 11.0 0.74645 99.9546
4.0 11.0 0.787615 99.9774
4.0 11.0 1.99873 99.8859
4.0 11.0 1.35009 99.9752
4.0 11.0 1.18947 99.8145
4.0 11.0 0.585908 99.9543
4.0 11.0 1.29197 99.9515
4.0 11.0 0.562679 99.9995
4.0 11.0 0.604426 99.8734
4.0 11.0 1.26288 99.9546
4.0 11.0 0.59006 99.924
4.0 11.0 0.714284 99.9048
4.0 11.0 0.585976 99.8093
4.0 11.0 0.874242 99.9316
4.0 11.0 0.702855 99.9592
4.0 11.0 0.740265 99.9546
4.0 11.0 0.611805 99.924
4.0 11.0 0.572684 99.9841
4.0 11.0 0.652588 99.9837
4.0 11.0 1.01944 99.9515
4.0 11.0 1.02583 99.9634
4.0 11.0 0.731982 99.8155
4.0 11.0 1.20054 99.9839
4.0 11.0 0.594196 99.7822
4.0 11.0 1.62639 99.8145
4.0 11.0 0.987431 99.9251
4.0 11.0 0.548364 99.8089
4.0 11.0 0.816913 99.9752
4.0 11.0 0.659856 99.9546
4.0 11.0 0.671106 99.9823
4.0 11.0 0.525414 99.9363
4.0 11.0 0.558259 99.9969
4.0 11.0 0.664083 99.9515
4.0 11.0 1.7599 99.9629
4.0 11.0 0.568048 99.9515
4.0 11.0 1.12124 99.9762
4.0 11.0 1.58634 99.9048
4.0 11.0 0.628604 99.9515
4.0 11.0 0.627934 99.9883
4.0 11.0 0.889411 99.8497
4.0 11.0 1.33688 99.9546
4.0 11.0 0.51211 99.9156
4.0 11.0 1.82161 99.8613
4.0 11.0 1.11253 99.9856
4.0 11.0 1.29665 99.9463
4.0 11.0 0.75164 99.8613
4.0 11.0 0.75164 99.8613
4.0 11.0 0.75164 99.8613
4.0 11.0 0.75164 99.8613
4.0 11.0 0.75164 99.8613
4.0 11.0 0.75164 99.8613
4.0 11.0 0.75164 99.8613
4.0 11.0 0.75164 99.8613
4.0 11.0 0.75164 99.8613
4.0 11.0 0.75164 99.8613
4.0 11.0 0.75164 99.8613
4.0 11.0 0.75164 99.8613
4.0 11.0 0.75164 99.8613
4.0 11.0 0.75164 99.8613
4.0 11.0 0.75164 99.8613
4.0 11.0 0.75164 99.8613
4.0 11.0 0.75164 99.8613
4.0 11.0 0.75164 99.8613
4.0 11.0 0.75164 99.8613
4.0 11.0 0.75164 99.8613
4.0 11.0 0.75164 99.8613
4.0 11.0 0.75164 99.8613
4.0 11.0 0.75164 99.8613
4.0 11.0 0.75164 99.8613
4.0 11.0 0.75164 99.8613
4.0 11.0 0.75164 99.8613
4.0 11.0 0.75164 99.8613
4.0 11.0 0.75164 99.8613
4.0 11.0 0.75164 99.8613
4.0 11.0 0.75164 99.8613
4.0 11.0 0.75164 99.8613
4.0 11.0 0.75164 99.8613
4.0 11.0 0.75164 99.8613
4.0 11.0 0.75164 99.8613
4.0 11.0 0.75164 99.8613
4.0 11.0 0.75164 99.8613
4.0 11.0 0.75164 99.8613
4.0 11.0 0.75164 99.8613
4.0 11.0 0.75164 99.8613
4.0 11.0 0.75164 99.8613
4.0 11.0 0.75164 99.8613
4.0 11.0 0.75164 99.8613
4.0 11.0 0.75164 99.8613
4.0 11.0 0.75164 99.8613
4.0 11.0 0.75164 99.8613
4.0 11.0 0.75164 99.8613
4.0 11.0 0.75164 99.8613
4.0 11.0 0.75164 99.8613
4.0 11.0 0.75164 99.8613
4.0 11.0 0.75164 99.8613
4.0 11.0 0.75164 99.8613
5.0 1.0 54.8115 -20.9406
5.0 1.0 59.1171 -20.9406
5.0 1.0 55.3339 -20.797
5.0 1.0 55.0687 -21.0462
5.0 1.0 55.3921 -21.0462
5.0 1.0 55.0747 -21.0462
5.0 1.0 55.2279 -20.797
5.0 1.0 54.8797 -21.0462
5.0 1.0 55.0165 -20.9406
5.0 1.0 55.032 -20.9406
5.0 1.0 55.1283 -21.0462
5.0 1.0 55.6985 -21.0462
5.0 1.0 55.2889 -20.9406
5.0 1.0 55.0733 -21.0462
5.0 1.0 55.0603 -20.9406
5.0 1.0 55.2563 -20.9406
5.0 1.0 55.0133 -20.9406
5.0 1.0 55.5833 -20.9406
5.0 1.0 55.3098 -20.797
5.0 1.0 55.0192 -21.0462
5.0 1.0 55.0655 -20.9406
5.0 1.0 54.9398 -21.0462
5.0 1.0 55.3288 -20.797
5.0 1.0 55.0527 -20.9406
5.0 1.0 54.8788 -20.9406
5.0 1.0 55.3911 -20.9406
5.0 1.0 55.0447 -20.9406
5.0 1.0 55.6799 -20.797
5.0 1.0 55.0381 -20.9406
5.0 1.0 55.5642 -20.9406
5.0 1.0 55.0512 -21.0462
5.0 1.0 55.0899 -20.9406
5.0 1.0 54.8219 -20.9406
5.0 1.0 55.4286 -20.797
5.0 1.0 55.3814 -21.0462
5.0 1.0 55.041 -20.9406
5.0 1.0 54.9546 -20.9406
5.0 1.0 54.9214 -20.9406
5.0 1.0 55.0631 -20.9406
5.0 1.0 55.5109 -20.797
5.0 1.0 55.005 -21.0462
5.0 1.0 54.8066 -20.9406
5.0 1.0 55.8079 -20.797
5.0 1.0 55.0359 -20.9406
5.0 1.0 54.9147 -21.0462
5.0 1.0 55.4776 -20.9406
5.0 1.0 55.1004 -20.9406
5.0 1.0 55.1506 -20.797
5.0 1.0 54.9084 -20.9406
5.0 1.0 55.5023 -20.9406
5.0 2.0 27.5543 -20.9406
5.0 2.0 27.5955 -21.0462
5.0 2.0 27.5784 -21.0462
5.0 2.0 27.5508 -20.9406
5.0 2.0 28.8397 -20.9406
5.0 2.0 27.7412 -20.797
5.0 2.0 27.5723 -21.0462
5.0 2.0 27.8583 -20.9406
5.0 2.0 27.5798 -20.9406
5.0 2.0 27.8017 -20.9406
5.0 2.0 27.5899 -20.9406
5.0 2.0 27.7559 -20.797
5.0 2.0 27.7111 -21.0462
5.0 2.0 27.5373 -21.0462
5.0 2.0 27.5997 -20.9406
5.0 2.0 27.7331 -20.797
5.0 2.0 27.6048 -21.0462
5.0 2.0 27.6083 -20.9406
5.0 2.0 27.6042 -21.0462
5.0 2.0 27.8676 -20.9406
5.0 2.0 27.5762 -21.0462
5.0 2.0 27.5853 -21.0462
5.0 2.0 27.7445 -20.797
5.0 2.0 27.9022 -20.9406
5.0 2.0 27.59 -20.9406
5.0 2.0 27.9105 -21.0462
5.0 2.0 27.5891 -20.9406
5.0 2.0 27.7486 -20.797
5.0 2.0 27.5925 -20.9406
5.0 2.0 27.5858 -20.9406
5.0 2.0 27.928 -20.9406
5.0 2.0 27.6559 -20.9406
5.0 2.0 27.7415 -20.9406
5.0 2.0 27.6025 -21.0462
5.0 2.0 27.581 -20.9406
5.0 2.0 28.9261 -20.9406
5.0 2.0 27.6084 -20.9406
5.0 2.0 27.6305 -21.0462
5.0 2.0 27.8679 -20.9406
5.0 2.0 27.7567 -20.797
5.0 2.0 27.8695 -20.9406
5.0 2.0 27.7694 -21.0462
5.0 2.0 27.6161 -21.0462
5.0 2.0 27.7423 -20.9406
5.0 2.0 27.8619 -20.9406
5.0 2.0 27.5615 -21.0462
5.0 2.0 27.8458 -20.9406
5.0 2.0 27.7361 -21.0462
5.0 2.0 27.7276 -20.8108
5.0 2.0 27.6124 -21.0462
5.0 3.0 18.8396 -20.9406
5.0 3.0 19.1259 -20.797
5.0 3.0 18.8334 -20.9406
5.0 3.0 18.9029 -20.9406
5.0 3.0 20.7495 -21.0462
5.0 3.0 18.7112 -21.0462
5.0 3.0 18.8358 -20.9406
5.0 3.0 18.7128 -21.0462
5.0 3.0 18.8569 -20.9406
5.0 3.0 18.7012 -20.9406
5.0 3.0 18.8261 -21.0462
5.0 3.0 18.806 -20.9406
5.0 3.0 19.0968 -20.797
5.0 3.0 18.844 -20.9406
5.0 3.0 18.7134 -21.0462
5.0 3.0 18.7132 -20.9406
5.0 3.0 18.7798 -20.797
5.0 3.0 18.8487 -21.0462
5.0 3.0 18.8203 -21.0462
5.0 3.0 18.7025 -21.0462
5.0 3.0 20.6489 -20.9406
5.0 3.0 18.8519 -20.9406
5.0 3.0 20.7431 -21.0462
5.0 3.0 20.6826 -21.0462
5.0 3.0 19.1153 -20.8281
5.0 3.0 19.5619 -20.9406
5.0 3.0 18.7698 -20.797
5.0 3.0 18.8265 -20.9406
5.0 3.0 19.6178 -21.0462
5.0 3.0 18.7575 -20.9406
5.0 3.0 18.7689 -20.9406
5.0 3.0 18.8498 -21.0462
5.0 3.0 18.8383 -21.0462
5.0 3.0 18.8021 -21.0462
5.0 3.0 18.8689 -20.9406
5.0 3.0 18.7991 -21.1628
5.0 3.0 19.1777 -20.797
5.0 3.0 19.6006 -20.9406
5.0 3.0 18.8299 -20.9406
5.0 3.0 18.8593 -21.1628
5.0 3.0 18.8805 -21.0462
5.0 3.0 19.6143 -21.0462
5.0 3.0 18.8104 -21.0462
5.0 3.0 19.1222 -20.797
5.0 3.0 18.8608 -21.0462
5.0 3.0 18.859 -21.0462
5.0 3.0 18.9166 -20.9406
5.0 3.0 18.8416 -20.9406
5.0 3.0 19.0429 -21.0462
5.0 3.0 18.8351 -21.0462
5.0 4.0 15.0846 -20.797
5.0 4.0 14.835 -20.797
5.0 4.0 14.1396 -20.9406
5.0 4.0 14.9814 -20.797
5.0 4.0 14.1464 -20.9406
5.0 4.0 14.2051 -20.9406
5.0 4.0 14.4134 -20.9406
5.0 4.0 14.1797 -21.0462
5.0 4.0 14.6792 -20.9406
5.0 4.0 14.1011 -20.9406
5.0 4.0 14.148 -21.0462
5.0 4.0 14.1537 -20.9406
5.0 4.0 14.2077 -20.9406
5.0 4.0 14.1248 -21.0462
5.0 4.0 14.1688 -21.0462
5.0 4.0 14.1527 -21.0462
5.0 4.0 14.8721 -20.797
5.0 4.0 14.185 -20.9406
5.0 4.0 14.1625 -21.1628
5.0 4.0 14.196 -21.0462
5.0 4.0 14.7531 -20.9406
5.0 4.0 14.6249 -21.0462
5.0 4.0 15.0144 -20.9406
5.0 4.0 14.129 -20.9406
5.0 4.0 14.8699 -20.9406
5.0 4.0 14.8202 -20.9406
5.0 4.0 14.2094 -20.9406
5.0 4.0 14.8315 -20.8
5.0 4.0 14.1892 -20.9406
5.0 4.0 14.842 -21.0462
5.0 4.0 14.8062 -21.0462
5.0 4.0 14.7838 -21.0462
5.0 4.0 14.3183 -21.0462
5.0 4.0 14.7925 -21.0462
5.0 4.0 14.8556 -21.0462
5.0 4.0 14.2049 -20.9406
5.0 4.0 14.6936 -21.0462
5.0 4.0 14.626 -20.797
5.0 4.0 14.2294 -20.9406
5.0 4.0 14.9089 -20.9406
5.0 4.0 14.6802 -21.0462
5.0 4.0 14.0648 -20.9406
5.0 4.0 14.2404 -21.0462
5.0 4.0 14.1662 -20.9406
5.0 4.0 14.6275 -21.0462
5.0 4.0 14.1763 -21.0462
5.0 4.0 14.1334 -20.9406
5.0 4.0 14.8649 -20.9406
5.0 4.0 14.7863 -20.797
5.0 4.0 14.7985 -20.797
5.0 5.0 11.3062 -21.0462
5.0 5.0 11.4684 -20.9406
5.0 5.0 11.9504 -20.797
5.0 5.0 11.2946 -21.0462
5.0 5.0 11.2917 -20.9406
5.0 5.0 12.196 -20.8079
5.0 5.0 11.9173 -21.0462
5.0 5.0 11.8596 -21.0462
5.0 5.0 11.3283 -21.0462
5.0 5.0 11.3719 -20.9406
5.0 5.0 11.3524 -21.0462
5.0 5.0 12.0414 -20.9406
5.0 5.0 11.2872 -21.0462
5.0 5.0 11.3236 -21.0462
5.0 5.0 12.5894 -20.9406
5.0 5.0 11.3244 -21.0462
5.0 5.0 12.1672 -20.797
5.0 5.0 11.8051 -21.0462
5.0 5.0 12.104 -21.0462
5.0 5.0 12.1303 -20.9406
5.0 5.0 11.4175 -20.8532
5.0 5.0 12.2319 -21.0462
5.0 5.0 12.0603 -21.0462
5.0 5.0 11.2104 -21.0462
5.0 5.0 11.2939 -20.9406
5.0 5.0 11.3872 -20.9406
5.0 5.0 11.5192 -20.9406
5.0 5.0 12.1995 -20.9406
5.0 5.0 11.3505 -20.9406
5.0 5.0 11.9666 -21.0462
5.0 5.0 12.0845 -21.0462
5.0 5.0 11.3806 -20.9406
5.0 5.0 11.2906 -20.9406
5.0 5.0 11.3559 -21.0462
5.0 5.0 11.26 -20.9406
5.0 5.0 11.3157 -20.9406
5.0 5.0 11.3654 -21.0462
5.0 5.0 11.9353 -21.0462
5.0 5.0 11.4431 -20.8301
5.0 5.0 12.0552 -21.0462
5.0 5.0 11.7022 -20.9406
5.0 5.0 11.3058 -21.0462
5.0 5.0 11.9802 -21.0462
5.0 5.0 12.0044 -21.0462
5.0 5.0 11.2918 -20.9406
5.0 5.0 11.9768 -20.9406
5.0 5.0 11.8067 -20.9406
5.0 5.0 11.9432 -20.797
5.0 5.0 11.7719 -20.9406
5.0 5.0 11.3367 -21.0462
5.0 6.0 11.2549 -21.0462
5.0 6.0 11.2845 -21.0462
5.0 6.0 12.3411 -20.797
5.0 6.0 13.2801 -20.797
5.0 6.0 11.2684 -21.0462
5.0 6.0 11.3514 -21.0462
5.0 6.0 11.2571 -21.0462
5.0 6.0 11.4068 -20.9406
5.0 6.0 11.3337 -21.1628
5.0 6.0 11.397 -20.9406
5.0 6.0 11.3958 -21.0462
5.0 6.0 11.2794 -20.9406
5.0 6.0 11.3068 -20.9406
5.0 6.0 11.2445 -21.0462
5.0 6.0 11.2725 -20.9406
5.0 6.0 11.3677 -20.9406
5.0 6.0 11.4357 -21.0462
5.0 6.0 11.2393 -20.9406
5.0 6.0 11.619 -20.8265
5.0 6.0 11.8552 -20.8265
5.0 6.0 11.2419 -21.0462
5.0 6.0 11.2471 -20.9406
5.0 6.0 11.7592 -20.8022
5.0 6.0 11.338 -20.9406
5.0 6.0 11.2397 -21.0462
5.0 6.0 11.2657 -20.9406
5.0 6.0 11.2817 -20.9406
5.0 6.0 11.2449 -20.862
5.0 6.0 11.2658 -20.9406
5.0 6.0 11.2673 -21.0462
5.0 6.0 11.2594 -21.0462
5.0 6.0 11.16 -21.0462
5.0 6.0 11.6263 -20.9406
5.0 6.0 11.2413 -21.0462
5.0 6.0 11.2215 -21.0462
5.0 6.0 11.2167 -21.0462
5.0 6.0 11.7722 -20.797
5.0 6.0 11.2941 -21.0462
5.0 6.0 11.6305 -20.797
5.0 6.0 11.2874 -20.9406
5.0 6.0 11.2518 -20.9406
5.0 6.0 11.8171 -20.797
5.0 6.0 11.3083 -21.1828
5.0 6.0 11.7534 -20.797
5.0 6.0 11.3783 -21.0462
5.0 6.0 11.1903 -20.9406
5.0 6.0 11.2402 -20.9406
5.0 6.0 11.3006 -20.9406
5.0 6.0 11.2375 -21.0462
5.0 6.0 11.2454 -20.9406
5.0 7.0 9.34526 -20.8265
5.0 7.0 9.04321 -21.0462
5.0 7.0 9.01133 -21.0462
5.0 7.0 9.01676 -21.0462
5.0 7.0 9.04031 -20.9406
5.0 7.0 9.05265 -20.9406
5.0 7.0 9.06725 -21.2268
5.0 7.0 9.00039 -21.1828
5.0 7.0 8.98328 -20.9406
5.0 7.0 9.05863 -20.9406
5.0 7.0 9.01945 -21.1628
5.0 7.0 9.04255 -21.0462
5.0 7.0 9.04247 -20.9406
5.0 7.0 9.48028 -20.8265
5.0 7.0 9.02644 -20.9406
5.0 7.0 9.39242 -20.8265
5.0 7.0 9.07735 -21.0462
5.0 7.0 9.05378 -20.9406
5.0 7.0 9.07887 -20.9406
5.0 7.0 9.08658 -20.9406
5.0 7.0 9.01505 -21.0462
5.0 7.0 9.40809 -20.797
5.0 7.0 9.04148 -21.0462
5.0 7.0 9.04158 -20.9406
5.0 7.0 9.03828 -20.9406
5.0 7.0 9.04559 -21.0462
5.0 7.0 9.03271 -20.9406
5.0 7.0 9.01309 -20.9406
5.0 7.0 9.47398 -20.797
5.0 7.0 9.0497 -21.0462
5.0 7.0 9.00165 -20.9406
5.0 7.0 9.02034 -20.9406
5.0 7.0 9.06812 -21.0462
5.0 7.0 9.02991 -20.9406
5.0 7.0 9.06121 -20.9406
5.0 7.0 9.12736 -21.0462
5.0 7.0 9.07862 -21.1828
5.0 7.0 9.05207 -21.0462
5.0 7.0 9.18961 -21.0462
5.0 7.0 9.01388 -20.9406
5.0 7.0 9.08901 -21.0462
5.0 7.0 9.05536 -21.0462
5.0 7.0 9.03226 -21.0462
5.0 7.0 9.46223 -20.7995
5.0 7.0 9.26658 -21.1628
5.0 7.0 9.02762 -21.0462
5.0 7.0 9.29153 -20.7985
5.0 7.0 9.06108 -21.0462
5.0 7.0 9.08579 -21.0462
5.0 7.0 9.03876 -21.1828
5.0 8.0 9.0568 -21.0462
5.0 8.0 9.51128 -20.7985
5.0 8.0 9.48295 -20.797
5.0 8.0 9.10047 -21.0462
5.0 8.0 9.06171 -21.0462
5.0 8.0 9.05987 -21.0462
5.0 8.0 9.09541 -20.9406
5.0 8.0 9.07382 -20.9406
5.0 8.0 9.08552 -21.0462
5.0 8.0 9.06214 -21.0462
5.0 8.0 8.96464 -20.9406
5.0 8.0 9.13807 -20.9406
5.0 8.0 9.09434 -21.1828
5.0 8.0 9.08016 -21.0462
5.0 8.0 9.45214 -20.797
5.0 8.0 9.02993 -21.0462
5.0 8.0 9.04808 -20.9406
5.0 8.0 9.05895 -21.1628
5.0 8.0 9.19987 -21.0462
5.0 8.0 9.09879 -21.0462
5.0 8.0 9.08874 -21.0462
5.0 8.0 9.04567 -20.9406
5.0 8.0 9.14498 -21.0462
5.0 8.0 9.23768 -20.9406
5.0 8.0 9.03513 -20.9406
5.0 8.0 9.108 -20.9406
5.0 8.0 9.34065 -20.797
5.0 8.0 9.0652 -21.1628
5.0 8.0 9.10385 -21.0462
5.0 8.0 9.1436 -20.9406
5.0 8.0 9.01192 -21.0462
5.0 8.0 9.0601 -21.0462
5.0 8.0 9.041 -20.9406
5.0 8.0 9.04067 -20.9406
5.0 8.0 9.40485 -20.8265
5.0 8.0 9.0667 -20.9406
5.0 8.0 9.14815 -20.9406
5.0 8.0 9.08733 -20.9406
5.0 8.0 9.14889 -20.9406
5.0 8.0 9.52167 -20.797
5.0 8.0 9.07075 -20.9406
5.0 8.0 9.10921 -21.0462
5.0 8.0 9.07956 -20.9406
5.0 8.0 9.64129 -20.797
5.0 8.0 9.02509 -20.9406
5.0 8.0 9.09715 -20.9406
5.0 8.0 9.08022 -20.9406
5.0 8.0 9.13663 -20.9406
5.0 8.0 9.08108 -21.0462
5.0 8.0 9.14991 -20.9406
5.0 9.0 7.0138 -20.9406
5.0 9.0 7.22593 -20.8353
5.0 9.0 6.80532 -21.1628
5.0 9.0 6.82848 -20.9406
5.0 9.0 6.87761 -20.9406
5.0 9.0 7.21399 -20.9406
5.0 9.0 6.85327 -21.0462
5.0 9.0 7.06654 -20.9406
5.0 9.0 6.88442 -21.4856
5.0 9.0 6.90337 -20.9406
5.0 9.0 6.83436 -21.1628
5.0 9.0 6.84298 -21.0462
5.0 9.0 6.84895 -21.1628
5.0 9.0 6.85691 -21.1628
5.0 9.0 6.90115 -21.0462
5.0 9.0 6.83127 -21.0462
5.0 9.0 6.86333 -21.1628
5.0 9.0 6.81019 -20.9406
5.0 9.0 6.80525 -20.9406
5.0 9.0 6.81982 -20.9406
5.0 9.0 6.82729 -20.9406
5.0 9.0 6.81239 -20.9406
5.0 9.0 6.8399 -20.9406
5.0 9.0 6.80884 -21.0462
5.0 9.0 6.86653 -20.9406
5.0 9.0 6.87528 -21.0462
5.0 9.0 7.26824 -21.1628
5.0 9.0 6.88515 -20.9406
5.0 9.0 7.04072 -21.0462
5.0 9.0 6.68008 -20.9406
5.0 9.0 7.36401 -21.0462
5.0 9.0 6.88688 -21.0462
5.0 9.0 6.97886 -21.0462
5.0 9.0 6.95775 -21.0462
5.0 9.0 6.8395 -20.9406
5.0 9.0 6.83695 -21.0462
5.0 9.0 6.68588 -20.9406
5.0 9.0 6.87427 -20.9406
5.0 9.0 7.04099 -20.797
5.0 9.0 6.81733 -20.9406
5.0 9.0 6.85036 -21.1628
5.0 9.0 7.09538 -20.797
5.0 9.0 6.85935 -20.9406
5.0 9.0 7.17065 -20.9406
5.0 9.0 6.98189 -20.9406
5.0 9.0 6.81949 -20.9406
5.0 9.0 6.97319 -20.9406
5.0 9.0 6.81952 -20.9406
5.0 9.0 7.27257 -21.0462
5.0 9.0 7.10418 -20.9406
5.0 10.0 6.08503 -21.0462
5.0 10.0 6.09756 -21.0462
5.0 10.0 5.85399 -20.9406
5.0 10.0 5.77718 -20.9406
5.0 10.0 5.90285 -21.0462
5.0 10.0 5.95028 -21.0462
5.0 10.0 5.71183 -21.0462
5.0 10.0 6.03615 -20.9406
5.0 10.0 6.05772 -21.0462
5.0 10.0 6.15903 -21.0462
5.0 10.0 6.23192 -21.0462
5.0 10.0 6.09187 -20.9406
5.0 10.0 6.45297 -21.0462
5.0 10.0 6.88333 -20.7971
5.0 10.0 6.32304 -21.0462
5.0 10.0 5.5739 -21.0462
5.0 10.0 6.06349 -21.1828
5.0 10.0 6.28849 -21.0462
5.0 10.0 6.14675 -21.1828
5.0 10.0 6.0567 -21.1628
5.0 10.0 6.00073 -20.797
5.0 10.0 5.82837 -21.1628
5.0 10.0 5.90521 -21.0462
5.0 10.0 5.93114 -21.0462
5.0 10.0 5.89644 -21.0462
5.0 10.0 6.4352 -21.0462
5.0 10.0 5.72821 -21.1628
5.0 10.0 5.78581 -21.0462
5.0 10.0 5.98486 -21.1628
5.0 10.0 5.98178 -20.9406
5.0 10.0 6.50254 -20.8265
5.0 10.0 5.88845 -20.9406
5.0 10.0 5.81296 -20.9406
5.0 10.0 6.24535 -20.8265
5.0 10.0 6.00796 -21.1628
5.0 10.0 6.0223 -21.1828
5.0 10.0 5.96839 -20.797
5.0 10.0 5.91424 -21.0462
5.0 10.0 5.81986 -21.2268
5.0 10.0 6.03826 -20.9406
5.0 10.0 5.7495 -20.9406
5.0 10.0 5.92147 -21.1628
5.0 10.0 6.13381 -20.8276
5.0 10.0 5.90672 -20.9406
5.0 10.0 5.9943 -20.797
5.0 10.0 5.56279 -21.0462
5.0 10.0 5.78015 -20.9406
5.0 10.0 5.91846 -20.9406
5.0 10.0 5.86987 -21.0462
5.0 10.0 6.09847 -20.8594
5.0 11.0 5.72687 -21.1628
5.0 11.0 5.85592 -21.0462
5.0 11.0 5.72098 -20.9406
5.0 11.0 5.69939 -20.9406
5.0 11.0 5.76183 -20.9406
5.0 11.0 6.02189 -20.8006
5.0 11.0 5.9778 -20.8896
5.0 11.0 5.69247 -21.0462
5.0 11.0 5.64183 -20.9406
5.0 11.0 5.86135 -20.797
5.0 11.0 5.69454 -21.0462
5.0 11.0 5.74622 -20.9406
5.0 11.0 5.89792 -20.797
5.0 11.0 6.11539 -20.8277
5.0 11.0 5.82846 -20.9406
5.0 11.0 5.71604 -21.1628
5.0 11.0 5.87549 -21.1828
5.0 11.0 6.32855 -20.7985
5.0 11.0 5.78506 -21.0462
5.0 11.0 5.9609 -21.1628
5.0 11.0 5.80997 -20.9406
5.0 11.0 5.80514 -21.0462
5.0 11.0 5.73349 -21.0462
5.0 11.0 6.27155 -20.8547
5.0 11.0 5.71387 -21.0462
5.0 11.0 5.90019 -20.797
5.0 11.0 5.79158 -21.1828
5.0 11.0 5.74736 -20.9406
5.0 11.0 5.71652 -21.0462
5.0 11.0 5.6975 -20.9406
5.0 11.0 5.93302 -20.797
5.0 11.0 5.78759 -20.9406
5.0 11.0 5.76209 -20.9406
5.0 11.0 5.87481 -20.797
5.0 11.0 5.69163 -20.9406
5.0 11.0 5.75452 -21.1828
5.0 11.0 5.81332 -21.1628
5.0 11.0 6.09414 -20.8053
5.0 11.0 5.74035 -21.0462
5.0 11.0 5.78033 -21.0462
5.0 11.0 5.72587 -20.9406
5.0 11.0 5.74774 -20.9406
5.0 11.0 5.71584 -21.0462
5.0 11.0 5.7696 -21.0462
5.0 11.0 5.85064 -21.0462
5.0 11.0 5.74477 -21.1828
5.0 11.0 5.73326 -21.0462
5.0 11.0 5.59025 -20.968
5.0 11.0 5.82408 -21.0462
5.0 11.0 5.72551 -21.0462
5.0 11.0 5.72551 -21.0462
5.0 11.0 5.72551 -21.0462
5.0 11.0 5.72551 -21.0462
5.0 11.0 5.72551 -21.0462
5.0 11.0 5.72551 -21.0462
5.0 11.0 5.72551 -21.0462
5.0 11.0 5.72551 -21.0462
5.0 11.0 5.72551 -21.0462
5.0 11.0 5.72551 -21.0462
5.0 11.0 5.72551 -21.0462
5.0 11.0 5.72551 -21.0462
5.0 11.0 5.72551 -21.0462
5.0 11.0 5.72551 -21.0462
5.0 11.0 5.72551 -21.0462
5.0 11.0 5.72551 -21.0462
5.0 11.0 5.72551 -21.0462
5.0 11.0 5.72551 -21.0462
5.0 11.0 5.72551 -21.0462
5.0 11.0 5.72551 -21.0462
5.0 11.0 5.72551 -21.0462
5.0 11.0 5.72551 -21.0462
5.0 11.0 5.72551 -21.0462
5.0 11.0 5.72551 -21.0462
5.0 11.0 5.72551 -21.0462
5.0 11.0 5.72551 -21.0462
5.0 11.0 5.72551 -21.0462
5.0 11.0 5.72551 -21.0462
5.0 11.0 5.72551 -21.0462
5.0 11.0 5.72551 -21.0462
5.0 11.0 5.72551 -21.0462
5.0 11.0 5.72551 -21.0462
5.0 11.0 5.72551 -21.0462
5.0 11.0 5.72551 -21.0462
5.0 11.0 5.72551 -21.0462
5.0 11.0 5.72551 -21.0462
5.0 11.0 5.72551 -21.0462
5.0 11.0 5.72551 -21.0462
5.0 11.0 5.72551 -21.0462
5.0 11.0 5.72551 -21.0462
5.0 11.0 5.72551 -21.0462
5.0 11.0 5.72551 -21.0462
5.0 11.0 5.72551 -21.0462
5.0 11.0 5.72551 -21.0462
5.0 11.0 5.72551 -21.0462
5.0 11.0 5.72551 -21.0462
5.0 11.0 5.72551 -21.0462
5.0 11.0 5.72551 -21.0462
5.0 11.0 5.72551 -21.0462
5.0 11.0 5.72551 -21.0462
5.0 11.0 5.72551 -21.0462
