0 3 0.0755765 2.04198
0 3 0.0581958 2.04198
0 3 0.0653266 2.04198
0 3 0.0543582 2.04198
0 3 0.0632309 2.04198
0 3 0.0628358 2.04198
0 3 0.0663405 2.04198
0 3 0.0605511 2.04198
0 3 0.0620562 2.04198
0 3 0.0771691 2.04198
0 3 0.0617404 2.04198
0 3 0.0621407 2.04198
0 3 0.0657994 2.04198
0 3 0.060512 2.04198
0 3 0.0544695 2.04198
0 3 0.0561453 2.04198
0 3 0.0660867 2.04198
0 3 0.0626878 2.04198
0 3 0.0656126 2.04198
0 3 0.063878 2.04198
0 3 0.0639817 2.04198
0 3 0.0636324 2.04198
0 3 0.0638758 2.04198
0 3 0.0685868 2.04198
0 3 0.0548826 2.04198
0 3 0.06593 2.04198
0 3 0.0548475 2.04198
0 3 0.065682 2.04198
0 3 0.0724605 2.04198
0 3 0.0736943 2.04198
0 3 0.0608613 2.04198
0 3 0.0627486 2.04198
0 3 0.0625562 2.04198
0 3 0.0592474 2.04198
0 3 0.0608898 2.04198
0 3 0.0824389 2.04198
0 3 0.0692362 2.04198
0 3 0.067704 2.04198
0 3 0.0612094 2.04198
0 3 0.0628445 2.04198
0 3 0.0639859 2.04198
0 3 0.0631952 2.04198
0 3 0.0639768 2.04198
0 3 0.0627087 2.04198
0 3 0.0643129 2.04198
0 3 0.063472 2.04198
0 3 0.0548555 2.04198
0 3 0.0648362 2.04198
0 3 0.0610114 2.04198
0 3 0.0778538 2.04198
0 3 0.0687146 2.04198
0 3 0.0602472 2.04198
0 3 0.0655894 2.04198
0 3 0.0655029 2.04198
0 3 0.065875 2.04198
0 3 0.0636607 2.04198
0 3 0.0672496 2.04198
0 3 0.074009 2.04198
0 3 0.0650265 2.04198
0 3 0.0667121 2.04198
0 3 0.0625795 2.04198
0 3 0.0657849 2.04198
0 3 0.0543953 2.04198
0 3 0.0747357 2.04198
0 3 0.0680187 2.04198
0 3 0.0679843 2.04198
0 3 0.0658491 2.04198
0 3 0.068883 2.04198
0 3 0.0623076 2.04198
0 3 0.0540303 2.04198
0 3 0.0693801 2.04198
0 3 0.0653515 2.04198
0 3 0.0654946 2.04198
0 3 0.0552949 2.04198
0 3 0.0647706 2.04198
0 3 0.065592 2.04198
0 3 0.0693083 2.04198
0 3 0.0700061 2.04198
0 3 0.0607266 2.04198
0 3 0.064858 2.04198
0 3 0.0694294 2.04198
0 3 0.0657812 2.04198
0 3 0.0650941 2.04198
0 3 0.0635912 2.04198
0 3 0.0796688 2.04198
0 3 0.0635991 2.04198
0 3 0.0666008 2.04198
0 3 0.0730185 2.04198
0 3 0.0599003 2.04198
0 3 0.0846504 2.04198
0 3 0.0590698 2.04198
0 3 0.112827 2.04198
0 3 0.0647612 2.04198
0 3 0.0664693 2.04198
0 3 0.0543448 2.04198
0 3 0.0675363 2.04198
0 3 0.076603 2.04198
0 3 0.0643485 2.04198
0 3 0.0656331 2.04198
0 3 0.0765083 2.04198
1 3 0.092367 16.6528
1 3 0.0905228 16.6528
1 3 0.0841993 16.6528
1 3 0.113983 16.6528
1 3 0.107361 16.6528
1 3 0.0917931 16.6528
1 3 0.0912677 16.6528
1 3 0.0919663 16.6528
1 3 0.0913719 16.6528
1 3 0.108799 16.6528
1 3 0.118591 16.6528
1 3 0.0899693 16.6528
1 3 0.0827437 16.6528
1 3 0.0867685 16.6528
1 3 0.0823387 16.6528
1 3 0.0977815 16.6528
1 3 0.111236 16.6528
1 3 0.112463 16.6528
1 3 0.102071 16.6528
1 3 0.108164 16.6528
1 3 0.0922401 16.6528
1 3 0.0914912 16.6528
1 3 0.0876111 16.6528
1 3 0.0933413 16.6528
1 3 0.0900298 16.6528
1 3 0.113064 16.6528
1 3 0.087814 16.6528
1 3 0.0951157 16.6528
1 3 0.0894149 16.6528
1 3 0.0938266 16.6528
1 3 0.110023 16.6528
1 3 0.0895185 16.6528
1 3 0.0937533 16.6528
1 3 0.0783384 16.6528
1 3 0.0930376 16.6528
1 3 0.113106 16.6528
1 3 0.0837606 16.6528
1 3 0.086144 16.6528
1 3 0.10812 16.6528
1 3 0.111205 16.6528
1 3 0.108698 16.6528
1 3 0.0886223 16.6528
1 3 0.111395 16.6528
1 3 0.091369 16.6528
1 3 0.0852335 16.6528
1 3 0.0920143 16.6528
1 3 0.10997 16.6528
1 3 0.109095 16.6528
1 3 0.0869444 16.6528
1 3 0.109627 16.6528
2 3 0.255376 -7.10571e-31
2 3 0.255507 -7.10571e-31
2 3 0.238192 -7.10571e-31
2 3 0.256252 -7.10571e-31
2 3 0.222242 -7.10571e-31
2 3 0.229239 -7.10571e-31
2 3 0.206051 -7.10571e-31
2 3 0.202921 -7.10571e-31
2 3 0.215442 -7.10571e-31
2 3 0.231391 -7.10571e-31
2 3 0.224151 -7.10571e-31
2 3 0.256724 -7.10571e-31
2 3 0.228044 -7.10571e-31
2 3 0.266206 -7.10571e-31
2 3 0.254942 -7.10571e-31
2 3 0.210127 -7.10571e-31
2 3 0.227722 -7.10571e-31
2 3 0.254171 -7.10571e-31
2 3 0.242124 -7.10571e-31
2 3 0.222564 -7.10571e-31
2 3 0.257155 -7.10571e-31
2 3 0.239327 -7.10571e-31
2 3 0.204757 -7.10571e-31
2 3 0.215969 -7.10571e-31
2 3 0.213249 -7.10571e-31
2 3 0.267259 -7.10571e-31
2 3 0.231218 -7.10571e-31
2 3 0.255858 -7.10571e-31
2 3 0.22106 -7.10571e-31
2 3 0.226485 -7.10571e-31
2 3 0.215412 -7.10571e-31
2 3 0.269353 -7.10571e-31
2 3 0.255074 -7.10571e-31
2 3 0.239544 -7.10571e-31
2 3 0.22277 -7.10571e-31
2 3 0.235003 -7.10571e-31
2 3 0.237856 -7.10571e-31
2 3 0.246014 -7.10571e-31
2 3 0.290862 -7.10571e-31
2 3 0.257511 -7.10571e-31
2 3 0.252266 -7.10571e-31
2 3 0.231782 -7.10571e-31
2 3 0.262737 -7.10571e-31
2 3 0.231047 -7.10571e-31
2 3 0.256149 -7.10571e-31
2 3 0.242922 -7.10571e-31
2 3 0.25715 -7.10571e-31
2 3 0.230583 -7.10571e-31
2 3 0.225284 -7.10571e-31
2 3 0.254829 -7.10571e-31
3 3 0.115382 211.426
3 3 0.0853731 211.426
3 3 0.0846581 211.426
3 3 0.0831646 211.426
3 3 0.0940484 211.426
3 3 0.11065 211.426
3 3 0.0758781 211.426
3 3 0.106046 211.426
3 3 0.0799061 211.426
3 3 0.07617 211.426
3 3 0.0769644 211.426
3 3 0.0828612 211.426
3 3 0.098449 211.426
3 3 0.0768978 211.426
3 3 0.0767427 211.426
3 3 0.0860965 211.426
3 3 0.0987027 211.426
3 3 0.0987755 211.426
3 3 0.0986208 211.426
3 3 0.0854033 211.426
3 3 0.0978283 211.426
3 3 0.100387 211.426
3 3 0.102783 211.426
3 3 0.0821807 211.426
3 3 0.0665773 211.426
3 3 0.0821052 211.426
3 3 0.0792824 211.426
3 3 0.104516 211.426
3 3 0.0817551 211.426
3 3 0.0742095 211.426
3 3 0.0748358 211.426
3 3 0.101344 211.426
3 3 0.0754518 211.426
3 3 0.0781128 211.426
3 3 0.0756663 211.426
3 3 0.0816778 211.426
3 3 0.0983113 211.426
3 3 0.0918754 211.426
3 3 0.102986 211.426
3 3 0.0823094 211.426
3 3 0.11303 211.426
3 3 0.082236 211.426
3 3 0.0767271 211.426
3 3 0.0676546 211.426
3 3 0.066962 211.426
3 3 0.110288 211.426
3 3 0.08536 211.426
3 3 0.0927478 211.426
3 3 0.0800072 211.426
3 3 0.0856617 211.426
4 3 0.089322 9.99273
4 3 0.0721888 9.99273
4 3 0.0743204 9.99273
4 3 0.066226 9.99273
4 3 0.0887874 9.99273
4 3 0.0887883 9.99273
4 3 0.0785565 9.99273
4 3 0.0709958 9.99273
4 3 0.0731556 9.99273
4 3 0.070885 9.99273
4 3 0.0758169 9.99273
4 3 0.0713545 9.99273
4 3 0.0880136 9.99273
4 3 0.0761742 9.99273
4 3 0.0725318 9.99273
4 3 0.0884682 9.99273
4 3 0.0734933 9.99273
4 3 0.0716926 9.99273
4 3 0.087689 9.99273
4 3 0.0744371 9.99273
4 3 0.0669682 9.99273
4 3 0.0740947 9.99273
4 3 0.0733324 9.99273
4 3 0.0716164 9.99273
4 3 0.0650797 9.99273
4 3 0.101911 9.99273
4 3 0.066634 9.99273
4 3 0.066513 9.99273
4 3 0.0644111 9.99273
4 3 0.0754377 9.99273
4 3 0.0650379 9.99273
4 3 0.0671957 9.99273
4 3 0.066595 9.99273
4 3 0.0769897 9.99273
4 3 0.0718137 9.99273
4 3 0.0728763 9.99273
4 3 0.0688388 9.99273
4 3 0.0876015 9.99273
4 3 0.0734248 9.99273
4 3 0.0758509 9.99273
4 3 0.0736834 9.99273
4 3 0.0960828 9.99273
4 3 0.0652305 9.99273
4 3 0.0684448 9.99273
4 3 0.0673637 9.99273
4 3 0.0668481 9.99273
4 3 0.0887674 9.99273
4 3 0.0716825 9.99273
4 3 0.0747329 9.99273
4 3 0.0612505 9.99273
5 3 18.5188 25.0222
5 3 18.4454 25.0222
5 3 18.5708 25.0222
5 3 18.6538 25.0222
5 3 18.679 25.0222
5 3 18.0769 25.0222
5 3 18.5902 25.0222
5 3 18.3969 25.0222
5 3 18.735 25.0222
5 3 18.5875 25.0222
5 3 18.542 25.0222
5 3 18.7787 25.0222
5 3 18.5596 25.0222
5 3 18.7318 25.0222
5 3 18.6505 25.0222
5 3 18.6161 25.0222
5 3 18.5637 25.0222
5 3 18.4746 25.0222
5 3 18.5546 25.0222
5 3 18.4092 25.0222
5 3 18.1698 25.0222
5 3 18.4247 25.0222
5 3 18.6787 25.0222
5 3 18.6105 25.0222
5 3 18.7264 25.0222
5 3 18.5689 25.0222
5 3 18.566 25.0222
5 3 18.2044 25.0222
5 3 18.0527 25.0222
5 3 18.5485 25.0222
5 3 18.3777 25.0222
5 3 18.9219 25.0222
5 3 18.5045 25.0222
5 3 18.187 25.0222
5 3 18.5301 25.0222
5 3 18.0701 25.0222
5 3 18.8863 25.0222
5 3 18.8707 25.0222
5 3 18.7004 25.0222
5 3 18.6732 25.0222
5 3 18.7771 25.0222
5 3 18.5784 25.0222
5 3 18.1204 25.0222
5 3 18.6459 25.0222
5 3 18.4902 25.0222
5 3 18.6836 25.0222
5 3 18.2058 25.0222
5 3 18.0415 25.0222
5 3 18.4668 25.0222
5 3 18.2704 25.0222
0 4 0.0477036 2.04198
0 4 0.0545919 2.04198
0 4 0.0486826 2.04198
0 4 0.0402528 2.04198
0 4 0.0528103 2.04198
0 4 0.0573682 2.04198
0 4 0.0453288 2.04198
0 4 0.0479689 2.04198
0 4 0.0565029 2.04198
0 4 0.0563765 2.04198
0 4 0.0509405 2.04198
0 4 0.0533826 2.04198
0 4 0.0485918 2.04198
0 4 0.041733 2.04198
0 4 0.0435984 2.04198
0 4 0.0454564 2.04198
0 4 0.0483246 2.04198
0 4 0.0530432 2.04198
0 4 0.0452989 2.04198
0 4 0.0503775 2.04198
0 5 0.0429481 2.04198
0 5 0.0652079 2.04198
0 5 0.0564941 2.04198
0 4 0.0422246 2.04198
0 5 0.0360603 2.04198
0 4 0.0492086 2.04198
0 5 0.0415763 2.04198
0 4 0.0571731 2.04198
0 4 0.0512812 2.04198
0 5 0.0553106 2.04198
0 4 0.054359 2.04198
0 5 0.0368323 2.04198
0 4 0.0667383 2.04198
0 4 0.0511637 2.04198
0 5 0.0348442 2.04198
0 4 0.056427 2.04198
0 4 0.0494511 2.04198
0 4 0.0498627 2.04198
0 5 0.0330958 2.04198
0 5 0.041301 2.04198
0 5 0.0578016 2.04198
0 4 0.054834 2.04198
0 4 0.0502119 2.04198
0 5 0.0570118 2.04198
0 4 0.0599609 2.04198
0 5 0.0424214 2.04198
0 5 0.0400605 2.04198
0 4 0.0439882 2.04198
0 4 0.0543675 2.04198
0 5 0.0461855 2.04198
0 4 0.0470602 2.04198
0 5 0.0596732 2.04198
0 4 0.053368 2.04198
0 4 0.0491082 2.04198
0 4 0.055104 2.04198
0 5 0.0382072 2.04198
0 5 0.0488039 2.04198
0 4 0.0432442 2.04198
0 5 0.0455269 2.04198
0 4 0.0631971 2.04198
0 5 0.0412505 2.04198
0 5 0.0557754 2.04198
0 4 0.0508543 2.04198
0 5 0.0378761 2.04198
0 5 0.0472747 2.04198
0 5 0.0378581 2.04198
0 5 0.039584 2.04198
0 5 0.0430982 2.04198
0 4 0.0432967 2.04198
0 4 0.0483296 2.04198
0 4 0.0432881 2.04198
0 5 0.036891 2.04198
0 4 0.0585133 2.04198
0 5 0.0356674 2.04198
0 5 0.0403047 2.04198
0 5 0.0433236 2.04198
0 4 0.0513437 2.04198
0 5 0.0351659 2.04198
0 5 0.0373914 2.04198
0 5 0.0397026 2.04198
0 5 0.0407266 2.04198
0 5 0.0535153 2.04198
0 4 0.0437925 2.04198
0 5 0.0403886 2.04198
0 5 0.0422366 2.04198
0 4 0.0461952 2.04198
0 5 0.0399759 2.04198
0 5 0.0459515 2.04198
0 4 0.0455254 2.04198
0 4 0.0523753 2.04198
0 5 0.03808 2.04198
0 5 0.0341301 2.04198
0 4 0.0450026 2.04198
0 5 0.0521103 2.04198
0 5 0.0370723 2.04198
0 5 0.0503286 2.04198
0 4 0.0494091 2.04198
0 4 0.0514911 2.04198
0 4 0.059617 2.04198
0 4 0.0447496 2.04198
0 5 0.0357549 2.04198
0 5 0.0427016 2.04198
0 5 0.0373302 2.04198
0 4 0.0437683 2.04198
0 5 0.0509173 2.04198
0 5 0.0375505 2.04198
0 4 0.0495926 2.04198
0 4 0.0490144 2.04198
0 5 0.0428544 2.04198
0 5 0.0363733 2.04198
0 4 0.0496521 2.04198
0 4 0.049369 2.04198
0 5 0.0368857 2.04198
0 5 0.0416073 2.04198
0 5 0.0467911 2.04198
0 4 0.0543918 2.04198
0 5 0.0471214 2.04198
0 4 0.0486878 2.04198
0 4 0.0502278 2.04198
0 4 0.0478228 2.04198
0 5 0.050302 2.04198
0 5 0.0557443 2.04198
0 5 0.0574882 2.04198
0 5 0.0382485 2.04198
0 4 0.043834 2.04198
0 5 0.0578095 2.04198
0 4 0.0584961 2.04198
0 5 0.0409849 2.04198
0 4 0.0588696 2.04198
0 5 0.0489295 2.04198
0 5 0.041676 2.04198
0 4 0.043661 2.04198
0 5 0.0354141 2.04198
0 4 0.0592735 2.04198
0 4 0.0454134 2.04198
0 5 0.0378747 2.04198
0 5 0.0376444 2.04198
0 4 0.0489854 2.04198
0 4 0.0491177 2.04198
0 5 0.0381549 2.04198
0 5 0.0564024 2.04198
0 5 0.0388269 2.04198
0 4 0.0452449 2.04198
0 5 0.0464807 2.04198
0 5 0.0493398 2.04198
0 5 0.0359756 2.04198
0 4 0.0449778 2.04198
0 5 0.0561373 2.04198
0 4 0.0550488 2.04198
0 5 0.0417779 2.04198
0 5 0.0573655 2.04198
0 4 0.0439633 2.04198
0 5 0.0369342 2.04198
0 5 0.0375101 2.04198
0 5 0.0406392 2.04198
0 4 0.0640725 2.04198
0 5 0.0564869 2.04198
0 5 0.036344 2.04198
0 5 0.051796 2.04198
0 5 0.0380505 2.04198
0 4 0.0423112 2.04198
0 4 0.0594903 2.04198
0 5 0.0572153 2.04198
0 5 0.0498079 2.04198
0 4 0.0463755 2.04198
0 5 0.0410321 2.04198
0 4 0.0485837 2.04198
0 5 0.0453943 2.04198
0 4 0.0465739 2.04198
0 4 0.0489229 2.04198
0 4 0.0503373 2.04198
0 5 0.0363709 2.04198
0 5 0.0428047 2.04198
0 5 0.0417658 2.04198
0 4 0.0503467 2.04198
0 4 0.0552101 2.04198
0 4 0.0418059 2.04198
0 4 0.045596 2.04198
0 4 0.0498066 2.04198
0 4 0.0520261 2.04198
0 5 0.0567832 2.04198
0 5 0.0382164 2.04198
0 4 0.0461086 2.04198
0 4 0.0458557 2.04198
0 4 0.0468216 2.04198
0 4 0.0525208 2.04198
0 5 0.0576376 2.04198
0 4 0.0458732 2.04198
0 4 0.049285 2.04198
0 4 0.0483184 2.04198
0 5 0.0365487 2.04198
1 5 0.0831839 16.6528
0 5 0.0408011 2.04198
0 4 0.0469591 2.04198
0 5 0.0434655 2.04198
0 5 0.0528034 2.04198
0 5 0.0495867 2.04198
0 4 0.047653 2.04198
1 5 0.0495765 16.6528
0 5 0.0379985 2.04198
1 4 0.0687912 16.6528
0 5 0.0388789 2.04198
0 5 0.0399289 2.04198
1 5 0.050903 16.6528
1 4 0.0769003 16.6528
1 4 0.0696265 16.6528
1 5 0.0451208 16.6528
1 5 0.0513124 16.6528
1 4 0.0996862 16.6528
1 5 0.0503788 16.6528
1 4 0.0742308 16.6528
1 5 0.0499165 16.6528
1 5 0.0769989 16.6528
1 4 0.0813874 16.6528
1 4 0.0710384 16.6528
1 5 0.0503665 16.6528
1 4 0.103429 16.6528
1 5 0.0549503 16.6528
1 4 0.0656526 16.6528
1 5 0.0569854 16.6528
1 5 0.0475324 16.6528
1 5 0.0471717 16.6528
1 4 0.0689901 16.6528
1 4 0.0700471 16.6528
1 5 0.0485524 16.6528
1 4 0.108996 16.6528
1 5 0.0636327 16.6528
1 4 0.0657094 16.6528
1 5 0.0517876 16.6528
1 4 0.0755558 16.6528
1 4 0.0746 16.6528
1 5 0.0640255 16.6528
1 5 0.0777962 16.6528
1 4 0.102195 16.6528
1 5 0.0476515 16.6528
1 4 0.0700801 16.6528
1 5 0.0471497 16.6528
1 4 0.0932457 16.6528
1 5 0.0510246 16.6528
1 5 0.048547 16.6528
1 4 0.0842033 16.6528
1 4 0.0678587 16.6528
1 4 0.10857 16.6528
1 5 0.0590224 16.6528
1 5 0.0470066 16.6528
1 5 0.0517173 16.6528
1 5 0.0666034 16.6528
1 4 0.0725195 16.6528
1 4 0.074919 16.6528
1 5 0.0521369 16.6528
1 5 0.0504995 16.6528
1 4 0.102605 16.6528
1 5 0.0580848 16.6528
1 4 0.0710518 16.6528
1 5 0.0582041 16.6528
1 4 0.0703983 16.6528
1 4 0.0708636 16.6528
1 5 0.0493664 16.6528
1 4 0.0674262 16.6528
1 5 0.0766836 16.6528
1 5 0.0641098 16.6528
1 5 0.0565259 16.6528
1 4 0.0743868 16.6528
1 5 0.0671044 16.6528
1 5 0.0527091 16.6528
1 4 0.0715218 16.6528
1 4 0.0677488 16.6528
1 4 0.105234 16.6528
1 5 0.0518776 16.6528
1 5 0.0782299 16.6528
1 4 0.0697317 16.6528
1 5 0.0779164 16.6528
1 5 0.0641459 16.6528
1 5 0.0503053 16.6528
1 4 0.074529 16.6528
1 4 0.0979961 16.6528
1 4 0.0665166 16.6528
1 5 0.0500478 16.6528
1 5 0.048546 16.6528
1 4 0.0726967 16.6528
1 5 0.0633364 16.6528
1 5 0.0783961 16.6528
1 4 0.0681297 16.6528
1 4 0.113992 16.6528
1 5 0.0482077 16.6528
1 4 0.0668721 16.6528
1 5 0.0487164 16.6528
1 4 0.0699708 16.6528
1 5 0.0475039 16.6528
1 4 0.0705666 16.6528
1 5 0.0495232 16.6528
1 4 0.108781 16.6528
1 5 0.0479642 16.6528
1 4 0.0692426 16.6528
2 5 0.209767 -2.01644e-31
1 4 0.103694 16.6528
2 5 0.21799 -2.01644e-31
1 4 0.075041 16.6528
2 5 0.140771 -2.01644e-31
1 4 0.0738447 16.6528
2 5 0.139468 -2.01644e-31
2 5 0.203501 -2.01644e-31
1 4 0.104649 16.6528
1 4 0.107896 16.6528
2 5 0.144552 -2.01644e-31
1 4 0.0677328 16.6528
2 5 0.143545 -2.01644e-31
2 4 0.167136 -0
2 5 0.151338 -2.01644e-31
2 4 0.142362 -0
2 5 0.138266 -2.01644e-31
2 5 0.152839 -2.01644e-31
2 4 0.153682 -0
2 4 0.126713 -0
2 4 0.147282 -0
2 5 0.141347 -2.01644e-31
2 5 0.146549 -2.01644e-31
2 4 0.162942 -0
2 5 0.142195 -2.01644e-31
2 4 0.125162 -0
2 4 0.138388 -0
2 4 0.141237 -0
2 5 0.144438 -2.01644e-31
2 4 0.171397 -0
2 5 0.142037 -2.01644e-31
2 4 0.14146 -0
2 4 0.148024 -0
2 5 0.20744 -2.01644e-31
2 4 0.134454 -0
2 5 0.142543 -2.01644e-31
2 4 0.142903 -0
2 5 0.14029 -2.01644e-31
2 5 0.13734 -2.01644e-31
2 4 0.137981 -0
2 5 0.207687 -2.01644e-31
2 4 0.151241 -0
2 5 0.145417 -2.01644e-31
2 4 0.166353 -0
2 5 0.137343 -2.01644e-31
2 5 0.143586 -2.01644e-31
2 4 0.129684 -0
2 5 0.137795 -2.01644e-31
2 5 0.208516 -2.01644e-31
2 4 0.139604 -0
2 5 0.13598 -2.01644e-31
2 5 0.198717 -2.01644e-31
2 5 0.207035 -2.01644e-31
2 4 0.127094 -0
2 5 0.162669 -2.01644e-31
2 4 0.134955 -0
2 5 0.20778 -2.01644e-31
2 5 0.152116 -2.01644e-31
2 4 0.131573 -0
2 5 0.14229 -2.01644e-31
2 5 0.137954 -2.01644e-31
2 5 0.138202 -2.01644e-31
2 5 0.139331 -2.01644e-31
2 5 0.136922 -2.01644e-31
2 5 0.143159 -2.01644e-31
2 5 0.137799 -2.01644e-31
2 4 0.137732 -0
2 5 0.139638 -2.01644e-31
2 5 0.138023 -2.01644e-31
2 5 0.220036 -2.01644e-31
2 5 0.142945 -2.01644e-31
2 5 0.143684 -2.01644e-31
2 5 0.138489 -2.01644e-31
2 5 0.141676 -2.01644e-31
2 4 0.149942 -0
2 5 0.146212 -2.01644e-31
2 4 0.162779 -0
2 5 0.136481 -2.01644e-31
2 5 0.151341 -2.01644e-31
2 5 0.137337 -2.01644e-31
2 5 0.139747 -2.01644e-31
2 4 0.161949 -0
3 5 0.0426507 211.426
2 4 0.12976 -0
3 5 0.0406607 211.426
3 5 0.0565347 211.426
2 4 0.132988 -0
3 5 0.0438841 211.426
3 5 0.0590223 211.426
3 5 0.043055 211.426
2 4 0.131216 -0
3 5 0.0552469 211.426
2 4 0.126044 -0
3 5 0.0403033 211.426
3 5 0.0486851 211.426
3 5 0.0397187 211.426
3 5 0.0546113 211.426
2 4 0.117742 -0
3 5 0.0584904 211.426
3 5 0.0436524 211.426
2 4 0.130199 -0
3 5 0.043211 211.426
3 5 0.0578602 211.426
3 5 0.0596803 211.426
2 4 0.166749 -0
3 5 0.0460805 211.426
3 5 0.0417781 211.426
3 5 0.0505139 211.426
3 5 0.0502618 211.426
3 5 0.0672514 211.426
2 4 0.133293 -0
3 5 0.0416759 211.426
3 5 0.0432035 211.426
3 5 0.0580429 211.426
2 4 0.131824 -0
3 5 0.0537088 211.426
3 5 0.0437803 211.426
3 5 0.0484112 211.426
2 4 0.136732 -0
3 5 0.0442926 211.426
3 5 0.0476867 211.426
2 4 0.151285 -0
3 5 0.0393965 211.426
3 5 0.0519543 211.426
2 4 0.136298 -0
3 5 0.0423523 211.426
3 5 0.0470025 211.426
3 5 0.0441781 211.426
3 5 0.0577278 211.426
2 4 0.137266 -0
3 5 0.0433015 211.426
3 5 0.0547835 211.426
3 5 0.0423554 211.426
2 4 0.126924 -0
3 5 0.0438913 211.426
3 5 0.0410613 211.426
3 5 0.0672432 211.426
3 5 0.0466954 211.426
2 4 0.141349 -0
3 5 0.0421827 211.426
3 5 0.0719165 211.426
2 4 0.129677 -0
3 5 0.0424657 211.426
3 5 0.0428152 211.426
2 4 0.157609 -0
3 5 0.0439722 211.426
3 5 0.0438633 211.426
2 4 0.14287 -0
3 5 0.0577275 211.426
2 4 0.160523 -0
3 5 0.0435948 211.426
2 4 0.12652 -0
4 5 0.0417756 9.99755
4 5 0.039898 9.99755
2 4 0.135274 -0
2 4 0.160206 -0
4 5 0.0633903 9.99755
4 5 0.0380612 9.99755
2 4 0.129932 -0
4 5 0.0406947 9.99755
2 4 0.134537 -0
3 4 0.0604347 211.426
4 5 0.0425002 9.99755
3 4 0.0624345 211.426
3 4 0.0535695 211.426
4 5 0.0416391 9.99755
4 5 0.0411772 9.99755
3 4 0.0597669 211.426
3 4 0.0598821 211.426
4 5 0.0421376 9.99755
4 5 0.0632561 9.99755
4 5 0.0379337 9.99755
3 4 0.0602961 211.426
3 4 0.0621609 211.426
3 4 0.060706 211.426
4 5 0.0380084 9.99755
3 4 0.0516124 211.426
3 4 0.0605087 211.426
4 5 0.0391901 9.99755
4 5 0.0450755 9.99755
3 4 0.0610945 211.426
3 4 0.059397 211.426
4 5 0.0382859 9.99755
4 5 0.0399866 9.99755
3 4 0.0600574 211.426
3 4 0.0568941 211.426
4 5 0.0383996 9.99755
3 4 0.0628457 211.426
4 5 0.0632688 9.99755
3 4 0.057299 211.426
4 5 0.0376164 9.99755
4 5 0.0391721 9.99755
3 4 0.0599599 211.426
3 4 0.0495744 211.426
4 5 0.0415121 9.99755
4 5 0.0416115 9.99755
4 5 0.0679545 9.99755
4 5 0.0392554 9.99755
3 4 0.0655299 211.426
4 5 0.0681152 9.99755
4 5 0.0637936 9.99755
4 5 0.0634173 9.99755
4 5 0.045801 9.99755
4 5 0.0638558 9.99755
3 4 0.0599789 211.426
4 5 0.040832 9.99755
4 5 0.0409734 9.99755
4 5 0.0390079 9.99755
3 4 0.0600272 211.426
4 5 0.0395649 9.99755
4 5 0.064575 9.99755
3 4 0.0658556 211.426
4 5 0.037718 9.99755
4 5 0.0388197 9.99755
4 5 0.0640208 9.99755
4 5 0.038857 9.99755
3 4 0.057857 211.426
4 5 0.0382229 9.99755
4 5 0.0468161 9.99755
3 4 0.0638365 211.426
4 5 0.068868 9.99755
3 4 0.0608892 211.426
3 4 0.0650071 211.426
4 5 0.0390368 9.99755
3 4 0.0641329 211.426
4 5 0.0631331 9.99755
3 4 0.0543648 211.426
4 5 0.0685026 9.99755
3 4 0.0645615 211.426
3 4 0.0600545 211.426
4 5 0.0384274 9.99755
3 4 0.0637002 211.426
4 5 0.0438448 9.99755
3 4 0.0566414 211.426
4 5 0.0387471 9.99755
3 4 0.0563245 211.426
3 4 0.0549557 211.426
3 4 0.0593657 211.426
3 4 0.0658328 211.426
3 4 0.0583143 211.426
3 4 0.056695 211.426
5 5 11.0394 25.0222
3 4 0.0580607 211.426
3 4 0.0644889 211.426
5 5 11.1916 25.0222
4 5 0.0391893 9.99755
4 5 0.0377892 9.99755
4 5 0.0399484 9.99755
5 5 11.1174 25.0222
3 4 0.0528849 211.426
3 4 0.0593009 211.426
3 4 0.0641077 211.426
5 5 11.04 25.0222
3 4 0.0592017 211.426
3 4 0.0617647 211.426
3 4 0.0548603 211.426
5 5 11.2855 25.0222
5 5 11.1955 25.0222
5 5 11.1814 25.0222
5 5 11.2459 25.0222
5 5 11.2173 25.0222
5 5 11.1118 25.0222
5 5 11.177 25.0222
5 5 11.2072 25.0222
5 5 11.1841 25.0222
5 5 11.1518 25.0222
3 4 0.0606463 211.426
3 4 0.064184 211.426
5 5 11.166 25.0222
5 5 11.171 25.0222
3 4 0.0615699 211.426
5 5 11.2069 25.0222
5 5 11.316 25.0222
5 5 11.1995 25.0222
3 4 0.0615385 211.426
5 5 11.2484 25.0222
4 4 0.0559219 9.99778
4 4 0.0485785 9.99778
4 4 0.0562872 9.99778
5 5 11.2145 25.0222
4 4 0.0556086 9.99778
4 4 0.0500589 9.99778
4 4 0.0576109 9.99778
4 4 0.0465254 9.99778
4 4 0.0481101 9.99778
5 5 11.208 25.0222
4 4 0.0537766 9.99778
4 4 0.0526459 9.99778
5 5 11.1957 25.0222
4 4 0.057307 9.99778
5 5 11.1166 25.0222
4 4 0.0599362 9.99778
4 4 0.0582409 9.99778
4 4 0.0531904 9.99778
5 5 11.1953 25.0222
5 5 11.2068 25.0222
4 4 0.0552598 9.99778
4 4 0.0548098 9.99778
5 5 11.1579 25.0222
5 5 11.1919 25.0222
4 4 0.0539148 9.99778
4 4 0.0527169 9.99778
4 4 0.0545962 9.99778
5 5 11.2034 25.0222
4 4 0.0501217 9.99778
4 4 0.0567478 9.99778
4 4 0.0488902 9.99778
4 4 0.0636163 9.99778
5 5 11.2199 25.0222
5 5 11.2114 25.0222
4 4 0.0560999 9.99778
4 4 0.055389 9.99778
5 5 11.1922 25.0222
5 5 11.1934 25.0222
0 7 0.0214987 2.02223
0 7 0.021553 2.02223
4 4 0.0484335 9.99778
4 4 0.0545864 9.99778
4 4 0.057702 9.99778
0 7 0.0212029 2.02223
4 4 0.0539702 9.99778
4 4 0.0544521 9.99778
4 4 0.056608 9.99778
5 5 11.0471 25.0222
0 7 0.0215046 2.02223
5 5 11.1854 25.0222
5 5 11.1687 25.0222
4 4 0.0557102 9.99778
5 5 11.1916 25.0222
4 4 0.0484557 9.99778
5 5 11.2144 25.0222
5 5 11.2266 25.0222
5 5 11.1999 25.0222
5 5 11.5215 25.0222
4 4 0.050518 9.99778
4 4 0.0577343 9.99778
5 5 11.2129 25.0222
0 7 0.0195791 2.02223
0 7 0.0204471 2.02223
4 4 0.0589157 9.99778
5 5 11.2176 25.0222
4 4 0.0606738 9.99778
4 4 0.0490228 9.99778
0 7 0.0248586 2.02223
0 7 0.0216088 2.02223
5 5 11.2006 25.0222
4 4 0.0554708 9.99778
4 4 0.0518436 9.99778
0 7 0.0208589 2.02223
4 4 0.052229 9.99778
5 5 11.2017 25.0222
4 4 0.051973 9.99778
0 7 0.0206267 2.02223
5 5 11.1911 25.0222
5 5 11.3868 25.0222
4 4 0.0491726 9.99778
0 7 0.0223694 2.02223
4 4 0.0513672 9.99778
0 7 0.0207831 2.02223
5 5 11.2061 25.0222
5 5 11.2447 25.0222
5 5 11.1586 25.0222
0 7 0.0200286 2.02223
4 4 0.0564552 9.99778
0 7 0.0303042 2.02223
4 4 0.0544199 9.99778
4 4 0.0511558 9.99778
0 7 0.030213 2.02223
0 7 0.0217805 2.02223
0 7 0.0222502 2.02223
0 7 0.0214294 2.02223
0 7 0.021296 2.02223
0 7 0.0187083 2.02223
0 7 0.0249119 2.02223
4 4 0.0573403 9.99778
0 7 0.0204111 2.02223
0 7 0.0228506 2.02223
4 4 0.0522949 9.99778
0 7 0.0183365 2.02223
4 4 0.0510949 9.99778
0 7 0.0197465 2.02223
0 7 0.0197661 2.02223
0 7 0.0238418 2.02223
0 7 0.019682 2.02223
0 7 0.0212634 2.02223
0 7 0.0206888 2.02223
0 7 0.02081 2.02223
0 7 0.0184008 2.02223
0 7 0.0214636 2.02223
5 4 14.0314 25.0222
5 4 14.2406 25.0222
0 7 0.031389 2.02223
5 4 14.0438 25.0222
5 4 14.1223 25.0222
0 7 0.0195331 2.02223
5 4 14.0793 25.0222
0 7 0.0295764 2.02223
0 7 0.0234255 2.02223
5 4 14.0974 25.0222
0 7 0.029952 2.02223
0 7 0.0213943 2.02223
0 7 0.0214382 2.02223
0 7 0.0228769 2.02223
0 7 0.0213693 2.02223
0 7 0.01956 2.02223
0 7 0.0224209 2.02223
0 7 0.0212294 2.02223
0 7 0.0198565 2.02223
0 7 0.0306058 2.02223
5 4 14.0646 25.0222
0 7 0.0196843 2.02223
0 7 0.0199881 2.02223
0 7 0.0199847 2.02223
5 4 14.0147 25.0222
0 7 0.020762 2.02223
0 7 0.029383 2.02223
0 7 0.0254517 2.02223
0 7 0.0313908 2.02223
0 7 0.0229704 2.02223
5 4 14.0081 25.0222
0 7 0.0194535 2.02223
5 4 14.1591 25.0222
0 7 0.0217048 2.02223
0 7 0.0299698 2.02223
5 4 13.9748 25.0222
5 4 14.0641 25.0222
0 7 0.0315768 2.02223
5 4 14.0615 25.0222
0 7 0.0234943 2.02223
5 4 14.0177 25.0222
0 7 0.0206744 2.02223
5 4 14.0304 25.0222
0 7 0.0180908 2.02223
5 4 14.0435 25.0222
0 7 0.0312986 2.02223
5 4 14.1023 25.0222
0 7 0.0197681 2.02223
5 4 14.0165 25.0222
0 7 0.0315124 2.02223
0 7 0.0204723 2.02223
5 4 13.9496 25.0222
0 7 0.0201837 2.02223
0 7 0.0210582 2.02223
5 4 14.0617 25.0222
0 7 0.0238625 2.02223
0 7 0.0200567 2.02223
0 7 0.0224504 2.02223
0 7 0.0234553 2.02223
5 4 14.0709 25.0222
0 7 0.0200858 2.02223
0 7 0.0200317 2.02223
0 7 0.0237627 2.02223
0 7 0.0202067 2.02223
0 7 0.0241611 2.02223
0 7 0.0214559 2.02223
5 4 14.1413 25.0222
5 4 13.9367 25.0222
0 7 0.0225837 2.02223
0 7 0.0312955 2.02223
0 7 0.0233893 2.02223
5 4 14.2333 25.0222
0 7 0.0213182 2.02223
0 7 0.0217511 2.02223
5 4 13.973 25.0222
0 7 0.0234213 2.02223
5 4 14.0257 25.0222
0 7 0.0208828 2.02223
5 4 14.3124 25.0222
0 7 0.0311585 2.02223
5 4 13.7419 25.0222
5 4 13.7041 25.0222
0 7 0.03142 2.02223
5 4 14.0342 25.0222
5 4 14.1381 25.0222
5 4 14.1334 25.0222
5 4 14.1387 25.0222
5 4 14.2784 25.0222
0 7 0.0180483 2.02223
0 7 0.029871 2.02223
5 4 14.0669 25.0222
5 4 13.9407 25.0222
0 7 0.0200622 2.02223
0 7 0.0203015 2.02223
0 7 0.0213267 2.02223
0 7 0.0227282 2.02223
5 4 14.1559 25.0222
0 7 0.0294157 2.02223
5 4 14.0987 25.0222
0 7 0.0215985 2.02223
0 7 0.0231774 2.02223
5 4 14.2493 25.0222
5 4 14.0026 25.0222
5 4 14.2291 25.0222
0 7 0.02225 2.02223
0 7 0.0231559 2.02223
5 4 14.0044 25.0222
0 7 0.0193218 2.02223
5 4 14.085 25.0222
5 4 13.9826 25.0222
5 4 13.978 25.0222
0 7 0.0225762 2.02223
1 7 0.0382716 16.6528
5 4 14.0663 25.0222
5 4 13.8953 25.0222
5 4 14.0014 25.0222
1 7 0.0335621 16.6528
5 4 14.116 25.0222
1 7 0.0383412 16.6528
1 7 0.0360609 16.6528
5 4 14.1038 25.0222
1 7 0.0606521 16.6528
1 7 0.0484902 16.6528
1 7 0.0477351 16.6528
1 7 0.0568755 16.6528
1 7 0.0375524 16.6528
1 7 0.0367811 16.6528
1 7 0.0618739 16.6528
1 7 0.0585623 16.6528
1 7 0.0571687 16.6528
1 7 0.0641371 16.6528
1 7 0.0549112 16.6528
1 7 0.0487079 16.6528
1 7 0.0554434 16.6528
1 7 0.0576081 16.6528
1 7 0.0391781 16.6528
1 7 0.0556797 16.6528
1 7 0.0553919 16.6528
1 7 0.0631429 16.6528
1 7 0.0419777 16.6528
1 7 0.0637442 16.6528
1 7 0.0344776 16.6528
1 7 0.0409567 16.6528
1 7 0.0372941 16.6528
1 7 0.0514465 16.6528
1 7 0.063011 16.6528
1 7 0.0584319 16.6528
1 7 0.0622941 16.6528
1 7 0.0580997 16.6528
1 7 0.0695298 16.6528
1 7 0.058559 16.6528
1 7 0.0500057 16.6528
1 7 0.044081 16.6528
1 7 0.0580889 16.6528
1 7 0.0457781 16.6528
1 7 0.0363964 16.6528
1 7 0.0537927 16.6528
1 7 0.0411439 16.6528
1 7 0.0731363 16.6528
1 7 0.0693257 16.6528
1 7 0.0580378 16.6528
1 7 0.0503942 16.6528
2 7 0.0964575 -4.09307e-18
1 7 0.0355954 16.6528
2 7 0.116511 -4.09307e-18
2 7 0.109378 -4.09307e-18
2 7 0.104033 -4.09307e-18
2 7 0.0994261 -4.09307e-18
2 7 0.0931215 -4.09307e-18
1 7 0.0430583 16.6528
1 7 0.0585 16.6528
2 7 0.118814 -4.09307e-18
1 7 0.0459331 16.6528
2 7 0.111606 -4.09307e-18
2 7 0.100788 -4.09307e-18
2 7 0.0951899 -4.09307e-18
1 7 0.0361728 16.6528
2 7 0.117636 -4.09307e-18
2 7 0.0935823 -4.09307e-18
2 7 0.0971747 -4.09307e-18
2 7 0.103541 -4.09307e-18
2 7 0.114807 -4.09307e-18
2 7 0.103901 -4.09307e-18
2 7 0.0917887 -4.09307e-18
2 7 0.106535 -4.09307e-18
2 7 0.0994442 -4.09307e-18
2 7 0.116252 -4.09307e-18
2 7 0.10429 -4.09307e-18
2 7 0.0962292 -4.09307e-18
2 7 0.097318 -4.09307e-18
2 7 0.0965125 -4.09307e-18
2 7 0.107075 -4.09307e-18
2 7 0.111826 -4.09307e-18
2 7 0.09227 -4.09307e-18
2 7 0.103097 -4.09307e-18
2 7 0.115712 -4.09307e-18
2 7 0.132636 -4.09307e-18
2 7 0.0925861 -4.09307e-18
2 7 0.134615 -4.09307e-18
2 7 0.104369 -4.09307e-18
2 7 0.0932996 -4.09307e-18
2 7 0.140842 -4.09307e-18
2 7 0.121787 -4.09307e-18
2 7 0.142123 -4.09307e-18
2 7 0.140283 -4.09307e-18
2 7 0.130468 -4.09307e-18
2 7 0.116635 -4.09307e-18
2 7 0.0896385 -4.09307e-18
2 7 0.161767 -4.09307e-18
2 7 0.0999467 -4.09307e-18
2 7 0.102648 -4.09307e-18
2 7 0.119055 -4.09307e-18
2 7 0.141235 -4.09307e-18
2 7 0.130861 -4.09307e-18
2 7 0.104078 -4.09307e-18
2 7 0.094868 -4.09307e-18
3 7 0.0334238 211.426
3 7 0.0335011 211.426
3 7 0.0279727 211.426
3 7 0.0480887 211.426
3 7 0.0534447 211.426
3 7 0.0324524 211.426
3 7 0.0375928 211.426
3 7 0.0504745 211.426
3 7 0.0400461 211.426
3 7 0.0380805 211.426
3 7 0.0330573 211.426
3 7 0.0337749 211.426
3 7 0.047873 211.426
3 7 0.0359278 211.426
3 7 0.0468777 211.426
3 7 0.0350617 211.426
3 7 0.0304768 211.426
3 7 0.0501843 211.426
3 7 0.0500023 211.426
3 7 0.0461443 211.426
3 7 0.0382163 211.426
3 7 0.0533219 211.426
3 7 0.0509726 211.426
3 7 0.0486371 211.426
3 7 0.0312751 211.426
3 7 0.04487 211.426
3 7 0.0381558 211.426
3 7 0.0373901 211.426
3 7 0.0511692 211.426
3 7 0.0501081 211.426
3 7 0.0495372 211.426
3 7 0.0491184 211.426
3 7 0.038502 211.426
3 7 0.050203 211.426
3 7 0.0487657 211.426
3 7 0.0493035 211.426
3 7 0.0318205 211.426
3 7 0.0346894 211.426
3 7 0.0496547 211.426
3 7 0.030403 211.426
3 7 0.0453911 211.426
3 7 0.0496585 211.426
3 7 0.033771 211.426
3 7 0.0421955 211.426
3 7 0.0494388 211.426
3 7 0.0407508 211.426
3 7 0.0496958 211.426
4 7 0.0327385 9.9869
3 7 0.036934 211.426
4 7 0.0315562 9.9869
4 7 0.0291762 9.9869
3 7 0.0499075 211.426
4 7 0.0265332 9.9869
4 7 0.0271605 9.9869
4 7 0.0313356 9.9869
4 7 0.0305145 9.9869
4 7 0.0276539 9.9869
4 7 0.0257186 9.9869
4 7 0.0293862 9.9869
4 7 0.0414511 9.9869
4 7 0.0271185 9.9869
4 7 0.0327947 9.9869
4 7 0.0432803 9.9869
4 7 0.029603 9.9869
4 7 0.0260901 9.9869
4 7 0.032846 9.9869
4 7 0.0401396 9.9869
4 7 0.0269911 9.9869
4 7 0.0436041 9.9869
4 7 0.0306775 9.9869
4 7 0.0314569 9.9869
4 7 0.0434063 9.9869
4 7 0.033849 9.9869
4 7 0.0269473 9.9869
4 7 0.0315055 9.9869
4 7 0.0414786 9.9869
4 7 0.0282174 9.9869
4 7 0.0294982 9.9869
4 7 0.0438866 9.9869
4 7 0.0331591 9.9869
4 7 0.0296247 9.9869
4 7 0.030941 9.9869
4 7 0.0398043 9.9869
4 7 0.0399331 9.9869
4 7 0.030332 9.9869
4 7 0.031187 9.9869
4 7 0.0304632 9.9869
4 7 0.0319393 9.9869
4 7 0.0316368 9.9869
4 7 0.042998 9.9869
4 7 0.0313276 9.9869
4 7 0.0301945 9.9869
4 7 0.0312046 9.9869
4 7 0.0435631 9.9869
4 7 0.0296038 9.9869
4 7 0.0299868 9.9869
5 7 8.10794 25.0222
4 7 0.0409898 9.9869
5 7 7.81848 25.0222
4 7 0.0437817 9.9869
4 7 0.0309865 9.9869
5 7 7.86861 25.0222
5 7 7.93966 25.0222
5 7 7.87971 25.0222
5 7 7.86939 25.0222
5 7 7.9041 25.0222
5 7 7.85889 25.0222
5 7 7.84875 25.0222
5 7 7.85373 25.0222
5 7 7.86691 25.0222
5 7 7.824 25.0222
5 7 7.79377 25.0222
5 7 7.86022 25.0222
5 7 7.85523 25.0222
5 7 7.82255 25.0222
5 7 7.83281 25.0222
5 7 7.84134 25.0222
5 7 7.8625 25.0222
5 7 7.8342 25.0222
5 7 7.83631 25.0222
5 7 7.84043 25.0222
5 7 7.83452 25.0222
5 7 7.84811 25.0222
5 7 7.84169 25.0222
5 7 7.79889 25.0222
5 7 7.88823 25.0222
5 7 7.88271 25.0222
5 7 7.82618 25.0222
5 7 7.89556 25.0222
5 7 7.84877 25.0222
5 7 7.72433 25.0222
5 7 7.86396 25.0222
5 7 7.92591 25.0222
5 7 7.84496 25.0222
5 7 7.84407 25.0222
5 7 7.83357 25.0222
5 7 7.89715 25.0222
5 7 7.83929 25.0222
5 7 7.83564 25.0222
0 8 0.029705 2.04198
5 7 8.27556 25.0222
0 8 0.0303714 2.04198
5 7 7.83655 25.0222
0 8 0.0222428 2.04198
0 8 0.028977 2.04198
5 7 7.88769 25.0222
0 8 0.0203534 2.04198
5 7 7.84995 25.0222
5 7 7.84186 25.0222
5 7 7.8397 25.0222
5 7 7.8476 25.0222
5 7 7.85166 25.0222
5 7 7.82764 25.0222
5 7 7.93135 25.0222
0 8 0.02697 2.04198
0 8 0.029859 2.04198
0 8 0.0277591 2.04198
0 8 0.0281756 2.04198
0 8 0.0245174 2.04198
0 8 0.0319205 2.04198
0 8 0.0268349 2.04198
0 8 0.0400782 2.04198
0 8 0.0308907 2.04198
0 8 0.0282773 2.04198
0 8 0.0219119 2.04198
0 8 0.0210493 2.04198
0 8 0.0238191 2.04198
0 8 0.0240843 2.04198
0 8 0.0304595 2.04198
0 8 0.0242524 2.04198
0 8 0.0351584 2.04198
0 8 0.0212917 2.04198
0 8 0.0194766 2.04198
0 8 0.0310039 2.04198
0 8 0.0281131 2.04198
0 8 0.0292991 2.04198
0 8 0.0264452 2.04198
0 8 0.0220892 2.04198
0 8 0.0197563 2.04198
0 8 0.0280121 2.04198
0 8 0.0280756 2.04198
0 8 0.0196378 2.04198
0 8 0.0276171 2.04198
0 8 0.0264921 2.04198
0 8 0.0223784 2.04198
0 8 0.0309965 2.04198
0 8 0.0240652 2.04198
0 8 0.0251905 2.04198
0 8 0.028408 2.04198
0 8 0.0306413 2.04198
0 8 0.0279619 2.04198
0 8 0.0253325 2.04198
0 8 0.0373232 2.04198
0 8 0.0227779 2.04198
0 8 0.0198597 2.04198
0 8 0.0214093 2.04198
0 8 0.0219696 2.04198
0 8 0.0349319 2.04198
0 8 0.0211392 2.04198
0 8 0.0267509 2.04198
0 8 0.0214925 2.04198
0 8 0.0201208 2.04198
0 8 0.0198145 2.04198
0 8 0.021117 2.04198
0 8 0.0340029 2.04198
0 8 0.0256425 2.04198
0 8 0.0199679 2.04198
0 8 0.0222834 2.04198
0 8 0.0304462 2.04198
0 8 0.0282258 2.04198
0 8 0.0286833 2.04198
0 8 0.0271612 2.04198
0 8 0.0235351 2.04198
0 8 0.0251833 2.04198
0 8 0.022 2.04198
0 8 0.0342596 2.04198
0 8 0.0261366 2.04198
0 8 0.0320803 2.04198
0 8 0.0267881 2.04198
0 8 0.0305651 2.04198
0 8 0.0316671 2.04198
0 8 0.0235167 2.04198
0 8 0.027107 2.04198
0 8 0.0300976 2.04198
0 8 0.0281827 2.04198
0 8 0.0294393 2.04198
0 8 0.0267804 2.04198
0 8 0.0270093 2.04198
0 8 0.0283534 2.04198
0 8 0.029938 2.04198
0 8 0.0259563 2.04198
0 8 0.0230121 2.04198
0 8 0.0290821 2.04198
0 8 0.0227372 2.04198
0 8 0.0319876 2.04198
0 8 0.0230611 2.04198
0 8 0.0279447 2.04198
0 8 0.0340269 2.04198
0 8 0.0324307 2.04198
0 8 0.0308315 2.04198
0 8 0.020759 2.04198
0 8 0.0306949 2.04198
0 8 0.0317175 2.04198
0 8 0.0211023 2.04198
0 8 0.029968 2.04198
0 8 0.0193704 2.04198
0 8 0.0302679 2.04198
1 8 0.0364522 16.6528
1 8 0.0329804 16.6528
1 8 0.0323317 16.6528
1 8 0.0340445 16.6528
1 8 0.0336584 16.6528
0 8 0.0318408 2.04198
1 8 0.0356017 16.6528
0 8 0.0280681 2.04198
1 8 0.0358957 16.6528
1 8 0.0362446 16.6528
1 8 0.0326215 16.6528
1 8 0.0362908 16.6528
1 8 0.0358948 16.6528
1 8 0.0351572 16.6528
1 8 0.0583252 16.6528
1 8 0.0355567 16.6528
1 8 0.0381683 16.6528
1 8 0.0325641 16.6528
1 8 0.0351039 16.6528
1 8 0.0367013 16.6528
1 8 0.0580269 16.6528
1 8 0.0316731 16.6528
1 8 0.058598 16.6528
1 8 0.0359887 16.6528
1 8 0.0334267 16.6528
1 8 0.0328308 16.6528
1 8 0.0410395 16.6528
1 8 0.0336176 16.6528
1 8 0.0352077 16.6528
1 8 0.0531698 16.6528
1 8 0.0536244 16.6528
1 8 0.0334016 16.6528
1 8 0.0362778 16.6528
1 8 0.0331502 16.6528
1 8 0.0316744 16.6528
1 8 0.0351266 16.6528
1 8 0.0535611 16.6528
1 8 0.0534279 16.6528
1 8 0.0530246 16.6528
1 8 0.0336768 16.6528
1 8 0.0535478 16.6528
1 8 0.0324951 16.6528
1 8 0.0514619 16.6528
1 8 0.0586333 16.6528
1 8 0.0351568 16.6528
1 8 0.0314293 16.6528
1 8 0.0331359 16.6528
1 8 0.0350982 16.6528
1 8 0.0392418 16.6528
2 8 0.0635735 -7.73086e-18
2 8 0.0618337 -7.73086e-18
1 8 0.0372519 16.6528
2 8 0.05992 -7.73086e-18
1 8 0.0364557 16.6528
2 8 0.0739777 -7.73086e-18
2 8 0.0601774 -7.73086e-18
2 8 0.0633976 -7.73086e-18
2 8 0.0616862 -7.73086e-18
1 8 0.0330692 16.6528
2 8 0.0696927 -7.73086e-18
2 8 0.0582552 -7.73086e-18
2 8 0.0609087 -7.73086e-18
2 8 0.0753322 -7.73086e-18
2 8 0.075597 -7.73086e-18
2 8 0.0583914 -7.73086e-18
2 8 0.0701326 -7.73086e-18
2 8 0.0832695 -7.73086e-18
2 8 0.0620415 -7.73086e-18
2 8 0.0671977 -7.73086e-18
2 8 0.0644554 -7.73086e-18
2 8 0.0767831 -7.73086e-18
2 8 0.0648636 -7.73086e-18
2 8 0.060305 -7.73086e-18
2 8 0.0856392 -7.73086e-18
2 8 0.0922233 -7.73086e-18
2 8 0.0849177 -7.73086e-18
2 8 0.0788307 -7.73086e-18
2 8 0.0694633 -7.73086e-18
2 8 0.0841828 -7.73086e-18
2 8 0.05701 -7.73086e-18
2 8 0.0625117 -7.73086e-18
2 8 0.0859327 -7.73086e-18
2 8 0.0838473 -7.73086e-18
2 8 0.059891 -7.73086e-18
2 8 0.0592399 -7.73086e-18
2 8 0.0898909 -7.73086e-18
2 8 0.0680612 -7.73086e-18
2 8 0.092291 -7.73086e-18
2 8 0.0862865 -7.73086e-18
2 8 0.0845878 -7.73086e-18
2 8 0.0707236 -7.73086e-18
2 8 0.0866998 -7.73086e-18
2 8 0.0877003 -7.73086e-18
2 8 0.0836147 -7.73086e-18
2 8 0.0886978 -7.73086e-18
2 8 0.0648332 -7.73086e-18
2 8 0.0767397 -7.73086e-18
2 8 0.0891877 -7.73086e-18
2 8 0.0850194 -7.73086e-18
2 8 0.0891981 -7.73086e-18
3 8 0.0321896 211.406
3 8 0.0304861 211.406
3 8 0.0298538 211.406
2 8 0.0755064 -7.73086e-18
2 8 0.083562 -7.73086e-18
3 8 0.0306331 211.406
3 8 0.0331315 211.406
3 8 0.0329044 211.406
3 8 0.0296287 211.406
3 8 0.0303541 211.406
3 8 0.0459346 211.406
3 8 0.0292184 211.406
3 8 0.0350178 211.406
3 8 0.0309105 211.406
3 8 0.0301813 211.406
3 8 0.0286976 211.406
3 8 0.0421832 211.406
3 8 0.0287095 211.406
3 8 0.0330251 211.406
3 8 0.0279667 211.406
3 8 0.0289883 211.406
3 8 0.0322237 211.406
3 8 0.0289301 211.406
3 8 0.0328456 211.406
3 8 0.0304631 211.406
3 8 0.0334081 211.406
3 8 0.0288079 211.406
3 8 0.0276114 211.406
3 8 0.027561 211.406
3 8 0.0296979 211.406
3 8 0.0432568 211.406
3 8 0.0286061 211.406
3 8 0.0464762 211.406
3 8 0.0281836 211.406
3 8 0.0459367 211.406
3 8 0.0296729 211.406
3 8 0.0299845 211.406
3 8 0.0329587 211.406
3 8 0.0294195 211.406
3 8 0.0325301 211.406
3 8 0.0310557 211.406
3 8 0.0299196 211.406
3 8 0.0305692 211.406
3 8 0.0280646 211.406
3 8 0.0288147 211.406
3 8 0.0316505 211.406
3 8 0.029891 211.406
3 8 0.0301198 211.406
3 8 0.027286 211.406
3 8 0.0288917 211.406
4 8 0.0281352 9.98285
4 8 0.026303 9.98285
3 8 0.0287612 211.406
4 8 0.0273723 9.98285
4 8 0.0257681 9.98285
4 8 0.0239857 9.98285
4 8 0.0277783 9.98285
4 8 0.0232766 9.98285
4 8 0.0275579 9.98285
4 8 0.0253556 9.98285
4 8 0.0226353 9.98285
4 8 0.0286376 9.98285
4 8 0.0264083 9.98285
4 8 0.0198221 9.98285
4 8 0.0262517 9.98285
4 8 0.0378769 9.98285
4 8 0.0364421 9.98285
4 8 0.0269839 9.98285
4 8 0.0259561 9.98285
4 8 0.0384171 9.98285
4 8 0.026623 9.98285
4 8 0.0260879 9.98285
4 8 0.0378871 9.98285
4 8 0.0419266 9.98285
4 8 0.0366539 9.98285
4 8 0.0382745 9.98285
4 8 0.0269889 9.98285
4 8 0.0244342 9.98285
4 8 0.037461 9.98285
4 8 0.0379148 9.98285
4 8 0.038221 9.98285
4 8 0.0274135 9.98285
4 8 0.035718 9.98285
4 8 0.0356223 9.98285
4 8 0.0359743 9.98285
4 8 0.0363217 9.98285
4 8 0.0356577 9.98285
4 8 0.0232352 9.98285
4 8 0.0354493 9.98285
4 8 0.0380526 9.98285
4 8 0.02789 9.98285
4 8 0.0274852 9.98285
4 8 0.0405871 9.98285
4 8 0.0365717 9.98285
4 8 0.0380529 9.98285
4 8 0.0305977 9.98285
4 8 0.0236032 9.98285
4 8 0.0260436 9.98285
4 8 0.0242393 9.98285
4 8 0.0270142 9.98285
4 8 0.023574 9.98285
5 8 6.72225 25.0221
5 8 6.71712 25.0221
5 8 6.73236 25.0221
5 8 6.76326 25.0221
5 8 6.72654 25.0221
5 8 6.69471 25.0221
5 8 6.73313 25.0221
5 8 6.70106 25.0221
5 8 6.68034 25.0221
5 8 6.73472 25.0221
5 8 6.728 25.0221
5 8 6.75571 25.0221
5 8 6.71493 25.0221
5 8 6.69472 25.0221
5 8 6.62617 25.0221
5 8 6.64167 25.0221
5 8 6.72608 25.0221
5 8 6.71219 25.0221
5 8 6.73856 25.0221
5 8 6.69336 25.0221
5 8 6.67151 25.0221
5 8 6.73318 25.0221
5 8 6.76358 25.0221
5 8 6.73857 25.0221
5 8 6.73574 25.0221
5 8 6.72027 25.0221
5 8 6.72544 25.0221
5 8 6.73144 25.0221
5 8 6.72211 25.0221
5 8 6.84687 25.0221
5 8 6.71438 25.0221
5 8 6.72218 25.0221
5 8 6.72417 25.0221
5 8 6.64694 25.0221
5 8 6.72469 25.0221
5 8 6.7044 25.0221
5 8 6.71939 25.0221
5 8 6.73204 25.0221
5 8 7.24032 25.0221
5 8 6.68525 25.0221
0 9 0.03156 2.04198
5 8 6.69911 25.0221
5 8 6.72801 25.0221
5 8 6.7199 25.0221
0 9 0.0218217 2.04198
5 8 6.713 25.0221
5 8 6.82476 25.0221
5 8 6.71552 25.0221
0 9 0.0262679 2.04198
5 8 6.7232 25.0221
5 8 6.71482 25.0221
0 9 0.0271692 2.04198
5 8 6.71647 25.0221
5 8 6.69728 25.0221
0 9 0.0233503 2.04198
0 9 0.0349155 2.04198
0 9 0.023316 2.04198
0 9 0.0313443 2.04198
0 9 0.0239279 2.04198
0 9 0.0316627 2.04198
0 9 0.0211973 2.04198
0 9 0.0207301 2.04198
0 9 0.0233234 2.04198
0 9 0.0274903 2.04198
0 9 0.0287636 2.04198
0 9 0.0306429 2.04198
0 9 0.0278073 2.04198
0 9 0.0189256 2.04198
0 9 0.0166211 2.04198
0 9 0.021118 2.04198
0 9 0.0262166 2.04198
0 9 0.0243376 2.04198
0 9 0.0238681 2.04198
0 9 0.0272565 2.04198
0 9 0.0209682 2.04198
0 9 0.0302356 2.04198
0 9 0.031244 2.04198
0 9 0.0232676 2.04198
0 9 0.0346853 2.04198
0 9 0.0341263 2.04198
0 9 0.0270275 2.04198
0 9 0.0217339 2.04198
0 9 0.0328593 2.04198
0 9 0.0268323 2.04198
0 9 0.0278712 2.04198
0 9 0.0308052 2.04198
0 9 0.0286361 2.04198
0 9 0.019464 2.04198
0 9 0.0293048 2.04198
0 9 0.0265376 2.04198
0 9 0.0236457 2.04198
0 9 0.0235082 2.04198
0 9 0.0208352 2.04198
0 9 0.0303041 2.04198
0 9 0.0242607 2.04198
0 9 0.0233313 2.04198
0 9 0.0289998 2.04198
0 9 0.026063 2.04198
0 9 0.0262805 2.04198
0 9 0.0223788 2.04198
0 9 0.0232636 2.04198
0 9 0.0237984 2.04198
0 9 0.0278742 2.04198
0 9 0.02118 2.04198
0 9 0.0199746 2.04198
0 9 0.0257859 2.04198
0 9 0.0312728 2.04198
0 9 0.0220342 2.04198
0 9 0.0312177 2.04198
0 9 0.0311745 2.04198
0 9 0.024804 2.04198
0 9 0.028453 2.04198
0 9 0.0231528 2.04198
0 9 0.0270214 2.04198
0 9 0.0243308 2.04198
0 9 0.0227692 2.04198
0 9 0.0311888 2.04198
0 9 0.02786 2.04198
0 9 0.0320224 2.04198
0 9 0.022898 2.04198
0 9 0.0217952 2.04198
0 9 0.0234562 2.04198
0 9 0.0317707 2.04198
0 9 0.0237997 2.04198
0 9 0.0296565 2.04198
0 9 0.0228913 2.04198
0 9 0.0304991 2.04198
0 9 0.0217112 2.04198
0 9 0.0235478 2.04198
0 9 0.0237666 2.04198
0 9 0.0209613 2.04198
0 9 0.0229419 2.04198
0 9 0.0301348 2.04198
0 9 0.0237613 2.04198
0 9 0.0221689 2.04198
0 9 0.0229302 2.04198
0 9 0.0228996 2.04198
0 9 0.0309606 2.04198
0 9 0.0291536 2.04198
0 9 0.0243532 2.04198
0 9 0.0316399 2.04198
0 9 0.0226122 2.04198
0 9 0.0214818 2.04198
0 9 0.0307772 2.04198
0 9 0.020837 2.04198
0 9 0.0300083 2.04198
0 9 0.0282984 2.04198
0 9 0.0239083 2.04198
0 9 0.0290705 2.04198
0 9 0.0296704 2.04198
1 9 0.0300086 16.6528
1 9 0.0350641 16.6528
1 9 0.033589 16.6528
1 9 0.0368629 16.6528
1 9 0.0365996 16.6528
1 9 0.0288806 16.6528
1 9 0.0328184 16.6528
1 9 0.0301751 16.6528
1 9 0.0332052 16.6528
1 9 0.0295635 16.6528
1 9 0.0327532 16.6528
1 9 0.047007 16.6528
1 9 0.0348237 16.6528
1 9 0.0325328 16.6528
1 9 0.0354423 16.6528
1 9 0.033128 16.6528
1 9 0.0323373 16.6528
1 9 0.030847 16.6528
1 9 0.0334779 16.6528
1 9 0.0363353 16.6528
1 9 0.0311001 16.6528
1 9 0.0337183 16.6528
1 9 0.0333552 16.6528
1 9 0.0373436 16.6528
1 9 0.0304519 16.6528
1 9 0.0437167 16.6528
1 9 0.0313558 16.6528
1 9 0.0279186 16.6528
1 9 0.0316373 16.6528
1 9 0.0320694 16.6528
1 9 0.0370509 16.6528
1 9 0.0395179 16.6528
1 9 0.0345292 16.6528
1 9 0.0349552 16.6528
1 9 0.035933 16.6528
1 9 0.0345891 16.6528
1 9 0.036956 16.6528
1 9 0.0295258 16.6528
1 9 0.0312592 16.6528
1 9 0.0291393 16.6528
1 9 0.0342394 16.6528
1 9 0.0346026 16.6528
1 9 0.0400394 16.6528
1 9 0.0329804 16.6528
1 9 0.0368811 16.6528
1 9 0.0288227 16.6528
1 9 0.0293228 16.6528
1 9 0.0371708 16.6528
1 9 0.0309277 16.6528
1 9 0.0325163 16.6528
2 9 0.0248093 -0
2 9 0.0422722 -0
2 9 0.0346011 -0
2 9 0.0433211 -0
2 9 0.0255596 -0
2 9 0.0315815 -0
2 9 0.0264352 -0
2 9 0.0413685 -0
2 9 0.0247524 -0
2 9 0.0252187 -0
2 9 0.0297642 -0
2 9 0.0423338 -0
2 9 0.0249785 -0
2 9 0.0425068 -0
2 9 0.0327385 -0
2 9 0.0238009 -0
2 9 0.0251728 -0
2 9 0.0426422 -0
2 9 0.0359372 -0
2 9 0.0434121 -0
2 9 0.039563 -0
2 9 0.0259944 -0
2 9 0.0280289 -0
2 9 0.0304107 -0
2 9 0.0323963 -0
2 9 0.0307373 -0
2 9 0.0349374 -0
2 9 0.0374464 -0
2 9 0.0300092 -0
2 9 0.0344865 -0
2 9 0.032936 -0
2 9 0.0448644 -0
2 9 0.0319865 -0
2 9 0.0259638 -0
2 9 0.025504 -0
2 9 0.0252125 -0
2 9 0.0415397 -0
2 9 0.0298887 -0
2 9 0.0324511 -0
2 9 0.0330932 -0
2 9 0.039938 -0
2 9 0.0437256 -0
2 9 0.0448655 -0
2 9 0.0342873 -0
2 9 0.0490512 -0
2 9 0.044791 -0
2 9 0.046407 -0
2 9 0.0443628 -0
2 9 0.0300744 -0
2 9 0.0269259 -0
3 9 0.0345493 211.426
3 9 0.0257735 211.426
3 9 0.026134 211.426
3 9 0.0350978 211.426
3 9 0.0286667 211.426
3 9 0.0296497 211.426
3 9 0.0371925 211.426
3 9 0.0353813 211.426
3 9 0.0359394 211.426
3 9 0.0280928 211.426
3 9 0.0245469 211.426
3 9 0.028274 211.426
3 9 0.0343929 211.426
3 9 0.0279022 211.426
3 9 0.0288671 211.426
3 9 0.0276742 211.426
3 9 0.0281859 211.426
3 9 0.0312988 211.426
3 9 0.0393235 211.426
3 9 0.0386445 211.426
3 9 0.0288696 211.426
3 9 0.0303085 211.426
3 9 0.0346727 211.426
3 9 0.0289255 211.426
3 9 0.025388 211.426
3 9 0.0247612 211.426
3 9 0.0383386 211.426
3 9 0.0302551 211.426
3 9 0.0284194 211.426
3 9 0.0320458 211.426
3 9 0.0356622 211.426
3 9 0.0266679 211.426
3 9 0.0368699 211.426
3 9 0.0299436 211.426
3 9 0.0289967 211.426
3 9 0.0385342 211.426
3 9 0.0342672 211.426
3 9 0.0322579 211.426
3 9 0.0311165 211.426
3 9 0.030882 211.426
3 9 0.0296477 211.426
3 9 0.034913 211.426
3 9 0.0365629 211.426
3 9 0.0228786 211.426
3 9 0.0291813 211.426
3 9 0.0334926 211.426
3 9 0.0323756 211.426
4 9 0.0277983 9.99521
4 9 0.0253716 9.99521
4 9 0.0262354 9.99521
4 9 0.026822 9.99521
4 9 0.0278419 9.99521
4 9 0.0257882 9.99521
4 9 0.0240488 9.99521
4 9 0.0256353 9.99521
4 9 0.0314921 9.99521
3 9 0.0414913 211.426
4 9 0.0281825 9.99521
4 9 0.0281043 9.99521
4 9 0.027967 9.99521
4 9 0.0253022 9.99521
3 9 0.0311567 211.426
4 9 0.0252318 9.99521
4 9 0.0291995 9.99521
4 9 0.0262004 9.99521
4 9 0.0271399 9.99521
4 9 0.026479 9.99521
3 9 0.0308738 211.426
4 9 0.025061 9.99521
4 9 0.025936 9.99521
4 9 0.0262372 9.99521
4 9 0.029486 9.99521
4 9 0.0281236 9.99521
4 9 0.0291512 9.99521
4 9 0.0272893 9.99521
4 9 0.0253461 9.99521
4 9 0.0283686 9.99521
4 9 0.0277487 9.99521
4 9 0.0259562 9.99521
4 9 0.0327024 9.99521
4 9 0.0261566 9.99521
4 9 0.0278582 9.99521
4 9 0.0258939 9.99521
4 9 0.0281978 9.99521
4 9 0.0278157 9.99521
4 9 0.0271585 9.99521
4 9 0.0274618 9.99521
4 9 0.0248752 9.99521
4 9 0.0288792 9.99521
4 9 0.0277132 9.99521
4 9 0.0269347 9.99521
4 9 0.0259489 9.99521
4 9 0.0288154 9.99521
4 9 0.0241934 9.99521
4 9 0.0263411 9.99521
4 9 0.029117 9.99521
4 9 0.0251865 9.99521
4 9 0.0274055 9.99521
4 9 0.0268848 9.99521
4 9 0.0242159 9.99521
5 9 6.1995 25.0222
5 9 6.1184 25.0222
5 9 6.15139 25.0222
5 9 6.15776 25.0222
5 9 6.21783 25.0222
5 9 6.17832 25.0222
5 9 6.14572 25.0222
5 9 6.14876 25.0222
5 9 6.18114 25.0222
5 9 6.18964 25.0222
5 9 6.14607 25.0222
5 9 6.17695 25.0222
5 9 6.34136 25.0222
5 9 6.13376 25.0222
5 9 6.252 25.0222
5 9 6.17048 25.0222
5 9 6.71504 25.0222
5 9 6.15608 25.0222
5 9 6.16779 25.0222
5 9 6.15479 25.0222
5 9 6.16461 25.0222
5 9 6.1868 25.0222
5 9 6.1712 25.0222
5 9 6.15458 25.0222
5 9 6.16582 25.0222
5 9 6.20066 25.0222
5 9 6.1587 25.0222
5 9 6.16197 25.0222
5 9 6.16324 25.0222
5 9 6.17458 25.0222
5 9 6.16064 25.0222
5 9 6.16469 25.0222
5 9 6.18657 25.0222
5 9 6.20424 25.0222
5 9 6.20943 25.0222
5 9 6.17561 25.0222
5 9 6.15589 25.0222
5 9 6.15484 25.0222
5 9 6.18161 25.0222
5 9 6.15534 25.0222
5 9 6.1977 25.0222
5 9 6.16477 25.0222
5 9 6.30929 25.0222
5 9 6.15956 25.0222
0 15 0.0235518 2.04198
0 15 0.0148009 2.04198
5 9 6.18162 25.0222
5 9 6.16749 25.0222
5 9 6.21029 25.0222
5 9 6.16216 25.0222
0 15 0.0124221 2.04198
0 15 0.0144129 2.04198
5 9 6.14737 25.0222
5 9 6.15915 25.0222
0 15 0.0145594 2.04198
0 15 0.0128563 2.04198
0 15 0.0188692 2.04198
0 15 0.0164911 2.04198
0 15 0.0107428 2.04198
0 15 0.0155485 2.04198
0 15 0.0120257 2.04198
0 15 0.0219451 2.04198
0 15 0.0155488 2.04198
0 15 0.0263021 2.04198
0 15 0.0149328 2.04198
0 15 0.0178961 2.04198
0 15 0.0190783 2.04198
0 15 0.0176248 2.04198
0 15 0.014419 2.04198
0 15 0.0231908 2.04198
0 15 0.0184021 2.04198
0 15 0.0220982 2.04198
0 15 0.0228216 2.04198
0 15 0.0129516 2.04198
0 15 0.018601 2.04198
0 15 0.0167071 2.04198
0 15 0.0214724 2.04198
0 15 0.0148118 2.04198
0 15 0.0170072 2.04198
0 15 0.015613 2.04198
0 15 0.0154296 2.04198
0 15 0.0241365 2.04198
0 15 0.0208122 2.04198
0 15 0.0148085 2.04198
0 15 0.017271 2.04198
0 15 0.0162077 2.04198
0 15 0.0171877 2.04198
0 15 0.0159157 2.04198
0 15 0.0156717 2.04198
0 15 0.0184463 2.04198
0 15 0.0211597 2.04198
0 15 0.0165281 2.04198
0 15 0.0231677 2.04198
0 15 0.0152797 2.04198
0 15 0.0205491 2.04198
0 15 0.0162521 2.04198
0 15 0.0202012 2.04198
0 15 0.0152005 2.04198
0 15 0.0165264 2.04198
0 15 0.0157597 2.04198
0 15 0.0173878 2.04198
0 15 0.0229017 2.04198
0 15 0.0215511 2.04198
0 15 0.0170658 2.04198
0 15 0.0150991 2.04198
0 15 0.0114164 2.04198
0 15 0.0182221 2.04198
0 15 0.0162782 2.04198
0 15 0.023441 2.04198
0 15 0.0250773 2.04198
0 15 0.0198658 2.04198
0 15 0.0184204 2.04198
0 15 0.0150415 2.04198
0 15 0.0232574 2.04198
0 15 0.0167407 2.04198
0 15 0.0193495 2.04198
0 15 0.0153091 2.04198
0 15 0.0186687 2.04198
0 15 0.0140593 2.04198
0 15 0.0129191 2.04198
0 15 0.015473 2.04198
0 15 0.0166826 2.04198
0 15 0.0172478 2.04198
0 15 0.0211269 2.04198
0 15 0.0150624 2.04198
0 15 0.0167562 2.04198
0 15 0.0241909 2.04198
0 15 0.0169273 2.04198
0 15 0.0203742 2.04198
0 15 0.0159385 2.04198
0 15 0.0123495 2.04198
0 15 0.0185484 2.04198
0 15 0.0140475 2.04198
0 15 0.0236539 2.04198
0 15 0.0153074 2.04198
0 15 0.0163701 2.04198
0 15 0.0131678 2.04198
0 15 0.0178327 2.04198
0 15 0.0221327 2.04198
0 15 0.0244904 2.04198
0 15 0.0172708 2.04198
0 15 0.0178811 2.04198
0 15 0.0157139 2.04198
0 15 0.0150122 2.04198
0 15 0.0197326 2.04198
0 15 0.019439 2.04198
0 15 0.0150985 2.04198
0 15 0.0174567 2.04198
0 15 0.0149797 2.04198
0 15 0.0154046 2.04198
1 15 0.0198749 16.6522
1 15 0.0191244 16.6522
1 15 0.0142197 16.6522
1 15 0.0200599 16.6522
1 15 0.018656 16.6522
1 15 0.0197889 16.6522
1 15 0.0167863 16.6522
1 15 0.0165998 16.6522
1 15 0.017323 16.6522
1 15 0.0137987 16.6522
1 15 0.0194342 16.6522
1 15 0.021091 16.6522
1 15 0.0185453 16.6522
1 15 0.0200669 16.6522
1 15 0.017773 16.6522
1 15 0.018968 16.6522
1 15 0.0178374 16.6522
1 15 0.0198725 16.6522
1 15 0.0191439 16.6522
1 15 0.0211125 16.6522
1 15 0.0180953 16.6522
1 15 0.0177891 16.6522
1 15 0.0211904 16.6522
1 15 0.0180646 16.6522
1 15 0.0207808 16.6522
1 15 0.0176545 16.6522
1 15 0.0194814 16.6522
1 15 0.0208742 16.6522
1 15 0.0175676 16.6522
1 15 0.0205918 16.6522
1 15 0.0192203 16.6522
1 15 0.0195206 16.6522
1 15 0.0202496 16.6522
1 15 0.0221478 16.6522
1 15 0.0215173 16.6522
1 15 0.0167225 16.6522
1 15 0.0186257 16.6522
1 15 0.0210746 16.6522
1 15 0.0202388 16.6522
1 15 0.0193112 16.6522
1 15 0.0197662 16.6522
2 15 0.0325343 -5.19097e-16
1 15 0.0170501 16.6522
2 15 0.023377 -5.19097e-16
1 15 0.0205865 16.6522
1 15 0.0181774 16.6522
1 15 0.021118 16.6522
1 15 0.0205727 16.6522
2 15 0.0324021 -5.19097e-16
1 15 0.0214513 16.6522
2 15 0.0241933 -5.19097e-16
1 15 0.0188227 16.6522
1 15 0.0200892 16.6522
1 15 0.020797 16.6522
2 15 0.0309122 -5.19097e-16
2 15 0.0343995 -5.19097e-16
2 15 0.0264895 -5.19097e-16
2 15 0.0299561 -5.19097e-16
2 15 0.0340013 -5.19097e-16
2 15 0.0386023 -5.19097e-16
2 15 0.0247061 -5.19097e-16
2 15 0.0309947 -5.19097e-16
2 15 0.0322075 -5.19097e-16
2 15 0.0317131 -5.19097e-16
2 15 0.0291782 -5.19097e-16
2 15 0.0342522 -5.19097e-16
2 15 0.0348089 -5.19097e-16
2 15 0.0234949 -5.19097e-16
2 15 0.0329181 -5.19097e-16
2 15 0.0292326 -5.19097e-16
2 15 0.0332457 -5.19097e-16
2 15 0.0366335 -5.19097e-16
2 15 0.0240469 -5.19097e-16
2 15 0.0333516 -5.19097e-16
2 15 0.0343709 -5.19097e-16
2 15 0.0360976 -5.19097e-16
2 15 0.0273448 -5.19097e-16
2 15 0.0270146 -5.19097e-16
2 15 0.028159 -5.19097e-16
2 15 0.0314894 -5.19097e-16
2 15 0.0343741 -5.19097e-16
2 15 0.0339598 -5.19097e-16
2 15 0.0295852 -5.19097e-16
2 15 0.0257914 -5.19097e-16
2 15 0.0250511 -5.19097e-16
2 15 0.0246089 -5.19097e-16
2 15 0.0266522 -5.19097e-16
2 15 0.0297828 -5.19097e-16
2 15 0.0334334 -5.19097e-16
2 15 0.028693 -5.19097e-16
2 15 0.0304626 -5.19097e-16
2 15 0.0346597 -5.19097e-16
2 15 0.0339159 -5.19097e-16
2 15 0.0282387 -5.19097e-16
2 15 0.0308263 -5.19097e-16
2 15 0.0272792 -5.19097e-16
2 15 0.0324524 -5.19097e-16
2 15 0.0232246 -5.19097e-16
2 15 0.0273964 -5.19097e-16
2 15 0.0301258 -5.19097e-16
3 15 0.0299296 211.422
3 15 0.0173229 211.422
3 15 0.024505 211.422
3 15 0.0237133 211.422
3 15 0.0327542 211.422
3 15 0.035043 211.422
3 15 0.032402 211.422
3 15 0.0227648 211.422
3 15 0.0268258 211.422
3 15 0.0172388 211.422
3 15 0.0227211 211.422
3 15 0.0182202 211.422
3 15 0.0189192 211.422
3 15 0.0186932 211.422
3 15 0.018054 211.422
3 15 0.0261926 211.422
3 15 0.0173571 211.422
3 15 0.0247163 211.422
3 15 0.0239687 211.422
3 15 0.0159561 211.422
3 15 0.0166928 211.422
3 15 0.0190287 211.422
3 15 0.0178139 211.422
3 15 0.0193621 211.422
3 15 0.0165825 211.422
3 15 0.02315 211.422
3 15 0.0297853 211.422
3 15 0.0202568 211.422
3 15 0.0176563 211.422
3 15 0.0255773 211.422
3 15 0.0174858 211.422
3 15 0.0301909 211.422
3 15 0.0151723 211.422
3 15 0.0289089 211.422
3 15 0.0236541 211.422
3 15 0.0183649 211.422
3 15 0.0191433 211.422
3 15 0.0254077 211.422
3 15 0.0165696 211.422
3 15 0.0196161 211.422
3 15 0.0156487 211.422
3 15 0.0175659 211.422
3 15 0.0236942 211.422
3 15 0.0174925 211.422
3 15 0.013444 211.422
3 15 0.0223364 211.422
3 15 0.0159766 211.422
3 15 0.0236763 211.422
3 15 0.0186529 211.422
3 15 0.0279316 211.422
4 15 0.0185039 9.99521
4 15 0.0269853 9.99521
4 15 0.0246261 9.99521
4 15 0.0238443 9.99521
4 15 0.0246095 9.99521
4 15 0.0246042 9.99521
4 15 0.0257008 9.99521
4 15 0.0304717 9.99521
4 15 0.025358 9.99521
4 15 0.0192725 9.99521
4 15 0.0264 9.99521
4 15 0.0178833 9.99521
4 15 0.0221116 9.99521
4 15 0.0293512 9.99521
4 15 0.0176213 9.99521
4 15 0.0200967 9.99521
4 15 0.0173552 9.99521
4 15 0.0247908 9.99521
4 15 0.0184279 9.99521
4 15 0.0172023 9.99521
4 15 0.0254605 9.99521
4 15 0.0218895 9.99521
4 15 0.0193193 9.99521
4 15 0.0264214 9.99521
4 15 0.0329428 9.99521
4 15 0.0203457 9.99521
4 15 0.0299987 9.99521
4 15 0.0178964 9.99521
4 15 0.021202 9.99521
4 15 0.0263544 9.99521
4 15 0.021358 9.99521
4 15 0.0222144 9.99521
4 15 0.0209321 9.99521
4 15 0.0180684 9.99521
4 15 0.0206218 9.99521
4 15 0.0208988 9.99521
4 15 0.0270115 9.99521
4 15 0.0225238 9.99521
4 15 0.0193675 9.99521
4 15 0.023886 9.99521
4 15 0.0262613 9.99521
4 15 0.0254744 9.99521
4 15 0.0176589 9.99521
4 15 0.0289732 9.99521
4 15 0.0259886 9.99521
4 15 0.0282289 9.99521
4 15 0.0179444 9.99521
4 15 0.0192208 9.99521
4 15 0.0297009 9.99521
4 15 0.0249467 9.99521
5 15 3.3658 25.0222
5 15 3.36761 25.0222
5 15 3.37485 25.0222
5 15 3.38319 25.0222
5 15 3.37925 25.0222
5 15 3.36236 25.0222
5 15 3.35766 25.0222
5 15 3.39089 25.0222
5 15 3.37349 25.0222
5 15 3.36312 25.0222
5 15 3.36099 25.0222
5 15 3.35881 25.0222
5 15 3.36541 25.0222
5 15 3.36841 25.0222
5 15 3.35296 25.0222
5 15 3.36129 25.0222
5 15 3.37044 25.0222
5 15 3.37691 25.0222
5 15 3.38492 25.0222
5 15 3.40898 25.0222
5 15 3.38111 25.0222
5 15 3.37014 25.0222
5 15 3.37447 25.0222
5 15 3.3809 25.0222
5 15 3.35685 25.0222
5 15 3.39403 25.0222
5 15 3.36938 25.0222
5 15 3.35837 25.0222
5 15 3.36959 25.0222
5 15 3.43305 25.0222
5 15 3.37149 25.0222
5 15 3.36393 25.0222
5 15 3.377 25.0222
5 15 3.36277 25.0222
5 15 3.47226 25.0222
5 15 3.36879 25.0222
5 15 3.35263 25.0222
5 15 3.35728 25.0222
5 15 3.35868 25.0222
5 15 3.35307 25.0222
5 15 3.36564 25.0222
5 15 3.37741 25.0222
5 15 3.35634 25.0222
5 15 3.36864 25.0222
5 15 3.36893 25.0222
5 15 3.34848 25.0222
5 15 3.3601 25.0222
0 16 0.0131493 2.04198
0 16 0.0165177 2.04198
0 16 0.0165008 2.04198
5 15 3.38761 25.0222
5 15 3.3644 25.0222
5 15 3.41106 25.0222
0 16 0.0244307 2.04198
0 16 0.0188073 2.04198
0 16 0.0122709 2.04198
0 16 0.0186061 2.04198
0 16 0.017674 2.04198
0 16 0.0214624 2.04198
0 16 0.0140567 2.04198
0 16 0.0167173 2.04198
0 16 0.0215549 2.04198
0 16 0.0209853 2.04198
0 16 0.0193151 2.04198
0 16 0.017458 2.04198
0 16 0.0203783 2.04198
0 16 0.0160448 2.04198
0 16 0.0201942 2.04198
0 16 0.0154467 2.04198
0 16 0.0168665 2.04198
0 16 0.0144571 2.04198
0 16 0.0171993 2.04198
0 16 0.0149476 2.04198
0 16 0.0149056 2.04198
0 16 0.0158461 2.04198
0 16 0.0208853 2.04198
0 16 0.0224888 2.04198
0 16 0.0132227 2.04198
0 16 0.0147752 2.04198
0 16 0.0221848 2.04198
0 16 0.0166391 2.04198
0 16 0.0150972 2.04198
0 16 0.0155878 2.04198
0 16 0.0258871 2.04198
0 16 0.0169904 2.04198
0 16 0.0240134 2.04198
0 16 0.0159372 2.04198
0 16 0.0204595 2.04198
0 16 0.0165863 2.04198
0 16 0.0171655 2.04198
0 16 0.0179432 2.04198
0 16 0.0190374 2.04198
0 16 0.0201979 2.04198
0 16 0.0220413 2.04198
0 16 0.0175237 2.04198
0 16 0.0143765 2.04198
0 16 0.0143665 2.04198
0 16 0.0199896 2.04198
0 16 0.0141533 2.04198
0 16 0.017084 2.04198
0 16 0.0162397 2.04198
0 16 0.0173026 2.04198
0 16 0.019652 2.04198
0 16 0.0148745 2.04198
0 16 0.0201975 2.04198
0 16 0.0165763 2.04198
0 16 0.0188912 2.04198
0 16 0.0216925 2.04198
0 16 0.0107938 2.04198
0 16 0.0159075 2.04198
0 16 0.0175788 2.04198
0 16 0.0127299 2.04198
0 16 0.0171544 2.04198
0 16 0.0162777 2.04198
0 16 0.0158257 2.04198
0 16 0.0158757 2.04198
0 16 0.0176781 2.04198
0 16 0.0158162 2.04198
0 16 0.0172089 2.04198
0 16 0.0168152 2.04198
0 16 0.0199113 2.04198
0 16 0.0167616 2.04198
0 16 0.0148446 2.04198
0 16 0.0174032 2.04198
0 16 0.0233958 2.04198
0 16 0.0184052 2.04198
0 16 0.0170012 2.04198
0 16 0.0153576 2.04198
0 16 0.0143249 2.04198
0 16 0.0168199 2.04198
0 16 0.0178134 2.04198
0 16 0.0238892 2.04198
0 16 0.0215383 2.04198
0 16 0.0205921 2.04198
0 16 0.0180918 2.04198
0 16 0.0136382 2.04198
0 16 0.0178528 2.04198
0 16 0.0154476 2.04198
0 16 0.0155464 2.04198
0 16 0.0180622 2.04198
0 16 0.0185007 2.04198
0 16 0.0236234 2.04198
0 16 0.0188881 2.04198
0 16 0.0164867 2.04198
0 16 0.0157089 2.04198
0 16 0.0232647 2.04198
0 16 0.0167991 2.04198
0 16 0.019443 2.04198
1 16 0.0163065 16.6522
1 16 0.0207287 16.6522
1 16 0.0197158 16.6522
1 16 0.017235 16.6522
1 16 0.0196371 16.6522
1 16 0.0199979 16.6522
1 16 0.0210607 16.6522
1 16 0.019755 16.6522
1 16 0.0202325 16.6522
1 16 0.0179454 16.6522
0 16 0.0182654 2.04198
1 16 0.0210541 16.6522
1 16 0.0219158 16.6522
1 16 0.0220704 16.6522
1 16 0.0213371 16.6522
1 16 0.0213125 16.6522
1 16 0.0185408 16.6522
1 16 0.0172775 16.6522
1 16 0.0204093 16.6522
1 16 0.0210348 16.6522
1 16 0.0200189 16.6522
1 16 0.0194749 16.6522
1 16 0.0202098 16.6522
1 16 0.0201107 16.6522
1 16 0.0193318 16.6522
1 16 0.0185245 16.6522
1 16 0.0217295 16.6522
1 16 0.0206035 16.6522
1 16 0.0194242 16.6522
1 16 0.0210544 16.6522
1 16 0.0159175 16.6522
1 16 0.0182123 16.6522
1 16 0.0215396 16.6522
1 16 0.0199894 16.6522
1 16 0.0175636 16.6522
1 16 0.0211394 16.6522
1 16 0.0171276 16.6522
1 16 0.0139244 16.6522
1 16 0.019459 16.6522
1 16 0.0243893 16.6522
1 16 0.0173572 16.6522
1 16 0.0176482 16.6522
1 16 0.0200541 16.6522
1 16 0.0188044 16.6522
1 16 0.0200989 16.6522
1 16 0.0207666 16.6522
1 16 0.0178662 16.6522
1 16 0.019015 16.6522
1 16 0.019103 16.6522
1 16 0.0169814 16.6522
1 16 0.0195014 16.6522
2 16 0.0228197 -5.19097e-16
2 16 0.0186863 -5.19097e-16
2 16 0.0298754 -5.19097e-16
2 16 0.0337066 -5.19097e-16
2 16 0.0337046 -5.19097e-16
2 16 0.0324005 -5.19097e-16
2 16 0.0350314 -5.19097e-16
2 16 0.0242346 -5.19097e-16
2 16 0.0279986 -5.19097e-16
2 16 0.0279745 -5.19097e-16
2 16 0.0354474 -5.19097e-16
2 16 0.0238901 -5.19097e-16
2 16 0.0271583 -5.19097e-16
2 16 0.0357088 -5.19097e-16
2 16 0.0275175 -5.19097e-16
2 16 0.0236339 -5.19097e-16
2 16 0.0323091 -5.19097e-16
2 16 0.0281118 -5.19097e-16
2 16 0.025956 -5.19097e-16
2 16 0.0299081 -5.19097e-16
2 16 0.0246902 -5.19097e-16
2 16 0.0325554 -5.19097e-16
2 16 0.0246705 -5.19097e-16
2 16 0.0296492 -5.19097e-16
2 16 0.0248779 -5.19097e-16
2 16 0.0228571 -5.19097e-16
2 16 0.0226904 -5.19097e-16
2 16 0.0307265 -5.19097e-16
2 16 0.0320853 -5.19097e-16
2 16 0.0307573 -5.19097e-16
2 16 0.029599 -5.19097e-16
2 16 0.0284727 -5.19097e-16
2 16 0.0231819 -5.19097e-16
2 16 0.0282088 -5.19097e-16
2 16 0.0229316 -5.19097e-16
2 16 0.0379553 -5.19097e-16
2 16 0.0285106 -5.19097e-16
2 16 0.0319088 -5.19097e-16
2 16 0.0311927 -5.19097e-16
2 16 0.0285439 -5.19097e-16
2 16 0.0237515 -5.19097e-16
2 16 0.0314152 -5.19097e-16
2 16 0.031185 -5.19097e-16
2 16 0.030236 -5.19097e-16
2 16 0.0292301 -5.19097e-16
2 16 0.0322603 -5.19097e-16
2 16 0.0225204 -5.19097e-16
2 16 0.0301371 -5.19097e-16
2 16 0.0235307 -5.19097e-16
2 16 0.030715 -5.19097e-16
3 16 0.01981 211.422
3 16 0.0264528 211.422
3 16 0.0179393 211.422
3 16 0.0157606 211.422
3 16 0.0306437 211.422
3 16 0.0195612 211.422
3 16 0.0302452 211.422
3 16 0.0166871 211.422
3 16 0.027501 211.422
3 16 0.0281013 211.422
3 16 0.0176831 211.422
3 16 0.029518 211.422
3 16 0.0185374 211.422
3 16 0.0274544 211.422
3 16 0.0253637 211.422
3 16 0.0267034 211.422
3 16 0.023942 211.422
3 16 0.018724 211.422
3 16 0.0312105 211.422
3 16 0.0176653 211.422
3 16 0.0295559 211.422
3 16 0.0189343 211.422
3 16 0.0195081 211.422
3 16 0.0223211 211.422
3 16 0.0247756 211.422
3 16 0.0289014 211.422
3 16 0.0165862 211.422
3 16 0.0206996 211.422
3 16 0.018511 211.422
3 16 0.0293281 211.422
3 16 0.0280665 211.422
3 16 0.0232513 211.422
3 16 0.0174268 211.422
3 16 0.0150536 211.422
3 16 0.0275634 211.422
3 16 0.0180456 211.422
3 16 0.0300095 211.422
3 16 0.0292343 211.422
3 16 0.0255533 211.422
3 16 0.0153294 211.422
3 16 0.0238965 211.422
3 16 0.0175105 211.422
3 16 0.0178979 211.422
3 16 0.0180106 211.422
3 16 0.0304588 211.422
3 16 0.031149 211.422
3 16 0.024403 211.422
3 16 0.0302681 211.422
3 16 0.0199844 211.422
4 16 0.02525 9.99521
4 16 0.0266766 9.99521
4 16 0.0264094 9.99521
4 16 0.0282201 9.99521
3 16 0.0263912 211.422
4 16 0.017819 9.99521
4 16 0.0178616 9.99521
4 16 0.0242785 9.99521
4 16 0.0264572 9.99521
4 16 0.0219881 9.99521
4 16 0.0252959 9.99521
4 16 0.0222525 9.99521
4 16 0.0267327 9.99521
4 16 0.0171307 9.99521
4 16 0.0197738 9.99521
4 16 0.0260586 9.99521
4 16 0.0229363 9.99521
4 16 0.0224542 9.99521
4 16 0.0283709 9.99521
4 16 0.0205858 9.99521
4 16 0.0223747 9.99521
4 16 0.0204642 9.99521
4 16 0.0220323 9.99521
4 16 0.0220713 9.99521
4 16 0.0273959 9.99521
4 16 0.0206895 9.99521
4 16 0.0226767 9.99521
4 16 0.0241153 9.99521
4 16 0.0270605 9.99521
4 16 0.0342266 9.99521
4 16 0.0197926 9.99521
4 16 0.0210816 9.99521
4 16 0.0262295 9.99521
4 16 0.0210157 9.99521
4 16 0.0178293 9.99521
4 16 0.0271387 9.99521
4 16 0.0272414 9.99521
4 16 0.0263823 9.99521
4 16 0.0182847 9.99521
4 16 0.0271965 9.99521
4 16 0.0176871 9.99521
4 16 0.0253017 9.99521
4 16 0.0241675 9.99521
4 16 0.0178521 9.99521
4 16 0.0201371 9.99521
4 16 0.0240738 9.99521
4 16 0.0130834 9.99521
4 16 0.0219421 9.99521
4 16 0.0275515 9.99521
5 16 3.39238 25.0222
5 16 3.35381 25.0222
5 16 3.3579 25.0222
5 16 3.36009 25.0222
5 16 3.40276 25.0222
4 16 0.0273846 9.99521
4 16 0.0178515 9.99521
5 16 3.386 25.0222
5 16 3.35784 25.0222
5 16 3.35537 25.0222
5 16 3.36371 25.0222
5 16 3.37811 25.0222
5 16 3.36927 25.0222
5 16 3.40431 25.0222
5 16 3.37373 25.0222
5 16 3.37092 25.0222
5 16 3.36585 25.0222
5 16 3.38615 25.0222
5 16 3.36905 25.0222
5 16 3.37064 25.0222
5 16 3.37175 25.0222
5 16 3.40827 25.0222
5 16 3.36387 25.0222
5 16 3.35772 25.0222
5 16 3.3626 25.0222
5 16 3.38815 25.0222
5 16 3.38517 25.0222
5 16 3.38305 25.0222
5 16 3.3873 25.0222
5 16 3.3616 25.0222
5 16 3.39353 25.0222
5 16 3.36317 25.0222
5 16 3.41032 25.0222
5 16 3.37672 25.0222
5 16 3.39823 25.0222
5 16 3.4002 25.0222
5 16 3.36173 25.0222
5 16 3.37676 25.0222
5 16 3.37332 25.0222
5 16 3.3807 25.0222
5 16 3.36233 25.0222
5 16 3.36815 25.0222
5 16 3.37269 25.0222
5 16 3.39778 25.0222
5 16 3.36805 25.0222
5 16 3.39085 25.0222
5 16 3.36395 25.0222
5 16 3.36222 25.0222
5 16 3.3929 25.0222
5 16 3.38092 25.0222
0 17 0.0148825 2.04198
5 16 3.36596 25.0222
5 16 3.37201 25.0222
0 17 0.0215701 2.04198
0 17 0.0198981 2.04198
0 17 0.0157522 2.04198
0 17 0.0190473 2.04198
0 17 0.0189123 2.04198
0 17 0.0190866 2.04198
0 17 0.0228741 2.04198
0 17 0.0151737 2.04198
0 17 0.0161052 2.04198
0 17 0.0223124 2.04198
0 17 0.0151816 2.04198
0 17 0.0220167 2.04198
0 17 0.0148627 2.04198
0 17 0.0155528 2.04198
0 17 0.0147098 2.04198
0 17 0.0167457 2.04198
0 17 0.0141142 2.04198
0 17 0.0171319 2.04198
0 17 0.0161175 2.04198
0 17 0.0147912 2.04198
0 17 0.0292465 2.04198
0 17 0.0158866 2.04198
0 17 0.0214061 2.04198
0 17 0.0145103 2.04198
0 17 0.0142438 2.04198
0 17 0.0214958 2.04198
0 17 0.0209381 2.04198
0 17 0.0200502 2.04198
0 17 0.0232871 2.04198
0 17 0.0181991 2.04198
0 17 0.0156614 2.04198
0 17 0.0194502 2.04198
0 17 0.010636 2.04198
0 17 0.0234429 2.04198
0 17 0.020912 2.04198
0 17 0.0215609 2.04198
0 17 0.0188326 2.04198
0 17 0.0240983 2.04198
0 17 0.0179359 2.04198
0 17 0.0201722 2.04198
0 17 0.014976 2.04198
0 17 0.013555 2.04198
0 17 0.0250229 2.04198
0 17 0.0145308 2.04198
0 17 0.0230652 2.04198
0 17 0.0211592 2.04198
0 17 0.0211068 2.04198
0 17 0.0224754 2.04198
0 17 0.0200448 2.04198
0 17 0.0151413 2.04198
0 17 0.0141128 2.04198
0 17 0.0168441 2.04198
0 17 0.0244979 2.04198
0 17 0.0216934 2.04198
0 17 0.0196212 2.04198
0 17 0.0186317 2.04198
0 17 0.0190609 2.04198
0 17 0.0167214 2.04198
0 17 0.0244446 2.04198
0 17 0.0228451 2.04198
0 17 0.0173672 2.04198
0 17 0.0222507 2.04198
0 17 0.0220878 2.04198
0 17 0.0220619 2.04198
0 17 0.0221791 2.04198
0 17 0.0216606 2.04198
0 17 0.0161371 2.04198
0 17 0.0224384 2.04198
0 17 0.0227617 2.04198
0 17 0.0222091 2.04198
0 17 0.0250015 2.04198
0 17 0.0217044 2.04198
0 17 0.0146885 2.04198
0 17 0.0222681 2.04198
0 17 0.015137 2.04198
0 17 0.0146031 2.04198
0 17 0.0154558 2.04198
0 17 0.0265835 2.04198
0 17 0.0178264 2.04198
0 17 0.0164961 2.04198
0 17 0.0187192 2.04198
0 17 0.0219349 2.04198
0 17 0.0151284 2.04198
0 17 0.0206832 2.04198
0 17 0.0175095 2.04198
0 17 0.0189504 2.04198
0 17 0.0199384 2.04198
0 17 0.0191427 2.04198
0 17 0.0170533 2.04198
0 17 0.0211585 2.04198
0 17 0.0217631 2.04198
0 17 0.0147487 2.04198
0 17 0.021397 2.04198
0 17 0.0148161 2.04198
0 17 0.0215569 2.04198
0 17 0.0229283 2.04198
1 17 0.0184162 16.6509
1 17 0.020106 16.6509
1 17 0.0207603 16.6509
1 17 0.0166877 16.6509
1 17 0.0171905 16.6509
0 17 0.0209835 2.04198
1 17 0.0155213 16.6509
1 17 0.0200404 16.6509
0 17 0.0182364 2.04198
1 17 0.0192605 16.6509
1 17 0.0210945 16.6509
1 17 0.0167983 16.6509
1 17 0.0187213 16.6509
1 17 0.0195713 16.6509
1 17 0.0203631 16.6509
1 17 0.0192647 16.6509
1 17 0.0194329 16.6509
1 17 0.0210077 16.6509
1 17 0.0193956 16.6509
1 17 0.0195861 16.6509
1 17 0.0159655 16.6509
1 17 0.0191421 16.6509
1 17 0.0178037 16.6509
1 17 0.020254 16.6509
1 17 0.0168806 16.6509
1 17 0.019804 16.6509
1 17 0.017487 16.6509
1 17 0.0171871 16.6509
1 17 0.0196435 16.6509
1 17 0.0207752 16.6509
1 17 0.0176571 16.6509
1 17 0.0199877 16.6509
1 17 0.018593 16.6509
1 17 0.0181498 16.6509
1 17 0.0189137 16.6509
1 17 0.0189303 16.6509
1 17 0.0165461 16.6509
1 17 0.0221974 16.6509
1 17 0.0164551 16.6509
1 17 0.0187642 16.6509
1 17 0.0201127 16.6509
1 17 0.0186678 16.6509
1 17 0.0166643 16.6509
1 17 0.0177888 16.6509
1 17 0.0185866 16.6509
1 17 0.0209635 16.6509
1 17 0.0201033 16.6509
1 17 0.0190485 16.6509
1 17 0.0173575 16.6509
1 17 0.0205071 16.6509
1 17 0.018306 16.6509
2 17 0.032836 -5.98164e-17
1 17 0.0182306 16.6509
2 17 0.0381306 -5.98164e-17
2 17 0.0354196 -5.98164e-17
2 17 0.0358664 -5.98164e-17
2 17 0.0362498 -5.98164e-17
2 17 0.0257221 -5.98164e-17
2 17 0.0255247 -5.98164e-17
2 17 0.0361638 -5.98164e-17
2 17 0.0288022 -5.98164e-17
2 17 0.0265859 -5.98164e-17
2 17 0.027478 -5.98164e-17
2 17 0.0270822 -5.98164e-17
2 17 0.0344265 -5.98164e-17
2 17 0.0369786 -5.98164e-17
2 17 0.0512577 -5.98164e-17
2 17 0.0303728 -5.98164e-17
2 17 0.0366856 -5.98164e-17
2 17 0.0353046 -5.98164e-17
2 17 0.0377285 -5.98164e-17
2 17 0.0281785 -5.98164e-17
2 17 0.0334634 -5.98164e-17
2 17 0.0360256 -5.98164e-17
2 17 0.0387261 -5.98164e-17
2 17 0.0351369 -5.98164e-17
2 17 0.0365919 -5.98164e-17
2 17 0.0333357 -5.98164e-17
2 17 0.0267165 -5.98164e-17
2 17 0.0251494 -5.98164e-17
2 17 0.0306049 -5.98164e-17
2 17 0.0389378 -5.98164e-17
2 17 0.0379345 -5.98164e-17
2 17 0.0238565 -5.98164e-17
2 17 0.0373441 -5.98164e-17
2 17 0.0595176 -5.98164e-17
2 17 0.0314344 -5.98164e-17
2 17 0.0280138 -5.98164e-17
2 17 0.035885 -5.98164e-17
2 17 0.0341097 -5.98164e-17
2 17 0.0293488 -5.98164e-17
2 17 0.03343 -5.98164e-17
2 17 0.0329607 -5.98164e-17
2 17 0.0293928 -5.98164e-17
2 17 0.0392337 -5.98164e-17
2 17 0.0375099 -5.98164e-17
2 17 0.0345517 -5.98164e-17
2 17 0.0247185 -5.98164e-17
2 17 0.0360482 -5.98164e-17
2 17 0.0269907 -5.98164e-17
2 17 0.0419279 -5.98164e-17
3 17 0.0132802 211.385
2 17 0.0237529 -5.98164e-17
3 17 0.018046 211.385
3 17 0.0127849 211.385
3 17 0.0168453 211.385
3 17 0.0160069 211.385
3 17 0.0178484 211.385
3 17 0.0153561 211.385
3 17 0.0164625 211.385
3 17 0.0152902 211.385
3 17 0.0143605 211.385
3 17 0.0173087 211.385
3 17 0.0149371 211.385
3 17 0.017318 211.385
3 17 0.0169772 211.385
3 17 0.014701 211.385
3 17 0.0168328 211.385
3 17 0.0165674 211.385
3 17 0.0168044 211.385
3 17 0.016497 211.385
3 17 0.0174459 211.385
3 17 0.0193993 211.385
3 17 0.0177727 211.385
3 17 0.0164987 211.385
3 17 0.0144973 211.385
3 17 0.0180078 211.385
3 17 0.0149635 211.385
3 17 0.0192974 211.385
3 17 0.0167604 211.385
3 17 0.0207799 211.385
3 17 0.0191365 211.385
3 17 0.0192021 211.385
3 17 0.0166244 211.385
3 17 0.0174985 211.385
3 17 0.019224 211.385
3 17 0.018523 211.385
3 17 0.014684 211.385
3 17 0.0177447 211.385
3 17 0.0197219 211.385
3 17 0.0179057 211.385
3 17 0.0164626 211.385
3 17 0.0182767 211.385
3 17 0.0177528 211.385
3 17 0.0150117 211.385
3 17 0.0160915 211.385
3 17 0.0164884 211.385
3 17 0.0162103 211.385
3 17 0.0156952 211.385
3 17 0.0158261 211.385
3 17 0.0154722 211.385
4 17 0.0204727 9.94585
4 17 0.0240409 9.94585
4 17 0.0216666 9.94585
3 17 0.0178097 211.385
4 17 0.0215856 9.94585
4 17 0.0206745 9.94585
4 17 0.0144198 9.94585
4 17 0.0200232 9.94585
4 17 0.021034 9.94585
4 17 0.0197419 9.94585
4 17 0.0218587 9.94585
4 17 0.0226477 9.94585
4 17 0.0151173 9.94585
4 17 0.0173243 9.94585
4 17 0.016775 9.94585
4 17 0.0206469 9.94585
4 17 0.0191604 9.94585
4 17 0.0226134 9.94585
4 17 0.017399 9.94585
4 17 0.0170757 9.94585
4 17 0.0211645 9.94585
4 17 0.019524 9.94585
4 17 0.0216762 9.94585
4 17 0.0195699 9.94585
4 17 0.0193936 9.94585
4 17 0.0188662 9.94585
4 17 0.018611 9.94585
4 17 0.0219773 9.94585
4 17 0.0201532 9.94585
4 17 0.0238419 9.94585
4 17 0.0196437 9.94585
4 17 0.0146961 9.94585
4 17 0.0148848 9.94585
4 17 0.0137315 9.94585
4 17 0.0208319 9.94585
4 17 0.0221572 9.94585
4 17 0.0229884 9.94585
4 17 0.0223612 9.94585
4 17 0.0188731 9.94585
4 17 0.0186803 9.94585
4 17 0.0212142 9.94585
4 17 0.020474 9.94585
4 17 0.0100294 9.94585
4 17 0.0160566 9.94585
4 17 0.0219055 9.94585
4 17 0.0234321 9.94585
4 17 0.0225186 9.94585
4 17 0.0150435 9.94585
5 17 2.80358 25.0222
5 17 2.79747 25.0222
5 17 2.7978 25.0222
5 17 2.80162 25.0222
4 17 0.0262696 9.94585
5 17 2.80925 25.0222
5 17 2.81141 25.0222
5 17 2.8071 25.0222
5 17 2.81282 25.0222
5 17 2.82349 25.0222
5 17 2.83876 25.0222
5 17 2.80579 25.0222
5 17 2.81786 25.0222
5 17 2.83533 25.0222
5 17 2.81036 25.0222
5 17 2.81046 25.0222
5 17 2.81049 25.0222
5 17 2.80228 25.0222
5 17 2.80924 25.0222
5 17 2.81129 25.0222
5 17 2.81475 25.0222
5 17 2.79996 25.0222
5 17 2.82138 25.0222
5 17 2.80202 25.0222
5 17 2.80847 25.0222
5 17 2.81024 25.0222
5 17 2.80613 25.0222
5 17 2.80643 25.0222
5 17 2.79997 25.0222
5 17 2.80269 25.0222
5 17 2.81426 25.0222
5 17 2.80804 25.0222
5 17 2.81735 25.0222
5 17 2.80388 25.0222
5 17 2.80502 25.0222
5 17 2.82931 25.0222
5 17 2.83358 25.0222
5 17 2.81248 25.0222
5 17 2.83662 25.0222
5 17 2.81928 25.0222
5 17 2.8051 25.0222
5 17 2.81316 25.0222
5 17 2.89958 25.0222
5 17 2.80394 25.0222
5 17 2.85984 25.0222
5 17 2.80761 25.0222
5 17 2.80496 25.0222
5 17 2.79837 25.0222
5 17 2.8079 25.0222
5 17 2.80646 25.0222
5 17 2.80674 25.0222
0 31 0.010007 2.04198
0 31 0.0168508 2.04198
0 31 0.0149818 2.04198
0 31 0.0157121 2.04198
0 31 0.0107667 2.04198
0 31 0.0181149 2.04198
0 31 0.0198859 2.04198
0 31 0.0173073 2.04198
0 31 0.0108465 2.04198
0 31 0.0171938 2.04198
0 31 0.0103293 2.04198
0 31 0.0114255 2.04198
0 31 0.00608947 2.04198
0 31 0.0100186 2.04198
0 31 0.0107225 2.04198
0 31 0.0112277 2.04198
0 31 0.015192 2.04198
0 31 0.0198803 2.04198
0 31 0.013874 2.04198
0 31 0.0155536 2.04198
0 31 0.0121448 2.04198
0 31 0.0149447 2.04198
0 31 0.0166377 2.04198
0 31 0.0111292 2.04198
0 31 0.0112078 2.04198
0 31 0.00850132 2.04198
0 31 0.0101251 2.04198
0 31 0.0152221 2.04198
0 31 0.0153217 2.04198
0 31 0.0124929 2.04198
0 31 0.0143004 2.04198
0 31 0.0103789 2.04198
0 31 0.0151847 2.04198
0 31 0.0095777 2.04198
0 31 0.018542 2.04198
0 31 0.0105525 2.04198
0 31 0.0178602 2.04198
0 31 0.0167704 2.04198
0 31 0.0194325 2.04198
0 31 0.019149 2.04198
0 31 0.0121275 2.04198
0 31 0.0187786 2.04198
0 31 0.0158299 2.04198
0 31 0.010225 2.04198
0 31 0.0141372 2.04198
0 31 0.0146565 2.04198
0 31 0.0124617 2.04198
0 31 0.0101285 2.04198
0 31 0.0120966 2.04198
0 31 0.0170243 2.04198
0 31 0.0140966 2.04198
0 31 0.0178316 2.04198
0 31 0.013647 2.04198
0 31 0.0160656 2.04198
0 31 0.0191645 2.04198
0 31 0.0146234 2.04198
0 31 0.0116808 2.04198
0 31 0.010776 2.04198
0 31 0.0159192 2.04198
0 31 0.0170328 2.04198
0 31 0.0134705 2.04198
0 31 0.0174593 2.04198
0 31 0.0155107 2.04198
0 31 0.0126538 2.04198
0 31 0.0136034 2.04198
0 31 0.00955399 2.04198
0 31 0.0159185 2.04198
0 31 0.0174711 2.04198
0 31 0.0101531 2.04198
0 31 0.0106926 2.04198
0 31 0.0152215 2.04198
0 31 0.00993967 2.04198
0 31 0.0148823 2.04198
0 31 0.0140171 2.04198
0 31 0.0188494 2.04198
0 31 0.00932712 2.04198
0 31 0.0168303 2.04198
0 31 0.0155126 2.04198
0 31 0.0136095 2.04198
0 31 0.0169605 2.04198
0 31 0.0142426 2.04198
0 31 0.0154425 2.04198
0 31 0.0158183 2.04198
0 31 0.0134225 2.04198
0 31 0.0127414 2.04198
0 31 0.0131261 2.04198
0 31 0.018921 2.04198
0 31 0.0107386 2.04198
0 31 0.0130667 2.04198
0 31 0.0154729 2.04198
0 31 0.0158249 2.04198
0 31 0.010143 2.04198
0 31 0.0177299 2.04198
0 31 0.0112692 2.04198
0 31 0.0163588 2.04198
0 31 0.0118972 2.04198
0 31 0.0140252 2.04198
0 31 0.0100383 2.04198
0 31 0.0144798 2.04198
0 31 0.0113079 2.04198
1 31 0.0132507 16.6519
1 31 0.00933561 16.6519
1 31 0.0135858 16.6519
1 31 0.0114015 16.6519
1 31 0.0131229 16.6519
1 31 0.013589 16.6519
1 31 0.0114963 16.6519
1 31 0.0144339 16.6519
1 31 0.0123695 16.6519
1 31 0.0131112 16.6519
1 31 0.0123408 16.6519
1 31 0.0115844 16.6519
1 31 0.0137995 16.6519
1 31 0.0116568 16.6519
1 31 0.015412 16.6519
1 31 0.015176 16.6519
1 31 0.0124944 16.6519
1 31 0.0127248 16.6519
1 31 0.0134768 16.6519
1 31 0.0132668 16.6519
1 31 0.0130012 16.6519
1 31 0.0108778 16.6519
1 31 0.013379 16.6519
1 31 0.0118427 16.6519
1 31 0.0103123 16.6519
1 31 0.0127805 16.6519
1 31 0.012978 16.6519
1 31 0.0145977 16.6519
1 31 0.0125592 16.6519
1 31 0.0134803 16.6519
1 31 0.00929673 16.6519
1 31 0.0119078 16.6519
1 31 0.00880859 16.6519
1 31 0.0136575 16.6519
1 31 0.0123761 16.6519
1 31 0.0139825 16.6519
1 31 0.0126441 16.6519
1 31 0.0130555 16.6519
1 31 0.011268 16.6519
1 31 0.0133587 16.6519
1 31 0.0135608 16.6519
1 31 0.0110042 16.6519
1 31 0.00806898 16.6519
1 31 0.0137129 16.6519
1 31 0.0142413 16.6519
1 31 0.0128286 16.6519
1 31 0.0130165 16.6519
1 31 0.0108331 16.6519
1 31 0.0123823 16.6519
1 31 0.0145282 16.6519
2 31 0.0233546 -4.03196e-16
2 31 0.0270116 -4.03196e-16
2 31 0.0226131 -4.03196e-16
2 31 0.0189917 -4.03196e-16
2 31 0.025673 -4.03196e-16
2 31 0.0227438 -4.03196e-16
2 31 0.0270144 -4.03196e-16
2 31 0.0256986 -4.03196e-16
2 31 0.0198936 -4.03196e-16
2 31 0.0257542 -4.03196e-16
2 31 0.0257074 -4.03196e-16
2 31 0.0194761 -4.03196e-16
2 31 0.0284481 -4.03196e-16
2 31 0.0268616 -4.03196e-16
2 31 0.0281313 -4.03196e-16
2 31 0.0253869 -4.03196e-16
2 31 0.0182943 -4.03196e-16
2 31 0.0261779 -4.03196e-16
2 31 0.0199219 -4.03196e-16
2 31 0.0271109 -4.03196e-16
2 31 0.0277625 -4.03196e-16
2 31 0.0243092 -4.03196e-16
2 31 0.0172367 -4.03196e-16
2 31 0.0261925 -4.03196e-16
2 31 0.0255366 -4.03196e-16
2 31 0.0210557 -4.03196e-16
2 31 0.0205048 -4.03196e-16
2 31 0.0259101 -4.03196e-16
2 31 0.0264132 -4.03196e-16
2 31 0.0259141 -4.03196e-16
2 31 0.0185625 -4.03196e-16
2 31 0.0136829 -4.03196e-16
2 31 0.0184178 -4.03196e-16
2 31 0.0275409 -4.03196e-16
2 31 0.0239262 -4.03196e-16
2 31 0.0175454 -4.03196e-16
2 31 0.0279183 -4.03196e-16
2 31 0.0216681 -4.03196e-16
2 31 0.0263169 -4.03196e-16
2 31 0.0258834 -4.03196e-16
2 31 0.0286659 -4.03196e-16
2 31 0.0266969 -4.03196e-16
2 31 0.0251591 -4.03196e-16
2 31 0.0235557 -4.03196e-16
2 31 0.0258207 -4.03196e-16
2 31 0.0182853 -4.03196e-16
2 31 0.0244574 -4.03196e-16
2 31 0.026181 -4.03196e-16
2 31 0.0239126 -4.03196e-16
2 31 0.0243675 -4.03196e-16
3 31 0.0127685 211.098
3 31 0.0113984 211.098
3 31 0.0124738 211.098
3 31 0.011745 211.098
3 31 0.013023 211.098
3 31 0.0135169 211.098
3 31 0.0135059 211.098
3 31 0.0144318 211.098
3 31 0.0114677 211.098
3 31 0.0130117 211.098
3 31 0.0130183 211.098
3 31 0.0134472 211.098
3 31 0.0122636 211.098
3 31 0.0132064 211.098
3 31 0.0106723 211.098
3 31 0.0133788 211.098
3 31 0.013199 211.098
3 31 0.0144307 211.098
3 31 0.010701 211.098
3 31 0.0129211 211.098
3 31 0.013023 211.098
3 31 0.0138405 211.098
3 31 0.0114499 211.098
3 31 0.0140099 211.098
3 31 0.0127424 211.098
3 31 0.0145448 211.098
3 31 0.0136788 211.098
3 31 0.0124429 211.098
3 31 0.0111854 211.098
3 31 0.00925354 211.098
3 31 0.00940097 211.098
3 31 0.0131957 211.098
3 31 0.014614 211.098
3 31 0.013221 211.098
3 31 0.0135138 211.098
3 31 0.0134695 211.098
3 31 0.0123989 211.098
3 31 0.0149412 211.098
3 31 0.0138672 211.098
3 31 0.0145658 211.098
3 31 0.0129886 211.098
3 31 0.0149981 211.098
3 31 0.0105433 211.098
3 31 0.011689 211.098
3 31 0.0137898 211.098
3 31 0.0129528 211.098
3 31 0.0129699 211.098
3 31 0.0151912 211.098
3 31 0.011306 211.098
4 31 0.0114222 9.98959
4 31 0.0100423 9.98959
4 31 0.0110824 9.98959
4 31 0.0112204 9.98959
4 31 0.0103242 9.98959
4 31 0.0101373 9.98959
4 31 0.0103149 9.98959
4 31 0.0106471 9.98959
4 31 0.0101274 9.98959
4 31 0.00948712 9.98959
4 31 0.00987317 9.98959
4 31 0.0100627 9.98959
4 31 0.00996612 9.98959
4 31 0.00973788 9.98959
3 31 0.011959 211.098
4 31 0.00961396 9.98959
4 31 0.0114833 9.98959
4 31 0.0105043 9.98959
4 31 0.0099639 9.98959
4 31 0.00936349 9.98959
4 31 0.00821583 9.98959
4 31 0.0100529 9.98959
4 31 0.00978988 9.98959
4 31 0.0120026 9.98959
4 31 0.0100826 9.98959
4 31 0.00911411 9.98959
4 31 0.0102004 9.98959
4 31 0.011523 9.98959
4 31 0.0101564 9.98959
4 31 0.011109 9.98959
4 31 0.00995877 9.98959
4 31 0.00991822 9.98959
4 31 0.0116323 9.98959
4 31 0.0100996 9.98959
4 31 0.0100512 9.98959
4 31 0.0103271 9.98959
4 31 0.0119669 9.98959
4 31 0.00970317 9.98959
4 31 0.0120488 9.98959
4 31 0.0070659 9.98959
4 31 0.00886399 9.98959
4 31 0.00960411 9.98959
4 31 0.010889 9.98959
4 31 0.0107955 9.98959
4 31 0.00887859 9.98959
4 31 0.0102788 9.98959
4 31 0.00612718 9.98959
4 31 0.0111098 9.98959
4 31 0.010796 9.98959
4 31 0.0112563 9.98959
4 31 0.0102449 9.98959
5 31 1.68554 25.0222
5 31 1.68763 25.0222
5 31 1.70858 25.0222
5 31 1.68504 25.0222
5 31 1.68388 25.0222
5 31 1.68872 25.0222
5 31 1.68654 25.0222
5 31 1.69205 25.0222
5 31 1.6898 25.0222
5 31 1.68442 25.0222
5 31 1.68311 25.0222
5 31 1.7084 25.0222
5 31 1.68622 25.0222
5 31 1.68497 25.0222
5 31 1.68699 25.0222
5 31 1.71599 25.0222
5 31 1.68959 25.0222
5 31 1.69186 25.0222
5 31 1.69147 25.0222
5 31 1.68318 25.0222
5 31 1.69805 25.0222
5 31 1.68459 25.0222
5 31 1.68562 25.0222
5 31 1.68879 25.0222
5 31 1.69008 25.0222
5 31 1.72903 25.0222
5 31 1.72665 25.0222
5 31 1.68998 25.0222
5 31 1.69432 25.0222
5 31 1.68427 25.0222
5 31 1.69247 25.0222
5 31 1.68676 25.0222
5 31 1.68255 25.0222
5 31 1.68959 25.0222
5 31 1.68569 25.0222
5 31 1.68903 25.0222
5 31 1.68914 25.0222
5 31 1.69047 25.0222
5 31 1.68214 25.0222
5 31 1.68514 25.0222
5 31 1.69195 25.0222
5 31 1.71904 25.0222
5 31 1.72372 25.0222
5 31 1.68274 25.0222
5 31 1.68403 25.0222
5 31 1.68942 25.0222
5 31 1.69393 25.0222
5 31 1.69656 25.0222
5 31 1.6926 25.0222
5 31 1.69114 25.0222
0 32 0.0187288 2.04198
0 32 0.0204034 2.04198
0 32 0.0163557 2.04198
0 32 0.0136398 2.04198
0 32 0.0114969 2.04198
0 32 0.0103378 2.04198
0 32 0.0191731 2.04198
0 32 0.0128341 2.04198
0 32 0.0116741 2.04198
0 32 0.0134827 2.04198
0 32 0.0161327 2.04198
0 32 0.0124126 2.04198
0 32 0.0111065 2.04198
0 32 0.0125179 2.04198
0 32 0.0103287 2.04198
0 32 0.00819777 2.04198
0 32 0.00987906 2.04198
0 32 0.0154255 2.04198
0 32 0.00739644 2.04198
0 32 0.0113089 2.04198
0 32 0.0150934 2.04198
0 32 0.011031 2.04198
0 32 0.0146895 2.04198
0 32 0.0108354 2.04198
0 32 0.0118014 2.04198
0 32 0.013131 2.04198
0 32 0.0158033 2.04198
0 32 0.0160831 2.04198
0 32 0.013592 2.04198
0 32 0.0178848 2.04198
0 32 0.0109782 2.04198
0 32 0.0116998 2.04198
0 32 0.0101273 2.04198
0 32 0.0176583 2.04198
0 32 0.0137542 2.04198
0 32 0.0130408 2.04198
0 32 0.0137653 2.04198
0 32 0.0153447 2.04198
0 32 0.0138041 2.04198
0 32 0.0162941 2.04198
0 32 0.0163079 2.04198
0 32 0.0151192 2.04198
0 32 0.0140786 2.04198
0 32 0.0179551 2.04198
0 32 0.0159335 2.04198
0 32 0.0122454 2.04198
0 32 0.0116258 2.04198
0 32 0.0164786 2.04198
0 32 0.0104389 2.04198
0 32 0.0146709 2.04198
0 32 0.0163198 2.04198
0 32 0.0143154 2.04198
0 32 0.0161546 2.04198
0 32 0.0149435 2.04198
0 32 0.0157704 2.04198
0 32 0.0181265 2.04198
0 32 0.0194509 2.04198
0 32 0.0117468 2.04198
0 32 0.0110625 2.04198
0 32 0.010702 2.04198
0 32 0.0134004 2.04198
0 32 0.01423 2.04198
0 32 0.020081 2.04198
0 32 0.0170843 2.04198
0 32 0.0129793 2.04198
0 32 0.0152382 2.04198
0 32 0.0162086 2.04198
0 32 0.0120587 2.04198
0 32 0.0163964 2.04198
0 32 0.0165361 2.04198
0 32 0.0154305 2.04198
0 32 0.0163328 2.04198
0 32 0.0166761 2.04198
0 32 0.0132779 2.04198
0 32 0.0150232 2.04198
0 32 0.0156952 2.04198
0 32 0.0151273 2.04198
0 32 0.0156535 2.04198
0 32 0.0136495 2.04198
0 32 0.0168975 2.04198
0 32 0.0158356 2.04198
0 32 0.0152717 2.04198
0 32 0.0108969 2.04198
0 32 0.0143559 2.04198
0 32 0.0155871 2.04198
0 32 0.0144771 2.04198
0 32 0.0207202 2.04198
0 32 0.0170543 2.04198
0 32 0.0137741 2.04198
0 32 0.0180925 2.04198
0 32 0.0169098 2.04198
0 32 0.0188787 2.04198
0 32 0.0171753 2.04198
0 32 0.0192534 2.04198
0 32 0.0189448 2.04198
0 32 0.0171618 2.04198
0 32 0.0195751 2.04198
0 32 0.0125872 2.04198
1 32 0.0145143 16.6519
1 32 0.0139469 16.6519
1 32 0.0121208 16.6519
1 32 0.0137459 16.6519
1 32 0.0131209 16.6519
1 32 0.0151794 16.6519
1 32 0.0144054 16.6519
1 32 0.0116215 16.6519
1 32 0.0154323 16.6519
1 32 0.0108935 16.6519
1 32 0.0148888 16.6519
1 32 0.0131301 16.6519
0 32 0.0141762 2.04198
1 32 0.0122196 16.6519
1 32 0.0151795 16.6519
1 32 0.00942194 16.6519
1 32 0.0124182 16.6519
1 32 0.0118537 16.6519
1 32 0.0127438 16.6519
1 32 0.0130465 16.6519
1 32 0.0125382 16.6519
1 32 0.0134499 16.6519
1 32 0.0131262 16.6519
1 32 0.0130728 16.6519
1 32 0.0133018 16.6519
1 32 0.0129665 16.6519
1 32 0.0117123 16.6519
1 32 0.0130943 16.6519
1 32 0.0117306 16.6519
1 32 0.0135051 16.6519
1 32 0.0126517 16.6519
1 32 0.0144544 16.6519
1 32 0.0130907 16.6519
1 32 0.00767999 16.6519
1 32 0.0109151 16.6519
1 32 0.0136262 16.6519
1 32 0.01316 16.6519
1 32 0.014734 16.6519
1 32 0.0136337 16.6519
1 32 0.0130977 16.6519
1 32 0.0147207 16.6519
1 32 0.0142116 16.6519
1 32 0.0147399 16.6519
1 32 0.0132039 16.6519
1 32 0.0139638 16.6519
1 32 0.0137072 16.6519
1 32 0.0133175 16.6519
1 32 0.0141955 16.6519
1 32 0.0146499 16.6519
1 32 0.01298 16.6519
2 32 0.0292079 -4.03196e-16
2 32 0.0183982 -4.03196e-16
2 32 0.0252325 -4.03196e-16
2 32 0.0255344 -4.03196e-16
2 32 0.0177525 -4.03196e-16
2 32 0.0247229 -4.03196e-16
2 32 0.0263763 -4.03196e-16
2 32 0.0313912 -4.03196e-16
2 32 0.0252937 -4.03196e-16
2 32 0.0253295 -4.03196e-16
2 32 0.0181716 -4.03196e-16
2 32 0.0290902 -4.03196e-16
2 32 0.0260767 -4.03196e-16
2 32 0.0256143 -4.03196e-16
2 32 0.0253026 -4.03196e-16
2 32 0.0236795 -4.03196e-16
2 32 0.0246625 -4.03196e-16
2 32 0.0283525 -4.03196e-16
2 32 0.0245251 -4.03196e-16
2 32 0.0266283 -4.03196e-16
1 32 0.0146938 16.6519
2 32 0.0243532 -4.03196e-16
2 32 0.0249014 -4.03196e-16
2 32 0.0183761 -4.03196e-16
2 32 0.0293029 -4.03196e-16
2 32 0.0255559 -4.03196e-16
2 32 0.0264789 -4.03196e-16
2 32 0.0198868 -4.03196e-16
2 32 0.0185277 -4.03196e-16
2 32 0.0215377 -4.03196e-16
2 32 0.0255124 -4.03196e-16
2 32 0.0206032 -4.03196e-16
2 32 0.0212849 -4.03196e-16
2 32 0.0270039 -4.03196e-16
2 32 0.0255523 -4.03196e-16
2 32 0.0253447 -4.03196e-16
2 32 0.0176285 -4.03196e-16
2 32 0.0187257 -4.03196e-16
2 32 0.0265268 -4.03196e-16
2 32 0.0248364 -4.03196e-16
2 32 0.022631 -4.03196e-16
2 32 0.0262608 -4.03196e-16
2 32 0.0269354 -4.03196e-16
2 32 0.0303839 -4.03196e-16
2 32 0.0234384 -4.03196e-16
2 32 0.0262669 -4.03196e-16
2 32 0.0270639 -4.03196e-16
2 32 0.0259747 -4.03196e-16
3 32 0.0140929 211.098
3 32 0.0122402 211.098
2 32 0.0236451 -4.03196e-16
3 32 0.0117456 211.098
2 32 0.0203359 -4.03196e-16
3 32 0.0137413 211.098
2 32 0.025695 -4.03196e-16
3 32 0.0130067 211.098
3 32 0.0148206 211.098
3 32 0.0147125 211.098
3 32 0.0140225 211.098
3 32 0.0122065 211.098
3 32 0.0111321 211.098
3 32 0.0130511 211.098
3 32 0.0133831 211.098
3 32 0.0132289 211.098
3 32 0.0119144 211.098
3 32 0.0121118 211.098
3 32 0.0133965 211.098
3 32 0.0123609 211.098
3 32 0.0124186 211.098
3 32 0.0136086 211.098
3 32 0.011791 211.098
3 32 0.0150292 211.098
3 32 0.0107856 211.098
3 32 0.0136543 211.098
3 32 0.0150024 211.098
3 32 0.0131316 211.098
3 32 0.0114592 211.098
3 32 0.0121257 211.098
3 32 0.0123147 211.098
3 32 0.0146153 211.098
3 32 0.0154823 211.098
3 32 0.0132403 211.098
3 32 0.0144517 211.098
3 32 0.0126813 211.098
3 32 0.0145293 211.098
3 32 0.0134348 211.098
3 32 0.0134417 211.098
3 32 0.015112 211.098
3 32 0.0150067 211.098
3 32 0.0127475 211.098
3 32 0.0109116 211.098
3 32 0.0129776 211.098
3 32 0.0124546 211.098
3 32 0.0130587 211.098
3 32 0.0123268 211.098
3 32 0.0136474 211.098
3 32 0.0121671 211.098
3 32 0.0138902 211.098
3 32 0.0131518 211.098
4 32 0.0100558 9.98959
4 32 0.0102587 9.98959
4 32 0.0101765 9.98959
4 32 0.00988297 9.98959
4 32 0.0111249 9.98959
4 32 0.011517 9.98959
4 32 0.0089363 9.98959
4 32 0.0103828 9.98959
4 32 0.0084212 9.98959
4 32 0.011516 9.98959
4 32 0.0103392 9.98959
4 32 0.0109041 9.98959
4 32 0.0105561 9.98959
3 32 0.0144094 211.098
4 32 0.0113669 9.98959
4 32 0.0103322 9.98959
3 32 0.0137319 211.098
4 32 0.00990727 9.98959
4 32 0.0113313 9.98959
4 32 0.00938295 9.98959
4 32 0.0104255 9.98959
4 32 0.0106145 9.98959
4 32 0.0099016 9.98959
4 32 0.0109614 9.98959
4 32 0.0102499 9.98959
4 32 0.0116689 9.98959
4 32 0.0103285 9.98959
4 32 0.0115164 9.98959
4 32 0.009867 9.98959
4 32 0.0104561 9.98959
4 32 0.0112089 9.98959
4 32 0.0111307 9.98959
4 32 0.0105188 9.98959
4 32 0.0109622 9.98959
4 32 0.00727468 9.98959
4 32 0.0101998 9.98959
4 32 0.00952309 9.98959
4 32 0.010033 9.98959
4 32 0.0131628 9.98959
4 32 0.0117837 9.98959
4 32 0.0110455 9.98959
4 32 0.0113153 9.98959
4 32 0.00998545 9.98959
4 32 0.00765606 9.98959
4 32 0.0124065 9.98959
4 32 0.0100015 9.98959
4 32 0.0116526 9.98959
4 32 0.0110728 9.98959
4 32 0.0121372 9.98959
4 32 0.0117876 9.98959
4 32 0.0102749 9.98959
4 32 0.00970741 9.98959
5 32 1.68886 25.0222
5 32 1.69148 25.0222
5 32 1.69554 25.0222
5 32 1.68921 25.0222
5 32 1.68555 25.0222
5 32 1.68984 25.0222
5 32 1.68176 25.0222
5 32 1.68509 25.0222
5 32 1.68416 25.0222
5 32 1.68787 25.0222
5 32 1.67951 25.0222
5 32 1.6878 25.0222
5 32 1.68398 25.0222
5 32 1.69516 25.0222
5 32 1.69567 25.0222
5 32 1.68467 25.0222
5 32 1.68541 25.0222
5 32 1.69352 25.0222
5 32 1.69298 25.0222
5 32 1.68814 25.0222
5 32 1.68856 25.0222
5 32 1.69493 25.0222
5 32 1.6872 25.0222
5 32 1.68939 25.0222
5 32 1.68967 25.0222
5 32 1.68488 25.0222
5 32 1.68773 25.0222
5 32 1.68123 25.0222
5 32 1.69606 25.0222
5 32 1.69663 25.0222
5 32 1.68525 25.0222
5 32 1.72929 25.0222
5 32 1.68495 25.0222
5 32 1.68816 25.0222
5 32 1.68365 25.0222
5 32 1.68526 25.0222
5 32 1.68363 25.0222
5 32 1.6895 25.0222
5 32 1.68685 25.0222
5 32 1.70787 25.0222
5 32 1.68604 25.0222
5 32 1.68777 25.0222
5 32 1.68327 25.0222
5 32 1.69183 25.0222
5 32 1.69119 25.0222
5 32 1.68702 25.0222
5 32 1.69001 25.0222
5 32 1.689 25.0222
5 32 1.69174 25.0222
5 32 1.69847 25.0222
0 33 0.0158641 2.04198
0 33 0.0130892 2.04198
0 33 0.0169824 2.04198
0 33 0.0152092 2.04198
0 33 0.0133806 2.04198
0 33 0.00984804 2.04198
0 33 0.0107007 2.04198
0 33 0.0111779 2.04198
0 33 0.0089859 2.04198
0 33 0.0132871 2.04198
0 33 0.0155898 2.04198
0 33 0.00910682 2.04198
0 33 0.0162406 2.04198
0 33 0.0161495 2.04198
0 33 0.0128027 2.04198
0 33 0.0200456 2.04198
0 33 0.0186614 2.04198
0 33 0.0117054 2.04198
0 33 0.0143428 2.04198
0 33 0.0114535 2.04198
0 33 0.0146569 2.04198
0 33 0.0118071 2.04198
0 33 0.0110651 2.04198
0 33 0.0120722 2.04198
0 33 0.0157693 2.04198
0 33 0.0108069 2.04198
0 33 0.0124388 2.04198
0 33 0.0141255 2.04198
0 33 0.0111288 2.04198
0 33 0.0104715 2.04198
0 33 0.00915282 2.04198
0 33 0.00915541 2.04198
0 33 0.0102675 2.04198
0 33 0.0103244 2.04198
0 33 0.017192 2.04198
0 33 0.0162155 2.04198
0 33 0.0187455 2.04198
0 33 0.0147754 2.04198
0 33 0.0140799 2.04198
0 33 0.0151909 2.04198
0 33 0.0158236 2.04198
0 33 0.0100601 2.04198
0 33 0.0183197 2.04198
0 33 0.0148548 2.04198
0 33 0.0123436 2.04198
0 33 0.0126424 2.04198
0 33 0.013958 2.04198
0 33 0.012474 2.04198
0 33 0.0104406 2.04198
0 33 0.0189657 2.04198
0 33 0.0152551 2.04198
0 33 0.0182232 2.04198
0 33 0.0156192 2.04198
0 33 0.0135838 2.04198
0 33 0.0153796 2.04198
0 33 0.0116589 2.04198
0 33 0.0139552 2.04198
0 33 0.00946667 2.04198
0 33 0.00972032 2.04198
0 33 0.0180962 2.04198
0 33 0.0143674 2.04198
0 33 0.0131292 2.04198
0 33 0.0134042 2.04198
0 33 0.0143684 2.04198
0 33 0.0136855 2.04198
0 33 0.0183919 2.04198
0 33 0.0208233 2.04198
0 33 0.0144807 2.04198
0 33 0.014907 2.04198
0 33 0.0134791 2.04198
0 33 0.0160009 2.04198
0 33 0.0155738 2.04198
0 33 0.0100246 2.04198
0 33 0.0157399 2.04198
0 33 0.0148833 2.04198
0 33 0.0177281 2.04198
0 33 0.0104786 2.04198
0 33 0.012376 2.04198
0 33 0.0102284 2.04198
0 33 0.0112737 2.04198
0 33 0.0153723 2.04198
0 33 0.0141245 2.04198
0 33 0.0158576 2.04198
0 33 0.0166085 2.04198
0 33 0.0154662 2.04198
0 33 0.0117486 2.04198
0 33 0.0141319 2.04198
0 33 0.015772 2.04198
0 33 0.00938007 2.04198
0 33 0.00731932 2.04198
0 33 0.0114945 2.04198
0 33 0.0141847 2.04198
0 33 0.012455 2.04198
0 33 0.0143197 2.04198
0 33 0.0166214 2.04198
0 33 0.0145455 2.04198
0 33 0.0164889 2.04198
0 33 0.0150581 2.04198
1 33 0.0108365 16.6519
1 33 0.00989173 16.6519
1 33 0.0119872 16.6519
1 33 0.0131253 16.6519
1 33 0.0119937 16.6519
1 33 0.0102826 16.6519
1 33 0.014859 16.6519
1 33 0.0119429 16.6519
1 33 0.0121506 16.6519
1 33 0.0100518 16.6519
1 33 0.0117877 16.6519
1 33 0.0127573 16.6519
1 33 0.012874 16.6519
1 33 0.0110219 16.6519
1 33 0.0132019 16.6519
1 33 0.0134344 16.6519
1 33 0.0136519 16.6519
1 33 0.0141194 16.6519
1 33 0.0120924 16.6519
1 33 0.014787 16.6519
1 33 0.0139926 16.6519
1 33 0.0125837 16.6519
1 33 0.0120321 16.6519
1 33 0.0134502 16.6519
1 33 0.0111666 16.6519
1 33 0.0132677 16.6519
1 33 0.012417 16.6519
1 33 0.0152163 16.6519
1 33 0.0134177 16.6519
1 33 0.00773412 16.6519
1 33 0.0119189 16.6519
1 33 0.0130768 16.6519
1 33 0.0127206 16.6519
1 33 0.0142095 16.6519
1 33 0.0115213 16.6519
1 33 0.0113864 16.6519
1 33 0.0135515 16.6519
1 33 0.0120136 16.6519
1 33 0.0111069 16.6519
1 33 0.014149 16.6519
1 33 0.0137609 16.6519
1 33 0.0147959 16.6519
1 33 0.0117016 16.6519
1 33 0.0130529 16.6519
1 33 0.011665 16.6519
2 33 0.0254536 -4.03196e-16
2 33 0.0255704 -4.03196e-16
1 33 0.0142526 16.6519
2 33 0.0257723 -4.03196e-16
1 33 0.0137892 16.6519
1 33 0.0138785 16.6519
1 33 0.0124254 16.6519
1 33 0.0123528 16.6519
2 33 0.0258578 -4.03196e-16
2 33 0.0261016 -4.03196e-16
2 33 0.0186513 -4.03196e-16
2 33 0.020966 -4.03196e-16
2 33 0.0259263 -4.03196e-16
2 33 0.0189882 -4.03196e-16
2 33 0.0269337 -4.03196e-16
2 33 0.0252123 -4.03196e-16
2 33 0.0193459 -4.03196e-16
2 33 0.0187409 -4.03196e-16
2 33 0.0289334 -4.03196e-16
2 33 0.0257322 -4.03196e-16
2 33 0.0246904 -4.03196e-16
2 33 0.024749 -4.03196e-16
2 33 0.0220727 -4.03196e-16
2 33 0.0322411 -4.03196e-16
2 33 0.0246626 -4.03196e-16
2 33 0.021613 -4.03196e-16
2 33 0.0251779 -4.03196e-16
2 33 0.0234824 -4.03196e-16
2 33 0.0262362 -4.03196e-16
2 33 0.0203172 -4.03196e-16
2 33 0.0197421 -4.03196e-16
2 33 0.0262742 -4.03196e-16
2 33 0.026779 -4.03196e-16
2 33 0.0236728 -4.03196e-16
2 33 0.0253146 -4.03196e-16
2 33 0.0244559 -4.03196e-16
2 33 0.0236719 -4.03196e-16
2 33 0.0202397 -4.03196e-16
2 33 0.0248182 -4.03196e-16
2 33 0.0182255 -4.03196e-16
2 33 0.0264398 -4.03196e-16
2 33 0.0241037 -4.03196e-16
2 33 0.0250371 -4.03196e-16
2 33 0.0254691 -4.03196e-16
2 33 0.0247289 -4.03196e-16
2 33 0.0197525 -4.03196e-16
2 33 0.0269377 -4.03196e-16
2 33 0.0183498 -4.03196e-16
2 33 0.028679 -4.03196e-16
2 33 0.0244032 -4.03196e-16
2 33 0.0183288 -4.03196e-16
2 33 0.0271772 -4.03196e-16
2 33 0.0267205 -4.03196e-16
2 33 0.0254272 -4.03196e-16
3 33 0.0102261 211.098
3 33 0.0132935 211.098
3 33 0.0133354 211.098
3 33 0.0153684 211.098
3 33 0.0126353 211.098
3 33 0.0131621 211.098
3 33 0.0115301 211.098
3 33 0.0128233 211.098
3 33 0.0146367 211.098
3 33 0.0116116 211.098
3 33 0.0130514 211.098
3 33 0.0128852 211.098
3 33 0.0123413 211.098
3 33 0.0143218 211.098
3 33 0.0112112 211.098
3 33 0.0118644 211.098
3 33 0.0147094 211.098
3 33 0.0120969 211.098
3 33 0.00976058 211.098
3 33 0.0121766 211.098
3 33 0.0136692 211.098
3 33 0.010755 211.098
3 33 0.0132181 211.098
3 33 0.0133114 211.098
3 33 0.0136098 211.098
3 33 0.0121581 211.098
3 33 0.0136474 211.098
3 33 0.0130096 211.098
3 33 0.0113868 211.098
3 33 0.0134511 211.098
3 33 0.0119789 211.098
3 33 0.0121434 211.098
3 33 0.0126367 211.098
2 33 0.0269462 -4.03196e-16
3 33 0.0129945 211.098
3 33 0.0131386 211.098
3 33 0.0109744 211.098
3 33 0.0129763 211.098
3 33 0.0115379 211.098
3 33 0.0115531 211.098
3 33 0.0130787 211.098
3 33 0.0130755 211.098
3 33 0.0116528 211.098
3 33 0.0116515 211.098
3 33 0.0130371 211.098
3 33 0.0146346 211.098
3 33 0.0125806 211.098
4 33 0.00989089 9.98959
3 33 0.0114623 211.098
4 33 0.0107414 9.98959
4 33 0.0117608 9.98959
4 33 0.0104812 9.98959
4 33 0.00995444 9.98959
3 33 0.0132718 211.098
3 33 0.0130463 211.098
4 33 0.0101878 9.98959
3 33 0.0125419 211.098
4 33 0.00997511 9.98959
4 33 0.0119177 9.98959
4 33 0.0119292 9.98959
4 33 0.00993226 9.98959
4 33 0.0106718 9.98959
4 33 0.0114754 9.98959
4 33 0.0111877 9.98959
4 33 0.0114956 9.98959
4 33 0.0101768 9.98959
4 33 0.0118812 9.98959
4 33 0.0100845 9.98959
4 33 0.00862032 9.98959
4 33 0.0126256 9.98959
4 33 0.0107391 9.98959
4 33 0.0115213 9.98959
4 33 0.0107335 9.98959
4 33 0.0101467 9.98959
4 33 0.0100666 9.98959
4 33 0.00973113 9.98959
4 33 0.0101086 9.98959
4 33 0.0110484 9.98959
4 33 0.0107556 9.98959
4 33 0.00909926 9.98959
4 33 0.0100155 9.98959
4 33 0.0108876 9.98959
4 33 0.0109064 9.98959
4 33 0.0100167 9.98959
4 33 0.00962895 9.98959
4 33 0.0100205 9.98959
4 33 0.010875 9.98959
4 33 0.0125938 9.98959
4 33 0.00697733 9.98959
4 33 0.00999527 9.98959
4 33 0.0104966 9.98959
4 33 0.00748712 9.98959
4 33 0.0111784 9.98959
4 33 0.0101497 9.98959
4 33 0.0103832 9.98959
4 33 0.0115967 9.98959
4 33 0.0111323 9.98959
4 33 0.0117362 9.98959
4 33 0.010021 9.98959
5 33 1.6833 25.0222
5 33 1.69871 25.0222
5 33 1.68511 25.0222
5 33 1.68433 25.0222
4 33 0.00977806 9.98959
5 33 1.69584 25.0222
5 33 1.68445 25.0222
5 33 1.68925 25.0222
5 33 1.682 25.0222
5 33 1.71591 25.0222
5 33 1.68126 25.0222
5 33 1.72218 25.0222
5 33 1.68395 25.0222
5 33 1.68442 25.0222
5 33 1.69319 25.0222
5 33 1.73151 25.0222
5 33 1.69399 25.0222
5 33 1.68865 25.0222
5 33 1.70315 25.0222
5 33 1.68708 25.0222
5 33 1.69016 25.0222
4 33 0.00892391 9.98959
5 33 1.68183 25.0222
5 33 1.71227 25.0222
5 33 1.69117 25.0222
5 33 1.68835 25.0222
5 33 1.6918 25.0222
5 33 1.68627 25.0222
5 33 1.68789 25.0222
5 33 1.68384 25.0222
5 33 1.68396 25.0222
5 33 1.68788 25.0222
5 33 1.68694 25.0222
5 33 1.70046 25.0222
5 33 1.6832 25.0222
5 33 1.69226 25.0222
5 33 1.6828 25.0222
5 33 1.69517 25.0222
5 33 1.71806 25.0222
5 33 1.68587 25.0222
5 33 1.70382 25.0222
5 33 1.6825 25.0222
5 33 1.68664 25.0222
5 33 1.68569 25.0222
5 33 1.68608 25.0222
5 33 1.68408 25.0222
5 33 1.68454 25.0222
5 33 1.69248 25.0222
5 33 1.68875 25.0222
5 33 1.689 25.0222
5 33 1.69114 25.0222
5 33 1.68708 25.0222
