0 3 1.8155 2.03353
0 3 0.989232 2.04198
0 3 0.389286 2.04166
0 3 0.98072 2.03998
0 3 0.880955 2.04127
0 3 0.376719 2.04136
0 3 2.04045 2.04109
0 3 0.907306 2.04185
0 3 0.976412 2.04185
0 3 1.65326 2.04032
0 3 1.71145 2.04194
0 3 0.352817 2.02723
0 3 0.918499 2.03902
0 3 1.66743 2.04133
0 3 0.952652 2.0164
0 3 0.370823 2.0164
0 3 1.16745 2.04144
0 3 1.15754 2.04052
0 3 1.6482 2.04188
0 3 0.386297 2.04161
0 3 1.1402 2.04137
0 3 1.10803 2.04009
0 3 0.977767 2.0414
0 3 1.8183 2.04184
0 3 0.352911 2.04007
0 3 0.400138 2.02311
0 3 1.65424 2.03947
0 3 0.96926 2.02208
0 3 0.399539 2.04148
0 3 1.66773 2.04009
0 3 1.04951 2.04198
0 3 0.987412 2.0164
0 3 1.87267 2.02149
0 3 0.956758 2.0216
0 3 0.988144 2.04183
0 3 0.885015 2.04135
0 3 1.04568 2.04191
0 3 0.391069 2.04172
0 3 0.3857 2.04041
0 3 1.19459 2.04138
0 3 0.367012 2.04019
0 3 1.05069 2.04081
0 3 1.13154 2.02197
0 3 1.0413 2.01696
0 3 0.365599 2.04162
0 3 1.12576 2.04017
0 3 0.969307 2.04121
0 3 1.13424 2.04174
0 3 0.889853 2.0164
0 3 0.397518 2.0356
0 3 0.891097 2.0164
0 3 1.72644 2.03775
0 3 0.991207 2.04196
0 3 0.390118 2.03757
0 3 1.77872 2.03457
0 3 0.973572 2.0281
0 3 1.16089 2.03992
0 3 0.442246 2.0356
0 3 1.4878 2.04144
0 3 1.72198 2.03886
0 3 1.03303 2.03942
0 3 1.15155 2.04007
0 3 0.914101 2.0164
0 3 0.952807 2.02068
0 3 1.10179 2.04163
0 3 1.01696 2.04109
0 3 0.404791 2.0356
0 3 0.990572 2.0164
0 3 0.995834 2.04058
0 3 1.13027 2.03087
0 3 0.400548 2.03629
0 3 0.396073 2.04185
0 3 0.987853 2.02592
0 3 1.78461 2.02674
0 3 1.27738 2.04097
0 3 0.971785 2.0414
0 3 1.01208 2.04194
0 3 0.988198 2.04147
0 3 0.400463 2.04165
0 3 0.334557 2.0257
0 3 0.953945 2.0164
0 3 1.07917 2.04188
0 3 0.972325 2.0224
0 3 0.401157 2.04087
0 3 1.05382 2.04195
0 3 1.91185 2.02149
0 3 1.0931 2.03896
0 3 1.01489 2.04069
0 3 0.630021 2.01824
0 3 1.03123 2.04102
0 3 1.09524 2.04055
0 3 0.588513 2.04169
0 3 0.606279 2.04176
0 3 1.15688 2.04193
0 3 0.995362 2.04197
0 3 0.530438 2.03591
0 3 1.51149 2.04179
0 3 0.552022 2.03407
0 3 1.09775 2.0418
0 3 1.64643 2.0164
1 3 0.6721 16.6528
1 3 1.10045 16.638
1 3 0.650871 16.6528
1 3 1.06971 16.6504
1 3 1.1842 16.6523
1 3 1.78101 16.634
1 3 0.737743 16.5565
1 3 0.652323 16.6406
1 3 1.71624 16.648
1 3 1.02999 16.6516
1 3 0.454629 16.6474
1 3 0.653824 16.6331
1 3 1.64099 16.6416
1 3 1.68023 16.6207
1 3 1.10431 16.6446
1 3 1.56667 16.649
1 3 1.05987 16.6487
1 3 1.06313 16.6368
1 3 0.719638 16.6469
1 3 0.483666 16.647
1 3 0.989508 16.6183
1 3 0.67814 16.6528
1 3 1.08522 16.6523
1 3 0.638251 16.582
1 3 0.666702 16.6509
1 3 1.63315 16.6275
1 3 1.07703 16.5262
1 3 0.644336 16.6502
1 3 0.751681 16.6396
1 3 1.42066 16.6402
1 3 1.51123 16.6441
1 3 0.728843 16.6481
1 3 0.729812 16.6505
1 3 1.12908 16.6526
1 3 0.642493 16.6511
1 3 1.01561 16.6488
1 3 1.10575 16.6252
1 3 1.67359 16.6524
1 3 0.78233 16.6368
1 3 0.486561 16.6498
1 3 1.41773 16.6443
1 3 1.0964 16.6506
1 3 0.655828 16.6528
1 3 1.04346 16.6517
1 3 0.483147 16.6396
1 3 0.671106 16.6512
1 3 0.417345 16.6431
1 3 1.84545 16.6526
1 3 0.676008 16.6528
1 3 0.681901 16.6476
2 3 1.78736 -2.0264e-13
2 3 1.95355 -3.81894e-07
2 3 0.354909 -5.09516e-07
2 3 0.393496 -4.8493e-06
2 3 1.77307 -9.20918e-12
2 3 0.608729 -1.20925e-07
2 3 0.987922 -1.4493e-11
2 3 0.636206 -1.82373e-10
2 3 0.413069 -3.08048e-15
2 3 0.603044 -2.22373e-07
2 3 0.97881 -5.05643e-08
2 3 1.05952 -5.97994e-11
2 3 0.625741 -2.44057e-07
2 3 1.13903 -9.36735e-10
2 3 0.603444 -4.93895e-07
2 3 0.566199 -7.03451e-12
2 3 1.68559 -2.11924e-07
2 3 1.1397 -5.48371e-10
2 3 0.690983 -1.82436e-14
2 3 1.00439 -6.3928e-05
2 3 0.551537 -1.21475e-12
2 3 0.435798 -9.49092e-07
2 3 1.00949 -1.21517e-10
2 3 1.08473 -6.00177e-12
2 3 0.385529 -9.22732e-07
2 3 1.75678 -2.88538e-06
2 3 1.71969 -3.36556e-07
2 3 0.606135 -5.22268e-09
2 3 0.621473 -2.04493e-10
2 3 0.597775 -7.04436e-08
2 3 0.982746 -4.6188e-06
2 3 1.19584 -1.38842e-09
2 3 0.370213 -2.43272e-10
2 3 0.583674 -6.48e-08
2 3 1.06618 -3.99728e-07
2 3 1.12656 -5.05043e-09
2 3 1.14303 -6.81257e-11
2 3 0.445046 -6.64917e-11
2 3 0.401825 -5.33337e-08
2 3 1.47632 -1.62149e-05
2 3 0.600709 -6.28768e-06
2 3 0.798714 -2.7281e-05
2 3 1.52713 -3.18446e-07
2 3 1.34287 -2.79721e-07
2 3 0.630226 -8.58955e-08
2 3 1.03462 -1.32494e-06
2 3 0.597854 -2.00444e-09
2 3 0.466699 -4.05776e-08
2 3 1.73135 -9.52405e-08
2 3 1.41272 -1.71157e-06
3 3 0.720266 210.662
3 3 1.03644 211.42
3 3 1.00556 211.426
3 3 0.588783 211.127
3 3 0.578575 210.245
3 3 1.71738 211.172
3 3 0.573542 210.997
3 3 0.597991 211.394
3 3 0.732294 211.092
3 3 1.33277 211.319
3 3 1.01488 211.297
3 3 0.987205 211.112
3 3 0.596351 208.648
3 3 1.86115 211.412
3 3 1.11415 211.191
3 3 1.19414 211.42
3 3 0.398846 211.255
3 3 1.45705 211.332
3 3 1.76966 210.858
3 3 2.09136 211.053
3 3 1.6431 210.192
3 3 1.51051 211.261
3 3 1.10638 211.214
3 3 1.23135 209.603
3 3 0.403753 211.069
3 3 1.10452 210.947
3 3 0.401765 209.129
3 3 0.580078 211.033
3 3 1.04498 211.354
3 3 1.13967 211.375
3 3 0.594328 211.38
3 3 1.53222 211.408
3 3 1.48873 211.247
3 3 1.85956 211.341
3 3 1.50063 209.302
3 3 0.376943 211.104
3 3 0.559724 211.092
3 3 1.03356 211.32
3 3 1.07563 211.402
3 3 1.23549 211.388
3 3 1.07187 205.912
3 3 1.08093 211.42
3 3 1.77519 211.205
3 3 0.907946 210.052
3 3 1.09574 211.374
3 3 1.12539 209.972
3 3 0.938127 210.12
3 3 1.88359 211.019
3 3 2.1482 211.229
3 3 1.49264 211.392
4 3 0.568991 9.96493
4 3 1.73617 9.9466
4 3 0.387574 9.99868
4 3 1.54213 9.99538
4 3 0.44309 9.92734
4 3 1.76745 9.77779
4 3 1.45137 9.96493
4 3 1.59652 9.92517
4 3 1.06301 9.92107
4 3 0.884948 9.90026
4 3 1.92138 9.96455
4 3 0.395521 9.80164
4 3 1.54724 9.98737
4 3 0.899047 9.83765
4 3 0.680194 9.97048
4 3 1.0533 9.78478
4 3 1.49104 9.77779
4 3 1.83742 9.98861
4 3 1.10973 9.98352
4 3 0.618392 9.87698
4 3 1.53684 9.99498
4 3 1.49532 9.77779
4 3 0.622721 9.96815
4 3 1.0805 9.98744
4 3 0.648084 9.94687
4 3 0.672486 9.9991
4 3 1.25558 9.94893
4 3 1.49931 9.97641
4 3 0.550925 9.93669
4 3 0.981287 9.92479
4 3 1.75634 9.92107
4 3 0.348129 9.91418
4 3 1.62519 9.96288
4 3 1.54148 9.96493
4 3 1.75931 9.98356
4 3 1.62256 9.87062
4 3 1.5734 9.80454
4 3 0.663223 9.96281
4 3 0.554336 9.93375
4 3 1.05506 9.91676
4 3 0.618104 9.9581
4 3 0.971383 9.77779
4 3 0.674235 9.77779
4 3 1.64934 9.92107
4 3 0.539881 9.86686
4 3 0.383993 9.96767
4 3 0.375346 9.92639
4 3 1.66816 9.94606
4 3 1.79508 9.96113
4 3 0.99094 9.98818
5 3 30.1551 25.0222
5 3 27.9641 25.0171
5 3 29.9435 25.0221
5 3 29.6854 25.0222
5 3 28.2068 25.0222
5 3 29.6324 25.0162
5 3 29.9733 25.0221
5 3 29.9499 25.0205
5 3 29.0016 25.0222
5 3 28.1639 25.0205
5 3 27.9707 25.0222
5 3 29.8951 25.0222
5 3 29.4899 25.0221
5 3 30.3121 24.9886
5 3 30.0246 25.0222
5 3 30.1888 25.0221
5 3 29.3926 25.0219
5 3 29.6689 25.0211
5 3 28.0229 25.0205
5 3 29.5692 25.0218
5 3 29.4654 25.0221
5 3 30.1204 25.0221
5 3 29.6229 25.0205
5 3 28.13 25.0184
5 3 27.886 25.0221
5 3 29.0967 25.0221
5 3 28.2875 25.0222
5 3 29.8876 25.0203
5 3 29.4254 25.02
5 3 30.024 25.0222
5 3 28.4189 25.0221
5 3 30.1065 25.0221
5 3 29.51 25.0211
5 3 29.3393 25.0218
5 3 29.5011 25.0221
5 3 28.8442 25.022
5 3 29.2999 25.0221
5 3 28.0229 25.0221
5 3 29.8111 25.0219
5 3 29.7603 25.019
5 3 28.0018 25.0222
5 3 29.9951 25.0172
5 3 29.6487 25.0179
5 3 27.8438 25.0221
5 3 30.0424 25.022
5 3 28.7984 25.0211
5 3 30.0112 25.0221
5 3 28.8339 25.0222
5 3 29.8918 25.0215
5 3 30.1593 25.0212
0 4 0.388943 2.04195
0 4 0.700441 2.02385
0 4 0.988442 2.04172
0 4 1.03903 2.03897
0 4 0.384926 2.03366
0 4 1.45676 2.0418
0 4 0.93163 2.03924
0 4 0.394229 2.03577
0 4 1.39684 2.04032
0 4 0.926119 2.0419
0 4 1.06795 2.03777
0 4 0.390163 2.04082
0 4 1.56777 2.04197
0 4 1.49176 2.03998
0 4 1.0622 2.03955
0 4 0.990868 2.04061
0 4 1.00115 2.04184
0 4 1.4765 2.04178
0 4 0.969807 2.04052
0 4 0.910549 2.04197
0 4 0.42682 2.04151
0 4 0.983724 2.03551
0 5 0.577807 2.04174
0 4 1.47084 2.04111
0 5 0.73252 2.02981
0 4 1.47754 2.0273
0 5 0.657487 2.04198
0 4 1.11632 2.04168
0 4 0.406173 2.0394
0 5 0.5582 2.03629
0 4 0.41214 2.02153
0 5 0.700902 2.04192
0 4 0.42387 2.04197
0 4 0.938995 2.03825
0 5 0.567741 2.03573
0 5 0.563593 2.04121
0 4 1.48443 2.03885
0 4 0.38549 2.02385
0 4 0.391985 2.04076
0 5 0.720827 2.02191
0 5 0.66009 2.0417
0 4 1.05136 2.04188
0 5 0.566229 2.04073
0 5 0.664145 2.01625
0 4 1.10202 2.0417
0 4 1.48513 2.04198
0 5 0.537392 2.03457
0 5 0.656639 2.0164
0 4 1.10301 2.03715
0 4 0.408484 2.0408
0 5 0.564826 2.04032
0 4 1.69035 2.02158
0 5 0.752839 2.04191
0 4 1.92717 2.02385
0 5 0.728168 2.04165
0 4 0.396828 2.04198
0 5 0.673851 2.04021
0 4 0.873544 2.03889
0 4 0.418609 2.04175
0 5 0.724966 2.02223
0 5 0.659563 2.02385
0 5 0.553225 2.04194
0 5 0.553435 2.04198
0 5 0.66946 2.04166
0 5 0.745517 2.04185
0 5 0.728834 2.0164
0 4 0.983769 2.04198
0 5 1.81116 2.03795
0 5 0.558548 2.04157
0 5 0.627581 2.03207
0 4 1.63473 2.04197
0 5 0.660256 2.0207
0 5 0.662435 2.03945
0 4 0.991394 2.04159
0 5 0.720565 2.04191
0 4 1.49027 2.0164
0 5 0.654058 2.04177
0 5 0.554447 2.04174
0 4 0.701562 2.03794
0 5 0.542619 2.04046
0 5 0.73873 2.04023
0 5 0.578181 2.04172
0 5 0.886313 2.03733
0 4 1.03086 2.03849
0 4 0.42467 2.03582
0 5 0.718068 2.03629
0 5 0.672974 2.02096
0 5 0.554458 2.04192
0 4 0.402699 2.0399
0 4 0.433094 2.0164
0 4 0.44643 2.04002
0 5 0.734162 2.01732
0 5 0.568543 2.02433
0 5 0.807273 2.04099
0 5 0.741928 2.03926
0 5 0.613956 2.03268
0 4 0.906496 2.04101
0 4 0.437385 2.04195
0 5 0.547794 2.02784
0 5 0.565869 2.03633
0 4 1.60047 2.03838
0 5 0.635655 2.0417
0 4 0.913294 2.03444
0 4 0.425277 2.02019
0 5 0.564371 2.03632
0 4 0.405956 2.04198
0 5 0.560109 2.03984
0 4 1.54277 2.04179
0 5 0.723374 2.04162
0 4 1.24365 2.04197
0 5 0.568175 2.0164
0 4 1.65969 2.0224
0 5 0.791399 2.04163
0 4 1.7809 2.04165
0 5 0.557856 2.04153
0 5 0.726503 2.02385
0 5 0.724956 2.02168
0 4 0.951086 2.02515
0 4 1.14505 2.03347
0 4 1.51625 2.04193
0 5 1.03085 2.0164
0 5 1.42153 2.01477
0 5 0.564818 2.04172
0 4 0.989674 2.03096
0 4 0.972405 2.01779
0 5 0.548411 2.0408
0 4 0.371198 2.02385
0 5 0.654143 2.04067
0 4 0.708973 2.0418
0 5 0.721467 2.0242
0 5 0.876141 2.0164
0 4 0.981054 2.0414
0 5 1.1999 2.04159
0 4 0.968719 2.04195
0 4 0.423037 2.0303
0 5 0.543605 2.02068
0 5 0.727036 2.04115
0 5 0.722533 2.04183
0 5 0.530767 2.0164
0 4 1.4749 2.03867
0 4 0.426331 2.04138
0 5 0.602995 2.04166
0 5 0.578573 2.04171
0 5 0.994814 2.04032
0 4 1.10078 2.03798
0 5 0.571208 2.03597
0 5 0.659057 2.03924
0 5 1.22953 2.03918
0 5 0.536132 2.02715
0 5 0.541023 2.04105
0 4 0.982779 2.04192
0 5 0.663534 2.04195
0 5 0.776076 2.04185
0 4 1.07909 2.04197
0 4 0.388003 2.03161
0 5 0.744794 2.04198
0 5 0.529756 2.0291
0 5 0.568191 2.01958
0 5 0.53033 2.03654
0 5 0.576165 2.0164
0 4 1.63615 2.04189
0 4 0.988665 2.04198
0 4 0.395138 2.02048
0 5 0.596396 2.04189
0 5 0.588121 2.04187
0 5 0.554057 2.04051
0 4 1.4614 2.04198
0 5 0.569882 2.0208
0 4 0.401417 2.03294
0 5 0.575298 2.0319
0 5 0.567164 2.04175
0 4 1.56473 2.03284
0 4 1.12155 2.03903
0 5 0.550207 2.04113
0 4 0.398061 2.04118
0 5 0.583341 2.04198
0 5 0.56531 2.0236
0 4 1.76806 2.04188
0 4 1.70324 2.04131
0 4 0.408947 2.04198
0 4 0.863981 2.02963
0 5 0.579829 2.04195
0 4 0.389039 2.03938
0 4 0.401389 2.04193
0 5 0.553991 2.03943
0 4 1.01471 2.04169
0 4 1.44152 2.03938
0 5 0.719573 2.04147
0 4 0.370032 2.03724
0 4 0.801704 2.04012
0 4 1.7535 2.03729
0 5 0.65135 2.04046
0 5 0.566378 2.04176
0 4 1.65223 2.0371
0 5 0.549572 2.04189
0 5 0.957275 2.04187
1 5 0.666179 16.6478
0 5 0.746512 2.0164
0 4 1.45818 2.03998
0 4 0.997724 2.03972
1 4 0.432304 16.5947
1 5 0.714707 16.6365
0 5 0.823286 2.04175
1 4 0.389521 16.6481
1 5 0.633828 16.6377
1 4 0.849747 16.6078
1 5 0.595031 16.6528
1 5 0.664781 16.6489
1 4 0.942175 16.6482
1 5 0.564061 16.648
1 5 0.55548 16.6524
1 4 0.789395 16.6253
1 5 0.550883 16.6454
1 4 0.95123 16.5947
1 5 0.554124 16.6479
1 4 1.02417 16.6482
1 5 0.729261 16.6523
1 4 0.979879 16.6528
1 4 0.965152 16.6138
1 5 0.664726 16.6331
1 5 0.721371 16.6495
1 5 0.549989 16.649
1 4 1.67573 16.6517
1 4 0.945573 16.6528
1 4 0.889789 16.6524
1 5 0.665277 16.6445
1 5 0.661165 16.6517
1 4 1.13748 16.6454
1 5 0.72643 16.6515
1 4 1.28873 16.6379
1 5 0.637444 16.6507
1 4 1.07665 16.6459
1 5 0.55924 16.6361
1 5 0.662026 16.6469
1 5 0.557802 16.6528
1 4 1.96198 16.6527
1 5 1.07478 16.6494
1 4 1.59007 16.6491
1 4 1.86117 16.6311
1 5 0.66707 16.6508
1 5 0.663188 16.648
1 4 0.789984 16.6479
1 4 1.88014 16.6504
1 5 2.19011 16.6528
1 5 0.61759 16.6528
1 4 0.403031 16.6501
1 5 0.734499 16.6508
1 4 0.976044 16.6501
1 4 0.411996 16.6509
1 5 0.665804 16.6456
1 5 0.730975 16.6528
1 4 0.420271 16.6523
1 5 0.544141 16.6434
1 5 0.637194 16.6511
1 4 0.966407 16.6174
1 4 1.13369 16.6391
1 4 0.846223 16.6517
1 5 0.672446 16.6033
1 5 0.72453 16.62
1 4 1.48922 16.6311
1 5 0.547921 16.6522
1 5 0.987346 16.6528
1 4 0.408644 16.6188
1 5 1.03914 16.6236
1 4 1.03528 16.6508
1 5 0.663198 16.6237
1 4 1.75271 16.6498
1 4 0.963537 16.6466
1 5 1.89578 16.6517
1 5 0.784937 16.6504
1 4 0.848587 16.6516
1 5 0.550487 16.6498
1 5 0.663876 16.6504
1 4 0.96205 16.5448
1 4 1.02711 16.6504
1 5 0.554251 16.6506
1 5 0.716426 16.6518
1 4 0.973007 16.5543
1 5 0.718186 16.6476
1 5 0.735855 16.6519
1 4 0.941849 16.6513
1 4 1.93992 16.6482
1 4 0.908639 16.6526
1 5 0.667483 16.6445
1 4 0.985664 16.5262
1 5 0.552656 16.6517
1 4 0.987285 16.6331
1 4 0.455369 16.6519
1 5 0.667126 16.6395
1 5 0.725604 16.649
1 5 0.720756 16.5262
1 4 1.05975 16.6528
2 5 0.559333 -6.83793e-06
2 5 0.734461 -1.40647e-08
1 4 1.77397 16.5262
2 5 0.561726 -1.45225e-06
1 4 0.700606 16.6445
1 4 1.03328 16.6523
1 4 0.417737 16.5262
2 5 0.725917 -9.19673e-11
2 5 0.724559 -2.86291e-06
1 4 1.43942 16.6479
2 5 0.985851 -2.06695e-08
1 4 0.899184 16.641
1 4 0.422553 16.6193
2 5 1.00147 -2.70985e-15
2 4 1.10416 -2.0415e-06
2 5 0.721274 -3.36606e-07
2 4 1.7041 -1.24608e-07
2 4 0.873322 -1.63136e-06
2 5 1.02342 -4.27912e-07
2 4 0.443374 -2.5686e-13
2 5 0.561071 -1.21944e-06
2 4 0.421596 -5.97462e-10
2 5 0.709635 -4.01463e-09
2 5 0.572233 -4.07388e-06
2 4 0.920321 -2.71709e-06
1 5 1.32836 16.641
2 4 0.440634 -2.9443e-07
2 4 1.00533 -5.2407e-07
2 4 0.385451 -5.65975e-12
2 5 0.607688 -8.68836e-13
2 5 0.717338 -5.94197e-07
2 4 0.403087 -6.31851e-13
2 4 1.68103 -6.62508e-09
2 4 0.931689 -6.6669e-09
2 5 1.04092 -1.44732e-06
2 4 0.438808 -1.11598e-05
2 5 0.566118 -1.2205e-06
2 5 0.539697 -1.2473e-05
2 4 0.9669 -1.03358e-07
2 5 0.599832 -1.7817e-06
2 4 1.01664 -5.07467e-06
2 4 0.415346 -1.54828e-05
2 5 0.721088 -4.9925e-08
2 5 0.579291 -3.59969e-07
2 5 0.560871 -5.14429e-07
2 4 0.896221 -6.8541e-10
2 5 0.800327 -1.2441e-07
2 4 1.07597 -2.10464e-05
2 5 0.690048 -4.36992e-06
2 5 0.57062 -1.1288e-06
2 4 0.430642 -2.46393e-10
2 5 0.542174 -1.99651e-08
2 5 0.557519 -1.71503e-08
2 5 0.662455 -2.93061e-07
2 4 1.16795 -1.46236e-08
2 5 0.87846 -2.54501e-10
2 5 0.736912 -5.45326e-16
2 4 1.11227 -3.4354e-08
2 5 0.743932 -1.84827e-10
2 5 0.557221 -8.62421e-13
2 4 0.983698 -8.65434e-08
2 5 0.577227 -3.00449e-07
2 5 0.588789 -1.09252e-07
2 5 0.736307 -3.91289e-06
2 4 0.388852 -1.7396e-06
2 5 0.580573 -1.14005e-09
2 5 0.739721 -1.57754e-05
2 5 0.790838 -2.46318e-06
2 5 0.675681 -2.65705e-07
2 5 0.628669 -7.02458e-09
2 5 0.659096 -8.29031e-07
2 4 0.996462 -4.1081e-07
2 5 0.531369 -3.13446e-07
2 5 0.839346 -2.40551e-12
2 5 0.564507 -6.55606e-08
2 5 0.568318 -3.08547e-17
2 5 0.722333 -3.50126e-06
2 4 1.54333 -6.34607e-07
2 5 0.730177 -1.04155e-05
2 5 0.61065 -2.1011e-06
2 5 0.942413 -3.64216e-06
2 5 0.730447 -6.3291e-07
2 4 1.78298 -1.37673e-11
2 5 0.727528 -3.8236e-06
3 5 0.702555 211.069
2 4 0.993853 -7.17268e-06
2 4 0.390641 -1.14637e-07
3 5 0.53781 210.171
3 5 0.659512 211.001
3 5 0.794618 209.353
3 5 0.946615 211.411
3 5 0.716442 209.631
3 5 0.594619 210.964
3 5 0.805391 211.422
2 4 0.857542 -7.03249e-08
2 4 1.0327 -7.43246e-11
3 5 0.543656 211.164
3 5 0.582648 209.008
2 4 0.912881 -3.94617e-06
3 5 1.08133 208.463
3 5 0.647041 208.724
3 5 1.3062 211.403
3 5 0.673781 211.323
2 4 0.849783 -1.86315e-09
3 5 0.533017 211.188
3 5 0.95542 211.403
3 5 0.545612 210.997
3 5 0.553623 211.42
3 5 0.728055 211.348
2 4 1.40516 -1.14364e-08
3 5 0.605799 211.164
3 5 0.555913 211.248
3 5 0.658983 210.913
2 4 0.918402 -5.98024e-09
3 5 0.585045 211.214
3 5 0.65909 210.69
3 5 0.561481 211.412
3 5 0.560861 211.109
3 5 0.844266 211.412
2 4 0.972304 -3.77926e-12
3 5 0.868716 211.394
2 4 0.945001 -3.46537e-07
3 5 0.757239 211.413
3 5 0.559945 211.414
2 4 1.50236 -3.60042e-10
3 5 0.735501 210.325
3 5 0.562793 211.353
2 4 0.386659 -5.26028e-07
3 5 1.02279 204.225
3 5 0.571116 210.689
3 5 0.659063 210.737
3 5 1.18082 211.205
2 4 0.388222 -6.29083e-05
3 5 1.1494 211.374
3 5 0.990392 211.103
2 4 0.391513 -2.50929e-10
3 5 0.550338 210.565
3 5 0.640082 210.459
3 5 0.591436 211.2
3 5 0.721067 211.374
2 4 0.400336 -4.53337e-10
3 5 0.559254 211.153
3 5 0.782812 208.893
2 4 0.944478 -3.11911e-07
3 5 1.24527 211.117
3 5 0.88855 208.159
2 4 0.772538 -1.3247e-07
3 5 1.03053 211.354
2 4 0.4022 -4.32971e-08
3 5 0.553525 211.256
3 5 0.72412 211.369
2 4 1.10578 -4.94724e-19
3 5 0.545979 211.064
2 4 0.389516 -3.04126e-10
4 5 0.553115 9.93413
4 5 0.580098 9.957
4 5 0.80422 9.99138
2 4 0.992367 -5.51699e-06
4 5 1.26866 9.9702
2 4 0.921718 -3.77199e-07
4 5 0.544914 9.99984
4 5 0.729382 9.94218
2 4 0.404754 -1.16792e-05
4 5 0.605633 9.98707
2 4 1.144 -5.28941e-06
3 4 0.872318 211.321
4 5 0.934809 9.95303
4 5 0.55239 9.94218
3 4 0.887444 211.3
4 5 0.562578 9.97941
3 4 1.83708 211.408
4 5 0.567718 9.99628
3 4 0.962157 210.511
3 4 1.12465 211.403
3 4 0.391071 210.227
4 5 0.566381 9.9873
4 5 0.877451 9.96147
3 4 0.724502 211.321
4 5 0.610965 9.98082
4 5 0.564361 9.97116
3 4 0.887302 210.313
3 4 0.929937 210.118
3 4 1.95331 211.382
3 4 0.409132 211.279
4 5 0.732209 9.8642
4 5 1.07223 9.94514
3 4 0.384198 211.17
4 5 0.938535 9.90317
3 4 0.381606 211.098
4 5 0.801551 9.95553
4 5 0.640729 9.92107
3 4 0.996235 211.375
3 4 0.378408 211.323
4 5 0.797433 9.97739
3 4 0.721952 211.42
4 5 0.791585 9.96952
4 5 0.996662 9.94514
3 4 1.02139 211.205
4 5 0.800942 9.99538
4 5 0.741157 9.98784
3 4 1.81327 211.217
4 5 0.637555 9.83954
3 4 0.934543 210.487
4 5 0.796432 9.95404
4 5 0.657878 9.93183
4 5 0.552843 9.98991
3 4 0.382342 209.392
4 5 1.09315 9.99422
4 5 0.555459 9.98974
4 5 0.881757 9.99273
3 4 0.986174 211.336
4 5 0.763673 9.99184
4 5 0.802138 9.99384
4 5 0.55285 9.99756
4 5 0.557107 9.93854
4 5 1.22432 9.82678
3 4 0.915163 211.4
3 4 0.43556 205.563
4 5 0.568631 9.85975
4 5 0.934533 9.87379
3 4 1.07398 207.935
4 5 0.552036 9.98142
4 5 1.06469 9.95576
3 4 1.14292 210.239
4 5 0.657987 9.96991
4 5 0.730307 9.95942
3 4 0.377512 210.329
3 4 1.74033 210.543
3 4 0.882207 211.287
4 5 0.704587 9.97003
3 4 1.55877 209.904
3 4 0.972692 211.001
4 5 0.911683 9.9075
3 4 0.751751 211.089
4 5 0.571667 9.97882
4 5 0.567128 9.91966
3 4 0.823274 208.513
3 4 1.68968 211.394
3 4 1.42921 211.412
3 4 1.09359 210.445
3 4 0.932237 207.004
3 4 0.983996 211.299
3 4 1.00397 211.394
3 4 1.4839 211.211
4 5 0.843517 9.98545
3 4 0.403942 208.737
5 5 14.075 24.9901
4 5 0.559823 9.97476
4 5 0.732206 9.97235
3 4 1.1295 210.94
3 4 0.422601 211.097
5 5 14.5894 25.0007
3 4 0.861685 211.298
3 4 0.411629 210.502
5 5 14.5946 25.0219
3 4 1.71215 211.267
3 4 0.835687 211.413
5 5 14.8127 25.0222
5 5 14.3973 25.0212
3 4 0.984454 211.248
5 5 14.4845 25.0221
5 5 14.7154 25.0222
5 5 14.3921 25.0221
5 5 14.5289 25.0173
5 5 14.4563 25.0222
5 5 14.4473 25.0167
3 4 0.93095 211.262
5 5 14.6067 25.0183
5 5 14.6125 25.022
3 4 1.06823 210.577
5 5 14.5736 25.0211
5 5 14.4376 25.0222
5 5 14.4625 25.022
3 4 0.858923 208.473
5 5 14.4621 25.0118
5 5 14.6159 25.0221
5 5 14.7957 24.9914
4 4 0.947235 9.94459
4 4 0.984208 9.94629
4 4 0.963734 9.88336
5 5 14.1926 25.0212
4 4 0.920059 9.95128
4 4 0.953841 9.97279
4 4 1.03296 9.92428
4 4 0.836519 9.98559
4 4 0.982952 9.98918
4 4 0.37302 9.85185
4 4 0.878887 9.93778
5 5 14.5514 25.0222
4 4 0.952082 9.94788
4 4 0.377562 9.89608
4 4 0.404244 9.98293
4 4 0.405324 9.93183
5 5 14.4032 25.02
5 5 14.6825 25.0137
4 4 0.89265 9.94514
5 5 14.3397 25.022
4 4 0.910373 9.98991
4 4 1.0045 9.95868
4 4 0.914288 9.93846
4 4 1.10649 9.99099
4 4 1.8264 9.99521
5 5 14.4838 25.0206
5 5 14.4039 25.0222
4 4 0.833741 9.77779
5 5 14.4864 25.0221
4 4 0.908656 9.97593
4 4 0.400665 9.99148
5 5 14.632 25.0218
4 4 0.889754 9.96256
5 5 14.7381 25.0221
0 7 1.15911 2.03283
4 4 0.419956 9.99702
0 7 0.596991 2.03958
4 4 1.51394 9.77779
5 5 15.0031 25.021
4 4 0.39374 9.98201
5 5 14.5142 25.022
4 4 0.944636 9.95724
4 4 0.40887 9.94369
5 5 14.4358 25.0206
5 5 14.5603 24.9374
0 7 0.811672 2.04116
4 4 0.863741 9.98324
4 4 0.389728 9.98233
0 7 0.576397 2.04089
4 4 0.873789 9.98047
4 4 0.866518 9.97654
0 7 0.884917 2.01848
4 4 0.904946 9.98657
4 4 0.965404 9.86688
0 7 0.670424 2.04096
0 7 0.596745 2.01253
5 5 14.4528 25.0165
5 5 14.4203 25.0221
4 4 0.850183 9.94369
4 4 0.964963 9.77779
5 5 14.1615 25.0153
5 5 14.9832 25.0222
5 5 14.8117 25.0222
5 5 14.4784 25.0216
5 5 14.7721 25.0201
5 5 14.53 25.0219
5 5 14.5817 25.0221
4 4 0.388581 9.95209
5 5 15.132 25.0094
0 7 0.612783 2.04109
0 7 0.601038 2.00938
4 4 1.07517 9.9675
4 4 0.943976 9.96329
5 5 14.2541 25.0152
5 5 14.3951 25.0217
4 4 0.866759 9.98998
0 7 0.810662 2.01765
4 4 0.900188 9.98991
5 5 14.4039 25.0222
0 7 0.766234 2.03962
4 4 0.942796 9.94488
5 5 14.3831 25.0214
0 7 0.611953 2.01695
4 4 0.899073 9.94878
0 7 1.22287 2.0142
5 5 14.4113 25.0214
0 7 0.60771 2.02053
4 4 0.391157 9.77779
5 5 14.4818 25.0221
5 5 14.389 25.0201
4 4 1.00537 9.87698
0 7 0.788327 2.03952
0 7 0.66139 2.0144
4 4 1.06168 9.95903
0 7 0.600597 2.04057
0 7 0.781383 2.03942
0 7 1.12837 2.02021
4 4 0.389969 9.86089
0 7 1.04972 2.03909
0 7 0.570675 2.0184
0 7 0.606112 2.04181
4 4 0.956687 9.94967
0 7 0.603776 2.04192
4 4 0.923567 9.99592
0 7 0.7773 2.04198
0 7 0.601705 2.03121
0 7 0.567326 2.04171
0 7 0.885376 2.02212
0 7 0.642984 2.04064
0 7 1.23929 2.04197
0 7 0.606598 2.04175
0 7 0.651802 2.03998
0 7 0.613868 2.03347
0 7 0.589626 2.0197
0 7 0.782714 2.04147
5 4 19.0732 24.9906
5 4 19.6953 25.0219
5 4 20.0631 25.0187
0 7 0.569764 2.03885
0 7 0.62063 2.0179
5 4 20.0513 25.022
0 7 0.600123 2.03813
0 7 0.742595 2.01806
0 7 0.572783 2.01481
0 7 0.830208 2.01481
0 7 0.781507 2.0418
0 7 0.774553 2.02901
0 7 0.790602 2.02548
5 4 20.1144 25.0221
0 7 0.572829 2.01481
0 7 0.598571 2.00887
0 7 0.545589 2.03982
5 4 19.7363 25.0222
0 7 0.78779 2.02192
0 7 0.582023 2.04059
0 7 0.953903 2.04195
0 7 0.605164 2.04108
0 7 0.813602 2.02601
0 7 1.50211 2.04193
0 7 0.624288 2.04136
0 7 0.603356 2.03869
5 4 19.1112 25.0222
0 7 0.650545 2.03919
0 7 0.647377 2.01481
0 7 0.596828 2.01481
5 4 20.054 25.0198
0 7 0.769678 2.01475
5 4 19.1022 25.0221
0 7 0.582921 2.03824
5 4 19.652 25.0222
5 4 19.1219 25.0217
0 7 0.626391 2.03701
5 4 19.7512 25.0131
0 7 0.64927 2.02203
5 4 19.9938 25.0192
5 4 19.5855 25.0219
0 7 0.733457 2.04149
0 7 0.63566 2.02207
5 4 20.0172 25.0222
5 4 19.621 25.0221
0 7 0.604285 2.03699
5 4 19.616 25.0222
0 7 0.787996 2.04197
0 7 0.64897 2.03034
0 7 1.71823 2.01481
5 4 19.8004 25.0219
0 7 0.603048 2.04144
0 7 0.585702 2.04194
0 7 0.639891 2.04194
0 7 1.49313 2.0146
0 7 0.643654 2.02005
0 7 0.859913 2.02571
5 4 19.1154 25.0177
0 7 0.766957 2.04113
0 7 0.784956 2.04108
0 7 0.593076 2.03591
0 7 0.789956 2.03859
5 4 19.1465 25.0131
0 7 0.650628 2.01392
0 7 0.628497 2.04195
0 7 0.607435 2.02385
0 7 0.751992 2.02214
5 4 19.9258 25.0215
0 7 0.782109 2.00266
5 4 19.2309 25.0222
5 4 19.711 25.0217
0 7 0.600878 2.02122
0 7 0.781878 2.03062
0 7 0.782876 2.00247
0 7 1.48944 2.04189
0 7 0.605766 2.03939
5 4 19.7487 25.0094
5 4 19.6887 25.0221
0 7 0.600564 2.02202
0 7 0.593652 2.03493
5 4 20.3001 25.0222
5 4 20.0049 25.0222
0 7 0.592777 2.03353
0 7 0.570788 2.01684
5 4 18.5931 25.0207
0 7 0.919455 2.01949
5 4 19.0839 25.0189
5 4 19.3358 25.0222
5 4 19.5996 25.0216
5 4 19.6997 25.0218

5 4 20.0363 25.0218
5 4 19.3154 25.0222
0 7 0.611405 2.0408
5 4 19.5705 25.0222
0 7 0.600167 2.04195
5 4 20.1344 25.0221
0 7 0.550326 2.04133
5 4 19.6875 25.0211
0 7 0.603897 2.04069
5 4 19.1569 25.0221
5 4 19.9993 25.0205
0 7 0.623567 2.01438
5 4 19.6643 25.0213
0 7 0.809699 2.03629
1 7 0.618386 16.6219
5 4 20.1495 25.0222
5 4 19.7344 25.0222
5 4 19.2141 25.0189
1 7 0.624923 16.6514
1 7 0.620938 16.6438
1 7 0.62304 16.65
5 4 20.0903 25.0221
5 4 19.1186 25.0181
5 4 19.4375 25.0222
1 7 0.633721 16.6517
0 7 1.34484 2.04198
1 7 0.788503 16.6507
5 4 19.1254 25.0219
1 7 0.619654 16.634
5 4 19.6899 25.0221
1 7 0.773513 16.6508
5 4 19.5402 25.0221
5 4 19.4144 25.0213
1 7 0.624017 16.6476
1 7 0.610653 16.6462
1 7 0.624251 16.6461
1 7 0.607428 16.6519
1 7 0.629665 16.643
1 7 0.754624 16.6521
1 7 0.587642 16.6288
1 7 0.646426 16.6513
1 7 0.778333 16.5657
1 7 0.650592 16.6461
1 7 1.0299 16.6526
1 7 1.02445 16.6071
1 7 0.623709 16.6527
1 7 0.583411 16.6281
1 7 0.748306 16.627
1 7 0.6262 16.6527
1 7 0.647227 16.6513
1 7 0.673217 16.6497
1 7 0.596947 16.6484
1 7 0.776541 16.5262
1 7 0.663539 16.6493
1 7 0.633521 16.6509
1 7 1.53546 16.6055
1 7 1.14756 16.6528
1 7 0.664964 16.6495
1 7 0.77032 16.6416
1 7 0.781308 16.6454
1 7 0.61043 16.6502
1 7 0.767166 16.5262
1 7 0.662048 16.6527
1 7 0.772417 16.6428
1 7 0.738127 16.6445
1 7 0.622518 16.6506
1 7 0.589812 16.6412
1 7 0.619731 16.6524
2 7 0.785679 -9.80625e-12
2 7 0.614107 -1.64935e-07
1 7 0.778019 16.6511
2 7 0.636909 -9.1063e-07
1 7 0.776871 16.6471
1 7 0.638258 16.6487
2 7 0.613955 -1.82769e-06
2 7 0.775319 -2.52835e-06
2 7 0.808825 -9.80985e-10
2 7 0.790388 -4.08759e-12
1 7 0.6992 16.648
2 7 0.784067 -8.10035e-07
1 7 0.787981 16.6377
2 7 0.890698 -1.57611e-08
2 7 0.787843 -7.77361e-07
1 7 1.13446 16.6523
2 7 0.59391 -1.159e-08
1 7 0.616239 16.6524
2 7 0.599931 -9.29856e-06
2 7 0.594702 -2.20708e-09
2 7 0.775996 -8.87328e-09
2 7 0.616304 -4.32091e-13
2 7 0.623344 -2.19937e-06
2 7 0.783836 -7.55624e-06
2 7 0.597195 -1.50093e-17
2 7 0.787001 -4.96134e-07
2 7 0.775528 -2.83343e-06
2 7 0.619515 -1.63547e-08
2 7 0.783406 -5.69092e-07
2 7 0.604816 -2.12517e-11
2 7 0.607674 -4.17109e-06
2 7 0.608245 -6.55857e-11
2 7 1.13508 -5.43649e-08
2 7 0.606718 -1.10791e-06
2 7 0.607163 -2.28601e-06
2 7 1.58864 -1.93405e-09
2 7 0.615487 -6.11437e-10
2 7 1.14404 -4.24835e-06
2 7 0.776001 -6.58026e-13
2 7 1.54477 -1.18905e-06
2 7 0.624524 -2.32863e-08
2 7 0.792517 -6.77647e-10
2 7 0.639604 -7.31634e-07
2 7 0.89424 -2.19583e-07
2 7 0.825668 -3.8159e-07
2 7 0.664701 -1.77537e-12
2 7 1.13118 -9.95715e-10
2 7 0.610926 -1.31479e-06
2 7 0.796372 -2.12701e-05
2 7 0.609417 -7.11101e-06
2 7 1.13294 -3.76253e-07
2 7 0.605207 -2.18928e-10
2 7 0.651782 -2.72455e-05
2 7 1.13494 -2.83847e-08
2 7 0.604342 -9.32101e-09
2 7 0.60885 -2.82414e-06
2 7 0.792939 -6.91364e-07
3 7 0.62158 211.085
3 7 1.17573 210.252
3 7 0.611989 210.539
3 7 0.612076 211.021
3 7 0.601757 211.267
3 7 1.05556 211.41
3 7 0.589351 211.403
3 7 0.563807 209.224
3 7 0.788878 209.898
3 7 1.11061 211.382
3 7 0.605661 210.379
3 7 0.596641 211.374
3 7 0.622853 211.408
3 7 0.609561 210.171
3 7 0.791196 211.349
3 7 0.648989 210.728
3 7 1.34652 210.282
3 7 0.585874 210.997
3 7 0.782126 210.881
3 7 0.620581 210.97
3 7 1.48224 210.868
3 7 0.608608 211.351
3 7 1.09781 210.429
3 7 1.11743 210.493
3 7 0.610014 210.735
3 7 1.24361 211.302
3 7 0.578909 211.161
3 7 0.616757 211.039
3 7 0.609072 211.339
3 7 0.776068 210.765
3 7 0.555744 211.001
3 7 1.20092 211.392
3 7 0.795761 211.369
3 7 0.606824 211.294
3 7 0.658647 210.067
3 7 0.619444 211.334
3 7 0.604007 211.001
3 7 0.611315 211.032
3 7 1.02921 211.232
3 7 0.774426 211.044
3 7 0.564402 211.374
3 7 0.603464 211.015
3 7 0.608861 211.258
3 7 0.61159 209.535
3 7 0.827095 211.426
3 7 0.796787 211.3
3 7 0.60732 211.059
3 7 0.568983 210.974
3 7 0.674653 210.514
3 7 0.864888 211.4
4 7 0.864723 9.99619
4 7 1.12425 9.98196
4 7 1.59336 9.94218
4 7 0.607892 9.9611
4 7 0.611196 9.93718
4 7 0.591677 9.98966
4 7 0.604029 9.99136
4 7 1.18024 9.94564
4 7 0.601383 9.92107
4 7 0.666734 9.97766
4 7 0.803702 9.92917
4 7 0.597198 9.9801
4 7 0.845288 9.94213
4 7 0.680941 9.94905
4 7 0.592788 9.99095
4 7 0.602402 9.9992
4 7 0.600084 9.99343
4 7 1.45303 9.93302
4 7 0.628821 9.98655
4 7 0.80143 9.95485
4 7 0.602612 9.89745
4 7 1.15263 9.92107
4 7 0.580742 9.97988
4 7 0.603472 9.98737
4 7 0.610603 9.99183
4 7 0.631451 9.99138
4 7 0.644281 9.9661
4 7 1.15503 9.97943
4 7 0.59658 9.95797
4 7 0.621052 9.92107
4 7 0.87204 9.98397
4 7 0.920511 9.98885
4 7 0.781933 9.97503
4 7 1.2312 9.94859
4 7 0.664264 9.99193
4 7 0.902302 9.99606
4 7 0.571123 9.97475
4 7 1.8697 9.93749
4 7 1.16655 9.99593
4 7 1.17489 9.99377
4 7 0.939331 9.97502
4 7 0.900165 9.94886
4 7 0.575014 9.97839
4 7 0.771885 9.92107
4 7 0.610111 9.89777
4 7 0.565434 9.99273
4 7 0.568942 9.95779
5 7 9.7335 25.0221
4 7 0.809775 9.93511
4 7 2.00432 9.98427
4 7 0.786326 9.95397
5 7 9.37944 25.0131
5 7 9.90122 25.0222
5 7 9.94965 25.0221
5 7 10.0166 25.0221
5 7 9.94059 25.022
5 7 9.64123 25.0222
5 7 9.68348 25.0193
5 7 9.82156 25.0204
5 7 9.8275 25.0087
5 7 9.60795 25.0173
5 7 9.46407 24.9782
5 7 9.7383 25.0221
5 7 9.74861 25.015
5 7 9.81479 25.0208
5 7 9.65063 25.0218
5 7 9.7339 25.0204
5 7 9.38239 25.0164
5 7 9.43518 25.0222
5 7 9.82492 25.0219
5 7 9.84033 25.021
5 7 9.71328 25.0222
5 7 9.6616 25.0222
5 7 9.8361 25.0203
5 7 9.80608 25.0217
5 7 9.98428 25.0221
5 7 9.68014 25.0193
5 7 9.77338 25.0216
5 7 9.4607 25.0127
5 7 9.70931 25.0216
5 7 9.38368 25.017
5 7 9.93621 25.0221
5 7 9.76336 25.0217
5 7 9.66275 25.0221
5 7 9.85245 25.0222
5 7 9.70479 25.0131
5 7 9.79875 25.0179
5 7 9.71837 25.0222
5 7 9.73255 25.0221
5 7 9.69303 25.0138
5 7 9.68093 25.0221
0 8 1.53888 2.02249
5 7 9.46122 25.0131
0 8 0.754421 2.04117
0 8 0.654199 2.04191
0 8 0.782722 2.01071
5 7 9.67984 25.0221
5 7 9.38694 24.9938
0 8 2.03252 2.04186
5 7 9.65469 25.0219
5 7 9.69201 25.0221
5 7 9.71717 25.0193
0 8 0.612649 2.03972
0 8 0.621754 2.02674
5 7 9.67212 25.0221
5 7 9.66761 25.0221
5 7 9.66991 25.0222
0 8 0.600558 2.03629
0 8 0.711589 2.0376
0 8 0.624144 2.02929
0 8 0.606308 2.02956
0 8 0.610066 2.03479
0 8 0.607328 2.04049
0 8 0.612982 2.01203
0 8 0.803874 2.04143
0 8 0.608021 2.04197
0 8 0.610455 2.01481
0 8 0.623326 2.01478
0 8 0.604679 2.04056
0 8 2.06077 2.04188
0 8 0.584796 2.04133
0 8 0.625059 2.04197
0 8 0.607773 2.01917
0 8 0.607451 2.04181
0 8 0.805045 2.04196
0 8 0.601129 2.03719
0 8 0.625109 2.02172
0 8 0.604066 2.04032
0 8 0.601426 2.04173
0 8 0.60974 2.03724
0 8 0.598379 2.04159
0 8 0.604955 2.04153
0 8 0.602536 2.0411
0 8 0.601895 2.03532
0 8 0.613139 2.01721
0 8 0.600055 2.03862
0 8 0.595452 2.0174
0 8 0.596949 2.01065
0 8 1.58117 2.02131
0 8 0.608133 2.04197
0 8 0.607007 2.04192
0 8 0.614639 2.0372
0 8 0.603714 2.04019
0 8 1.39137 2.04035
0 8 0.607588 2.02207
0 8 0.59382 2.04159
0 8 0.619733 2.03808
0 8 0.600487 2.01977
0 8 0.611762 2.04136
0 8 1.21616 2.04032
0 8 0.646352 2.04195
0 8 0.602353 2.04139
0 8 0.870092 2.04192
0 8 0.602534 2.03718
0 8 0.600297 2.03299
0 8 0.604527 2.04079
0 8 0.85761 2.03763
0 8 1.15079 2.01463
0 8 0.624661 2.01481
0 8 0.598223 2.0222
0 8 1.58422 2.01441
0 8 1.57963 2.04193
0 8 0.637668 2.04172
0 8 0.604433 2.04096
0 8 0.602973 2.04144
0 8 0.594227 2.04166
0 8 0.790281 2.03945
0 8 0.628168 2.04184
0 8 0.618399 2.04175
0 8 0.60146 2.03674
0 8 0.606759 2.0222
0 8 0.594016 2.03885
0 8 0.609764 2.04156
0 8 0.599837 2.0416
0 8 0.603006 2.04157
0 8 1.60548 2.04186
0 8 0.587828 2.04188
0 8 0.653888 2.01958
0 8 0.965655 2.0164
0 8 0.603783 2.04112
0 8 0.650226 2.04163
0 8 0.714486 2.01479
0 8 0.569593 2.04132
0 8 1.3888 2.04188
0 8 0.63926 2.0416
0 8 1.59457 2.04197
0 8 0.605093 2.04168
0 8 0.606894 2.04042
0 8 0.601694 2.02526
0 8 0.624854 2.04132
0 8 0.63353 2.04039
0 8 1.55459 2.0387
0 8 0.597519 2.0125
0 8 1.21475 2.02817
0 8 0.568476 2.01408
0 8 0.609673 2.04197
0 8 0.567996 2.03292
0 8 1.67585 2.03315
1 8 0.62264 16.6524
0 8 0.628354 2.03725
1 8 0.612469 16.6072
1 8 0.614579 16.5262
1 8 0.610905 16.6311
1 8 0.649372 16.6467
0 8 0.565462 2.04165
1 8 0.653315 16.6527
1 8 1.31824 16.6333
1 8 0.574883 16.6467
1 8 0.585547 16.6503
1 8 0.64241 16.6495
1 8 0.612922 16.6399
1 8 0.615644 16.651
1 8 1.67079 16.6528
1 8 0.610881 16.6504
1 8 0.67395 16.6528
1 8 0.60926 16.6521
1 8 0.611825 16.6466
1 8 0.619764 16.6517
1 8 0.603655 16.6092
1 8 1.35781 16.6403
1 8 0.60885 16.6516
1 8 0.608941 16.5926
1 8 1.31618 16.6432
1 8 0.60944 16.6496
1 8 0.612569 16.5919
1 8 0.611549 16.6067
1 8 0.609376 16.6517
1 8 0.616021 16.6171
1 8 0.607483 16.6519
1 8 0.650409 16.6528
1 8 0.653582 16.6402
1 8 0.609729 16.6512
1 8 0.754592 16.6352
1 8 0.616877 16.6519
1 8 0.656054 16.6402
1 8 0.81892 16.6481
1 8 0.607982 16.6396
1 8 0.614312 16.6172
1 8 0.615713 16.642
1 8 0.684685 16.6448
1 8 0.609363 16.6213
1 8 0.615668 16.6527
1 8 1.53874 16.6509
1 8 0.606701 16.6383
1 8 0.612859 16.6397
1 8 0.610218 16.6468
1 8 0.665916 16.6523
1 8 0.620235 16.6525
2 8 0.805654 -7.5067e-10
2 8 0.612362 -3.40145e-09
2 8 0.599051 -7.78996e-08
1 8 2.01993 16.6126
2 8 0.599417 -2.69624e-07
2 8 0.618259 -2.6915e-05
2 8 0.608076 -1.40315e-05
1 8 0.819041 16.6515
2 8 1.22737 -4.52156e-06
2 8 0.605915 -4.23482e-10
2 8 0.677748 -5.90516e-07
2 8 0.599643 -1.20104e-08
2 8 1.60374 -1.35073e-08
2 8 0.604681 -9.02234e-07
2 8 0.607467 -7.07207e-10
2 8 0.606118 -4.66808e-06
2 8 0.606218 -1.94638e-10
2 8 0.610606 -2.25492e-08
2 8 1.38463 -2.22885e-05
2 8 0.603679 -3.61653e-07
2 8 0.605158 -7.88897e-07
2 8 0.765088 -6.05612e-07
2 8 0.844105 -1.14756e-06
2 8 0.6139 -8.41997e-07
2 8 0.762735 -1.07698e-09
2 8 0.600878 -3.16275e-06
2 8 0.608459 -3.53002e-06
2 8 0.780629 -5.39762e-08
2 8 0.731378 -6.18461e-09
2 8 1.00138 -5.34149e-07
2 8 0.613815 -4.48653e-11
2 8 0.612886 -7.80678e-06
2 8 0.601085 -3.65989e-06
2 8 0.832802 -7.6714e-06
2 8 0.855617 -2.13571e-06
2 8 0.606827 -2.15969e-08
2 8 0.602358 -6.05327e-15
2 8 1.54434 -9.82065e-09
2 8 1.60382 -2.12391e-08
2 8 1.57436 -1.01286e-06
2 8 0.607655 -1.59536e-07
2 8 1.5154 -1.87245e-16
2 8 1.00815 -9.50841e-15
2 8 0.653346 -6.12466e-06
2 8 0.871592 -1.21537e-06
2 8 1.53151 -7.1714e-08
2 8 0.601841 -5.47761e-08
2 8 1.48523 -5.9062e-09
2 8 2.00307 -3.54533e-10
2 8 0.595022 -1.96891e-08
3 8 0.608908 211.349
3 8 0.630687 210.084
2 8 0.856204 -5.78075e-06
2 8 0.602741 -2.8976e-09
3 8 0.611532 207.15
3 8 1.63131 210.863
3 8 0.609916 210.915
3 8 0.627342 211.374
3 8 0.969797 210.806
3 8 1.53132 211.102
3 8 0.607559 211.286
3 8 0.596478 210.712
3 8 0.587168 210.012
3 8 0.624615 208.311
3 8 0.605854 207.15
3 8 0.639229 211.421
3 8 0.993178 211.382
3 8 1.31261 210.192
3 8 1.59403 210.628
3 8 0.607137 211.348
3 8 1.12819 210.253
3 8 0.606216 211.244
3 8 0.614279 211.384
3 8 0.602371 211.038
3 8 0.614475 210.548
3 8 0.624885 211.313
3 8 0.605489 211.239
3 8 0.617219 211.382
3 8 0.597114 211.42
3 8 0.825576 211.407
3 8 1.24637 211.412
3 8 0.629963 208.217
3 8 0.60307 210.399
3 8 0.833426 207.562
3 8 0.648383 210.913
3 8 0.600329 211.34
3 8 0.647421 211.425
3 8 0.655698 207.783
3 8 0.608822 210.907
3 8 0.927612 209.393
3 8 1.00341 211.001
3 8 0.92757 211.21
3 8 0.606545 211.175
3 8 1.6374 210.849
3 8 0.58916 211.402
3 8 0.605663 211.345
3 8 0.616948 211.098
3 8 0.635493 211.42
3 8 1.1834 211.287
3 8 0.613166 211.394
3 8 0.924944 211.319
3 8 0.622573 211.391
4 8 0.597179 9.97971
4 8 0.601289 9.95762
4 8 0.604767 9.98991
4 8 0.608301 9.9732
4 8 1.21556 9.98927
4 8 0.616828 9.99156
4 8 0.826964 9.98736
4 8 0.608256 9.94766
4 8 0.648665 9.97215
4 8 0.903871 9.91809
4 8 1.54058 9.91019
4 8 0.610654 9.90344
4 8 0.83513 9.96365
4 8 0.599709 9.92127
4 8 0.879411 9.97988
4 8 0.595363 9.95114
4 8 0.575811 9.96235
4 8 0.588839 9.97808
4 8 0.605132 9.98039
4 8 0.608091 9.99498
4 8 0.809049 9.96043
4 8 0.599233 9.97062
4 8 0.941956 9.98866
4 8 0.630927 9.9801
4 8 0.679934 9.99398
4 8 0.576263 9.99515
4 8 0.609006 9.89723
4 8 0.605365 9.97346
4 8 0.617457 9.91531
4 8 0.612066 9.99506
4 8 0.684075 9.92107
4 8 1.57049 9.99138
4 8 0.608599 9.97808
4 8 0.631125 9.99732
4 8 0.62143 9.96797
4 8 0.594379 9.92794
4 8 0.722548 9.99884
4 8 0.600616 9.96356
4 8 1.56415 9.9693
4 8 0.596223 9.98356
4 8 0.604794 9.98356
4 8 0.571622 9.9605
4 8 0.590146 9.98936
4 8 0.686318 9.97559
4 8 0.604018 9.98356
4 8 0.609175 9.87002
4 8 0.5983 9.89683
4 8 0.916103 9.97134
4 8 0.621418 9.99762
4 8 0.924761 9.7948
5 8 8.21964 25.0212
5 8 8.06077 25.0005
5 8 8.18421 25.0222
5 8 8.38622 25.0095
5 8 8.42321 25.0189
5 8 8.42683 25.0213
5 8 8.60569 25.0212
5 8 8.18341 25.0222
5 8 8.30524 25.0219
5 8 8.31326 25.0221
5 8 8.17101 25.0111
5 8 8.09349 25.0181
5 8 8.41363 25.0217
5 8 8.21669 25.0222
5 8 8.58416 25.0222
5 8 8.29855 24.9856
5 8 8.36427 25.0171
5 8 8.31143 25.0214
5 8 8.1744 25.0214
5 8 8.43188 25.0218
5 8 8.39734 25.0222
5 8 8.05371 24.9782
5 8 8.31629 25.0222
5 8 8.32246 25.0222
5 8 8.43195 25.0221
5 8 8.34401 25.0158
5 8 8.34785 25.0222
5 8 8.38171 25.0217
5 8 8.45204 25.0208
5 8 8.36834 25.0221
5 8 8.33451 25.0222
5 8 8.39495 25.0205
5 8 8.50525 25.0198
5 8 8.34696 25.0136
5 8 8.08682 25.0211
5 8 8.33541 25.0218
5 8 8.30867 25.0221
5 8 8.34965 25.022
5 8 8.29654 25.007
5 8 8.19764 25.0222
5 8 8.40809 24.9909
5 8 8.19663 24.9997
5 8 8.46422 25.0221
0 9 0.754027 2.01481
5 8 8.0927 25.0222
0 9 0.752659 2.03808
5 8 8.29711 25.0213
5 8 8.29661 25.0151
5 8 8.38734 25.02
5 8 8.09028 25.022
0 9 0.770653 2.04185
0 9 0.773078 2.04032
5 8 8.1849 25.0221
5 8 8.34112 25.0222
0 9 0.766128 2.04184
0 9 0.829614 2.03972
0 9 0.704163 2.02034
0 9 1.19132 2.01638
0 9 0.761089 2.04031
0 9 0.830388 2.03997
0 9 0.769915 2.01476
0 9 0.775071 2.04195
0 9 0.776959 2.03758
0 9 0.723994 2.03848
0 9 1.15643 2.04032
0 9 0.799447 2.02427
0 9 0.835107 2.02304
0 9 0.702133 2.01852
0 9 0.772221 2.04113
0 9 0.761171 2.03841
0 9 0.780399 2.04178
0 9 0.917477 2.0418
0 9 0.929677 2.04192
0 9 0.724063 2.04198
0 9 0.792263 2.02161
0 9 1.08869 2.03842
0 9 0.775465 2.04149
0 9 0.930877 2.04025
0 9 0.76869 2.04135
0 9 0.712329 2.03835
0 9 0.941374 2.03632
0 9 0.816144 2.01511
0 9 0.756594 2.04173
0 9 0.77198 2.04047
0 9 0.774429 2.03523
0 9 0.767034 2.04104
0 9 0.859261 2.04181
0 9 0.774315 2.01458
0 9 0.772979 2.04139
0 9 0.779816 2.02521
0 9 0.849782 2.0414
0 9 0.711164 2.03803
0 9 0.910086 2.02869
0 9 0.95259 2.00438
0 9 0.751957 2.01788
0 9 0.733848 2.03875
0 9 0.774725 2.04168
0 9 1.33613 2.01305
0 9 0.758923 2.03958
0 9 0.770587 2.02007
0 9 0.764435 2.03573
0 9 0.767507 2.04169
0 9 0.770813 2.04189
0 9 0.731085 2.04191
0 9 0.916355 2.04149
0 9 0.784924 2.03778
0 9 0.757089 2.04182
0 9 0.898687 2.0282
0 9 0.776022 2.04188
0 9 0.74822 2.04145
0 9 0.756601 2.04173
0 9 0.78604 2.0419
0 9 0.724942 2.04192
0 9 0.962927 2.03573
0 9 0.773328 2.0154
0 9 0.832494 2.04121
0 9 1.20289 2.04187
0 9 0.962781 2.04032
0 9 0.773409 2.03733
0 9 1.24971 2.02377
0 9 0.773003 2.04194
0 9 0.7702 2.0419
0 9 0.779786 2.03103
0 9 0.84292 2.04113
0 9 0.766337 2.01428
0 9 0.774588 2.01812
0 9 0.731335 2.01481
0 9 0.836416 2.04177
0 9 0.85342 2.03899
0 9 0.776142 2.01507
0 9 0.753748 2.03482
0 9 0.74003 2.03556
0 9 0.759521 2.04169
0 9 0.771798 2.04196
0 9 0.767478 2.04197
0 9 0.726652 2.04191
0 9 0.728304 2.04079
0 9 0.767516 2.02145
0 9 0.773714 2.04197
0 9 1.19746 2.04104
0 9 0.75947 2.04079
0 9 0.783055 2.03997
0 9 0.843959 2.04144
0 9 0.761545 2.04187
0 9 0.786867 2.02114
0 9 0.909439 2.04159
0 9 0.785928 2.01646
0 9 0.771467 2.04197
0 9 0.76437 2.03032
1 9 0.752258 16.6315
1 9 0.763189 16.6206
1 9 0.911166 16.6497
1 9 0.722515 16.6505
1 9 0.847481 16.6481
1 9 1.006 16.6525
1 9 1.18756 16.6514
1 9 0.911587 16.6485
1 9 0.91428 16.5262
1 9 0.748856 16.632
1 9 0.728207 16.6509
1 9 0.756303 16.6184
1 9 0.752675 16.627
1 9 0.733513 16.648
1 9 0.745853 16.6519
1 9 1.18339 16.6418
1 9 0.765428 16.6518
1 9 0.751016 16.6487
0 9 0.770411 2.0387
1 9 0.955649 16.6528
1 9 0.750063 16.6524
1 9 0.764383 16.5913
1 9 0.747822 16.6449
1 9 0.857049 16.6125
1 9 0.73034 16.582
1 9 0.755948 16.6517
1 9 0.731578 16.6067
1 9 0.763266 16.6472
1 9 0.752616 16.6526
1 9 0.758991 16.6528
1 9 0.821526 16.5842
1 9 0.830238 16.6421
1 9 0.739766 16.6304
1 9 0.858726 16.6509
1 9 0.894732 16.6475
1 9 0.873513 16.6512
1 9 0.761704 16.6396
1 9 0.724582 16.5933
1 9 0.970798 16.651
1 9 0.74473 16.5756
1 9 0.626764 16.6519
1 9 0.76939 16.6514
1 9 0.749938 16.649
1 9 0.765762 16.6444
1 9 0.780335 16.6027
1 9 0.764725 16.6391
1 9 1.16405 16.5644
1 9 0.769604 16.6524
1 9 0.759538 16.6481
1 9 0.759179 16.5984
1 9 0.766358 16.5262
2 9 0.777227 -1.21439e-06
2 9 0.826598 -1.13401e-08
2 9 0.773034 -1.39626e-09
2 9 0.780213 -2.35933e-07
2 9 0.770981 -3.44232e-07
2 9 0.803462 -5.16814e-11
2 9 1.23833 -5.45739e-07
2 9 1.10848 -1.69423e-07
2 9 0.6998 -1.0841e-06
2 9 0.753881 -7.66225e-09
2 9 0.781683 -1.96987e-07
2 9 0.784282 -5.59649e-10
2 9 0.785571 -5.77043e-06
2 9 0.71754 -7.56478e-08
2 9 0.751684 -5.21038e-08
2 9 0.845086 -8.55809e-06
2 9 0.774265 -4.28822e-07
2 9 0.77489 -2.80507e-06
2 9 0.735201 -1.86949e-06
2 9 0.791409 -1.96396e-09
2 9 0.78123 -4.06054e-07
2 9 0.788047 -1.85241e-05
2 9 0.775862 -7.30163e-08
2 9 0.790518 -2.93472e-13
2 9 0.809072 -1.41415e-07
2 9 0.782052 -2.68999e-10
2 9 0.784189 -1.6834e-09
2 9 0.776899 -1.72018e-10
2 9 0.90788 -8.04309e-07
2 9 0.920001 -7.27277e-06
2 9 0.780552 -1.9865e-05
2 9 0.722591 -1.04373e-09
2 9 0.859568 -3.32072e-06
2 9 0.789895 -2.48187e-07
2 9 0.793037 -6.18909e-07
2 9 0.759287 -2.98924e-10
2 9 0.76989 -1.4775e-06
2 9 0.776217 -1.14626e-06
2 9 0.763285 -5.31505e-08
2 9 0.757864 -1.24029e-05
2 9 0.76175 -1.85362e-09
2 9 0.771442 -1.73135e-08
2 9 0.890553 -2.71699e-11
2 9 0.761614 -3.10167e-15
2 9 0.777074 -3.64637e-06
2 9 0.764753 -1.94708e-06
2 9 1.57677 -5.34794e-08
2 9 0.791197 -1.06369e-06
2 9 0.775769 -7.72265e-07
2 9 0.771567 -4.76933e-08
3 9 0.760432 211.076
3 9 0.775542 210.964
3 9 0.755055 211.352
3 9 0.775163 210.628
3 9 0.771943 211.424
3 9 0.771857 211.001
3 9 0.769752 211.331
3 9 0.800977 211.214
3 9 0.778987 210.847
3 9 0.759642 211.34
3 9 0.793465 210.98
3 9 0.798602 209.849
3 9 0.781972 211.042
3 9 0.774874 210.861
3 9 0.780855 208.581
3 9 0.755346 211.376
3 9 0.767388 210.423
3 9 0.766676 211.403
3 9 0.781383 211.266
3 9 0.843173 211.286
3 9 0.754274 211.263
3 9 0.768986 211.309
3 9 0.934078 211.289
3 9 0.816342 211.3
3 9 0.767521 211.426
3 9 0.769925 210.33
3 9 0.753214 211.282
3 9 0.752529 210.467
3 9 0.764995 211.069
3 9 0.772541 211.132
3 9 0.769667 208.491
3 9 0.767169 211.191
3 9 0.917612 211.231
3 9 0.759051 210.667
3 9 0.923058 210.488
3 9 0.774212 209.155
3 9 0.788457 210.731
3 9 0.779223 211.403
3 9 1.45502 210.955
3 9 0.780908 210.173
3 9 0.782709 210.959
3 9 0.767721 209.932
3 9 0.864114 211.2
3 9 0.756087 211.341
3 9 0.799587 211.004
3 9 0.773128 211.41
3 9 0.846092 211.394
3 9 0.914356 210.943
3 9 0.764656 210.964
3 9 1.38649 211.403
4 9 0.761223 9.97003
4 9 1.38561 9.77779
4 9 0.766367 9.98081
4 9 0.776973 9.96927
4 9 0.764725 9.97445
4 9 0.871246 9.98469
4 9 0.763891 9.97907
4 9 0.762577 9.97017
4 9 0.913549 9.82363
4 9 0.776352 9.94222
4 9 0.7712 9.81933
4 9 0.789236 9.87844
4 9 0.940584 9.93041
4 9 0.892047 9.92723
4 9 0.794207 9.99273
4 9 0.864389 9.98974
4 9 0.772075 9.94902
4 9 0.74106 9.99394
4 9 0.734333 9.98196
4 9 0.755711 9.99679
4 9 0.749726 9.97666
4 9 0.908611 9.98196
4 9 0.905981 9.97104
4 9 0.761916 9.92107
4 9 0.939723 9.99232
4 9 0.913693 9.96199
4 9 0.931093 9.96261
4 9 0.766912 9.94218
4 9 0.776195 9.96577
4 9 0.928404 9.96256
4 9 0.763002 9.95302
4 9 0.941413 9.98677
4 9 0.77253 9.95898
4 9 0.859935 9.98322
4 9 1.41167 9.96551
4 9 0.943524 9.99138
4 9 0.779572 9.9431
4 9 0.76939 9.93845
4 9 0.922234 9.86754
4 9 0.78388 9.98285
4 9 0.931761 9.99381
4 9 0.785659 9.98391
4 9 0.772746 9.97986
4 9 0.784703 9.97264
4 9 0.931315 9.97357
4 9 0.743744 9.93504
4 9 0.767135 9.95409
4 9 0.914151 9.97808
4 9 0.772624 9.86737
4 9 0.887661 9.99795
5 9 7.30598 25.0208
5 9 7.30639 25.0208
5 9 7.2978 25.0221
5 9 7.31027 25.0222
5 9 7.28964 25.0222
5 9 7.14753 25.0222
5 9 7.37687 25.022
5 9 7.31797 25.0219
5 9 7.33496 25.0221
5 9 7.57324 25.0203
5 9 7.32149 25.022
5 9 7.32766 24.9909
5 9 7.36213 25.0193
5 9 7.30998 25.0216
5 9 7.28944 25.0196
5 9 7.33509 25.0219
5 9 7.36443 25.0219
5 9 7.36785 25.022
5 9 7.31864 25.0161
5 9 7.28757 25.0214
5 9 7.32292 25.0126
5 9 7.31915 25.0222
5 9 7.36636 25.0221
5 9 7.29695 25.0222
5 9 7.31277 25.0216
5 9 7.40682 25.0215
5 9 7.3037 25.0215
5 9 7.31098 25.0203
5 9 7.31915 25.0131
5 9 7.30253 25.0218
5 9 7.27504 25.0222
5 9 7.29675 25.0196
5 9 7.30689 25.0222
5 9 7.32083 25.0221
5 9 7.30646 25.0149
5 9 7.28037 24.9884
5 9 7.3124 25.0221
5 9 7.34321 25.0221
5 9 7.36416 25.0222
5 9 7.40263 25.0222
5 9 7.39929 25.0211
5 9 7.42303 25.0222
0 15 0.821704 2.04032
5 9 7.30325 25.0219
0 15 0.755708 2.03982
5 9 7.40134 25.0222
5 9 7.33092 25.0211
5 9 7.44145 24.9782
5 9 7.29211 25.0222
0 15 0.82432 2.04186
0 15 0.990284 2.04064
5 9 7.58245 25.0168
5 9 7.3097 25.0222
5 9 7.51064 25.0222
0 15 0.764711 2.03704
0 15 0.843913 2.03573
0 15 0.840871 2.03866
0 15 0.941389 2.03971
0 15 0.923861 2.01481
0 15 0.983384 2.0408
0 15 0.842389 2.04071
0 15 0.945045 2.04159
0 15 0.797319 2.02946
0 15 0.82476 2.04193
0 15 0.869553 2.01065
0 15 1.00514 2.01446
0 15 0.942825 2.03989
0 15 0.831279 2.04088
0 15 0.838663 2.04089
0 15 0.816675 2.04172
0 15 0.834381 2.04188
0 15 1.027 2.02604
0 15 0.828194 2.04154
0 15 1.04655 2.03851
0 15 2.18583 2.04141
0 15 0.964214 2.04048
0 15 0.972503 2.02052
0 15 0.781785 2.03428
0 15 1.67921 2.03217
0 15 0.967129 2.04142
0 15 0.857761 2.0398
0 15 0.843073 2.04159
0 15 0.836424 2.04173
0 15 0.811272 2.04191
0 15 0.838254 2.01762
0 15 0.915136 2.01386
0 15 0.961155 2.01874
0 15 0.827631 2.03918
0 15 0.853077 2.04175
0 15 0.843253 2.02165
0 15 0.83552 2.03998
0 15 0.911996 2.01478
0 15 0.845339 2.00162
0 15 0.845979 2.03808
0 15 0.83964 2.04015
0 15 0.813587 2.03935
0 15 0.840108 2.03486
0 15 0.836177 2.03532
0 15 0.842823 2.03723
0 15 0.844573 2.01576
0 15 0.853988 2.03622
0 15 0.837112 2.0224
0 15 0.760368 2.04087
0 15 1.45451 2.01481
0 15 0.839945 2.01375
0 15 0.840777 2.03547
0 15 0.836745 2.04163
0 15 0.764334 2.04133
0 15 1.65854 2.04161
0 15 0.834531 2.02662
0 15 0.83434 2.04195
0 15 1.63154 2.00942
0 15 0.838818 2.02178
0 15 0.833078 2.04012
0 15 0.838487 2.03934
0 15 0.830183 2.02569
0 15 0.820144 2.02184
0 15 0.835882 2.04037
0 15 0.836756 2.01481
0 15 0.833018 2.02217
0 15 0.827885 2.04195
0 15 1.27821 2.03658
0 15 1.36214 2.02299
0 15 0.840308 2.0208
0 15 0.832172 2.02131
0 15 0.838076 2.01907
0 15 1.38421 2.0418
0 15 0.818106 2.0418
0 15 0.809983 2.01871
0 15 0.824793 2.04196
0 15 0.839827 2.04032
0 15 1.28966 2.02434
0 15 0.860935 2.04187
0 15 0.843281 2.04188
0 15 0.8463 2.04125
0 15 1.00701 2.03963
0 15 1.44767 2.03959
0 15 0.831304 2.0359
0 15 0.847182 2.01481
0 15 0.846403 2.03692
0 15 0.838197 2.02674
0 15 0.838858 2.0418
0 15 0.83091 2.03577
0 15 0.846785 2.04119
0 15 0.841722 2.02055
0 15 0.840458 2.02223
0 15 0.839627 2.04069
0 15 0.83824 2.02141
0 15 0.934153 2.03629
1 15 0.825347 16.652
1 15 0.80396 16.6506
1 15 0.836186 16.6509
1 15 0.806523 16.6235
1 15 0.804973 16.6163
1 15 0.815676 16.6517
0 15 0.868686 2.04082
1 15 0.788437 16.6509
1 15 0.816672 16.5262
1 15 0.813772 16.6407
1 15 0.787736 16.6405
1 15 0.789699 16.6282
1 15 0.833226 16.652
1 15 0.758802 16.6469
1 15 0.791713 16.6526
1 15 0.798228 16.6466
1 15 0.812466 16.6396
1 15 0.824315 16.6311
1 15 0.782343 16.6509
1 15 0.802162 16.5969
1 15 0.785669 16.6381
1 15 0.782326 16.6331
1 15 0.770386 16.6163
1 15 0.821355 16.649
1 15 0.827145 16.6232
1 15 0.800852 16.6481
1 15 0.822682 16.6431
1 15 0.859231 16.6487
1 15 0.83359 16.6467
1 15 0.829195 16.6126
1 15 0.806178 16.6517
1 15 0.868325 16.6479
1 15 0.772822 16.5662
1 15 0.786941 16.6509
1 15 0.838576 16.64
1 15 0.804051 16.6528
1 15 0.805655 16.634
1 15 0.824121 16.6432
1 15 0.797201 16.6514
1 15 0.80612 16.6523
1 15 0.814432 16.6526
1 15 0.82274 16.562
2 15 0.846181 -1.93939e-07
2 15 0.838441 -1.30836e-08
1 15 0.811384 16.649
1 15 0.831652 16.6361
1 15 0.821124 16.6517
1 15 0.817969 16.6487
1 15 0.837412 16.648
2 15 0.841238 -8.25664e-11
1 15 0.803495 16.6493
1 15 0.813132 16.6523
1 15 0.804184 16.652
1 15 0.820572 16.6505
2 15 0.883635 -5.45747e-06
2 15 0.841547 -8.30765e-07
2 15 0.84329 -1.88191e-15
2 15 0.827467 -2.33273e-06
2 15 0.846729 -1.85327e-05
2 15 0.824742 -2.01804e-09
2 15 0.963699 -8.10035e-07
2 15 0.834338 -8.59348e-07
2 15 0.835159 -1.74958e-07
2 15 0.833357 -5.91583e-07
2 15 0.832167 -2.78941e-15
2 15 0.837159 -1.17446e-06
2 15 0.839029 -9.17254e-08
2 15 0.842133 -2.76421e-05
2 15 0.832884 -4.56255e-07
2 15 0.819507 -5.46329e-10
2 15 0.83794 -8.23876e-09
2 15 0.845415 -7.50673e-11
2 15 0.835052 -4.95289e-06
2 15 0.840188 -3.33332e-17
2 15 0.829256 -1.72966e-08
2 15 0.932268 -1.83452e-06
2 15 0.837141 -3.54058e-09
2 15 0.837603 -1.59594e-08
2 15 0.821716 -1.99805e-13
2 15 0.828188 -1.08192e-05
2 15 0.797908 -4.27821e-08
2 15 0.849283 -2.03975e-18
2 15 0.835877 -3.86369e-08
2 15 0.84291 -3.97238e-08
2 15 0.836826 -1.1815e-06
2 15 0.831068 -4.72285e-06
2 15 0.851764 -5.07021e-07
2 15 0.843094 -3.64217e-07
2 15 0.818972 -1.21243e-07
2 15 0.849815 -1.36616e-09
2 15 0.810766 -1.15198e-07
2 15 0.84263 -5.01972e-10
2 15 0.839607 -1.78121e-09
2 15 0.847831 -7.30378e-17
2 15 0.826726 -2.45895e-09
2 15 0.824067 -1.62242e-09
2 15 1.35644 -2.96298e-13
2 15 0.955675 -1.06006e-05
2 15 0.835989 -7.06295e-07
2 15 1.32365 -2.21628e-05
2 15 0.838823 -1.45168e-08
3 15 0.835063 206.16
3 15 0.833698 210.865
3 15 0.829553 211.424
3 15 0.835496 209.945
3 15 0.829509 211.197
3 15 0.829884 211.32
3 15 0.800039 210.59
3 15 0.814849 211.175
3 15 1.35201 211.089
3 15 0.813904 210.398
3 15 0.839458 210.714
3 15 0.803766 210.013
3 15 0.835802 210.396
3 15 0.823432 211.061
3 15 0.952439 211.326
3 15 0.832072 210.551
3 15 0.839371 210.816
3 15 0.828595 210.171
3 15 0.841658 211.41
3 15 0.835614 211.04
3 15 0.818954 211.278
3 15 0.834094 209.357
3 15 0.831425 211.228
3 15 0.832413 210.964
3 15 0.830853 211.409
3 15 0.829282 211.122
3 15 0.826802 211.339
3 15 0.863515 210.197
3 15 1.30073 211.229
3 15 0.835613 210.125
3 15 0.82803 210.204
3 15 0.816931 205.699
3 15 0.834318 210.292
3 15 0.836279 210.606
3 15 0.830641 211.382
3 15 0.875408 211.411
3 15 0.830343 211.344
3 15 0.843461 211.174
3 15 0.824126 211.358
3 15 0.837629 211.004
3 15 0.891708 209.796
3 15 0.825352 211.408
3 15 0.821284 211.426
3 15 0.8244 211.38
3 15 0.815151 211.194
3 15 0.824381 211.148
3 15 0.841669 211.067
3 15 0.850596 210.012
3 15 0.834164 209.951
4 15 0.95409 9.98519
3 15 0.836347 211.319
4 15 0.847242 9.96884
4 15 0.767799 9.97062
4 15 0.842814 9.98196
4 15 0.844374 9.91371
4 15 0.971295 9.93443
4 15 0.842105 9.98285
4 15 0.818707 9.99483
4 15 0.989397 9.99408
4 15 0.839732 9.91982
4 15 0.80402 9.98196
4 15 0.838346 9.95353
4 15 0.83561 9.82938
4 15 0.840037 9.99776
4 15 1.11855 9.98079
4 15 0.839429 9.9829
4 15 0.809295 9.98866
4 15 0.84253 9.98285
4 15 0.782868 9.77779
4 15 0.857043 9.92107
4 15 0.843443 9.97594
4 15 0.755905 9.90558
4 15 0.832706 9.98721
4 15 0.844364 9.97123
4 15 0.805446 9.81959
4 15 0.863004 9.97905
4 15 1.11883 9.96941
4 15 1.1049 9.92107
4 15 0.806788 9.8718
4 15 0.831889 9.90451
4 15 0.839959 9.93378
4 15 0.839284 9.94623
4 15 0.846277 9.94179
4 15 0.836069 9.98773
4 15 0.835955 9.98519
4 15 0.819516 9.97712
4 15 0.808232 9.97514
4 15 0.843523 9.98196
4 15 0.84046 9.98207
4 15 0.845732 9.98018
4 15 0.845763 9.85755
4 15 0.827356 9.99562
4 15 0.844186 9.99223
4 15 0.838487 9.98876
4 15 0.841785 9.98716
4 15 1.01449 9.82621
4 15 0.838571 9.96147
4 15 0.839461 9.96565
4 15 0.831618 9.97864
4 15 0.826905 9.97988
5 15 4.1958 25.0191
5 15 4.20956 25.0222
5 15 4.23929 25.0222
5 15 4.20083 25.0214
5 15 4.20722 25.0208
5 15 4.19487 25.0221
5 15 4.19945 25.0206
5 15 4.18867 25.0134
5 15 4.20514 25.0153
5 15 4.19054 25.0218
5 15 4.20157 25.0198
5 15 4.19695 25.0217
5 15 4.20055 25.0221
5 15 4.19727 25.0221
5 15 4.20264 25.0222
5 15 4.18897 25.0222
5 15 4.20707 25.0222
5 15 4.2069 25.0222
5 15 4.29308 25.0221
5 15 4.19293 25.0042
5 15 4.20397 25.0222
5 15 4.21768 25.021
5 15 4.20446 25.0073
5 15 4.2019 25.0167
5 15 4.20367 25.0221
5 15 4.20402 25.0222
5 15 4.25938 25.0221
5 15 4.19949 25.0222
5 15 4.20062 25.0219
5 15 4.20607 25.0214
5 15 4.19629 25.0214
5 15 4.18985 25.0222
5 15 4.20709 25.0222
5 15 4.19873 25.0221
5 15 4.19911 25.0203
5 15 4.20314 25.0216
5 15 4.18725 25.0211
5 15 4.19364 25.0222
5 15 4.19865 25.0222
5 15 4.19763 24.985
5 15 4.21863 25.0222
5 15 4.19244 25.0209
5 15 4.18874 25.021
5 15 4.18861 25.0222
5 15 4.21213 25.0219
5 15 4.1916 25.0178
5 15 4.19176 25.0187
5 15 4.25927 25.0222
5 15 4.23946 25.0221
0 16 0.824544 2.03875
0 16 0.764473 2.04088
0 16 0.831172 2.02741
5 15 4.19574 25.0219
0 16 0.835385 2.04144
0 16 0.834117 2.0347
0 16 0.832448 2.04198
0 16 0.832888 2.03977
0 16 0.807923 2.02172
0 16 0.793868 2.04032
0 16 0.84322 2.04197
0 16 0.832106 2.02612
0 16 0.831955 2.0337
0 16 1.35978 2.03945
0 16 0.80334 2.04099
0 16 0.851404 2.01734
0 16 0.849402 2.01338
0 16 0.83786 2.03441
0 16 0.842569 2.01881
0 16 0.835909 2.02047
0 16 0.834834 2.04196
0 16 0.817057 2.03664
0 16 0.839075 2.01481
0 16 0.833339 2.04186
0 16 0.83583 2.02056
0 16 0.839528 2.03929
0 16 0.829446 2.04062
0 16 1.30968 2.01439
0 16 0.821229 2.04175
0 16 0.834223 2.01479
0 16 0.838583 2.0224
0 16 0.841084 2.04156
0 16 0.832294 2.0222
0 16 0.840225 2.03147
0 16 0.835571 2.02809
0 16 0.83351 2.01481
0 16 0.832931 2.04171
0 16 0.824743 2.04194
0 16 0.839773 2.0148
0 16 0.826855 2.04186
0 16 0.838187 2.03775
0 16 0.817527 2.0148
0 16 0.840968 2.04166
0 16 0.838611 2.03364
0 16 0.823819 2.04155
0 16 0.923313 2.02525
0 16 0.842528 2.03767
0 16 0.844585 2.04187
0 16 1.83018 2.01473
0 16 0.835083 2.04166
0 16 0.827417 2.0415
0 16 0.855984 2.02842
0 16 0.78879 2.02078
0 16 0.954408 2.04039
0 16 0.819929 2.0418
0 16 0.835158 2.04185
0 16 0.837641 2.01481
0 16 0.8366 2.04037
0 16 0.831262 2.04123
0 16 0.85028 2.04165
0 16 0.854243 2.01767
0 16 0.809242 2.01481
0 16 0.837238 2.04147
0 16 0.830331 2.04157
0 16 0.843155 2.02099
0 16 0.831217 2.02182
0 16 0.914268 2.00247
0 16 0.836569 2.04133
0 16 0.938838 2.01653
0 16 0.854434 2.04172
0 16 1.56512 2.02214
0 16 0.841355 2.02216
0 16 0.794563 2.04178
0 16 0.843841 2.03592
0 16 0.830902 2.03805
0 16 0.822864 2.0391
0 16 0.834473 2.03788
0 16 0.804289 2.0218
0 16 0.833161 2.04176
0 16 0.845898 2.03636
0 16 0.835839 2.04197
0 16 0.786178 2.01481
0 16 0.836218 2.02205
0 16 0.816639 2.04144
0 16 0.942439 2.04117
0 16 0.799854 2.04195
0 16 0.833152 2.02059
0 16 0.839045 2.03872
0 16 0.837106 2.04075
0 16 0.844631 2.03499
0 16 0.871747 2.0378
0 16 0.836943 2.00488
0 16 0.842731 2.02183
0 16 0.814555 2.04146
0 16 0.83487 2.02774
0 16 0.844792 2.03853
0 16 0.811902 2.04023
0 16 0.827197 2.03977
0 16 0.831415 2.04197
1 16 0.817238 16.6476
1 16 0.794362 16.6424
1 16 0.804257 16.6344
1 16 0.77582 16.6518
1 16 0.804957 16.6188
1 16 0.798804 16.6311
1 16 0.792729 16.6517
1 16 0.803567 16.6402
1 16 0.822472 16.6479
1 16 0.805157 16.6527
1 16 0.806373 16.6527
1 16 0.819646 16.647
1 16 0.811445 16.6471
1 16 0.752241 16.6524
1 16 0.812171 16.6486
1 16 0.78223 16.6516
1 16 0.804831 16.6491
1 16 0.814239 16.6507
1 16 0.818002 16.6511
1 16 0.790202 16.6528
1 16 0.79315 16.6331
1 16 0.821164 16.6523
1 16 0.788623 16.6496
1 16 0.822328 16.6391
1 16 0.817664 16.6501
1 16 0.805381 16.6456
1 16 0.873757 16.6526
1 16 0.82133 16.6503
0 16 0.766712 2.03991
0 16 0.84004 2.04154
1 16 0.818725 16.6528
1 16 0.787843 16.6483
1 16 0.812244 16.6442
1 16 0.810419 16.6003
1 16 0.808893 16.6511
1 16 0.796044 16.6516
1 16 0.806177 16.6481
1 16 0.811789 16.5987
1 16 0.816293 16.6324
1 16 0.821633 16.6294
1 16 0.79019 16.6429
1 16 0.828497 16.6441
1 16 0.79873 16.6227
1 16 1.3822 16.6505
1 16 1.30745 16.6485
1 16 0.805223 16.6136
1 16 0.801662 16.6331
1 16 0.791045 16.6289
1 16 0.809355 16.635
1 16 0.768892 16.6468
1 16 0.846922 16.6428
1 16 1.25269 16.6495
2 16 0.829295 -2.77356e-06
2 16 0.835849 -5.19709e-07
2 16 0.83846 -8.17987e-11
2 16 1.36433 -6.28084e-15
2 16 1.2307 -1.97103e-16
2 16 0.834159 -3.80006e-11
2 16 0.842163 -5.55062e-07
2 16 0.843954 -7.68597e-07
2 16 1.30852 -9.13821e-10
2 16 0.822642 -7.01149e-06
2 16 0.825726 -3.01224e-10
2 16 0.845204 -1.37661e-08
2 16 1.39083 -5.66933e-14
2 16 0.844707 -2.5993e-06
2 16 0.785063 -2.30245e-06
2 16 0.836971 -9.94055e-08
2 16 0.843654 -9.01275e-12
2 16 0.806736 -2.22887e-07
2 16 0.82529 -3.23298e-07
2 16 0.81555 -3.67237e-07
2 16 0.848338 -2.64499e-07
2 16 1.30126 -2.22783e-14
2 16 0.818293 -2.48731e-07
2 16 1.25341 -5.99605e-08
2 16 0.763712 -1.12117e-05
2 16 0.821738 -3.66278e-07
2 16 0.814251 -4.21113e-10
2 16 1.52793 -2.972e-07
2 16 0.840749 -5.79408e-07
2 16 0.818791 -2.94356e-08
2 16 0.749499 -4.75437e-07
2 16 0.836608 -8.91425e-10
2 16 0.836361 -6.43266e-07
2 16 0.82997 -3.48432e-11
2 16 0.836735 -3.36605e-10
2 16 0.789059 -1.38906e-13
2 16 0.83749 -3.57694e-06
2 16 0.834101 -1.34731e-07
2 16 0.826627 -3.05526e-07
2 16 0.831793 -3.04811e-08
2 16 0.804282 -3.07527e-05
2 16 0.834198 -1.46229e-05
2 16 0.800308 -8.45047e-12
2 16 0.840973 -5.2782e-08
2 16 0.830982 -1.21378e-07
2 16 0.82219 -5.49606e-12
2 16 0.834545 -1.57864e-12
2 16 0.802608 -9.00778e-06
2 16 0.824887 -3.40787e-09
3 16 0.807257 211.42
2 16 0.853642 -1.96686e-09
3 16 0.821173 210.638
3 16 0.891636 208.707
3 16 0.833658 210.964
3 16 0.812614 211.316
3 16 0.793763 211.42
3 16 0.819614 210.526
3 16 0.97425 211.287
3 16 0.827077 210.863
3 16 0.843998 211.343
3 16 0.825481 210.51
3 16 0.824358 211.403
3 16 0.812684 211.348
3 16 0.827627 211.364
3 16 0.824195 210.974
3 16 0.799981 211.379
3 16 0.889731 211.355
3 16 0.826217 210.861
3 16 0.838638 211.4
3 16 0.985656 210.964
3 16 0.827556 211.091
3 16 0.829193 211.425
3 16 0.834172 211.364
3 16 0.829787 210.171
3 16 1.29823 210.955
3 16 0.801522 211.408
3 16 1.29356 209.191
3 16 0.827183 211.287
3 16 0.922969 211.239
3 16 1.27879 211.403
3 16 0.822761 210.967
3 16 0.826401 210.788
3 16 0.819523 208.373
3 16 0.824548 209.178
3 16 0.817874 211.404
3 16 0.833165 211.279
3 16 1.01703 211.426
3 16 0.825044 211.426
3 16 1.26636 211.412
3 16 0.817034 211.378
3 16 0.825895 211.001
3 16 1.22087 211.289
3 16 0.82401 211.42
3 16 0.808251 210.904
3 16 0.829005 211.381
3 16 0.809772 211.246
3 16 0.812898 211.289
3 16 0.831228 211.15
3 16 0.841201 211.413
4 16 0.841938 9.98545
4 16 0.836093 9.9953
4 16 0.837715 9.98416
4 16 0.839228 9.95272
4 16 0.843822 9.89918
4 16 0.841418 9.96424
4 16 0.873381 9.94218
4 16 0.836053 9.87517
4 16 1.426 9.94207
4 16 0.898836 9.90114
4 16 1.15634 9.99273
4 16 0.974314 9.95336
4 16 0.84428 9.92107
4 16 0.828848 9.99547
4 16 0.882054 9.92107
4 16 0.8602 9.9348
4 16 0.802111 9.91176
4 16 0.957268 9.91084
4 16 1.2467 9.98285
4 16 0.838146 9.80847
4 16 0.935051 9.98707
4 16 0.845984 9.94218
4 16 0.935438 9.95891
4 16 1.25936 9.98866
4 16 0.833908 9.96595
4 16 0.83714 9.9773
4 16 0.835915 9.98585
4 16 0.984442 9.87722
4 16 0.83246 9.82364
4 16 0.861837 9.87543
4 16 0.847291 9.83646
4 16 0.841143 9.93592
4 16 1.567 9.99814
4 16 0.831835 9.97681
4 16 0.827345 9.99394
4 16 0.842724 9.98388
4 16 0.827866 9.97157
4 16 0.834127 9.77779
4 16 0.84091 9.93489
4 16 0.831278 9.90454
4 16 0.837007 9.99876
4 16 0.816208 9.98356
4 16 0.929171 9.98195
4 16 0.800039 9.92107
4 16 0.819901 9.92107
4 16 0.840406 9.9638
4 16 0.837605 9.98386
4 16 0.837898 9.95631
4 16 0.840418 9.99881
5 16 3.91705 25.0161
5 16 3.92142 25.0204
5 16 4.0356 25.0221
5 16 3.91111 25.0046
5 16 3.95016 25.0204
4 16 1.09712 9.77369
5 16 4.03994 25.0216
5 16 4.6293 25.022
5 16 4.03716 25.0221
5 16 3.92132 25.0221
5 16 3.92533 25.0216
5 16 3.92523 25.0221
5 16 3.99766 25.0222
5 16 3.95599 25.0221
5 16 3.96256 25.0222
5 16 3.92041 25.0141
5 16 3.93153 25.0222
5 16 3.92233 25.0201
5 16 4.08212 25.017
5 16 4.03302 25.0222
5 16 3.91643 25.0221
5 16 3.98523 25.022
5 16 3.96044 25.022
5 16 3.91716 25.0184
5 16 4.01476 25.0219
5 16 3.91349 25.0112
5 16 3.96895 25.0221
5 16 4.08424 25.0179
5 16 3.93931 25.0215
5 16 3.91309 25.0218
5 16 4.04682 25.018
5 16 4.04429 25.022
5 16 3.96048 25.0221
5 16 3.95952 25.0084
5 16 3.92972 25.0222
5 16 3.90694 25.0222
5 16 3.92036 25.0219
5 16 3.9243 25.0202
5 16 3.92368 25.0214
5 16 3.92002 25.0216
5 16 3.9765 25.0213
5 16 3.93006 25.0222
5 16 3.92806 25.0221
5 16 3.96974 25.0221
0 17 0.940703 2.01481
5 16 3.91888 25.0165
5 16 4.0489 25.0165
5 16 3.91996 25.0218
0 17 1.0237 2.03131
5 16 3.91514 25.0219
5 16 3.92761 25.0222
5 16 3.9173 25.0219
5 16 3.92512 25.0222
0 17 0.942213 2.02179
0 17 0.869467 2.03247
0 17 0.869014 2.04195
0 17 0.919002 2.04188
0 17 0.851907 2.03863
0 17 0.868103 2.01481
0 17 0.901831 2.03973
0 17 0.84042 2.02156
0 17 0.936849 2.01982
0 17 0.971554 2.04185
0 17 0.856695 2.04184
0 17 1.40125 2.04008
0 17 1.00393 2.035
0 17 0.996996 2.0206
0 17 1.39208 2.01839
0 17 1.33937 2.04194
0 17 0.958004 2.02385
0 17 0.940264 2.04032
0 17 1.03314 2.04186
0 17 1.53951 2.03108
0 17 0.942856 2.03807
0 17 1.33856 2.02501
0 17 1.3874 2.03575
0 17 1.56214 2.04055
0 17 1.29345 2.02208
0 17 0.994555 2.04179
0 17 0.873701 2.03361
0 17 0.968923 2.04183
0 17 0.975635 2.04188
0 17 0.980999 2.0164
0 17 1.12644 2.04157
0 17 0.829401 2.04032
0 17 0.857562 2.01481
0 17 0.860704 2.04175
0 17 0.943195 2.0201
0 17 0.967176 2.02111
0 17 0.884897 2.04043
0 17 0.860879 2.04013
0 17 1.34058 2.04046
0 17 0.875531 2.04155
0 17 1.42668 2.03841
0 17 1.39137 2.02182
0 17 0.9648 2.04197
0 17 0.994708 2.02188
0 17 0.874557 2.04189
0 17 0.885619 2.01985
0 17 0.865099 2.04137
0 17 0.864706 2.01277
0 17 1.46887 2.04189
0 17 0.842442 2.03866
0 17 0.992873 2.02208
0 17 1.3387 2.04132
0 17 1.59384 2.04184
0 17 0.874841 2.0418
0 17 1.45418 2.01481
0 17 1.44189 2.01328
0 17 0.932624 2.03829
0 17 0.845553 2.04139
0 17 0.892907 2.02385
0 17 1.1133 2.04095
0 17 0.967341 2.04191
0 17 0.982295 2.0418
0 17 1.45621 2.04194
0 17 0.965566 2.02315
0 17 0.950604 2.03592
0 17 1.00124 2.04159
0 17 1.00789 2.02089
0 17 0.949052 2.02145
0 17 1.31624 2.0215
0 17 0.930874 2.01481
0 17 0.873864 2.04197
0 17 1.40895 2.03573
0 17 0.847667 2.02237
0 17 1.05399 2.03938
0 17 1.17581 2.04197
0 17 1.42648 2.04111
0 17 0.975245 2.01481
0 17 0.983591 2.0353
0 17 0.927506 2.04194
0 17 1.2452 2.04196
0 17 0.947644 2.04197
0 17 1.30584 2.03802
0 17 1.09187 2.04032
0 17 0.92333 2.04138
0 17 1.19168 2.01617
0 17 1.32359 2.04197
0 17 1.15458 2.03805
0 17 1.18471 2.02168
0 17 1.30569 2.03797
0 17 0.975026 2.04074
0 17 1.02289 2.0391
0 17 1.39829 2.01911
0 17 1.24555 2.04188
0 17 1.45747 2.01046
0 17 0.879612 2.04125
0 17 1.0576 2.0419
0 17 1.1307 2.04192
0 17 1.33637 2.01065
1 17 0.855568 16.6469
1 17 1.17333 16.6163
1 17 0.881892 16.6453
1 17 0.997848 16.6487
1 17 0.896594 16.625
1 17 0.991999 16.6461
1 17 1.47934 16.6033
1 17 0.984513 16.6354
1 17 0.988333 16.6513
1 17 0.92582 16.6522
1 17 0.823892 16.6312
1 17 0.965104 16.6519
1 17 0.994338 16.6451
1 17 1.3309 16.6486
1 17 1.30734 16.6523
1 17 0.998017 16.6523
1 17 1.44562 16.6505
1 17 0.858719 16.6391
1 17 0.890605 16.6527
1 17 0.985934 16.6432
1 17 1.35951 16.6361
1 17 0.976083 16.5262
1 17 0.994102 16.6522
1 17 1.0004 16.6394
1 17 0.977156 16.6236
1 17 1.51489 16.6467
1 17 1.01886 16.6439
1 17 0.944307 16.5978
1 17 0.846818 16.6431
1 17 0.902211 16.6506
1 17 0.989525 16.6126
1 17 1.28046 16.645
1 17 0.933036 16.6517
1 17 0.938119 16.6499
1 17 0.92188 16.6491
1 17 0.995001 16.6429
1 17 0.850654 16.6363
1 17 0.982392 16.5761
1 17 0.933882 16.6378
1 17 0.931721 16.6426
1 17 0.923869 16.6524
1 17 0.943458 16.6123
1 17 0.833023 16.5988
1 17 1.27433 16.6129
1 17 0.97768 16.6479
1 17 0.978359 16.6505
1 17 0.857837 16.6358
1 17 0.986291 16.6502
1 17 0.938518 16.5271
1 17 0.953602 16.6476
2 17 1.10848 -1.70527e-07
2 17 0.935307 -2.87261e-08
2 17 0.988941 -2.6156e-07
2 17 0.993044 -3.05356e-08
2 17 0.875943 -5.55426e-08
2 17 0.842489 -3.94054e-06
2 17 0.859947 -1.20513e-16
2 17 0.986005 -8.70299e-08
2 17 1.47448 -1.53027e-11
2 17 0.985892 -8.87383e-11
2 17 0.933993 -7.02721e-06
2 17 0.859871 -1.18169e-05
2 17 0.988378 -1.14467e-06
2 17 0.879902 -5.40762e-07
2 17 1.47108 -1.66403e-10
2 17 0.855477 -4.55067e-05
2 17 0.986648 -2.14153e-05
2 17 0.984029 -3.53467e-07
2 17 0.946619 -8.64464e-06
2 17 0.953273 -2.85385e-07
2 17 1.44594 -0.000100396
2 17 1.00776 -7.84393e-09
2 17 1.34699 -2.26137e-05
2 17 1.45795 -4.98669e-13
2 17 1.46016 -1.61638e-07
2 17 0.999529 -3.23495e-08
2 17 0.939535 -2.08059e-07
2 17 1.44827 -5.40632e-10
2 17 1.46813 -2.78853e-11
2 17 1.31413 -4.32525e-07
2 17 0.870212 -1.36548e-11
2 17 1.41788 -4.89377e-12
2 17 0.94792 -2.32273e-09
2 17 0.999412 -4.88042e-06
2 17 1.42554 -2.25148e-08
2 17 0.983109 -1.08334e-08
2 17 1.46584 -5.7761e-06
2 17 1.5102 -8.14178e-09
2 17 0.97621 -2.68599e-06
2 17 1.43441 -7.41291e-08
2 17 1.45199 -8.51074e-06
2 17 0.961563 -1.08331e-05
2 17 1.51356 -5.1927e-06
2 17 0.99422 -7.88983e-06
2 17 0.87579 -4.15719e-08
2 17 1.35091 -4.63205e-06
2 17 1.43742 -6.56502e-07
2 17 0.85777 -1.38854e-08
2 17 1.42839 -1.51876e-07
2 17 1.33001 -1.37682e-06
3 17 0.994111 210.904
3 17 0.858368 209.298
3 17 1.2572 210.502
3 17 1.46042 208.32
3 17 0.988181 211.231
3 17 0.93935 209.221
3 17 0.989158 210.762
3 17 0.988294 211.2
3 17 0.874503 211.426
3 17 0.997561 211.309
3 17 1.30052 211.283
3 17 1.23009 211.424
3 17 1.42437 211.382
3 17 1.68788 210.509
3 17 1.25631 211.365
3 17 1.40662 211.347
3 17 0.869594 211.42
3 17 0.865431 209.76
3 17 0.9843 211.104
3 17 0.877483 210.623
3 17 1.03403 211.395
3 17 0.982596 210.872
3 17 1.51309 211.021
3 17 1.41488 211.405
3 17 1.47724 211.019
3 17 1.45012 211.42
3 17 0.988882 211.028
3 17 1.04046 211.024
3 17 1.14287 211.348
3 17 0.938041 207.474
3 17 1.32021 210.64
3 17 0.978501 211.392
3 17 0.978672 210.75
3 17 0.987551 210.865
3 17 1.4863 210.808
3 17 0.859868 211.349
3 17 1.46638 210.347
3 17 1.45299 211.413
3 17 1.35154 211.412
3 17 1.42154 211.022
3 17 1.1375 210.967
3 17 0.855754 211.22
3 17 1.54235 211.118
3 17 1.43867 210.877
3 17 1.437 210.877
3 17 1.07374 206.278
3 17 1.92326 211.42
3 17 1.33046 210.409
3 17 1.46436 211.397
3 17 1.44331 211
4 17 0.978505 9.95078
4 17 1.89558 9.94893
4 17 0.985547 9.87722
4 17 1.00699 9.98585
4 17 0.871 9.98579
4 17 1.4315 9.94763
4 17 0.859052 9.92107
4 17 0.98067 9.94998
4 17 0.983372 9.99931
4 17 0.856705 9.88382
4 17 1.41057 9.77779
4 17 0.988796 9.99521
4 17 0.866455 9.98755
4 17 0.880153 9.96352
4 17 1.46653 9.97157
4 17 1.87057 9.99694
4 17 1.3899 9.93412
4 17 0.93586 9.95312
4 17 1.10456 9.89777
4 17 0.986773 9.77779
4 17 1.34978 9.77779
4 17 1.31909 9.97952
4 17 1.46788 9.98576
4 17 1.32418 9.99639
4 17 0.860518 9.92351
4 17 0.892582 9.83025
4 17 0.867462 9.9302
4 17 0.872469 9.98218
4 17 0.860904 9.9924
4 17 0.872688 9.99095
4 17 0.942524 9.94256
4 17 0.970465 9.99652
4 17 0.950819 9.98738
4 17 1.47534 9.98947
4 17 1.40895 9.98638
4 17 0.852268 9.96809
4 17 0.957326 9.99702
4 17 0.869019 9.94514
4 17 0.858545 9.92107
4 17 0.948923 9.99273
4 17 0.943644 9.98285
4 17 1.47 9.96877
4 17 0.983957 9.94009
4 17 0.873234 9.96747
4 17 1.11161 9.93193
4 17 0.844966 9.9623
4 17 0.97391 9.96577
4 17 0.907597 9.87698
4 17 0.905224 9.9905
4 17 1.00645 9.99615
5 17 3.84141 25.0221
5 17 3.7094 25.0161
5 17 3.70561 25.0162
5 17 3.68578 25.0221
5 17 3.71971 25.0207
5 17 3.74913 25.0221
5 17 3.69493 25.0178
5 17 3.69087 25.0222
5 17 3.67941 25.022
5 17 3.70447 25.0219
5 17 3.67601 25.0167
5 17 3.71488 25.0216
5 17 3.68983 25.0222
5 17 3.70091 25.0222
5 17 3.68884 25.0222
5 17 3.72446 25.0216
5 17 3.68737 25.0222
5 17 3.69286 25.0196
5 17 3.78736 25.0222
5 17 3.7089 25.0213
5 17 3.68603 25.0222
5 17 3.67353 25.0216
5 17 3.789 25.0221
5 17 3.72634 25.0221
5 17 3.68682 25.0222
5 17 3.68925 25.0213
5 17 3.70354 24.9816
5 17 3.79365 25.0164
5 17 3.67137 25.0222
5 17 3.77923 25.0222
5 17 3.81659 25.0221
5 17 3.68708 25.0221
5 17 3.82934 25.0221
5 17 3.71098 25.022
5 17 3.69672 25.0187
5 17 3.71074 25.0222
5 17 3.70451 25.0131
5 17 3.71143 25.0221
5 17 3.68848 25.0221
5 17 3.78323 25.0196
5 17 3.762 25.021
5 17 3.70777 25.0221
5 17 3.78848 25.0215
5 17 3.71369 25.0222
5 17 3.78031 25.0222
5 17 3.72697 25.0219
5 17 3.72031 25.0222
5 17 3.66947 25.0219
5 17 3.71947 25.0222
5 17 3.77812 25.0221
0 31 1.38619 2.04136
0 31 0.944162 2.03864
0 31 0.992518 2.01481
0 31 0.9269 2.03904
0 31 1.57239 2.02206
0 31 1.03592 2.02385
0 31 0.997976 2.04158
0 31 1.38127 2.00837
0 31 0.944334 2.03039
0 31 0.93709 2.04038
0 31 0.916638 2.04179
0 31 0.922153 2.04032
0 31 0.933801 2.04157
0 31 0.990339 2.03775
0 31 0.925762 2.04149
0 31 0.991011 2.03952
0 31 0.927261 2.02385
0 31 0.922109 2.02205
0 31 0.932585 2.01782
0 31 0.923858 2.02421
0 31 0.925194 2.0418
0 31 0.930182 2.03353
0 31 0.889245 2.0148
0 31 0.89604 2.04133
0 31 0.927959 2.02918
0 31 1.3235 2.00494
0 31 0.941193 2.04066
0 31 0.946343 2.04188
0 31 0.921247 2.04166
0 31 0.927622 2.04194
0 31 0.900907 2.04139
0 31 1.38262 2.01754
0 31 0.919651 2.04198
0 31 0.935444 2.04044
0 31 0.944573 2.01091
0 31 0.934388 2.02636
0 31 1.01331 2.0332
0 31 0.944154 2.03952
0 31 0.965871 2.01472
0 31 1.43874 2.04187
0 31 0.945081 2.04037
0 31 1.29842 2.03667
0 31 0.915433 2.04195
0 31 0.925154 2.02192
0 31 0.921199 2.04071
0 31 0.923661 2.00988
0 31 0.928058 2.04096
0 31 1.0728 2.04042
0 31 0.944364 2.04157
0 31 1.3215 2.03947
0 31 0.879326 2.02118
0 31 0.993174 2.0164
0 31 0.782024 2.04105
0 31 0.944216 2.00315
0 31 1.02958 2.04178
0 31 0.935776 2.04139
0 31 0.949549 2.04193
0 31 1.40208 2.01884
0 31 0.942589 2.02724
0 31 0.950304 2.04079
0 31 0.926858 2.04197
0 31 0.996511 2.03165
0 31 0.924702 2.04151
0 31 0.927446 2.02674
0 31 0.993429 2.04197
0 31 1.02238 2.04189
0 31 0.917682 2.04179
0 31 0.920081 2.03618
0 31 1.04173 2.03596
0 31 1.38551 2.02153
0 31 1.00809 2.04193
0 31 1.39636 2.02944
0 31 0.936255 2.04104
0 31 0.897568 2.01995
0 31 0.998968 2.0273
0 31 0.999444 2.01414
0 31 1.00863 2.04124
0 31 0.940379 2.04134
0 31 0.925027 2.01481
0 31 0.943041 2.01722
0 31 1.53754 2.01473
0 31 0.937867 2.03583
0 31 1.00657 2.04195
0 31 0.918097 2.03152
0 31 1.31218 2.0148
0 31 0.871606 2.03567
0 31 0.921336 2.04109
0 31 0.909625 2.04174
0 31 1.01655 2.04032
0 31 0.943217 2.02192
0 31 1.04508 2.01949
0 31 1.06768 2.02708
0 31 1.39077 2.01911
0 31 0.903681 2.03334
0 31 0.97819 2.04171
0 31 1.92684 2.04179
0 31 0.935299 2.03885
0 31 0.934929 2.0224
0 31 0.916024 2.04193
1 31 0.948391 16.6454
1 31 0.912747 16.6425
1 31 0.963678 16.6236
1 31 0.914482 16.6512
1 31 0.996972 16.65
1 31 0.949483 16.6254
1 31 0.92491 16.6491
1 31 0.899338 16.6464
1 31 0.997155 16.6396
1 31 1.35007 16.6427
1 31 0.947068 16.6521
1 31 0.994236 16.644
1 31 1.34237 16.6476
1 31 0.914438 16.6508
1 31 0.92528 16.6331
1 31 0.978939 16.6108
1 31 0.899957 16.6196
1 31 0.94541 16.6526
1 31 0.909543 16.6528
1 31 1.35023 16.652
1 31 1.45951 16.6495
1 31 0.887125 16.6356
1 31 0.893646 16.6528
1 31 0.942942 16.6514
1 31 1.03418 16.6197
1 31 0.94 16.6257
1 31 0.915538 16.6071
1 31 1.05477 16.6524
1 31 0.925654 16.6526
1 31 0.918799 16.6403
1 31 0.927282 16.65
1 31 0.909486 16.6528
1 31 0.9229 16.6482
1 31 0.944175 16.625
1 31 0.919999 16.6528
1 31 1.36126 16.651
1 31 0.940735 16.6359
1 31 0.914543 16.6526
1 31 0.921009 16.5854
1 31 0.943812 16.5667
1 31 0.858026 16.647
1 31 0.909533 16.6441
1 31 0.892162 16.6526
1 31 1.39821 16.6424
1 31 0.954236 16.6146
1 31 0.951129 16.6403
1 31 1.35937 16.6416
1 31 0.915545 16.6516
1 31 0.913453 16.6421
1 31 1.3841 16.6464
2 31 0.946829 -3.11904e-05
2 31 1.39386 -1.5359e-06
2 31 1.46363 -6.57564e-10
2 31 1.44338 -1.11631e-06
2 31 0.90432 -2.62031e-17
2 31 1.02422 -3.30533e-18
2 31 1.37152 -5.71158e-08
2 31 1.35337 -1.36951e-08
2 31 0.998109 -5.28937e-09
2 31 2.67287 -1.91184e-09
2 31 0.943278 -3.38589e-09
2 31 0.942683 -4.65514e-09
2 31 1.36148 -8.49628e-08
2 31 0.986275 -4.14727e-08
2 31 0.865261 -5.92646e-08
2 31 0.944678 -2.14205e-10
2 31 1.3368 -1.6813e-08
2 31 1.61216 -1.02479e-06
2 31 1.97093 -1.43202e-06
2 31 1.34964 -1.2933e-14
2 31 0.926601 -8.09825e-06
2 31 0.922429 -1.28234e-06
2 31 1.84543 -8.33424e-07
2 31 0.926958 -4.42093e-08
2 31 1.31727 -3.05391e-06
2 31 0.942404 -5.24368e-09
2 31 1.35026 -2.11188e-18
2 31 0.934211 -1.22213e-11
2 31 1.40614 -2.90403e-13
2 31 0.972409 -3.43723e-07
2 31 0.891512 -1.92617e-07
2 31 1.29934 -4.90829e-06
2 31 0.941317 -4.00812e-07
2 31 0.990192 -1.10921e-07
2 31 0.987423 -1.52366e-09
2 31 0.902608 -1.75819e-06
2 31 0.93124 -7.6136e-08
2 31 0.906193 -1.48186e-12
2 31 1.31547 -4.29317e-18
2 31 1.43401 -4.20308e-07
2 31 0.889042 -5.94927e-10
2 31 1.32585 -2.08931e-07
2 31 1.43563 -4.934e-08
2 31 0.928392 -3.86136e-08
2 31 1.32945 -3.76843e-09
2 31 1.4006 -4.59795e-06
2 31 0.94548 -2.15658e-07
2 31 1.37804 -5.02661e-12
2 31 1.00708 -1.50811e-07
2 31 0.895928 -4.05324e-13
3 31 0.920234 211.358
3 31 0.982445 211
3 31 0.946877 211.287
3 31 0.926969 211.194
3 31 0.943631 208.503
3 31 1.93836 211.422
3 31 0.946045 210.251
3 31 0.916636 211.349
3 31 0.931649 211.158
3 31 0.939637 210.597
3 31 0.933396 209.194
3 31 1.69413 211.256
3 31 0.913533 211.242
3 31 0.914488 210.887
3 31 1.33052 208.308
3 31 0.924912 210.997
3 31 1.3371 211.42
3 31 0.943427 211.069
3 31 1.32275 210.13
3 31 0.993993 211.342
3 31 1.00874 211.382
3 31 0.91728 211.351
3 31 1.23252 211
3 31 1.31983 210.964
3 31 0.952322 211.374
3 31 0.924778 211.397
3 31 0.946334 210.734
3 31 0.934489 211.262
3 31 0.916156 210.191
3 31 0.9063 211.415
3 31 1.01928 211.289
3 31 0.926965 211.375
3 31 0.941577 210.765
3 31 0.937524 211.034
3 31 0.945756 211.289
3 31 0.918864 210.892
3 31 1.29133 206.648
3 31 0.911835 211.375
3 31 1.21583 211.22
3 31 0.924564 207.808
3 31 1.2843 210.125
3 31 0.942508 211.413
3 31 0.941669 211.39
3 31 0.866936 211.382
3 31 0.91885 211.403
3 31 0.918469 211.319
3 31 0.921873 211.42
3 31 0.94484 211.412
3 31 0.929343 211.397
4 31 0.921353 9.99984
4 31 0.933928 9.9975
4 31 0.924629 9.97766
4 31 0.896996 9.97082
4 31 1.34291 9.94218
4 31 0.918371 9.94622
4 31 0.866627 9.98562
4 31 1.34353 9.81987
4 31 0.896146 9.89498
4 31 0.907672 9.91777
4 31 0.934145 9.9911
4 31 1.38953 9.94145
4 31 0.943418 9.84959
4 31 0.897311 9.77779
3 31 0.957353 211.18
4 31 0.940971 9.97157
4 31 0.932663 9.95049
4 31 0.938587 9.97666
4 31 0.995718 9.90571
4 31 0.922288 9.97084
4 31 0.939677 9.97988
4 31 0.912245 9.99343
4 31 1.32078 9.99904
4 31 0.913651 9.96957
4 31 0.93658 9.98284
4 31 0.929928 9.87562
4 31 1.00075 9.87584
4 31 0.921638 9.98335
4 31 0.983596 9.97724
4 31 0.895274 9.98434
4 31 1.00758 9.85658
4 31 0.849846 9.98894
4 31 1.32113 9.95962
4 31 0.930144 9.99273
4 31 0.876555 9.95302
4 31 0.900772 9.97929
4 31 0.953326 9.97703
4 31 0.938462 9.98386
4 31 1.06148 9.97527
4 31 0.939056 9.95576
4 31 0.910189 9.99273
4 31 0.92919 9.97157
4 31 0.885606 9.9325
4 31 0.903982 9.9202
4 31 0.912181 9.99584
4 31 1.42543 9.97587
4 31 0.921983 9.92567
4 31 0.940552 9.99702
4 31 1.41812 9.92107
4 31 1.40788 9.9932
4 31 1.53392 9.93066
5 31 1.9914 25.0136
5 31 1.99115 25.0222
5 31 2.00637 25.0221
5 31 2.59271 25.0221
5 31 1.99322 25.0203
5 31 1.97329 25.0179
5 31 1.97659 25.0221
5 31 1.9765 25.0222
5 31 1.98716 25.0221
5 31 1.9761 25.0211
5 31 2.15163 25.0222
5 31 1.97839 25.0222
5 31 1.98112 25.0158
5 31 1.98141 25.0211
5 31 1.99439 25.0222
5 31 1.9803 25.0221
5 31 1.97526 25.0221
5 31 1.98784 25.0213
5 31 1.99073 25.0221
5 31 2.16025 25.0222
5 31 1.98467 25.0222
5 31 1.98864 25.0207
5 31 2.0478 25.0221
5 31 2.14235 25.0129
5 31 2.01626 24.9818
5 31 1.98073 25.0222
5 31 1.97997 25.0222
5 31 1.99746 25.0221
5 31 2.13337 25.0222
5 31 2.01603 25.0199
5 31 2.32463 25.0222
5 31 1.9862 25.0222
5 31 1.97323 25.0222
5 31 1.99148 25.0131
5 31 2.35951 25.0221
5 31 1.98786 25.0222
5 31 1.9772 25.0219
5 31 1.97555 25.0205
5 31 1.98147 25.0222
5 31 2.35745 25.0197
5 31 1.99955 25.0222
5 31 1.97173 24.9782
5 31 1.9776 25.0221
5 31 1.98687 25.0198
5 31 1.98537 25.0222
5 31 1.97821 25.0221
5 31 1.97789 25.0187
5 31 1.9959 25.0221
5 31 1.99548 25.0222
5 31 1.98424 25.0131
0 32 1.13393 2.04197
0 32 0.878738 2.02058
0 32 0.922469 2.04128
0 32 1.57871 2.01844
0 32 0.953614 2.03084
0 32 0.925049 2.04018
0 32 0.931859 2.04198
0 32 1.94983 2.01479
0 32 0.889621 2.0164
0 32 1.30802 2.0332
0 32 0.953811 2.04198
0 32 0.931106 2.04172
0 32 1.05464 2.04138
0 32 0.966436 2.04192
0 32 0.947681 2.03978
0 32 1.03455 2.03821
0 32 1.09422 2.04188
0 32 0.941874 2.02133
0 32 0.983847 2.02082
0 32 0.946647 2.04172
0 32 0.92818 2.04068
0 32 0.938526 2.03423
0 32 0.933624 2.04047
0 32 1.35917 2.01468
0 32 0.928696 2.02232
0 32 0.944081 2.04188
0 32 1.48699 2.01449
0 32 0.916045 2.03629
0 32 0.950415 2.02223
0 32 0.904586 2.02084
0 32 1.36249 2.04191
0 32 1.39024 2.04187
0 32 1.45098 2.0164
0 32 1.35138 2.03701
0 32 0.954432 2.04129
0 32 0.95007 2.03636
0 32 1.21288 2.03757
0 32 0.933187 2.03573
0 32 0.940005 2.02106
0 32 1.39754 2.02068
0 32 0.91427 2.04101
0 32 0.926941 2.02303
0 32 1.43627 2.03808
0 32 0.918321 2.03125
0 32 0.944895 2.02069
0 32 0.928333 2.04187
0 32 0.948673 2.04177
0 32 1.09258 2.03805
0 32 0.926141 2.01103
0 32 1.38396 2.02204
0 32 1.44336 2.04194
0 32 0.932867 2.04091
0 32 0.933749 2.04194
0 32 1.37612 2.04153
0 32 1.27307 2.02144
0 32 1.31836 2.04183
0 32 1.43134 2.04195
0 32 0.923895 2.03514
0 32 0.939615 2.01065
0 32 1.33194 2.04147
0 32 1.41417 2.03547
0 32 1.36578 2.03402
0 32 0.939115 2.04071
0 32 1.4612 2.03573
0 32 1.31287 2.04058
0 32 0.929404 2.04106
0 32 1.35553 2.01419
0 32 0.948372 2.04003
0 32 1.4399 2.01508
0 32 1.30924 2.04097
0 32 1.35392 2.04181
0 32 0.944748 2.04114
0 32 1.34451 2.03645
0 32 1.35508 2.01852
0 32 0.932958 2.04187
0 32 1.28582 2.03739
0 32 1.32767 2.04132
0 32 0.92522 2.03917
0 32 1.30599 2.03822
0 32 0.945749 2.02192
0 32 0.941238 2.04173
0 32 0.944626 2.04134
0 32 0.94117 2.04081
0 32 1.35457 2.01207
0 32 1.37585 2.03942
0 32 1.31364 2.02143
0 32 1.45457 2.04172
0 32 1.7671 2.04194
0 32 0.937695 2.03938
0 32 0.939552 2.00866
0 32 0.928227 2.01721
0 32 1.50838 2.02183
0 32 0.930919 2.04166
0 32 1.32112 2.04173
0 32 0.930026 2.04155
0 32 1.49643 2.0164
0 32 0.930457 2.04143
0 32 0.890904 2.01794
1 32 0.944776 16.6505
1 32 1.40541 16.6494
1 32 0.924045 16.6369
1 32 1.3503 16.6234
1 32 1.47832 16.6474
1 32 0.997041 16.6493
1 32 0.925705 16.6126
1 32 1.68406 16.6327
1 32 0.934663 16.6396
1 32 0.959861 16.6489
1 32 1.47145 16.649
1 32 0.923284 16.6368
1 32 1.40185 16.6482
1 32 1.40844 16.6094
0 32 1.34843 2.04197
1 32 0.923135 16.6365
1 32 0.921589 16.632
1 32 1.42924 16.6524
1 32 0.909225 16.6528
1 32 0.945876 16.6416
1 32 1.41521 16.6527
1 32 1.12208 16.6482
1 32 1.34966 16.6227
1 32 0.925847 16.641
1 32 0.99424 16.6157
1 32 0.893303 16.6461
1 32 1.41718 16.5813
1 32 1.34187 16.647
1 32 0.943169 16.6487
1 32 0.920976 16.5379
1 32 1.03518 16.6385
1 32 0.92222 16.6368
1 32 0.946282 16.6509
1 32 1.4635 16.649
1 32 1.63423 16.6528
1 32 0.980016 16.4666
1 32 0.904467 16.5366
1 32 1.54854 16.6452
1 32 0.932644 16.6517
1 32 0.924434 16.6397
1 32 0.891063 16.6413
1 32 0.927432 16.6495
1 32 0.924591 16.647
1 32 0.855052 16.6252
1 32 0.923189 16.6396
1 32 0.880378 16.6513
1 32 1.3342 16.6517
1 32 0.92933 16.6526
1 32 0.940715 16.6517
1 32 0.944494 16.6337
2 32 0.912067 -1.84141e-14
2 32 1.41303 -8.64776e-07
2 32 0.949898 -6.86814e-08
2 32 0.942022 -5.9986e-06
2 32 0.948693 -9.12341e-08
2 32 0.928772 -3.04502e-07
2 32 0.941919 -1.82856e-06
2 32 0.930198 -1.56211e-08
2 32 0.938773 -1.10918e-13
2 32 1.40619 -1.43754e-06
2 32 1.3582 -1.53002e-08
2 32 0.923047 -3.41535e-09
2 32 0.932728 -1.48252e-07
2 32 0.922063 -1.84798e-10
2 32 1.40498 -1.05311e-09
2 32 0.936269 -1.82176e-09
2 32 0.960839 -6.19141e-08
2 32 0.927339 -3.38818e-11
2 32 0.933706 -1.59449e-06
2 32 1.30936 -1.37403e-06
1 32 1.28283 16.6289
2 32 1.34677 -7.32002e-09
2 32 0.931762 -1.98328e-12
2 32 1.35946 -1.89339e-08
2 32 1.55171 -2.89015e-07
2 32 0.91606 -1.47975e-07
2 32 0.931755 -5.27808e-07
2 32 0.932956 -1.58184e-06
2 32 0.910877 -4.20864e-10
2 32 1.4493 -1.30751e-06
2 32 1.29892 -1.5422e-05
2 32 1.36711 -5.50233e-06
2 32 0.928065 -3.97993e-06
2 32 1.31122 -5.81695e-07
2 32 0.936386 -3.11327e-05
2 32 0.920592 -1.54414e-06
2 32 1.37452 -3.69194e-07
2 32 0.933311 -1.03371e-06
2 32 0.92902 -1.75057e-06
2 32 1.4373 -1.15574e-06
2 32 1.30411 -1.84184e-09
2 32 0.944273 -3.22998e-09
2 32 0.934896 -3.04736e-11
2 32 1.32773 -4.13649e-09
2 32 0.926254 -2.46961e-06
2 32 1.56041 -8.60036e-08
2 32 1.31786 -1.00731e-05
2 32 1.29121 -1.05299e-08
3 32 0.939593 211.316
2 32 1.37298 -3.49799e-11
3 32 0.92811 211.186
2 32 0.948333 -7.273e-09
2 32 1.40516 -7.82901e-07
3 32 0.967682 211.041
3 32 0.923729 209.519
3 32 1.40953 210.472
3 32 0.888968 211.374
3 32 0.96009 211
3 32 0.94944 211.3
3 32 0.913856 211.396
3 32 0.945453 211.042
3 32 0.930047 209.611
3 32 0.930426 211.412
3 32 0.935089 211.175
3 32 1.31292 211.42
3 32 0.925652 211.412
3 32 1.36706 209.058
3 32 1.40236 210.526
3 32 0.926427 210.563
3 32 0.94437 211.019
3 32 1.36302 210.474
3 32 1.34577 211.037
3 32 0.944638 209.555
3 32 0.924569 211.327
3 32 0.945026 211.28
3 32 0.929359 211.403
3 32 0.925721 210.198
3 32 0.946756 210.998
3 32 0.945925 204.468
3 32 0.94915 211.307
3 32 0.994029 211.298
3 32 1.39861 211.214
3 32 1.34379 209.669
3 32 2.08807 211.281
3 32 0.934541 211.024
3 32 1.34423 210.918
3 32 1.36532 211.335
3 32 0.946464 211.049
3 32 0.926719 211.241
3 32 0.948553 211.402
3 32 0.939648 211.046
3 32 1.40591 211.019
3 32 0.940485 210.84
3 32 1.63924 211.296
3 32 0.93176 211.001
3 32 0.995082 210.91
3 32 0.923888 209.141
3 32 1.50237 211.348
3 32 2.53037 211.389
3 32 0.929191 211.403
3 32 1.37158 211.015
4 32 0.943172 9.96235
4 32 0.933583 9.92107
4 32 0.939548 9.98386
4 32 0.928332 9.92121
4 32 1.3444 9.99953
4 32 1.37432 9.99933
4 32 0.926227 9.95031
4 32 0.932493 9.88872
4 32 0.932751 9.95302
4 32 0.946222 9.99676
4 32 0.951386 9.99682
4 32 1.40734 9.98151
4 32 1.36309 9.9758
4 32 0.910404 9.99125
4 32 0.870994 9.81773
4 32 1.94834 9.89132
4 32 0.928733 9.96956
4 32 0.92762 9.98386
4 32 0.930213 9.9885
4 32 0.93811 9.97253
4 32 1.48141 9.99698
4 32 0.939366 9.97838
4 32 0.897567 9.9543
4 32 0.933082 9.98056
4 32 0.945311 9.96818
4 32 1.38711 9.97593
4 32 0.900809 9.99213
4 32 0.926029 9.93041
4 32 0.903209 9.99718
4 32 1.41007 9.93749
4 32 0.92297 9.98247
4 32 0.940232 9.96784
4 32 1.35709 9.92361
4 32 0.927164 9.89029
4 32 1.04541 9.97677
4 32 1.36107 9.97286
4 32 1.34486 9.95466
4 32 0.934196 9.99316
4 32 0.946484 9.93655
4 32 0.94562 9.92107
4 32 1.39489 9.92567
4 32 0.931892 9.96577
4 32 0.947793 9.96307
4 32 0.936412 9.97889
4 32 0.892904 9.99095
4 32 0.949558 9.81106
4 32 0.945893 9.94202
4 32 1.40344 9.91303
4 32 0.924707 9.98707
4 32 0.916659 9.99702
5 32 1.92132 25.0222
5 32 1.92741 25.022
5 32 1.91503 25.0221
5 32 1.91703 25.0222
5 32 1.94315 25.022
5 32 1.91627 25.0218
5 32 1.91533 25.0221
5 32 1.93228 25.0222
5 32 2.06863 25.0219
5 32 1.92814 24.9782
5 32 1.91212 25.0221
5 32 1.91678 25.0222
5 32 1.92861 25.0221
5 32 1.92432 25.0222
5 32 1.93154 25.0218
5 32 1.92619 25.0221
5 32 1.94205 25.0222
5 32 1.92506 25.022
5 32 2.01772 25.0204
5 32 1.9215 25.021
5 32 1.91989 25.0222
5 32 1.92648 25.0222
5 32 1.92526 25.0221
5 32 1.94203 25.0202
5 32 1.91586 25.0213
5 32 1.99113 25.0205
5 32 1.91563 25.0214
5 32 1.92018 25.0212
5 32 1.94302 25.0193
5 32 1.91416 25.0131
5 32 1.91277 25.0222
5 32 1.92527 25.0222
5 32 1.92657 25.0095
5 32 1.92154 25.022
5 32 1.92198 25.0222
5 32 1.92093 25.0131
5 32 2.12763 25.0221
5 32 1.91707 25.0199
5 32 1.9112 25.0217
5 32 1.91237 25.0131
5 32 1.98984 25.0222
5 32 1.93495 25.0222
5 32 1.97023 25.0218
5 32 1.91383 25.022
5 32 1.98783 24.9782
5 32 1.92591 25.0222
5 32 2.1467 25.022
5 32 1.93467 25.0222
5 32 1.92072 25.0219
0 33 1.04331 2.02059
0 33 0.988382 2.01349
0 33 0.949906 2.04197
0 33 0.989007 2.04195
0 33 1.37696 2.02157
0 33 1.01993 2.02019
0 33 1.01932 2.04189
0 33 1.43582 2.02717
0 33 1.02863 2.0224
0 33 1.03151 2.04197
0 33 1.02215 2.04197
0 33 1.29543 2.03951
0 33 1.41279 2.0418
0 33 1.00035 2.02918
0 33 1.02916 2.04057
0 33 0.997103 2.03885
0 33 1.02579 2.02423
0 33 1.39506 2.04194
0 33 1.05574 2.04197
0 33 1.02689 2.04136
0 33 1.05222 2.03815
0 33 1.02183 2.0224
0 33 1.4049 2.01481
0 33 1.02911 2.04195
0 33 1.39114 2.03973
0 33 1.01578 2.04149
0 33 0.995624 2.04164
0 33 1.02673 2.04177
0 33 1.36903 2.0415
0 33 1.01833 2.04171
0 33 1.35734 2.04143
0 33 1.40876 2.04198
0 33 1.38115 2.0332
0 33 1.10728 2.04171
0 33 1.07716 2.03977
0 33 1.38182 2.03971
0 33 1.02671 2.04194
0 33 1.29105 2.04197
0 33 1.02303 2.04197
0 33 0.994509 2.02674
0 33 0.990328 2.03978
0 33 1.36949 2.03275
0 33 1.36981 2.0164
0 33 1.35564 2.03712
0 33 1.3619 2.04141
0 33 1.35025 2.04191
0 33 1.01298 2.02203
0 33 1.35042 2.04195
0 33 1.38118 2.03745
0 33 0.977632 2.04143
0 33 0.988265 2.04179
0 33 1.0306 2.04197
0 33 0.987017 2.02385
0 33 0.886277 2.01468
0 33 1.35121 2.02138
0 33 1.00279 2.02093
0 33 1.03062 2.04173
0 33 1.05142 2.03599
0 33 1.36079 2.04025
0 33 0.98877 2.03798
0 33 1.41829 2.014
0 33 1.35868 2.04032
0 33 1.35978 2.02046
0 33 1.35632 2.04193
0 33 1.0715 2.04173
0 33 0.967027 2.04194
0 33 0.998242 2.03447
0 33 1.00886 2.03514
0 33 0.985753 2.03361
0 33 1.40512 2.01876
0 33 0.981679 2.04183
0 33 1.00365 2.03725
0 33 1.17917 2.03972
0 33 0.971499 2.04163
0 33 1.36059 2.0412
0 33 1.0036 2.04074
0 33 1.48118 2.04144
0 33 1.41406 2.04195
0 33 0.96878 2.03523
0 33 1.4087 2.04043
0 33 0.946047 2.04197
0 33 1.40886 2.04191
0 33 0.992294 2.00644
0 33 1.35932 2.04089
0 33 1.05397 2.03629
0 33 1.42848 2.04032
0 33 1.35846 2.04197
0 33 1.37383 2.02385
0 33 1.42392 2.04083
0 33 1.35911 2.04101
0 33 1.3512 2.04157
0 33 1.93955 2.04167
0 33 1.403 2.02221
0 33 0.978124 2.04075
0 33 1.0591 2.01481
0 33 1.48894 2.04197
0 33 1.01439 2.0164
0 33 0.993813 2.04102
1 33 1.02082 16.5262
0 33 1.98419 2.03896
1 33 1.34157 16.6501
1 33 0.979014 16.6528
1 33 1.00125 16.6278
1 33 0.990165 16.6514
1 33 1.35942 16.633
1 33 0.936542 16.6524
1 33 0.9978 16.6402
1 33 0.997286 16.6528
1 33 1.05329 16.5262
1 33 1.84487 16.6509
1 33 0.98431 16.6508
1 33 1.03051 16.6514
1 33 0.993866 16.6528
1 33 1.0092 16.6403
1 33 0.995053 16.6527
1 33 1.52638 16.6002
1 33 1.39441 16.6368
1 33 1.38726 16.6393
1 33 1.00305 16.6497
1 33 1.3814 16.6518
1 33 1.80564 16.6496
1 33 1.0122 16.6436
1 33 1.0473 16.6454
1 33 0.99028 16.6469
1 33 1.38297 16.6526
1 33 1.01245 16.6507
1 33 0.981171 16.5842
1 33 1.39912 16.6527
1 33 1.00607 16.6515
1 33 1.02802 16.6231
1 33 1.95944 16.6508
1 33 1.00883 16.6517
1 33 0.968577 16.6524
1 33 1.02416 16.6332
1 33 1.3897 16.6515
1 33 0.95794 16.6478
1 33 1.85763 16.5999
1 33 0.989459 16.6453
1 33 1.38906 16.6527
1 33 1.37398 16.6374
1 33 1.01371 16.6324
1 33 0.996933 16.6473
1 33 1.38597 16.6518
1 33 1.01483 16.607
1 33 1.03916 16.6492
2 33 1.3696 -5.20292e-07
2 33 1.93824 -4.41148e-05
2 33 1.0244 -1.4756e-06
1 33 1.05206 16.6528
1 33 0.970758 16.6401
2 33 1.00308 -3.32603e-11
1 33 1.02063 16.6498
2 33 0.992955 -2.80931e-07
1 33 1.37286 16.6434
2 33 1.38691 -6.36039e-07
2 33 1.07611 -4.05231e-09
2 33 0.995534 -6.04402e-06
2 33 0.992705 -1.2175e-07
2 33 1.01094 -2.89347e-05
2 33 0.994497 -1.58425e-11
2 33 1.28476 -1.23151e-06
2 33 1.91201 -2.23726e-07
2 33 0.972543 -9.53669e-07
2 33 1.02616 -9.25322e-08
2 33 1.06247 -6.23074e-06
2 33 1.09069 -4.06353e-11
2 33 1.28649 -7.28684e-08
2 33 1.33778 -1.12091e-05
2 33 1.02265 -2.73614e-10
2 33 1.37704 -3.47438e-07
2 33 1.03901 -4.9513e-06
2 33 1.06944 -2.11006e-07
2 33 1.00709 -1.64738e-06
2 33 1.01343 -6.2732e-07
2 33 1.01432 -2.12461e-11
2 33 1.40744 -2.81009e-09
2 33 1.02094 -3.3047e-07
2 33 1.37469 -3.01136e-06
2 33 1.09254 -5.68625e-12
2 33 1.03506 -9.16519e-07
2 33 1.35901 -7.96902e-08
2 33 1.36952 -3.99607e-05
2 33 1.07375 -7.42262e-19
2 33 1.0248 -9.99899e-06
2 33 1.8047 -3.83572e-11
2 33 1.02589 -5.07212e-13
2 33 1.04964 -5.39527e-06
2 33 1.55933 -3.37125e-07
2 33 1.01673 -2.14708e-08
2 33 1.05181 -2.03666e-08
2 33 1.37666 -2.70242e-06
2 33 1.39882 -3.25856e-08
2 33 0.984355 -8.55563e-07
2 33 1.3751 -9.1859e-07
2 33 1.37568 -1.14644e-07
2 33 1.01806 -6.55272e-06
2 33 1.02248 -9.73478e-08
2 33 1.4617 -9.48377e-10
2 33 1.01779 -2.19513e-06
3 33 0.995543 211.394
3 33 1.36707 211.018
3 33 1.03615 211.398
3 33 1.40765 209.456
3 33 0.974275 211.414
3 33 0.976804 211.426
3 33 1.0377 211.231
3 33 1.37982 211.069
3 33 1.00065 211.369
3 33 1.24219 211.324
3 33 1.35382 211.42
3 33 1.0173 210.593
3 33 1.02566 210.785
3 33 0.987622 211.194
3 33 1.02224 210.197
3 33 0.983921 211.42
3 33 1.36603 211.296
3 33 0.99364 210.897
3 33 1.45313 211.098
3 33 1.38392 210.484
3 33 1.21648 211.069
3 33 1.36743 210.234
3 33 1.0325 210.953
3 33 1.00098 210.791
3 33 1.01013 211.3
3 33 0.999585 211.403
3 33 1.03379 210.808
3 33 1.02298 211.399
3 33 1.00046 209.823
3 33 0.984328 210.97
3 33 1.00555 211.397
3 33 0.968802 208.837
3 33 1.41755 211.013
3 33 1.00716 211.396
3 33 1.01459 210.19
3 33 0.997188 211.414
3 33 1.01853 211.022
3 33 0.966466 209.725
3 33 0.993723 211.308
3 33 0.998167 210.707
3 33 1.03116 210.778
3 33 0.991571 211.24
3 33 0.962118 211.399
3 33 0.960965 211.413
3 33 0.983984 210.543
3 33 1.41436 211.086
4 33 1.03984 9.92107
3 33 1.01686 211.422
3 33 1.01898 211.229
3 33 0.9985 211.241
4 33 1.02901 9.97157
4 33 1.06 9.87698
3 33 1.00897 211.169
4 33 1.02946 9.9467
4 33 1.02149 9.89817
4 33 1.34414 9.98106
4 33 1.01922 9.93329
4 33 1.01667 9.99851
4 33 1.02022 9.96171
4 33 1.41774 9.97104
4 33 1.01868 9.96948
4 33 0.992219 9.95302
4 33 1.00929 9.98638
4 33 1.03471 9.93443
4 33 1.04187 9.97409
4 33 1.02059 9.89753
4 33 0.993387 9.99348
4 33 1.35817 9.96077
4 33 1.41594 9.98585
4 33 1.02489 9.99343
4 33 1.5397 9.87722
4 33 1.40301 9.99679
4 33 1.38042 9.9789
4 33 1.00175 9.99816
4 33 1.01648 9.99124
4 33 0.99686 9.93852
4 33 1.40268 9.92107
4 33 1.04593 9.98818
4 33 1.02019 9.96903
4 33 0.985413 9.97865
4 33 1.01259 9.891
4 33 0.994578 9.91685
4 33 0.980286 9.99275
4 33 1.2774 9.80247
4 33 1.04845 9.95114
4 33 1.0264 9.93745
4 33 1.35932 9.98241
4 33 1.41768 9.84507
4 33 1.37769 9.99521
4 33 1.38494 9.94581
4 33 0.970436 9.98912
4 33 1.02444 9.97527
4 33 1.0552 9.88416
4 33 1.00108 9.9646
4 33 1.42835 9.8861
4 33 1.4004 9.96183
4 33 1.03764 9.96636
4 33 0.959741 9.82615
5 33 1.86416 25.022

5 33 2.12295 24.9782
5 33 1.91219 25.0219
5 33 1.8601 25.0219
5 33 2.13615 25.0206
5 33 1.86995 24.9782
5 33 1.87971 25.0221
5 33 1.86659 25.0131
5 33 1.86815 25.0222
5 33 1.86966 25.0131
5 33 1.91041 25.0221
5 33 1.86754 25.022
5 33 2.02411 25.0193
5 33 1.8645 25.0095
5 33 2.0229 24.9885
5 33 1.91178 25.0219
5 33 1.88482 25.0222
5 33 2.01579 24.9782
5 33 2.24338 24.9782
4 33 1.42873 9.90535
4 33 1.56644 9.94218
5 33 1.87617 25.0222
5 33 1.96661 25.0217
5 33 1.87171 25.022
5 33 1.87016 25.0192
5 33 1.86369 25.0221
5 33 1.90531 25.0221
5 33 1.99959 25.0222
5 33 1.8758 25.0222
5 33 2.09223 25.0203
5 33 1.87312 25.0222
5 33 1.93252 25.0211
5 33 1.90031 25.021
5 33 1.93175 25.0222
5 33 1.87495 25.0219
5 33 1.8655 25.0222
5 33 1.9319 25.0215
5 33 1.96235 25.0219
5 33 1.86344 25.0222
5 33 1.86833 24.9782
5 33 1.92697 25.0131
5 33 1.90513 24.992
5 33 2.21264 25.0222
5 33 1.90589 25.0221
5 33 1.86682 25.0148
5 33 1.88417 25.0222
5 33 1.92167 25.0221
5 33 1.89781 25.0222
5 33 1.86448 25.0221
5 33 1.86843 25.0221
5 33 1.91154 25.0163
