0 1 0.00144991 -0.00739604
0 1 0.00144856 -0.00739604
0 1 0.00144797 -0.00739604
0 1 0.00145585 -0.00739604
1 1 0.00155101 2.71828
0 1 0.00144466 -0.00739604
0 1 0.00145164 -0.00739604
0 1 0.00144253 -0.00739604
0 1 0.00144983 -0.00739604
1 1 0.00156642 2.71828
1 1 0.00175064 2.71828
0 1 0.00144813 -0.00739604
0 1 0.00147515 -0.00739604
0 1 0.00144874 -0.00739604
0 1 0.00145826 -0.00739604
0 1 0.00152732 -0.00739604
0 1 0.00144465 -0.00739604
0 1 0.00145299 -0.00739604
1 1 0.00155842 2.71828
1 1 0.00157213 2.71828
0 1 0.00146928 -0.00739604
1 1 0.00155324 2.71828
604
1 1 0.00154915 2.71828
0 1 0.00145572 -0.00739604
0 1 0.00144362 -0.00739604
1 1 0.00177938 2.71828
604
1 1 0.0015601 2.71828
1 1 0.00157049 2.71828
0 1 0.00145115 -0.00739604
0 1 0.00166027 -0.00739604
0 1 0.00168539 -0.00739604
0 1 0.00167977 -0.00739604
0 1 0.00144585 -0.00739604
0 1 0.00146179 -0.00739604
1 1 0.00155406 2.71828
1 1 0.00156152 2.71828
0 1 0.00145837 -0.00739604
0.00154247 2.71828
1 1 0.00156053 2.71828
0 1 0.00146105 -0.00739604
.00145565 -0.00739604
0 1 0.00146071 -0.00739604
0 1 0.00144965 -0.00739604
0 1 0.00147326 -0.00739604
0 1 0.00161716 -0.00739604
0 1 0.00165908 -0.00739604
0 1 0.00165158 -0.00739604
0 1 0.0014439 -0.00739604
0 1 0.00147877 -0.00739604
0 1 0.00145092 -0.00739604
1 1 0.00156435 2.71828
1 1 0.00156685 2.71828
1 1 0.00156004 2.71828
1 1 0.00156708 2.71828
1 1 0.00156755 2.71828
1 1 0.00158464 2.71828
1 1 0.00164183 2.71828
1 1 0.00156694 2.71828
0 1 0.00196839 -0.007391 1 0 1 0.00197991 -0.00739604
0 1 0.00196517 -0.00739604
0 1 0.00145917 -0.00739604
0 1 0.00146442 -0.00739604
0 1 0.00146838 -0.00739604
0 1 0.00148406 -0.00739604
1 1 0.00156867 2.71828
0 1 0.00143979 -0.00739604
1 1 0.0015557 2.71828
1 1 0.00155568 2.71828
1 1 0.0015683 2.71828
2 1 0.00146054 -1.00199e-20
2 1 0.00146431 -1.00199e-20
1 1 0.00156464 2.71828
1 1 02 1 0.00147255 -1.1 1 0.00156641 2.71828
2 1 0.00146748 -1.00199e-20
1 1 0.00156688 2.71828
1 1 0.00157431 2.71828
1 1 0.00156712 2.71828
1 1 0.00156679 2.71828
1 1 0.00156592 2.71828
1 1 0.00157954 2.71828
1 1 0.00159294 2.71828
2 1 0.00151102 -1.00199e-20
2 1 0.00146432 -1.00199e-20
2 1 0.00158458 -1.00199e-20
2 1 0.00147625 -1.00199e-20
2 1 0.00149486 -1.00199e-20
2 1 0.00146785 -1.00199e-20
2 1 0.00146303 -1.00199e-20
2 1 0.001671 -1.00199e-20
2 1 0.00133987 -1.00199e-20
2 1 0.00149207 -1.00199e-20
2 1 0.0014563 -1.00199e-20
2 1 0.00146007 -1.00199e-20
2 1 0.00145969 -1.00199e-20
2 1 0.00147829 -1.00199e-20
2 1 0.00152508 -1.00199e-20
2 1 0.00146977 -1.00199e-20
2 1 0.00145936 -1.00199e-20
2 1 0.00145893 -1.00199e-20
2 1 0.00146825 -1.00199e-20
2 1 0.00147231 -1.00199e-20
2 1 0.00147212 -1.00199e-20
2 1 0.00148435 -1.00199e-20
2 1 0.00148791 -1.00199e-20
2 1 0.00150251 -1.00199e-20
2 1 0.00145635 -1.00199e-20
2 1 0.00198107 -1.00199e-20
2 1 0.00153024 -1.00199e-20
2 1 0.00147565 -1.00199e-20
2 1 0.00146795 -1.00199e-20
2 1 0.00146068 -1.00199e-20
2 1 0.00146497 -1.00199e-20
2 1 0.0014867 -1.00199e-20
2 1 0.00155181 -1.00199e-20
3 1 0.00113223 10
3 1 0.00112352 10
2 1 0.00147091 -1.00199e-20
2 1 0.00145851 -1.00199e-20
2 1 0.00147151 -1.00199e-20
3 1 0.00112057 10
3 1 0.00112031 10
3 1 0.00112828 10
3 1 0.00121777 10
3 1 0.00112702 10
3 1 0.00113272 10
3 1 0.00113089 10
3 1 0.00114227 10
3 1 0.00116646 10
3 1 0.0011865 10
3 1 0.00120858 10
3 1 0.00113139 10
3 1 0.00115798 10
3 1 0.00112976 10
3 1 0.00112716 10
3 1 0.00112765 10
3 1 0.00112174 10
3 1 0.00113331 10
3 1 0.0011416 10
3 1 0.00115462 10
3 1 0.00112496 10
3 1 0.00126512 10
3 1 0.0011284 10
3 1 0.00127672 10
3 1 0.00112512 10
3 1 0.00114158 10
3 1 0.00162331 10
3 1 0.00112912 10
3 1 0.001135 10
3 1 0.00114513 10
3 1 0.00112781 10
3 1 0.00113605 10
3 1 0.00112805 10
3 1 0.00112273 10
3 1 0.00113634 10
2 1 0.00146548 -1.00199e-20
.00364781 99.7831
4 1 0.00370351 99.7831
4 1 0.00362956 99.7831
4 1 0.00363415 99.7831
3 1 0.0011622 10
3 1 0.00112979 10
3 1 0.0011482 10
4 1 0.00365194 99.7831
4 1 0.003617 99.7831
4 1 0.00363996 99.7831
3 1 0.00113499 10
3 1 0.00114149 10
3 1 0.00113501 10
4 1 0.00363358 99.7831
4 1 0.00364504 99.7831
3 1 0.00112522 10
3 1 0.00112916 10
4 1 0.0041012 99.7831
4 1 0.00409447 99.7831
4 1 0.00363172 99.3 1 0.00134429 10
4 1 0.00371843 99.7831
e-20
4 1 0.00365669 99.7831
2 1 0.00146812 -1.00199e-20
4 1 0.00364655 99.7831
2 1 0.0014939 -1.00199e-20
4 1 0.00366558 99.7831
4 1 0.00364087 99.7831
4 1 0.00363967 99.7831
4 1 0.00362976 99.7831
4 1 0.00371988 99.7831
4 1 0.00599104 99.7831
4 1 0.00506172 99.7831
4 1 0.00556736 99.7831
2 1 0.00155216 -1.3 1 0.0011649 10
0191144 -1.00199e-20
4 1 0.00361936 99.7831
4 1 0.00365659 99.7831
4 1 0.00362241 99.7831
4 1 0.00361692 99.7831
4 1 0.00361792 99.7831
4 1 0.00360459 99.7831
4 1 0.00363441 99.7831
4 1 0.00425671 99.7831
4 1 0.00364724 99.7831
4 1 0.00365645 99.7831
4 1 0.00425298 99.7831
4 1 0.00363337 99.7831
4 1 0.00347814 99.7831
4 1 0.0034512 99.7831
4 1 0.00361806 99.7831
4 1 0.00367136 99.7831
4 1 0.00365583 99.7831
4 1 0.00365414 99.7831
4 1 0.00412214 99.7831
4 1 0.00364498 99.7831
4 1 0.00364009 99.7831
4 1 0.00360958 99.7831
5 1 0.562646 -20.9406
5 1 0.554885 -20.9406
5 1 0.56124 -20.9406
5 1 0.556249 -20.9406
5 1 0.55658 -20.9406
5 1 0.557837 -20.9406
5 1 0.56067 -20.9406
5 1 0.60277 -20.9406
5 1 0.562389 -20.9406
5 1 0.560893 -20.9406
5 1 0.554715 -20.9406
5 1 0.563264 -20.9406
5 1 0.561975 -20.9406
5 1 0.557354 -20.9406
5 1 0.556223 -20.9406
5 1 0.563588 -20.9406
5 1 0.592767 -20.9406
5 1 0.555372 -20.9406
5 1 0.565368 -20.9406
5 1 0.558616 -20.9406
5 1 0.560821 -20.9406
5 1 0.561022 -20.9406
5 1 0.561914 -20.9406
5 1 0.563162 -20.9406
5 1 0.600946 -20.9406
5 1 0.572345 -20.9406
5 1 0.55484 -20.9406
5 1 0.562353 -20.9406
5 1 0.558346 -20.9406
5 1 0.557908 -20.9406
5 1 0.557492 -20.9406
5 1 0.561734 -20.9406
5 1 0.558975 -20.9406
5 1 0.593407 -20.9406
5 1 0.556356 -20.9406
5 1 0.558591 -20.9406
5 1 0.555131 -20.9406
5 1 0.557708 -20.9406
5 1 0.558862 -20.9406
5 1 0.558689 -20.9406
5 1 0.562172 -20.9406
5 1 0.563199 -20.9406
5 1 0.587389 -20.9406
5 1 0.558621 -20.9406
5 1 0.558996 -20.9406
5 1 0.554121 -20.9406
5 1 0.554662 -20.9406
5 1 0.562074 -20.9406
5 1 0.563119 -20.9406
5 1 0.5579 -20.9406
