0.0 1.0 0.141732 2.04198
0.0 1.0 0.1399 2.04198
0.0 1.0 0.138649 2.04198
0.0 1.0 0.14512 2.04198
0.0 1.0 0.141403 2.04198
0.0 1.0 0.138174 2.04198
0.0 1.0 0.139796 2.04198
0.0 1.0 0.138517 2.04198
0.0 1.0 0.140139 2.04198
0.0 1.0 0.139762 2.04198
0.0 1.0 0.14295 2.04198
0.0 1.0 0.140692 2.04198
0.0 1.0 0.138904 2.04198
0.0 1.0 0.140612 2.04198
0.0 1.0 0.140809 2.04198
0.0 1.0 0.142934 2.04198
0.0 1.0 0.144575 2.04198
0.0 1.0 0.140697 2.04198
0.0 1.0 0.147244 2.04198
0.0 1.0 0.140587 2.04198
0.0 1.0 0.149484 2.04198
0.0 1.0 0.145465 2.04198
0.0 1.0 0.157155 2.04198
0.0 1.0 0.14314 2.04198
0.0 1.0 0.150522 2.04198
0.0 1.0 0.161848 2.04198
0.0 1.0 0.148543 2.04198
0.0 1.0 0.148253 2.04198
0.0 1.0 0.157601 2.04198
0.0 1.0 0.176918 2.04198
0.0 1.0 0.146846 2.04198
0.0 1.0 0.141095 2.04198
0.0 1.0 0.195436 2.04198
0.0 1.0 0.141395 2.04198
0.0 1.0 0.142504 2.04198
0.0 1.0 0.154327 2.04198
0.0 1.0 0.140057 2.04198
0.0 1.0 0.140242 2.04198
0.0 1.0 0.13928 2.04198
0.0 1.0 0.138835 2.04198
0.0 1.0 0.140039 2.04198
0.0 1.0 0.14308 2.04198
0.0 1.0 0.142836 2.04198
0.0 1.0 0.139411 2.04198
0.0 1.0 0.139317 2.04198
0.0 1.0 0.139459 2.04198
0.0 1.0 0.142992 2.04198
0.0 1.0 0.141417 2.04198
0.0 1.0 0.145841 2.04198
0.0 1.0 0.144316 2.04198
1.0 1.0 0.208407 16.6528
1.0 1.0 0.209852 16.6528
1.0 1.0 0.207492 16.6528
1.0 1.0 0.214902 16.6528
1.0 1.0 0.20796 16.6528
1.0 1.0 0.222517 16.6528
1.0 1.0 0.223709 16.6528
1.0 1.0 0.223705 16.6528
1.0 1.0 0.217497 16.6528
1.0 1.0 0.209112 16.6528
1.0 1.0 0.213461 16.6528
1.0 1.0 0.209362 16.6528
1.0 1.0 0.206468 16.6528
1.0 1.0 0.222173 16.6528
1.0 1.0 0.223074 16.6528
1.0 1.0 0.222515 16.6528
1.0 1.0 0.214189 16.6528
1.0 1.0 0.223639 16.6528
1.0 1.0 0.221303 16.6528
1.0 1.0 0.224201 16.6528
1.0 1.0 0.222041 16.6528
1.0 1.0 0.206162 16.6528
1.0 1.0 0.207063 16.6528
1.0 1.0 0.20583 16.6528
1.0 1.0 0.213236 16.6528
1.0 1.0 0.214961 16.6528
1.0 1.0 0.214677 16.6528
1.0 1.0 0.208253 16.6528
1.0 1.0 0.21412 16.6528
1.0 1.0 0.216794 16.6528
1.0 1.0 0.228133 16.6528
1.0 1.0 0.223421 16.6528
1.0 1.0 0.218237 16.6528
1.0 1.0 0.221107 16.6528
1.0 1.0 0.221696 16.6528
1.0 1.0 0.210221 16.6528
1.0 1.0 0.205887 16.6528
1.0 1.0 0.215359 16.6528
1.0 1.0 0.211823 16.6528
1.0 1.0 0.213216 16.6528
1.0 1.0 0.217194 16.6528
1.0 1.0 0.223761 16.6528
1.0 1.0 0.214823 16.6528
1.0 1.0 0.212084 16.6528
1.0 1.0 0.222372 16.6528
1.0 1.0 0.22249 16.6528
1.0 1.0 0.22249 16.6528
1.0 1.0 0.22249 16.6528
1.0 1.0 0.22249 16.6528
1.0 1.0 0.22249 16.6528
2.0 1.0 0.602044 -0.0
2.0 1.0 0.62058 -0.0
2.0 1.0 0.623885 -0.0
2.0 1.0 0.631198 -0.0
2.0 1.0 0.598957 -0.0
2.0 1.0 0.600967 -0.0
2.0 1.0 0.608643 -0.0
2.0 1.0 0.622442 -0.0
2.0 1.0 0.615697 -0.0
2.0 1.0 0.617124 -0.0
2.0 1.0 0.622076 -0.0
2.0 1.0 0.620727 -0.0
2.0 1.0 0.632582 -0.0
2.0 1.0 0.667616 -0.0
2.0 1.0 0.595581 -0.0
2.0 1.0 0.621441 -0.0
2.0 1.0 0.622965 -0.0
2.0 1.0 0.610858 -0.0
2.0 1.0 0.609849 -0.0
2.0 1.0 0.622173 -0.0
2.0 1.0 0.631205 -0.0
2.0 1.0 0.633929 -0.0
2.0 1.0 0.665416 -0.0
2.0 1.0 0.595342 -0.0
2.0 1.0 0.598791 -0.0
2.0 1.0 0.600623 -0.0
2.0 1.0 0.614544 -0.0
2.0 1.0 0.630084 -0.0
2.0 1.0 0.615923 -0.0
2.0 1.0 0.617379 -0.0
2.0 1.0 0.640912 -0.0
2.0 1.0 0.602063 -0.0
2.0 1.0 0.611598 -0.0
2.0 1.0 0.623048 -0.0
2.0 1.0 0.621072 -0.0
2.0 1.0 0.620076 -0.0
2.0 1.0 0.605335 -0.0
2.0 1.0 0.599161 -0.0
2.0 1.0 0.602423 -0.0
2.0 1.0 0.606476 -0.0
2.0 1.0 0.640628 -0.0
2.0 1.0 0.60064 -0.0
2.0 1.0 0.615427 -0.0
2.0 1.0 0.61404 -0.0
2.0 1.0 0.615826 -0.0
2.0 1.0 0.616876 -0.0
2.0 1.0 0.633412 -0.0
2.0 1.0 0.660228 -0.0
2.0 1.0 0.660228 -0.0
2.0 1.0 0.660228 -0.0
3.0 1.0 0.178544 211.426
3.0 1.0 0.174236 211.426
3.0 1.0 0.180717 211.426
3.0 1.0 0.181599 211.426
3.0 1.0 0.181826 211.426
3.0 1.0 0.17926 211.426
3.0 1.0 0.175022 211.426
3.0 1.0 0.178561 211.426
3.0 1.0 0.179475 211.426
3.0 1.0 0.187802 211.426
3.0 1.0 0.186461 211.426
3.0 1.0 0.176092 211.426
3.0 1.0 0.17664 211.426
3.0 1.0 0.178502 211.426
3.0 1.0 0.18441 211.426
3.0 1.0 0.187605 211.426
3.0 1.0 0.18774 211.426
3.0 1.0 0.173245 211.426
3.0 1.0 0.179899 211.426
3.0 1.0 0.183834 211.426
3.0 1.0 0.181678 211.426
3.0 1.0 0.186952 211.426
3.0 1.0 0.738412 211.426
3.0 1.0 0.175016 211.426
3.0 1.0 0.180724 211.426
3.0 1.0 0.181076 211.426
3.0 1.0 0.191439 211.426
3.0 1.0 0.18469 211.426
3.0 1.0 0.179644 211.426
3.0 1.0 0.17964 211.426
3.0 1.0 0.177607 211.426
3.0 1.0 0.186163 211.426
3.0 1.0 0.1843 211.426
3.0 1.0 0.185667 211.426
3.0 1.0 0.189722 211.426
3.0 1.0 0.173654 211.426
3.0 1.0 0.176258 211.426
3.0 1.0 0.18 211.426
3.0 1.0 0.17888 211.426
3.0 1.0 0.182328 211.426
3.0 1.0 0.188709 211.426
3.0 1.0 0.179967 211.426
3.0 1.0 0.182062 211.426
3.0 1.0 0.180572 211.426
3.0 1.0 0.185383 211.426
3.0 1.0 0.200855 211.426
3.0 1.0 0.189956 211.426
3.0 1.0 0.189956 211.426
3.0 1.0 0.189956 211.426
3.0 1.0 0.189956 211.426
4.0 1.0 0.16171 9.99858
4.0 1.0 0.16194 9.99858
4.0 1.0 0.150707 9.99858
4.0 1.0 0.154498 9.99858
4.0 1.0 0.152516 9.99858
4.0 1.0 0.162501 9.99858
4.0 1.0 0.160806 9.99858
4.0 1.0 0.155791 9.99858
4.0 1.0 0.155797 9.99858
4.0 1.0 0.159014 9.99858
4.0 1.0 0.161343 9.99858
4.0 1.0 0.15673 9.99858
4.0 1.0 0.15702 9.99858
4.0 1.0 0.187169 9.99858
4.0 1.0 0.152336 9.99858
4.0 1.0 0.150505 9.99858
4.0 1.0 0.155228 9.99858
4.0 1.0 0.164521 9.99858
4.0 1.0 0.160001 9.99858
4.0 1.0 0.161723 9.99858
4.0 1.0 0.150918 9.99858
4.0 1.0 0.157397 9.99858
4.0 1.0 0.160221 9.99858
4.0 1.0 0.162699 9.99858
4.0 1.0 0.153344 9.99858
4.0 1.0 0.154065 9.99858
4.0 1.0 0.160421 9.99858
4.0 1.0 0.15281 9.99858
4.0 1.0 0.156838 9.99858
4.0 1.0 0.161936 9.99858
4.0 1.0 0.162394 9.99858
4.0 1.0 0.163024 9.99858
4.0 1.0 0.168183 9.99858
4.0 1.0 0.149785 9.99858
4.0 1.0 0.155316 9.99858
4.0 1.0 0.156257 9.99858
4.0 1.0 0.156035 9.99858
4.0 1.0 0.1574 9.99858
4.0 1.0 0.151629 9.99858
4.0 1.0 0.158133 9.99858
4.0 1.0 0.156766 9.99858
4.0 1.0 0.154766 9.99858
4.0 1.0 0.153827 9.99858
4.0 1.0 0.164086 9.99858
4.0 1.0 0.15842 9.99858
4.0 1.0 0.158546 9.99858
4.0 1.0 0.156678 9.99858
4.0 1.0 0.156678 9.99858
4.0 1.0 0.156678 9.99858
4.0 1.0 0.156678 9.99858
5.0 1.0 55.0883 25.0222
5.0 1.0 55.1564 25.0222
5.0 1.0 55.295 25.0222
5.0 1.0 55.3757 25.0222
5.0 1.0 54.9595 25.0222
5.0 1.0 55.0359 25.0222
5.0 1.0 55.1102 25.0222
5.0 1.0 55.1034 25.0222
5.0 1.0 55.2059 25.0222
5.0 1.0 55.2423 25.0222
5.0 1.0 55.2694 25.0222
5.0 1.0 54.8652 25.0222
5.0 1.0 56.8297 25.0222
5.0 1.0 55.096 25.0222
5.0 1.0 54.8229 25.0222
5.0 1.0 54.893 25.0222
5.0 1.0 54.9223 25.0222
5.0 1.0 54.948 25.0222
5.0 1.0 55.3136 25.0222
5.0 1.0 55.029 25.0222
5.0 1.0 55.032 25.0222
5.0 1.0 55.0435 25.0222
5.0 1.0 55.0681 25.0222
5.0 1.0 55.2271 25.0222
5.0 1.0 55.6989 25.0222
5.0 1.0 55.083 25.0222
5.0 1.0 55.1328 25.0222
5.0 1.0 55.2227 25.0222
5.0 1.0 55.3689 25.0222
5.0 1.0 54.9861 25.0222
5.0 1.0 55.0583 25.0222
5.0 1.0 55.0983 25.0222
5.0 1.0 55.1343 25.0222
5.0 1.0 55.2543 25.0222
5.0 1.0 55.2914 25.0222
5.0 1.0 55.2979 25.0222
5.0 1.0 54.9033 25.0222
5.0 1.0 55.1067 25.0222
5.0 1.0 57.0084 25.0222
5.0 1.0 54.8679 25.0222
5.0 1.0 54.9297 25.0222
5.0 1.0 54.9365 25.0222
5.0 1.0 54.9429 25.0222
5.0 1.0 55.7072 25.0222
5.0 1.0 55.1922 25.0222
5.0 1.0 55.5743 25.0222
5.0 1.0 55.0669 25.0222
5.0 1.0 55.0676 25.0222
5.0 1.0 55.0725 25.0222
5.0 1.0 55.0931 25.0222
