0.0 3.0 0.0643522 180.724
0.0 3.0 0.0668028 180.724
0.0 3.0 0.0671197 180.724
0.0 3.0 0.0647723 180.724
0.0 3.0 0.0644345 180.724
0.0 3.0 0.0673633 180.724
0.0 3.0 0.0764888 180.724
0.0 3.0 0.0643887 180.724
0.0 3.0 0.0669491 180.724
0.0 3.0 0.0656994 180.724
0.0 3.0 0.0766171 180.724
0.0 3.0 0.0675849 180.724
0.0 3.0 0.0641377 180.724
0.0 3.0 0.0642204 180.724
0.0 3.0 0.0676338 180.724
0.0 3.0 0.0669183 180.724
0.0 3.0 0.0677028 180.724
0.0 3.0 0.0642972 180.724
0.0 3.0 0.0640285 180.724
0.0 3.0 0.0679829 180.724
0.0 3.0 0.0648171 180.724
0.0 3.0 0.064207 180.724
0.0 3.0 0.0675427 180.724
0.0 3.0 0.0637213 180.724
0.0 3.0 0.0762846 180.724
0.0 3.0 0.0667433 180.724
0.0 3.0 0.0644248 180.724
0.0 3.0 0.0640959 180.724
0.0 3.0 0.0642326 180.724
0.0 3.0 0.066869 180.724
0.0 3.0 0.0656015 180.724
0.0 3.0 0.082364 180.724
0.0 3.0 0.0646371 180.724
0.0 3.0 0.0683049 180.724
0.0 3.0 0.065105 180.724
0.0 3.0 0.0669047 180.724
0.0 3.0 0.0659976 180.724
0.0 3.0 0.0673782 180.724
0.0 3.0 0.0671141 180.724
0.0 3.0 0.0674406 180.724
0.0 3.0 0.0634447 180.724
0.0 3.0 0.0646437 180.724
0.0 3.0 0.0752898 180.724
0.0 3.0 0.0678249 180.724
0.0 3.0 0.0643291 180.724
0.0 3.0 0.0646343 180.724
0.0 3.0 0.0636418 180.724
0.0 3.0 0.0670202 180.724
0.0 3.0 0.0670755 180.724
0.0 3.0 0.0644162 180.724
0.0 4.0 0.0501589 180.96
0.0 4.0 0.0501466 180.96
0.0 4.0 0.0501539 180.96
0.0 4.0 0.0548907 180.96
0.0 4.0 0.0503003 180.96
0.0 4.0 0.0499929 180.96
0.0 4.0 0.0504632 180.96
0.0 4.0 0.0506345 180.96
0.0 4.0 0.0583057 180.96
0.0 4.0 0.0507688 180.96
0.0 4.0 0.0499973 180.96
0.0 4.0 0.0504884 180.96
0.0 4.0 0.0508796 180.96
0.0 4.0 0.0501016 180.96
0.0 4.0 0.0501047 180.96
0.0 4.0 0.0507525 180.96
0.0 4.0 0.0504108 180.96
0.0 4.0 0.0499576 180.96
0.0 4.0 0.050061 180.96
0.0 4.0 0.0511067 180.96
0.0 4.0 0.0500509 180.96
0.0 4.0 0.0501146 180.96
0.0 4.0 0.0504682 180.96
0.0 4.0 0.0547288 180.96
0.0 4.0 0.0504872 180.96
0.0 4.0 0.0507291 180.96
0.0 4.0 0.050691 180.96
0.0 4.0 0.0498557 180.96
0.0 4.0 0.0502822 180.96
0.0 4.0 0.0506476 180.96
0.0 4.0 0.0507558 180.96
0.0 4.0 0.0507062 180.96
0.0 4.0 0.0513676 180.96
0.0 4.0 0.0504225 180.96
0.0 4.0 0.0500141 180.96
0.0 4.0 0.0501286 180.96
0.0 4.0 0.0502151 180.96
0.0 4.0 0.0503961 180.96
0.0 4.0 0.050522 180.96
0.0 4.0 0.0507222 180.96
0.0 4.0 0.0499802 180.96
0.0 4.0 0.0500533 180.96
0.0 4.0 0.0501398 180.96
0.0 4.0 0.0500608 180.96
0.0 4.0 0.0504868 180.96
0.0 4.0 0.0500253 180.96
0.0 4.0 0.0506925 180.96
0.0 4.0 0.0499807 180.96
0.0 4.0 0.0502875 180.96
0.0 4.0 0.0500843 180.96
0.0 5.0 0.0771893 180.62
0.0 5.0 0.07581 180.62
0.0 5.0 0.0715559 180.62
0.0 5.0 0.0769385 180.62
0.0 5.0 0.072813 180.62
0.0 5.0 0.0711751 180.62
0.0 5.0 0.0504088 180.62
0.0 5.0 0.0771491 180.62
0.0 5.0 0.0771862 180.62
0.0 5.0 0.0763612 180.62
0.0 5.0 0.0714727 180.62
0.0 5.0 0.0776274 180.62
0.0 5.0 0.0716465 180.62
0.0 5.0 0.0507549 180.62
0.0 5.0 0.0716811 180.62
0.0 5.0 0.0773513 180.62
0.0 5.0 0.0504758 180.62
0.0 5.0 0.0721624 180.62
0.0 5.0 0.0713267 180.62
0.0 5.0 0.0772851 180.62
0.0 5.0 0.04565 180.62
0.0 5.0 0.0714898 180.62
0.0 5.0 0.072137 180.62
0.0 5.0 0.0720959 180.62
0.0 5.0 0.0446962 180.62
0.0 5.0 0.07165 180.62
0.0 5.0 0.0711606 180.62
0.0 5.0 0.0755196 180.62
0.0 5.0 0.0712804 180.62
0.0 5.0 0.0412108 180.62
0.0 5.0 0.0707675 180.62
0.0 5.0 0.0744838 180.62
0.0 5.0 0.077898 180.62
0.0 5.0 0.0768793 180.62
0.0 5.0 0.0711875 180.62
0.0 5.0 0.0713855 180.62
0.0 5.0 0.0715435 180.62
0.0 5.0 0.0459849 180.62
0.0 5.0 0.0765372 180.62
0.0 5.0 0.0768366 180.62
0.0 5.0 0.0768775 180.62
0.0 5.0 0.0771748 180.62
0.0 5.0 0.0488993 180.62
0.0 5.0 0.0687784 180.62
0.0 5.0 0.0772106 180.62
0.0 5.0 0.077069 180.62
0.0 5.0 0.0476857 180.62
0.0 5.0 0.0722684 180.62
0.0 5.0 0.0713604 180.62
0.0 5.0 0.0769247 180.62
0.0 7.0 0.0360129 180.063
0.0 7.0 0.0540202 180.063
0.0 7.0 0.0530047 180.063
0.0 7.0 0.0524446 180.063
0.0 7.0 0.0356839 180.063
0.0 7.0 0.034608 180.063
0.0 7.0 0.051777 180.063
0.0 7.0 0.0351607 180.063
0.0 7.0 0.054228 180.063
0.0 7.0 0.0403653 180.063
0.0 7.0 0.037773 180.063
0.0 7.0 0.0329906 180.063
0.0 7.0 0.0538839 180.063
0.0 7.0 0.0560016 180.063
0.0 7.0 0.0329942 180.063
0.0 7.0 0.033786 180.063
0.0 7.0 0.0524443 180.063
0.0 7.0 0.036751 180.063
0.0 7.0 0.0339135 180.063
0.0 7.0 0.0344389 180.063
0.0 7.0 0.0356897 180.063
0.0 7.0 0.0360388 180.063
0.0 7.0 0.0530294 180.063
0.0 7.0 0.0336214 180.063
0.0 7.0 0.0524727 180.063
0.0 7.0 0.0540738 180.063
0.0 7.0 0.0549718 180.063
0.0 7.0 0.0375185 180.063
0.0 7.0 0.0532052 180.063
0.0 7.0 0.0382155 180.063
0.0 7.0 0.0333884 180.063
0.0 7.0 0.0357321 180.063
0.0 7.0 0.0378494 180.063
0.0 7.0 0.054261 180.063
0.0 7.0 0.0338213 180.063
0.0 7.0 0.0533817 180.063
0.0 7.0 0.0521338 180.063
0.0 7.0 0.0335302 180.063
0.0 7.0 0.0344483 180.063
0.0 7.0 0.0338981 180.063
0.0 7.0 0.0330268 180.063
0.0 7.0 0.0560132 180.063
0.0 7.0 0.0506749 180.063
0.0 7.0 0.0543833 180.063
0.0 7.0 0.032711 180.063
0.0 7.0 0.0518683 180.063
0.0 7.0 0.055038 180.063
0.0 7.0 0.0526826 180.063
0.0 7.0 0.0374247 180.063
0.0 7.0 0.0534147 180.063
0.0 8.0 0.0442018 180.621
0.0 8.0 0.0243263 180.621
0.0 8.0 0.030645 180.621
0.0 8.0 0.0421142 180.621
0.0 8.0 0.0297415 180.621
0.0 8.0 0.0292798 180.621
0.0 8.0 0.0311573 180.621
0.0 8.0 0.0307988 180.621
0.0 8.0 0.0428457 180.621
0.0 8.0 0.0274069 180.621
0.0 8.0 0.0482887 180.621
0.0 8.0 0.0440222 180.621
0.0 8.0 0.0261437 180.621
0.0 8.0 0.0445581 180.621
0.0 8.0 0.0245023 180.621
0.0 8.0 0.0430589 180.621
0.0 8.0 0.0296526 180.621
0.0 8.0 0.0263683 180.621
0.0 8.0 0.0436195 180.621
0.0 8.0 0.0307301 180.621
0.0 8.0 0.0412515 180.621
0.0 8.0 0.0287686 180.621
0.0 8.0 0.0423887 180.621
0.0 8.0 0.0275292 180.621
0.0 8.0 0.026395 180.621
0.0 8.0 0.0288302 180.621
0.0 8.0 0.044878 180.621
0.0 8.0 0.0444993 180.621
0.0 8.0 0.0438938 180.621
0.0 8.0 0.0295884 180.621
0.0 8.0 0.0307642 180.621
0.0 8.0 0.0294307 180.621
0.0 8.0 0.0447788 180.621
0.0 8.0 0.0296753 180.621
0.0 8.0 0.0468134 180.621
0.0 8.0 0.0297228 180.621
0.0 8.0 0.0457101 180.621
0.0 8.0 0.0284265 180.621
0.0 8.0 0.0288982 180.621
0.0 8.0 0.0418083 180.621
0.0 8.0 0.0270499 180.621
0.0 8.0 0.0409968 180.621
0.0 8.0 0.0451191 180.621
0.0 8.0 0.0296756 180.621
0.0 8.0 0.0262085 180.621
0.0 8.0 0.0303403 180.621
0.0 8.0 0.0277869 180.621
0.0 8.0 0.0308881 180.621
0.0 8.0 0.0296784 180.621
0.0 8.0 0.0268951 180.621
0.0 9.0 0.0429707 180.938
0.0 9.0 0.0420139 180.938
0.0 9.0 0.0299373 180.938
0.0 9.0 0.0387213 180.938
0.0 9.0 0.0302554 180.938
0.0 9.0 0.024466 180.938
0.0 9.0 0.0394593 180.938
0.0 9.0 0.0422783 180.938
0.0 9.0 0.0423882 180.938
0.0 9.0 0.0414976 180.938
0.0 9.0 0.0271596 180.938
0.0 9.0 0.0426236 180.938
0.0 9.0 0.0272529 180.938
0.0 9.0 0.0259277 180.938
0.0 9.0 0.0427418 180.938
0.0 9.0 0.0286358 180.938
0.0 9.0 0.0421421 180.938
0.0 9.0 0.0273825 180.938
0.0 9.0 0.0282473 180.938
0.0 9.0 0.0419671 180.938
0.0 9.0 0.0428071 180.938
0.0 9.0 0.0366523 180.938
0.0 9.0 0.0258821 180.938
0.0 9.0 0.0467323 180.938
0.0 9.0 0.0416965 180.938
0.0 9.0 0.0267814 180.938
0.0 9.0 0.0428428 180.938
0.0 9.0 0.0387987 180.938
0.0 9.0 0.0409691 180.938
0.0 9.0 0.0416995 180.938
0.0 9.0 0.0278878 180.938
0.0 9.0 0.0293253 180.938
0.0 9.0 0.042854 180.938
0.0 9.0 0.0359923 180.938
0.0 9.0 0.041875 180.938
0.0 9.0 0.0419079 180.938
0.0 9.0 0.0296973 180.938
0.0 9.0 0.0427973 180.938
0.0 9.0 0.0425048 180.938
0.0 9.0 0.0419274 180.938
0.0 9.0 0.0392913 180.938
0.0 9.0 0.0416773 180.938
0.0 9.0 0.0247577 180.938
0.0 9.0 0.0394471 180.938
0.0 9.0 0.0263223 180.938
0.0 9.0 0.042806 180.938
0.0 9.0 0.0423334 180.938
0.0 9.0 0.0261268 180.938
0.0 9.0 0.0416425 180.938
0.0 9.0 0.026148 180.938
0.0 15.0 0.0153883 179.833
0.0 15.0 0.0192939 179.833
0.0 15.0 0.0195296 179.833
0.0 15.0 0.0169192 179.833
0.0 15.0 0.0203795 179.833
0.0 15.0 0.020087 179.833
0.0 15.0 0.0240756 179.833
0.0 15.0 0.0193664 179.833
0.0 15.0 0.0198471 179.833
0.0 15.0 0.0201334 179.833
0.0 15.0 0.0151135 179.833
0.0 15.0 0.0249018 179.833
0.0 15.0 0.0161656 179.833
0.0 15.0 0.023406 179.833
0.0 15.0 0.0245665 179.833
0.0 15.0 0.0235789 179.833
0.0 15.0 0.0238245 179.833
0.0 15.0 0.0166884 179.833
0.0 15.0 0.0234129 179.833
0.0 15.0 0.0249053 179.833
0.0 15.0 0.021564 179.833
0.0 15.0 0.0171545 179.833
0.0 15.0 0.0198442 179.833
0.0 15.0 0.0223811 179.833
0.0 15.0 0.0205904 179.833
0.0 15.0 0.0205345 179.833
0.0 15.0 0.0189604 179.833
0.0 15.0 0.0221959 179.833
0.0 15.0 0.0236987 179.833
0.0 15.0 0.0176446 179.833
0.0 15.0 0.0195001 179.833
0.0 15.0 0.0237996 179.833
0.0 15.0 0.0164468 179.833
0.0 15.0 0.0195524 179.833
0.0 15.0 0.0194992 179.833
0.0 15.0 0.0233741 179.833
0.0 15.0 0.0173565 179.833
0.0 15.0 0.0185935 179.833
0.0 15.0 0.0203043 179.833
0.0 15.0 0.0190325 179.833
0.0 15.0 0.0183304 179.833
0.0 15.0 0.0236381 179.833
0.0 15.0 0.0234681 179.833
0.0 15.0 0.0193241 179.833
0.0 15.0 0.0207236 179.833
0.0 15.0 0.0211252 179.833
0.0 15.0 0.017499 179.833
0.0 15.0 0.0208644 179.833
0.0 15.0 0.0185071 179.833
0.0 15.0 0.0233903 179.833
0.0 16.0 0.0191455 179.833
0.0 16.0 0.0216276 179.833
0.0 16.0 0.0199025 179.833
0.0 16.0 0.0203562 179.833
0.0 16.0 0.0208412 179.833
0.0 16.0 0.0199699 179.833
0.0 16.0 0.0221841 179.833
0.0 16.0 0.0207853 179.833
0.0 16.0 0.0195402 179.833
0.0 16.0 0.0188737 179.833
0.0 16.0 0.0205939 179.833
0.0 16.0 0.0185898 179.833
0.0 16.0 0.0205438 179.833
0.0 16.0 0.0187275 179.833
0.0 16.0 0.0190597 179.833
0.0 16.0 0.019038 179.833
0.0 16.0 0.0181607 179.833
0.0 16.0 0.0181198 179.833
0.0 16.0 0.0243054 179.833
0.0 16.0 0.0201457 179.833
0.0 16.0 0.0193432 179.833
0.0 16.0 0.0219775 179.833
0.0 16.0 0.0222624 179.833
0.0 16.0 0.0207197 179.833
0.0 16.0 0.020767 179.833
0.0 16.0 0.0222301 179.833
0.0 16.0 0.0203189 179.833
0.0 16.0 0.0232787 179.833
0.0 16.0 0.0217668 179.833
0.0 16.0 0.0207998 179.833
0.0 16.0 0.0222654 179.833
0.0 16.0 0.0218518 179.833
0.0 16.0 0.0201638 179.833
0.0 16.0 0.0175776 179.833
0.0 16.0 0.0170874 179.833
0.0 16.0 0.0182356 179.833
0.0 16.0 0.0210258 179.833
0.0 16.0 0.0205299 179.833
0.0 16.0 0.0206046 179.833
0.0 16.0 0.0162455 179.833
0.0 16.0 0.018626 179.833
0.0 16.0 0.0203274 179.833
0.0 16.0 0.0183598 179.833
0.0 16.0 0.0204201 179.833
0.0 16.0 0.0178493 179.833
0.0 16.0 0.0184694 179.833
0.0 16.0 0.0231659 179.833
0.0 16.0 0.0218465 179.833
0.0 16.0 0.0191798 179.833
0.0 16.0 0.0195522 179.833
0.0 17.0 0.0215179 180.143
0.0 17.0 0.0204243 180.143
0.0 17.0 0.0148468 180.143
0.0 17.0 0.0214443 180.143
0.0 17.0 0.0167438 180.143
0.0 17.0 0.0216026 180.143
0.0 17.0 0.0208133 180.143
0.0 17.0 0.0155197 180.143
0.0 17.0 0.0160612 180.143
0.0 17.0 0.0163272 180.143
0.0 17.0 0.0155241 180.143
0.0 17.0 0.0167621 180.143
0.0 17.0 0.0173971 180.143
0.0 17.0 0.0179361 180.143
0.0 17.0 0.0210163 180.143
0.0 17.0 0.0193102 180.143
0.0 17.0 0.021312 180.143
0.0 17.0 0.0218207 180.143
0.0 17.0 0.0187353 180.143
0.0 17.0 0.0179697 180.143
0.0 17.0 0.0173624 180.143
0.0 17.0 0.0157779 180.143
0.0 17.0 0.0189138 180.143
0.0 17.0 0.0213837 180.143
0.0 17.0 0.0184043 180.143
0.0 17.0 0.0156501 180.143
0.0 17.0 0.0173495 180.143
0.0 17.0 0.0208013 180.143
0.0 17.0 0.021031 180.143
0.0 17.0 0.0157705 180.143
0.0 17.0 0.0207666 180.143
0.0 17.0 0.0135973 180.143
0.0 17.0 0.017303 180.143
0.0 17.0 0.0157166 180.143
0.0 17.0 0.0192481 180.143
0.0 17.0 0.0179388 180.143
0.0 17.0 0.0188604 180.143
0.0 17.0 0.0191755 180.143
0.0 17.0 0.0151496 180.143
0.0 17.0 0.0194573 180.143
0.0 17.0 0.0210964 180.143
0.0 17.0 0.0185226 180.143
0.0 17.0 0.0175918 180.143
0.0 17.0 0.0166355 180.143
0.0 17.0 0.0167393 180.143
0.0 17.0 0.0209909 180.143
0.0 17.0 0.0136253 180.143
0.0 17.0 0.0164009 180.143
0.0 17.0 0.021235 180.143
0.0 17.0 0.0180714 180.143
0.0 31.0 0.0120356 180.279
0.0 31.0 0.0103116 180.279
0.0 31.0 0.0129073 180.279
0.0 31.0 0.0138385 180.279
0.0 31.0 0.0119543 180.279
0.0 31.0 0.011375 180.279
0.0 31.0 0.013266 180.279
0.0 31.0 0.0119879 180.279
0.0 31.0 0.0116833 180.279
0.0 31.0 0.0121189 180.279
0.0 31.0 0.0101754 180.279
0.0 31.0 0.0127516 180.279
0.0 31.0 0.0124774 180.279
0.0 31.0 0.0119209 180.279
0.0 31.0 0.0119587 180.279
0.0 31.0 0.0118947 180.279
0.0 31.0 0.0120294 180.279
0.0 31.0 0.0124107 180.279
0.0 31.0 0.0119449 180.279
0.0 31.0 0.0117894 180.279
0.0 31.0 0.0119701 180.279
0.0 31.0 0.0122546 180.279
0.0 31.0 0.010224 180.279
0.0 31.0 0.0126135 180.279
0.0 31.0 0.0120266 180.279
0.0 31.0 0.0116808 180.279
0.0 31.0 0.0133207 180.279
0.0 31.0 0.0118604 180.279
0.0 31.0 0.0123714 180.279
0.0 31.0 0.0101283 180.279
0.0 31.0 0.0119187 180.279
0.0 31.0 0.01338 180.279
0.0 31.0 0.011544 180.279
0.0 31.0 0.0113557 180.279
0.0 31.0 0.0117955 180.279
0.0 31.0 0.0123448 180.279
0.0 31.0 0.0123898 180.279
0.0 31.0 0.012319 180.279
0.0 31.0 0.011931 180.279
0.0 31.0 0.0137144 180.279
0.0 31.0 0.0118995 180.279
0.0 31.0 0.0121804 180.279
0.0 31.0 0.0118527 180.279
0.0 31.0 0.0114087 180.279
0.0 31.0 0.0138273 180.279
0.0 31.0 0.0126075 180.279
0.0 31.0 0.0121082 180.279
0.0 31.0 0.0124492 180.279
0.0 31.0 0.0119278 180.279
0.0 31.0 0.0126224 180.279
0.0 32.0 0.0120212 180.279
0.0 32.0 0.0113569 180.279
0.0 32.0 0.0120401 180.279
0.0 32.0 0.0133953 180.279
0.0 32.0 0.0122154 180.279
0.0 32.0 0.0110092 180.279
0.0 32.0 0.0135817 180.279
0.0 32.0 0.0120289 180.279
0.0 32.0 0.0138689 180.279
0.0 32.0 0.0118355 180.279
0.0 32.0 0.0110127 180.279
0.0 32.0 0.0109059 180.279
0.0 32.0 0.0120204 180.279
0.0 32.0 0.0122315 180.279
0.0 32.0 0.0108473 180.279
0.0 32.0 0.0108531 180.279
0.0 32.0 0.0107857 180.279
0.0 32.0 0.0108197 180.279
0.0 32.0 0.0108179 180.279
0.0 32.0 0.0110142 180.279
0.0 32.0 0.0109475 180.279
0.0 32.0 0.0116846 180.279
0.0 32.0 0.0110765 180.279
0.0 32.0 0.0107312 180.279
0.0 32.0 0.010882 180.279
0.0 32.0 0.0109473 180.279
0.0 32.0 0.0109314 180.279
0.0 32.0 0.0110462 180.279
0.0 32.0 0.011019 180.279
0.0 32.0 0.0109679 180.279
0.0 32.0 0.0108875 180.279
0.0 32.0 0.0109704 180.279
0.0 32.0 0.0132784 180.279
0.0 32.0 0.0112272 180.279
0.0 32.0 0.0109673 180.279
0.0 32.0 0.0108468 180.279
0.0 32.0 0.0108358 180.279
0.0 32.0 0.0119942 180.279
0.0 32.0 0.0111851 180.279
0.0 32.0 0.0108607 180.279
0.0 32.0 0.0125061 180.279
0.0 32.0 0.0109403 180.279
0.0 32.0 0.0109088 180.279
0.0 32.0 0.0109107 180.279
0.0 32.0 0.0124928 180.279
0.0 32.0 0.0108486 180.279
0.0 32.0 0.0119271 180.279
0.0 32.0 0.0108789 180.279
0.0 32.0 0.0109092 180.279
0.0 32.0 0.011033 180.279
0.0 33.0 0.0111413 180.279
0.0 33.0 0.0108705 180.279
0.0 33.0 0.0108663 180.279
0.0 33.0 0.0109426 180.279
0.0 33.0 0.0109256 180.279
0.0 33.0 0.0109071 180.279
0.0 33.0 0.0119842 180.279
0.0 33.0 0.0111672 180.279
0.0 33.0 0.0109649 180.279
0.0 33.0 0.0111641 180.279
0.0 33.0 0.011074 180.279
0.0 33.0 0.0110333 180.279
0.0 33.0 0.0109278 180.279
0.0 33.0 0.0109751 180.279
0.0 33.0 0.0113709 180.279
0.0 33.0 0.0113065 180.279
0.0 33.0 0.0109533 180.279
0.0 33.0 0.0111588 180.279
0.0 33.0 0.0109335 180.279
0.0 33.0 0.0109762 180.279
0.0 33.0 0.0109239 180.279
0.0 33.0 0.0112511 180.279
0.0 33.0 0.0109412 180.279
0.0 33.0 0.0110338 180.279
0.0 33.0 0.011936 180.279
0.0 33.0 0.0108806 180.279
0.0 33.0 0.0112632 180.279
0.0 33.0 0.01123 180.279
0.0 33.0 0.0110183 180.279
0.0 33.0 0.0113423 180.279
0.0 33.0 0.0109416 180.279
0.0 33.0 0.0109756 180.279
0.0 33.0 0.0109069 180.279
0.0 33.0 0.0109577 180.279
0.0 33.0 0.0109191 180.279
0.0 33.0 0.0108736 180.279
0.0 33.0 0.0109144 180.279
0.0 33.0 0.0109354 180.279
0.0 33.0 0.0110248 180.279
0.0 33.0 0.0108972 180.279
0.0 33.0 0.0110183 180.279
0.0 33.0 0.0108821 180.279
0.0 33.0 0.0110396 180.279
0.0 33.0 0.0109505 180.279
0.0 33.0 0.0109172 180.279
0.0 33.0 0.0109436 180.279
0.0 33.0 0.0109782 180.279
0.0 33.0 0.0109857 180.279
0.0 33.0 0.0108531 180.279
0.0 33.0 0.0110014 180.279
1.0 3.0 0.0755503 19.5926
1.0 3.0 0.0785379 19.5926
1.0 3.0 0.0780768 19.5926
1.0 3.0 0.078512 19.5926
1.0 3.0 0.0763653 19.5926
1.0 3.0 0.0798322 19.5926
1.0 3.0 0.0781118 19.5926
1.0 3.0 0.0757027 19.5926
1.0 3.0 0.0910793 19.5926
1.0 3.0 0.0787038 19.5926
1.0 3.0 0.077628 19.5926
1.0 3.0 0.0785846 19.5926
1.0 3.0 0.0863048 19.5926
1.0 3.0 0.0760921 19.5926
1.0 3.0 0.0765566 19.5926
1.0 3.0 0.0782113 19.5926
1.0 3.0 0.0757204 19.5926
1.0 3.0 0.0784658 19.5926
1.0 3.0 0.0787549 19.5926
1.0 3.0 0.0755357 19.5926
1.0 3.0 0.0757394 19.5926
1.0 3.0 0.0853678 19.5926
1.0 3.0 0.0752033 19.5926
1.0 3.0 0.0753474 19.5926
1.0 3.0 0.0783829 19.5926
1.0 3.0 0.0784374 19.5926
1.0 3.0 0.0757314 19.5926
1.0 3.0 0.0786908 19.5926
1.0 3.0 0.0750947 19.5926
1.0 3.0 0.0763535 19.5926
1.0 3.0 0.0753188 19.5926
1.0 3.0 0.0755644 19.5926
1.0 3.0 0.078736 19.5926
1.0 3.0 0.0753308 19.5926
1.0 3.0 0.0783011 19.5926
1.0 3.0 0.0859422 19.5926
1.0 3.0 0.0778421 19.5926
1.0 3.0 0.0748227 19.5926
1.0 3.0 0.0755436 19.5926
1.0 3.0 0.0786776 19.5926
1.0 3.0 0.0790877 19.5926
1.0 3.0 0.0790437 19.5926
1.0 3.0 0.0751053 19.5926
1.0 3.0 0.0786628 19.5926
1.0 3.0 0.0788276 19.5926
1.0 3.0 0.0756557 19.5926
1.0 3.0 0.0749482 19.5926
1.0 3.0 0.0750854 19.5926
1.0 3.0 0.0787025 19.5926
1.0 3.0 0.0765587 19.5926
1.0 4.0 0.0606938 19.5946
1.0 4.0 0.0612188 19.5946
1.0 4.0 0.0619089 19.5946
1.0 4.0 0.0607329 19.5946
1.0 4.0 0.0677198 19.5946
1.0 4.0 0.0641769 19.5946
1.0 4.0 0.0632977 19.5946
1.0 4.0 0.0662423 19.5946
1.0 4.0 0.0608985 19.5946
1.0 4.0 0.0612392 19.5946
1.0 4.0 0.0675958 19.5946
1.0 4.0 0.063208 19.5946
1.0 4.0 0.0608693 19.5946
1.0 4.0 0.0715584 19.5946
1.0 4.0 0.0608586 19.5946
1.0 4.0 0.0641754 19.5946
1.0 4.0 0.0684015 19.5946
1.0 4.0 0.064449 19.5946
1.0 4.0 0.0612749 19.5946
1.0 4.0 0.0611695 19.5946
1.0 4.0 0.0613316 19.5946
1.0 4.0 0.0612201 19.5946
1.0 4.0 0.0608348 19.5946
1.0 4.0 0.060961 19.5946
1.0 4.0 0.0640341 19.5946
1.0 4.0 0.0713108 19.5946
1.0 4.0 0.0676244 19.5946
1.0 4.0 0.0642188 19.5946
1.0 4.0 0.0677325 19.5946
1.0 4.0 0.0675059 19.5946
1.0 4.0 0.0641843 19.5946
1.0 4.0 0.0658532 19.5946
1.0 4.0 0.064898 19.5946
1.0 4.0 0.0643847 19.5946
1.0 4.0 0.0653791 19.5946
1.0 4.0 0.0661013 19.5946
1.0 4.0 0.0701129 19.5946
1.0 4.0 0.0671985 19.5946
1.0 4.0 0.0613434 19.5946
1.0 4.0 0.0667989 19.5946
1.0 4.0 0.0668667 19.5946
1.0 4.0 0.061906 19.5946
1.0 4.0 0.0616713 19.5946
1.0 4.0 0.0603834 19.5946
1.0 4.0 0.0658359 19.5946
1.0 4.0 0.0614158 19.5946
1.0 4.0 0.0613884 19.5946
1.0 4.0 0.0667799 19.5946
1.0 4.0 0.0652988 19.5946
1.0 4.0 0.0738038 19.5946
1.0 5.0 0.0818169 19.5926
1.0 5.0 0.0525799 19.5926
1.0 5.0 0.0872292 19.5926
1.0 5.0 0.0825197 19.5926
1.0 5.0 0.0531882 19.5926
1.0 5.0 0.0862503 19.5926
1.0 5.0 0.0842953 19.5926
1.0 5.0 0.0810738 19.5926
1.0 5.0 0.0862667 19.5926
1.0 5.0 0.0787856 19.5926
1.0 5.0 0.0806949 19.5926
1.0 5.0 0.0802198 19.5926
1.0 5.0 0.0803422 19.5926
1.0 5.0 0.0874432 19.5926
1.0 5.0 0.0840805 19.5926
1.0 5.0 0.0852711 19.5926
1.0 5.0 0.0800375 19.5926
1.0 5.0 0.0815276 19.5926
1.0 5.0 0.0887947 19.5926
1.0 5.0 0.0821499 19.5926
1.0 5.0 0.0854245 19.5926
1.0 5.0 0.0806981 19.5926
1.0 5.0 0.0617659 19.5926
1.0 5.0 0.079164 19.5926
1.0 5.0 0.0813657 19.5926
1.0 5.0 0.080804 19.5926
1.0 5.0 0.0802923 19.5926
1.0 5.0 0.088229 19.5926
1.0 5.0 0.0657172 19.5926
1.0 5.0 0.0876301 19.5926
1.0 5.0 0.079272 19.5926
1.0 5.0 0.0856257 19.5926
1.0 5.0 0.0575222 19.5926
1.0 5.0 0.086555 19.5926
1.0 5.0 0.0807356 19.5926
1.0 5.0 0.0820071 19.5926
1.0 5.0 0.0647387 19.5926
1.0 5.0 0.0847865 19.5926
1.0 5.0 0.087385 19.5926
1.0 5.0 0.0853947 19.5926
1.0 5.0 0.0829742 19.5926
1.0 5.0 0.0843023 19.5926
1.0 5.0 0.0795266 19.5926
1.0 5.0 0.0837622 19.5926
1.0 5.0 0.0810112 19.5926
1.0 5.0 0.0804553 19.5926
1.0 5.0 0.0866682 19.5926
1.0 5.0 0.0520009 19.5926
1.0 5.0 0.0871576 19.5926
1.0 5.0 0.0868121 19.5926
1.0 7.0 0.0587191 19.5912
1.0 7.0 0.0445208 19.5912
1.0 7.0 0.0567567 19.5912
1.0 7.0 0.0453328 19.5912
1.0 7.0 0.0580925 19.5912
1.0 7.0 0.0562293 19.5912
1.0 7.0 0.0374932 19.5912
1.0 7.0 0.0563151 19.5912
1.0 7.0 0.051128 19.5912
1.0 7.0 0.0617426 19.5912
1.0 7.0 0.0612704 19.5912
1.0 7.0 0.0453998 19.5912
1.0 7.0 0.0428613 19.5912
1.0 7.0 0.0482794 19.5912
1.0 7.0 0.0577256 19.5912
1.0 7.0 0.0592863 19.5912
1.0 7.0 0.0591082 19.5912
1.0 7.0 0.0513055 19.5912
1.0 7.0 0.059275 19.5912
1.0 7.0 0.0383904 19.5912
1.0 7.0 0.0353847 19.5912
1.0 7.0 0.0367579 19.5912
1.0 7.0 0.0333732 19.5912
1.0 7.0 0.0602968 19.5912
1.0 7.0 0.0564191 19.5912
1.0 7.0 0.0569684 19.5912
1.0 7.0 0.0451437 19.5912
1.0 7.0 0.046303 19.5912
1.0 7.0 0.0573978 19.5912
1.0 7.0 0.0407707 19.5912
1.0 7.0 0.0603756 19.5912
1.0 7.0 0.0361004 19.5912
1.0 7.0 0.0577626 19.5912
1.0 7.0 0.0370622 19.5912
1.0 7.0 0.0576104 19.5912
1.0 7.0 0.0461346 19.5912
1.0 7.0 0.0469182 19.5912
1.0 7.0 0.0572197 19.5912
1.0 7.0 0.0593805 19.5912
1.0 7.0 0.0370446 19.5912
1.0 7.0 0.0592206 19.5912
1.0 7.0 0.044187 19.5912
1.0 7.0 0.058801 19.5912
1.0 7.0 0.059124 19.5912
1.0 7.0 0.0593505 19.5912
1.0 7.0 0.0599144 19.5912
1.0 7.0 0.056019 19.5912
1.0 7.0 0.037073 19.5912
1.0 7.0 0.0584947 19.5912
1.0 7.0 0.0378306 19.5912
1.0 8.0 0.057394 19.5949
1.0 8.0 0.0517948 19.5949
1.0 8.0 0.0334544 19.5949
1.0 8.0 0.0389353 19.5949
1.0 8.0 0.0416256 19.5949
1.0 8.0 0.0461405 19.5949
1.0 8.0 0.0540719 19.5949
1.0 8.0 0.0528991 19.5949
1.0 8.0 0.0519107 19.5949
1.0 8.0 0.0395817 19.5949
1.0 8.0 0.0517406 19.5949
1.0 8.0 0.0536488 19.5949
1.0 8.0 0.043685 19.5949
1.0 8.0 0.0356075 19.5949
1.0 8.0 0.0338729 19.5949
1.0 8.0 0.0435295 19.5949
1.0 8.0 0.0554896 19.5949
1.0 8.0 0.0520352 19.5949
1.0 8.0 0.0423128 19.5949
1.0 8.0 0.0505113 19.5949
1.0 8.0 0.0519621 19.5949
1.0 8.0 0.0433175 19.5949
1.0 8.0 0.0511146 19.5949
1.0 8.0 0.0548663 19.5949
1.0 8.0 0.0350054 19.5949
1.0 8.0 0.0513849 19.5949
1.0 8.0 0.0523213 19.5949
1.0 8.0 0.054892 19.5949
1.0 8.0 0.0527177 19.5949
1.0 8.0 0.0529672 19.5949
1.0 8.0 0.0451224 19.5949
1.0 8.0 0.0332101 19.5949
1.0 8.0 0.0479122 19.5949
1.0 8.0 0.042437 19.5949
1.0 8.0 0.0538396 19.5949
1.0 8.0 0.0376501 19.5949
1.0 8.0 0.0534155 19.5949
1.0 8.0 0.035591 19.5949
1.0 8.0 0.051404 19.5949
1.0 8.0 0.0355308 19.5949
1.0 8.0 0.0558108 19.5949
1.0 8.0 0.0418832 19.5949
1.0 8.0 0.0556058 19.5949
1.0 8.0 0.0524367 19.5949
1.0 8.0 0.0366243 19.5949
1.0 8.0 0.0349898 19.5949
1.0 8.0 0.0530765 19.5949
1.0 8.0 0.0531854 19.5949
1.0 8.0 0.0368257 19.5949
1.0 8.0 0.0541323 19.5949
1.0 9.0 0.046743 19.5889
1.0 9.0 0.0419255 19.5889
1.0 9.0 0.0429718 19.5889
1.0 9.0 0.0311131 19.5889
1.0 9.0 0.0471982 19.5889
1.0 9.0 0.0382457 19.5889
1.0 9.0 0.0447644 19.5889
1.0 9.0 0.032311 19.5889
1.0 9.0 0.044774 19.5889
1.0 9.0 0.0455531 19.5889
1.0 9.0 0.0476385 19.5889
1.0 9.0 0.0446798 19.5889
1.0 9.0 0.0470762 19.5889
1.0 9.0 0.0480596 19.5889
1.0 9.0 0.0490569 19.5889
1.0 9.0 0.0460135 19.5889
1.0 9.0 0.034848 19.5889
1.0 9.0 0.0454974 19.5889
1.0 9.0 0.0423495 19.5889
1.0 9.0 0.0322269 19.5889
1.0 9.0 0.0322717 19.5889
1.0 9.0 0.0309643 19.5889
1.0 9.0 0.0454589 19.5889
1.0 9.0 0.0300017 19.5889
1.0 9.0 0.0474374 19.5889
1.0 9.0 0.0485685 19.5889
1.0 9.0 0.0486056 19.5889
1.0 9.0 0.0320918 19.5889
1.0 9.0 0.0458002 19.5889
1.0 9.0 0.03623 19.5889
1.0 9.0 0.047067 19.5889
1.0 9.0 0.048173 19.5889
1.0 9.0 0.0469051 19.5889
1.0 9.0 0.0428189 19.5889
1.0 9.0 0.0335457 19.5889
1.0 9.0 0.0399613 19.5889
1.0 9.0 0.0463086 19.5889
1.0 9.0 0.0452724 19.5889
1.0 9.0 0.0318275 19.5889
1.0 9.0 0.045556 19.5889
1.0 9.0 0.0460662 19.5889
1.0 9.0 0.0294352 19.5889
1.0 9.0 0.040339 19.5889
1.0 9.0 0.0479249 19.5889
1.0 9.0 0.0461278 19.5889
1.0 9.0 0.02985 19.5889
1.0 9.0 0.046152 19.5889
1.0 9.0 0.045779 19.5889
1.0 9.0 0.0479262 19.5889
1.0 9.0 0.0311811 19.5889
1.0 15.0 0.0279491 19.5926
1.0 15.0 0.0277664 19.5926
1.0 15.0 0.0228374 19.5926
1.0 15.0 0.0247279 19.5926
1.0 15.0 0.0252511 19.5926
1.0 15.0 0.0235737 19.5926
1.0 15.0 0.027073 19.5926
1.0 15.0 0.0213043 19.5926
1.0 15.0 0.024935 19.5926
1.0 15.0 0.0259683 19.5926
1.0 15.0 0.0225984 19.5926
1.0 15.0 0.0284742 19.5926
1.0 15.0 0.0265075 19.5926
1.0 15.0 0.0270404 19.5926
1.0 15.0 0.0219787 19.5926
1.0 15.0 0.0266453 19.5926
1.0 15.0 0.0284034 19.5926
1.0 15.0 0.0297719 19.5926
1.0 15.0 0.0170568 19.5926
1.0 15.0 0.0260409 19.5926
1.0 15.0 0.0251229 19.5926
1.0 15.0 0.0217864 19.5926
1.0 15.0 0.0258775 19.5926
1.0 15.0 0.0210042 19.5926
1.0 15.0 0.020612 19.5926
1.0 15.0 0.0225137 19.5926
1.0 15.0 0.0272304 19.5926
1.0 15.0 0.026398 19.5926
1.0 15.0 0.0270187 19.5926
1.0 15.0 0.0237509 19.5926
1.0 15.0 0.0248441 19.5926
1.0 15.0 0.0191785 19.5926
1.0 15.0 0.0198029 19.5926
1.0 15.0 0.0189192 19.5926
1.0 15.0 0.0197822 19.5926
1.0 15.0 0.0227075 19.5926
1.0 15.0 0.0248671 19.5926
1.0 15.0 0.018979 19.5926
1.0 15.0 0.0240086 19.5926
1.0 15.0 0.0201665 19.5926
1.0 15.0 0.0258265 19.5926
1.0 15.0 0.026804 19.5926
1.0 15.0 0.0241472 19.5926
1.0 15.0 0.0163876 19.5926
1.0 15.0 0.0267685 19.5926
1.0 15.0 0.0264821 19.5926
1.0 15.0 0.0280355 19.5926
1.0 15.0 0.027895 19.5926
1.0 15.0 0.0225477 19.5926
1.0 15.0 0.0187267 19.5926
1.0 16.0 0.0213582 19.5926
1.0 16.0 0.0261288 19.5926
1.0 16.0 0.0274839 19.5926
1.0 16.0 0.0334197 19.5926
1.0 16.0 0.0193503 19.5926
1.0 16.0 0.0237552 19.5926
1.0 16.0 0.01972 19.5926
1.0 16.0 0.0302777 19.5926
1.0 16.0 0.0200699 19.5926
1.0 16.0 0.0307209 19.5926
1.0 16.0 0.0210229 19.5926
1.0 16.0 0.0227321 19.5926
1.0 16.0 0.0238715 19.5926
1.0 16.0 0.0201608 19.5926
1.0 16.0 0.0266268 19.5926
1.0 16.0 0.0222169 19.5926
1.0 16.0 0.0298481 19.5926
1.0 16.0 0.0222069 19.5926
1.0 16.0 0.0219038 19.5926
1.0 16.0 0.0261182 19.5926
1.0 16.0 0.0190863 19.5926
1.0 16.0 0.0316021 19.5926
1.0 16.0 0.0215891 19.5926
1.0 16.0 0.0266379 19.5926
1.0 16.0 0.0233423 19.5926
1.0 16.0 0.033499 19.5926
1.0 16.0 0.0224515 19.5926
1.0 16.0 0.0306801 19.5926
1.0 16.0 0.0256122 19.5926
1.0 16.0 0.0218993 19.5926
1.0 16.0 0.0228118 19.5926
1.0 16.0 0.0216157 19.5926
1.0 16.0 0.0305359 19.5926
1.0 16.0 0.0289633 19.5926
1.0 16.0 0.0188193 19.5926
1.0 16.0 0.0257254 19.5926
1.0 16.0 0.0238207 19.5926
1.0 16.0 0.0216895 19.5926
1.0 16.0 0.0323626 19.5926
1.0 16.0 0.02089 19.5926
1.0 16.0 0.0239259 19.5926
1.0 16.0 0.0291569 19.5926
1.0 16.0 0.022664 19.5926
1.0 16.0 0.028444 19.5926
1.0 16.0 0.021104 19.5926
1.0 16.0 0.0249514 19.5926
1.0 16.0 0.0254649 19.5926
1.0 16.0 0.0221611 19.5926
1.0 16.0 0.0208829 19.5926
1.0 16.0 0.0278031 19.5926
1.0 17.0 0.0191637 19.587
1.0 17.0 0.0221354 19.587
1.0 17.0 0.0204527 19.587
1.0 17.0 0.0188419 19.587
1.0 17.0 0.0216024 19.587
1.0 17.0 0.0178398 19.587
1.0 17.0 0.019878 19.587
1.0 17.0 0.0191122 19.587
1.0 17.0 0.0189337 19.587
1.0 17.0 0.0198768 19.587
1.0 17.0 0.0193946 19.587
1.0 17.0 0.0188932 19.587
1.0 17.0 0.0159588 19.587
1.0 17.0 0.0179101 19.587
1.0 17.0 0.0184986 19.587
1.0 17.0 0.0175687 19.587
1.0 17.0 0.0184671 19.587
1.0 17.0 0.0163063 19.587
1.0 17.0 0.0175437 19.587
1.0 17.0 0.0181734 19.587
1.0 17.0 0.0165298 19.587
1.0 17.0 0.0200213 19.587
1.0 17.0 0.0180327 19.587
1.0 17.0 0.0186844 19.587
1.0 17.0 0.0228185 19.587
1.0 17.0 0.0165712 19.587
1.0 17.0 0.0229498 19.587
1.0 17.0 0.0198704 19.587
1.0 17.0 0.0175693 19.587
1.0 17.0 0.0169258 19.587
1.0 17.0 0.0182474 19.587
1.0 17.0 0.0198367 19.587
1.0 17.0 0.0219622 19.587
1.0 17.0 0.0197814 19.587
1.0 17.0 0.0194731 19.587
1.0 17.0 0.0215338 19.587
1.0 17.0 0.0201104 19.587
1.0 17.0 0.0196504 19.587
1.0 17.0 0.016881 19.587
1.0 17.0 0.0151317 19.587
1.0 17.0 0.0193144 19.587
1.0 17.0 0.0199256 19.587
1.0 17.0 0.0232712 19.587
1.0 17.0 0.0173451 19.587
1.0 17.0 0.0161321 19.587
1.0 17.0 0.0169943 19.587
1.0 17.0 0.022373 19.587
1.0 17.0 0.0227636 19.587
1.0 17.0 0.0187505 19.587
1.0 17.0 0.0152434 19.587
1.0 31.0 0.0152214 19.5872
1.0 31.0 0.0148176 19.5872
1.0 31.0 0.0135745 19.5872
1.0 31.0 0.0128979 19.5872
1.0 31.0 0.0139135 19.5872
1.0 31.0 0.0141493 19.5872
1.0 31.0 0.0130077 19.5872
1.0 31.0 0.0162932 19.5872
1.0 31.0 0.0138795 19.5872
1.0 31.0 0.0121838 19.5872
1.0 31.0 0.0141584 19.5872
1.0 31.0 0.015953 19.5872
1.0 31.0 0.0140724 19.5872
1.0 31.0 0.0138364 19.5872
1.0 31.0 0.0139518 19.5872
1.0 31.0 0.0141152 19.5872
1.0 31.0 0.0137428 19.5872
1.0 31.0 0.0118728 19.5872
1.0 31.0 0.0133888 19.5872
1.0 31.0 0.0155874 19.5872
1.0 31.0 0.0148011 19.5872
1.0 31.0 0.0136974 19.5872
1.0 31.0 0.0152034 19.5872
1.0 31.0 0.0118184 19.5872
1.0 31.0 0.0132868 19.5872
1.0 31.0 0.0117636 19.5872
1.0 31.0 0.0149336 19.5872
1.0 31.0 0.0158405 19.5872
1.0 31.0 0.0152895 19.5872
1.0 31.0 0.0155667 19.5872
1.0 31.0 0.014102 19.5872
1.0 31.0 0.0138482 19.5872
1.0 31.0 0.0143691 19.5872
1.0 31.0 0.0153637 19.5872
1.0 31.0 0.0140845 19.5872
1.0 31.0 0.0147626 19.5872
1.0 31.0 0.0143554 19.5872
1.0 31.0 0.0164975 19.5872
1.0 31.0 0.0139283 19.5872
1.0 31.0 0.0137917 19.5872
1.0 31.0 0.0150685 19.5872
1.0 31.0 0.0146526 19.5872
1.0 31.0 0.0149554 19.5872
1.0 31.0 0.0134019 19.5872
1.0 31.0 0.0137994 19.5872
1.0 31.0 0.0145689 19.5872
1.0 31.0 0.0127836 19.5872
1.0 31.0 0.0151674 19.5872
1.0 31.0 0.013295 19.5872
1.0 31.0 0.0141664 19.5872
1.0 32.0 0.0126182 19.5872
1.0 32.0 0.0125607 19.5872
1.0 32.0 0.0125793 19.5872
1.0 32.0 0.0126099 19.5872
1.0 32.0 0.0126995 19.5872
1.0 32.0 0.0140648 19.5872
1.0 32.0 0.0126357 19.5872
1.0 32.0 0.0126059 19.5872
1.0 32.0 0.0124486 19.5872
1.0 32.0 0.0123785 19.5872
1.0 32.0 0.0126938 19.5872
1.0 32.0 0.0126408 19.5872
1.0 32.0 0.0126655 19.5872
1.0 32.0 0.0153247 19.5872
1.0 32.0 0.0126555 19.5872
1.0 32.0 0.0127963 19.5872
1.0 32.0 0.0125482 19.5872
1.0 32.0 0.0128901 19.5872
1.0 32.0 0.0135489 19.5872
1.0 32.0 0.014274 19.5872
1.0 32.0 0.0146964 19.5872
1.0 32.0 0.0126365 19.5872
1.0 32.0 0.0137635 19.5872
1.0 32.0 0.0143127 19.5872
1.0 32.0 0.0130586 19.5872
1.0 32.0 0.0126198 19.5872
1.0 32.0 0.0125664 19.5872
1.0 32.0 0.0132663 19.5872
1.0 32.0 0.0126563 19.5872
1.0 32.0 0.0125283 19.5872
1.0 32.0 0.0125501 19.5872
1.0 32.0 0.0143436 19.5872
1.0 32.0 0.0125318 19.5872
1.0 32.0 0.0126123 19.5872
1.0 32.0 0.0126252 19.5872
1.0 32.0 0.0140524 19.5872
1.0 32.0 0.0125881 19.5872
1.0 32.0 0.0126243 19.5872
1.0 32.0 0.0143927 19.5872
1.0 32.0 0.0129798 19.5872
1.0 32.0 0.0125833 19.5872
1.0 32.0 0.0126404 19.5872
1.0 32.0 0.013243 19.5872
1.0 32.0 0.0128351 19.5872
1.0 32.0 0.0126319 19.5872
1.0 32.0 0.0127952 19.5872
1.0 32.0 0.0126129 19.5872
1.0 32.0 0.0144451 19.5872
1.0 32.0 0.0131517 19.5872
1.0 32.0 0.0141979 19.5872
1.0 33.0 0.0125272 19.5872
1.0 33.0 0.0125956 19.5872
1.0 33.0 0.0127192 19.5872
1.0 33.0 0.0128332 19.5872
1.0 33.0 0.0126558 19.5872
1.0 33.0 0.012718 19.5872
1.0 33.0 0.0131394 19.5872
1.0 33.0 0.0126341 19.5872
1.0 33.0 0.0136768 19.5872
1.0 33.0 0.0125306 19.5872
1.0 33.0 0.0130263 19.5872
1.0 33.0 0.0125943 19.5872
1.0 33.0 0.0125697 19.5872
1.0 33.0 0.0126876 19.5872
1.0 33.0 0.0126208 19.5872
1.0 33.0 0.0125647 19.5872
1.0 33.0 0.012619 19.5872
1.0 33.0 0.0126051 19.5872
1.0 33.0 0.0129175 19.5872
1.0 33.0 0.0125587 19.5872
1.0 33.0 0.0125377 19.5872
1.0 33.0 0.0132658 19.5872
1.0 33.0 0.0126718 19.5872
1.0 33.0 0.012583 19.5872
1.0 33.0 0.0126248 19.5872
1.0 33.0 0.0126195 19.5872
1.0 33.0 0.0141126 19.5872
1.0 33.0 0.0129219 19.5872
1.0 33.0 0.0129754 19.5872
1.0 33.0 0.0137141 19.5872
1.0 33.0 0.0126241 19.5872
1.0 33.0 0.0133887 19.5872
1.0 33.0 0.0129953 19.5872
1.0 33.0 0.0130247 19.5872
1.0 33.0 0.0125578 19.5872
1.0 33.0 0.0127706 19.5872
1.0 33.0 0.01302 19.5872
1.0 33.0 0.0129326 19.5872
1.0 33.0 0.0127386 19.5872
1.0 33.0 0.012677 19.5872
1.0 33.0 0.012695 19.5872
1.0 33.0 0.0126851 19.5872
1.0 33.0 0.0136342 19.5872
1.0 33.0 0.0127581 19.5872
1.0 33.0 0.0126465 19.5872
1.0 33.0 0.0126286 19.5872
1.0 33.0 0.013823 19.5872
1.0 33.0 0.0126251 19.5872
1.0 33.0 0.0141993 19.5872
1.0 33.0 0.0130095 19.5872
2.0 3.0 0.269276 -5.02058e-32
2.0 3.0 0.260005 -5.02058e-32
2.0 3.0 0.266679 -5.02058e-32
2.0 3.0 0.284656 -5.02058e-32
2.0 3.0 0.263119 -5.02058e-32
2.0 3.0 0.26418 -5.02058e-32
2.0 3.0 0.274407 -5.02058e-32
2.0 3.0 0.268306 -5.02058e-32
2.0 3.0 0.268899 -5.02058e-32
2.0 3.0 0.266825 -5.02058e-32
2.0 3.0 0.260683 -5.02058e-32
2.0 3.0 0.266807 -5.02058e-32
2.0 3.0 0.267644 -5.02058e-32
2.0 3.0 0.270598 -5.02058e-32
2.0 3.0 0.272692 -5.02058e-32
2.0 3.0 0.259999 -5.02058e-32
2.0 3.0 0.275332 -5.02058e-32
2.0 3.0 0.26364 -5.02058e-32
2.0 3.0 0.260486 -5.02058e-32
2.0 3.0 0.269496 -5.02058e-32
2.0 3.0 0.317748 -5.02058e-32
2.0 3.0 0.260457 -5.02058e-32
2.0 3.0 0.262889 -5.02058e-32
2.0 3.0 0.265095 -5.02058e-32
2.0 3.0 0.263843 -5.02058e-32
2.0 3.0 0.266687 -5.02058e-32
2.0 3.0 0.259939 -5.02058e-32
2.0 3.0 0.266537 -5.02058e-32
2.0 3.0 0.263988 -5.02058e-32
2.0 3.0 0.267877 -5.02058e-32
2.0 3.0 0.266882 -5.02058e-32
2.0 3.0 0.262382 -5.02058e-32
2.0 3.0 0.26523 -5.02058e-32
2.0 3.0 0.267445 -5.02058e-32
2.0 3.0 0.26593 -5.02058e-32
2.0 3.0 0.268005 -5.02058e-32
2.0 3.0 0.261258 -5.02058e-32
2.0 3.0 0.267973 -5.02058e-32
2.0 3.0 0.263451 -5.02058e-32
2.0 3.0 0.265841 -5.02058e-32
2.0 3.0 0.260455 -5.02058e-32
2.0 3.0 0.260317 -5.02058e-32
2.0 3.0 0.266992 -5.02058e-32
2.0 3.0 0.264474 -5.02058e-32
2.0 3.0 0.266701 -5.02058e-32
2.0 3.0 0.265131 -5.02058e-32
2.0 3.0 0.267336 -5.02058e-32
2.0 3.0 0.270765 -5.02058e-32
2.0 3.0 0.267019 -5.02058e-32
2.0 3.0 0.269095 -5.02058e-32
2.0 4.0 0.20163 -2.01644e-31
2.0 4.0 0.210173 -2.01644e-31
2.0 4.0 0.201373 -2.01644e-31
2.0 4.0 0.206416 -2.01644e-31
2.0 4.0 0.221322 -2.01644e-31
2.0 4.0 0.201869 -2.01644e-31
2.0 4.0 0.207394 -2.01644e-31
2.0 4.0 0.200573 -2.01644e-31
2.0 4.0 0.201753 -2.01644e-31
2.0 4.0 0.204513 -2.01644e-31
2.0 4.0 0.204545 -2.01644e-31
2.0 4.0 0.206862 -2.01644e-31
2.0 4.0 0.209005 -2.01644e-31
2.0 4.0 0.205904 -2.01644e-31
2.0 4.0 0.208251 -2.01644e-31
2.0 4.0 0.207003 -2.01644e-31
2.0 4.0 0.20119 -2.01644e-31
2.0 4.0 0.202347 -2.01644e-31
2.0 4.0 0.216502 -2.01644e-31
2.0 4.0 0.201597 -2.01644e-31
2.0 4.0 0.203212 -2.01644e-31
2.0 4.0 0.201526 -2.01644e-31
2.0 4.0 0.200977 -2.01644e-31
2.0 4.0 0.20173 -2.01644e-31
2.0 4.0 0.206401 -2.01644e-31
2.0 4.0 0.20184 -2.01644e-31
2.0 4.0 0.230691 -2.01644e-31
2.0 4.0 0.201819 -2.01644e-31
2.0 4.0 0.208312 -2.01644e-31
2.0 4.0 0.201419 -2.01644e-31
2.0 4.0 0.206223 -2.01644e-31
2.0 4.0 0.207454 -2.01644e-31
2.0 4.0 0.206495 -2.01644e-31
2.0 4.0 0.202234 -2.01644e-31
2.0 4.0 0.201769 -2.01644e-31
2.0 4.0 0.201944 -2.01644e-31
2.0 4.0 0.207421 -2.01644e-31
2.0 4.0 0.201985 -2.01644e-31
2.0 4.0 0.206054 -2.01644e-31
2.0 4.0 0.205521 -2.01644e-31
2.0 4.0 0.20167 -2.01644e-31
2.0 4.0 0.226287 -2.01644e-31
2.0 4.0 0.209301 -2.01644e-31
2.0 4.0 0.202426 -2.01644e-31
2.0 4.0 0.202313 -2.01644e-31
2.0 4.0 0.201837 -2.01644e-31
2.0 4.0 0.201271 -2.01644e-31
2.0 4.0 0.208173 -2.01644e-31
2.0 4.0 0.219037 -2.01644e-31
2.0 4.0 0.211521 -2.01644e-31
2.0 5.0 0.162902 -0.0
2.0 5.0 0.167178 -0.0
2.0 5.0 0.162648 -0.0
2.0 5.0 0.163976 -0.0
2.0 5.0 0.0966622 -0.0
2.0 5.0 0.149886 -0.0
2.0 5.0 0.163752 -0.0
2.0 5.0 0.170142 -0.0
2.0 5.0 0.161805 -0.0
2.0 5.0 0.151387 -0.0
2.0 5.0 0.090251 -0.0
2.0 5.0 0.100113 -0.0
2.0 5.0 0.16951 -0.0
2.0 5.0 0.117523 -0.0
2.0 5.0 0.167281 -0.0
2.0 5.0 0.168517 -0.0
2.0 5.0 0.10349 -0.0
2.0 5.0 0.169894 -0.0
2.0 5.0 0.169068 -0.0
2.0 5.0 0.156078 -0.0
2.0 5.0 0.172299 -0.0
2.0 5.0 0.169717 -0.0
2.0 5.0 0.172183 -0.0
2.0 5.0 0.153918 -0.0
2.0 5.0 0.169906 -0.0
2.0 5.0 0.153981 -0.0
2.0 5.0 0.164395 -0.0
2.0 5.0 0.162633 -0.0
2.0 5.0 0.152064 -0.0
2.0 5.0 0.156404 -0.0
2.0 5.0 0.154852 -0.0
2.0 5.0 0.162915 -0.0
2.0 5.0 0.1609 -0.0
2.0 5.0 0.149368 -0.0
2.0 5.0 0.0955683 -0.0
2.0 5.0 0.160949 -0.0
2.0 5.0 0.15277 -0.0
2.0 5.0 0.114203 -0.0
2.0 5.0 0.164587 -0.0
2.0 5.0 0.168629 -0.0
2.0 5.0 0.147304 -0.0
2.0 5.0 0.17027 -0.0
2.0 5.0 0.169774 -0.0
2.0 5.0 0.0994941 -0.0
2.0 5.0 0.169461 -0.0
2.0 5.0 0.164818 -0.0
2.0 5.0 0.0966963 -0.0
2.0 5.0 0.168704 -0.0
2.0 5.0 0.157044 -0.0
2.0 5.0 0.135886 -0.0
2.0 7.0 0.118841 -2.01644e-31
2.0 7.0 0.143836 -2.01644e-31
2.0 7.0 0.150277 -2.01644e-31
2.0 7.0 0.0982413 -2.01644e-31
2.0 7.0 0.101998 -2.01644e-31
2.0 7.0 0.115402 -2.01644e-31
2.0 7.0 0.148 -2.01644e-31
2.0 7.0 0.105678 -2.01644e-31
2.0 7.0 0.117497 -2.01644e-31
2.0 7.0 0.146174 -2.01644e-31
2.0 7.0 0.150938 -2.01644e-31
2.0 7.0 0.102162 -2.01644e-31
2.0 7.0 0.1488 -2.01644e-31
2.0 7.0 0.144433 -2.01644e-31
2.0 7.0 0.151506 -2.01644e-31
2.0 7.0 0.145204 -2.01644e-31
2.0 7.0 0.115709 -2.01644e-31
2.0 7.0 0.116046 -2.01644e-31
2.0 7.0 0.14746 -2.01644e-31
2.0 7.0 0.150252 -2.01644e-31
2.0 7.0 0.154562 -2.01644e-31
2.0 7.0 0.105178 -2.01644e-31
2.0 7.0 0.156686 -2.01644e-31
2.0 7.0 0.14979 -2.01644e-31
2.0 7.0 0.100481 -2.01644e-31
2.0 7.0 0.116053 -2.01644e-31
2.0 7.0 0.137412 -2.01644e-31
2.0 7.0 0.098329 -2.01644e-31
2.0 7.0 0.113668 -2.01644e-31
2.0 7.0 0.135589 -2.01644e-31
2.0 7.0 0.113735 -2.01644e-31
2.0 7.0 0.15179 -2.01644e-31
2.0 7.0 0.0987583 -2.01644e-31
2.0 7.0 0.148249 -2.01644e-31
2.0 7.0 0.123658 -2.01644e-31
2.0 7.0 0.105029 -2.01644e-31
2.0 7.0 0.144392 -2.01644e-31
2.0 7.0 0.100588 -2.01644e-31
2.0 7.0 0.0999203 -2.01644e-31
2.0 7.0 0.106266 -2.01644e-31
2.0 7.0 0.117519 -2.01644e-31
2.0 7.0 0.0957789 -2.01644e-31
2.0 7.0 0.111782 -2.01644e-31
2.0 7.0 0.150608 -2.01644e-31
2.0 7.0 0.147717 -2.01644e-31
2.0 7.0 0.150008 -2.01644e-31
2.0 7.0 0.115117 -2.01644e-31
2.0 7.0 0.147695 -2.01644e-31
2.0 7.0 0.100922 -2.01644e-31
2.0 7.0 0.0997185 -2.01644e-31
2.0 8.0 0.0846405 -3.44927e-22
2.0 8.0 0.129078 -3.44927e-22
2.0 8.0 0.122151 -3.44927e-22
2.0 8.0 0.0918108 -3.44927e-22
2.0 8.0 0.0860626 -3.44927e-22
2.0 8.0 0.0864436 -3.44927e-22
2.0 8.0 0.124084 -3.44927e-22
2.0 8.0 0.103557 -3.44927e-22
2.0 8.0 0.0919096 -3.44927e-22
2.0 8.0 0.128366 -3.44927e-22
2.0 8.0 0.126103 -3.44927e-22
2.0 8.0 0.127502 -3.44927e-22
2.0 8.0 0.0822277 -3.44927e-22
2.0 8.0 0.130789 -3.44927e-22
2.0 8.0 0.133162 -3.44927e-22
2.0 8.0 0.131647 -3.44927e-22
2.0 8.0 0.0843062 -3.44927e-22
2.0 8.0 0.0864797 -3.44927e-22
2.0 8.0 0.102607 -3.44927e-22
2.0 8.0 0.0893173 -3.44927e-22
2.0 8.0 0.132168 -3.44927e-22
2.0 8.0 0.0870639 -3.44927e-22
2.0 8.0 0.129009 -3.44927e-22
2.0 8.0 0.122684 -3.44927e-22
2.0 8.0 0.122811 -3.44927e-22
2.0 8.0 0.128386 -3.44927e-22
2.0 8.0 0.0998053 -3.44927e-22
2.0 8.0 0.0857243 -3.44927e-22
2.0 8.0 0.0875859 -3.44927e-22
2.0 8.0 0.105204 -3.44927e-22
2.0 8.0 0.0918982 -3.44927e-22
2.0 8.0 0.122052 -3.44927e-22
2.0 8.0 0.100027 -3.44927e-22
2.0 8.0 0.0932849 -3.44927e-22
2.0 8.0 0.0835093 -3.44927e-22
2.0 8.0 0.126641 -3.44927e-22
2.0 8.0 0.0873452 -3.44927e-22
2.0 8.0 0.123804 -3.44927e-22
2.0 8.0 0.119131 -3.44927e-22
2.0 8.0 0.123149 -3.44927e-22
2.0 8.0 0.104125 -3.44927e-22
2.0 8.0 0.0884803 -3.44927e-22
2.0 8.0 0.0911496 -3.44927e-22
2.0 8.0 0.112662 -3.44927e-22
2.0 8.0 0.126209 -3.44927e-22
2.0 8.0 0.124596 -3.44927e-22
2.0 8.0 0.123912 -3.44927e-22
2.0 8.0 0.0860944 -3.44927e-22
2.0 8.0 0.103046 -3.44927e-22
2.0 8.0 0.103046 -3.44927e-22
2.0 9.0 0.0515218 -0.0
2.0 9.0 0.0518036 -0.0
2.0 9.0 0.0401728 -0.0
2.0 9.0 0.0499609 -0.0
2.0 9.0 0.051109 -0.0
2.0 9.0 0.0436221 -0.0
2.0 9.0 0.0515838 -0.0
2.0 9.0 0.0484872 -0.0
2.0 9.0 0.0511278 -0.0
2.0 9.0 0.0425509 -0.0
2.0 9.0 0.0414616 -0.0
2.0 9.0 0.0283181 -0.0
2.0 9.0 0.0481197 -0.0
2.0 9.0 0.0525143 -0.0
2.0 9.0 0.0513122 -0.0
2.0 9.0 0.0519907 -0.0
2.0 9.0 0.0532056 -0.0
2.0 9.0 0.048955 -0.0
2.0 9.0 0.0333639 -0.0
2.0 9.0 0.0500669 -0.0
2.0 9.0 0.0459073 -0.0
2.0 9.0 0.0471762 -0.0
2.0 9.0 0.0270345 -0.0
2.0 9.0 0.039172 -0.0
2.0 9.0 0.0430601 -0.0
2.0 9.0 0.0494658 -0.0
2.0 9.0 0.0398401 -0.0
2.0 9.0 0.0404101 -0.0
2.0 9.0 0.0313499 -0.0
2.0 9.0 0.0508394 -0.0
2.0 9.0 0.0514019 -0.0
2.0 9.0 0.0522438 -0.0
2.0 9.0 0.0528031 -0.0
2.0 9.0 0.0487777 -0.0
2.0 9.0 0.0355995 -0.0
2.0 9.0 0.0502066 -0.0
2.0 9.0 0.0255221 -0.0
2.0 9.0 0.05244 -0.0
2.0 9.0 0.0521081 -0.0
2.0 9.0 0.0500669 -0.0
2.0 9.0 0.0485845 -0.0
2.0 9.0 0.050277 -0.0
2.0 9.0 0.0395818 -0.0
2.0 9.0 0.0540417 -0.0
2.0 9.0 0.0515384 -0.0
2.0 9.0 0.0535664 -0.0
2.0 9.0 0.0492644 -0.0
2.0 9.0 0.0233138 -0.0
2.0 9.0 0.0369569 -0.0
2.0 9.0 0.0353503 -0.0
2.0 15.0 0.0451122 -3.93126e-16
2.0 15.0 0.0323553 -3.93126e-16
2.0 15.0 0.0315998 -3.93126e-16
2.0 15.0 0.0431293 -3.93126e-16
2.0 15.0 0.0363272 -3.93126e-16
2.0 15.0 0.0463635 -3.93126e-16
2.0 15.0 0.0446962 -3.93126e-16
2.0 15.0 0.0462545 -3.93126e-16
2.0 15.0 0.0454267 -3.93126e-16
2.0 15.0 0.0488466 -3.93126e-16
2.0 15.0 0.0480063 -3.93126e-16
2.0 15.0 0.0457131 -3.93126e-16
2.0 15.0 0.0453851 -3.93126e-16
2.0 15.0 0.0461199 -3.93126e-16
2.0 15.0 0.0472578 -3.93126e-16
2.0 15.0 0.0359785 -3.93126e-16
2.0 15.0 0.032942 -3.93126e-16
2.0 15.0 0.0475995 -3.93126e-16
2.0 15.0 0.0462515 -3.93126e-16
2.0 15.0 0.0472278 -3.93126e-16
2.0 15.0 0.0450304 -3.93126e-16
2.0 15.0 0.0492023 -3.93126e-16
2.0 15.0 0.0449561 -3.93126e-16
2.0 15.0 0.0413495 -3.93126e-16
2.0 15.0 0.0465552 -3.93126e-16
2.0 15.0 0.0338516 -3.93126e-16
2.0 15.0 0.0469724 -3.93126e-16
2.0 15.0 0.0461368 -3.93126e-16
2.0 15.0 0.0476285 -3.93126e-16
2.0 15.0 0.0319322 -3.93126e-16
2.0 15.0 0.0430354 -3.93126e-16
2.0 15.0 0.044602 -3.93126e-16
2.0 15.0 0.0420915 -3.93126e-16
2.0 15.0 0.0294919 -3.93126e-16
2.0 15.0 0.0365774 -3.93126e-16
2.0 15.0 0.0413976 -3.93126e-16
2.0 15.0 0.0420639 -3.93126e-16
2.0 15.0 0.0375651 -3.93126e-16
2.0 15.0 0.0487247 -3.93126e-16
2.0 15.0 0.0468951 -3.93126e-16
2.0 15.0 0.046116 -3.93126e-16
2.0 15.0 0.0486314 -3.93126e-16
2.0 15.0 0.04676 -3.93126e-16
2.0 15.0 0.0331499 -3.93126e-16
2.0 15.0 0.0462476 -3.93126e-16
2.0 15.0 0.0449384 -3.93126e-16
2.0 15.0 0.0484829 -3.93126e-16
2.0 15.0 0.048445 -3.93126e-16
2.0 15.0 0.0291231 -3.93126e-16
2.0 15.0 0.0481163 -3.93126e-16
2.0 16.0 0.0498513 -3.93126e-16
2.0 16.0 0.0493685 -3.93126e-16
2.0 16.0 0.0404295 -3.93126e-16
2.0 16.0 0.0362782 -3.93126e-16
2.0 16.0 0.0449932 -3.93126e-16
2.0 16.0 0.0331543 -3.93126e-16
2.0 16.0 0.0451327 -3.93126e-16
2.0 16.0 0.0477727 -3.93126e-16
2.0 16.0 0.0340208 -3.93126e-16
2.0 16.0 0.0470364 -3.93126e-16
2.0 16.0 0.0526478 -3.93126e-16
2.0 16.0 0.0412355 -3.93126e-16
2.0 16.0 0.0344907 -3.93126e-16
2.0 16.0 0.0480926 -3.93126e-16
2.0 16.0 0.0471357 -3.93126e-16
2.0 16.0 0.0468854 -3.93126e-16
2.0 16.0 0.0510946 -3.93126e-16
2.0 16.0 0.0374349 -3.93126e-16
2.0 16.0 0.0486283 -3.93126e-16
2.0 16.0 0.0391496 -3.93126e-16
2.0 16.0 0.0384482 -3.93126e-16
2.0 16.0 0.0349745 -3.93126e-16
2.0 16.0 0.0473019 -3.93126e-16
2.0 16.0 0.0461471 -3.93126e-16
2.0 16.0 0.0348306 -3.93126e-16
2.0 16.0 0.0461919 -3.93126e-16
2.0 16.0 0.0321386 -3.93126e-16
2.0 16.0 0.0477887 -3.93126e-16
2.0 16.0 0.0356032 -3.93126e-16
2.0 16.0 0.0486131 -3.93126e-16
2.0 16.0 0.044225 -3.93126e-16
2.0 16.0 0.0490141 -3.93126e-16
2.0 16.0 0.0571487 -3.93126e-16
2.0 16.0 0.0365847 -3.93126e-16
2.0 16.0 0.0436244 -3.93126e-16
2.0 16.0 0.0437524 -3.93126e-16
2.0 16.0 0.0402339 -3.93126e-16
2.0 16.0 0.0452538 -3.93126e-16
2.0 16.0 0.0347694 -3.93126e-16
2.0 16.0 0.0464665 -3.93126e-16
2.0 16.0 0.0461447 -3.93126e-16
2.0 16.0 0.0338584 -3.93126e-16
2.0 16.0 0.0467889 -3.93126e-16
2.0 16.0 0.0426602 -3.93126e-16
2.0 16.0 0.0500617 -3.93126e-16
2.0 16.0 0.0327059 -3.93126e-16
2.0 16.0 0.0465004 -3.93126e-16
2.0 16.0 0.0362903 -3.93126e-16
2.0 16.0 0.0374543 -3.93126e-16
2.0 16.0 0.0403311 -3.93126e-16
2.0 17.0 0.0405448 -4.9322e-17
2.0 17.0 0.0364843 -4.9322e-17
2.0 17.0 0.035813 -4.9322e-17
2.0 17.0 0.0409788 -4.9322e-17
2.0 17.0 0.0227541 -4.9322e-17
2.0 17.0 0.0395646 -4.9322e-17
2.0 17.0 0.0362871 -4.9322e-17
2.0 17.0 0.0443012 -4.9322e-17
2.0 17.0 0.0366644 -4.9322e-17
2.0 17.0 0.0282244 -4.9322e-17
2.0 17.0 0.0368842 -4.9322e-17
2.0 17.0 0.0297677 -4.9322e-17
2.0 17.0 0.0390487 -4.9322e-17
2.0 17.0 0.03623 -4.9322e-17
2.0 17.0 0.040659 -4.9322e-17
2.0 17.0 0.0284443 -4.9322e-17
2.0 17.0 0.0398332 -4.9322e-17
2.0 17.0 0.0428429 -4.9322e-17
2.0 17.0 0.042313 -4.9322e-17
2.0 17.0 0.0332076 -4.9322e-17
2.0 17.0 0.02831 -4.9322e-17
2.0 17.0 0.039101 -4.9322e-17
2.0 17.0 0.0351331 -4.9322e-17
2.0 17.0 0.0280709 -4.9322e-17
2.0 17.0 0.0398451 -4.9322e-17
2.0 17.0 0.0397946 -4.9322e-17
2.0 17.0 0.0375917 -4.9322e-17
2.0 17.0 0.0300092 -4.9322e-17
2.0 17.0 0.0309004 -4.9322e-17
2.0 17.0 0.0381686 -4.9322e-17
2.0 17.0 0.0408214 -4.9322e-17
2.0 17.0 0.0283152 -4.9322e-17
2.0 17.0 0.0407876 -4.9322e-17
2.0 17.0 0.0397584 -4.9322e-17
2.0 17.0 0.0392746 -4.9322e-17
2.0 17.0 0.0367805 -4.9322e-17
2.0 17.0 0.0393983 -4.9322e-17
2.0 17.0 0.0297879 -4.9322e-17
2.0 17.0 0.0292857 -4.9322e-17
2.0 17.0 0.0309328 -4.9322e-17
2.0 17.0 0.0322338 -4.9322e-17
2.0 17.0 0.0323929 -4.9322e-17
2.0 17.0 0.0378411 -4.9322e-17
2.0 17.0 0.0371303 -4.9322e-17
2.0 17.0 0.040803 -4.9322e-17
2.0 17.0 0.0380358 -4.9322e-17
2.0 17.0 0.0396059 -4.9322e-17
2.0 17.0 0.0365889 -4.9322e-17
2.0 17.0 0.0351151 -4.9322e-17
2.0 17.0 0.0314196 -4.9322e-17
2.0 31.0 0.0256699 -5.20211e-17
2.0 31.0 0.0251146 -5.20211e-17
2.0 31.0 0.0275712 -5.20211e-17
2.0 31.0 0.0293679 -5.20211e-17
2.0 31.0 0.0196817 -5.20211e-17
2.0 31.0 0.0282254 -5.20211e-17
2.0 31.0 0.0270091 -5.20211e-17
2.0 31.0 0.0276674 -5.20211e-17
2.0 31.0 0.0219423 -5.20211e-17
2.0 31.0 0.0264235 -5.20211e-17
2.0 31.0 0.022803 -5.20211e-17
2.0 31.0 0.0201666 -5.20211e-17
2.0 31.0 0.0281887 -5.20211e-17
2.0 31.0 0.0253213 -5.20211e-17
2.0 31.0 0.0274781 -5.20211e-17
2.0 31.0 0.0274691 -5.20211e-17
2.0 31.0 0.0274872 -5.20211e-17
2.0 31.0 0.0199408 -5.20211e-17
2.0 31.0 0.0204521 -5.20211e-17
2.0 31.0 0.027929 -5.20211e-17
2.0 31.0 0.0197279 -5.20211e-17
2.0 31.0 0.0209392 -5.20211e-17
2.0 31.0 0.0252436 -5.20211e-17
2.0 31.0 0.0255682 -5.20211e-17
2.0 31.0 0.0257736 -5.20211e-17
2.0 31.0 0.0223309 -5.20211e-17
2.0 31.0 0.0185864 -5.20211e-17
2.0 31.0 0.0258629 -5.20211e-17
2.0 31.0 0.0291887 -5.20211e-17
2.0 31.0 0.0279333 -5.20211e-17
2.0 31.0 0.0251716 -5.20211e-17
2.0 31.0 0.0190056 -5.20211e-17
2.0 31.0 0.0191376 -5.20211e-17
2.0 31.0 0.0246182 -5.20211e-17
2.0 31.0 0.0204738 -5.20211e-17
2.0 31.0 0.0209786 -5.20211e-17
2.0 31.0 0.0283876 -5.20211e-17
2.0 31.0 0.0266454 -5.20211e-17
2.0 31.0 0.0265981 -5.20211e-17
2.0 31.0 0.0253719 -5.20211e-17
2.0 31.0 0.0234318 -5.20211e-17
2.0 31.0 0.02544 -5.20211e-17
2.0 31.0 0.0293247 -5.20211e-17
2.0 31.0 0.0221117 -5.20211e-17
2.0 31.0 0.0258506 -5.20211e-17
2.0 31.0 0.0234439 -5.20211e-17
2.0 31.0 0.0281723 -5.20211e-17
2.0 31.0 0.0275253 -5.20211e-17
2.0 31.0 0.0261946 -5.20211e-17
2.0 31.0 0.0287986 -5.20211e-17
2.0 32.0 0.0229624 -5.20211e-17
2.0 32.0 0.0248584 -5.20211e-17
2.0 32.0 0.0225861 -5.20211e-17
2.0 32.0 0.0226414 -5.20211e-17
2.0 32.0 0.0221822 -5.20211e-17
2.0 32.0 0.0225465 -5.20211e-17
2.0 32.0 0.0220784 -5.20211e-17
2.0 32.0 0.0227795 -5.20211e-17
2.0 32.0 0.0226304 -5.20211e-17
2.0 32.0 0.0275251 -5.20211e-17
2.0 32.0 0.0222616 -5.20211e-17
2.0 32.0 0.0220184 -5.20211e-17
2.0 32.0 0.0225696 -5.20211e-17
2.0 32.0 0.0221399 -5.20211e-17
2.0 32.0 0.0225387 -5.20211e-17
2.0 32.0 0.0224406 -5.20211e-17
2.0 32.0 0.0224793 -5.20211e-17
2.0 32.0 0.0226128 -5.20211e-17
2.0 32.0 0.0225873 -5.20211e-17
2.0 32.0 0.0227936 -5.20211e-17
2.0 32.0 0.02266 -5.20211e-17
2.0 32.0 0.0223358 -5.20211e-17
2.0 32.0 0.0224717 -5.20211e-17
2.0 32.0 0.022514 -5.20211e-17
2.0 32.0 0.0223148 -5.20211e-17
2.0 32.0 0.0226611 -5.20211e-17
2.0 32.0 0.0221554 -5.20211e-17
2.0 32.0 0.022322 -5.20211e-17
2.0 32.0 0.0247909 -5.20211e-17
2.0 32.0 0.0221981 -5.20211e-17
2.0 32.0 0.0224488 -5.20211e-17
2.0 32.0 0.0220718 -5.20211e-17
2.0 32.0 0.0227607 -5.20211e-17
2.0 32.0 0.0221512 -5.20211e-17
2.0 32.0 0.024981 -5.20211e-17
2.0 32.0 0.0246798 -5.20211e-17
2.0 32.0 0.0220153 -5.20211e-17
2.0 32.0 0.0226828 -5.20211e-17
2.0 32.0 0.0224969 -5.20211e-17
2.0 32.0 0.0219132 -5.20211e-17
2.0 32.0 0.022311 -5.20211e-17
2.0 32.0 0.0231265 -5.20211e-17
2.0 32.0 0.0221537 -5.20211e-17
2.0 32.0 0.0219016 -5.20211e-17
2.0 32.0 0.0226249 -5.20211e-17
2.0 32.0 0.0221998 -5.20211e-17
2.0 32.0 0.0241133 -5.20211e-17
2.0 32.0 0.0223962 -5.20211e-17
2.0 32.0 0.021917 -5.20211e-17
2.0 32.0 0.0223383 -5.20211e-17
2.0 33.0 0.0218097 -5.20211e-17
2.0 33.0 0.0202757 -5.20211e-17
2.0 33.0 0.0211089 -5.20211e-17
2.0 33.0 0.0212325 -5.20211e-17
2.0 33.0 0.0211489 -5.20211e-17
2.0 33.0 0.0210689 -5.20211e-17
2.0 33.0 0.0198465 -5.20211e-17
2.0 33.0 0.0210192 -5.20211e-17
2.0 33.0 0.0213253 -5.20211e-17
2.0 33.0 0.0219125 -5.20211e-17
2.0 33.0 0.021889 -5.20211e-17
2.0 33.0 0.0220725 -5.20211e-17
2.0 33.0 0.0213125 -5.20211e-17
2.0 33.0 0.0209397 -5.20211e-17
2.0 33.0 0.0241147 -5.20211e-17
2.0 33.0 0.0200985 -5.20211e-17
2.0 33.0 0.0210863 -5.20211e-17
2.0 33.0 0.0195839 -5.20211e-17
2.0 33.0 0.0220713 -5.20211e-17
2.0 33.0 0.0202317 -5.20211e-17
2.0 33.0 0.0198831 -5.20211e-17
2.0 33.0 0.0227431 -5.20211e-17
2.0 33.0 0.0215831 -5.20211e-17
2.0 33.0 0.0217651 -5.20211e-17
2.0 33.0 0.0216023 -5.20211e-17
2.0 33.0 0.0198576 -5.20211e-17
2.0 33.0 0.0215944 -5.20211e-17
2.0 33.0 0.0200348 -5.20211e-17
2.0 33.0 0.021283 -5.20211e-17
2.0 33.0 0.0198484 -5.20211e-17
2.0 33.0 0.0215313 -5.20211e-17
2.0 33.0 0.0208945 -5.20211e-17
2.0 33.0 0.0215765 -5.20211e-17
2.0 33.0 0.019884 -5.20211e-17
2.0 33.0 0.0215571 -5.20211e-17
2.0 33.0 0.020097 -5.20211e-17
2.0 33.0 0.0219827 -5.20211e-17
2.0 33.0 0.022188 -5.20211e-17
2.0 33.0 0.021604 -5.20211e-17
2.0 33.0 0.0210083 -5.20211e-17
2.0 33.0 0.0214167 -5.20211e-17
2.0 33.0 0.0216155 -5.20211e-17
2.0 33.0 0.0217075 -5.20211e-17
2.0 33.0 0.0216905 -5.20211e-17
2.0 33.0 0.0210846 -5.20211e-17
2.0 33.0 0.0211498 -5.20211e-17
2.0 33.0 0.0216553 -5.20211e-17
2.0 33.0 0.0215678 -5.20211e-17
2.0 33.0 0.0219566 -5.20211e-17
2.0 33.0 0.0197952 -5.20211e-17
3.0 3.0 0.0412986 70.7066
3.0 3.0 0.041231 70.7066
3.0 3.0 0.0435871 70.7066
3.0 3.0 0.043698 70.7066
3.0 3.0 0.049288 70.7066
3.0 3.0 0.0441084 70.7066
3.0 3.0 0.0419111 70.7066
3.0 3.0 0.0443833 70.7066
3.0 3.0 0.0413212 70.7066
3.0 3.0 0.0427495 70.7066
3.0 3.0 0.041692 70.7066
3.0 3.0 0.0436933 70.7066
3.0 3.0 0.0447966 70.7066
3.0 3.0 0.0416247 70.7066
3.0 3.0 0.0415344 70.7066
3.0 3.0 0.0434498 70.7066
3.0 3.0 0.0412227 70.7066
3.0 3.0 0.0494208 70.7066
3.0 3.0 0.0414426 70.7066
3.0 3.0 0.0420455 70.7066
3.0 3.0 0.0417893 70.7066
3.0 3.0 0.0416476 70.7066
3.0 3.0 0.0434544 70.7066
3.0 3.0 0.0436377 70.7066
3.0 3.0 0.0444244 70.7066
3.0 3.0 0.0413891 70.7066
3.0 3.0 0.0446412 70.7066
3.0 3.0 0.0421319 70.7066
3.0 3.0 0.0416824 70.7066
3.0 3.0 0.0435181 70.7066
3.0 3.0 0.0497876 70.7066
3.0 3.0 0.0436792 70.7066
3.0 3.0 0.0417456 70.7066
3.0 3.0 0.0415089 70.7066
3.0 3.0 0.0493579 70.7066
3.0 3.0 0.044419 70.7066
3.0 3.0 0.0417737 70.7066
3.0 3.0 0.0496953 70.7066
3.0 3.0 0.0435552 70.7066
3.0 3.0 0.042219 70.7066
3.0 3.0 0.0434088 70.7066
3.0 3.0 0.0411013 70.7066
3.0 3.0 0.041691 70.7066
3.0 3.0 0.0419804 70.7066
3.0 3.0 0.043846 70.7066
3.0 3.0 0.0412367 70.7066
3.0 3.0 0.0423245 70.7066
3.0 3.0 0.0440957 70.7066
3.0 3.0 0.042444 70.7066
3.0 3.0 0.0439933 70.7066
3.0 4.0 0.0346441 70.7066
3.0 4.0 0.0346792 70.7066
3.0 4.0 0.0346983 70.7066
3.0 4.0 0.0351268 70.7066
3.0 4.0 0.0339765 70.7066
3.0 4.0 0.0341141 70.7066
3.0 4.0 0.0346247 70.7066
3.0 4.0 0.034285 70.7066
3.0 4.0 0.0341327 70.7066
3.0 4.0 0.034615 70.7066
3.0 4.0 0.0342023 70.7066
3.0 4.0 0.0349469 70.7066
3.0 4.0 0.0341977 70.7066
3.0 4.0 0.0340568 70.7066
3.0 4.0 0.0345158 70.7066
3.0 4.0 0.0351413 70.7066
3.0 4.0 0.0340791 70.7066
3.0 4.0 0.0348203 70.7066
3.0 4.0 0.0345886 70.7066
3.0 4.0 0.034688 70.7066
3.0 4.0 0.0351254 70.7066
3.0 4.0 0.0527535 70.7066
3.0 4.0 0.0347782 70.7066
3.0 4.0 0.040208 70.7066
3.0 4.0 0.0395613 70.7066
3.0 4.0 0.0346654 70.7066
3.0 4.0 0.0342551 70.7066
3.0 4.0 0.0340643 70.7066
3.0 4.0 0.0340054 70.7066
3.0 4.0 0.034361 70.7066
3.0 4.0 0.034757 70.7066
3.0 4.0 0.0340256 70.7066
3.0 4.0 0.0341732 70.7066
3.0 4.0 0.0344056 70.7066
3.0 4.0 0.0346822 70.7066
3.0 4.0 0.0343432 70.7066
3.0 4.0 0.0345446 70.7066
3.0 4.0 0.0342262 70.7066
3.0 4.0 0.0341643 70.7066
3.0 4.0 0.034393 70.7066
3.0 4.0 0.0346625 70.7066
3.0 4.0 0.0344975 70.7066
3.0 4.0 0.0340866 70.7066
3.0 4.0 0.0344586 70.7066
3.0 4.0 0.0342519 70.7066
3.0 4.0 0.0420471 70.7066
3.0 4.0 0.0346092 70.7066
3.0 4.0 0.0343843 70.7066
3.0 4.0 0.0346144 70.7066
3.0 4.0 0.0357222 70.7066
3.0 5.0 0.0467546 70.7066
3.0 5.0 0.0430345 70.7066
3.0 5.0 0.028797 70.7066
3.0 5.0 0.0455491 70.7066
3.0 5.0 0.0480039 70.7066
3.0 5.0 0.0484543 70.7066
3.0 5.0 0.046328 70.7066
3.0 5.0 0.0454853 70.7066
3.0 5.0 0.048842 70.7066
3.0 5.0 0.0510863 70.7066
3.0 5.0 0.0440812 70.7066
3.0 5.0 0.047194 70.7066
3.0 5.0 0.0496353 70.7066
3.0 5.0 0.0482158 70.7066
3.0 5.0 0.0489223 70.7066
3.0 5.0 0.0452123 70.7066
3.0 5.0 0.0475164 70.7066
3.0 5.0 0.046434 70.7066
3.0 5.0 0.0399063 70.7066
3.0 5.0 0.0481853 70.7066
3.0 5.0 0.0457808 70.7066
3.0 5.0 0.045661 70.7066
3.0 5.0 0.0280447 70.7066
3.0 5.0 0.0451864 70.7066
3.0 5.0 0.0477057 70.7066
3.0 5.0 0.0477393 70.7066
3.0 5.0 0.0470886 70.7066
3.0 5.0 0.0487487 70.7066
3.0 5.0 0.045218 70.7066
3.0 5.0 0.0475814 70.7066
3.0 5.0 0.0479467 70.7066
3.0 5.0 0.0461276 70.7066
3.0 5.0 0.0489868 70.7066
3.0 5.0 0.0428756 70.7066
3.0 5.0 0.0474311 70.7066
3.0 5.0 0.04825 70.7066
3.0 5.0 0.042303 70.7066
3.0 5.0 0.0485749 70.7066
3.0 5.0 0.0477407 70.7066
3.0 5.0 0.0451663 70.7066
3.0 5.0 0.0445639 70.7066
3.0 5.0 0.0338368 70.7066
3.0 5.0 0.0485542 70.7066
3.0 5.0 0.0488449 70.7066
3.0 5.0 0.0489579 70.7066
3.0 5.0 0.0460664 70.7066
3.0 5.0 0.0497797 70.7066
3.0 5.0 0.0476378 70.7066
3.0 5.0 0.0490632 70.7066
3.0 5.0 0.0477961 70.7066
3.0 7.0 0.0258367 70.7066
3.0 7.0 0.0334418 70.7066
3.0 7.0 0.0211567 70.7066
3.0 7.0 0.0320756 70.7066
3.0 7.0 0.0218044 70.7066
3.0 7.0 0.0286992 70.7066
3.0 7.0 0.022785 70.7066
3.0 7.0 0.0351527 70.7066
3.0 7.0 0.0320358 70.7066
3.0 7.0 0.0328679 70.7066
3.0 7.0 0.02428 70.7066
3.0 7.0 0.0340757 70.7066
3.0 7.0 0.032109 70.7066
3.0 7.0 0.0310659 70.7066
3.0 7.0 0.0248584 70.7066
3.0 7.0 0.0200033 70.7066
3.0 7.0 0.0342942 70.7066
3.0 7.0 0.0307873 70.7066
3.0 7.0 0.0243163 70.7066
3.0 7.0 0.0361799 70.7066
3.0 7.0 0.0313242 70.7066
3.0 7.0 0.0222164 70.7066
3.0 7.0 0.0323441 70.7066
3.0 7.0 0.0316299 70.7066
3.0 7.0 0.0310986 70.7066
3.0 7.0 0.0262698 70.7066
3.0 7.0 0.0314283 70.7066
3.0 7.0 0.0329618 70.7066
3.0 7.0 0.0269845 70.7066
3.0 7.0 0.0216705 70.7066
3.0 7.0 0.0224908 70.7066
3.0 7.0 0.0332699 70.7066
3.0 7.0 0.0298871 70.7066
3.0 7.0 0.0314951 70.7066
3.0 7.0 0.0312577 70.7066
3.0 7.0 0.033654 70.7066
3.0 7.0 0.0313231 70.7066
3.0 7.0 0.0300404 70.7066
3.0 7.0 0.0223672 70.7066
3.0 7.0 0.0308475 70.7066
3.0 7.0 0.0248375 70.7066
3.0 7.0 0.0325726 70.7066
3.0 7.0 0.0360571 70.7066
3.0 7.0 0.0339903 70.7066
3.0 7.0 0.0341654 70.7066
3.0 7.0 0.0315838 70.7066
3.0 7.0 0.0333635 70.7066
3.0 7.0 0.0327877 70.7066
3.0 7.0 0.0346242 70.7066
3.0 7.0 0.0230797 70.7066
3.0 8.0 0.0271518 70.7066
3.0 8.0 0.0298631 70.7066
3.0 8.0 0.0270343 70.7066
3.0 8.0 0.0218539 70.7066
3.0 8.0 0.0240293 70.7066
3.0 8.0 0.0231762 70.7066
3.0 8.0 0.0215107 70.7066
3.0 8.0 0.0310908 70.7066
3.0 8.0 0.0339097 70.7066
3.0 8.0 0.0311403 70.7066
3.0 8.0 0.0229539 70.7066
3.0 8.0 0.031819 70.7066
3.0 8.0 0.0338074 70.7066
3.0 8.0 0.0224875 70.7066
3.0 8.0 0.0272317 70.7066
3.0 8.0 0.0208815 70.7066
3.0 8.0 0.034524 70.7066
3.0 8.0 0.029232 70.7066
3.0 8.0 0.0211559 70.7066
3.0 8.0 0.0272683 70.7066
3.0 8.0 0.020645 70.7066
3.0 8.0 0.0324731 70.7066
3.0 8.0 0.0253574 70.7066
3.0 8.0 0.0299813 70.7066
3.0 8.0 0.0297246 70.7066
3.0 8.0 0.0229878 70.7066
3.0 8.0 0.0259767 70.7066
3.0 8.0 0.0298493 70.7066
3.0 8.0 0.0302155 70.7066
3.0 8.0 0.0316464 70.7066
3.0 8.0 0.027069 70.7066
3.0 8.0 0.0226524 70.7066
3.0 8.0 0.0304676 70.7066
3.0 8.0 0.0297926 70.7066
3.0 8.0 0.0340836 70.7066
3.0 8.0 0.0299221 70.7066
3.0 8.0 0.0282396 70.7066
3.0 8.0 0.0316912 70.7066
3.0 8.0 0.0371216 70.7066
3.0 8.0 0.03086 70.7066
3.0 8.0 0.0320543 70.7066
3.0 8.0 0.0234432 70.7066
3.0 8.0 0.0223064 70.7066
3.0 8.0 0.0254596 70.7066
3.0 8.0 0.0260342 70.7066
3.0 8.0 0.0195209 70.7066
3.0 8.0 0.030568 70.7066
3.0 8.0 0.0233318 70.7066
3.0 8.0 0.0289565 70.7066
3.0 8.0 0.0269339 70.7066
3.0 9.0 0.0276908 70.7066
3.0 9.0 0.0294703 70.7066
3.0 9.0 0.0291901 70.7066
3.0 9.0 0.0192396 70.7066
3.0 9.0 0.0296445 70.7066
3.0 9.0 0.0274504 70.7066
3.0 9.0 0.028992 70.7066
3.0 9.0 0.033761 70.7066
3.0 9.0 0.0272887 70.7066
3.0 9.0 0.0187087 70.7066
3.0 9.0 0.0237324 70.7066
3.0 9.0 0.0281035 70.7066
3.0 9.0 0.029194 70.7066
3.0 9.0 0.0264154 70.7066
3.0 9.0 0.0273189 70.7066
3.0 9.0 0.0304782 70.7066
3.0 9.0 0.0179427 70.7066
3.0 9.0 0.0282948 70.7066
3.0 9.0 0.0304067 70.7066
3.0 9.0 0.0317721 70.7066
3.0 9.0 0.0207467 70.7066
3.0 9.0 0.0323186 70.7066
3.0 9.0 0.0302359 70.7066
3.0 9.0 0.0275225 70.7066
3.0 9.0 0.0155761 70.7066
3.0 9.0 0.0272374 70.7066
3.0 9.0 0.0174628 70.7066
3.0 9.0 0.0278614 70.7066
3.0 9.0 0.0317338 70.7066
3.0 9.0 0.0308616 70.7066
3.0 9.0 0.0191755 70.7066
3.0 9.0 0.0299431 70.7066
3.0 9.0 0.0181667 70.7066
3.0 9.0 0.0263676 70.7066
3.0 9.0 0.0304104 70.7066
3.0 9.0 0.0293587 70.7066
3.0 9.0 0.0302795 70.7066
3.0 9.0 0.0292556 70.7066
3.0 9.0 0.0260737 70.7066
3.0 9.0 0.0316383 70.7066
3.0 9.0 0.0295505 70.7066
3.0 9.0 0.0168644 70.7066
3.0 9.0 0.0275021 70.7066
3.0 9.0 0.0199639 70.7066
3.0 9.0 0.0296323 70.7066
3.0 9.0 0.0256277 70.7066
3.0 9.0 0.0199552 70.7066
3.0 9.0 0.0221296 70.7066
3.0 9.0 0.0280432 70.7066
3.0 9.0 0.0293751 70.7066
3.0 15.0 0.0197974 70.7066
3.0 15.0 0.0186649 70.7066
3.0 15.0 0.0185129 70.7066
3.0 15.0 0.0144956 70.7066
3.0 15.0 0.0170259 70.7066
3.0 15.0 0.0196685 70.7066
3.0 15.0 0.017445 70.7066
3.0 15.0 0.0199972 70.7066
3.0 15.0 0.0210602 70.7066
3.0 15.0 0.0195664 70.7066
3.0 15.0 0.0185867 70.7066
3.0 15.0 0.0170793 70.7066
3.0 15.0 0.0172793 70.7066
3.0 15.0 0.027936 70.7066
3.0 15.0 0.0269059 70.7066
3.0 15.0 0.0194604 70.7066
3.0 15.0 0.0203957 70.7066
3.0 15.0 0.0181513 70.7066
3.0 15.0 0.0182 70.7066
3.0 15.0 0.0195517 70.7066
3.0 15.0 0.018764 70.7066
3.0 15.0 0.0183215 70.7066
3.0 15.0 0.0227272 70.7066
3.0 15.0 0.0179757 70.7066
3.0 15.0 0.0180403 70.7066
3.0 15.0 0.0279799 70.7066
3.0 15.0 0.0157254 70.7066
3.0 15.0 0.0176194 70.7066
3.0 15.0 0.0184237 70.7066
3.0 15.0 0.0128482 70.7066
3.0 15.0 0.0215131 70.7066
3.0 15.0 0.0193164 70.7066
3.0 15.0 0.0197805 70.7066
3.0 15.0 0.0220415 70.7066
3.0 15.0 0.0245565 70.7066
3.0 15.0 0.0216922 70.7066
3.0 15.0 0.0163293 70.7066
3.0 15.0 0.0252838 70.7066
3.0 15.0 0.015133 70.7066
3.0 15.0 0.0185852 70.7066
3.0 15.0 0.0175881 70.7066
3.0 15.0 0.0200066 70.7066
3.0 15.0 0.018969 70.7066
3.0 15.0 0.0209223 70.7066
3.0 15.0 0.0232695 70.7066
3.0 15.0 0.018576 70.7066
3.0 15.0 0.0190217 70.7066
3.0 15.0 0.0181374 70.7066
3.0 15.0 0.018348 70.7066
3.0 15.0 0.0111098 70.7066
3.0 16.0 0.017079 70.7066
3.0 16.0 0.0238228 70.7066
3.0 16.0 0.0144211 70.7066
3.0 16.0 0.0218019 70.7066
3.0 16.0 0.0174746 70.7066
3.0 16.0 0.0194637 70.7066
3.0 16.0 0.0202788 70.7066
3.0 16.0 0.0184288 70.7066
3.0 16.0 0.0238213 70.7066
3.0 16.0 0.0263406 70.7066
3.0 16.0 0.0153953 70.7066
3.0 16.0 0.0168165 70.7066
3.0 16.0 0.0144903 70.7066
3.0 16.0 0.0145329 70.7066
3.0 16.0 0.0219416 70.7066
3.0 16.0 0.0156304 70.7066
3.0 16.0 0.0267951 70.7066
3.0 16.0 0.0159493 70.7066
3.0 16.0 0.0242108 70.7066
3.0 16.0 0.0297985 70.7066
3.0 16.0 0.0208787 70.7066
3.0 16.0 0.0167212 70.7066
3.0 16.0 0.0168144 70.7066
3.0 16.0 0.0232261 70.7066
3.0 16.0 0.0264619 70.7066
3.0 16.0 0.0246536 70.7066
3.0 16.0 0.0257359 70.7066
3.0 16.0 0.0216005 70.7066
3.0 16.0 0.0161896 70.7066
3.0 16.0 0.0227738 70.7066
3.0 16.0 0.0195968 70.7066
3.0 16.0 0.0213814 70.7066
3.0 16.0 0.0177513 70.7066
3.0 16.0 0.0179256 70.7066
3.0 16.0 0.0238402 70.7066
3.0 16.0 0.0227104 70.7066
3.0 16.0 0.0167661 70.7066
3.0 16.0 0.0202328 70.7066
3.0 16.0 0.0153689 70.7066
3.0 16.0 0.0151729 70.7066
3.0 16.0 0.0246543 70.7066
3.0 16.0 0.017109 70.7066
3.0 16.0 0.0182067 70.7066
3.0 16.0 0.026226 70.7066
3.0 16.0 0.0224078 70.7066
3.0 16.0 0.0226256 70.7066
3.0 16.0 0.0185064 70.7066
3.0 16.0 0.0189108 70.7066
3.0 16.0 0.0228415 70.7066
3.0 16.0 0.0202041 70.7066
3.0 17.0 0.0150878 70.7066
3.0 17.0 0.0145728 70.7066
3.0 17.0 0.0230586 70.7066
3.0 17.0 0.0230942 70.7066
3.0 17.0 0.0144131 70.7066
3.0 17.0 0.0163845 70.7066
3.0 17.0 0.0225831 70.7066
3.0 17.0 0.0169718 70.7066
3.0 17.0 0.0213627 70.7066
3.0 17.0 0.0140572 70.7066
3.0 17.0 0.0148378 70.7066
3.0 17.0 0.0202746 70.7066
3.0 17.0 0.0137694 70.7066
3.0 17.0 0.013426 70.7066
3.0 17.0 0.0160451 70.7066
3.0 17.0 0.0163849 70.7066
3.0 17.0 0.0151593 70.7066
3.0 17.0 0.0214023 70.7066
3.0 17.0 0.0106552 70.7066
3.0 17.0 0.0185602 70.7066
3.0 17.0 0.0234032 70.7066
3.0 17.0 0.0224803 70.7066
3.0 17.0 0.0167408 70.7066
3.0 17.0 0.0168441 70.7066
3.0 17.0 0.0243024 70.7066
3.0 17.0 0.0196671 70.7066
3.0 17.0 0.0185605 70.7066
3.0 17.0 0.0169804 70.7066
3.0 17.0 0.0230898 70.7066
3.0 17.0 0.016623 70.7066
3.0 17.0 0.013477 70.7066
3.0 17.0 0.0172054 70.7066
3.0 17.0 0.0210671 70.7066
3.0 17.0 0.0236166 70.7066
3.0 17.0 0.0236487 70.7066
3.0 17.0 0.0244044 70.7066
3.0 17.0 0.0143292 70.7066
3.0 17.0 0.018706 70.7066
3.0 17.0 0.0155554 70.7066
3.0 17.0 0.0163745 70.7066
3.0 17.0 0.0178057 70.7066
3.0 17.0 0.0159621 70.7066
3.0 17.0 0.0242911 70.7066
3.0 17.0 0.0180199 70.7066
3.0 17.0 0.0189848 70.7066
3.0 17.0 0.0142702 70.7066
3.0 17.0 0.019156 70.7066
3.0 17.0 0.0222248 70.7066
3.0 17.0 0.0150844 70.7066
3.0 17.0 0.0202325 70.7066
3.0 31.0 0.011298 70.7066
3.0 31.0 0.0135768 70.7066
3.0 31.0 0.0151143 70.7066
3.0 31.0 0.0129806 70.7066
3.0 31.0 0.0141342 70.7066
3.0 31.0 0.0173989 70.7066
3.0 31.0 0.0156722 70.7066
3.0 31.0 0.0100953 70.7066
3.0 31.0 0.0163789 70.7066
3.0 31.0 0.0145499 70.7066
3.0 31.0 0.0133428 70.7066
3.0 31.0 0.0157813 70.7066
3.0 31.0 0.0148844 70.7066
3.0 31.0 0.0105785 70.7066
3.0 31.0 0.0123931 70.7066
3.0 31.0 0.0186765 70.7066
3.0 31.0 0.0139426 70.7066
3.0 31.0 0.0142729 70.7066
3.0 31.0 0.011478 70.7066
3.0 31.0 0.013771 70.7066
3.0 31.0 0.0141996 70.7066
3.0 31.0 0.0194317 70.7066
3.0 31.0 0.0105902 70.7066
3.0 31.0 0.0124087 70.7066
3.0 31.0 0.0100576 70.7066
3.0 31.0 0.0117711 70.7066
3.0 31.0 0.0133837 70.7066
3.0 31.0 0.0128397 70.7066
3.0 31.0 0.012424 70.7066
3.0 31.0 0.0137362 70.7066
3.0 31.0 0.014273 70.7066
3.0 31.0 0.0124652 70.7066
3.0 31.0 0.013216 70.7066
3.0 31.0 0.0126165 70.7066
3.0 31.0 0.010191 70.7066
3.0 31.0 0.0135931 70.7066
3.0 31.0 0.0141446 70.7066
3.0 31.0 0.0133311 70.7066
3.0 31.0 0.0115774 70.7066
3.0 31.0 0.0123009 70.7066
3.0 31.0 0.0147637 70.7066
3.0 31.0 0.0106474 70.7066
3.0 31.0 0.0170464 70.7066
3.0 31.0 0.0120125 70.7066
3.0 31.0 0.0138306 70.7066
3.0 31.0 0.0140524 70.7066
3.0 31.0 0.0101768 70.7066
3.0 31.0 0.0169406 70.7066
3.0 31.0 0.0129022 70.7066
3.0 31.0 0.0138813 70.7066
3.0 32.0 0.0110021 70.7066
3.0 32.0 0.0117025 70.7066
3.0 32.0 0.0116579 70.7066
3.0 32.0 0.0113735 70.7066
3.0 32.0 0.0106224 70.7066
3.0 32.0 0.0132477 70.7066
3.0 32.0 0.0110316 70.7066
3.0 32.0 0.0117622 70.7066
3.0 32.0 0.0132898 70.7066
3.0 32.0 0.011243 70.7066
3.0 32.0 0.0115739 70.7066
3.0 32.0 0.0116706 70.7066
3.0 32.0 0.00967953 70.7066
3.0 32.0 0.0165759 70.7066
3.0 32.0 0.0108982 70.7066
3.0 32.0 0.011407 70.7066
3.0 32.0 0.0116009 70.7066
3.0 32.0 0.0124092 70.7066
3.0 32.0 0.0116301 70.7066
3.0 32.0 0.0116181 70.7066
3.0 32.0 0.00991273 70.7066
3.0 32.0 0.0115776 70.7066
3.0 32.0 0.0106769 70.7066
3.0 32.0 0.0112895 70.7066
3.0 32.0 0.0113609 70.7066
3.0 32.0 0.011041 70.7066
3.0 32.0 0.0111448 70.7066
3.0 32.0 0.0108053 70.7066
3.0 32.0 0.0113478 70.7066
3.0 32.0 0.0113114 70.7066
3.0 32.0 0.0110868 70.7066
3.0 32.0 0.014521 70.7066
3.0 32.0 0.0112258 70.7066
3.0 32.0 0.0119413 70.7066
3.0 32.0 0.0112829 70.7066
3.0 32.0 0.0116884 70.7066
3.0 32.0 0.0115579 70.7066
3.0 32.0 0.0116227 70.7066
3.0 32.0 0.0114781 70.7066
3.0 32.0 0.0120247 70.7066
3.0 32.0 0.0112776 70.7066
3.0 32.0 0.0111475 70.7066
3.0 32.0 0.0117849 70.7066
3.0 32.0 0.0118971 70.7066
3.0 32.0 0.0115705 70.7066
3.0 32.0 0.0112457 70.7066
3.0 32.0 0.0110715 70.7066
3.0 32.0 0.0115134 70.7066
3.0 32.0 0.0117574 70.7066
3.0 32.0 0.0112994 70.7066
3.0 33.0 0.0101727 70.7066
3.0 33.0 0.0102628 70.7066
3.0 33.0 0.00969757 70.7066
3.0 33.0 0.0116875 70.7066
3.0 33.0 0.0106869 70.7066
3.0 33.0 0.00915004 70.7066
3.0 33.0 0.0103091 70.7066
3.0 33.0 0.0106695 70.7066
3.0 33.0 0.0110531 70.7066
3.0 33.0 0.0101987 70.7066
3.0 33.0 0.0110543 70.7066
3.0 33.0 0.00856331 70.7066
3.0 33.0 0.0103265 70.7066
3.0 33.0 0.0100435 70.7066
3.0 33.0 0.0103637 70.7066
3.0 33.0 0.0104512 70.7066
3.0 33.0 0.0103084 70.7066
3.0 33.0 0.00906769 70.7066
3.0 33.0 0.0112655 70.7066
3.0 33.0 0.0103984 70.7066
3.0 33.0 0.0105588 70.7066
3.0 33.0 0.0107175 70.7066
3.0 33.0 0.0108015 70.7066
3.0 33.0 0.00913419 70.7066
3.0 33.0 0.0111472 70.7066
3.0 33.0 0.00920348 70.7066
3.0 33.0 0.011108 70.7066
3.0 33.0 0.0113662 70.7066
3.0 33.0 0.0108135 70.7066
3.0 33.0 0.0107348 70.7066
3.0 33.0 0.0111505 70.7066
3.0 33.0 0.0110783 70.7066
3.0 33.0 0.00898288 70.7066
3.0 33.0 0.0103953 70.7066
3.0 33.0 0.0108235 70.7066
3.0 33.0 0.0106564 70.7066
3.0 33.0 0.00934214 70.7066
3.0 33.0 0.0109191 70.7066
3.0 33.0 0.00976732 70.7066
3.0 33.0 0.0111479 70.7066
3.0 33.0 0.0105548 70.7066
3.0 33.0 0.00984376 70.7066
3.0 33.0 0.00999302 70.7066
3.0 33.0 0.00907071 70.7066
3.0 33.0 0.0106838 70.7066
3.0 33.0 0.0102069 70.7066
3.0 33.0 0.0104712 70.7066
3.0 33.0 0.00910807 70.7066
3.0 33.0 0.010965 70.7066
3.0 33.0 0.00869023 70.7066
4.0 3.0 0.063652 99.9758
4.0 3.0 0.0636113 99.9758
4.0 3.0 0.060426 99.9758
4.0 3.0 0.0697121 99.9758
4.0 3.0 0.0603351 99.9758
4.0 3.0 0.0622868 99.9758
4.0 3.0 0.0645929 99.9758
4.0 3.0 0.0605299 99.9758
4.0 3.0 0.0633766 99.9758
4.0 3.0 0.0633469 99.9758
4.0 3.0 0.0607058 99.9758
4.0 3.0 0.0614595 99.9758
4.0 3.0 0.0615836 99.9758
4.0 3.0 0.0718655 99.9758
4.0 3.0 0.0637333 99.9758
4.0 3.0 0.0630475 99.9758
4.0 3.0 0.0635204 99.9758
4.0 3.0 0.0694236 99.9758
4.0 3.0 0.0631609 99.9758
4.0 3.0 0.0631218 99.9758
4.0 3.0 0.0606823 99.9758
4.0 3.0 0.063968 99.9758
4.0 3.0 0.0603833 99.9758
4.0 3.0 0.0635825 99.9758
4.0 3.0 0.0625107 99.9758
4.0 3.0 0.0612012 99.9758
4.0 3.0 0.0629735 99.9758
4.0 3.0 0.0609484 99.9758
4.0 3.0 0.0632888 99.9758
4.0 3.0 0.0610039 99.9758
4.0 3.0 0.0630326 99.9758
4.0 3.0 0.061352 99.9758
4.0 3.0 0.0613158 99.9758
4.0 3.0 0.0612342 99.9758
4.0 3.0 0.0605583 99.9758
4.0 3.0 0.0609098 99.9758
4.0 3.0 0.0611302 99.9758
4.0 3.0 0.0600737 99.9758
4.0 3.0 0.0608461 99.9758
4.0 3.0 0.0608061 99.9758
4.0 3.0 0.0633585 99.9758
4.0 3.0 0.0601118 99.9758
4.0 3.0 0.0679624 99.9758
4.0 3.0 0.0625556 99.9758
4.0 3.0 0.0609408 99.9758
4.0 3.0 0.0609071 99.9758
4.0 3.0 0.0637348 99.9758
4.0 3.0 0.0610643 99.9758
4.0 3.0 0.0602959 99.9758
4.0 3.0 0.0635276 99.9758
4.0 4.0 0.0536325 99.8673
4.0 4.0 0.0521067 99.8673
4.0 4.0 0.0518215 99.8673
4.0 4.0 0.0514518 99.8673
4.0 4.0 0.0520197 99.8673
4.0 4.0 0.0518204 99.8673
4.0 4.0 0.0517449 99.8673
4.0 4.0 0.0515395 99.8673
4.0 4.0 0.0518919 99.8673
4.0 4.0 0.0511763 99.8673
4.0 4.0 0.0510475 99.8673
4.0 4.0 0.0509911 99.8673
4.0 4.0 0.0522121 99.8673
4.0 4.0 0.0519895 99.8673
4.0 4.0 0.0522834 99.8673
4.0 4.0 0.0516508 99.8673
4.0 4.0 0.0518872 99.8673
4.0 4.0 0.0514238 99.8673
4.0 4.0 0.0512463 99.8673
4.0 4.0 0.05164 99.8673
4.0 4.0 0.058673 99.8673
4.0 4.0 0.0515041 99.8673
4.0 4.0 0.0562962 99.8673
4.0 4.0 0.0515929 99.8673
4.0 4.0 0.0512582 99.8673
4.0 4.0 0.0511711 99.8673
4.0 4.0 0.0512353 99.8673
4.0 4.0 0.0513301 99.8673
4.0 4.0 0.0521669 99.8673
4.0 4.0 0.0517668 99.8673
4.0 4.0 0.0513505 99.8673
4.0 4.0 0.0518848 99.8673
4.0 4.0 0.0512931 99.8673
4.0 4.0 0.0512514 99.8673
4.0 4.0 0.0520814 99.8673
4.0 4.0 0.0533747 99.8673
4.0 4.0 0.0516941 99.8673
4.0 4.0 0.0518398 99.8673
4.0 4.0 0.0515427 99.8673
4.0 4.0 0.051553 99.8673
4.0 4.0 0.051284 99.8673
4.0 4.0 0.0512477 99.8673
4.0 4.0 0.0586935 99.8673
4.0 4.0 0.0519008 99.8673
4.0 4.0 0.0516035 99.8673
4.0 4.0 0.0517982 99.8673
4.0 4.0 0.0517675 99.8673
4.0 4.0 0.052441 99.8673
4.0 4.0 0.0586043 99.8673
4.0 4.0 0.0517649 99.8673
4.0 5.0 0.0767118 99.9388
4.0 5.0 0.0775794 99.9388
4.0 5.0 0.0767817 99.9388
4.0 5.0 0.0705842 99.9388
4.0 5.0 0.0709087 99.9388
4.0 5.0 0.0444613 99.9388
4.0 5.0 0.0758802 99.9388
4.0 5.0 0.0468738 99.9388
4.0 5.0 0.0501687 99.9388
4.0 5.0 0.0457413 99.9388
4.0 5.0 0.0709623 99.9388
4.0 5.0 0.0474317 99.9388
4.0 5.0 0.0454797 99.9388
4.0 5.0 0.0783056 99.9388
4.0 5.0 0.0471419 99.9388
4.0 5.0 0.0460226 99.9388
4.0 5.0 0.0766102 99.9388
4.0 5.0 0.0716323 99.9388
4.0 5.0 0.0759707 99.9388
4.0 5.0 0.0728567 99.9388
4.0 5.0 0.0763944 99.9388
4.0 5.0 0.0704447 99.9388
4.0 5.0 0.0720486 99.9388
4.0 5.0 0.0721603 99.9388
4.0 5.0 0.0474953 99.9388
4.0 5.0 0.0762756 99.9388
4.0 5.0 0.0754488 99.9388
4.0 5.0 0.0716729 99.9388
4.0 5.0 0.049207 99.9388
4.0 5.0 0.0502941 99.9388
4.0 5.0 0.0723184 99.9388
4.0 5.0 0.0758321 99.9388
4.0 5.0 0.0708721 99.9388
4.0 5.0 0.0701827 99.9388
4.0 5.0 0.0703843 99.9388
4.0 5.0 0.0721228 99.9388
4.0 5.0 0.0713098 99.9388
4.0 5.0 0.0714678 99.9388
4.0 5.0 0.0722205 99.9388
4.0 5.0 0.0766226 99.9388
4.0 5.0 0.0477125 99.9388
4.0 5.0 0.0687265 99.9388
4.0 5.0 0.0449812 99.9388
4.0 5.0 0.0721224 99.9388
4.0 5.0 0.0763541 99.9388
4.0 5.0 0.0753514 99.9388
4.0 5.0 0.0763196 99.9388
4.0 5.0 0.0450126 99.9388
4.0 5.0 0.0770465 99.9388
4.0 5.0 0.0756246 99.9388
4.0 7.0 0.0347549 99.855
4.0 7.0 0.0349916 99.855
4.0 7.0 0.0478503 99.855
4.0 7.0 0.0326739 99.855
4.0 7.0 0.0333136 99.855
4.0 7.0 0.0307601 99.855
4.0 7.0 0.0279665 99.855
4.0 7.0 0.0482989 99.855
4.0 7.0 0.0487683 99.855
4.0 7.0 0.0477086 99.855
4.0 7.0 0.0480832 99.855
4.0 7.0 0.0485218 99.855
4.0 7.0 0.0441071 99.855
4.0 7.0 0.0282605 99.855
4.0 7.0 0.047713 99.855
4.0 7.0 0.030476 99.855
4.0 7.0 0.0335177 99.855
4.0 7.0 0.0465594 99.855
4.0 7.0 0.0330634 99.855
4.0 7.0 0.0359034 99.855
4.0 7.0 0.0336331 99.855
4.0 7.0 0.0321417 99.855
4.0 7.0 0.0304937 99.855
4.0 7.0 0.0300575 99.855
4.0 7.0 0.0472772 99.855
4.0 7.0 0.0334524 99.855
4.0 7.0 0.0320992 99.855
4.0 7.0 0.0470485 99.855
4.0 7.0 0.0481332 99.855
4.0 7.0 0.0301762 99.855
4.0 7.0 0.03253 99.855
4.0 7.0 0.046693 99.855
4.0 7.0 0.047072 99.855
4.0 7.0 0.0469785 99.855
4.0 7.0 0.0476387 99.855
4.0 7.0 0.0318047 99.855
4.0 7.0 0.0321456 99.855
4.0 7.0 0.0302249 99.855
4.0 7.0 0.0318788 99.855
4.0 7.0 0.0466642 99.855
4.0 7.0 0.0296952 99.855
4.0 7.0 0.0305593 99.855
4.0 7.0 0.0306 99.855
4.0 7.0 0.0351539 99.855
4.0 7.0 0.0479479 99.855
4.0 7.0 0.0337573 99.855
4.0 7.0 0.0322171 99.855
4.0 7.0 0.0461686 99.855
4.0 7.0 0.0312748 99.855
4.0 7.0 0.0319539 99.855
4.0 8.0 0.0304452 99.882
4.0 8.0 0.0456933 99.882
4.0 8.0 0.0281541 99.882
4.0 8.0 0.0448819 99.882
4.0 8.0 0.0461951 99.882
4.0 8.0 0.0361748 99.882
4.0 8.0 0.041098 99.882
4.0 8.0 0.0472402 99.882
4.0 8.0 0.0438726 99.882
4.0 8.0 0.0429487 99.882
4.0 8.0 0.0382805 99.882
4.0 8.0 0.0294011 99.882
4.0 8.0 0.0421308 99.882
4.0 8.0 0.0491701 99.882
4.0 8.0 0.0483772 99.882
4.0 8.0 0.0447618 99.882
4.0 8.0 0.0404297 99.882
4.0 8.0 0.0285487 99.882
4.0 8.0 0.0273196 99.882
4.0 8.0 0.0312913 99.882
4.0 8.0 0.0459698 99.882
4.0 8.0 0.0476373 99.882
4.0 8.0 0.0251661 99.882
4.0 8.0 0.0441766 99.882
4.0 8.0 0.0312042 99.882
4.0 8.0 0.0430104 99.882
4.0 8.0 0.0444275 99.882
4.0 8.0 0.0510549 99.882
4.0 8.0 0.0426002 99.882
4.0 8.0 0.0302771 99.882
4.0 8.0 0.0423972 99.882
4.0 8.0 0.029677 99.882
4.0 8.0 0.0434742 99.882
4.0 8.0 0.0432558 99.882
4.0 8.0 0.0294694 99.882
4.0 8.0 0.0431704 99.882
4.0 8.0 0.0292084 99.882
4.0 8.0 0.0428891 99.882
4.0 8.0 0.036082 99.882
4.0 8.0 0.0432358 99.882
4.0 8.0 0.0434196 99.882
4.0 8.0 0.0280036 99.882
4.0 8.0 0.0432499 99.882
4.0 8.0 0.0433479 99.882
4.0 8.0 0.0454736 99.882
4.0 8.0 0.0360334 99.882
4.0 8.0 0.0429252 99.882
4.0 8.0 0.0526212 99.882
4.0 8.0 0.0422842 99.882
4.0 8.0 0.0315348 99.882
4.0 9.0 0.0383882 99.8551
4.0 9.0 0.0357594 99.8551
4.0 9.0 0.0384552 99.8551
4.0 9.0 0.0265976 99.8551
4.0 9.0 0.0376076 99.8551
4.0 9.0 0.0236428 99.8551
4.0 9.0 0.035561 99.8551
4.0 9.0 0.0388 99.8551
4.0 9.0 0.0269256 99.8551
4.0 9.0 0.0362048 99.8551
4.0 9.0 0.0386926 99.8551
4.0 9.0 0.0381457 99.8551
4.0 9.0 0.0388173 99.8551
4.0 9.0 0.0247718 99.8551
4.0 9.0 0.0363527 99.8551
4.0 9.0 0.0390485 99.8551
4.0 9.0 0.0354928 99.8551
4.0 9.0 0.038101 99.8551
4.0 9.0 0.0238856 99.8551
4.0 9.0 0.0378997 99.8551
4.0 9.0 0.0392429 99.8551
4.0 9.0 0.0383079 99.8551
4.0 9.0 0.0246975 99.8551
4.0 9.0 0.0367885 99.8551
4.0 9.0 0.0370509 99.8551
4.0 9.0 0.0393575 99.8551
4.0 9.0 0.0329118 99.8551
4.0 9.0 0.0391578 99.8551
4.0 9.0 0.0341597 99.8551
4.0 9.0 0.0387371 99.8551
4.0 9.0 0.0382828 99.8551
4.0 9.0 0.0274115 99.8551
4.0 9.0 0.0361016 99.8551
4.0 9.0 0.0336788 99.8551
4.0 9.0 0.0380462 99.8551
4.0 9.0 0.0386285 99.8551
4.0 9.0 0.0257596 99.8551
4.0 9.0 0.0353323 99.8551
4.0 9.0 0.0291803 99.8551
4.0 9.0 0.0386307 99.8551
4.0 9.0 0.0331675 99.8551
4.0 9.0 0.0255627 99.8551
4.0 9.0 0.0379136 99.8551
4.0 9.0 0.0263867 99.8551
4.0 9.0 0.0341474 99.8551
4.0 9.0 0.0235968 99.8551
4.0 9.0 0.0391532 99.8551
4.0 9.0 0.0385914 99.8551
4.0 9.0 0.0347804 99.8551
4.0 9.0 0.0262403 99.8551
4.0 15.0 0.017841 99.6486
4.0 15.0 0.0203568 99.6486
4.0 15.0 0.0213104 99.6486
4.0 15.0 0.0204059 99.6486
4.0 15.0 0.0203477 99.6486
4.0 15.0 0.0202007 99.6486
4.0 15.0 0.0204034 99.6486
4.0 15.0 0.0205037 99.6486
4.0 15.0 0.017845 99.6486
4.0 15.0 0.0220169 99.6486
4.0 15.0 0.020347 99.6486
4.0 15.0 0.0187246 99.6486
4.0 15.0 0.0187725 99.6486
4.0 15.0 0.0221454 99.6486
4.0 15.0 0.0194687 99.6486
4.0 15.0 0.0172523 99.6486
4.0 15.0 0.016013 99.6486
4.0 15.0 0.0205256 99.6486
4.0 15.0 0.0195131 99.6486
4.0 15.0 0.020432 99.6486
4.0 15.0 0.017117 99.6486
4.0 15.0 0.020193 99.6486
4.0 15.0 0.017429 99.6486
4.0 15.0 0.014686 99.6486
4.0 15.0 0.0221194 99.6486
4.0 15.0 0.0206094 99.6486
4.0 15.0 0.0204604 99.6486
4.0 15.0 0.0201817 99.6486
4.0 15.0 0.0179728 99.6486
4.0 15.0 0.0190169 99.6486
4.0 15.0 0.01779 99.6486
4.0 15.0 0.0160229 99.6486
4.0 15.0 0.0214686 99.6486
4.0 15.0 0.0202109 99.6486
4.0 15.0 0.016372 99.6486
4.0 15.0 0.014925 99.6486
4.0 15.0 0.0178987 99.6486
4.0 15.0 0.0188252 99.6486
4.0 15.0 0.0176118 99.6486
4.0 15.0 0.019289 99.6486
4.0 15.0 0.0204332 99.6486
4.0 15.0 0.0168146 99.6486
4.0 15.0 0.0161288 99.6486
4.0 15.0 0.0204319 99.6486
4.0 15.0 0.0151607 99.6486
4.0 15.0 0.0203455 99.6486
4.0 15.0 0.0218676 99.6486
4.0 15.0 0.0157386 99.6486
4.0 15.0 0.0190032 99.6486
4.0 15.0 0.0154119 99.6486
4.0 16.0 0.0197795 99.6486
4.0 16.0 0.0206041 99.6486
4.0 16.0 0.0168488 99.6486
4.0 16.0 0.017619 99.6486
4.0 16.0 0.0173872 99.6486
4.0 16.0 0.0159465 99.6486
4.0 16.0 0.0164571 99.6486
4.0 16.0 0.016534 99.6486
4.0 16.0 0.0188869 99.6486
4.0 16.0 0.0165078 99.6486
4.0 16.0 0.0158854 99.6486
4.0 16.0 0.0170141 99.6486
4.0 16.0 0.0195159 99.6486
4.0 16.0 0.0184743 99.6486
4.0 16.0 0.0180476 99.6486
4.0 16.0 0.0242561 99.6486
4.0 16.0 0.0188362 99.6486
4.0 16.0 0.0181444 99.6486
4.0 16.0 0.0201987 99.6486
4.0 16.0 0.0160771 99.6486
4.0 16.0 0.0193606 99.6486
4.0 16.0 0.0172598 99.6486
4.0 16.0 0.0183689 99.6486
4.0 16.0 0.0148498 99.6486
4.0 16.0 0.0178305 99.6486
4.0 16.0 0.0165264 99.6486
4.0 16.0 0.0183033 99.6486
4.0 16.0 0.0159055 99.6486
4.0 16.0 0.018314 99.6486
4.0 16.0 0.0175442 99.6486
4.0 16.0 0.0185204 99.6486
4.0 16.0 0.0186838 99.6486
4.0 16.0 0.0191333 99.6486
4.0 16.0 0.0201558 99.6486
4.0 16.0 0.0179737 99.6486
4.0 16.0 0.011772 99.6486
4.0 16.0 0.0159711 99.6486
4.0 16.0 0.0189697 99.6486
4.0 16.0 0.0180139 99.6486
4.0 16.0 0.0192435 99.6486
4.0 16.0 0.0197283 99.6486
4.0 16.0 0.0198247 99.6486
4.0 16.0 0.0195179 99.6486
4.0 16.0 0.0186173 99.6486
4.0 16.0 0.0157956 99.6486
4.0 16.0 0.0116059 99.6486
4.0 16.0 0.0170239 99.6486
4.0 16.0 0.0201387 99.6486
4.0 16.0 0.0180912 99.6486
4.0 16.0 0.0169956 99.6486
4.0 17.0 0.0193884 99.747
4.0 17.0 0.0172052 99.747
4.0 17.0 0.0259814 99.747
4.0 17.0 0.0161442 99.747
4.0 17.0 0.0175668 99.747
4.0 17.0 0.0148924 99.747
4.0 17.0 0.0165786 99.747
4.0 17.0 0.0160752 99.747
4.0 17.0 0.0272928 99.747
4.0 17.0 0.0229583 99.747
4.0 17.0 0.0183278 99.747
4.0 17.0 0.0260937 99.747
4.0 17.0 0.0179571 99.747
4.0 17.0 0.0180641 99.747
4.0 17.0 0.014281 99.747
4.0 17.0 0.0248468 99.747
4.0 17.0 0.025661 99.747
4.0 17.0 0.0202694 99.747
4.0 17.0 0.0217364 99.747
4.0 17.0 0.022746 99.747
4.0 17.0 0.0164383 99.747
4.0 17.0 0.0148171 99.747
4.0 17.0 0.0189417 99.747
4.0 17.0 0.0161387 99.747
4.0 17.0 0.0180976 99.747
4.0 17.0 0.0218837 99.747
4.0 17.0 0.0233233 99.747
4.0 17.0 0.0207042 99.747
4.0 17.0 0.0211772 99.747
4.0 17.0 0.014087 99.747
4.0 17.0 0.0166507 99.747
4.0 17.0 0.0173319 99.747
4.0 17.0 0.0162343 99.747
4.0 17.0 0.021013 99.747
4.0 17.0 0.0179925 99.747
4.0 17.0 0.0220175 99.747
4.0 17.0 0.0213189 99.747
4.0 17.0 0.0178394 99.747
4.0 17.0 0.0277301 99.747
4.0 17.0 0.0131171 99.747
4.0 17.0 0.0200028 99.747
4.0 17.0 0.0178282 99.747
4.0 17.0 0.0204724 99.747
4.0 17.0 0.017354 99.747
4.0 17.0 0.0176302 99.747
4.0 17.0 0.0151297 99.747
4.0 17.0 0.0238787 99.747
4.0 17.0 0.0206308 99.747
4.0 17.0 0.0186851 99.747
4.0 17.0 0.0150561 99.747
4.0 31.0 0.0151371 97.7841
4.0 31.0 0.0174475 97.7841
4.0 31.0 0.0145566 97.7841
4.0 31.0 0.0138417 97.7841
4.0 31.0 0.0143808 97.7841
4.0 31.0 0.0141742 97.7841
4.0 31.0 0.0198031 97.7841
4.0 31.0 0.0155531 97.7841
4.0 31.0 0.0205294 97.7841
4.0 31.0 0.0127644 97.7841
4.0 31.0 0.0124542 97.7841
4.0 31.0 0.0129297 97.7841
4.0 31.0 0.015147 97.7841
4.0 31.0 0.015422 97.7841
4.0 31.0 0.0128874 97.7841
4.0 31.0 0.014335 97.7841
4.0 31.0 0.0216391 97.7841
4.0 31.0 0.010576 97.7841
4.0 31.0 0.021477 97.7841
4.0 31.0 0.0107618 97.7841
4.0 31.0 0.0162363 97.7841
4.0 31.0 0.0118481 97.7841
4.0 31.0 0.0221365 97.7841
4.0 31.0 0.0108835 97.7841
4.0 31.0 0.0220055 97.7841
4.0 31.0 0.0155646 97.7841
4.0 31.0 0.0174366 97.7841
4.0 31.0 0.019826 97.7841
4.0 31.0 0.0238701 97.7841
4.0 31.0 0.0199241 97.7841
4.0 31.0 0.00971707 97.7841
4.0 31.0 0.0227156 97.7841
4.0 31.0 0.0170293 97.7841
4.0 31.0 0.0123153 97.7841
4.0 31.0 0.016052 97.7841
4.0 31.0 0.0181243 97.7841
4.0 31.0 0.0206034 97.7841
4.0 31.0 0.0167795 97.7841
4.0 31.0 0.0178456 97.7841
4.0 31.0 0.0194293 97.7841
4.0 31.0 0.0204451 97.7841
4.0 31.0 0.0216417 97.7841
4.0 31.0 0.0181076 97.7841
4.0 31.0 0.0182767 97.7841
4.0 31.0 0.0119743 97.7841
4.0 31.0 0.0202188 97.7841
4.0 31.0 0.0204252 97.7841
4.0 31.0 0.0207342 97.7841
4.0 31.0 0.0124446 97.7841
4.0 31.0 0.016561 97.7841
4.0 32.0 0.0149732 97.7841
4.0 32.0 0.014437 97.7841
4.0 32.0 0.0155587 97.7841
4.0 32.0 0.0145358 97.7841
4.0 32.0 0.0151916 97.7841
4.0 32.0 0.0149693 97.7841
4.0 32.0 0.0149596 97.7841
4.0 32.0 0.0151266 97.7841
4.0 32.0 0.0138078 97.7841
4.0 32.0 0.0143666 97.7841
4.0 32.0 0.0161937 97.7841
4.0 32.0 0.014961 97.7841
4.0 32.0 0.0146201 97.7841
4.0 32.0 0.0162095 97.7841
4.0 32.0 0.0139831 97.7841
4.0 32.0 0.0146947 97.7841
4.0 32.0 0.0141937 97.7841
4.0 32.0 0.0151832 97.7841
4.0 32.0 0.0144454 97.7841
4.0 32.0 0.0193198 97.7841
4.0 32.0 0.0146119 97.7841
4.0 32.0 0.0147036 97.7841
4.0 32.0 0.0153515 97.7841
4.0 32.0 0.0140071 97.7841
4.0 32.0 0.0145444 97.7841
4.0 32.0 0.0134079 97.7841
4.0 32.0 0.0135221 97.7841
4.0 32.0 0.0147747 97.7841
4.0 32.0 0.0141997 97.7841
4.0 32.0 0.0168577 97.7841
4.0 32.0 0.0146642 97.7841
4.0 32.0 0.0167417 97.7841
4.0 32.0 0.0151506 97.7841
4.0 32.0 0.0147004 97.7841
4.0 32.0 0.0208341 97.7841
4.0 32.0 0.0163532 97.7841
4.0 32.0 0.0148244 97.7841
4.0 32.0 0.0147518 97.7841
4.0 32.0 0.0124995 97.7841
4.0 32.0 0.0152154 97.7841
4.0 32.0 0.0149996 97.7841
4.0 32.0 0.0163164 97.7841
4.0 32.0 0.0139711 97.7841
4.0 32.0 0.0152608 97.7841
4.0 32.0 0.0117464 97.7841
4.0 32.0 0.0147974 97.7841
4.0 32.0 0.0141578 97.7841
4.0 32.0 0.0130264 97.7841
4.0 32.0 0.0151654 97.7841
4.0 32.0 0.0147526 97.7841
4.0 33.0 0.0125145 97.7841
4.0 33.0 0.0141029 97.7841
4.0 33.0 0.0149088 97.7841
4.0 33.0 0.0129452 97.7841
4.0 33.0 0.0123798 97.7841
4.0 33.0 0.0147154 97.7841
4.0 33.0 0.014202 97.7841
4.0 33.0 0.0140523 97.7841
4.0 33.0 0.0152042 97.7841
4.0 33.0 0.0142404 97.7841
4.0 33.0 0.0143405 97.7841
4.0 33.0 0.0141591 97.7841
4.0 33.0 0.0146798 97.7841
4.0 33.0 0.0124852 97.7841
4.0 33.0 0.0140662 97.7841
4.0 33.0 0.0138905 97.7841
4.0 33.0 0.0143348 97.7841
4.0 33.0 0.0139979 97.7841
4.0 33.0 0.0143318 97.7841
4.0 33.0 0.0141271 97.7841
4.0 33.0 0.0142789 97.7841
4.0 33.0 0.0133931 97.7841
4.0 33.0 0.0134231 97.7841
4.0 33.0 0.0148827 97.7841
4.0 33.0 0.0139781 97.7841
4.0 33.0 0.0141633 97.7841
4.0 33.0 0.0123526 97.7841
4.0 33.0 0.0132579 97.7841
4.0 33.0 0.012402 97.7841
4.0 33.0 0.0177472 97.7841
4.0 33.0 0.0138496 97.7841
4.0 33.0 0.0133367 97.7841
4.0 33.0 0.0131656 97.7841
4.0 33.0 0.0135202 97.7841
4.0 33.0 0.0139897 97.7841
4.0 33.0 0.0140846 97.7841
4.0 33.0 0.012979 97.7841
4.0 33.0 0.0144069 97.7841
4.0 33.0 0.0146832 97.7841
4.0 33.0 0.0134976 97.7841
4.0 33.0 0.0138692 97.7841
4.0 33.0 0.0134426 97.7841
4.0 33.0 0.0143381 97.7841
4.0 33.0 0.0145139 97.7841
4.0 33.0 0.0138034 97.7841
4.0 33.0 0.0142323 97.7841
4.0 33.0 0.014019 97.7841
4.0 33.0 0.0140543 97.7841
4.0 33.0 0.0132018 97.7841
4.0 33.0 0.0132934 97.7841
5.0 3.0 18.2123 26.4983
5.0 3.0 18.198 26.4983
5.0 3.0 18.144 26.4983
5.0 3.0 18.1314 26.4983
5.0 3.0 18.1464 26.4983
5.0 3.0 18.2677 26.4983
5.0 3.0 18.2317 26.4983
5.0 3.0 18.1554 26.4983
5.0 3.0 18.2113 26.4983
5.0 3.0 18.3832 26.4983
5.0 3.0 18.2199 26.4983
5.0 3.0 18.1486 26.4983
5.0 3.0 18.2158 26.4983
5.0 3.0 18.1477 26.4983
5.0 3.0 18.2268 26.4983
5.0 3.0 18.1644 26.4983
5.0 3.0 18.159 26.4983
5.0 3.0 18.2432 26.4983
5.0 3.0 18.1501 26.4983
5.0 3.0 18.1373 26.4983
5.0 3.0 18.2335 26.4983
5.0 3.0 18.203 26.4983
5.0 3.0 18.2175 26.4983
5.0 3.0 18.1344 26.4983
5.0 3.0 18.2217 26.4983
5.0 3.0 18.1559 26.4983
5.0 3.0 18.1395 26.4983
5.0 3.0 18.1488 26.4983
5.0 3.0 18.1617 26.4983
5.0 3.0 18.2254 26.4983
5.0 3.0 18.2261 26.4983
5.0 3.0 18.1429 26.4983
5.0 3.0 18.1477 26.4983
5.0 3.0 18.1568 26.4983
5.0 3.0 18.14 26.4983
5.0 3.0 18.1337 26.4983
5.0 3.0 18.1494 26.4983
5.0 3.0 18.2311 26.4983
5.0 3.0 18.1475 26.4983
5.0 3.0 18.1456 26.4983
5.0 3.0 18.2327 26.4983
5.0 3.0 18.1391 26.4983
5.0 3.0 18.1619 26.4983
5.0 3.0 18.2337 26.4983
5.0 3.0 18.2422 26.4983
5.0 3.0 18.1468 26.4983
5.0 3.0 18.2304 26.4983
5.0 3.0 18.1532 26.4983
5.0 3.0 18.2259 26.4983
5.0 3.0 18.2357 26.4983
5.0 4.0 13.8135 26.4931
5.0 4.0 13.806 26.4931
5.0 4.0 13.804 26.4931
5.0 4.0 13.8098 26.4931
5.0 4.0 13.8098 26.4931
5.0 4.0 13.8077 26.4931
5.0 4.0 13.8203 26.4931
5.0 4.0 13.8037 26.4931
5.0 4.0 14.3176 26.4931
5.0 4.0 13.7917 26.4931
5.0 4.0 13.7967 26.4931
5.0 4.0 13.8078 26.4931
5.0 4.0 13.8028 26.4931
5.0 4.0 13.8024 26.4931
5.0 4.0 13.81 26.4931
5.0 4.0 13.81 26.4931
5.0 4.0 13.8054 26.4931
5.0 4.0 13.8041 26.4931
5.0 4.0 13.8037 26.4931
5.0 4.0 13.7979 26.4931
5.0 4.0 13.8167 26.4931
5.0 4.0 14.2331 26.4931
5.0 4.0 13.7939 26.4931
5.0 4.0 13.8126 26.4931
5.0 4.0 13.7991 26.4931
5.0 4.0 13.8086 26.4931
5.0 4.0 13.807 26.4931
5.0 4.0 13.8072 26.4931
5.0 4.0 13.8205 26.4931
5.0 4.0 13.8063 26.4931
5.0 4.0 13.8062 26.4931
5.0 4.0 13.8051 26.4931
5.0 4.0 13.8111 26.4931
5.0 4.0 13.8112 26.4931
5.0 4.0 13.8097 26.4931
5.0 4.0 13.8102 26.4931
5.0 4.0 13.7931 26.4931
5.0 4.0 14.2962 26.4931
5.0 4.0 13.8003 26.4931
5.0 4.0 13.7974 26.4931
5.0 4.0 13.8075 26.4931
5.0 4.0 13.8045 26.4931
5.0 4.0 13.8096 26.4931
5.0 4.0 13.8012 26.4931
5.0 4.0 13.8036 26.4931
5.0 4.0 13.8023 26.4931
5.0 4.0 13.8041 26.4931
5.0 4.0 13.805 26.4931
5.0 4.0 13.8117 26.4931
5.0 4.0 13.81 26.4931
5.0 5.0 11.2326 26.4778
5.0 5.0 11.1577 26.4778
5.0 5.0 11.1389 26.4778
5.0 5.0 11.0934 26.4778
5.0 5.0 11.1379 26.4778
5.0 5.0 11.1029 26.4778
5.0 5.0 11.1405 26.4778
5.0 5.0 11.175 26.4778
5.0 5.0 11.1562 26.4778
5.0 5.0 11.1137 26.4778
5.0 5.0 11.1414 26.4778
5.0 5.0 11.2328 26.4778
5.0 5.0 11.1856 26.4778
5.0 5.0 11.1295 26.4778
5.0 5.0 12.2411 26.4778
5.0 5.0 11.1636 26.4778
5.0 5.0 12.0167 26.4778
5.0 5.0 11.1561 26.4778
5.0 5.0 11.1992 26.4778
5.0 5.0 11.1631 26.4778
5.0 5.0 11.1466 26.4778
5.0 5.0 11.0929 26.4778
5.0 5.0 11.3031 26.4778
5.0 5.0 11.1156 26.4778
5.0 5.0 11.1506 26.4778
5.0 5.0 11.0928 26.4778
5.0 5.0 11.2642 26.4778
5.0 5.0 11.152 26.4778
5.0 5.0 11.1397 26.4778
5.0 5.0 11.2141 26.4778
5.0 5.0 11.2046 26.4778
5.0 5.0 11.0725 26.4778
5.0 5.0 11.1482 26.4778
5.0 5.0 11.0719 26.4778
5.0 5.0 11.08 26.4778
5.0 5.0 11.1844 26.4778
5.0 5.0 11.1341 26.4778
5.0 5.0 11.1611 26.4778
5.0 5.0 11.2145 26.4778
5.0 5.0 12.2417 26.4778
5.0 5.0 11.1202 26.4778
5.0 5.0 11.1632 26.4778
5.0 5.0 11.1221 26.4778
5.0 5.0 11.279 26.4778
5.0 5.0 11.1497 26.4778
5.0 5.0 11.116 26.4778
5.0 5.0 11.1463 26.4778
5.0 5.0 11.2642 26.4778
5.0 5.0 11.0668 26.4778
5.0 5.0 11.9798 26.4778
5.0 7.0 7.76764 26.4917
5.0 7.0 7.89122 26.4917
5.0 7.0 7.79463 26.4917
5.0 7.0 7.93398 26.4917
5.0 7.0 7.95742 26.4917
5.0 7.0 8.57631 26.4917
5.0 7.0 7.79176 26.4917
5.0 7.0 7.88276 26.4917
5.0 7.0 7.75076 26.4917
5.0 7.0 7.93408 26.4917
5.0 7.0 7.77604 26.4917
5.0 7.0 7.89095 26.4917
5.0 7.0 7.89407 26.4917
5.0 7.0 7.90883 26.4917
5.0 7.0 8.08178 26.4917
5.0 7.0 7.87656 26.4917
5.0 7.0 7.92315 26.4917
5.0 7.0 7.785 26.4917
5.0 7.0 7.89701 26.4917
5.0 7.0 8.63873 26.4917
5.0 7.0 7.92884 26.4917
5.0 7.0 7.79545 26.4917
5.0 7.0 7.73589 26.4917
5.0 7.0 8.03701 26.4917
5.0 7.0 7.76355 26.4917
5.0 7.0 7.77927 26.4917
5.0 7.0 7.9249 26.4917
5.0 7.0 8.07309 26.4917
5.0 7.0 7.78181 26.4917
5.0 7.0 7.92966 26.4917
5.0 7.0 7.79313 26.4917
5.0 7.0 7.88299 26.4917
5.0 7.0 7.95135 26.4917
5.0 7.0 8.56924 26.4917
5.0 7.0 7.94421 26.4917
5.0 7.0 7.80154 26.4917
5.0 7.0 7.88435 26.4917
5.0 7.0 7.74578 26.4917
5.0 7.0 8.66976 26.4917
5.0 7.0 7.77329 26.4917
5.0 7.0 7.90158 26.4917
5.0 7.0 7.91262 26.4917
5.0 7.0 7.78091 26.4917
5.0 7.0 7.94613 26.4917
5.0 7.0 7.92236 26.4917
5.0 7.0 7.90789 26.4917
5.0 7.0 7.93328 26.4917
5.0 7.0 7.9218 26.4917
5.0 7.0 8.67152 26.4917
5.0 7.0 7.78689 26.4917
5.0 8.0 6.70043 26.4321
5.0 8.0 6.64917 26.4321
5.0 8.0 6.65088 26.4321
5.0 8.0 6.90869 26.4321
5.0 8.0 6.81798 26.4321
5.0 8.0 6.65575 26.4321
5.0 8.0 6.78893 26.4321
5.0 8.0 6.74964 26.4321
5.0 8.0 6.77657 26.4321
5.0 8.0 7.38849 26.4321
5.0 8.0 6.76121 26.4321
5.0 8.0 7.36272 26.4321
5.0 8.0 6.82794 26.4321
5.0 8.0 6.7493 26.4321
5.0 8.0 6.6994 26.4321
5.0 8.0 6.79416 26.4321
5.0 8.0 6.83001 26.4321
5.0 8.0 6.86427 26.4321
5.0 8.0 6.66777 26.4321
5.0 8.0 6.87512 26.4321
5.0 8.0 6.74806 26.4321
5.0 8.0 7.37963 26.4321
5.0 8.0 6.76633 26.4321
5.0 8.0 7.40792 26.4321
5.0 8.0 6.65634 26.4321
5.0 8.0 6.74955 26.4321
5.0 8.0 6.66581 26.4321
5.0 8.0 6.80935 26.4321
5.0 8.0 6.81597 26.4321
5.0 8.0 6.6975 26.4321
5.0 8.0 6.76543 26.4321
5.0 8.0 6.65346 26.4321
5.0 8.0 6.80207 26.4321
5.0 8.0 6.79455 26.4321
5.0 8.0 6.74973 26.4321
5.0 8.0 6.84819 26.4321
5.0 8.0 6.76565 26.4321
5.0 8.0 6.79631 26.4321
5.0 8.0 7.39697 26.4321
5.0 8.0 6.66265 26.4321
5.0 8.0 6.76196 26.4321
5.0 8.0 6.80666 26.4321
5.0 8.0 7.30041 26.4321
5.0 8.0 6.66492 26.4321
5.0 8.0 6.67377 26.4321
5.0 8.0 6.75031 26.4321
5.0 8.0 6.74209 26.4321
5.0 8.0 6.6934 26.4321
5.0 8.0 6.87673 26.4321
5.0 8.0 6.94023 26.4321
5.0 9.0 6.73163 26.4921
5.0 9.0 6.2197 26.4921
5.0 9.0 6.25755 26.4921
5.0 9.0 6.58986 26.4921
5.0 9.0 6.11641 26.4921
5.0 9.0 6.11148 26.4921
5.0 9.0 6.21481 26.4921
5.0 9.0 6.7795 26.4921
5.0 9.0 6.2547 26.4921
5.0 9.0 6.26879 26.4921
5.0 9.0 6.13433 26.4921
5.0 9.0 6.13172 26.4921
5.0 9.0 6.25395 26.4921
5.0 9.0 6.71862 26.4921
5.0 9.0 6.56472 26.4921
5.0 9.0 6.07969 26.4921
5.0 9.0 6.20737 26.4921
5.0 9.0 6.12048 26.4921
5.0 9.0 6.13285 26.4921
5.0 9.0 6.23856 26.4921
5.0 9.0 6.11513 26.4921
5.0 9.0 6.08725 26.4921
5.0 9.0 6.13922 26.4921
5.0 9.0 6.32033 26.4921
5.0 9.0 6.76656 26.4921
5.0 9.0 6.243 26.4921
5.0 9.0 6.11494 26.4921
5.0 9.0 6.09663 26.4921
5.0 9.0 6.20922 26.4921
5.0 9.0 6.61871 26.4921
5.0 9.0 6.73615 26.4921
5.0 9.0 6.10763 26.4921
5.0 9.0 6.24012 26.4921
5.0 9.0 6.13935 26.4921
5.0 9.0 6.1209 26.4921
5.0 9.0 6.23682 26.4921
5.0 9.0 6.70885 26.4921
5.0 9.0 6.09126 26.4921
5.0 9.0 6.09241 26.4921
5.0 9.0 6.20085 26.4921
5.0 9.0 6.20257 26.4921
5.0 9.0 6.25199 26.4921
5.0 9.0 6.73054 26.4921
5.0 9.0 6.07412 26.4921
5.0 9.0 6.09544 26.4921
5.0 9.0 6.69237 26.4921
5.0 9.0 6.66207 26.4921
5.0 9.0 6.13547 26.4921
5.0 9.0 6.23779 26.4921
5.0 9.0 6.24488 26.4921
5.0 15.0 3.62585 26.4984
5.0 15.0 3.39021 26.4984
5.0 15.0 3.34922 26.4984
5.0 15.0 3.35499 26.4984
5.0 15.0 3.38016 26.4984
5.0 15.0 3.38671 26.4984
5.0 15.0 3.39825 26.4984
5.0 15.0 3.412 26.4984
5.0 15.0 3.38678 26.4984
5.0 15.0 3.33983 26.4984
5.0 15.0 3.3509 26.4984
5.0 15.0 3.44142 26.4984
5.0 15.0 3.39097 26.4984
5.0 15.0 3.63656 26.4984
5.0 15.0 3.39023 26.4984
5.0 15.0 3.42084 26.4984
5.0 15.0 3.39713 26.4984
5.0 15.0 3.339 26.4984
5.0 15.0 3.38475 26.4984
5.0 15.0 3.63575 26.4984
5.0 15.0 3.38242 26.4984
5.0 15.0 3.38187 26.4984
5.0 15.0 3.35284 26.4984
5.0 15.0 3.4042 26.4984
5.0 15.0 3.34261 26.4984
5.0 15.0 3.62286 26.4984
5.0 15.0 3.38846 26.4984
5.0 15.0 3.37535 26.4984
5.0 15.0 3.4053 26.4984
5.0 15.0 3.37642 26.4984
5.0 15.0 3.34129 26.4984
5.0 15.0 3.62028 26.4984
5.0 15.0 3.33961 26.4984
5.0 15.0 3.38456 26.4984
5.0 15.0 3.40529 26.4984
5.0 15.0 3.41685 26.4984
5.0 15.0 3.38674 26.4984
5.0 15.0 3.33666 26.4984
5.0 15.0 3.3882 26.4984
5.0 15.0 3.62901 26.4984
5.0 15.0 3.39663 26.4984
5.0 15.0 3.34102 26.4984
5.0 15.0 3.38494 26.4984
5.0 15.0 3.41748 26.4984
5.0 15.0 3.38558 26.4984
5.0 15.0 3.33883 26.4984
5.0 15.0 3.64135 26.4984
5.0 15.0 3.38935 26.4984
5.0 15.0 3.37806 26.4984
5.0 15.0 3.41093 26.4984
5.0 16.0 3.3987 26.4984
5.0 16.0 3.39887 26.4984
5.0 16.0 3.38072 26.4984
5.0 16.0 3.41415 26.4984
5.0 16.0 3.39321 26.4984
5.0 16.0 3.37661 26.4984
5.0 16.0 3.45009 26.4984
5.0 16.0 3.39736 26.4984
5.0 16.0 3.37804 26.4984
5.0 16.0 3.39551 26.4984
5.0 16.0 3.43294 26.4984
5.0 16.0 3.39416 26.4984
5.0 16.0 3.40394 26.4984
5.0 16.0 3.38123 26.4984
5.0 16.0 3.38972 26.4984
5.0 16.0 3.39694 26.4984
5.0 16.0 3.37907 26.4984
5.0 16.0 3.4025 26.4984
5.0 16.0 3.40143 26.4984
5.0 16.0 3.38694 26.4984
5.0 16.0 3.37551 26.4984
5.0 16.0 3.37491 26.4984
5.0 16.0 3.39847 26.4984
5.0 16.0 3.41069 26.4984
5.0 16.0 3.3893 26.4984
5.0 16.0 3.3797 26.4984
5.0 16.0 3.42701 26.4984
5.0 16.0 3.39786 26.4984
5.0 16.0 3.3791 26.4984
5.0 16.0 3.37707 26.4984
5.0 16.0 3.38584 26.4984
5.0 16.0 3.38767 26.4984
5.0 16.0 3.39912 26.4984
5.0 16.0 3.40152 26.4984
5.0 16.0 3.48192 26.4984
5.0 16.0 3.37715 26.4984
5.0 16.0 3.3864 26.4984
5.0 16.0 3.40831 26.4984
5.0 16.0 3.38935 26.4984
5.0 16.0 3.3983 26.4984
5.0 16.0 3.38774 26.4984
5.0 16.0 3.37783 26.4984
5.0 16.0 3.39003 26.4984
5.0 16.0 3.42973 26.4984
5.0 16.0 3.39093 26.4984
5.0 16.0 3.36906 26.4984
5.0 16.0 3.38841 26.4984
5.0 16.0 3.38885 26.4984
5.0 16.0 3.4001 26.4984
5.0 16.0 3.4315 26.4984
5.0 17.0 2.83306 26.4559
5.0 17.0 2.84442 26.4559
5.0 17.0 2.85666 26.4559
5.0 17.0 2.82367 26.4559
5.0 17.0 2.82346 26.4559
5.0 17.0 2.81937 26.4559
5.0 17.0 2.78433 26.4559
5.0 17.0 2.83568 26.4559
5.0 17.0 2.83633 26.4559
5.0 17.0 2.83189 26.4559
5.0 17.0 2.82544 26.4559
5.0 17.0 2.83576 26.4559
5.0 17.0 2.78417 26.4559
5.0 17.0 2.84255 26.4559
5.0 17.0 2.83661 26.4559
5.0 17.0 2.85278 26.4559
5.0 17.0 2.82876 26.4559
5.0 17.0 2.85389 26.4559
5.0 17.0 2.79484 26.4559
5.0 17.0 2.84004 26.4559
5.0 17.0 2.83488 26.4559
5.0 17.0 2.82628 26.4559
5.0 17.0 2.84752 26.4559
5.0 17.0 2.83397 26.4559
5.0 17.0 2.82491 26.4559
5.0 17.0 2.78368 26.4559
5.0 17.0 2.83513 26.4559
5.0 17.0 2.83004 26.4559
5.0 17.0 2.83919 26.4559
5.0 17.0 2.82845 26.4559
5.0 17.0 2.82234 26.4559
5.0 17.0 2.79856 26.4559
5.0 17.0 2.85736 26.4559
5.0 17.0 2.83472 26.4559
5.0 17.0 2.82514 26.4559
5.0 17.0 2.8309 26.4559
5.0 17.0 2.8259 26.4559
5.0 17.0 2.7846 26.4559
5.0 17.0 2.84346 26.4559
5.0 17.0 2.83189 26.4559
5.0 17.0 2.84668 26.4559
5.0 17.0 2.83975 26.4559
5.0 17.0 2.82793 26.4559
5.0 17.0 2.78623 26.4559
5.0 17.0 2.82919 26.4559
5.0 17.0 2.84164 26.4559
5.0 17.0 2.82838 26.4559
5.0 17.0 2.8321 26.4559
5.0 17.0 2.82148 26.4559
5.0 17.0 2.82127 26.4559
5.0 31.0 1.69917 26.498
5.0 31.0 1.69591 26.498
5.0 31.0 1.6939 26.498
5.0 31.0 1.69274 26.498
5.0 31.0 1.70209 26.498
5.0 31.0 1.70358 26.498
5.0 31.0 1.691 26.498
5.0 31.0 1.70072 26.498
5.0 31.0 1.70039 26.498
5.0 31.0 1.69801 26.498
5.0 31.0 1.69238 26.498
5.0 31.0 1.69298 26.498
5.0 31.0 1.69919 26.498
5.0 31.0 1.69655 26.498
5.0 31.0 1.69955 26.498
5.0 31.0 1.69009 26.498
5.0 31.0 1.6962 26.498
5.0 31.0 1.70262 26.498
5.0 31.0 1.69081 26.498
5.0 31.0 1.70158 26.498
5.0 31.0 1.69548 26.498
5.0 31.0 1.70116 26.498
5.0 31.0 1.69117 26.498
5.0 31.0 1.69832 26.498
5.0 31.0 1.69624 26.498
5.0 31.0 1.69803 26.498
5.0 31.0 1.70403 26.498
5.0 31.0 1.69657 26.498
5.0 31.0 1.69828 26.498
5.0 31.0 1.70857 26.498
5.0 31.0 1.68914 26.498
5.0 31.0 1.69963 26.498
5.0 31.0 1.70695 26.498
5.0 31.0 1.69215 26.498
5.0 31.0 1.69876 26.498
5.0 31.0 1.7009 26.498
5.0 31.0 1.71182 26.498
5.0 31.0 1.69414 26.498
5.0 31.0 1.70395 26.498
5.0 31.0 1.69257 26.498
5.0 31.0 1.70016 26.498
5.0 31.0 1.70225 26.498
5.0 31.0 1.69436 26.498
5.0 31.0 1.69639 26.498
5.0 31.0 1.70267 26.498
5.0 31.0 1.70997 26.498
5.0 31.0 1.69733 26.498
5.0 31.0 1.69363 26.498
5.0 31.0 1.699 26.498
5.0 31.0 1.69802 26.498
5.0 32.0 1.70983 26.498
5.0 32.0 1.80322 26.498
5.0 32.0 1.80017 26.498
5.0 32.0 1.83356 26.498
5.0 32.0 1.78688 26.498
5.0 32.0 1.79582 26.498
5.0 32.0 1.68999 26.498
5.0 32.0 1.65805 26.498
5.0 32.0 1.73882 26.498
5.0 32.0 1.79044 26.498
5.0 32.0 1.79032 26.498
5.0 32.0 1.80009 26.498
5.0 32.0 1.79278 26.498
5.0 32.0 1.77641 26.498
5.0 32.0 1.74313 26.498
5.0 32.0 1.79635 26.498
5.0 32.0 1.79467 26.498
5.0 32.0 1.77365 26.498
5.0 32.0 1.78227 26.498
5.0 32.0 1.78563 26.498
5.0 32.0 1.67971 26.498
5.0 32.0 1.79668 26.498
5.0 32.0 1.69557 26.498
5.0 32.0 1.80028 26.498
5.0 32.0 1.73576 26.498
5.0 32.0 1.78026 26.498
5.0 32.0 1.80215 26.498
5.0 32.0 1.72099 26.498
5.0 32.0 1.73598 26.498
5.0 32.0 1.79237 26.498
5.0 32.0 1.78055 26.498
5.0 32.0 1.69813 26.498
5.0 32.0 1.79715 26.498
5.0 32.0 1.75237 26.498
5.0 32.0 1.79446 26.498
5.0 32.0 1.74991 26.498
5.0 32.0 1.67787 26.498
5.0 32.0 1.79678 26.498
5.0 32.0 1.81951 26.498
5.0 32.0 1.798 26.498
5.0 32.0 1.79812 26.498
5.0 32.0 1.79189 26.498
5.0 32.0 1.76928 26.498
5.0 32.0 1.77767 26.498
5.0 32.0 1.75408 26.498
5.0 32.0 1.78642 26.498
5.0 32.0 1.65518 26.498
5.0 32.0 1.69523 26.498
5.0 32.0 1.77828 26.498
5.0 32.0 1.82834 26.498
5.0 33.0 1.67863 26.498
5.0 33.0 1.75692 26.498
5.0 33.0 1.77999 26.498
5.0 33.0 1.79779 26.498
5.0 33.0 1.79241 26.498
5.0 33.0 1.77198 26.498
5.0 33.0 1.7781 26.498
5.0 33.0 1.77222 26.498
5.0 33.0 1.74871 26.498
5.0 33.0 1.77658 26.498
5.0 33.0 1.80013 26.498
5.0 33.0 1.79714 26.498
5.0 33.0 1.78256 26.498
5.0 33.0 1.80238 26.498
5.0 33.0 1.78336 26.498
5.0 33.0 1.74379 26.498
5.0 33.0 1.80302 26.498
5.0 33.0 1.75168 26.498
5.0 33.0 1.74402 26.498
5.0 33.0 1.77791 26.498
5.0 33.0 1.79931 26.498
5.0 33.0 1.77282 26.498
5.0 33.0 1.79504 26.498
5.0 33.0 1.77353 26.498
5.0 33.0 1.80556 26.498
5.0 33.0 1.80829 26.498
5.0 33.0 1.80328 26.498
5.0 33.0 1.79825 26.498
5.0 33.0 1.79484 26.498
5.0 33.0 1.80067 26.498
5.0 33.0 1.72294 26.498
5.0 33.0 1.77483 26.498
5.0 33.0 1.7969 26.498
5.0 33.0 1.80006 26.498
5.0 33.0 1.80228 26.498
5.0 33.0 1.75285 26.498
5.0 33.0 1.79053 26.498
5.0 33.0 1.79025 26.498
5.0 33.0 1.79694 26.498
5.0 33.0 1.74706 26.498
5.0 33.0 1.80472 26.498
5.0 33.0 1.79621 26.498
5.0 33.0 1.78841 26.498
5.0 33.0 1.69752 26.498
5.0 33.0 1.78308 26.498
5.0 33.0 1.805 26.498
5.0 33.0 1.80812 26.498
5.0 33.0 1.766 26.498
5.0 33.0 1.784 26.498
5.0 33.0 1.7871 26.498
