0.0 1.0 0.0740575 -0.0
0.0 1.0 0.119366 -0.00739604
0.0 1.0 0.0611369 -0.0
0.0 1.0 0.066188 -0.0
0.0 1.0 0.125371 -0.00739604
0.0 1.0 0.134884 -0.00739604
0.0 1.0 0.0699873 -0.0
0.0 1.0 0.0687327 -0.0
0.0 1.0 0.119406 -0.00739604
0.0 1.0 0.0604898 -0.0
0.0 1.0 0.0592107 -0.0
0.0 1.0 0.0656573 -0.0
0.0 1.0 0.0729913 -0.0
0.0 1.0 0.0801504 -0.0
0.0 1.0 0.113823 -0.00739604
0.0 1.0 0.0645896 -0.0
0.0 1.0 0.073154 -0.0
0.0 1.0 0.0733481 -0.0
0.0 1.0 0.0633281 -0.0
0.0 1.0 0.124419 -0.00739604
0.0 1.0 0.0803302 -0.0
0.0 1.0 0.0828422 -0.0
0.0 1.0 0.07822 -0.0
0.0 1.0 0.0729192 -0.0
0.0 1.0 0.0626213 -0.0
0.0 1.0 0.0743156 -0.0
0.0 1.0 0.0750285 -0.0
0.0 1.0 0.0644221 -0.0
0.0 1.0 0.060332 -0.0
0.0 1.0 0.0739599 -0.0
0.0 1.0 0.0595606 -0.0
0.0 1.0 0.0601464 -0.0
0.0 1.0 0.0635218 -0.0
0.0 1.0 0.0701636 -0.0
0.0 1.0 0.115446 -0.00739604
0.0 1.0 0.0923468 -0.0
0.0 1.0 0.0742305 -0.0
0.0 1.0 0.0647766 -0.0
0.0 1.0 0.117893 -0.00739604
0.0 1.0 0.0973229 -0.00986467
0.0 1.0 0.0631112 -0.0
0.0 1.0 0.0722184 -0.0
0.0 1.0 0.066331 -0.0
0.0 1.0 0.0670737 -0.0
0.0 1.0 0.118105 -0.00739604
0.0 1.0 0.0752273 -0.0
0.0 1.0 0.0588198 -0.0
0.0 1.0 0.0668821 -0.0
0.0 1.0 0.0715703 -0.0
0.0 1.0 0.0590656 -0.0
0.0 2.0 0.0363529 -0.0
0.0 2.0 0.0652854 -0.00739604
0.0 2.0 0.0346114 -0.0
0.0 2.0 0.0655629 -0.00739604
0.0 2.0 0.0383456 -0.0
0.0 2.0 0.0374606 -0.0
0.0 2.0 0.0419645 -0.0
0.0 2.0 0.0638676 -0.00739604
0.0 2.0 0.0394847 -0.0
0.0 2.0 0.0376169 -0.0
0.0 2.0 0.0420566 -0.0
0.0 2.0 0.0488619 -0.0
0.0 2.0 0.042538 -0.0
0.0 2.0 0.0358315 -0.0
0.0 2.0 0.0734421 -0.00739604
0.0 2.0 0.0399167 -0.0
0.0 2.0 0.0613613 -0.00739604
0.0 2.0 0.0515384 -0.00986467
0.0 2.0 0.0418729 -0.0
0.0 2.0 0.0397459 -0.0
0.0 2.0 0.0393806 -0.0
0.0 2.0 0.0341379 -0.0
0.0 2.0 0.0388717 -0.0
0.0 2.0 0.0401044 -0.0
0.0 2.0 0.0340564 -0.0
0.0 2.0 0.0396749 -0.0
0.0 2.0 0.0642578 -0.00739604
0.0 2.0 0.0365489 -0.0
0.0 2.0 0.0355955 -0.0
0.0 2.0 0.0375341 -0.0
0.0 2.0 0.0391487 -0.0
0.0 2.0 0.0354712 -0.0
0.0 2.0 0.0390022 -0.0
0.0 2.0 0.0406365 -0.0
0.0 2.0 0.0393736 -0.0
0.0 2.0 0.065869 -0.00739604
0.0 2.0 0.0422704 -0.0
0.0 2.0 0.0426839 -0.0
0.0 2.0 0.0392511 -0.0
0.0 2.0 0.0363353 -0.0
0.0 2.0 0.0651752 -0.00739604
0.0 2.0 0.0617601 -0.00739604
0.0 2.0 0.042956 -0.0
0.0 2.0 0.0625363 -0.00739604
0.0 2.0 0.0346965 -0.0
0.0 2.0 0.0396485 -0.0
0.0 2.0 0.0347335 -0.0
0.0 2.0 0.0342999 -0.0
0.0 2.0 0.0414186 -0.0
0.0 2.0 0.0432401 -0.0
0.0 3.0 0.0489107 -0.00739604
0.0 3.0 0.0481409 -0.00739604
0.0 3.0 0.0479405 -0.00739604
0.0 3.0 0.0316969 -0.0
0.0 3.0 0.0318287 -0.0
0.0 3.0 0.0305056 -0.0
0.0 3.0 0.0277888 -0.0
0.0 3.0 0.0358475 -0.0
0.0 3.0 0.034416 -0.0
0.0 3.0 0.0301855 -0.0
0.0 3.0 0.0325854 -0.0
0.0 3.0 0.0314036 -0.0
0.0 3.0 0.0461768 -0.00739604
0.0 3.0 0.0295085 -0.0
0.0 3.0 0.0373229 -0.0
0.0 3.0 0.0473733 -0.00739604
0.0 3.0 0.0483431 -0.00739604
0.0 3.0 0.0314704 -0.0
0.0 3.0 0.0296051 -0.0
0.0 3.0 0.0315267 -0.0
0.0 3.0 0.0481622 -0.00739604
0.0 3.0 0.0316635 -0.0
0.0 3.0 0.0486923 -0.00739604
0.0 3.0 0.0345305 -0.0
0.0 3.0 0.0332455 -0.0
0.0 3.0 0.0916657 -0.00739604
0.0 3.0 0.0478984 -0.00739604
0.0 3.0 0.0280643 -0.0
0.0 3.0 0.04846 -0.00739604
0.0 3.0 0.0483392 -0.00739604
0.0 3.0 0.0291359 -0.0
0.0 3.0 0.038525 -0.0
0.0 3.0 0.0479509 -0.00739604
0.0 3.0 0.0501171 -0.00739604
0.0 3.0 0.0344429 -0.0
0.0 3.0 0.0487831 -0.00739604
0.0 3.0 0.0327755 -0.0
0.0 3.0 0.0458625 -0.00739604
0.0 3.0 0.0495353 -0.00739604
0.0 3.0 0.0487743 -0.00739604
0.0 3.0 0.0479534 -0.00739604
0.0 3.0 0.0488328 -0.00739604
0.0 3.0 0.048485 -0.00739604
0.0 3.0 0.0338381 -0.0
0.0 3.0 0.0334204 -0.0
0.0 3.0 0.0477834 -0.00739604
0.0 3.0 0.0342176 -0.0
0.0 3.0 0.035496 -0.0
0.0 3.0 0.0297816 -0.0
0.0 3.0 0.0311222 -0.0
0.0 4.0 0.0305567 -0.0
0.0 4.0 0.0313459 -0.0
0.0 4.0 0.0275036 -0.0
0.0 4.0 0.0298357 -0.0
0.0 4.0 0.0306767 -0.0
0.0 4.0 0.0298816 -0.0
0.0 4.0 0.0293198 -0.0
0.0 4.0 0.0300686 -0.0
0.0 4.0 0.0564841 -0.00739604
0.0 4.0 0.0278601 -0.0
0.0 4.0 0.0301226 -0.0
0.0 4.0 0.0308759 -0.0
0.0 4.0 0.0271659 -0.0
0.0 4.0 0.0330178 -0.0
0.0 4.0 0.0293094 -0.0
0.0 4.0 0.0300064 -0.0
0.0 4.0 0.0419578 -0.00739604
0.0 4.0 0.0331158 -0.0
0.0 4.0 0.0476157 -0.00739604
0.0 4.0 0.0410966 -0.00739604
0.0 4.0 0.0272496 -0.0
0.0 4.0 0.0320404 -0.0
0.0 4.0 0.0299824 -0.0
0.0 4.0 0.0306112 -0.0
0.0 4.0 0.0291266 -0.0
0.0 4.0 0.027973 -0.0
0.0 4.0 0.0429726 -0.00739604
0.0 4.0 0.0282221 -0.0
0.0 4.0 0.0283165 -0.0
0.0 4.0 0.0295238 -0.0
0.0 4.0 0.0297046 -0.0
0.0 4.0 0.0414508 -0.00739604
0.0 4.0 0.0288624 -0.0
0.0 4.0 0.0417631 -0.00739604
0.0 4.0 0.0417967 -0.00739604
0.0 4.0 0.0302824 -0.0
0.0 4.0 0.0276845 -0.0
0.0 4.0 0.035982 -0.0
0.0 4.0 0.0288149 -0.0
0.0 4.0 0.0416088 -0.00739604
0.0 4.0 0.0303238 -0.0
0.0 4.0 0.0543658 -0.0
0.0 4.0 0.0289412 -0.0
0.0 4.0 0.0283099 -0.0
0.0 4.0 0.027648 -0.0
0.0 4.0 0.0272792 -0.0
0.0 4.0 0.0409623 -0.00739604
0.0 4.0 0.032601 -0.0
0.0 4.0 0.0417302 -0.00739604
0.0 4.0 0.0286175 -0.0
0.0 5.0 0.0416959 -0.0
0.0 5.0 0.0372685 -0.0
0.0 5.0 0.048089 -0.0
0.0 5.0 0.0491964 -0.0
0.0 5.0 0.0473541 -0.00739604
0.0 5.0 0.0476473 -9.32135e-06
0.0 5.0 0.0439845 -0.0
0.0 5.0 0.0418018 -0.0
0.0 5.0 0.0491368 -0.00739604
0.0 5.0 0.0439759 -0.0
0.0 5.0 0.0377791 -0.0
0.0 5.0 0.0417879 -0.0
0.0 5.0 0.0439664 -0.0
0.0 5.0 0.0492651 -0.00739604
0.0 5.0 0.0466983 -0.0
0.0 5.0 0.0509653 -0.0
0.0 5.0 0.044969 -0.0
0.0 5.0 0.0502143 -0.0
0.0 5.0 0.0460622 -0.0
0.0 5.0 0.0369062 -0.0
0.0 5.0 0.0527724 -0.00739604
0.0 5.0 0.0418747 -0.0
0.0 5.0 0.0661579 -0.00739604
0.0 5.0 0.0453478 -0.0
0.0 5.0 0.0472391 -0.0
0.0 5.0 0.0427967 -0.0
0.0 5.0 0.042135 -0.0
0.0 5.0 0.0474736 -0.0
0.0 5.0 0.0446482 -0.0
0.0 5.0 0.0490715 -0.0
0.0 5.0 0.0470475 -0.00986467
0.0 5.0 0.0393044 -0.0
0.0 5.0 0.041886 -0.0
0.0 5.0 0.0620624 -0.0
0.0 5.0 0.0433999 -0.0
0.0 5.0 0.0472154 -0.00739604
0.0 5.0 0.045864 -0.0
0.0 5.0 0.0503858 -0.0
0.0 5.0 0.0556875 -0.00739604
0.0 5.0 0.0479892 -0.0
0.0 5.0 0.0477766 -0.0
0.0 5.0 0.0707827 -0.00739604
0.0 5.0 0.0473037 -0.0
0.0 5.0 0.0431921 -0.0
0.0 5.0 0.0452687 -0.0
0.0 5.0 0.0684657 -0.00739604
0.0 5.0 0.0540489 -0.0
0.0 5.0 0.0470942 -0.00739604
0.0 5.0 0.054109 -0.00739604
0.0 5.0 0.046257 -0.0
0.0 6.0 0.0529408 -0.00739604
0.0 6.0 0.0593904 -0.00739604
0.0 6.0 0.0512234 -0.0
0.0 6.0 0.0435632 -0.0
0.0 6.0 0.0508816 -0.0
0.0 6.0 0.0579388 -0.00739604
0.0 6.0 0.0512368 -0.00739604
0.0 6.0 0.0519452 -0.00739604
0.0 6.0 0.0558983 -0.00739604
0.0 6.0 0.0438964 -0.0
0.0 6.0 0.0433856 -0.0
0.0 6.0 0.0608732 -0.0
0.0 6.0 0.0443087 -0.0
0.0 6.0 0.0513854 -0.00739604
0.0 6.0 0.0433711 -0.0
0.0 6.0 0.0500135 -0.0
0.0 6.0 0.0428741 -0.0
0.0 6.0 0.0520054 -0.0
0.0 6.0 0.044017 -0.0
0.0 6.0 0.0440291 -0.0
0.0 6.0 0.0475572 -0.0
0.0 6.0 0.0441038 -0.0
0.0 6.0 0.0421818 -0.0
0.0 6.0 0.0429768 -0.0
0.0 6.0 0.0439417 -0.0
0.0 6.0 0.0439161 -0.0
0.0 6.0 0.0498671 -0.0
0.0 6.0 0.0424159 -0.0
0.0 6.0 0.0444124 -0.0
0.0 6.0 0.0421464 -0.0
0.0 6.0 0.0703442 -0.0
0.0 6.0 0.0515486 -0.0
0.0 6.0 0.0474349 -0.0
0.0 6.0 0.0453306 -0.0
0.0 6.0 0.0530406 -0.00739604
0.0 6.0 0.0547903 -0.0
0.0 6.0 0.0499101 -0.0
0.0 6.0 0.0425011 -0.0
0.0 6.0 0.0455049 -0.0
0.0 6.0 0.0511043 -0.00739604
0.0 6.0 0.0441866 -0.0
0.0 6.0 0.0425854 -0.0
0.0 6.0 0.0531376 -0.00739604
0.0 6.0 0.0438673 -0.0
0.0 6.0 0.0591242 -0.0
0.0 6.0 0.0567436 -0.0
0.0 6.0 0.0412844 -0.0
0.0 6.0 0.0518592 -0.0
0.0 6.0 0.0440953 -0.0
0.0 6.0 0.0439824 -0.0
0.0 7.0 0.0750692 -0.0
0.0 7.0 0.0493463 -0.0
0.0 7.0 0.0547012 -0.00739604
0.0 7.0 0.0559641 -0.00739604
0.0 7.0 0.064519 -0.0
0.0 7.0 0.0521004 -0.0
0.0 7.0 0.0976328 -0.00739604
0.0 7.0 0.0512885 -0.0
0.0 7.0 0.0627604 -0.0
0.0 7.0 0.0541438 -0.00739604
0.0 7.0 0.0613827 -0.0
0.0 7.0 0.0505162 -0.0
0.0 7.0 0.0514154 -0.0
0.0 7.0 0.0474323 -0.0
0.0 7.0 0.0494953 -0.0
0.0 7.0 0.0478427 -0.0
0.0 7.0 0.048848 -0.0
0.0 7.0 0.0521576 -0.0
0.0 7.0 0.0591315 -0.00739604
0.0 7.0 0.0774959 -0.0
0.0 7.0 0.0499012 -0.0
0.0 7.0 0.0483637 -0.0
0.0 7.0 0.0477777 -0.0
0.0 7.0 0.047865 -0.0
0.0 7.0 0.057241 -0.0
0.0 7.0 0.0713834 -0.0
0.0 7.0 0.0476593 -0.0
0.0 7.0 0.0586225 -0.00739604
0.0 7.0 0.0621017 -0.0
0.0 7.0 0.0517376 -0.0
0.0 7.0 0.0493425 -0.0
0.0 7.0 0.0491544 -0.0
0.0 7.0 0.0517045 -0.0
0.0 7.0 0.0750309 -0.00739604
0.0 7.0 0.0511512 -0.0
0.0 7.0 0.0560734 -0.00739604
0.0 7.0 0.0554976 -0.00739604
0.0 7.0 0.0680249 -0.00739604
0.0 7.0 0.0619269 -0.0
0.0 7.0 0.0486574 -0.0
0.0 7.0 0.0566916 -0.0
0.0 7.0 0.0691752 -0.00739604
0.0 7.0 0.0505404 -0.0
0.0 7.0 0.0591676 -0.00739604
0.0 7.0 0.0462879 -0.0
0.0 7.0 0.0591416 -0.0
0.0 7.0 0.0729448 -0.0
0.0 7.0 0.0554026 -0.00739604
0.0 7.0 0.0549942 -0.0
0.0 7.0 0.0545984 -0.00739604
0.0 8.0 0.054246 -0.0
0.0 8.0 0.056418 -0.0
0.0 8.0 0.0799505 -0.0
0.0 8.0 0.0841754 -0.00739604
0.0 8.0 0.0731474 -0.0
0.0 8.0 0.0651845 -0.00739604
0.0 8.0 0.0998507 -0.00739604
0.0 8.0 0.0571149 -0.0
0.0 8.0 0.0553513 -0.0
0.0 8.0 0.0718606 -0.0
0.0 8.0 0.0617727 -0.00739604
0.0 8.0 0.0778948 -0.0
0.0 8.0 0.0624512 -0.00739604
0.0 8.0 0.0721222 -0.0
0.0 8.0 0.0804367 -0.0
0.0 8.0 0.0782045 -0.0
0.0 8.0 0.060665 -0.00739604
0.0 8.0 0.107591 -0.0
0.0 8.0 0.0776959 -0.0
0.0 8.0 0.0536985 -0.0
0.0 8.0 0.0692595 -0.00739604
0.0 8.0 0.0587106 -0.0
0.0 8.0 0.0551965 -0.0
0.0 8.0 0.0676091 -0.0
0.0 8.0 0.0846839 -0.0
0.0 8.0 0.0719428 -0.0
0.0 8.0 0.0613481 -0.0
0.0 8.0 0.0535813 -0.0
0.0 8.0 0.0787508 -0.00739604
0.0 8.0 0.0767613 -0.00739604
0.0 8.0 0.0559424 -0.0
0.0 8.0 0.0620771 -0.0
0.0 8.0 0.0545056 -0.0
0.0 8.0 0.0537052 -0.0
0.0 8.0 0.0532454 -0.0
0.0 8.0 0.0655711 -0.00739604
0.0 8.0 0.0604299 -0.00739604
0.0 8.0 0.0692094 -0.0
0.0 8.0 0.0548739 -0.0
0.0 8.0 0.0600424 -0.00739604
0.0 8.0 0.0558286 -0.0
0.0 8.0 0.0640881 -0.00739604
0.0 8.0 0.0548472 -0.0
0.0 8.0 0.0782879 -0.0
0.0 8.0 0.0505786 -0.0
0.0 8.0 0.065917 -0.00739604
0.0 8.0 0.0519772 -0.0
0.0 8.0 0.051922 -0.0
0.0 8.0 0.0549744 -0.0
0.0 8.0 0.0620765 -0.0
0.0 9.0 0.0621339 -0.0
0.0 9.0 0.0632195 -0.0
0.0 9.0 0.0649116 -0.0
0.0 9.0 0.0610192 -0.0
0.0 9.0 0.0759002 -0.00739604
0.0 9.0 0.0894601 -0.0
0.0 9.0 0.0673648 -0.0
0.0 9.0 0.0667664 -0.00739604
0.0 9.0 0.0633168 -0.0
0.0 9.0 0.0765829 -0.0
0.0 9.0 0.0630669 -0.0
0.0 9.0 0.0669526 -0.0
0.0 9.0 0.0870272 -0.0
0.0 9.0 0.0607934 -0.0
0.0 9.0 0.0600077 -0.0
0.0 9.0 0.0618147 -0.0
0.0 9.0 0.0818059 -0.0
0.0 9.0 0.079158 -0.00739604
0.0 9.0 0.0654483 -0.0
0.0 9.0 0.0761046 -0.0
0.0 9.0 0.0607428 -0.0
0.0 9.0 0.0597177 -0.0
0.0 9.0 0.0730467 -0.0
0.0 9.0 0.0615704 -0.0
0.0 9.0 0.0753564 -0.0
0.0 9.0 0.0924339 -0.0
0.0 9.0 0.0631495 -0.0
0.0 9.0 0.0734372 -0.0
0.0 9.0 0.076164 -0.00739604
0.0 9.0 0.0578169 -0.0
0.0 9.0 0.0609304 -0.0
0.0 9.0 0.0726972 -0.0
0.0 9.0 0.0776526 -0.0
0.0 9.0 0.0839455 -0.0
0.0 9.0 0.0847658 -0.0
0.0 9.0 0.0694339 -0.0
0.0 9.0 0.0596386 -0.0
0.0 9.0 0.0600354 -0.0
0.0 9.0 0.0627991 -0.0
0.0 9.0 0.0717251 -0.0
0.0 9.0 0.062081 -0.0
0.0 9.0 0.0560446 -0.0
0.0 9.0 0.0717784 -0.0
0.0 9.0 0.0635126 -0.0
0.0 9.0 0.0742932 -0.00739604
0.0 9.0 0.060022 -0.0
0.0 9.0 0.0754637 -0.00739604
0.0 9.0 0.0790049 -0.0
0.0 9.0 0.0671284 -0.00739604
0.0 9.0 0.0873685 -0.00739604
0.0 10.0 0.06656 -0.0
0.0 10.0 0.0849485 -0.0
0.0 10.0 0.0650805 -0.0
0.0 10.0 0.0806626 -0.0
0.0 10.0 0.0697251 -0.00739604
0.0 10.0 0.0643004 -0.0
0.0 10.0 0.0657182 -0.0
0.0 10.0 0.128513 -0.00739604
0.0 10.0 0.080895 -0.0
0.0 10.0 0.133664 -0.00739604
0.0 10.0 0.0631114 -0.0
0.0 10.0 0.0829976 -0.0
0.0 10.0 0.0655952 -0.0
0.0 10.0 0.081314 -0.0
0.0 10.0 0.0653646 -0.0
0.0 10.0 0.158807 -0.0
0.0 10.0 0.0687889 -0.00739604
0.0 10.0 0.0724069 -0.0
0.0 10.0 0.0650881 -0.0
0.0 10.0 0.0723513 -0.0
0.0 10.0 0.0809658 -0.0
0.0 10.0 0.0651023 -0.0
0.0 10.0 0.0688124 -0.0
0.0 10.0 0.0755874 -0.00739604
0.0 10.0 0.103316 -0.0
0.0 10.0 0.0729934 -0.00739604
0.0 10.0 0.0702251 -0.00739604
0.0 10.0 0.0699184 -0.0
0.0 10.0 0.0954395 -0.0
0.0 10.0 0.0656447 -0.0
0.0 10.0 0.0997595 -0.00739604
0.0 10.0 0.0679178 -0.0
0.0 10.0 0.0676555 -0.0
0.0 10.0 0.0650859 -0.0
0.0 10.0 0.0678546 -0.0
0.0 10.0 0.0657387 -0.00739604
0.0 10.0 0.0698415 -0.00739604
0.0 10.0 0.134336 -0.0
0.0 10.0 0.0656033 -0.0
0.0 10.0 0.0843203 -0.0
0.0 10.0 0.0608866 -0.0
0.0 10.0 0.066145 -0.0
0.0 10.0 0.067393 -0.00739604
0.0 10.0 0.0721526 -0.00739604
0.0 10.0 0.0650617 -0.0
0.0 10.0 0.0691585 -0.00739604
0.0 10.0 0.0792676 -0.0
0.0 10.0 0.0877955 -0.0
0.0 10.0 0.0638838 -0.0
0.0 10.0 0.0805085 -0.00739604
0.0 11.0 0.0602023 -0.0
0.0 11.0 0.0566502 -0.0
0.0 11.0 0.0691266 -0.00739604
0.0 11.0 0.054544 -0.0
0.0 11.0 0.0804585 -0.00739604
0.0 11.0 0.0612708 -0.0
0.0 11.0 0.0729031 -0.0
0.0 11.0 0.0570842 -0.0
0.0 11.0 0.0721063 -0.0
0.0 11.0 0.0621696 -0.00739604
0.0 11.0 0.0578359 -0.0
0.0 11.0 0.081574 -0.0
0.0 11.0 0.0588686 -0.0
0.0 11.0 0.0574442 -0.0
0.0 11.0 0.0572823 -0.0
0.0 11.0 0.0744825 -0.00739604
0.0 11.0 0.0747281 -0.0
0.0 11.0 0.0746765 -0.00739604
0.0 11.0 0.0801143 -0.00739604
0.0 11.0 0.071245 -0.0
0.0 11.0 0.0557069 -0.0
0.0 11.0 0.0609196 -0.00739604
0.0 11.0 0.0949549 -0.0
0.0 11.0 0.0722343 -0.0
0.0 11.0 0.061814 -0.00739604
0.0 11.0 0.0572047 -0.0
0.0 11.0 0.0606165 -0.0
0.0 11.0 0.0568648 -0.0
0.0 11.0 0.0602373 -0.00739604
0.0 11.0 0.0742001 -0.0
0.0 11.0 0.075068 -0.00739604
0.0 11.0 0.0615265 -0.00739604
0.0 11.0 0.0587147 -0.0
0.0 11.0 0.0617403 -0.00739604
0.0 11.0 0.0587481 -0.0
0.0 11.0 0.0866068 -0.00739604
0.0 11.0 0.0585694 -0.0
0.0 11.0 0.0563975 -0.0
0.0 11.0 0.0574694 -0.0
0.0 11.0 0.0613901 -0.00739604
0.0 11.0 0.0780371 -0.0
0.0 11.0 0.0577187 -0.0
0.0 11.0 0.0600022 -0.0
0.0 11.0 0.0598803 -0.00739604
0.0 11.0 0.0561916 -0.0
0.0 11.0 0.0567551 -0.0
0.0 11.0 0.0675871 -0.0
0.0 11.0 0.0584869 -0.0
0.0 11.0 0.0565854 -0.0
0.0 11.0 0.0574488 -0.0
0.0 12.0 0.0565947 -0.0
0.0 12.0 0.0581342 -0.0
0.0 12.0 0.0591551 -0.0
0.0 12.0 0.0662474 -0.0
0.0 12.0 0.0570634 -0.0
0.0 12.0 0.0977981 -0.0
0.0 12.0 0.0596508 -0.00739604
0.0 12.0 0.0565025 -0.0
0.0 12.0 0.055865 -0.0
0.0 12.0 0.0696212 -0.0
0.0 12.0 0.059818 -0.00739604
0.0 12.0 0.0607647 -0.00739604
0.0 12.0 0.056961 -0.0
0.0 12.0 0.103393 -0.0
0.0 12.0 0.0555215 -0.0
0.0 12.0 0.0768829 -0.0
0.0 12.0 0.0736724 -0.00739604
0.0 12.0 0.05677 -0.0
0.0 12.0 0.0681808 -0.0
0.0 12.0 0.0780468 -0.0
0.0 12.0 0.0560784 -0.0
0.0 12.0 0.0682045 -0.0
0.0 12.0 0.0566516 -0.0
0.0 12.0 0.0567442 -0.0
0.0 12.0 0.0763848 -0.0
0.0 12.0 0.0573096 -0.0
0.0 12.0 0.0956332 -0.0
0.0 12.0 0.0581668 -0.0
0.0 12.0 0.0704852 -0.00739604
0.0 12.0 0.0603211 -0.00739604
0.0 12.0 0.0577336 -0.0
0.0 12.0 0.0599645 -0.0
0.0 12.0 0.066584 -0.0
0.0 12.0 0.0584183 -0.0
0.0 12.0 0.0599991 -0.00739604
0.0 12.0 0.0711323 -0.0
0.0 12.0 0.053376 -0.0
0.0 12.0 0.0626802 -0.00739604
0.0 12.0 0.0602391 -0.00739604
0.0 12.0 0.0765719 -0.0
0.0 12.0 0.0545167 -0.0
0.0 12.0 0.057195 -0.0
0.0 12.0 0.0566946 -0.0
0.0 12.0 0.0566719 -0.0
0.0 12.0 0.0730965 -0.0
0.0 12.0 0.0572812 -0.0
0.0 12.0 0.0604513 -0.00739604
0.0 12.0 0.0561176 -0.0
0.0 12.0 0.0563492 -0.0
0.0 12.0 0.0717076 -0.0
1.0 1.0 0.0805407 2.71828
1.0 1.0 0.0796473 2.71828
1.0 1.0 0.0889489 2.71828
1.0 1.0 0.0865383 2.71828
1.0 1.0 0.0902537 2.71828
1.0 1.0 0.085691 2.71828
1.0 1.0 0.0797559 2.71828
1.0 1.0 0.0795139 2.71828
1.0 1.0 0.0858989 2.71828
1.0 1.0 0.0811345 2.71828
1.0 1.0 0.0802179 2.71828
1.0 1.0 0.0865913 2.71828
1.0 1.0 0.0899731 2.71828
1.0 1.0 0.0873473 2.71828
1.0 1.0 0.0901729 2.71828
1.0 1.0 0.0824585 2.71828
1.0 1.0 0.0822007 2.71828
1.0 1.0 0.0814431 2.71828
1.0 1.0 0.0798268 2.71828
1.0 1.0 0.0846884 2.71828
1.0 1.0 0.0970399 2.71828
1.0 1.0 0.0982748 2.71828
1.0 1.0 0.0856481 2.71828
1.0 1.0 0.101727 2.71828
1.0 1.0 0.0847029 2.71828
1.0 1.0 0.0804843 2.71828
1.0 1.0 0.0822747 2.71828
1.0 1.0 0.0811971 2.71828
1.0 1.0 0.101078 2.71828
1.0 1.0 0.0799651 2.71828
1.0 1.0 0.0854172 2.71828
1.0 1.0 0.0799251 2.71828
1.0 1.0 0.0801154 2.71828
1.0 1.0 0.0798133 2.71828
1.0 1.0 0.0804171 2.71828
1.0 1.0 0.0776704 2.71828
1.0 1.0 0.0792764 2.71828
1.0 1.0 0.079506 2.71828
1.0 1.0 0.0819848 2.71828
1.0 1.0 0.0860224 2.71828
1.0 1.0 0.082504 2.71828
1.0 1.0 0.087895 2.71828
1.0 1.0 0.0876491 2.71828
1.0 1.0 0.0958477 2.71828
1.0 1.0 0.0950087 2.71828
1.0 1.0 0.0846124 2.71828
1.0 1.0 0.0849206 2.71828
1.0 1.0 0.0815547 2.71828
1.0 1.0 0.0857411 2.71828
1.0 1.0 0.0973166 2.71828
1.0 2.0 0.0454892 2.71828
1.0 2.0 0.0531237 2.71828
1.0 2.0 0.0451304 2.71828
1.0 2.0 0.0445655 2.71828
1.0 2.0 0.0453252 2.71828
1.0 2.0 0.0503956 2.71828
1.0 2.0 0.0474291 2.71828
1.0 2.0 0.0444114 2.71828
1.0 2.0 0.0452286 2.71828
1.0 2.0 0.0461095 2.71828
1.0 2.0 0.0438623 2.71828
1.0 2.0 0.0480464 2.71828
1.0 2.0 0.0455102 2.71828
1.0 2.0 0.0484683 2.71828
1.0 2.0 0.0454265 2.71828
1.0 2.0 0.0479933 2.71828
1.0 2.0 0.0434874 2.71828
1.0 2.0 0.0447978 2.71828
1.0 2.0 0.0544641 2.71828
1.0 2.0 0.048726 2.71828
1.0 2.0 0.0468463 2.71828
1.0 2.0 0.0458363 2.71828
1.0 2.0 0.0460483 2.71828
1.0 2.0 0.0492539 2.71828
1.0 2.0 0.047713 2.71828
1.0 2.0 0.045717 2.71828
1.0 2.0 0.0478142 2.71828
1.0 2.0 0.0438975 2.71828
1.0 2.0 0.0442026 2.71828
1.0 2.0 0.0529227 2.71828
1.0 2.0 0.0499598 2.71828
1.0 2.0 0.0447095 2.71828
1.0 2.0 0.048734 2.71828
1.0 2.0 0.0469749 2.71828
1.0 2.0 0.0468567 2.71828
1.0 2.0 0.0461314 2.71828
1.0 2.0 0.0452537 2.71828
1.0 2.0 0.0461843 2.71828
1.0 2.0 0.0455452 2.71828
1.0 2.0 0.0515365 2.71828
1.0 2.0 0.0514127 2.71828
1.0 2.0 0.0552041 2.71828
1.0 2.0 0.0461967 2.71828
1.0 2.0 0.0468233 2.71828
1.0 2.0 0.0455476 2.71828
1.0 2.0 0.0459827 2.71828
1.0 2.0 0.0461606 2.71828
1.0 2.0 0.0442567 2.71828
1.0 2.0 0.048056 2.71828
1.0 2.0 0.0479329 2.71828
1.0 3.0 0.0366676 2.71828
1.0 3.0 0.03656 2.71828
1.0 3.0 0.0365624 2.71828
1.0 3.0 0.0363673 2.71828
1.0 3.0 0.0367368 2.71828
1.0 3.0 0.0392052 2.71828
1.0 3.0 0.0361691 2.71828
1.0 3.0 0.0365878 2.71828
1.0 3.0 0.0365762 2.71828
1.0 3.0 0.0348789 2.71828
1.0 3.0 0.036898 2.71828
1.0 3.0 0.0376399 2.71828
1.0 3.0 0.0361212 2.71828
1.0 3.0 0.0364653 2.71828
1.0 3.0 0.0364397 2.71828
1.0 3.0 0.0363046 2.71828
1.0 3.0 0.0345783 2.71828
1.0 3.0 0.0361049 2.71828
1.0 3.0 0.0362167 2.71828
1.0 3.0 0.0360691 2.71828
1.0 3.0 0.0377467 2.71828
1.0 3.0 0.0363796 2.71828
1.0 3.0 0.0364108 2.71828
1.0 3.0 0.0366446 2.71828
1.0 3.0 0.0425687 2.71828
1.0 3.0 0.0371806 2.71828
1.0 3.0 0.0394354 2.71828
1.0 3.0 0.0359389 2.71828
1.0 3.0 0.0376987 2.71828
1.0 3.0 0.0366988 2.71828
1.0 3.0 0.0366945 2.71828
1.0 3.0 0.0369153 2.71828
1.0 3.0 0.0354132 2.71828
1.0 3.0 0.0351657 2.71828
1.0 3.0 0.0369167 2.71828
1.0 3.0 0.0384624 2.71828
1.0 3.0 0.0362092 2.71828
1.0 3.0 0.0366596 2.71828
1.0 3.0 0.037433 2.71828
1.0 3.0 0.036087 2.71828
1.0 3.0 0.0364522 2.71828
1.0 3.0 0.0364432 2.71828
1.0 3.0 0.0365348 2.71828
1.0 3.0 0.0363153 2.71828
1.0 3.0 0.0373658 2.71828
1.0 3.0 0.0373237 2.71828
1.0 3.0 0.0392635 2.71828
1.0 3.0 0.0357758 2.71828
1.0 3.0 0.0369163 2.71828
1.0 3.0 0.0365542 2.71828
1.0 4.0 0.0386865 2.71828
1.0 4.0 0.0338062 2.71828
1.0 4.0 0.0393012 2.71828
1.0 4.0 0.0395619 2.71828
1.0 4.0 0.0379596 2.71828
1.0 4.0 0.0388299 2.71828
1.0 4.0 0.0382687 2.71828
1.0 4.0 0.0377055 2.71828
1.0 4.0 0.0366626 2.71828
1.0 4.0 0.0399014 2.71828
1.0 4.0 0.0379503 2.71828
1.0 4.0 0.0378014 2.71828
1.0 4.0 0.0388322 2.71828
1.0 4.0 0.0407357 2.71828
1.0 4.0 0.0389599 2.71828
1.0 4.0 0.0357131 2.71828
1.0 4.0 0.0392199 2.71828
1.0 4.0 0.0360888 2.71828
1.0 4.0 0.0407309 2.71828
1.0 4.0 0.0367656 2.71828
1.0 4.0 0.0385696 2.71828
1.0 4.0 0.040266 2.71828
1.0 4.0 0.0427797 2.71828
1.0 4.0 0.0436591 2.71828
1.0 4.0 0.0445384 2.71828
1.0 4.0 0.0457029 2.71828
1.0 4.0 0.0462712 2.71828
1.0 4.0 0.0435418 2.71828
1.0 4.0 0.0458109 2.71828
1.0 4.0 0.0430582 2.71828
1.0 4.0 0.0388053 2.71828
1.0 4.0 0.0403029 2.71828
1.0 4.0 0.0432928 2.71828
1.0 4.0 0.0453579 2.71828
1.0 4.0 0.0449392 2.71828
1.0 4.0 0.0440686 2.71828
1.0 4.0 0.0430855 2.71828
1.0 4.0 0.0402726 2.71828
1.0 4.0 0.0426542 2.71828
1.0 4.0 0.0470274 2.71828
1.0 4.0 0.0416844 2.71828
1.0 4.0 0.040763 2.71828
1.0 4.0 0.0397338 2.71828
1.0 4.0 0.0381844 2.71828
1.0 4.0 0.0418074 2.71828
1.0 4.0 0.0405712 2.71828
1.0 4.0 0.044683 2.71828
1.0 4.0 0.0426294 2.71828
1.0 4.0 0.0400729 2.71828
1.0 4.0 0.0419089 2.71828
1.0 5.0 0.0463115 2.71828
1.0 5.0 0.0465507 2.71828
1.0 5.0 0.0481793 2.71828
1.0 5.0 0.0429856 2.71828
1.0 5.0 0.0504569 2.71828
1.0 5.0 0.0471754 2.71828
1.0 5.0 0.0427099 2.71828
1.0 5.0 0.0850979 2.71828
1.0 5.0 0.0552724 2.71828
1.0 5.0 0.0472594 2.71828
1.0 5.0 0.0435697 2.71828
1.0 5.0 0.0424584 2.71828
1.0 5.0 0.058807 2.71828
1.0 5.0 0.052024 2.71828
1.0 5.0 0.0434519 2.71828
1.0 5.0 0.047756 2.71828
1.0 5.0 0.0415713 2.71828
1.0 5.0 0.0577725 2.71828
1.0 5.0 0.0463468 2.71828
1.0 5.0 0.0397605 2.71828
1.0 5.0 0.0480438 2.71828
1.0 5.0 0.0459278 2.71828
1.0 5.0 0.0411203 2.71828
1.0 5.0 0.0505785 2.71828
1.0 5.0 0.0435403 2.71828
1.0 5.0 0.0501886 2.71828
1.0 5.0 0.043183 2.71828
1.0 5.0 0.0410433 2.71828
1.0 5.0 0.0422151 2.71828
1.0 5.0 0.0459019 2.71828
1.0 5.0 0.0434734 2.71828
1.0 5.0 0.0647366 2.71828
1.0 5.0 0.0471821 2.71828
1.0 5.0 0.0529512 2.71828
1.0 5.0 0.041742 2.71828
1.0 5.0 0.0514771 2.71828
1.0 5.0 0.0512426 2.71828
1.0 5.0 0.043374 2.71828
1.0 5.0 0.0470974 2.71828
1.0 5.0 0.0500594 2.71828
1.0 5.0 0.0629131 2.71828
1.0 5.0 0.0406062 2.71828
1.0 5.0 0.0609007 2.71828
1.0 5.0 0.0431739 2.71828
1.0 5.0 0.0495048 2.71828
1.0 5.0 0.0485913 2.71828
1.0 5.0 0.0451999 2.71828
1.0 5.0 0.0672841 2.71828
1.0 5.0 0.0558623 2.71828
1.0 5.0 0.0468355 2.71828
1.0 6.0 0.0448108 2.71828
1.0 6.0 0.0503824 2.71828
1.0 6.0 0.0463492 2.71828
1.0 6.0 0.0445296 2.71828
1.0 6.0 0.084958 2.71828
1.0 6.0 0.0464524 2.71828
1.0 6.0 0.048097 2.71828
1.0 6.0 0.0461497 2.71828
1.0 6.0 0.0490345 2.71828
1.0 6.0 0.0461712 2.71828
1.0 6.0 0.0551151 2.71828
1.0 6.0 0.0633905 2.71828
1.0 6.0 0.0464005 2.71828
1.0 6.0 0.0524144 2.71828
1.0 6.0 0.0468161 2.71828
1.0 6.0 0.0629866 2.71828
1.0 6.0 0.0516543 2.71828
1.0 6.0 0.0475466 2.71828
1.0 6.0 0.0543511 2.71828
1.0 6.0 0.0441573 2.71828
1.0 6.0 0.0586697 2.71828
1.0 6.0 0.0457343 2.71828
1.0 6.0 0.047647 2.71828
1.0 6.0 0.0481684 2.71828
1.0 6.0 0.044173 2.71828
1.0 6.0 0.0485768 2.71828
1.0 6.0 0.0469349 2.71828
1.0 6.0 0.0483901 2.71828
1.0 6.0 0.0563265 2.71828
1.0 6.0 0.045128 2.71828
1.0 6.0 0.0449558 2.71828
1.0 6.0 0.0557453 2.71828
1.0 6.0 0.0522376 2.71828
1.0 6.0 0.0449027 2.71828
1.0 6.0 0.0461625 2.71828
1.0 6.0 0.0550202 2.71828
1.0 6.0 0.045708 2.71828
1.0 6.0 0.0628207 2.71828
1.0 6.0 0.0481041 2.71828
1.0 6.0 0.0473325 2.71828
1.0 6.0 0.0535853 2.71828
1.0 6.0 0.0446828 2.71828
1.0 6.0 0.0553743 2.71828
1.0 6.0 0.0453811 2.71828
1.0 6.0 0.053945 2.71828
1.0 6.0 0.0535358 2.71828
1.0 6.0 0.0472161 2.71828
1.0 6.0 0.0484699 2.71828
1.0 6.0 0.0456907 2.71828
1.0 6.0 0.0457151 2.71828
1.0 7.0 0.0613993 2.71828
1.0 7.0 0.0683886 2.71828
1.0 7.0 0.0525483 2.71828
1.0 7.0 0.0591096 2.71828
1.0 7.0 0.0773835 2.71828
1.0 7.0 0.0652075 2.71828
1.0 7.0 0.0646353 2.71828
1.0 7.0 0.0495324 2.71828
1.0 7.0 0.0521044 2.71828
1.0 7.0 0.0664328 2.71828
1.0 7.0 0.0517265 2.71828
1.0 7.0 0.055027 2.71828
1.0 7.0 0.069802 2.71828
1.0 7.0 0.070869 2.71828
1.0 7.0 0.0529102 2.71828
1.0 7.0 0.0513255 2.71828
1.0 7.0 0.0534275 2.71828
1.0 7.0 0.0520249 2.71828
1.0 7.0 0.0599132 2.71828
1.0 7.0 0.0508877 2.71828
1.0 7.0 0.0490765 2.71828
1.0 7.0 0.0512284 2.71828
1.0 7.0 0.0610368 2.71828
1.0 7.0 0.062671 2.71828
1.0 7.0 0.0531896 2.71828
1.0 7.0 0.0709907 2.71828
1.0 7.0 0.0625803 2.71828
1.0 7.0 0.0516703 2.71828
1.0 7.0 0.0523536 2.71828
1.0 7.0 0.0548263 2.71828
1.0 7.0 0.0634674 2.71828
1.0 7.0 0.0502114 2.71828
1.0 7.0 0.0549751 2.71828
1.0 7.0 0.0704962 2.71828
1.0 7.0 0.0650149 2.71828
1.0 7.0 0.0515829 2.71828
1.0 7.0 0.0645709 2.71828
1.0 7.0 0.051811 2.71828
1.0 7.0 0.0531033 2.71828
1.0 7.0 0.065289 2.71828
1.0 7.0 0.0645457 2.71828
1.0 7.0 0.0499348 2.71828
1.0 7.0 0.0704803 2.71828
1.0 7.0 0.0507931 2.71828
1.0 7.0 0.0527922 2.71828
1.0 7.0 0.0519845 2.71828
1.0 7.0 0.0502945 2.71828
1.0 7.0 0.0538637 2.71828
1.0 7.0 0.0497769 2.71828
1.0 7.0 0.0503256 2.71828
1.0 8.0 0.0584899 2.71828
1.0 8.0 0.0833553 2.71828
1.0 8.0 0.0723916 2.71828
1.0 8.0 0.0591377 2.71828
1.0 8.0 0.0860415 2.71828
1.0 8.0 0.056889 2.71828
1.0 8.0 0.0560895 2.71828
1.0 8.0 0.0545364 2.71828
1.0 8.0 0.0557252 2.71828
1.0 8.0 0.0541105 2.71828
1.0 8.0 0.0539583 2.71828
1.0 8.0 0.0582303 2.71828
1.0 8.0 0.0839891 2.71828
1.0 8.0 0.0559799 2.71828
1.0 8.0 0.0824388 2.71828
1.0 8.0 0.0564975 2.71828
1.0 8.0 0.0681587 2.71828
1.0 8.0 0.0742546 2.71828
1.0 8.0 0.0549612 2.71828
1.0 8.0 0.0570988 2.71828
1.0 8.0 0.0556725 2.71828
1.0 8.0 0.0557756 2.71828
1.0 8.0 0.0805112 2.71828
1.0 8.0 0.0740059 2.71828
1.0 8.0 0.0555339 2.71828
1.0 8.0 0.0787174 2.71828
1.0 8.0 0.0575827 2.71828
1.0 8.0 0.0556546 2.71828
1.0 8.0 0.0560609 2.71828
1.0 8.0 0.0564226 2.71828
1.0 8.0 0.0560263 2.71828
1.0 8.0 0.0564666 2.71828
1.0 8.0 0.0551086 2.71828
1.0 8.0 0.0567037 2.71828
1.0 8.0 0.0569971 2.71828
1.0 8.0 0.0566257 2.71828
1.0 8.0 0.0780482 2.71828
1.0 8.0 0.0563838 2.71828
1.0 8.0 0.0562291 2.71828
1.0 8.0 0.056327 2.71828
1.0 8.0 0.0609075 2.71828
1.0 8.0 0.0565342 2.71828
1.0 8.0 0.0722981 2.71828
1.0 8.0 0.0599858 2.71828
1.0 8.0 0.0580987 2.71828
1.0 8.0 0.0570891 2.71828
1.0 8.0 0.0790374 2.71828
1.0 8.0 0.0828292 2.71828
1.0 8.0 0.0568377 2.71828
1.0 8.0 0.0579982 2.71828
1.0 9.0 0.0614753 2.71828
1.0 9.0 0.0681437 2.71828
1.0 9.0 0.0662974 2.71828
1.0 9.0 0.061317 2.71828
1.0 9.0 0.0833091 2.71828
1.0 9.0 0.0628498 2.71828
1.0 9.0 0.0625453 2.71828
1.0 9.0 0.0590683 2.71828
1.0 9.0 0.0639968 2.71828
1.0 9.0 0.0626885 2.71828
1.0 9.0 0.0633327 2.71828
1.0 9.0 0.0615929 2.71828
1.0 9.0 0.0750769 2.71828
1.0 9.0 0.0624996 2.71828
1.0 9.0 0.0642519 2.71828
1.0 9.0 0.0623283 2.71828
1.0 9.0 0.0812016 2.71828
1.0 9.0 0.0641835 2.71828
1.0 9.0 0.0630702 2.71828
1.0 9.0 0.0653774 2.71828
1.0 9.0 0.0637386 2.71828
1.0 9.0 0.0634607 2.71828
1.0 9.0 0.0823955 2.71828
1.0 9.0 0.0624017 2.71828
1.0 9.0 0.0629625 2.71828
1.0 9.0 0.0625201 2.71828
1.0 9.0 0.089033 2.71828
1.0 9.0 0.068433 2.71828
1.0 9.0 0.0822585 2.71828
1.0 9.0 0.063206 2.71828
1.0 9.0 0.0611884 2.71828
1.0 9.0 0.0626304 2.71828
1.0 9.0 0.06232 2.71828
1.0 9.0 0.0742874 2.71828
1.0 9.0 0.104098 2.71828
1.0 9.0 0.0639775 2.71828
1.0 9.0 0.0650679 2.71828
1.0 9.0 0.114388 2.71828
1.0 9.0 0.106736 2.71828
1.0 9.0 0.0610629 2.71828
1.0 9.0 0.0625038 2.71828
1.0 9.0 0.0686047 2.71828
1.0 9.0 0.0616762 2.71828
1.0 9.0 0.104548 2.71828
1.0 9.0 0.0690199 2.71828
1.0 9.0 0.0794786 2.71828
1.0 9.0 0.0731592 2.71828
1.0 9.0 0.0651004 2.71828
1.0 9.0 0.0635363 2.71828
1.0 9.0 0.0614815 2.71828
1.0 10.0 0.110603 2.71828
1.0 10.0 0.118163 2.71828
1.0 10.0 0.0658249 2.71828
1.0 10.0 0.0723633 2.71828
1.0 10.0 0.0743432 2.71828
1.0 10.0 0.0791492 2.71828
1.0 10.0 0.0728221 2.71828
1.0 10.0 0.0781156 2.71828
1.0 10.0 0.0769721 2.71828
1.0 10.0 0.068826 2.71828
1.0 10.0 0.066313 2.71828
1.0 10.0 0.0663814 2.71828
1.0 10.0 0.0668557 2.71828
1.0 10.0 0.0771389 2.71828
1.0 10.0 0.0677472 2.71828
1.0 10.0 0.0669762 2.71828
1.0 10.0 0.0662955 2.71828
1.0 10.0 0.0779601 2.71828
1.0 10.0 0.065656 2.71828
1.0 10.0 0.0789368 2.71828
1.0 10.0 0.0673995 2.71828
1.0 10.0 0.0658236 2.71828
1.0 10.0 0.0757609 2.71828
1.0 10.0 0.0662376 2.71828
1.0 10.0 0.070356 2.71828
1.0 10.0 0.06667 2.71828
1.0 10.0 0.109623 2.71828
1.0 10.0 0.0678165 2.71828
1.0 10.0 0.0769755 2.71828
1.0 10.0 0.0665343 2.71828
1.0 10.0 0.0702764 2.71828
1.0 10.0 0.0700912 2.71828
1.0 10.0 0.0669075 2.71828
1.0 10.0 0.067745 2.71828
1.0 10.0 0.0680468 2.71828
1.0 10.0 0.063394 2.71828
1.0 10.0 0.0689896 2.71828
1.0 10.0 0.0672722 2.71828
1.0 10.0 0.0692623 2.71828
1.0 10.0 0.0668648 2.71828
1.0 10.0 0.0664786 2.71828
1.0 10.0 0.0867174 2.71828
1.0 10.0 0.0669971 2.71828
1.0 10.0 0.0674121 2.71828
1.0 10.0 0.0656651 2.71828
1.0 10.0 0.0649924 2.71828
1.0 10.0 0.0648964 2.71828
1.0 10.0 0.065444 2.71828
1.0 10.0 0.0712356 2.71828
1.0 10.0 0.102343 2.71828
1.0 11.0 0.0762818 2.71828
1.0 11.0 0.0596651 2.71828
1.0 11.0 0.0643315 2.71828
1.0 11.0 0.0591571 2.71828
1.0 11.0 0.0657765 2.71828
1.0 11.0 0.0594558 2.71828
1.0 11.0 0.059221 2.71828
1.0 11.0 0.0596061 2.71828
1.0 11.0 0.0725874 2.71828
1.0 11.0 0.0652731 2.71828
1.0 11.0 0.0577543 2.71828
1.0 11.0 0.058453 2.71828
1.0 11.0 0.067534 2.71828
1.0 11.0 0.0729357 2.71828
1.0 11.0 0.0593118 2.71828
1.0 11.0 0.0591457 2.71828
1.0 11.0 0.0563194 2.71828
1.0 11.0 0.0582186 2.71828
1.0 11.0 0.0614415 2.71828
1.0 11.0 0.0578193 2.71828
1.0 11.0 0.0837925 2.71828
1.0 11.0 0.0688618 2.71828
1.0 11.0 0.0598379 2.71828
1.0 11.0 0.0582145 2.71828
1.0 11.0 0.0584726 2.71828
1.0 11.0 0.0596234 2.71828
1.0 11.0 0.056489 2.71828
1.0 11.0 0.0574412 2.71828
1.0 11.0 0.0968958 2.71828
1.0 11.0 0.0578969 2.71828
1.0 11.0 0.0583732 2.71828
1.0 11.0 0.0573918 2.71828
1.0 11.0 0.074601 2.71828
1.0 11.0 0.0603579 2.71828
1.0 11.0 0.0965104 2.71828
1.0 11.0 0.0581983 2.71828
1.0 11.0 0.0607538 2.71828
1.0 11.0 0.05832 2.71828
1.0 11.0 0.0591627 2.71828
1.0 11.0 0.0614452 2.71828
1.0 11.0 0.0672792 2.71828
1.0 11.0 0.0666733 2.71828
1.0 11.0 0.0562126 2.71828
1.0 11.0 0.058541 2.71828
1.0 11.0 0.0587728 2.71828
1.0 11.0 0.0561034 2.71828
1.0 11.0 0.0599868 2.71828
1.0 11.0 0.0575989 2.71828
1.0 11.0 0.0582274 2.71828
1.0 11.0 0.0638465 2.71828
1.0 12.0 0.0581204 2.71828
1.0 12.0 0.058237 2.71828
1.0 12.0 0.0576069 2.71828
1.0 12.0 0.0582385 2.71828
1.0 12.0 0.0577464 2.71828
1.0 12.0 0.0601947 2.71828
1.0 12.0 0.0669388 2.71828
1.0 12.0 0.0754352 2.71828
1.0 12.0 0.10026 2.71828
1.0 12.0 0.0612166 2.71828
1.0 12.0 0.0549046 2.71828
1.0 12.0 0.0613899 2.71828
1.0 12.0 0.057494 2.71828
1.0 12.0 0.0572588 2.71828
1.0 12.0 0.059008 2.71828
1.0 12.0 0.0580459 2.71828
1.0 12.0 0.0811171 2.71828
1.0 12.0 0.0582522 2.71828
1.0 12.0 0.0583056 2.71828
1.0 12.0 0.0701966 2.71828
1.0 12.0 0.0631662 2.71828
1.0 12.0 0.0588287 2.71828
1.0 12.0 0.0582192 2.71828
1.0 12.0 0.0604179 2.71828
1.0 12.0 0.058071 2.71828
1.0 12.0 0.0589109 2.71828
1.0 12.0 0.0580385 2.71828
1.0 12.0 0.0589673 2.71828
1.0 12.0 0.0594101 2.71828
1.0 12.0 0.0891929 2.71828
1.0 12.0 0.0596338 2.71828
1.0 12.0 0.0577615 2.71828
1.0 12.0 0.0810369 2.71828
1.0 12.0 0.0573712 2.71828
1.0 12.0 0.0572214 2.71828
1.0 12.0 0.0583818 2.71828
1.0 12.0 0.0616985 2.71828
1.0 12.0 0.0575477 2.71828
1.0 12.0 0.0655733 2.71828
1.0 12.0 0.0589463 2.71828
1.0 12.0 0.108951 2.71828
1.0 12.0 0.0571369 2.71828
1.0 12.0 0.0755087 2.71828
1.0 12.0 0.0675304 2.71828
1.0 12.0 0.059034 2.71828
1.0 12.0 0.059034 2.71828
1.0 12.0 0.059034 2.71828
1.0 12.0 0.059034 2.71828
1.0 12.0 0.059034 2.71828
1.0 12.0 0.059034 2.71828
2.0 1.0 0.582302 -0.0
2.0 1.0 0.858863 -8.43827e-33
2.0 1.0 0.852249 -8.43827e-33
2.0 1.0 0.28383 -0.0
2.0 1.0 0.804191 -1.7325e-31
2.0 1.0 0.589355 -0.0
2.0 1.0 0.850223 -8.43827e-33
2.0 1.0 0.819044 -8.43827e-33
2.0 1.0 0.844988 -8.43827e-33
2.0 1.0 0.839741 -2.01644e-31
2.0 1.0 0.588401 -0.0
2.0 1.0 0.793239 -5.02058e-32
2.0 1.0 0.85708 -5.02058e-32
2.0 1.0 0.958533 -8.43827e-33
2.0 1.0 0.793327 -8.43827e-33
2.0 1.0 0.551231 -0.0
2.0 1.0 0.791097 -8.43827e-33
2.0 1.0 0.69095 -0.0
2.0 1.0 0.274993 -0.0
2.0 1.0 0.894269 -8.43827e-33
2.0 1.0 0.849871 -4.33559e-32
2.0 1.0 0.818606 -5.02058e-32
2.0 1.0 0.811589 -5.02058e-32
2.0 1.0 0.848271 -8.43827e-33
2.0 1.0 0.855834 -2.01644e-31
2.0 1.0 0.793806 -8.43827e-33
2.0 1.0 0.946735 -2.03723e-31
2.0 1.0 0.879339 -8.43827e-33
2.0 1.0 0.779068 -8.43827e-33
2.0 1.0 0.572383 -0.0
2.0 1.0 0.25586 -0.0
2.0 1.0 0.79761 -8.43827e-33
2.0 1.0 0.558259 -0.0
2.0 1.0 0.863868 -8.43827e-33
2.0 1.0 0.802426 -8.43827e-33
2.0 1.0 0.590228 -0.0
2.0 1.0 0.88674 -8.43827e-33
2.0 1.0 0.760833 -6.77826e-31
2.0 1.0 0.623877 -0.0
2.0 1.0 0.794777 -5.02058e-32
2.0 1.0 0.804525 -8.43827e-33
2.0 1.0 0.827719 -8.43827e-33
2.0 1.0 0.811111 -8.43827e-33
2.0 1.0 0.884353 -2.03723e-31
2.0 1.0 0.800549 -2.03723e-31
2.0 1.0 0.785963 -5.02058e-32
2.0 1.0 0.790378 -8.43827e-33
2.0 1.0 0.961551 -8.43827e-33
2.0 1.0 0.796015 -5.02058e-32
2.0 1.0 0.81357 -8.43827e-33
2.0 2.0 0.400314 -5.02058e-32
2.0 2.0 0.409543 -5.02058e-32
2.0 2.0 0.400726 -8.43827e-33
2.0 2.0 0.420805 -8.43827e-33
2.0 2.0 0.140036 -0.0
2.0 2.0 0.402732 -2.03723e-31
2.0 2.0 0.411403 -5.02058e-32
2.0 2.0 0.279839 -0.0
2.0 2.0 0.284153 -0.0
2.0 2.0 0.314314 -0.0
2.0 2.0 0.435866 -8.43827e-33
2.0 2.0 0.404614 -8.43827e-33
2.0 2.0 0.296067 -0.0
2.0 2.0 0.304675 -0.0
2.0 2.0 0.407511 -8.43827e-33
2.0 2.0 0.394914 -8.43827e-33
2.0 2.0 0.392489 -5.02058e-32
2.0 2.0 0.40453 -1.7325e-31
2.0 2.0 0.446828 -2.01644e-31
2.0 2.0 0.294308 -0.0
2.0 2.0 0.412202 -8.43827e-33
2.0 2.0 0.430248 -8.43827e-33
2.0 2.0 0.409554 -8.43827e-33
2.0 2.0 0.310207 -0.0
2.0 2.0 0.403418 -8.43827e-33
2.0 2.0 0.139141 -0.0
2.0 2.0 0.303914 -0.0
2.0 2.0 0.435533 -5.02058e-32
2.0 2.0 0.143402 -0.0
2.0 2.0 0.304337 -0.0
2.0 2.0 0.316667 -0.0
2.0 2.0 0.40151 -8.43827e-33
2.0 2.0 0.44092 -5.02058e-32
2.0 2.0 0.448714 -8.43827e-33
2.0 2.0 0.441027 -8.43827e-33
2.0 2.0 0.399007 -8.43827e-33
2.0 2.0 0.442521 -4.33559e-32
2.0 2.0 0.299456 -0.0
2.0 2.0 0.454663 -5.02058e-32
2.0 2.0 0.314501 -0.0
2.0 2.0 0.432759 -5.02058e-32
2.0 2.0 0.433231 -8.43827e-33
2.0 2.0 0.410549 -5.02058e-32
2.0 2.0 0.437252 -8.43827e-33
2.0 2.0 0.398679 -8.43827e-33
2.0 2.0 0.432595 -8.43827e-33
2.0 2.0 0.447937 -8.43827e-33
2.0 2.0 0.302057 -0.0
2.0 2.0 0.441719 -8.43827e-33
2.0 2.0 0.441906 -8.43827e-33
2.0 3.0 0.297874 -4.33559e-32
2.0 3.0 0.100184 -0.0
2.0 3.0 0.0847235 -0.0
2.0 3.0 0.296681 -4.33559e-32
2.0 3.0 0.296119 -5.02058e-32
2.0 3.0 0.294982 -8.43827e-33
2.0 3.0 0.295116 -8.43827e-33
2.0 3.0 0.294574 -8.43827e-33
2.0 3.0 0.29556 -8.43827e-33
2.0 3.0 0.295388 -8.43827e-33
2.0 3.0 0.209837 -0.0
2.0 3.0 0.215288 -0.0
2.0 3.0 0.295 -8.43827e-33
2.0 3.0 0.294134 -8.43827e-33
2.0 3.0 0.0974317 -0.0
2.0 3.0 0.21457 -0.0
2.0 3.0 0.295189 -8.43827e-33
2.0 3.0 0.294601 -2.01644e-31
2.0 3.0 0.198608 -0.0
2.0 3.0 0.0967906 -0.0
2.0 3.0 0.298054 -5.02058e-32
2.0 3.0 0.278322 -7.10571e-31
2.0 3.0 0.293552 -2.01644e-31
2.0 3.0 0.310755 -8.43827e-33
2.0 3.0 0.206965 -0.0
2.0 3.0 0.289824 -2.01644e-31
2.0 3.0 0.215829 -0.0
2.0 3.0 0.298225 -5.02058e-32
2.0 3.0 0.29741 -5.02058e-32
2.0 3.0 0.210831 -0.0
2.0 3.0 0.210897 -0.0
2.0 3.0 0.209157 -0.0
2.0 3.0 0.19586 -0.0
2.0 3.0 0.277603 -8.43827e-33
2.0 3.0 0.284878 -2.03723e-31
2.0 3.0 0.210335 -0.0
2.0 3.0 0.28802 -2.01644e-31
2.0 3.0 0.212474 -0.0
2.0 3.0 0.29448 -8.43827e-33
2.0 3.0 0.209587 -0.0
2.0 3.0 0.205581 -0.0
2.0 3.0 0.300157 -8.43827e-33
2.0 3.0 0.295408 -8.43827e-33
2.0 3.0 0.300195 -5.02058e-32
2.0 3.0 0.197329 -0.0
2.0 3.0 0.281964 -4.33559e-32
2.0 3.0 0.28449 -5.02058e-32
2.0 3.0 0.297117 -5.02058e-32
2.0 3.0 0.295242 -4.33559e-32
2.0 3.0 0.279618 -8.43827e-33
2.0 4.0 0.215834 -8.43827e-33
2.0 4.0 0.0670723 -0.0
2.0 4.0 0.201618 -8.43827e-33
2.0 4.0 0.192191 -8.43827e-33
2.0 4.0 0.196803 -5.02058e-32
2.0 4.0 0.210415 -5.02058e-32
2.0 4.0 0.209706 -5.02058e-32
2.0 4.0 0.144909 -0.0
2.0 4.0 0.061455 -0.0
2.0 4.0 0.21399 -2.03723e-31
2.0 4.0 0.211687 -8.43827e-33
2.0 4.0 0.143693 -0.0
2.0 4.0 0.205752 -8.43827e-33
2.0 4.0 0.145889 -0.0
2.0 4.0 0.208811 -8.43827e-33
2.0 4.0 0.202081 -8.43827e-33
2.0 4.0 0.143351 -0.0
2.0 4.0 0.214821 -8.43827e-33
2.0 4.0 0.144518 -0.0
2.0 4.0 0.205608 -5.02058e-32
2.0 4.0 0.194992 -5.02058e-32
2.0 4.0 0.152015 -0.0
2.0 4.0 0.22103 -8.43827e-33
2.0 4.0 0.0619605 -0.0
2.0 4.0 0.143543 -0.0
2.0 4.0 0.143913 -0.0
2.0 4.0 0.14075 -0.0
2.0 4.0 0.139806 -0.0
2.0 4.0 0.217119 -8.43827e-33
2.0 4.0 0.129591 -0.0
2.0 4.0 0.201929 -2.01644e-31
2.0 4.0 0.125229 -0.0
2.0 4.0 0.201063 -4.33559e-32
2.0 4.0 0.0683688 -0.0
2.0 4.0 0.186811 -8.43827e-33
2.0 4.0 0.196646 -2.01644e-31
2.0 4.0 0.0606931 -0.0
2.0 4.0 0.200045 -8.43827e-33
2.0 4.0 0.21487 -5.02058e-32
2.0 4.0 0.143467 -0.0
2.0 4.0 0.141038 -0.0
2.0 4.0 0.0639705 -0.0
2.0 4.0 0.237562 -4.33559e-32
2.0 4.0 0.189093 -8.43827e-33
2.0 4.0 0.259161 -5.02058e-32
2.0 4.0 0.204115 -5.02058e-32
2.0 4.0 0.196974 -0.0
2.0 4.0 0.205047 -8.43827e-33
2.0 4.0 0.198192 -8.43827e-33
2.0 4.0 0.218977 -4.33559e-32
2.0 5.0 0.163064 -8.43827e-33
2.0 5.0 0.163107 -5.02058e-32
2.0 5.0 0.161391 -8.43827e-33
2.0 5.0 0.168829 -8.43827e-33
2.0 5.0 0.157196 -8.43827e-33
2.0 5.0 0.116419 -0.0
2.0 5.0 0.195341 -0.0
2.0 5.0 0.171316 -8.43827e-33
2.0 5.0 0.138807 -0.0
2.0 5.0 0.161183 -8.43827e-33
2.0 5.0 0.170713 -8.43827e-33
2.0 5.0 0.163968 -8.43827e-33
2.0 5.0 0.1725 -8.43827e-33
2.0 5.0 0.176051 -8.43827e-33
2.0 5.0 0.157709 -8.43827e-33
2.0 5.0 0.178007 -8.43827e-33
2.0 5.0 0.0749457 -0.0
2.0 5.0 0.163782 -8.43827e-33
2.0 5.0 0.130606 -0.0
2.0 5.0 0.124158 -0.0
2.0 5.0 0.166002 -8.43827e-33
2.0 5.0 0.163424 -8.43827e-33
2.0 5.0 0.168504 -8.43827e-33
2.0 5.0 0.123471 -0.0
2.0 5.0 0.166804 -5.02058e-32
2.0 5.0 0.124634 -0.0
2.0 5.0 0.166349 -2.03723e-31
2.0 5.0 0.114927 -0.0
2.0 5.0 0.0679083 -0.0
2.0 5.0 0.163083 -5.02058e-32
2.0 5.0 0.128083 -0.0
2.0 5.0 0.177133 -8.43827e-33
2.0 5.0 0.160988 -8.43827e-33
2.0 5.0 0.163841 -8.43827e-33
2.0 5.0 0.167696 -8.43827e-33
2.0 5.0 0.171179 -5.02058e-32
2.0 5.0 0.172238 -5.02058e-32
2.0 5.0 0.165535 -8.43827e-33
2.0 5.0 0.157723 -8.43827e-33
2.0 5.0 0.157784 -8.43827e-33
2.0 5.0 0.114876 -0.0
2.0 5.0 0.171184 -8.43827e-33
2.0 5.0 0.315785 -1.7325e-31
2.0 5.0 0.166179 -8.43827e-33
2.0 5.0 0.165607 -8.43827e-33
2.0 5.0 0.168326 -8.43827e-33
2.0 5.0 0.16148 -8.43827e-33
2.0 5.0 0.163075 -2.03723e-31
2.0 5.0 0.11944 -0.0
2.0 5.0 0.121798 -0.0
2.0 6.0 0.168959 -8.43827e-33
2.0 6.0 0.166735 -8.43827e-33
2.0 6.0 0.167663 -4.33559e-32
2.0 6.0 0.154411 -4.33559e-32
2.0 6.0 0.167785 -8.43827e-33
2.0 6.0 0.168125 -8.43827e-33
2.0 6.0 0.160268 -2.03723e-31
2.0 6.0 0.161449 -8.43827e-33
2.0 6.0 0.16771 -8.43827e-33
2.0 6.0 0.164788 -8.43827e-33
2.0 6.0 0.125467 -0.0
2.0 6.0 0.0708915 -0.0
2.0 6.0 0.160224 -8.43827e-33
2.0 6.0 0.159951 -2.03723e-31
2.0 6.0 0.0619535 -0.0
2.0 6.0 0.160935 -8.43827e-33
2.0 6.0 0.172434 -8.43827e-33
2.0 6.0 0.16813 -8.43827e-33
2.0 6.0 0.164158 -8.43827e-33
2.0 6.0 0.241243 -8.43827e-33
2.0 6.0 0.175041 -4.33559e-32
2.0 6.0 0.123152 -0.0
2.0 6.0 0.162992 -8.43827e-33
2.0 6.0 0.161103 -8.43827e-33
2.0 6.0 0.17336 -8.43827e-33
2.0 6.0 0.163283 -8.43827e-33
2.0 6.0 0.169246 -4.33559e-32
2.0 6.0 0.166056 -8.43827e-33
2.0 6.0 0.1721 -8.43827e-33
2.0 6.0 0.165371 -8.43827e-33
2.0 6.0 0.119446 -0.0
2.0 6.0 0.253665 -5.02058e-32
2.0 6.0 0.162586 -5.02058e-32
2.0 6.0 0.119915 -0.0
2.0 6.0 0.115836 -0.0
2.0 6.0 0.0643857 -0.0
2.0 6.0 0.125264 -0.0
2.0 6.0 0.119675 -0.0
2.0 6.0 0.125954 -0.0
2.0 6.0 0.212699 -4.33559e-32
2.0 6.0 0.0613802 -0.0
2.0 6.0 0.128036 -0.0
2.0 6.0 0.124182 -0.0
2.0 6.0 0.203546 -8.43827e-33
2.0 6.0 0.177687 -4.33559e-32
2.0 6.0 0.116696 -0.0
2.0 6.0 0.171145 -8.43827e-33
2.0 6.0 0.062575 -0.0
2.0 6.0 0.169055 -8.43827e-33
2.0 6.0 0.161955 -8.43827e-33
2.0 7.0 0.149203 -8.43827e-33
2.0 7.0 0.149691 -8.43827e-33
2.0 7.0 0.106187 -0.0
2.0 7.0 0.13767 -8.43827e-33
2.0 7.0 0.108802 -0.0
2.0 7.0 0.142671 -5.02058e-32
2.0 7.0 0.107744 -0.0
2.0 7.0 0.111162 -0.0
2.0 7.0 0.140249 -8.43827e-33
2.0 7.0 0.15555 -5.02058e-32
2.0 7.0 0.138735 -2.01644e-31
2.0 7.0 0.128372 -0.0
2.0 7.0 0.136987 -8.43827e-33
2.0 7.0 0.140569 -5.02058e-32
2.0 7.0 0.141831 -8.43827e-33
2.0 7.0 0.0758515 -0.0
2.0 7.0 0.110646 -0.0
2.0 7.0 0.154437 -5.02058e-32
2.0 7.0 0.0748345 -0.0
2.0 7.0 0.14528 -8.43827e-33
2.0 7.0 0.140202 -4.33559e-32
2.0 7.0 0.141907 -8.43827e-33
2.0 7.0 0.075231 -0.0
2.0 7.0 0.105363 -0.0
2.0 7.0 0.141095 -5.02058e-32
2.0 7.0 0.0758847 -0.0
2.0 7.0 0.141831 -8.43827e-33
2.0 7.0 0.104536 -0.0
2.0 7.0 0.103895 -0.0
2.0 7.0 0.117189 -0.0
2.0 7.0 0.138655 -8.43827e-33
2.0 7.0 0.124836 -0.0
2.0 7.0 0.065199 -0.0
2.0 7.0 0.153446 -8.43827e-33
2.0 7.0 0.142126 -5.02058e-32
2.0 7.0 0.101897 -0.0
2.0 7.0 0.151961 -8.43827e-33
2.0 7.0 0.153745 -5.02058e-32
2.0 7.0 0.152511 -8.43827e-33
2.0 7.0 0.14113 -4.33559e-32
2.0 7.0 0.0745457 -0.0
2.0 7.0 0.145716 -8.43827e-33
2.0 7.0 0.108161 -0.0
2.0 7.0 0.140356 -8.43827e-33
2.0 7.0 0.152582 -8.43827e-33
2.0 7.0 0.115307 -0.0
2.0 7.0 0.141109 -8.43827e-33
2.0 7.0 0.0798407 -0.0
2.0 7.0 0.154113 -5.02058e-32
2.0 7.0 0.117039 -0.0
2.0 8.0 0.165666 -8.43827e-33
2.0 8.0 0.145528 -8.43827e-33
2.0 8.0 0.142661 -8.43827e-33
2.0 8.0 0.145599 -8.43827e-33
2.0 8.0 0.147863 -5.02058e-32
2.0 8.0 0.165205 -8.43827e-33
2.0 8.0 0.147476 -8.43827e-33
2.0 8.0 0.156412 -2.01644e-31
2.0 8.0 0.189322 -5.02058e-32
2.0 8.0 0.0667241 -0.0
2.0 8.0 0.166976 -2.03723e-31
2.0 8.0 0.119709 -0.0
2.0 8.0 0.114271 -0.0
2.0 8.0 0.176422 -8.43827e-33
2.0 8.0 0.15973 -8.43827e-33
2.0 8.0 0.165094 -8.43827e-33
2.0 8.0 0.147338 -8.43827e-33
2.0 8.0 0.146582 -8.43827e-33
2.0 8.0 0.145299 -5.02058e-32
2.0 8.0 0.0666025 -0.0
2.0 8.0 0.0659259 -0.0
2.0 8.0 0.160643 -4.33559e-32
2.0 8.0 0.141349 -8.43827e-33
2.0 8.0 0.144132 -8.43827e-33
2.0 8.0 0.165983 -7.10571e-31
2.0 8.0 0.146313 -2.03723e-31
2.0 8.0 0.104637 -0.0
2.0 8.0 0.144294 -8.43827e-33
2.0 8.0 0.144734 -8.43827e-33
2.0 8.0 0.10794 -0.0
2.0 8.0 0.149741 -8.43827e-33
2.0 8.0 0.14525 -5.02058e-32
2.0 8.0 0.145341 -5.02058e-32
2.0 8.0 0.15468 -4.33559e-32
2.0 8.0 0.113382 -0.0
2.0 8.0 0.160437 -4.33559e-32
2.0 8.0 0.144431 -8.43827e-33
2.0 8.0 0.144989 -4.33559e-32
2.0 8.0 0.143737 -8.43827e-33
2.0 8.0 0.146318 -5.02058e-32
2.0 8.0 0.0658103 -0.0
2.0 8.0 0.145191 -8.43827e-33
2.0 8.0 0.065927 -0.0
2.0 8.0 0.152319 -6.77826e-31
2.0 8.0 0.143748 -8.43827e-33
2.0 8.0 0.115241 -0.0
2.0 8.0 0.144329 -2.03723e-31
2.0 8.0 0.144408 -8.43827e-33
2.0 8.0 0.143382 -4.33559e-32
2.0 8.0 0.114055 -0.0
2.0 9.0 0.136746 -5.02058e-32
2.0 9.0 0.135562 -8.43827e-33
2.0 9.0 0.122952 -0.0
2.0 9.0 0.139666 -8.43827e-33
2.0 9.0 0.104373 -0.0
2.0 9.0 0.16755 -7.10571e-31
2.0 9.0 0.13078 -8.43827e-33
2.0 9.0 0.141496 -4.33559e-32
2.0 9.0 0.129022 -5.02058e-32
2.0 9.0 0.129293 -5.02058e-32
2.0 9.0 0.137028 -8.43827e-33
2.0 9.0 0.129172 -8.43827e-33
2.0 9.0 0.129358 -8.43827e-33
2.0 9.0 0.129304 -8.43827e-33
2.0 9.0 0.131355 -8.43827e-33
2.0 9.0 0.130635 -8.43827e-33
2.0 9.0 0.169448 -8.43827e-33
2.0 9.0 0.128904 -8.43827e-33
2.0 9.0 0.104631 -0.0
2.0 9.0 0.10266 -0.0
2.0 9.0 0.13948 -8.43827e-33
2.0 9.0 0.13026 -8.43827e-33
2.0 9.0 0.170052 -8.43827e-33
2.0 9.0 0.130422 -8.43827e-33
2.0 9.0 0.140234 -8.43827e-33
2.0 9.0 0.132606 -0.0
2.0 9.0 0.123906 -5.02058e-32
2.0 9.0 0.12635 -0.0
2.0 9.0 0.173295 -5.02058e-32
2.0 9.0 0.140557 -5.02058e-32
2.0 9.0 0.104006 -0.0
2.0 9.0 0.140591 -8.43827e-33
2.0 9.0 0.14045 -5.02058e-32
2.0 9.0 0.140587 -8.43827e-33
2.0 9.0 0.129745 -5.02058e-32
2.0 9.0 0.170596 -8.43827e-33
2.0 9.0 0.105194 -0.0
2.0 9.0 0.109535 -0.0
2.0 9.0 0.107257 -0.0
2.0 9.0 0.131675 -8.43827e-33
2.0 9.0 0.166681 -5.02058e-32
2.0 9.0 0.142413 -8.43827e-33
2.0 9.0 0.142172 -8.43827e-33
2.0 9.0 0.128474 -5.02058e-32
2.0 9.0 0.127849 -8.43827e-33
2.0 9.0 0.131105 -8.43827e-33
2.0 9.0 0.104029 -0.0
2.0 9.0 0.134908 -8.43827e-33
2.0 9.0 0.1344 -8.43827e-33
2.0 9.0 0.148182 -5.02058e-32
2.0 10.0 0.129123 -8.43827e-33
2.0 10.0 0.101377 -0.0
2.0 10.0 0.077427 -0.0
2.0 10.0 0.112238 -0.0
2.0 10.0 0.0769584 -0.0
2.0 10.0 0.193591 -8.43827e-33
2.0 10.0 0.124872 -8.43827e-33
2.0 10.0 0.101535 -0.0
2.0 10.0 0.12576 -4.33559e-32
2.0 10.0 0.126073 -8.43827e-33
2.0 10.0 0.125259 -8.43827e-33
2.0 10.0 0.12687 -8.43827e-33
2.0 10.0 0.126156 -8.43827e-33
2.0 10.0 0.0930042 -0.0
2.0 10.0 0.166756 -8.43827e-33
2.0 10.0 0.074606 -0.0
2.0 10.0 0.141721 -8.43827e-33
2.0 10.0 0.130283 -8.43827e-33
2.0 10.0 0.128241 -8.43827e-33
2.0 10.0 0.104338 -0.0
2.0 10.0 0.130139 -8.43827e-33
2.0 10.0 0.103157 -0.0
2.0 10.0 0.126392 -5.02058e-32
2.0 10.0 0.136483 -1.7325e-31
2.0 10.0 0.127786 -5.02058e-32
2.0 10.0 0.151457 -1.7325e-31
2.0 10.0 0.0741752 -0.0
2.0 10.0 0.166092 -5.02058e-32
2.0 10.0 0.16913 -8.43827e-33
2.0 10.0 0.126097 -4.33559e-32
2.0 10.0 0.144878 -8.43827e-33
2.0 10.0 0.1311 -8.43827e-33
2.0 10.0 0.0925946 -0.0
2.0 10.0 0.1136 -0.0
2.0 10.0 0.124569 -5.02058e-32
2.0 10.0 0.139586 -8.43827e-33
2.0 10.0 0.124469 -2.01644e-31
2.0 10.0 0.102277 -0.0
2.0 10.0 0.111424 -0.0
2.0 10.0 0.139215 -8.43827e-33
2.0 10.0 0.125365 -4.33559e-32
2.0 10.0 0.074647 -0.0
2.0 10.0 0.125015 -8.43827e-33
2.0 10.0 0.126013 -8.43827e-33
2.0 10.0 0.11352 -0.0
2.0 10.0 0.120742 -0.0
2.0 10.0 0.211748 -1.7325e-31
2.0 10.0 0.105542 -0.0
2.0 10.0 0.184884 -2.01644e-31
2.0 10.0 0.12593 -8.43827e-33
2.0 11.0 0.111825 -8.43827e-33
2.0 11.0 0.112768 -2.03723e-31
2.0 11.0 0.111645 -5.02058e-32
2.0 11.0 0.111647 -8.43827e-33
2.0 11.0 0.129919 -8.43827e-33
2.0 11.0 0.111837 -8.43827e-33
2.0 11.0 0.0653508 -0.0
2.0 11.0 0.144824 -8.43827e-33
2.0 11.0 0.130918 -8.43827e-33
2.0 11.0 0.115114 -4.33559e-32
2.0 11.0 0.112808 -8.43827e-33
2.0 11.0 0.113279 -8.43827e-33
2.0 11.0 0.135772 -8.43827e-33
2.0 11.0 0.111116 -2.01644e-31
2.0 11.0 0.130749 -8.43827e-33
2.0 11.0 0.0639081 -0.0
2.0 11.0 0.11587 -2.01644e-31
2.0 11.0 0.117059 -5.02058e-32
2.0 11.0 0.111527 -4.33559e-32
2.0 11.0 0.071576 -0.0
2.0 11.0 0.112644 -5.02058e-32
2.0 11.0 0.147206 -5.02058e-32
2.0 11.0 0.0911314 -0.0
2.0 11.0 0.101209 -0.0
2.0 11.0 0.113962 -8.43827e-33
2.0 11.0 0.121358 -5.02058e-32
2.0 11.0 0.091788 -0.0
2.0 11.0 0.114622 -8.43827e-33
2.0 11.0 0.109908 -2.03723e-31
2.0 11.0 0.11366 -2.03723e-31
2.0 11.0 0.117282 -8.43827e-33
2.0 11.0 0.112437 -8.43827e-33
2.0 11.0 0.0950308 -0.0
2.0 11.0 0.0998319 -0.0
2.0 11.0 0.0957331 -0.0
2.0 11.0 0.113881 -2.03723e-31
2.0 11.0 0.12223 -8.43827e-33
2.0 11.0 0.144596 -8.43827e-33
2.0 11.0 0.126768 -8.43827e-33
2.0 11.0 0.113212 -5.02058e-32
2.0 11.0 0.114337 -5.02058e-32
2.0 11.0 0.112769 -8.43827e-33
2.0 11.0 0.138178 -8.43827e-33
2.0 11.0 0.127836 -8.43827e-33
2.0 11.0 0.0909583 -0.0
2.0 11.0 0.122995 -8.43827e-33
2.0 11.0 0.110544 -8.43827e-33
2.0 11.0 0.108171 -8.43827e-33
2.0 11.0 0.132707 -8.43827e-33
2.0 11.0 0.0908596 -0.0
2.0 11.0 0.0908596 -0.0
2.0 11.0 0.0908596 -0.0
2.0 11.0 0.0908596 -0.0
2.0 11.0 0.0908596 -0.0
2.0 11.0 0.0908596 -0.0
2.0 11.0 0.0908596 -0.0
2.0 11.0 0.0908596 -0.0
2.0 11.0 0.0908596 -0.0
2.0 11.0 0.0908596 -0.0
2.0 11.0 0.0908596 -0.0
2.0 11.0 0.0908596 -0.0
2.0 11.0 0.0908596 -0.0
2.0 11.0 0.0908596 -0.0
2.0 11.0 0.0908596 -0.0
2.0 11.0 0.0908596 -0.0
2.0 11.0 0.0908596 -0.0
2.0 11.0 0.0908596 -0.0
2.0 11.0 0.0908596 -0.0
2.0 11.0 0.0908596 -0.0
2.0 11.0 0.0908596 -0.0
2.0 11.0 0.0908596 -0.0
2.0 11.0 0.0908596 -0.0
2.0 11.0 0.0908596 -0.0
2.0 11.0 0.0908596 -0.0
2.0 11.0 0.0908596 -0.0
2.0 11.0 0.0908596 -0.0
2.0 11.0 0.0908596 -0.0
2.0 11.0 0.0908596 -0.0
2.0 11.0 0.0908596 -0.0
2.0 11.0 0.0908596 -0.0
2.0 11.0 0.0908596 -0.0
2.0 11.0 0.0908596 -0.0
2.0 11.0 0.0908596 -0.0
2.0 11.0 0.0908596 -0.0
2.0 11.0 0.0908596 -0.0
2.0 11.0 0.0908596 -0.0
2.0 11.0 0.0908596 -0.0
2.0 11.0 0.0908596 -0.0
2.0 11.0 0.0908596 -0.0
2.0 11.0 0.0908596 -0.0
2.0 11.0 0.0908596 -0.0
2.0 11.0 0.0908596 -0.0
2.0 11.0 0.0908596 -0.0
2.0 11.0 0.0908596 -0.0
2.0 11.0 0.0908596 -0.0
2.0 11.0 0.0908596 -0.0
2.0 11.0 0.0908596 -0.0
2.0 11.0 0.0908596 -0.0
2.0 11.0 0.0908596 -0.0
2.0 11.0 0.0908596 -0.0
3.0 1.0 0.076316 -0.0
3.0 1.0 0.0772628 -0.0
3.0 1.0 0.0760536 -0.0
3.0 1.0 0.0786295 -0.0
3.0 1.0 0.0698339 -0.0
3.0 1.0 0.0661027 -0.0
3.0 1.0 0.0762794 -0.0
3.0 1.0 0.0727877 -0.0
3.0 1.0 0.0750144 -0.0
3.0 1.0 0.0656178 -0.0
3.0 1.0 0.0684311 -0.0
3.0 1.0 0.0683292 -0.0
3.0 1.0 0.0670286 -0.0
3.0 1.0 0.0794079 -0.0
3.0 1.0 0.0623171 -0.0
3.0 1.0 0.0739761 -0.0
3.0 1.0 0.0800674 -0.0
3.0 1.0 0.068044 -0.0
3.0 1.0 0.0756804 -0.0
3.0 1.0 0.0767021 -0.0
3.0 1.0 0.0774729 -0.0
3.0 1.0 0.0709883 -0.0
3.0 1.0 0.0665938 -0.0
3.0 1.0 0.0708637 -0.0
3.0 1.0 0.0724702 -0.0
3.0 1.0 0.0736407 -0.0
3.0 1.0 0.0678448 -0.0
3.0 1.0 0.0683087 -0.0
3.0 1.0 0.0718597 -0.0
3.0 1.0 0.0781217 -0.0
3.0 1.0 0.072935 -0.0
3.0 1.0 0.0701044 -0.0
3.0 1.0 0.0805373 -0.0
3.0 1.0 0.0696404 -0.0
3.0 1.0 0.0763704 -0.0
3.0 1.0 0.0836246 -0.0
3.0 1.0 0.0712203 -0.0
3.0 1.0 0.0835046 -0.0
3.0 1.0 0.0712747 -0.0
3.0 1.0 0.0682764 -0.0
3.0 1.0 0.0690985 -0.0
3.0 1.0 0.0788592 -0.0
3.0 1.0 0.0702493 -0.0
3.0 1.0 0.0645928 -0.0
3.0 1.0 0.077343 -0.0
3.0 1.0 0.0719372 -0.0
3.0 1.0 0.0809725 -0.0
3.0 1.0 0.0677936 -0.0
3.0 1.0 0.0799725 -0.0
3.0 1.0 0.075525 -0.0
3.0 2.0 0.0447979 -0.0
3.0 2.0 0.0456038 -0.0
3.0 2.0 0.0441187 -0.0
3.0 2.0 0.0421881 -0.0
3.0 2.0 0.0403582 -0.0
3.0 2.0 0.041437 -0.0
3.0 2.0 0.0443941 -0.0
3.0 2.0 0.0419025 -0.0
3.0 2.0 0.0437347 -0.0
3.0 2.0 0.0534466 -0.0
3.0 2.0 0.043329 -0.0
3.0 2.0 0.0372722 -0.0
3.0 2.0 0.0423915 -0.0
3.0 2.0 0.0401042 -0.0
3.0 2.0 0.0394239 -0.0
3.0 2.0 0.0409193 -0.0
3.0 2.0 0.0436203 -0.0
3.0 2.0 0.0410268 -0.0
3.0 2.0 0.0403107 -0.0
3.0 2.0 0.0484307 -0.0
3.0 2.0 0.0387418 -0.0
3.0 2.0 0.0373798 -0.0
3.0 2.0 0.040295 -0.0
3.0 2.0 0.0485918 -0.0
3.0 2.0 0.0412814 -0.0
3.0 2.0 0.0474887 -0.0
3.0 2.0 0.0427901 -0.0
3.0 2.0 0.0464093 -0.0
3.0 2.0 0.0396659 -0.0
3.0 2.0 0.0404066 -0.0
3.0 2.0 0.0393648 -0.0
3.0 2.0 0.0384821 -0.0
3.0 2.0 0.0409407 -0.0
3.0 2.0 0.0463636 -0.0
3.0 2.0 0.0409639 -0.0
3.0 2.0 0.0402723 -0.0
3.0 2.0 0.0429042 -0.0
3.0 2.0 0.0398578 -0.0
3.0 2.0 0.0461227 -0.0
3.0 2.0 0.0414792 -0.0
3.0 2.0 0.0398688 -0.0
3.0 2.0 0.0401311 -0.0
3.0 2.0 0.0476175 -0.0
3.0 2.0 0.0410808 -0.0
3.0 2.0 0.0419907 -0.0
3.0 2.0 0.0384831 -0.0
3.0 2.0 0.044885 -0.0
3.0 2.0 0.044801 -0.0
3.0 2.0 0.039363 -0.0
3.0 2.0 0.039363 -0.0
3.0 3.0 0.0337803 -0.0
3.0 3.0 0.0329581 -0.0
3.0 3.0 0.031926 -0.0
3.0 3.0 0.0312225 -0.0
3.0 3.0 0.0328915 -0.0
3.0 3.0 0.034278 -0.0
3.0 3.0 0.0352925 -0.0
3.0 3.0 0.0336474 -0.0
3.0 3.0 0.0361066 -0.0
3.0 3.0 0.0323236 -0.0
3.0 3.0 0.0325989 -0.0
3.0 3.0 0.0313435 -0.0
3.0 3.0 0.0325296 -0.0
3.0 3.0 0.032888 -0.0
3.0 3.0 0.032054 -0.0
3.0 3.0 0.0323811 -0.0
3.0 3.0 0.0318227 -0.0
3.0 3.0 0.0343222 -0.0
3.0 3.0 0.0313457 -0.0
3.0 3.0 0.0346569 -0.0
3.0 3.0 0.030988 -0.0
3.0 3.0 0.0335494 -0.0
3.0 3.0 0.0329195 -0.0
3.0 3.0 0.0306097 -0.0
3.0 3.0 0.0365499 -0.0
3.0 3.0 0.032281 -0.0
3.0 3.0 0.0323295 -0.0
3.0 3.0 0.0306949 -0.0
3.0 3.0 0.0321425 -0.0
3.0 3.0 0.0312936 -0.0
3.0 3.0 0.0306112 -0.0
3.0 3.0 0.0314872 -0.0
3.0 3.0 0.0319671 -0.0
3.0 3.0 0.0336126 -0.0
3.0 3.0 0.0345793 -0.0
3.0 3.0 0.0336208 -0.0
3.0 3.0 0.0341769 -0.0
3.0 3.0 0.0347111 -0.0
3.0 3.0 0.0319674 -0.0
3.0 3.0 0.0324296 -0.0
3.0 3.0 0.0309902 -0.0
3.0 3.0 0.0325558 -0.0
3.0 3.0 0.0344319 -0.0
3.0 3.0 0.0328619 -0.0
3.0 3.0 0.0344384 -0.0
3.0 3.0 0.0325153 -0.0
3.0 3.0 0.0335505 -0.0
3.0 3.0 0.031243 -0.0
3.0 3.0 0.0323759 -0.0
3.0 3.0 0.0328112 -0.0
3.0 4.0 0.0435316 -0.0
3.0 4.0 0.0326037 -0.0
3.0 4.0 0.0424038 -0.0
3.0 4.0 0.0319335 -0.0
3.0 4.0 0.0382666 -0.0
3.0 4.0 0.034678 -0.0
3.0 4.0 0.0364843 -0.0
3.0 4.0 0.0339371 -0.0
3.0 4.0 0.0310941 -0.0
3.0 4.0 0.0373784 -0.0
3.0 4.0 0.0346272 -0.0
3.0 4.0 0.0322871 -0.0
3.0 4.0 0.0453166 -0.0
3.0 4.0 0.0322002 -0.0
3.0 4.0 0.0326591 -0.0
3.0 4.0 0.0367412 -0.0
3.0 4.0 0.0340172 -0.0
3.0 4.0 0.0436991 -0.0
3.0 4.0 0.0468385 -0.0
3.0 4.0 0.044576 -0.0
3.0 4.0 0.038466 -0.0
3.0 4.0 0.0336616 -0.0
3.0 4.0 0.0322147 -0.0
3.0 4.0 0.0349084 -0.0
3.0 4.0 0.0308279 -0.0
3.0 4.0 0.0330957 -0.0
3.0 4.0 0.0353507 -0.0
3.0 4.0 0.0422887 -0.0
3.0 4.0 0.0376475 -0.0
3.0 4.0 0.0378177 -0.0
3.0 4.0 0.0351484 -0.0
3.0 4.0 0.038413 -0.0
3.0 4.0 0.0312611 -0.0
3.0 4.0 0.0356375 -0.0
3.0 4.0 0.0364764 -0.0
3.0 4.0 0.0352223 -0.0
3.0 4.0 0.033842 -0.0
3.0 4.0 0.0354827 -0.0
3.0 4.0 0.034304 -0.0
3.0 4.0 0.0369642 -0.0
3.0 4.0 0.0472724 -0.0
3.0 4.0 0.0352896 -0.0
3.0 4.0 0.0356266 -0.0
3.0 4.0 0.0366029 -0.0
3.0 4.0 0.0453249 -0.0
3.0 4.0 0.0378377 -0.0
3.0 4.0 0.0363103 -0.0
3.0 4.0 0.0313954 -0.0
3.0 4.0 0.0337837 -0.0
3.0 4.0 0.035123 -0.0
3.0 5.0 0.0437721 -0.0
3.0 5.0 0.0406666 -0.0
3.0 5.0 0.0553224 -0.0
3.0 5.0 0.0460101 -0.0
3.0 5.0 0.064823 -0.0
3.0 5.0 0.0396616 -0.0
3.0 5.0 0.0552613 -0.0
3.0 5.0 0.0479651 -0.0
3.0 5.0 0.0385719 -0.0
3.0 5.0 0.0431134 -0.0
3.0 5.0 0.0444952 -0.0
3.0 5.0 0.0465272 -0.0
3.0 5.0 0.040516 -0.0
3.0 5.0 0.0412813 -0.0
3.0 5.0 0.039605 -0.0
3.0 5.0 0.0477266 -0.0
3.0 5.0 0.0394372 -0.0
3.0 5.0 0.0442032 -0.0
3.0 5.0 0.0448139 -0.0
3.0 5.0 0.0460214 -0.0
3.0 5.0 0.0416402 -0.0
3.0 5.0 0.0397362 -0.0
3.0 5.0 0.0382894 -0.0
3.0 5.0 0.0466941 -0.0
3.0 5.0 0.0405497 -0.0
3.0 5.0 0.0413942 -0.0
3.0 5.0 0.0410684 -0.0
3.0 5.0 0.0422871 -0.0
3.0 5.0 0.0459376 -0.0
3.0 5.0 0.0439331 -0.0
3.0 5.0 0.0409644 -0.0
3.0 5.0 0.0394906 -0.0
3.0 5.0 0.0457119 -0.0
3.0 5.0 0.0415983 -0.0
3.0 5.0 0.0448052 -0.0
3.0 5.0 0.0383092 -0.0
3.0 5.0 0.0512604 -0.0
3.0 5.0 0.0580135 -0.0
3.0 5.0 0.0577432 -0.0
3.0 5.0 0.0491234 -0.0
3.0 5.0 0.0645889 -0.0
3.0 5.0 0.0415926 -0.0
3.0 5.0 0.0418592 -0.0
3.0 5.0 0.0489188 -0.0
3.0 5.0 0.0401103 -0.0
3.0 5.0 0.0620431 -0.0
3.0 5.0 0.052702 -0.0
3.0 5.0 0.041525 -0.0
3.0 5.0 0.0442293 -0.0
3.0 5.0 0.0389023 -0.0
3.0 6.0 0.041905 -0.0
3.0 6.0 0.0443491 -0.0
3.0 6.0 0.0612301 -0.0
3.0 6.0 0.0469077 -0.0
3.0 6.0 0.0441744 -0.0
3.0 6.0 0.0559923 -0.0
3.0 6.0 0.0589719 -0.0
3.0 6.0 0.052316 -0.0
3.0 6.0 0.0507813 -0.0
3.0 6.0 0.0431758 -0.0
3.0 6.0 0.0520144 -0.0
3.0 6.0 0.0424361 -0.0
3.0 6.0 0.0616665 -0.0
3.0 6.0 0.0505939 -0.0
3.0 6.0 0.0535874 -0.0
3.0 6.0 0.0444047 -0.0
3.0 6.0 0.0524036 -0.0
3.0 6.0 0.0571523 -0.0
3.0 6.0 0.0462818 -0.0
3.0 6.0 0.0454091 -0.0
3.0 6.0 0.0423169 -0.0
3.0 6.0 0.0530665 -0.0
3.0 6.0 0.0512786 -0.0
3.0 6.0 0.0441633 -0.0
3.0 6.0 0.0534877 -0.0
3.0 6.0 0.043109 -0.0
3.0 6.0 0.0428553 -0.0
3.0 6.0 0.0426131 -0.0
3.0 6.0 0.0515298 -0.0
3.0 6.0 0.046742 -0.0
3.0 6.0 0.0551888 -0.0
3.0 6.0 0.0447174 -0.0
3.0 6.0 0.0437417 -0.0
3.0 6.0 0.0483951 -0.0
3.0 6.0 0.0501934 -0.0
3.0 6.0 0.0481626 -0.0
3.0 6.0 0.0460526 -0.0
3.0 6.0 0.0471258 -0.0
3.0 6.0 0.0445034 -0.0
3.0 6.0 0.052692 -0.0
3.0 6.0 0.0444897 -0.0
3.0 6.0 0.044037 -0.0
3.0 6.0 0.0444893 -0.0
3.0 6.0 0.0426628 -0.0
3.0 6.0 0.0628216 -0.0
3.0 6.0 0.0438557 -0.0
3.0 6.0 0.0464891 -0.0
3.0 6.0 0.0803418 -0.0
3.0 6.0 0.0507566 -0.0
3.0 6.0 0.0598786 -0.0
3.0 7.0 0.0634558 -0.0
3.0 7.0 0.0472331 -0.0
3.0 7.0 0.0498568 -0.0
3.0 7.0 0.0503607 -0.0
3.0 7.0 0.056 -0.0
3.0 7.0 0.0636621 -0.0
3.0 7.0 0.0632715 -0.0
3.0 7.0 0.0600786 -0.0
3.0 7.0 0.0606303 -0.0
3.0 7.0 0.0507677 -0.0
3.0 7.0 0.0490692 -0.0
3.0 7.0 0.0503883 -0.0
3.0 7.0 0.0491726 -0.0
3.0 7.0 0.0503889 -0.0
3.0 7.0 0.0626026 -0.0
3.0 7.0 0.0478481 -0.0
3.0 7.0 0.0506274 -0.0
3.0 7.0 0.0508894 -0.0
3.0 7.0 0.050973 -0.0
3.0 7.0 0.048786 -0.0
3.0 7.0 0.0746407 -0.0
3.0 7.0 0.0494495 -0.0
3.0 7.0 0.0631586 -0.0
3.0 7.0 0.0530699 -0.0
3.0 7.0 0.0622775 -0.0
3.0 7.0 0.0492558 -0.0
3.0 7.0 0.0654574 -0.0
3.0 7.0 0.0499954 -0.0
3.0 7.0 0.0645158 -0.0
3.0 7.0 0.0474069 -0.0
3.0 7.0 0.0494968 -0.0
3.0 7.0 0.0648435 -0.0
3.0 7.0 0.0512594 -0.0
3.0 7.0 0.047041 -0.0
3.0 7.0 0.0475404 -0.0
3.0 7.0 0.0599584 -0.0
3.0 7.0 0.0482621 -0.0
3.0 7.0 0.104362 -0.0
3.0 7.0 0.0640931 -0.0
3.0 7.0 0.0488379 -0.0
3.0 7.0 0.0523358 -0.0
3.0 7.0 0.0609272 -0.0
3.0 7.0 0.048837 -0.0
3.0 7.0 0.0613336 -0.0
3.0 7.0 0.0527223 -0.0
3.0 7.0 0.0566965 -0.0
3.0 7.0 0.04998 -0.0
3.0 7.0 0.0498942 -0.0
3.0 7.0 0.0520566 -0.0
3.0 7.0 0.0489779 -0.0
3.0 8.0 0.0543957 -0.0
3.0 8.0 0.0523799 -0.0
3.0 8.0 0.0568404 -0.0
3.0 8.0 0.0567075 -0.0
3.0 8.0 0.0547806 -0.0
3.0 8.0 0.0551331 -0.0
3.0 8.0 0.0547027 -0.0
3.0 8.0 0.109801 -0.0
3.0 8.0 0.0546016 -0.0
3.0 8.0 0.0538641 -0.0
3.0 8.0 0.055025 -0.0
3.0 8.0 0.0569338 -0.0
3.0 8.0 0.0543499 -0.0
3.0 8.0 0.0559241 -0.0
3.0 8.0 0.0583023 -0.0
3.0 8.0 0.11977 -0.0
3.0 8.0 0.0544615 -0.0
3.0 8.0 0.0526384 -0.0
3.0 8.0 0.0535272 -0.0
3.0 8.0 0.0517353 -0.0
3.0 8.0 0.0533485 -0.0
3.0 8.0 0.0550373 -0.0
3.0 8.0 0.0523825 -0.0
3.0 8.0 0.0522317 -0.0
3.0 8.0 0.0524385 -0.0
3.0 8.0 0.0555025 -0.0
3.0 8.0 0.052767 -0.0
3.0 8.0 0.0665452 -0.0
3.0 8.0 0.0540926 -0.0
3.0 8.0 0.109747 -0.0
3.0 8.0 0.120298 -0.0
3.0 8.0 0.06994 -0.0
3.0 8.0 0.0575651 -0.0
3.0 8.0 0.0528334 -0.0
3.0 8.0 0.0749398 -0.0
3.0 8.0 0.0556841 -0.0
3.0 8.0 0.0539271 -0.0
3.0 8.0 0.0966648 -0.0
3.0 8.0 0.0559796 -0.0
3.0 8.0 0.0847971 -0.0
3.0 8.0 0.0547163 -0.0
3.0 8.0 0.0547504 -0.0
3.0 8.0 0.0538401 -0.0
3.0 8.0 0.0768351 -0.0
3.0 8.0 0.0582519 -0.0
3.0 8.0 0.0546677 -0.0
3.0 8.0 0.0550142 -0.0
3.0 8.0 0.0535131 -0.0
3.0 8.0 0.0556448 -0.0
3.0 8.0 0.0535458 -0.0
3.0 9.0 0.0620016 -0.0
3.0 9.0 0.0694628 -0.0
3.0 9.0 0.0613893 -0.0
3.0 9.0 0.0822467 -0.0
3.0 9.0 0.0619759 -0.0
3.0 9.0 0.0609726 -0.0
3.0 9.0 0.0599861 -0.0
3.0 9.0 0.0686766 -0.0
3.0 9.0 0.0605364 -0.0
3.0 9.0 0.0610643 -0.0
3.0 9.0 0.0594786 -0.0
3.0 9.0 0.0796773 -0.0
3.0 9.0 0.0627652 -0.0
3.0 9.0 0.081868 -0.0
3.0 9.0 0.071857 -0.0
3.0 9.0 0.0589278 -0.0
3.0 9.0 0.0667802 -0.0
3.0 9.0 0.0845481 -0.0
3.0 9.0 0.0694048 -0.0
3.0 9.0 0.0697111 -0.0
3.0 9.0 0.0602651 -0.0
3.0 9.0 0.0607949 -0.0
3.0 9.0 0.0614696 -0.0
3.0 9.0 0.0609188 -0.0
3.0 9.0 0.0710815 -0.0
3.0 9.0 0.0697468 -0.0
3.0 9.0 0.0680911 -0.0
3.0 9.0 0.0601556 -0.0
3.0 9.0 0.109817 -0.0
3.0 9.0 0.0588265 -0.0
3.0 9.0 0.0608615 -0.0
3.0 9.0 0.0749054 -0.0
3.0 9.0 0.0580095 -0.0
3.0 9.0 0.0616913 -0.0
3.0 9.0 0.117334 -0.0
3.0 9.0 0.0599033 -0.0
3.0 9.0 0.0753476 -0.0
3.0 9.0 0.0812538 -0.0
3.0 9.0 0.0677516 -0.0
3.0 9.0 0.0632986 -0.0
3.0 9.0 0.0620412 -0.0
3.0 9.0 0.0606912 -0.0
3.0 9.0 0.0634884 -0.0
3.0 9.0 0.0808342 -0.0
3.0 9.0 0.0602538 -0.0
3.0 9.0 0.059286 -0.0
3.0 9.0 0.0609253 -0.0
3.0 9.0 0.0619251 -0.0
3.0 9.0 0.0604772 -0.0
3.0 9.0 0.0616422 -0.0
3.0 10.0 0.0994491 -0.0
3.0 10.0 0.0663809 -0.0
3.0 10.0 0.117251 -0.0
3.0 10.0 0.115164 -0.0
3.0 10.0 0.064777 -0.0
3.0 10.0 0.0736728 -0.0
3.0 10.0 0.066177 -0.0
3.0 10.0 0.0661403 -0.0
3.0 10.0 0.0646189 -0.0
3.0 10.0 0.0659757 -0.0
3.0 10.0 0.0827567 -0.0
3.0 10.0 0.0659815 -0.0
3.0 10.0 0.0659693 -0.0
3.0 10.0 0.11138 -0.0
3.0 10.0 0.0780185 -0.0
3.0 10.0 0.0681559 -0.0
3.0 10.0 0.065964 -0.0
3.0 10.0 0.0682295 -0.0
3.0 10.0 0.124579 -0.0
3.0 10.0 0.0654596 -0.0
3.0 10.0 0.0834068 -0.0
3.0 10.0 0.0664324 -0.0
3.0 10.0 0.0659134 -0.0
3.0 10.0 0.102966 -0.0
3.0 10.0 0.066473 -0.0
3.0 10.0 0.0656237 -0.0
3.0 10.0 0.082733 -0.0
3.0 10.0 0.0666093 -0.0
3.0 10.0 0.0656239 -0.0
3.0 10.0 0.100824 -0.0
3.0 10.0 0.0656674 -0.0
3.0 10.0 0.0665826 -0.0
3.0 10.0 0.0837854 -0.0
3.0 10.0 0.0645131 -0.0
3.0 10.0 0.0800916 -0.0
3.0 10.0 0.0771133 -0.0
3.0 10.0 0.064746 -0.0
3.0 10.0 0.0737898 -0.0
3.0 10.0 0.0662803 -0.0
3.0 10.0 0.101464 -0.0
3.0 10.0 0.103181 -0.0
3.0 10.0 0.0714043 -0.0
3.0 10.0 0.0807943 -0.0
3.0 10.0 0.0656159 -0.0
3.0 10.0 0.0685066 -0.0
3.0 10.0 0.065147 -0.0
3.0 10.0 0.0654891 -0.0
3.0 10.0 0.0650087 -0.0
3.0 10.0 0.1138 -0.0
3.0 10.0 0.0673848 -0.0
3.0 11.0 0.0590792 -0.0
3.0 11.0 0.0834899 -0.0
3.0 11.0 0.0752792 -0.0
3.0 11.0 0.0533359 -0.0
3.0 11.0 0.0579091 -0.0
3.0 11.0 0.0584606 -0.0
3.0 11.0 0.056954 -0.0
3.0 11.0 0.0673742 -0.0
3.0 11.0 0.0583672 -0.0
3.0 11.0 0.0576471 -0.0
3.0 11.0 0.084215 -0.0
3.0 11.0 0.071413 -0.0
3.0 11.0 0.069371 -0.0
3.0 11.0 0.0578091 -0.0
3.0 11.0 0.0575526 -0.0
3.0 11.0 0.0583294 -0.0
3.0 11.0 0.0550036 -0.0
3.0 11.0 0.0553662 -0.0
3.0 11.0 0.0556837 -0.0
3.0 11.0 0.0532962 -0.0
3.0 11.0 0.0563446 -0.0
3.0 11.0 0.0579347 -0.0
3.0 11.0 0.0575898 -0.0
3.0 11.0 0.0682466 -0.0
3.0 11.0 0.0565721 -0.0
3.0 11.0 0.0571265 -0.0
3.0 11.0 0.0574029 -0.0
3.0 11.0 0.0572141 -0.0
3.0 11.0 0.0560894 -0.0
3.0 11.0 0.0599242 -0.0
3.0 11.0 0.0568846 -0.0
3.0 11.0 0.0584451 -0.0
3.0 11.0 0.055722 -0.0
3.0 11.0 0.057676 -0.0
3.0 11.0 0.0564783 -0.0
3.0 11.0 0.056103 -0.0
3.0 11.0 0.0578377 -0.0
3.0 11.0 0.0571552 -0.0
3.0 11.0 0.0675679 -0.0
3.0 11.0 0.057467 -0.0
3.0 11.0 0.057173 -0.0
3.0 11.0 0.0812991 -0.0
3.0 11.0 0.0919248 -0.0
3.0 11.0 0.077015 -0.0
3.0 11.0 0.0562068 -0.0
3.0 11.0 0.0568395 -0.0
3.0 11.0 0.0584879 -0.0
3.0 11.0 0.0674448 -0.0
3.0 11.0 0.0711654 -0.0
3.0 11.0 0.0565629 -0.0
3.0 11.0 0.0565629 -0.0
3.0 11.0 0.0565629 -0.0
3.0 11.0 0.0565629 -0.0
3.0 11.0 0.0565629 -0.0
3.0 11.0 0.0565629 -0.0
3.0 11.0 0.0565629 -0.0
3.0 11.0 0.0565629 -0.0
3.0 11.0 0.0565629 -0.0
3.0 11.0 0.0565629 -0.0
3.0 11.0 0.0565629 -0.0
3.0 11.0 0.0565629 -0.0
3.0 11.0 0.0565629 -0.0
3.0 11.0 0.0565629 -0.0
3.0 11.0 0.0565629 -0.0
3.0 11.0 0.0565629 -0.0
3.0 11.0 0.0565629 -0.0
3.0 11.0 0.0565629 -0.0
3.0 11.0 0.0565629 -0.0
3.0 11.0 0.0565629 -0.0
3.0 11.0 0.0565629 -0.0
3.0 11.0 0.0565629 -0.0
3.0 11.0 0.0565629 -0.0
3.0 11.0 0.0565629 -0.0
3.0 11.0 0.0565629 -0.0
3.0 11.0 0.0565629 -0.0
3.0 11.0 0.0565629 -0.0
3.0 11.0 0.0565629 -0.0
3.0 11.0 0.0565629 -0.0
3.0 11.0 0.0565629 -0.0
3.0 11.0 0.0565629 -0.0
3.0 11.0 0.0565629 -0.0
3.0 11.0 0.0565629 -0.0
3.0 11.0 0.0565629 -0.0
3.0 11.0 0.0565629 -0.0
3.0 11.0 0.0565629 -0.0
3.0 11.0 0.0565629 -0.0
3.0 11.0 0.0565629 -0.0
3.0 11.0 0.0565629 -0.0
3.0 11.0 0.0565629 -0.0
3.0 11.0 0.0565629 -0.0
3.0 11.0 0.0565629 -0.0
3.0 11.0 0.0565629 -0.0
3.0 11.0 0.0565629 -0.0
3.0 11.0 0.0565629 -0.0
3.0 11.0 0.0565629 -0.0
3.0 11.0 0.0565629 -0.0
3.0 11.0 0.0565629 -0.0
3.0 11.0 0.0565629 -0.0
3.0 11.0 0.0565629 -0.0
3.0 11.0 0.0565629 -0.0
4.0 1.0 0.388446 99.9851
4.0 1.0 0.353368 99.9633
4.0 1.0 0.358856 99.9871
4.0 1.0 0.345191 99.9852
4.0 1.0 0.298968 99.9325
4.0 1.0 0.328467 99.9704
4.0 1.0 0.298462 99.9833
4.0 1.0 0.334038 99.9851
4.0 1.0 0.316143 99.9868
4.0 1.0 0.342913 99.9727
4.0 1.0 0.325873 99.9965
4.0 1.0 0.304353 99.9633
4.0 1.0 0.308386 99.9957
4.0 1.0 0.340625 99.9762
4.0 1.0 0.372849 99.9851
4.0 1.0 0.3182 99.9733
4.0 1.0 0.318246 99.9966
4.0 1.0 0.315803 99.9992
4.0 1.0 0.332933 99.9922
4.0 1.0 0.329824 99.9855
4.0 1.0 0.343081 99.9642
4.0 1.0 0.326517 99.9871
4.0 1.0 0.369527 99.9762
4.0 1.0 0.35579 99.9851
4.0 1.0 0.300996 99.9649
4.0 1.0 0.329551 99.9947
4.0 1.0 0.356821 99.9865
4.0 1.0 0.293937 99.9605
4.0 1.0 0.346751 99.9851
4.0 1.0 0.310352 99.9894
4.0 1.0 0.313645 99.9704
4.0 1.0 0.30879 99.9747
4.0 1.0 0.317733 99.9988
4.0 1.0 0.338522 99.9935
4.0 1.0 0.313908 99.9904
4.0 1.0 0.322433 99.9955
4.0 1.0 0.32973 99.9851
4.0 1.0 0.323121 99.9712
4.0 1.0 0.301273 99.9625
4.0 1.0 0.289636 99.9516
4.0 1.0 0.348475 99.9894
4.0 1.0 0.334403 99.9705
4.0 1.0 0.326828 99.9951
4.0 1.0 0.301076 99.9734
4.0 1.0 0.328522 99.9851
4.0 1.0 0.356921 99.9851
4.0 1.0 0.292194 99.9633
4.0 1.0 0.323202 99.9851
4.0 1.0 0.319303 99.9963
4.0 1.0 0.349991 99.9851
4.0 2.0 0.15626 99.9739
4.0 2.0 0.174008 99.9752
4.0 2.0 0.180741 99.9624
4.0 2.0 0.182033 99.9957
4.0 2.0 0.171804 99.9515
4.0 2.0 0.17184 99.9808
4.0 2.0 0.168371 99.9687
4.0 2.0 0.159707 99.9752
4.0 2.0 0.175949 99.9807
4.0 2.0 0.170412 99.9913
4.0 2.0 0.205601 99.9652
4.0 2.0 0.1668 99.9829
4.0 2.0 0.176591 99.9982
4.0 2.0 0.15696 99.992
4.0 2.0 0.173416 99.9992
4.0 2.0 0.205151 99.9994
4.0 2.0 0.196053 99.9631
4.0 2.0 0.161689 99.9762
4.0 2.0 0.183304 99.9633
4.0 2.0 0.185735 99.9732
4.0 2.0 0.179714 99.999
4.0 2.0 0.181901 99.9837
4.0 2.0 0.167304 99.9952
4.0 2.0 0.185418 99.9923
4.0 2.0 0.169074 99.9754
4.0 2.0 0.194353 99.9504
4.0 2.0 0.180557 99.9699
4.0 2.0 0.156227 99.9433
4.0 2.0 0.168645 99.9752
4.0 2.0 0.187611 99.9752
4.0 2.0 0.197818 99.9739
4.0 2.0 0.190674 99.993
4.0 2.0 0.147253 99.9927
4.0 2.0 0.182107 99.9588
4.0 2.0 0.167043 99.9872
4.0 2.0 0.186837 99.9576
4.0 2.0 0.179823 99.9803
4.0 2.0 0.159448 99.9976
4.0 2.0 0.179344 99.9169
4.0 2.0 0.172533 99.9752
4.0 2.0 0.18856 99.9844
4.0 2.0 0.151104 99.9878
4.0 2.0 0.184325 99.9762
4.0 2.0 0.171083 99.9752
4.0 2.0 0.171671 99.9762
4.0 2.0 0.184065 99.9798
4.0 2.0 0.186687 99.9772
4.0 2.0 0.1463 99.9428
4.0 2.0 0.173075 99.9736
4.0 2.0 0.17867 99.9962
4.0 3.0 0.125152 99.9776
4.0 3.0 0.135661 99.9762
4.0 3.0 0.123147 99.9659
4.0 3.0 0.140937 99.9796
4.0 3.0 0.117831 99.9996
4.0 3.0 0.127626 99.9812
4.0 3.0 0.138744 99.9908
4.0 3.0 0.131275 99.9807
4.0 3.0 0.134284 99.9752
4.0 3.0 0.126871 99.9964
4.0 3.0 0.132815 99.9802
4.0 3.0 0.138883 99.9782
4.0 3.0 0.113998 99.9742
4.0 3.0 0.124918 99.9847
4.0 3.0 0.129792 99.9662
4.0 3.0 0.122727 99.9884
4.0 3.0 0.133149 99.9888
4.0 3.0 0.129904 99.975
4.0 3.0 0.129664 99.9752
4.0 3.0 0.121854 99.9515
4.0 3.0 0.129065 99.9762
4.0 3.0 0.131098 99.9784
4.0 3.0 0.115513 99.9735
4.0 3.0 0.127146 99.9986
4.0 3.0 0.137275 99.9857
4.0 3.0 0.121366 99.9849
4.0 3.0 0.127244 99.9973
4.0 3.0 0.135996 99.9546
4.0 3.0 0.125796 99.9687
4.0 3.0 0.13353 99.9752
4.0 3.0 0.126827 99.9988
4.0 3.0 0.125351 99.9919
4.0 3.0 0.112772 99.9939
4.0 3.0 0.127379 99.9855
4.0 3.0 0.130127 99.9752
4.0 3.0 0.127069 99.9871
4.0 3.0 0.134755 99.9952
4.0 3.0 0.133734 99.9546
4.0 3.0 0.135336 99.9936
4.0 3.0 0.120973 99.9661
4.0 3.0 0.138883 99.9762
4.0 3.0 0.129724 99.9953
4.0 3.0 0.128397 99.9933
4.0 3.0 0.13628 99.9821
4.0 3.0 0.128205 99.9998
4.0 3.0 0.137533 99.9515
4.0 3.0 0.124393 99.97
4.0 3.0 0.125451 99.9752
4.0 3.0 0.128412 99.9949
4.0 3.0 0.128412 99.9949
4.0 4.0 0.770801 99.9967
4.0 4.0 0.665347 99.9699
4.0 4.0 0.466185 99.9752
4.0 4.0 0.783821 99.9753
4.0 4.0 0.780863 99.9673
4.0 4.0 0.995622 99.9726
4.0 4.0 0.523187 99.9752
4.0 4.0 0.729635 99.9546
4.0 4.0 0.724322 99.9906
4.0 4.0 0.477681 99.9581
4.0 4.0 0.923337 99.9956
4.0 4.0 0.409909 99.9948
4.0 4.0 0.495416 99.978
4.0 4.0 0.884168 99.976
4.0 4.0 0.551994 99.9918
4.0 4.0 1.03333 99.9752
4.0 4.0 0.509363 99.9784
4.0 4.0 0.789592 99.9567
4.0 4.0 0.760303 99.924
4.0 4.0 0.49146 99.9762
4.0 4.0 0.417594 99.9752
4.0 4.0 0.508589 99.9921
4.0 4.0 0.531514 99.9848
4.0 4.0 0.431562 99.9752
4.0 4.0 1.12955 99.9897
4.0 4.0 0.933299 99.9762
4.0 4.0 1.52885 99.9714
4.0 4.0 0.843056 99.9805
4.0 4.0 0.730301 99.9904
4.0 4.0 0.95636 99.9752
4.0 4.0 0.492833 99.9546
4.0 4.0 1.11343 99.9515
4.0 4.0 0.919905 99.9589
4.0 4.0 0.520418 99.9703
4.0 4.0 1.21536 99.9959
4.0 4.0 0.460143 99.9752
4.0 4.0 0.919748 99.9958
4.0 4.0 0.422453 99.9752
4.0 4.0 0.805662 99.976
4.0 4.0 1.40149 99.9775
4.0 4.0 0.855962 99.9762
4.0 4.0 0.951183 99.9938
4.0 4.0 0.970597 99.9718
4.0 4.0 1.47403 99.9546
4.0 4.0 1.00279 99.9956
4.0 4.0 0.524126 99.9846
4.0 4.0 0.500934 99.9944
4.0 4.0 1.39392 99.9752
4.0 4.0 3.69944 99.977
4.0 4.0 4.48514 99.9224
4.0 5.0 1.18266 99.9997
4.0 5.0 0.186001 99.9975
4.0 5.0 0.657843 99.9853
4.0 5.0 1.18106 99.9892
4.0 5.0 1.15394 99.9936
4.0 5.0 1.59679 99.9934
4.0 5.0 1.69031 99.9994
4.0 5.0 1.24888 99.9806
4.0 5.0 0.628165 99.9762
4.0 5.0 0.65667 99.9975
4.0 5.0 4.16317 99.9762
4.0 5.0 0.735885 99.9877
4.0 5.0 2.38066 99.9762
4.0 5.0 3.17042 99.9952
4.0 5.0 0.643506 99.9762
4.0 5.0 2.75558 99.9914
4.0 5.0 1.98473 99.9932
4.0 5.0 2.79099 99.9904
4.0 5.0 2.31349 99.9752
4.0 5.0 1.98483 99.996
4.0 5.0 2.12546 99.9703
4.0 5.0 0.526555 99.9866
4.0 5.0 4.01408 99.9909
4.0 5.0 1.81202 99.9929
4.0 5.0 1.80478 99.9966
4.0 5.0 0.783547 99.9962
4.0 5.0 1.04801 99.9897
4.0 5.0 5.04962 99.9853
4.0 5.0 5.08315 99.9762
4.0 5.0 1.29429 99.9762
4.0 5.0 5.46841 99.9624
4.0 5.0 2.55179 99.9779
4.0 5.0 5.59602 99.9828
4.0 5.0 0.703396 99.9919
4.0 5.0 5.72134 99.955
4.0 5.0 2.26688 99.9992
4.0 5.0 6.06872 99.9752
4.0 5.0 1.79974 99.9833
4.0 5.0 3.69822 99.995
4.0 5.0 4.03878 99.9631
4.0 5.0 1.87185 99.9821
4.0 5.0 5.67453 99.9857
4.0 5.0 6.77893 99.987
4.0 5.0 9.04822 99.9742
4.0 5.0 6.75399 99.9987
4.0 5.0 9.73454 99.9644
4.0 5.0 9.87906 99.9982
4.0 5.0 10.8617 99.9905
4.0 5.0 11.4766 99.976
4.0 5.0 17.1365 99.9943
4.0 6.0 0.519396 99.9752
4.0 6.0 0.597247 99.9647
4.0 6.0 0.629055 99.9857
4.0 6.0 0.548552 99.9628
4.0 6.0 0.607917 99.9515
4.0 6.0 0.628661 99.9515
4.0 6.0 1.57519 99.9835
4.0 6.0 0.60067 99.9774
4.0 6.0 0.593448 99.9792
4.0 6.0 1.66868 99.9863
4.0 6.0 0.493388 99.9752
4.0 6.0 1.23697 99.9927
4.0 6.0 0.700633 99.9762
4.0 6.0 0.540032 99.9546
4.0 6.0 0.686138 99.9734
4.0 6.0 0.436402 99.9954
4.0 6.0 0.874247 99.966
4.0 6.0 1.19899 99.9913
4.0 6.0 0.473274 99.994
4.0 6.0 2.93085 99.9762
4.0 6.0 2.2125 99.9762
4.0 6.0 2.53041 99.9979
4.0 6.0 1.24893 99.9811
4.0 6.0 4.23718 99.9809
4.0 6.0 2.14282 99.9777
4.0 6.0 4.03885 99.9752
4.0 6.0 0.558475 99.9546
4.0 6.0 3.07491 99.9815
4.0 6.0 0.612866 99.9913
4.0 6.0 0.577362 99.9846
4.0 6.0 0.798917 99.981
4.0 6.0 5.48206 99.9994
4.0 6.0 2.85814 99.9762
4.0 6.0 1.11293 99.9763
4.0 6.0 1.40899 99.9942
4.0 6.0 0.173152 99.9834
4.0 6.0 2.274 99.9599
4.0 6.0 0.634065 99.9829
4.0 6.0 0.740442 99.9546
4.0 6.0 3.14743 99.9903
4.0 6.0 1.34423 99.9515
4.0 6.0 1.82158 99.9752
4.0 6.0 1.58046 99.963
4.0 6.0 2.61189 99.9863
4.0 6.0 2.34694 99.9752
4.0 6.0 0.520943 99.9863
4.0 6.0 1.18814 99.994
4.0 6.0 0.928031 99.9918
4.0 6.0 0.831867 99.9762
4.0 6.0 3.75242 99.99
4.0 7.0 0.532803 99.9752
4.0 7.0 0.568991 99.9762
4.0 7.0 0.61763 99.9961
4.0 7.0 0.560345 99.9849
4.0 7.0 0.507197 99.9907
4.0 7.0 1.98966 99.9757
4.0 7.0 0.532542 99.9847
4.0 7.0 0.78991 99.9806
4.0 7.0 1.27397 99.9871
4.0 7.0 1.31021 99.9923
4.0 7.0 0.638948 99.9762
4.0 7.0 0.458034 99.9879
4.0 7.0 0.73699 99.9925
4.0 7.0 0.746679 99.9808
4.0 7.0 0.426878 99.9924
4.0 7.0 0.580294 99.9752
4.0 7.0 0.528502 99.997
4.0 7.0 0.52684 99.9762
4.0 7.0 0.550503 99.9985
4.0 7.0 1.21425 99.9904
4.0 7.0 0.55136 99.9766
4.0 7.0 2.63152 99.9978
4.0 7.0 1.04476 99.9908
4.0 7.0 1.18258 99.9752
4.0 7.0 1.40283 99.9941
4.0 7.0 0.465164 99.9762
4.0 7.0 1.39264 99.9724
4.0 7.0 0.45705 99.9752
4.0 7.0 1.30371 99.9654
4.0 7.0 0.754424 99.9781
4.0 7.0 1.40604 99.998
4.0 7.0 0.624527 99.9851
4.0 7.0 0.600874 99.9762
4.0 7.0 1.27233 99.9762
4.0 7.0 0.51269 99.9762
4.0 7.0 0.508409 99.9752
4.0 7.0 0.52204 99.9986
4.0 7.0 1.92677 99.9708
4.0 7.0 0.504024 99.9804
4.0 7.0 0.581504 99.9937
4.0 7.0 1.90424 99.9833
4.0 7.0 2.43943 99.9825
4.0 7.0 0.717255 99.9956
4.0 7.0 0.457815 99.9898
4.0 7.0 0.574178 99.9762
4.0 7.0 0.664937 99.9752
4.0 7.0 0.48103 99.9752
4.0 7.0 1.87966 99.9762
4.0 7.0 1.36629 99.9902
4.0 7.0 1.36629 99.9902
4.0 8.0 0.494573 99.9546
4.0 8.0 0.635323 99.9994
4.0 8.0 1.0053 99.9752
4.0 8.0 1.19976 99.9762
4.0 8.0 0.708221 99.986
4.0 8.0 1.78765 99.998
4.0 8.0 0.542527 99.9648
4.0 8.0 1.35662 99.9515
4.0 8.0 1.44712 99.9694
4.0 8.0 0.836566 99.9974
4.0 8.0 0.603685 99.9804
4.0 8.0 1.07226 99.9752
4.0 8.0 2.16557 99.9857
4.0 8.0 0.783097 99.9965
4.0 8.0 0.486614 99.9752
4.0 8.0 0.534045 99.9941
4.0 8.0 0.549023 99.9758
4.0 8.0 0.748981 99.9762
4.0 8.0 0.550352 99.9762
4.0 8.0 2.1121 99.9515
4.0 8.0 0.6592 99.9995
4.0 8.0 1.25847 99.9717
4.0 8.0 0.545067 99.9771
4.0 8.0 0.951108 99.9888
4.0 8.0 0.87303 99.9849
4.0 8.0 0.786896 99.9752
4.0 8.0 1.23023 99.9762
4.0 8.0 0.973696 99.9865
4.0 8.0 0.612904 99.9762
4.0 8.0 0.688121 99.9762
4.0 8.0 1.07147 99.9859
4.0 8.0 1.10504 99.9924
4.0 8.0 0.600835 99.965
4.0 8.0 1.11974 99.9872
4.0 8.0 0.563463 99.9792
4.0 8.0 0.609579 99.9831
4.0 8.0 1.16234 99.9854
4.0 8.0 0.443659 99.9762
4.0 8.0 1.47714 99.9882
4.0 8.0 0.548597 99.9752
4.0 8.0 1.27578 99.9752
4.0 8.0 0.66967 99.9881
4.0 8.0 0.871349 99.9752
4.0 8.0 1.32313 99.9762
4.0 8.0 1.06795 99.9762
4.0 8.0 1.03657 99.9794
4.0 8.0 0.676993 99.9779
4.0 8.0 0.501272 99.9979
4.0 8.0 0.586241 99.9897
4.0 8.0 3.75294 99.9962
4.0 9.0 0.537309 99.9752
4.0 9.0 0.608517 99.9659
4.0 9.0 0.51117 99.9801
4.0 9.0 0.447563 99.9762
4.0 9.0 0.630598 99.9762
4.0 9.0 0.533933 99.9866
4.0 9.0 0.614667 99.9752
4.0 9.0 0.624368 99.9995
4.0 9.0 0.579151 99.9957
4.0 9.0 1.10513 99.9547
4.0 9.0 0.568298 99.9985
4.0 9.0 0.657327 99.9762
4.0 9.0 0.536581 99.9995
4.0 9.0 1.76665 99.9752
4.0 9.0 1.56212 99.9934
4.0 9.0 0.617971 99.9986
4.0 9.0 1.2631 99.9762
4.0 9.0 0.523463 99.9866
4.0 9.0 0.660114 99.9859
4.0 9.0 0.571891 99.982
4.0 9.0 0.71793 99.9752
4.0 9.0 2.07638 99.9884
4.0 9.0 0.562812 99.9752
4.0 9.0 0.593464 99.9762
4.0 9.0 1.14966 99.992
4.0 9.0 0.471785 99.9893
4.0 9.0 0.824098 99.9958
4.0 9.0 0.820154 99.9827
4.0 9.0 0.64324 99.9871
4.0 9.0 0.922692 99.9743
4.0 9.0 0.553431 99.9822
4.0 9.0 0.611165 99.9752
4.0 9.0 0.718259 99.9882
4.0 9.0 0.99892 99.9752
4.0 9.0 1.22586 99.9769
4.0 9.0 2.74907 99.9752
4.0 9.0 0.12788 99.9843
4.0 9.0 2.03293 99.9752
4.0 9.0 2.75173 99.9952
4.0 9.0 0.743415 99.9762
4.0 9.0 0.663202 99.9791
4.0 9.0 1.69509 99.9859
4.0 9.0 0.636056 99.9766
4.0 9.0 0.588161 99.9982
4.0 9.0 1.17031 99.9937
4.0 9.0 0.515003 99.9984
4.0 9.0 0.561217 99.9897
4.0 9.0 0.565928 99.9877
4.0 9.0 0.68322 99.994
4.0 9.0 0.593268 99.9752
4.0 10.0 0.645638 99.9752
4.0 10.0 1.37908 99.9745
4.0 10.0 0.655474 99.9798
4.0 10.0 0.834688 99.9959
4.0 10.0 0.667605 99.9546
4.0 10.0 0.5665 99.9762
4.0 10.0 0.555309 99.9875
4.0 10.0 0.571871 99.9752
4.0 10.0 1.06202 99.9762
4.0 10.0 0.628516 99.9546
4.0 10.0 0.133849 99.9811
4.0 10.0 2.30069 99.9965
4.0 10.0 2.15953 99.9762
4.0 10.0 3.03006 99.9752
4.0 10.0 0.660291 99.9762
4.0 10.0 0.639874 99.9755
4.0 10.0 1.35606 99.9875
4.0 10.0 0.61894 99.984
4.0 10.0 0.673657 99.9762
4.0 10.0 0.625088 99.9881
4.0 10.0 0.125444 99.9752
4.0 10.0 0.516385 99.9762
4.0 10.0 1.54062 99.9971
4.0 10.0 1.07753 99.9762
4.0 10.0 1.10588 99.9762
4.0 10.0 0.589595 99.9762
4.0 10.0 1.01724 99.9762
4.0 10.0 0.159786 99.9809
4.0 10.0 0.68224 99.9847
4.0 10.0 1.35107 99.9991
4.0 10.0 2.38259 99.9752
4.0 10.0 1.93313 99.9546
4.0 10.0 1.88787 99.9762
4.0 10.0 2.91174 99.9997
4.0 10.0 0.67887 99.9762
4.0 10.0 1.81853 99.9762
4.0 10.0 1.27331 99.996
4.0 10.0 1.98809 99.997
4.0 10.0 2.36068 99.9971
4.0 10.0 1.38285 99.9762
4.0 10.0 1.13387 99.9546
4.0 10.0 0.590299 99.9892
4.0 10.0 0.602562 99.9954
4.0 10.0 0.534288 99.9927
4.0 10.0 0.628567 99.9892
4.0 10.0 0.645066 99.9752
4.0 10.0 0.547325 99.9762
4.0 10.0 1.20792 99.9999
4.0 10.0 0.161728 99.9951
4.0 10.0 1.67257 99.9762
4.0 11.0 0.669886 99.9837
4.0 11.0 1.97897 99.9968
4.0 11.0 0.656479 99.9515
4.0 11.0 0.724824 99.9762
4.0 11.0 0.727481 99.998
4.0 11.0 0.744015 99.9782
4.0 11.0 0.488799 99.9752
4.0 11.0 0.841725 99.9912
4.0 11.0 0.663311 99.9769
4.0 11.0 0.762496 99.9819
4.0 11.0 0.646996 99.9782
4.0 11.0 0.555289 99.98
4.0 11.0 0.732252 99.9854
4.0 11.0 1.37132 99.9779
4.0 11.0 1.01792 99.9964
4.0 11.0 1.44688 99.9752
4.0 11.0 0.729909 99.9845
4.0 11.0 0.644744 99.991
4.0 11.0 1.07338 99.9769
4.0 11.0 0.499004 99.9752
4.0 11.0 1.45009 99.9752
4.0 11.0 0.950106 99.9752
4.0 11.0 1.66889 99.9937
4.0 11.0 0.650559 99.9765
4.0 11.0 0.561708 99.9819
4.0 11.0 0.640647 99.9752
4.0 11.0 1.27586 99.9855
4.0 11.0 0.606606 99.9976
4.0 11.0 0.74256 99.9762
4.0 11.0 0.508712 99.9752
4.0 11.0 1.67678 99.9752
4.0 11.0 0.611158 99.9515
4.0 11.0 0.776775 99.9752
4.0 11.0 0.802837 99.9781
4.0 11.0 2.00177 99.9766
4.0 11.0 1.92928 99.9784
4.0 11.0 1.12326 99.9762
4.0 11.0 1.1962 99.9994
4.0 11.0 2.55108 99.9762
4.0 11.0 0.556889 99.9829
4.0 11.0 0.684402 99.9944
4.0 11.0 0.571723 99.9883
4.0 11.0 1.26643 99.9847
4.0 11.0 0.60065 99.9936
4.0 11.0 0.618173 99.9927
4.0 11.0 0.624684 99.9762
4.0 11.0 0.727919 99.9752
4.0 11.0 0.658863 99.9868
4.0 11.0 0.57998 99.9762
4.0 11.0 0.510743 99.9752
4.0 11.0 0.510743 99.9752
4.0 11.0 0.510743 99.9752
4.0 11.0 0.510743 99.9752
4.0 11.0 0.510743 99.9752
4.0 11.0 0.510743 99.9752
4.0 11.0 0.510743 99.9752
4.0 11.0 0.510743 99.9752
4.0 11.0 0.510743 99.9752
4.0 11.0 0.510743 99.9752
4.0 11.0 0.510743 99.9752
4.0 11.0 0.510743 99.9752
4.0 11.0 0.510743 99.9752
4.0 11.0 0.510743 99.9752
4.0 11.0 0.510743 99.9752
4.0 11.0 0.510743 99.9752
4.0 11.0 0.510743 99.9752
4.0 11.0 0.510743 99.9752
4.0 11.0 0.510743 99.9752
4.0 11.0 0.510743 99.9752
4.0 11.0 0.510743 99.9752
4.0 11.0 0.510743 99.9752
4.0 11.0 0.510743 99.9752
4.0 11.0 0.510743 99.9752
4.0 11.0 0.510743 99.9752
4.0 11.0 0.510743 99.9752
4.0 11.0 0.510743 99.9752
4.0 11.0 0.510743 99.9752
4.0 11.0 0.510743 99.9752
4.0 11.0 0.510743 99.9752
4.0 11.0 0.510743 99.9752
4.0 11.0 0.510743 99.9752
4.0 11.0 0.510743 99.9752
4.0 11.0 0.510743 99.9752
4.0 11.0 0.510743 99.9752
4.0 11.0 0.510743 99.9752
4.0 11.0 0.510743 99.9752
4.0 11.0 0.510743 99.9752
4.0 11.0 0.510743 99.9752
4.0 11.0 0.510743 99.9752
4.0 11.0 0.510743 99.9752
4.0 11.0 0.510743 99.9752
4.0 11.0 0.510743 99.9752
4.0 11.0 0.510743 99.9752
4.0 11.0 0.510743 99.9752
4.0 11.0 0.510743 99.9752
4.0 11.0 0.510743 99.9752
4.0 11.0 0.510743 99.9752
4.0 11.0 0.510743 99.9752
4.0 11.0 0.510743 99.9752
4.0 11.0 0.510743 99.9752
5.0 1.0 54.8909 -20.9406
5.0 1.0 54.9989 -20.9406
5.0 1.0 55.9206 -20.797
5.0 1.0 55.3998 -20.9406
5.0 1.0 55.4557 -20.797
5.0 1.0 55.133 -20.9406
5.0 1.0 55.6813 -21.0462
5.0 1.0 55.2343 -20.9406
5.0 1.0 55.699 -20.797
5.0 1.0 55.0249 -20.9406
5.0 1.0 56.1296 -20.797
5.0 1.0 55.7215 -20.797
5.0 1.0 55.3188 -21.0462
5.0 1.0 55.1125 -20.9406
5.0 1.0 54.9012 -20.9406
5.0 1.0 55.0054 -21.0462
5.0 1.0 55.3283 -20.797
5.0 1.0 55.0568 -20.9406
5.0 1.0 55.0775 -20.9406
5.0 1.0 55.4889 -21.0462
5.0 1.0 55.5849 -20.797
5.0 1.0 54.9183 -21.0462
5.0 1.0 55.3513 -21.0462
5.0 1.0 55.0673 -20.9406
5.0 1.0 55.3575 -21.0462
5.0 1.0 55.1389 -20.9406
5.0 1.0 54.8834 -20.9406
5.0 1.0 55.061 -21.0462
5.0 1.0 55.0268 -20.9406
5.0 1.0 55.1866 -20.797
5.0 1.0 55.0493 -20.9406
5.0 1.0 55.0633 -21.0462
5.0 1.0 55.0915 -21.0462
5.0 1.0 55.1669 -21.0462
5.0 1.0 55.0643 -21.0462
5.0 1.0 55.2672 -21.0462
5.0 1.0 55.1945 -21.0462
5.0 1.0 55.0947 -20.9406
5.0 1.0 55.2914 -20.797
5.0 1.0 55.0918 -20.9406
5.0 1.0 55.3443 -20.9406
5.0 1.0 55.0052 -20.9406
5.0 1.0 55.0587 -21.0462
5.0 1.0 55.2212 -21.0462
5.0 1.0 55.2076 -20.797
5.0 1.0 55.123 -20.9406
5.0 1.0 55.0854 -20.9406
5.0 1.0 54.9397 -20.9406
5.0 1.0 59.3206 -21.0462
5.0 1.0 54.9626 -20.9406
5.0 2.0 27.5814 -20.9406
5.0 2.0 27.6568 -20.9406
5.0 2.0 27.6061 -21.0462
5.0 2.0 27.5451 -20.9406
5.0 2.0 27.5878 -20.9406
5.0 2.0 27.6137 -21.0462
5.0 2.0 27.5807 -20.9406
5.0 2.0 27.4304 -20.9406
5.0 2.0 28.9565 -21.0462
5.0 2.0 27.7701 -20.797
5.0 2.0 27.8179 -20.797
5.0 2.0 27.5935 -20.9406
5.0 2.0 27.5878 -21.0462
5.0 2.0 27.5605 -21.0462
5.0 2.0 27.5816 -20.9406
5.0 2.0 27.915 -20.797
5.0 2.0 27.8565 -20.9406
5.0 2.0 27.5906 -20.9406
5.0 2.0 27.6086 -21.0462
5.0 2.0 27.6009 -20.9406
5.0 2.0 27.5808 -20.9406
5.0 2.0 27.6004 -21.0462
5.0 2.0 29.368 -21.0462
5.0 2.0 27.5808 -20.9406
5.0 2.0 27.5703 -20.9406
5.0 2.0 27.7637 -20.797
5.0 2.0 27.752 -20.797
5.0 2.0 28.1414 -20.797
5.0 2.0 27.5862 -21.0462
5.0 2.0 27.5779 -20.9406
5.0 2.0 27.5863 -20.9406
5.0 2.0 27.5985 -20.9406
5.0 2.0 27.8084 -20.9406
5.0 2.0 27.5794 -20.9406
5.0 2.0 27.8177 -20.9406
5.0 2.0 27.8707 -21.0462
5.0 2.0 28.9826 -20.9406
5.0 2.0 27.7297 -20.797
5.0 2.0 27.7385 -20.797
5.0 2.0 27.771 -20.797
5.0 2.0 27.6631 -21.0462
5.0 2.0 28.8423 -20.9406
5.0 2.0 27.5953 -21.0462
5.0 2.0 27.6042 -21.0462
5.0 2.0 27.8665 -21.0462
5.0 2.0 27.7524 -20.797
5.0 2.0 27.7496 -20.797
5.0 2.0 27.6272 -21.0462
5.0 2.0 27.5972 -20.9406
5.0 2.0 27.5964 -21.0462
5.0 3.0 18.7945 -20.797
5.0 3.0 18.9347 -20.797
5.0 3.0 18.6898 -20.9406
5.0 3.0 18.8651 -20.9406
5.0 3.0 18.841 -20.9406
5.0 3.0 18.9436 -20.797
5.0 3.0 18.8966 -21.0462
5.0 3.0 18.8174 -21.0462
5.0 3.0 18.8134 -20.797
5.0 3.0 18.9871 -20.9406
5.0 3.0 20.6432 -21.0462
5.0 3.0 18.839 -20.9406
5.0 3.0 18.9504 -20.797
5.0 3.0 18.6817 -20.9406
5.0 3.0 18.8396 -20.9406
5.0 3.0 18.8283 -20.9406
5.0 3.0 18.8476 -21.0462
5.0 3.0 18.8489 -21.0462
5.0 3.0 18.702 -20.9406
5.0 3.0 18.7065 -21.0462
5.0 3.0 18.7031 -20.9406
5.0 3.0 18.7119 -20.9406
5.0 3.0 18.8153 -20.9406
5.0 3.0 18.8718 -20.9406
5.0 3.0 18.8773 -21.0462
5.0 3.0 18.7034 -20.9406
5.0 3.0 18.697 -20.9406
5.0 3.0 18.8432 -21.0462
5.0 3.0 18.8903 -20.9406
5.0 3.0 20.7098 -20.9406
5.0 3.0 20.7121 -20.9406
5.0 3.0 18.6987 -20.9406
5.0 3.0 18.863 -20.9406
5.0 3.0 20.967 -20.797
5.0 3.0 18.782 -20.797
5.0 3.0 20.6199 -20.9406
5.0 3.0 18.8336 -20.9406
5.0 3.0 18.8618 -20.9406
5.0 3.0 18.8424 -20.9406
5.0 3.0 18.8779 -20.9406
5.0 3.0 18.8924 -20.9406
5.0 3.0 18.7014 -20.9406
5.0 3.0 18.8393 -20.9406
5.0 3.0 19.0109 -20.797
5.0 3.0 18.7845 -21.0462
5.0 3.0 18.9329 -20.797
5.0 3.0 19.5997 -21.0462
5.0 3.0 19.6657 -20.9406
5.0 3.0 19.6308 -20.797
5.0 3.0 18.825 -21.0462
5.0 4.0 14.1752 -21.0462
5.0 4.0 14.263 -20.9406
5.0 4.0 14.2387 -21.0462
5.0 4.0 14.09 -20.9406
5.0 4.0 15.4553 -20.797
5.0 4.0 14.2745 -20.9406
5.0 4.0 14.1962 -20.9406
5.0 4.0 14.1771 -20.9406
5.0 4.0 14.2473 -21.0462
5.0 4.0 14.1628 -20.9406
5.0 4.0 14.0779 -20.9406
5.0 4.0 14.2746 -21.0462
5.0 4.0 14.1451 -20.9406
5.0 4.0 14.1606 -21.0462
5.0 4.0 14.9295 -20.797
5.0 4.0 14.6842 -20.7975
5.0 4.0 14.0985 -20.9406
5.0 4.0 14.287 -20.9406
5.0 4.0 15.0962 -20.797
5.0 4.0 14.1822 -20.9406
5.0 4.0 15.1804 -20.797
5.0 4.0 14.0977 -20.9406
5.0 4.0 14.1348 -21.0462
5.0 4.0 14.1476 -20.9406
5.0 4.0 14.1831 -20.9406
5.0 4.0 14.1598 -20.9406
5.0 4.0 14.1957 -20.9406
5.0 4.0 15.1106 -20.797
5.0 4.0 14.1936 -20.9406
5.0 4.0 14.1807 -21.0462
5.0 4.0 14.1483 -21.0462
5.0 4.0 14.1676 -20.9406
5.0 4.0 14.1855 -20.9406
5.0 4.0 14.1553 -20.9406
5.0 4.0 15.0627 -20.797
5.0 4.0 14.1779 -21.0462
5.0 4.0 14.2022 -20.9406
5.0 4.0 14.1899 -20.9406
5.0 4.0 14.0893 -20.9406
5.0 4.0 14.2001 -20.9406
5.0 4.0 14.8737 -20.797
5.0 4.0 14.1254 -20.9406
5.0 4.0 14.8781 -20.797
5.0 4.0 14.1695 -20.9406
5.0 4.0 14.1508 -20.9406
5.0 4.0 14.1392 -20.9406
5.0 4.0 14.283 -20.9406
5.0 4.0 14.1968 -21.0462
5.0 4.0 14.133 -20.9406
5.0 4.0 14.1938 -20.9406
5.0 5.0 11.4072 -20.9406
5.0 5.0 11.3566 -20.9406
5.0 5.0 11.3469 -21.0462
5.0 5.0 11.416 -20.9406
5.0 5.0 11.0556 -20.9406
5.0 5.0 13.6312 -20.797
5.0 5.0 11.3559 -21.0462
5.0 5.0 11.3356 -20.9406
5.0 5.0 13.5574 -20.797
5.0 5.0 11.2736 -20.9406
5.0 5.0 11.4475 -20.9406
5.0 5.0 11.3658 -20.9406
5.0 5.0 11.3066 -21.0462
5.0 5.0 11.272 -20.9406
5.0 5.0 11.3055 -20.9406
5.0 5.0 12.0487 -20.797
5.0 5.0 11.4091 -21.0462
5.0 5.0 11.309 -21.0462
5.0 5.0 11.2625 -20.9406
5.0 5.0 11.3071 -21.0462
5.0 5.0 11.6369 -20.9406
5.0 5.0 12.1491 -20.797
5.0 5.0 11.3808 -20.9406
5.0 5.0 11.429 -20.9406
5.0 5.0 11.4552 -20.9406
5.0 5.0 11.1799 -20.9406
5.0 5.0 11.2795 -21.0462
5.0 5.0 11.3176 -21.0462
5.0 5.0 11.3683 -20.9406
5.0 5.0 11.2953 -20.9406
5.0 5.0 11.3189 -21.0462
5.0 5.0 11.409 -20.9406
5.0 5.0 11.3211 -20.9406
5.0 5.0 11.3425 -20.9406
5.0 5.0 11.3071 -20.9406
5.0 5.0 11.3527 -20.9406
5.0 5.0 11.3289 -20.9406
5.0 5.0 11.3102 -20.9406
5.0 5.0 12.0022 -20.797
5.0 5.0 11.3463 -21.0462
5.0 5.0 11.3776 -21.0462
5.0 5.0 11.2991 -20.9406
5.0 5.0 11.2822 -20.9406
5.0 5.0 11.3406 -20.9406
5.0 5.0 11.751 -20.9406
5.0 5.0 11.2975 -20.9406
5.0 5.0 11.3422 -20.9406
5.0 5.0 11.2945 -20.9406
5.0 5.0 11.3271 -20.9406
5.0 5.0 11.337 -21.0462
5.0 6.0 11.3127 -21.0462
5.0 6.0 11.8029 -20.797
5.0 6.0 11.2248 -20.9406
5.0 6.0 12.2335 -20.797
5.0 6.0 11.1469 -20.9406
5.0 6.0 11.9045 -20.797
5.0 6.0 11.2533 -21.0462
5.0 6.0 11.8135 -20.797
5.0 6.0 11.8597 -20.797
5.0 6.0 11.2511 -20.9406
5.0 6.0 11.2985 -21.0462
5.0 6.0 11.9124 -20.797
5.0 6.0 11.1464 -20.9406
5.0 6.0 11.825 -20.797
5.0 6.0 11.1601 -20.9406
5.0 6.0 11.2399 -21.0462
5.0 6.0 11.3468 -20.9406
5.0 6.0 11.8981 -20.797
5.0 6.0 12.0942 -20.797
5.0 6.0 11.1578 -20.9406
5.0 6.0 11.2482 -20.9406
5.0 6.0 11.2535 -21.0462
5.0 6.0 11.329 -20.9406
5.0 6.0 11.341 -20.9406
5.0 6.0 11.2893 -20.9406
5.0 6.0 11.2799 -21.0462
5.0 6.0 11.3281 -20.9406
5.0 6.0 11.312 -21.0462
5.0 6.0 11.3016 -20.9406
5.0 6.0 11.5251 -21.0462
5.0 6.0 11.3488 -20.9406
5.0 6.0 11.2155 -20.9406
5.0 6.0 11.2606 -20.9406
5.0 6.0 11.3476 -20.9406
5.0 6.0 11.2469 -20.9406
5.0 6.0 11.2718 -20.9406
5.0 6.0 11.3462 -21.0462
5.0 6.0 11.3628 -21.0462
5.0 6.0 12.0405 -20.797
5.0 6.0 11.3175 -21.0462
5.0 6.0 11.2952 -20.9406
5.0 6.0 11.0534 -20.9406
5.0 6.0 11.3966 -20.9406
5.0 6.0 11.3685 -20.9406
5.0 6.0 11.3327 -20.9406
5.0 6.0 12.3677 -20.797
5.0 6.0 11.2665 -21.0462
5.0 6.0 11.5228 -21.0462
5.0 6.0 11.2577 -21.0462
5.0 6.0 11.3079 -20.9406
5.0 7.0 9.0117 -20.9406
5.0 7.0 9.01409 -20.9406
5.0 7.0 9.00088 -21.0462
5.0 7.0 9.06586 -20.9406
5.0 7.0 9.09647 -21.0462
5.0 7.0 9.07105 -20.9406
5.0 7.0 9.01009 -20.9406
5.0 7.0 9.01867 -20.9406
5.0 7.0 9.07989 -20.9406
5.0 7.0 9.52762 -20.797
5.0 7.0 9.10533 -20.9406
5.0 7.0 9.57372 -20.797
5.0 7.0 9.02992 -20.9406
5.0 7.0 9.00702 -21.0462
5.0 7.0 9.04474 -21.0462
5.0 7.0 9.73044 -20.797
5.0 7.0 9.06257 -20.9406
5.0 7.0 9.02526 -21.0462
5.0 7.0 9.03479 -20.9406
5.0 7.0 9.02263 -20.9406
5.0 7.0 9.01973 -20.9406
5.0 7.0 8.99841 -20.9406
5.0 7.0 9.08389 -21.0462
5.0 7.0 9.08084 -20.9406
5.0 7.0 9.08751 -20.9406
5.0 7.0 9.05324 -20.9406
5.0 7.0 9.06712 -21.0462
5.0 7.0 9.12775 -21.0462
5.0 7.0 9.04001 -20.9406
5.0 7.0 9.05729 -20.9406
5.0 7.0 9.15053 -20.9406
5.0 7.0 9.06846 -20.9406
5.0 7.0 9.02268 -20.9406
5.0 7.0 9.08016 -20.9406
5.0 7.0 9.07083 -20.9406
5.0 7.0 9.10567 -20.9406
5.0 7.0 9.07719 -20.9406
5.0 7.0 9.41021 -20.797
5.0 7.0 9.0072 -21.0462
5.0 7.0 9.09349 -21.0462
5.0 7.0 9.05244 -20.9406
5.0 7.0 9.05298 -20.9406
5.0 7.0 9.08883 -21.0462
5.0 7.0 9.49398 -20.797
5.0 7.0 9.15308 -20.9406
5.0 7.0 9.03445 -21.0462
5.0 7.0 9.04699 -20.9406
5.0 7.0 9.03542 -20.9406
5.0 7.0 9.07603 -20.9406
5.0 7.0 9.08207 -20.9406
5.0 8.0 9.07838 -21.0462
5.0 8.0 9.51102 -20.797
5.0 8.0 9.11701 -21.0462
5.0 8.0 9.05239 -20.9406
5.0 8.0 9.09598 -21.0462
5.0 8.0 9.01198 -21.0462
5.0 8.0 9.13847 -20.9406
5.0 8.0 9.05361 -21.0462
5.0 8.0 9.06221 -20.9406
5.0 8.0 9.05363 -20.9406
5.0 8.0 9.39105 -21.0462
5.0 8.0 9.10773 -20.9406
5.0 8.0 9.08627 -20.9406
5.0 8.0 9.5227 -20.797
5.0 8.0 9.08192 -21.0462
5.0 8.0 9.06501 -20.9406
5.0 8.0 9.08175 -21.0462
5.0 8.0 9.083 -21.0462
5.0 8.0 9.12863 -20.9406
5.0 8.0 9.091 -20.9406
5.0 8.0 9.14852 -20.9406
5.0 8.0 9.05668 -20.9406
5.0 8.0 9.09998 -20.9406
5.0 8.0 9.04471 -20.9406
5.0 8.0 9.11437 -20.9406
5.0 8.0 9.76731 -20.797
5.0 8.0 9.1061 -21.0462
5.0 8.0 9.05195 -20.9406
5.0 8.0 9.13685 -20.9406
5.0 8.0 9.60988 -20.797
5.0 8.0 9.10652 -20.9406
5.0 8.0 9.12095 -20.9406
5.0 8.0 9.03817 -21.0462
5.0 8.0 9.06585 -21.0462
5.0 8.0 9.51677 -20.797
5.0 8.0 9.07367 -20.9406
5.0 8.0 9.10648 -20.9406
5.0 8.0 9.15635 -21.0462
5.0 8.0 9.0843 -20.9406
5.0 8.0 9.10844 -21.0462
5.0 8.0 9.50954 -20.797
5.0 8.0 9.13375 -20.9406
5.0 8.0 9.08438 -20.9406
5.0 8.0 9.10141 -21.0462
5.0 8.0 9.52563 -20.797
5.0 8.0 9.03189 -21.0462
5.0 8.0 9.16061 -20.9406
5.0 8.0 9.10342 -20.9406
5.0 8.0 9.06909 -21.0462
5.0 8.0 9.12039 -20.9406
5.0 9.0 6.84657 -20.9406
5.0 9.0 6.86902 -20.9406
5.0 9.0 6.80809 -20.9406
5.0 9.0 7.09945 -20.797
5.0 9.0 7.19043 -20.797
5.0 9.0 6.80808 -20.9406
5.0 9.0 6.93165 -20.9406
5.0 9.0 6.79732 -21.0462
5.0 9.0 6.96965 -20.9406
5.0 9.0 6.77742 -20.9406
5.0 9.0 6.87655 -20.9406
5.0 9.0 6.82657 -20.9406
5.0 9.0 6.79497 -21.0462
5.0 9.0 6.87821 -20.9406
5.0 9.0 6.83707 -20.9406
5.0 9.0 6.88634 -20.9406
5.0 9.0 6.93406 -20.9406
5.0 9.0 6.86357 -20.9406
5.0 9.0 7.42017 -20.797
5.0 9.0 6.87602 -20.9406
5.0 9.0 6.83615 -21.0462
5.0 9.0 6.79963 -21.0462
5.0 9.0 6.66682 -20.9406
5.0 9.0 6.88703 -20.9406
5.0 9.0 6.82313 -21.0462
5.0 9.0 6.80509 -20.9406
5.0 9.0 6.86502 -20.9406
5.0 9.0 6.85628 -20.9406
5.0 9.0 6.79122 -20.9406
5.0 9.0 6.8019 -20.9406
5.0 9.0 6.89142 -20.9406
5.0 9.0 6.89312 -20.9406
5.0 9.0 6.91533 -20.9406
5.0 9.0 6.8379 -20.9406
5.0 9.0 6.88354 -20.9406
5.0 9.0 6.87341 -20.9406
5.0 9.0 6.73123 -20.797
5.0 9.0 6.84874 -20.9406
5.0 9.0 6.83405 -20.9406
5.0 9.0 6.87757 -20.9406
5.0 9.0 7.15882 -20.797
5.0 9.0 6.80923 -21.0462
5.0 9.0 6.88682 -20.9406
5.0 9.0 6.8036 -20.9406
5.0 9.0 6.78528 -21.0462
5.0 9.0 6.86255 -20.9406
5.0 9.0 6.98436 -20.9406
5.0 9.0 6.92296 -21.0462
5.0 9.0 6.84805 -20.9406
5.0 9.0 6.79246 -20.9406
5.0 10.0 5.76275 -20.9406
5.0 10.0 5.81913 -20.9406
5.0 10.0 5.74163 -20.9406
5.0 10.0 5.73246 -21.0462
5.0 10.0 6.43131 -20.797
5.0 10.0 5.81803 -21.0462
5.0 10.0 6.41378 -20.9406
5.0 10.0 5.74723 -21.0462
5.0 10.0 5.72622 -20.9406
5.0 10.0 5.75152 -21.0462
5.0 10.0 5.76328 -20.9406
5.0 10.0 5.73237 -20.9406
5.0 10.0 6.88537 -20.797
5.0 10.0 5.79407 -21.0462
5.0 10.0 6.22304 -20.797
5.0 10.0 6.45885 -20.797
5.0 10.0 5.75325 -21.0462
5.0 10.0 6.39126 -20.797
5.0 10.0 6.77787 -20.797
5.0 10.0 5.77168 -20.9406
5.0 10.0 5.72897 -20.9406
5.0 10.0 5.92779 -21.0462
5.0 10.0 5.74867 -20.9406
5.0 10.0 5.74623 -21.0462
5.0 10.0 5.79085 -20.9406
5.0 10.0 5.78311 -20.9406
5.0 10.0 5.76141 -21.0462
5.0 10.0 5.77537 -20.9406
5.0 10.0 6.47534 -20.797
5.0 10.0 5.72441 -20.9406
5.0 10.0 5.77304 -20.9406
5.0 10.0 5.72904 -20.9406
5.0 10.0 5.84345 -20.9406
5.0 10.0 5.74394 -20.9406
5.0 10.0 5.73136 -20.797
5.0 10.0 5.76858 -20.9406
5.0 10.0 5.73579 -20.9406
5.0 10.0 5.75403 -20.9406
5.0 10.0 5.72087 -20.9406
5.0 10.0 5.74625 -20.9406
5.0 10.0 5.82461 -21.0462
5.0 10.0 5.7587 -21.0462
5.0 10.0 5.88422 -20.9406
5.0 10.0 5.78692 -20.9406
5.0 10.0 5.77201 -21.0462
5.0 10.0 5.86073 -20.9406
5.0 10.0 5.74272 -21.0462
5.0 10.0 5.81917 -21.0462
5.0 10.0 6.23887 -20.797
5.0 10.0 6.61871 -20.797
5.0 11.0 5.68923 -21.0462
5.0 11.0 5.68574 -21.0462
5.0 11.0 5.72776 -20.9406
5.0 11.0 6.0481 -20.797
5.0 11.0 5.6766 -21.0462
5.0 11.0 5.72816 -20.9406
5.0 11.0 5.75434 -21.0462
5.0 11.0 5.69522 -20.9406
5.0 11.0 5.66057 -20.9406
5.0 11.0 5.68273 -21.0462
5.0 11.0 5.67862 -20.9406
5.0 11.0 5.72151 -20.9406
5.0 11.0 5.70216 -20.9406
5.0 11.0 5.69612 -20.9406
5.0 11.0 5.89442 -21.0462
5.0 11.0 5.64394 -20.9406
5.0 11.0 5.66611 -21.0462
5.0 11.0 5.79471 -20.9406
5.0 11.0 5.7261 -20.9406
5.0 11.0 5.71209 -20.9406
5.0 11.0 5.66928 -21.0462
5.0 11.0 5.6599 -21.0462
5.0 11.0 5.69138 -20.9406
5.0 11.0 5.89882 -20.797
5.0 11.0 5.70807 -20.9406
5.0 11.0 5.67935 -20.9406
5.0 11.0 5.67764 -21.0462
5.0 11.0 5.65461 -21.0462
5.0 11.0 5.68779 -20.9406
5.0 11.0 6.19586 -20.797
5.0 11.0 5.68956 -21.0462
5.0 11.0 5.89926 -20.7984
5.0 11.0 6.26852 -20.797
5.0 11.0 5.68956 -20.9406
5.0 11.0 6.27369 -20.7976
5.0 11.0 5.74056 -20.9406
5.0 11.0 5.67715 -21.0462
5.0 11.0 5.67416 -20.9406
5.0 11.0 5.68602 -20.9406
5.0 11.0 5.72328 -21.0462
5.0 11.0 5.7316 -21.0462
5.0 11.0 5.6572 -20.9406
5.0 11.0 5.66421 -20.9406
5.0 11.0 5.74869 -20.9406
5.0 11.0 5.65896 -20.9406
5.0 11.0 5.68868 -20.9406
5.0 11.0 5.67621 -20.9406
5.0 11.0 5.66374 -21.0462
5.0 11.0 5.73534 -21.0462
5.0 11.0 6.03154 -20.797
5.0 11.0 6.03154 -20.797
5.0 11.0 6.03154 -20.797
5.0 11.0 6.03154 -20.797
5.0 11.0 6.03154 -20.797
5.0 11.0 6.03154 -20.797
5.0 11.0 6.03154 -20.797
5.0 11.0 6.03154 -20.797
5.0 11.0 6.03154 -20.797
5.0 11.0 6.03154 -20.797
5.0 11.0 6.03154 -20.797
5.0 11.0 6.03154 -20.797
5.0 11.0 6.03154 -20.797
5.0 11.0 6.03154 -20.797
5.0 11.0 6.03154 -20.797
5.0 11.0 6.03154 -20.797
5.0 11.0 6.03154 -20.797
5.0 11.0 6.03154 -20.797
5.0 11.0 6.03154 -20.797
5.0 11.0 6.03154 -20.797
5.0 11.0 6.03154 -20.797
5.0 11.0 6.03154 -20.797
5.0 11.0 6.03154 -20.797
5.0 11.0 6.03154 -20.797
5.0 11.0 6.03154 -20.797
5.0 11.0 6.03154 -20.797
5.0 11.0 6.03154 -20.797
5.0 11.0 6.03154 -20.797
5.0 11.0 6.03154 -20.797
5.0 11.0 6.03154 -20.797
5.0 11.0 6.03154 -20.797
5.0 11.0 6.03154 -20.797
5.0 11.0 6.03154 -20.797
5.0 11.0 6.03154 -20.797
5.0 11.0 6.03154 -20.797
5.0 11.0 6.03154 -20.797
5.0 11.0 6.03154 -20.797
5.0 11.0 6.03154 -20.797
5.0 11.0 6.03154 -20.797
5.0 11.0 6.03154 -20.797
5.0 11.0 6.03154 -20.797
5.0 11.0 6.03154 -20.797
5.0 11.0 6.03154 -20.797
5.0 11.0 6.03154 -20.797
5.0 11.0 6.03154 -20.797
5.0 11.0 6.03154 -20.797
5.0 11.0 6.03154 -20.797
5.0 11.0 6.03154 -20.797
5.0 11.0 6.03154 -20.797
5.0 11.0 6.03154 -20.797
5.0 11.0 6.03154 -20.797
