0.0 1.0 0.0673906 -0.0
0.0 1.0 0.0715092 -0.0
0.0 1.0 0.11544 -0.00739604
0.0 1.0 0.121661 -0.00739604
0.0 1.0 0.164569 -0.00739604
0.0 1.0 0.0753482 -0.0
0.0 1.0 0.0816051 -0.0
0.0 1.0 0.115551 -0.00739604
0.0 1.0 0.0748203 -0.0
0.0 1.0 0.0748791 -0.0
0.0 1.0 0.0678273 -0.0
0.0 1.0 0.0794769 -0.0
0.0 1.0 0.0782578 -0.0
0.0 1.0 0.074665 -0.0
0.0 1.0 0.121444 -0.00739604
0.0 1.0 0.0685178 -0.0
0.0 1.0 0.0689773 -0.0
0.0 1.0 0.0684269 -0.0
0.0 1.0 0.0677838 -0.0
0.0 1.0 0.0739539 -0.0
0.0 1.0 0.0589141 -0.0
0.0 1.0 0.0698394 -0.0
0.0 1.0 0.0610058 -0.0
0.0 1.0 0.0752635 -0.0
0.0 1.0 0.120049 -0.00739604
0.0 1.0 0.126085 -0.00739604
0.0 1.0 0.118502 -0.00739604
0.0 1.0 0.0709306 -0.0
0.0 1.0 0.0760383 -0.0
0.0 1.0 0.11061 -0.00739604
0.0 1.0 0.0707771 -0.0
0.0 1.0 0.0650234 -0.0
0.0 1.0 0.0868337 -0.0
0.0 1.0 0.0597946 -0.0
0.0 1.0 0.114192 -0.00739604
0.0 1.0 0.0737278 -0.0
0.0 1.0 0.118505 -0.00739604
0.0 1.0 0.0635855 -0.0
0.0 1.0 0.0758185 -0.0
0.0 1.0 0.0668244 -0.0
0.0 1.0 0.0740333 -0.0
0.0 1.0 0.116848 -0.00739604
0.0 1.0 0.114291 -0.00739604
0.0 1.0 0.0637274 -0.0
0.0 1.0 0.121069 -0.00739604
0.0 1.0 0.0739671 -0.0
0.0 1.0 0.0688263 -0.0
0.0 1.0 0.0763566 -0.0
0.0 1.0 0.0682704 -0.0
0.0 1.0 0.0771668 -0.0
0.0 2.0 0.059611 -0.00739604
0.0 2.0 0.0586585 -0.00739604
0.0 2.0 0.0610207 -0.00739604
0.0 2.0 0.0529363 -0.0
0.0 2.0 0.0628501 -0.00986467
0.0 2.0 0.0614549 -0.00739604
0.0 2.0 0.072961 -0.0
0.0 2.0 0.0636006 -0.00739604
0.0 2.0 0.0614689 -0.00739604
0.0 2.0 0.059626 -0.00739604
0.0 2.0 0.0607619 -0.00739604
0.0 2.0 0.0392164 -0.0
0.0 2.0 0.0383783 -0.0
0.0 2.0 0.0658589 -0.00739604
0.0 2.0 0.0407879 -0.0
0.0 2.0 0.0413864 -0.0
0.0 2.0 0.0444985 -0.0
0.0 2.0 0.060681 -0.00739604
0.0 2.0 0.0384969 -0.0
0.0 2.0 0.0389465 -0.0
0.0 2.0 0.0610459 -0.00739604
0.0 2.0 0.0619419 -0.0
0.0 2.0 0.0608206 -0.00739604
0.0 2.0 0.0606061 -0.00739604
0.0 2.0 0.0415746 -0.0
0.0 2.0 0.06415 -0.00739604
0.0 2.0 0.0407841 -0.0
0.0 2.0 0.0723399 -0.00739604
0.0 2.0 0.0615163 -0.0
0.0 2.0 0.0654296 -0.0
0.0 2.0 0.0627088 -0.00739604
0.0 2.0 0.0428744 -0.0
0.0 2.0 0.0613882 -0.0
0.0 2.0 0.0623543 -0.0
0.0 2.0 0.0605759 -0.0
0.0 2.0 0.0595687 -0.00739604
0.0 2.0 0.0653988 -0.0
0.0 2.0 0.0614816 -0.00739604
0.0 2.0 0.0612324 -0.0
0.0 2.0 0.0541478 -0.0197195
0.0 2.0 0.0611775 -0.0
0.0 2.0 0.0661861 -0.00739604
0.0 2.0 0.0560636 -0.0
0.0 2.0 0.0600231 -0.00739604
0.0 2.0 0.0616959 -0.00739604
0.0 2.0 0.0656455 -0.00739604
0.0 2.0 0.0525708 -0.0
0.0 2.0 0.0607819 -0.00739604
0.0 2.0 0.0597467 -0.00739604
0.0 2.0 0.0386721 -0.0
0.0 3.0 0.0459991 -0.0197195
0.0 3.0 0.0483434 -0.00739604
0.0 3.0 0.0482849 -0.00739604
0.0 3.0 0.0483755 -0.00739604
0.0 3.0 0.0511628 -0.0
0.0 3.0 0.0486129 -0.00739604
0.0 3.0 0.0485266 -0.00739604
0.0 3.0 0.0475702 -0.00739604
0.0 3.0 0.0455925 -0.0
0.0 3.0 0.0481914 -0.00739604
0.0 3.0 0.0405059 -0.0
0.0 3.0 0.0399789 -0.00986467
0.0 3.0 0.0365862 -0.0
0.0 3.0 0.0473966 -0.00739604
0.0 3.0 0.0457999 -0.0
0.0 3.0 0.0424021 -0.00986467
0.0 3.0 0.0476954 -0.0
0.0 3.0 0.0489931 -0.00739604
0.0 3.0 0.0481104 -0.00986467
0.0 3.0 0.0438234 -0.0
0.0 3.0 0.0483191 -0.0
0.0 3.0 0.0487931 -0.0
0.0 3.0 0.0458655 -0.0
0.0 3.0 0.0490229 -0.00739604
0.0 3.0 0.0451317 -0.0
0.0 3.0 0.0464239 -0.00739604
0.0 3.0 0.0481889 -0.00986467
0.0 3.0 0.041518 -0.00986467
0.0 3.0 0.0354431 -0.0
0.0 3.0 0.048042 -0.00739604
0.0 3.0 0.0342815 -0.0
0.0 3.0 0.0492523 -0.00739604
0.0 3.0 0.0498926 -0.0
0.0 3.0 0.0439715 -0.0
0.0 3.0 0.0388092 -0.0
0.0 3.0 0.0338963 -0.0
0.0 3.0 0.0495237 -0.0
0.0 3.0 0.0486903 -0.0
0.0 3.0 0.0474075 -0.0
0.0 3.0 0.0554522 -0.00739604
0.0 3.0 0.0489636 -0.00739604
0.0 3.0 0.0491667 -0.0
0.0 3.0 0.0488851 -0.00986467
0.0 3.0 0.0488301 -0.00739604
0.0 3.0 0.0480444 -0.00739604
0.0 3.0 0.0305066 -0.0
0.0 3.0 0.0478872 -0.0
0.0 3.0 0.0475051 -0.00739604
0.0 3.0 0.0481085 -0.0271254
0.0 3.0 0.0330027 -0.0
0.0 4.0 0.0401554 -0.00739604
0.0 4.0 0.0436895 -0.00739604
0.0 4.0 0.0423418 -0.00739604
0.0 4.0 0.0399901 -0.00739604
0.0 4.0 0.0423412 -0.00739604
0.0 4.0 0.0402186 -0.00739604
0.0 4.0 0.0354242 -0.0
0.0 4.0 0.0400647 -0.0
0.0 4.0 0.0426619 -0.046835
0.0 4.0 0.0414665 -0.00739604
0.0 4.0 0.0397276 -0.00739604
0.0 4.0 0.04051 -0.00739604
0.0 4.0 0.0422542 -0.00739604
0.0 4.0 0.0382947 -0.0
0.0 4.0 0.0403397 -0.0
0.0 4.0 0.042758 -0.00986467
0.0 4.0 0.0421625 -0.00739604
0.0 4.0 0.0418331 -0.0197195
0.0 4.0 0.0412957 -0.0271254
0.0 4.0 0.0437724 -0.00739604
0.0 4.0 0.0405791 -0.00739604
0.0 4.0 0.0399653 -0.00739604
0.0 4.0 0.0403343 -0.0271254
0.0 4.0 0.0416213 -0.00739604
0.0 4.0 0.0336379 -0.0197195
0.0 4.0 0.0426354 -0.0
0.0 4.0 0.0331599 -0.00986467
0.0 4.0 0.0416764 -0.00986467
0.0 4.0 0.0386865 -0.0197195
0.0 4.0 0.0470556 -0.0271254
0.0 4.0 0.0287426 -0.0
0.0 4.0 0.0421994 -0.0
0.0 4.0 0.0407779 -0.00739604
0.0 4.0 0.0414454 -0.0
0.0 4.0 0.0415836 -0.00739604
0.0 4.0 0.0428995 -0.0197195
0.0 4.0 0.0414402 -0.00739604
0.0 4.0 0.0405749 -0.00739604
0.0 4.0 0.0412132 -0.00739604
0.0 4.0 0.042193 -0.00739604
0.0 4.0 0.0381121 -0.00986467
0.0 4.0 0.0409719 -0.00739604
0.0 4.0 0.0405106 -0.00739604
0.0 4.0 0.0429145 -0.0
0.0 4.0 0.0415361 -0.0295842
0.0 4.0 0.0408218 -0.00739604
0.0 4.0 0.0421592 -0.0
0.0 4.0 0.040395 -0.00739604
0.0 4.0 0.0462868 -0.0
0.0 4.0 0.0420238 -0.00739604
0.0 5.0 0.0501189 -0.00739604
0.0 5.0 0.0487964 -0.0
0.0 5.0 0.0543212 -0.0
0.0 5.0 0.0507864 -0.00739604
0.0 5.0 0.0539049 -0.00739604
0.0 5.0 0.0529342 -0.00739604
0.0 5.0 0.0482603 -0.0
0.0 5.0 0.0516499 -0.0271254
0.0 5.0 0.0553947 -0.0
0.0 5.0 0.0647629 -0.00739604
0.0 5.0 0.0558577 -0.0271254
0.0 5.0 0.049786 -0.00986467
0.0 5.0 0.0516241 -0.0295842
0.0 5.0 0.047989 -0.00739604
0.0 5.0 0.0601103 -0.00986467
0.0 5.0 0.0553731 -0.00739604
0.0 5.0 0.0483776 -0.00739604
0.0 5.0 0.0554981 -0.00739604
0.0 5.0 0.0537197 -0.00739604
0.0 5.0 0.0490233 -0.0
0.0 5.0 0.0486567 -0.00739604
0.0 5.0 0.0543218 -0.00739604
0.0 5.0 0.0561947 -0.0
0.0 5.0 0.0531157 -0.00739604
0.0 5.0 0.0472943 -0.00739604
0.0 5.0 0.0861406 -0.0197195
0.0 5.0 0.0678654 -0.0
0.0 5.0 0.0500515 -0.0197195
0.0 5.0 0.0519866 -0.00739604
0.0 5.0 0.0539428 -0.0
0.0 5.0 0.0657133 -0.0197195
0.0 5.0 0.0496685 -0.00739604
0.0 5.0 0.0632624 -0.0
0.0 5.0 0.0506599 -0.00739604
0.0 5.0 0.0664001 -0.00986467
0.0 5.0 0.0543877 -0.0271254
0.0 5.0 0.0538355 -0.0
0.0 5.0 0.049788 -0.0
0.0 5.0 0.0442779 -0.0
0.0 5.0 0.121108 -0.0
0.0 5.0 0.0502303 -0.00739604
0.0 5.0 0.0479517 -0.0
0.0 5.0 0.0503866 -0.0197195
0.0 5.0 0.0537765 -0.00739604
0.0 5.0 0.0598848 -0.0394587
0.0 5.0 0.0541966 -0.00986467
0.0 5.0 0.0591365 -0.0
0.0 5.0 0.0536492 -0.00739604
0.0 5.0 0.0507735 -0.00986467
0.0 5.0 0.0489331 -0.00739604
0.0 6.0 0.0492421 -0.00986467
0.0 6.0 0.0534033 -0.0271254
0.0 6.0 0.0553057 -0.00739604
0.0 6.0 0.0515879 -0.00739604
0.0 6.0 0.0546633 -0.00739604
0.0 6.0 0.0574172 -0.00739604
0.0 6.0 0.0527688 -0.0887426
0.0 6.0 0.058801 -0.00739604
0.0 6.0 0.0503941 -0.00739604
0.0 6.0 0.0647166 -0.00986467
0.0 6.0 0.0514328 -0.0295842
0.0 6.0 0.0531287 -0.0
0.0 6.0 0.052913 -0.046835
0.0 6.0 0.0650474 -0.0
0.0 6.0 0.0505654 -0.0
0.0 6.0 0.0507529 -0.0
0.0 6.0 0.0498025 -0.00739604
0.0 6.0 0.0498063 -0.0394587
0.0 6.0 0.0505543 -0.00986467
0.0 6.0 0.0606748 -0.0665841
0.0 6.0 0.0504986 -0.00739604
0.0 6.0 0.0580586 -0.00739604
0.0 6.0 0.053431 -0.00739604
0.0 6.0 0.0544372 -0.00739604
0.0 6.0 0.0497626 -0.0197195
0.0 6.0 0.0522818 -0.0271254
0.0 6.0 0.0501471 -0.0
0.0 6.0 0.0694816 -0.0197195
0.0 6.0 0.0573114 -0.00739604
0.0 6.0 0.0562439 -0.00739604
0.0 6.0 0.0592657 -0.0
0.0 6.0 0.0525388 -0.00986467
0.0 6.0 0.0561145 -0.0
0.0 6.0 0.0537144 -0.00739604
0.0 6.0 0.0493622 -0.0
0.0 6.0 0.058787 -0.00986467
0.0 6.0 0.0510069 -0.0271254
0.0 6.0 0.0492029 -0.0
0.0 6.0 0.0499107 -0.0
0.0 6.0 0.0492566 -0.00739604
0.0 6.0 0.0489708 -0.0
0.0 6.0 0.0509742 -0.00986467
0.0 6.0 0.0508069 -0.0
0.0 6.0 0.0900318 -0.0197195
0.0 6.0 0.0656845 -0.0
0.0 6.0 0.0589521 -0.0
0.0 6.0 0.0539403 -0.0
0.0 6.0 0.056358 -0.0
0.0 6.0 0.0511987 -0.00739604
0.0 6.0 0.0547491 -0.00986467
0.0 7.0 0.065294 -0.00739604
0.0 7.0 0.073509 -0.0197195
0.0 7.0 0.0699652 -0.00739604
0.0 7.0 0.0531108 -0.00986467
0.0 7.0 0.0667255 -0.0295842
0.0 7.0 0.0882401 -0.00739604
0.0 7.0 0.0538213 -0.0
0.0 7.0 0.0691737 -0.0
0.0 7.0 0.05618 -0.00739604
0.0 7.0 0.0585755 -0.0271254
0.0 7.0 0.0537533 -0.0
0.0 7.0 0.0798321 -0.0591782
0.0 7.0 0.0560886 -0.00739604
0.0 7.0 0.0552528 -0.125772
0.0 7.0 0.0525401 -0.00986467
0.0 7.0 0.0639263 -0.00739604
0.0 7.0 0.0530029 -0.0271254
0.0 7.0 0.062511 -0.0295842
0.0 7.0 0.0574011 -0.0295842
0.0 7.0 0.0538667 -0.046835
0.0 7.0 0.0575654 -0.0
0.0 7.0 0.0570016 -0.00739604
0.0 7.0 0.0571606 -0.00986467
0.0 7.0 0.0504271 -0.0197195
0.0 7.0 0.0561727 -0.046835
0.0 7.0 0.0762183 -0.00739604
0.0 7.0 0.0615147 -0.088782
0.0 7.0 0.0539501 -0.0591782
0.0 7.0 0.054043 -0.00739604
0.0 7.0 0.0871602 -0.0197195
0.0 7.0 0.0598874 -0.0295842
0.0 7.0 0.0473966 -0.00986467
0.0 7.0 0.0648776 -0.00739604
0.0 7.0 0.0621563 -0.00739604
0.0 7.0 0.0714941 -0.0
0.0 7.0 0.0639956 -0.0665644
0.0 7.0 0.0576693 -0.00739604
0.0 7.0 0.0805148 -0.0197195
0.0 7.0 0.0678391 -0.00739604
0.0 7.0 0.0563017 -0.0271254
0.0 7.0 0.0575265 -0.0
0.0 7.0 0.065284 -0.00739604
0.0 7.0 0.0574039 -0.0
0.0 7.0 0.0648579 -0.0295842
0.0 7.0 0.0688267 -0.0271254
0.0 7.0 0.0645294 -0.0394587
0.0 7.0 0.066691 -0.0
0.0 7.0 0.0524817 -0.0
0.0 7.0 0.0838174 -0.00739604
0.0 7.0 0.0533435 -0.00986467
0.0 8.0 0.101754 -0.0
0.0 8.0 0.0829128 -0.0
0.0 8.0 0.0963886 -0.00739604
0.0 8.0 0.0606268 -0.00739604
0.0 8.0 0.0802876 -0.0
0.0 8.0 0.0582611 -0.0665644
0.0 8.0 0.067331 -0.00739604
0.0 8.0 0.0587732 -0.00739604
0.0 8.0 0.0838486 -0.0
0.0 8.0 0.0635075 -0.00739604
0.0 8.0 0.0602306 -0.0394587
0.0 8.0 0.0597339 -0.0197195
0.0 8.0 0.0834265 -0.00739604
0.0 8.0 0.0769665 -0.00739604
0.0 8.0 0.0590966 -0.00739604
0.0 8.0 0.096241 -0.0
0.0 8.0 0.0620164 -0.125713
0.0 8.0 0.0596008 -0.00739604
0.0 8.0 0.0592997 -0.0
0.0 8.0 0.0604326 -0.088782
0.0 8.0 0.0578929 -0.00739604
0.0 8.0 0.0589707 -0.0271254
0.0 8.0 0.0606753 -0.00739604
0.0 8.0 0.0567099 -0.00739604
0.0 8.0 0.0604624 -0.00986467
0.0 8.0 0.0640671 -0.0
0.0 8.0 0.0560536 -0.00986467
0.0 8.0 0.0600946 -0.00739604
0.0 8.0 0.058304 -0.0197195
0.0 8.0 0.060814 -0.0197195
0.0 8.0 0.0592497 -0.00986467
0.0 8.0 0.0590362 -0.0197195
0.0 8.0 0.0764877 -0.00739604
0.0 8.0 0.0757998 -0.0197195
0.0 8.0 0.0584138 -0.00986467
0.0 8.0 0.0671465 -0.0
0.0 8.0 0.0582209 -0.0
0.0 8.0 0.0587644 -0.0
0.0 8.0 0.0689493 -0.00986467
0.0 8.0 0.0594153 -0.00739604
0.0 8.0 0.0806401 -0.00739604
0.0 8.0 0.0585939 -0.0
0.0 8.0 0.0596043 -0.00739604
0.0 8.0 0.06821 -0.00986467
0.0 8.0 0.0572905 -0.00986467
0.0 8.0 0.0583 -0.0591782
0.0 8.0 0.0902365 -0.00986467
0.0 8.0 0.0582972 -0.0295842
0.0 8.0 0.0591509 -0.00739604
0.0 8.0 0.0762108 -0.046835
0.0 9.0 0.0613269 -0.078878
0.0 9.0 0.0630547 -0.00739604
0.0 9.0 0.0645754 -0.00739604
0.0 9.0 0.0643555 -0.0271254
0.0 9.0 0.0608556 -0.00739604
0.0 9.0 0.0677425 -0.00739604
0.0 9.0 0.0835508 -0.00739604
0.0 9.0 0.07263 -0.0295842
0.0 9.0 0.0744989 -0.0
0.0 9.0 0.0603315 -0.00986467
0.0 9.0 0.0740524 -0.0295842
0.0 9.0 0.0645657 -0.00739604
0.0 9.0 0.0691359 -0.0
0.0 9.0 0.0836186 -0.0295842
0.0 9.0 0.067966 -0.0197195
0.0 9.0 0.0691548 -0.00739604
0.0 9.0 0.106121 -0.00739604
0.0 9.0 0.0616481 -0.00986467
0.0 9.0 0.063104 -0.0295842
0.0 9.0 0.0742466 -0.184901
0.0 9.0 0.0660733 -0.0591782
0.0 9.0 0.0654148 -0.078878
0.0 9.0 0.0850365 -0.0
0.0 9.0 0.06347 -0.0271254
0.0 9.0 0.0616904 -0.00739604
0.0 9.0 0.0636661 -0.125713
0.0 9.0 0.0648692 -0.0
0.0 9.0 0.0668817 -0.0271254
0.0 9.0 0.0649021 -0.0197195
0.0 9.0 0.0639809 -0.00986467
0.0 9.0 0.0610918 -0.00986467
0.0 9.0 0.0775964 -0.00986467
0.0 9.0 0.0833184 -0.00739604
0.0 9.0 0.0664459 -0.0665841
0.0 9.0 0.0609246 -0.0295842
0.0 9.0 0.075637 -0.0295842
0.0 9.0 0.0750487 -0.046835
0.0 9.0 0.0788117 -0.0
0.0 9.0 0.0642547 -0.0271254
0.0 9.0 0.0666963 -0.0197195
0.0 9.0 0.0882127 -0.177554
0.0 9.0 0.0635155 -0.0295842
0.0 9.0 0.0775751 -0.00986467
0.0 9.0 0.0698778 -0.00986467
0.0 9.0 0.061951 -0.00739604
0.0 9.0 0.062294 -0.00739604
0.0 9.0 0.0836294 -0.0197195
0.0 9.0 0.0642341 -0.0
0.0 9.0 0.0614505 -0.0197195
0.0 9.0 0.0639858 -0.00739604
0.0 10.0 0.0841267 -0.0
0.0 10.0 0.0678817 -0.00986467
0.0 10.0 0.0759798 -0.0665841
0.0 10.0 0.0720945 -0.00739604
0.0 10.0 0.136654 -0.0665644
0.0 10.0 0.0697654 -0.0197195
0.0 10.0 0.151005 -0.0591782
0.0 10.0 0.072628 -0.0665644
0.0 10.0 0.0685319 -0.0394587
0.0 10.0 0.0742635 -0.0665644
0.0 10.0 0.141875 -0.0665644
0.0 10.0 0.068268 -0.0295842
0.0 10.0 0.0829839 -0.00739604
0.0 10.0 0.0669884 -0.00986467
0.0 10.0 0.0680339 -0.00739604
0.0 10.0 0.0663818 -0.0197195
0.0 10.0 0.0820489 -0.0295842
0.0 10.0 0.0830748 -0.0197195
0.0 10.0 0.0694998 -0.0295842
0.0 10.0 0.0708321 -0.00739604
0.0 10.0 0.0678749 -0.00739604
0.0 10.0 0.0711225 -0.00986467
0.0 10.0 0.103323 -0.0394587
0.0 10.0 0.0682318 -0.0197195
0.0 10.0 0.0713558 -0.00986467
0.0 10.0 0.0699954 -0.0665644
0.0 10.0 0.0656287 -0.0197195
0.0 10.0 0.0691697 -0.00986467
0.0 10.0 0.0709233 -0.0394587
0.0 10.0 0.0663246 -0.0271254
0.0 10.0 0.0699149 -0.00739604
0.0 10.0 0.0682935 -0.00739604
0.0 10.0 0.0837374 -0.0591782
0.0 10.0 0.0746998 -0.0394587
0.0 10.0 0.0676189 -0.0197195
0.0 10.0 0.0977177 -0.0
0.0 10.0 0.0681405 -0.0591782
0.0 10.0 0.0681324 -0.0197195
0.0 10.0 0.0710891 -0.0295842
0.0 10.0 0.0705026 -0.0295842
0.0 10.0 0.069536 -0.0887426
0.0 10.0 0.0849691 -0.0665841
0.0 10.0 0.131662 -0.0295842
0.0 10.0 0.0954149 -0.00739604
0.0 10.0 0.0716202 -0.0271254
0.0 10.0 0.0673096 -0.0295842
0.0 10.0 0.0792184 -0.078878
0.0 10.0 0.0922581 -0.0197195
0.0 10.0 0.0777216 -0.0665841
0.0 10.0 0.0660048 -0.00739604
0.0 11.0 0.0774614 -0.0197195
0.0 11.0 0.0745131 -0.0197195
0.0 11.0 0.106718 -0.00739604
0.0 11.0 0.0830907 -0.0197195
0.0 11.0 0.0717596 -0.0295842
0.0 11.0 0.0777203 -0.00739604
0.0 11.0 0.0811823 -0.118337
0.0 11.0 0.0751108 -0.00739604
0.0 11.0 0.0756218 -0.046835
0.0 11.0 0.0958559 -0.078878
0.0 11.0 0.0753211 -0.00739604
0.0 11.0 0.0798874 -0.046835
0.0 11.0 0.0801687 -0.0665841
0.0 11.0 0.0777899 -0.00739604
0.0 11.0 0.0757813 -0.00739604
0.0 11.0 0.133923 -0.0887426
0.0 11.0 0.0741428 -0.0
0.0 11.0 0.0735122 -0.0
0.0 11.0 0.0802028 -0.00986467
0.0 11.0 0.0751552 -0.0197195
0.0 11.0 0.076674 -0.0271254
0.0 11.0 0.0731806 -0.0295842
0.0 11.0 0.0750397 -0.108502
0.0 11.0 0.0758709 -0.0197195
0.0 11.0 0.0817646 -0.0271254
0.0 11.0 0.10114 -0.0
0.0 11.0 0.0901719 -0.00739604
0.0 11.0 0.126881 -0.0271254
0.0 11.0 0.0885485 -0.0271254
0.0 11.0 0.0779465 -0.0295842
0.0 11.0 0.072148 -0.0271254
0.0 11.0 0.0750103 -0.0197195
0.0 11.0 0.137804 -0.00739604
0.0 11.0 0.078305 -0.00739604
0.0 11.0 0.0745978 -0.046835
0.0 11.0 0.0779048 -0.0197195
0.0 11.0 0.0962665 -0.0271254
0.0 11.0 0.101083 -0.00739604
0.0 11.0 0.0930227 -0.0
0.0 11.0 0.0869325 -0.0271254
0.0 11.0 0.074575 -0.125772
0.0 11.0 0.0753194 -0.00739604
0.0 11.0 0.0759173 -0.00739604
0.0 11.0 0.0764911 -0.0271254
0.0 11.0 0.0757201 -0.088782
0.0 11.0 0.0896384 -0.00986467
0.0 11.0 0.0749324 -0.0
0.0 11.0 0.0775545 -0.0394587
0.0 11.0 0.0752619 -0.0665841
0.0 11.0 0.0796954 -0.00986467
0.0 12.0 0.0915764 -0.0
0.0 12.0 0.0733011 -0.00986467
0.0 12.0 0.0752342 -0.00739604
0.0 12.0 0.0951769 -0.0591782
0.0 12.0 0.0741945 -0.078878
0.0 12.0 0.0855555 -0.00739604
0.0 12.0 0.0750682 -0.0271254
0.0 12.0 0.0802849 -0.0
0.0 12.0 0.0718711 -0.0394587
0.0 12.0 0.0764135 -0.0271254
0.0 12.0 0.0883237 -0.00739604
0.0 12.0 0.0738081 -0.0
0.0 12.0 0.0853518 -0.00739604
0.0 12.0 0.0721813 -0.00986467
0.0 12.0 0.0738694 -0.0271254
0.0 12.0 0.0836375 -0.00739604
0.0 12.0 0.0727181 -0.00986467
0.0 12.0 0.0773451 -0.00739604
0.0 12.0 0.0865408 -0.00739604
0.0 12.0 0.0759551 -0.046835
0.0 12.0 0.0737966 -0.078878
0.0 12.0 0.0766792 -0.00739604
0.0 12.0 0.0746208 -0.0197195
0.0 12.0 0.0735525 -0.0271254
0.0 12.0 0.0761956 -0.046835
0.0 12.0 0.0755973 -0.0665841
0.0 12.0 0.0762809 -0.046835
0.0 12.0 0.0744435 -0.046835
0.0 12.0 0.0759415 -0.00986467
0.0 12.0 0.0765284 -0.0197195
0.0 12.0 0.0765405 -0.0271254
0.0 12.0 0.0747946 -0.00739604
0.0 12.0 0.0789626 -0.0394587
0.0 12.0 0.0945532 -0.0
0.0 12.0 0.074422 -0.00986467
0.0 12.0 0.0766156 -0.00739604
0.0 12.0 0.0718547 -0.0
0.0 12.0 0.093608 -0.0271254
0.0 12.0 0.0729846 -0.00739604
0.0 12.0 0.0751623 -0.0197195
0.0 12.0 0.0807985 -0.0
0.0 12.0 0.11342 -0.0197195
0.0 12.0 0.0747833 -0.00739604
0.0 12.0 0.0736311 -0.00986467
0.0 12.0 0.0743623 -0.00986467
0.0 12.0 0.0745215 -0.00986467
0.0 12.0 0.0883167 -0.0197195
0.0 12.0 0.0750661 -0.108502
0.0 12.0 0.0789106 -0.00739604
0.0 12.0 0.0749078 -0.00739604
1.0 1.0 0.0808871 2.71828
1.0 1.0 0.0863451 2.71828
1.0 1.0 0.0818182 2.71828
1.0 1.0 0.0860115 2.71828
1.0 1.0 0.0815607 2.71828
1.0 1.0 0.086635 2.71828
1.0 1.0 0.0839053 2.71828
1.0 1.0 0.0847178 2.71828
1.0 1.0 0.0858327 2.71828
1.0 1.0 0.0803173 2.71828
1.0 1.0 0.0891065 2.71828
1.0 1.0 0.0806899 2.71828
1.0 1.0 0.0810029 2.71828
1.0 1.0 0.0817368 2.71828
1.0 1.0 0.100308 2.71828
1.0 1.0 0.0890837 2.71828
1.0 1.0 0.0961823 2.71828
1.0 1.0 0.0813317 2.71828
1.0 1.0 0.082423 2.71828
1.0 1.0 0.0813447 2.71828
1.0 1.0 0.0793672 2.71828
1.0 1.0 0.0839611 2.71828
1.0 1.0 0.0797929 2.71828
1.0 1.0 0.07868 2.71828
1.0 1.0 0.0842669 2.71828
1.0 1.0 0.0781616 2.71828
1.0 1.0 0.0860761 2.71828
1.0 1.0 0.083731 2.71828
1.0 1.0 0.0804282 2.71828
1.0 1.0 0.0966793 2.71828
1.0 1.0 0.0817243 2.71828
1.0 1.0 0.0808819 2.71828
1.0 1.0 0.0996195 2.71828
1.0 1.0 0.0861274 2.71828
1.0 1.0 0.0926958 2.71828
1.0 1.0 0.0850642 2.71828
1.0 1.0 0.0810831 2.71828
1.0 1.0 0.0853728 2.71828
1.0 1.0 0.0927073 2.71828
1.0 1.0 0.0845475 2.71828
1.0 1.0 0.0912025 2.71828
1.0 1.0 0.0853145 2.71828
1.0 1.0 0.0862486 2.71828
1.0 1.0 0.0820085 2.71828
1.0 1.0 0.078114 2.71828
1.0 1.0 0.0808211 2.71828
1.0 1.0 0.080557 2.71828
1.0 1.0 0.0791676 2.71828
1.0 1.0 0.079352 2.71828
1.0 1.0 0.0788043 2.71828
1.0 2.0 0.0451531 2.71828
1.0 2.0 0.0447037 2.71828
1.0 2.0 0.0451871 2.71828
1.0 2.0 0.0473566 2.71828
1.0 2.0 0.0456303 2.71828
1.0 2.0 0.0478796 2.71828
1.0 2.0 0.0488865 2.71828
1.0 2.0 0.0455528 2.71828
1.0 2.0 0.0448952 2.71828
1.0 2.0 0.045192 2.71828
1.0 2.0 0.0457671 2.71828
1.0 2.0 0.0490076 2.71828
1.0 2.0 0.046376 2.71828
1.0 2.0 0.0457675 2.71828
1.0 2.0 0.0486592 2.71828
1.0 2.0 0.0454923 2.71828
1.0 2.0 0.0455567 2.71828
1.0 2.0 0.0450163 2.71828
1.0 2.0 0.0455014 2.71828
1.0 2.0 0.0461664 2.71828
1.0 2.0 0.0464278 2.71828
1.0 2.0 0.0525838 2.71828
1.0 2.0 0.0525345 2.71828
1.0 2.0 0.0462838 2.71828
1.0 2.0 0.0465007 2.71828
1.0 2.0 0.0448814 2.71828
1.0 2.0 0.0527544 2.71828
1.0 2.0 0.0455669 2.71828
1.0 2.0 0.0454167 2.71828
1.0 2.0 0.0465678 2.71828
1.0 2.0 0.0508377 2.71828
1.0 2.0 0.0471119 2.71828
1.0 2.0 0.0480554 2.71828
1.0 2.0 0.0457385 2.71828
1.0 2.0 0.0487601 2.71828
1.0 2.0 0.0465949 2.71828
1.0 2.0 0.0491001 2.71828
1.0 2.0 0.0458542 2.71828
1.0 2.0 0.0529312 2.71828
1.0 2.0 0.0447843 2.71828
1.0 2.0 0.0449073 2.71828
1.0 2.0 0.0481809 2.71828
1.0 2.0 0.0450851 2.71828
1.0 2.0 0.0507154 2.71828
1.0 2.0 0.0446337 2.71828
1.0 2.0 0.0460769 2.71828
1.0 2.0 0.0488771 2.71828
1.0 2.0 0.0447939 2.71828
1.0 2.0 0.0461529 2.71828
1.0 2.0 0.0459457 2.71828
1.0 3.0 0.037451 2.71828
1.0 3.0 0.0425945 2.71828
1.0 3.0 0.0362035 2.71828
1.0 3.0 0.0355219 2.71828
1.0 3.0 0.0377516 2.71828
1.0 3.0 0.0360952 2.71828
1.0 3.0 0.0375135 2.71828
1.0 3.0 0.038647 2.71828
1.0 3.0 0.0378015 2.71828
1.0 3.0 0.0389272 2.71828
1.0 3.0 0.039674 2.71828
1.0 3.0 0.0377047 2.71828
1.0 3.0 0.0380358 2.71828
1.0 3.0 0.0373932 2.71828
1.0 3.0 0.0377175 2.71828
1.0 3.0 0.0372846 2.71828
1.0 3.0 0.0374434 2.71828
1.0 3.0 0.0377247 2.71828
1.0 3.0 0.0380632 2.71828
1.0 3.0 0.0360482 2.71828
1.0 3.0 0.0376759 2.71828
1.0 3.0 0.0376496 2.71828
1.0 3.0 0.0379975 2.71828
1.0 3.0 0.0368284 2.71828
1.0 3.0 0.0356529 2.71828
1.0 3.0 0.037283 2.71828
1.0 3.0 0.0377018 2.71828
1.0 3.0 0.0365413 2.71828
1.0 3.0 0.0377111 2.71828
1.0 3.0 0.0372402 2.71828
1.0 3.0 0.0382919 2.71828
1.0 3.0 0.0429189 2.71828
1.0 3.0 0.037609 2.71828
1.0 3.0 0.0375571 2.71828
1.0 3.0 0.03746 2.71828
1.0 3.0 0.0374072 2.71828
1.0 3.0 0.0370681 2.71828
1.0 3.0 0.0384862 2.71828
1.0 3.0 0.0373836 2.71828
1.0 3.0 0.0384708 2.71828
1.0 3.0 0.0372907 2.71828
1.0 3.0 0.0372089 2.71828
1.0 3.0 0.038022 2.71828
1.0 3.0 0.0374687 2.71828
1.0 3.0 0.0371379 2.71828
1.0 3.0 0.0374913 2.71828
1.0 3.0 0.0382907 2.71828
1.0 3.0 0.0400874 2.71828
1.0 3.0 0.0359597 2.71828
1.0 3.0 0.0355276 2.71828
1.0 4.0 0.0412932 2.71828
1.0 4.0 0.0421881 2.71828
1.0 4.0 0.0382035 2.71828
1.0 4.0 0.041529 2.71828
1.0 4.0 0.0345825 2.71828
1.0 4.0 0.0418641 2.71828
1.0 4.0 0.0401944 2.71828
1.0 4.0 0.038988 2.71828
1.0 4.0 0.0357149 2.71828
1.0 4.0 0.0363553 2.71828
1.0 4.0 0.038737 2.71828
1.0 4.0 0.0386981 2.71828
1.0 4.0 0.0391585 2.71828
1.0 4.0 0.0369802 2.71828
1.0 4.0 0.0392575 2.71828
1.0 4.0 0.0410066 2.71828
1.0 4.0 0.0416157 2.71828
1.0 4.0 0.0346356 2.71828
1.0 4.0 0.039807 2.71828
1.0 4.0 0.0419018 2.71828
1.0 4.0 0.0377258 2.71828
1.0 4.0 0.0425218 2.71828
1.0 4.0 0.0448358 2.71828
1.0 4.0 0.0442118 2.71828
1.0 4.0 0.041972 2.71828
1.0 4.0 0.043719 2.71828
1.0 4.0 0.0498861 2.71828
1.0 4.0 0.0663457 2.71828
1.0 4.0 0.0451654 2.71828
1.0 4.0 0.0448157 2.71828
1.0 4.0 0.0431004 2.71828
1.0 4.0 0.044151 2.71828
1.0 4.0 0.0452752 2.71828
1.0 4.0 0.0471053 2.71828
1.0 4.0 0.0443547 2.71828
1.0 4.0 0.04776 2.71828
1.0 4.0 0.0468612 2.71828
1.0 4.0 0.0439208 2.71828
1.0 4.0 0.0437777 2.71828
1.0 4.0 0.0407904 2.71828
1.0 4.0 0.0423854 2.71828
1.0 4.0 0.0392541 2.71828
1.0 4.0 0.0422246 2.71828
1.0 4.0 0.0432996 2.71828
1.0 4.0 0.0430237 2.71828
1.0 4.0 0.0424447 2.71828
1.0 4.0 0.0437411 2.71828
1.0 4.0 0.0445127 2.71828
1.0 4.0 0.0428358 2.71828
1.0 4.0 0.0421225 2.71828
1.0 5.0 0.0445405 2.71828
1.0 5.0 0.045228 2.71828
1.0 5.0 0.0493246 2.71828
1.0 5.0 0.0459282 2.71828
1.0 5.0 0.0522027 2.71828
1.0 5.0 0.0450823 2.71828
1.0 5.0 0.0446966 2.71828
1.0 5.0 0.0494761 2.71828
1.0 5.0 0.0442533 2.71828
1.0 5.0 0.0522698 2.71828
1.0 5.0 0.0503613 2.71828
1.0 5.0 0.0447858 2.71828
1.0 5.0 0.0443563 2.71828
1.0 5.0 0.046657 2.71828
1.0 5.0 0.0484624 2.71828
1.0 5.0 0.043173 2.71828
1.0 5.0 0.0490917 2.71828
1.0 5.0 0.0454281 2.71828
1.0 5.0 0.0535179 2.71828
1.0 5.0 0.049931 2.71828
1.0 5.0 0.0499286 2.71828
1.0 5.0 0.0480014 2.71828
1.0 5.0 0.0488936 2.71828
1.0 5.0 0.0483878 2.71828
1.0 5.0 0.0463678 2.71828
1.0 5.0 0.0434089 2.71828
1.0 5.0 0.0506049 2.71828
1.0 5.0 0.0489872 2.71828
1.0 5.0 0.0500625 2.71828
1.0 5.0 0.0519008 2.71828
1.0 5.0 0.050087 2.71828
1.0 5.0 0.081322 2.71828
1.0 5.0 0.0519142 2.71828
1.0 5.0 0.0686307 2.71828
1.0 5.0 0.0456066 2.71828
1.0 5.0 0.0485647 2.71828
1.0 5.0 0.0515261 2.71828
1.0 5.0 0.0451109 2.71828
1.0 5.0 0.0709298 2.71828
1.0 5.0 0.0500867 2.71828
1.0 5.0 0.044792 2.71828
1.0 5.0 0.047459 2.71828
1.0 5.0 0.0581357 2.71828
1.0 5.0 0.0485372 2.71828
1.0 5.0 0.0435505 2.71828
1.0 5.0 0.0448241 2.71828
1.0 5.0 0.051093 2.71828
1.0 5.0 0.0514626 2.71828
1.0 5.0 0.0582841 2.71828
1.0 5.0 0.0514171 2.71828
1.0 6.0 0.046209 2.71828
1.0 6.0 0.0440698 2.71828
1.0 6.0 0.0828523 2.71828
1.0 6.0 0.0511784 2.71828
1.0 6.0 0.0596863 2.71828
1.0 6.0 0.0475597 2.71828
1.0 6.0 0.077932 2.71828
1.0 6.0 0.0452622 2.71828
1.0 6.0 0.0443926 2.71828
1.0 6.0 0.0460313 2.71828
1.0 6.0 0.0477014 2.71828
1.0 6.0 0.0464665 2.71828
1.0 6.0 0.0530258 2.71828
1.0 6.0 0.0647896 2.71828
1.0 6.0 0.0450414 2.71828
1.0 6.0 0.0563824 2.71828
1.0 6.0 0.0555447 2.71828
1.0 6.0 0.0455847 2.71828
1.0 6.0 0.0541275 2.71828
1.0 6.0 0.0552973 2.71828
1.0 6.0 0.0472852 2.71828
1.0 6.0 0.0495436 2.71828
1.0 6.0 0.0455533 2.71828
1.0 6.0 0.047189 2.71828
1.0 6.0 0.0471912 2.71828
1.0 6.0 0.0477155 2.71828
1.0 6.0 0.0459933 2.71828
1.0 6.0 0.0592902 2.71828
1.0 6.0 0.0462047 2.71828
1.0 6.0 0.0468308 2.71828
1.0 6.0 0.0478128 2.71828
1.0 6.0 0.0470196 2.71828
1.0 6.0 0.0544166 2.71828
1.0 6.0 0.0442532 2.71828
1.0 6.0 0.0455077 2.71828
1.0 6.0 0.060604 2.71828
1.0 6.0 0.0762625 2.71828
1.0 6.0 0.0785293 2.71828
1.0 6.0 0.0455411 2.71828
1.0 6.0 0.0565326 2.71828
1.0 6.0 0.0634044 2.71828
1.0 6.0 0.0438209 2.71828
1.0 6.0 0.0475762 2.71828
1.0 6.0 0.0642225 2.71828
1.0 6.0 0.0479042 2.71828
1.0 6.0 0.0486427 2.71828
1.0 6.0 0.0454573 2.71828
1.0 6.0 0.0472853 2.71828
1.0 6.0 0.0465206 2.71828
1.0 6.0 0.0473605 2.71828
1.0 7.0 0.0638653 2.71828
1.0 7.0 0.0529113 2.71828
1.0 7.0 0.069047 2.71828
1.0 7.0 0.0523447 2.71828
1.0 7.0 0.0509664 2.71828
1.0 7.0 0.0521545 2.71828
1.0 7.0 0.0518087 2.71828
1.0 7.0 0.0578629 2.71828
1.0 7.0 0.0683475 2.71828
1.0 7.0 0.0528561 2.71828
1.0 7.0 0.0553614 2.71828
1.0 7.0 0.096855 2.71828
1.0 7.0 0.0544504 2.71828
1.0 7.0 0.0686316 2.71828
1.0 7.0 0.0551108 2.71828
1.0 7.0 0.0530374 2.71828
1.0 7.0 0.0506897 2.71828
1.0 7.0 0.0564382 2.71828
1.0 7.0 0.0640851 2.71828
1.0 7.0 0.0622197 2.71828
1.0 7.0 0.0705685 2.71828
1.0 7.0 0.0547622 2.71828
1.0 7.0 0.0598465 2.71828
1.0 7.0 0.0559892 2.71828
1.0 7.0 0.0540452 2.71828
1.0 7.0 0.0524964 2.71828
1.0 7.0 0.0735602 2.71828
1.0 7.0 0.0541999 2.71828
1.0 7.0 0.0524294 2.71828
1.0 7.0 0.0579857 2.71828
1.0 7.0 0.0550519 2.71828
1.0 7.0 0.0530993 2.71828
1.0 7.0 0.0623692 2.71828
1.0 7.0 0.0533181 2.71828
1.0 7.0 0.0527493 2.71828
1.0 7.0 0.0551924 2.71828
1.0 7.0 0.0535251 2.71828
1.0 7.0 0.0616676 2.71828
1.0 7.0 0.0562622 2.71828
1.0 7.0 0.0631349 2.71828
1.0 7.0 0.0531001 2.71828
1.0 7.0 0.0544797 2.71828
1.0 7.0 0.0548181 2.71828
1.0 7.0 0.0523853 2.71828
1.0 7.0 0.0523333 2.71828
1.0 7.0 0.0637339 2.71828
1.0 7.0 0.0513263 2.71828
1.0 7.0 0.0521415 2.71828
1.0 7.0 0.0517281 2.71828
1.0 7.0 0.0525961 2.71828
1.0 8.0 0.0583138 2.71828
1.0 8.0 0.0587011 2.71828
1.0 8.0 0.0578855 2.71828
1.0 8.0 0.0748697 2.71828
1.0 8.0 0.0529915 2.71828
1.0 8.0 0.0613381 2.71828
1.0 8.0 0.104546 2.71828
1.0 8.0 0.0780442 2.71828
1.0 8.0 0.0572724 2.71828
1.0 8.0 0.0581593 2.71828
1.0 8.0 0.0806166 2.71828
1.0 8.0 0.0577158 2.71828
1.0 8.0 0.0571931 2.71828
1.0 8.0 0.0578607 2.71828
1.0 8.0 0.0571939 2.71828
1.0 8.0 0.0572462 2.71828
1.0 8.0 0.0565155 2.71828
1.0 8.0 0.0558123 2.71828
1.0 8.0 0.0734113 2.71828
1.0 8.0 0.0807268 2.71828
1.0 8.0 0.0688422 2.71828
1.0 8.0 0.0735817 2.71828
1.0 8.0 0.0730026 2.71828
1.0 8.0 0.057114 2.71828
1.0 8.0 0.069156 2.71828
1.0 8.0 0.0616219 2.71828
1.0 8.0 0.0595512 2.71828
1.0 8.0 0.0796007 2.71828
1.0 8.0 0.0746493 2.71828
1.0 8.0 0.0799793 2.71828
1.0 8.0 0.0816004 2.71828
1.0 8.0 0.0573007 2.71828
1.0 8.0 0.0573389 2.71828
1.0 8.0 0.0795898 2.71828
1.0 8.0 0.0619082 2.71828
1.0 8.0 0.0579821 2.71828
1.0 8.0 0.0560106 2.71828
1.0 8.0 0.0550853 2.71828
1.0 8.0 0.0620211 2.71828
1.0 8.0 0.0576165 2.71828
1.0 8.0 0.0789239 2.71828
1.0 8.0 0.0783938 2.71828
1.0 8.0 0.0796027 2.71828
1.0 8.0 0.0590424 2.71828
1.0 8.0 0.0675568 2.71828
1.0 8.0 0.0784346 2.71828
1.0 8.0 0.0698136 2.71828
1.0 8.0 0.0570996 2.71828
1.0 8.0 0.0554727 2.71828
1.0 8.0 0.0572595 2.71828
1.0 9.0 0.0621903 2.71828
1.0 9.0 0.0695335 2.71828
1.0 9.0 0.0614279 2.71828
1.0 9.0 0.0745351 2.71828
1.0 9.0 0.0625036 2.71828
1.0 9.0 0.0619115 2.71828
1.0 9.0 0.0695552 2.71828
1.0 9.0 0.071144 2.71828
1.0 9.0 0.0660785 2.71828
1.0 9.0 0.0660362 2.71828
1.0 9.0 0.0719384 2.71828
1.0 9.0 0.105072 2.71828
1.0 9.0 0.0633647 2.71828
1.0 9.0 0.0630118 2.71828
1.0 9.0 0.0648346 2.71828
1.0 9.0 0.0611771 2.71828
1.0 9.0 0.0627321 2.71828
1.0 9.0 0.101122 2.71828
1.0 9.0 0.0620208 2.71828
1.0 9.0 0.0720717 2.71828
1.0 9.0 0.0638256 2.71828
1.0 9.0 0.0670718 2.71828
1.0 9.0 0.0892568 2.71828
1.0 9.0 0.0667798 2.71828
1.0 9.0 0.0627568 2.71828
1.0 9.0 0.0621297 2.71828
1.0 9.0 0.0719762 2.71828
1.0 9.0 0.0951013 2.71828
1.0 9.0 0.113342 2.71828
1.0 9.0 0.0672294 2.71828
1.0 9.0 0.0639732 2.71828
1.0 9.0 0.0733731 2.71828
1.0 9.0 0.112406 2.71828
1.0 9.0 0.0638201 2.71828
1.0 9.0 0.0628139 2.71828
1.0 9.0 0.0774314 2.71828
1.0 9.0 0.0827082 2.71828
1.0 9.0 0.0664209 2.71828
1.0 9.0 0.063018 2.71828
1.0 9.0 0.0623819 2.71828
1.0 9.0 0.070362 2.71828
1.0 9.0 0.0630148 2.71828
1.0 9.0 0.0620598 2.71828
1.0 9.0 0.0753144 2.71828
1.0 9.0 0.0630892 2.71828
1.0 9.0 0.0696629 2.71828
1.0 9.0 0.107397 2.71828
1.0 9.0 0.0754419 2.71828
1.0 9.0 0.0630781 2.71828
1.0 9.0 0.0760673 2.71828
1.0 10.0 0.0676192 2.71828
1.0 10.0 0.0781127 2.71828
1.0 10.0 0.0688511 2.71828
1.0 10.0 0.0674958 2.71828
1.0 10.0 0.0685511 2.71828
1.0 10.0 0.0676984 2.71828
1.0 10.0 0.0685821 2.71828
1.0 10.0 0.071804 2.71828
1.0 10.0 0.107008 2.71828
1.0 10.0 0.0670102 2.71828
1.0 10.0 0.0658559 2.71828
1.0 10.0 0.0692719 2.71828
1.0 10.0 0.0698298 2.71828
1.0 10.0 0.0673933 2.71828
1.0 10.0 0.0659687 2.71828
1.0 10.0 0.0671521 2.71828
1.0 10.0 0.0800624 2.71828
1.0 10.0 0.0723851 2.71828
1.0 10.0 0.0656694 2.71828
1.0 10.0 0.0671657 2.71828
1.0 10.0 0.0785626 2.71828
1.0 10.0 0.0659934 2.71828
1.0 10.0 0.0776676 2.71828
1.0 10.0 0.0662666 2.71828
1.0 10.0 0.066902 2.71828
1.0 10.0 0.0742224 2.71828
1.0 10.0 0.0785044 2.71828
1.0 10.0 0.0678451 2.71828
1.0 10.0 0.111809 2.71828
1.0 10.0 0.0637698 2.71828
1.0 10.0 0.0685574 2.71828
1.0 10.0 0.0858997 2.71828
1.0 10.0 0.0733 2.71828
1.0 10.0 0.0671402 2.71828
1.0 10.0 0.0814991 2.71828
1.0 10.0 0.067192 2.71828
1.0 10.0 0.0674536 2.71828
1.0 10.0 0.0703388 2.71828
1.0 10.0 0.116252 2.71828
1.0 10.0 0.078129 2.71828
1.0 10.0 0.0715886 2.71828
1.0 10.0 0.130638 2.71828
1.0 10.0 0.0822505 2.71828
1.0 10.0 0.0732849 2.71828
1.0 10.0 0.075185 2.71828
1.0 10.0 0.0684021 2.71828
1.0 10.0 0.0803957 2.71828
1.0 10.0 0.0670207 2.71828
1.0 10.0 0.0739936 2.71828
1.0 10.0 0.0789959 2.71828
1.0 11.0 0.0771008 2.71828
1.0 11.0 0.099166 2.71828
1.0 11.0 0.0763445 2.71828
1.0 11.0 0.124535 2.71828
1.0 11.0 0.0744084 2.71828
1.0 11.0 0.0765325 2.71828
1.0 11.0 0.0783007 2.71828
1.0 11.0 0.0763967 2.71828
1.0 11.0 0.0928107 2.71828
1.0 11.0 0.0754172 2.71828
1.0 11.0 0.0823309 2.71828
1.0 11.0 0.0882942 2.71828
1.0 11.0 0.0963568 2.71828
1.0 11.0 0.0756382 2.71828
1.0 11.0 0.0766729 2.71828
1.0 11.0 0.0992581 2.71828
1.0 11.0 0.078761 2.71828
1.0 11.0 0.0806535 2.71828
1.0 11.0 0.071648 2.71828
1.0 11.0 0.0803565 2.71828
1.0 11.0 0.07478 2.71828
1.0 11.0 0.100812 2.71828
1.0 11.0 0.0783606 2.71828
1.0 11.0 0.10289 2.71828
1.0 11.0 0.0803903 2.71828
1.0 11.0 0.0754496 2.71828
1.0 11.0 0.0854898 2.71828
1.0 11.0 0.074547 2.71828
1.0 11.0 0.0758324 2.71828
1.0 11.0 0.0747859 2.71828
1.0 11.0 0.0997042 2.71828
1.0 11.0 0.0734887 2.71828
1.0 11.0 0.0757185 2.71828
1.0 11.0 0.0738711 2.71828
1.0 11.0 0.073392 2.71828
1.0 11.0 0.0748901 2.71828
1.0 11.0 0.0753982 2.71828
1.0 11.0 0.0760982 2.71828
1.0 11.0 0.0760106 2.71828
1.0 11.0 0.0986107 2.71828
1.0 11.0 0.119834 2.71828
1.0 11.0 0.0987834 2.71828
1.0 11.0 0.0751225 2.71828
1.0 11.0 0.0915448 2.71828
1.0 11.0 0.0821319 2.71828
1.0 11.0 0.0774864 2.71828
1.0 11.0 0.074996 2.71828
1.0 11.0 0.0754451 2.71828
1.0 11.0 0.0708666 2.71828
1.0 11.0 0.0891459 2.71828
1.0 12.0 0.0717565 2.71828
1.0 12.0 0.0722508 2.71828
1.0 12.0 0.0985075 2.71828
1.0 12.0 0.105921 2.71828
1.0 12.0 0.0730405 2.71828
1.0 12.0 0.0739316 2.71828
1.0 12.0 0.0860042 2.71828
1.0 12.0 0.0741849 2.71828
1.0 12.0 0.103732 2.71828
1.0 12.0 0.0915285 2.71828
1.0 12.0 0.0746102 2.71828
1.0 12.0 0.0848129 2.71828
1.0 12.0 0.0740563 2.71828
1.0 12.0 0.0718155 2.71828
1.0 12.0 0.0733243 2.71828
1.0 12.0 0.0744553 2.71828
1.0 12.0 0.0744042 2.71828
1.0 12.0 0.0751102 2.71828
1.0 12.0 0.0831922 2.71828
1.0 12.0 0.0737251 2.71828
1.0 12.0 0.0733625 2.71828
1.0 12.0 0.0722383 2.71828
1.0 12.0 0.0820268 2.71828
1.0 12.0 0.0726337 2.71828
1.0 12.0 0.0746459 2.71828
1.0 12.0 0.0740552 2.71828
1.0 12.0 0.0746212 2.71828
1.0 12.0 0.0730432 2.71828
1.0 12.0 0.118919 2.71828
1.0 12.0 0.073075 2.71828
1.0 12.0 0.0726691 2.71828
1.0 12.0 0.0714596 2.71828
1.0 12.0 0.0720191 2.71828
1.0 12.0 0.0833486 2.71828
1.0 12.0 0.0874042 2.71828
1.0 12.0 0.0827883 2.71828
1.0 12.0 0.0734226 2.71828
1.0 12.0 0.073383 2.71828
1.0 12.0 0.0702722 2.71828
1.0 12.0 0.0720008 2.71828
1.0 12.0 0.0745643 2.71828
1.0 12.0 0.0735706 2.71828
1.0 12.0 0.0736514 2.71828
1.0 12.0 0.0730768 2.71828
1.0 12.0 0.0714239 2.71828
1.0 12.0 0.0714239 2.71828
1.0 12.0 0.0714239 2.71828
1.0 12.0 0.0714239 2.71828
1.0 12.0 0.0714239 2.71828
1.0 12.0 0.0714239 2.71828
2.0 1.0 0.855591 -8.43827e-33
2.0 1.0 0.799495 -5.02058e-32
2.0 1.0 0.823814 -5.02058e-32
2.0 1.0 0.854746 -8.43827e-33
2.0 1.0 0.84188 -8.43827e-33
2.0 1.0 0.789771 -8.43827e-33
2.0 1.0 0.825973 -5.02058e-32
2.0 1.0 0.982177 -5.02058e-32
2.0 1.0 0.791184 -2.03723e-31
2.0 1.0 0.805949 -8.43827e-33
2.0 1.0 0.822284 -8.43827e-33
2.0 1.0 0.845989 -8.43827e-33
2.0 1.0 0.804415 -8.43827e-33
2.0 1.0 0.568096 -0.0
2.0 1.0 0.567244 -0.0
2.0 1.0 0.78605 -4.33559e-32
2.0 1.0 0.248744 -0.0
2.0 1.0 0.269447 -0.0
2.0 1.0 0.795511 -8.43827e-33
2.0 1.0 0.797695 -8.43827e-33
2.0 1.0 0.804558 -8.43827e-33
2.0 1.0 0.257022 -0.0
2.0 1.0 0.766335 -2.01644e-31
2.0 1.0 0.580458 -0.0
2.0 1.0 0.555562 -0.0
2.0 1.0 0.921999 -8.43827e-33
2.0 1.0 0.854288 -4.33559e-32
2.0 1.0 0.791738 -2.03723e-31
2.0 1.0 0.788746 -8.43827e-33
2.0 1.0 0.304653 -0.0
2.0 1.0 0.967772 -8.43827e-33
2.0 1.0 0.231772 -0.0
2.0 1.0 0.84272 -8.43827e-33
2.0 1.0 0.798853 -8.43827e-33
2.0 1.0 0.811085 -8.43827e-33
2.0 1.0 0.789151 -8.43827e-33
2.0 1.0 0.841538 -5.02058e-32
2.0 1.0 0.821567 -8.43827e-33
2.0 1.0 0.78772 -5.02058e-32
2.0 1.0 0.804194 -8.43827e-33
2.0 1.0 0.851746 -8.43827e-33
2.0 1.0 0.807309 -2.03723e-31
2.0 1.0 0.595394 -0.0
2.0 1.0 0.959083 -8.43827e-33
2.0 1.0 0.78706 -5.02058e-32
2.0 1.0 0.834348 -8.43827e-33
2.0 1.0 0.555443 -0.0
2.0 1.0 0.834632 -8.43827e-33
2.0 1.0 0.598219 -0.0
2.0 1.0 0.781774 -2.01644e-31
2.0 2.0 0.398308 -8.43827e-33
2.0 2.0 0.396626 -0.0
2.0 2.0 0.406422 -8.43827e-33
2.0 2.0 0.402013 -0.0
2.0 2.0 0.39327 -8.43827e-33
2.0 2.0 0.436335 -0.0
2.0 2.0 0.410494 -5.02058e-32
2.0 2.0 0.408788 -5.02058e-32
2.0 2.0 0.434155 -5.02058e-32
2.0 2.0 0.396119 -8.43827e-33
2.0 2.0 0.48002 -8.43827e-33
2.0 2.0 0.288532 -0.0
2.0 2.0 0.408855 -0.0
2.0 2.0 0.421423 -8.43827e-33
2.0 2.0 0.437746 -4.33559e-32
2.0 2.0 0.434287 -8.43827e-33
2.0 2.0 0.489955 -8.43827e-33
2.0 2.0 0.442188 -5.02058e-32
2.0 2.0 0.439294 -0.0
2.0 2.0 0.399525 -8.43827e-33
2.0 2.0 0.40828 -8.43827e-33
2.0 2.0 0.440292 -4.33559e-32
2.0 2.0 0.423407 -5.02058e-32
2.0 2.0 0.407289 -2.01644e-31
2.0 2.0 0.423125 -8.43827e-33
2.0 2.0 0.40245 -8.43827e-33
2.0 2.0 0.438248 -8.43827e-33
2.0 2.0 0.446375 -0.0
2.0 2.0 0.442909 -5.02058e-32
2.0 2.0 0.432652 -8.43827e-33
2.0 2.0 0.446243 -8.43827e-33
2.0 2.0 0.438757 -5.02058e-32
2.0 2.0 0.439155 -8.43827e-33
2.0 2.0 0.411209 -8.43827e-33
2.0 2.0 0.44874 -8.43827e-33
2.0 2.0 0.314138 -0.0
2.0 2.0 0.397429 -1.7325e-31
2.0 2.0 0.437073 -0.0
2.0 2.0 0.445684 -5.02058e-32
2.0 2.0 0.429009 -8.43827e-33
2.0 2.0 0.317067 -0.0
2.0 2.0 0.437276 -8.43827e-33
2.0 2.0 0.412449 -8.43827e-33
2.0 2.0 0.442308 -2.01644e-31
2.0 2.0 0.422776 -2.03723e-31
2.0 2.0 0.444509 -5.02058e-32
2.0 2.0 0.443431 -4.33559e-32
2.0 2.0 0.442096 -8.43827e-33
2.0 2.0 0.448249 -2.03723e-31
2.0 2.0 0.420686 -2.01644e-31
2.0 3.0 0.284481 -0.0
2.0 3.0 0.28508 -5.02058e-32
2.0 3.0 0.306341 -2.01644e-31
2.0 3.0 0.296797 -5.02058e-32
2.0 3.0 0.296022 -8.43827e-33
2.0 3.0 0.273243 -0.0
2.0 3.0 0.295004 -8.43827e-33
2.0 3.0 0.332913 -8.43827e-33
2.0 3.0 0.216545 -0.0
2.0 3.0 0.290434 -0.0
2.0 3.0 0.297168 -5.02058e-32
2.0 3.0 0.290542 -5.02058e-32
2.0 3.0 0.202597 -0.0
2.0 3.0 0.294233 -8.43827e-33
2.0 3.0 0.293769 -8.43827e-33
2.0 3.0 0.297089 -8.43827e-33
2.0 3.0 0.296065 -8.43827e-33
2.0 3.0 0.296456 -3.90376e-32
2.0 3.0 0.29632 -8.43827e-33
2.0 3.0 0.281957 -8.43827e-33
2.0 3.0 0.296659 -5.02058e-32
2.0 3.0 0.28895 -0.0
2.0 3.0 0.286846 -0.0
2.0 3.0 0.294895 -4.33559e-32
2.0 3.0 0.292643 -5.02058e-32
2.0 3.0 0.297636 -8.43827e-33
2.0 3.0 0.288652 -0.0
2.0 3.0 0.290211 -0.0
2.0 3.0 0.296706 -2.01644e-31
2.0 3.0 0.296199 -8.43827e-33
2.0 3.0 0.292762 -4.33559e-32
2.0 3.0 0.297096 -2.03723e-31
2.0 3.0 0.294875 -8.43827e-33
2.0 3.0 0.318093 -8.43827e-33
2.0 3.0 0.296069 -8.43827e-33
2.0 3.0 0.297543 -8.43827e-33
2.0 3.0 0.29447 -4.33559e-32
2.0 3.0 0.287727 -8.43827e-33
2.0 3.0 0.29578 -8.43827e-33
2.0 3.0 0.295845 -0.0
2.0 3.0 0.294859 -5.02058e-32
2.0 3.0 0.296012 -8.43827e-33
2.0 3.0 0.296476 -8.43827e-33
2.0 3.0 0.298061 -5.02058e-32
2.0 3.0 0.297574 -8.43827e-33
2.0 3.0 0.304564 -0.0
2.0 3.0 0.272913 -0.0
2.0 3.0 0.284037 -8.43827e-33
2.0 3.0 0.295118 -8.43827e-33
2.0 3.0 0.294116 -8.43827e-33
2.0 4.0 0.210923 -8.43827e-33
2.0 4.0 0.192534 -0.0
2.0 4.0 0.18947 -2.21611e-32
2.0 4.0 0.202394 -5.02058e-32
2.0 4.0 0.212958 -0.0
2.0 4.0 0.206228 -8.43827e-33
2.0 4.0 0.207187 -4.33559e-32
2.0 4.0 0.202994 -0.0
2.0 4.0 0.213026 -0.0
2.0 4.0 0.181556 -5.02058e-32
2.0 4.0 0.129478 -0.0
2.0 4.0 0.211013 -8.43827e-33
2.0 4.0 0.215444 -0.0
2.0 4.0 0.217281 -8.43827e-33
2.0 4.0 0.220153 -0.0
2.0 4.0 0.208454 -8.43827e-33
2.0 4.0 0.198351 -5.02058e-32
2.0 4.0 0.216404 -0.0
2.0 4.0 0.21942 -8.43827e-33
2.0 4.0 0.207883 -8.43827e-33
2.0 4.0 0.218325 -6.77826e-31
2.0 4.0 0.198867 -8.43827e-33
2.0 4.0 0.21056 -8.43827e-33
2.0 4.0 0.218514 -5.02058e-32
2.0 4.0 0.207813 -4.33559e-32
2.0 4.0 0.133995 -0.0
2.0 4.0 0.211054 -0.0
2.0 4.0 0.251087 -2.03723e-31
2.0 4.0 0.214365 -8.43827e-33
2.0 4.0 0.185102 -0.0
2.0 4.0 0.181796 -0.0
2.0 4.0 0.198674 -5.02058e-32
2.0 4.0 0.200954 -4.33559e-32
2.0 4.0 0.201175 -0.0
2.0 4.0 0.183264 -4.33559e-32
2.0 4.0 0.20786 -5.02058e-32
2.0 4.0 0.203863 -0.0
2.0 4.0 0.200127 -0.0
2.0 4.0 0.203853 -8.43827e-33
2.0 4.0 0.259194 -8.43827e-33
2.0 4.0 0.21226 -8.43827e-33
2.0 4.0 0.201555 -8.43827e-33
2.0 4.0 0.204417 -0.0
2.0 4.0 0.195036 -8.43827e-33
2.0 4.0 0.200847 -0.0
2.0 4.0 0.213474 -5.02058e-32
2.0 4.0 0.205749 -0.0
2.0 4.0 0.222086 -0.0
2.0 4.0 0.207304 -0.0
2.0 4.0 0.197668 -4.33559e-32
2.0 5.0 0.179691 -0.0
2.0 5.0 0.166123 -8.43827e-33
2.0 5.0 0.157739 -5.02058e-32
2.0 5.0 0.165103 -8.43827e-33
2.0 5.0 0.166767 -8.43827e-33
2.0 5.0 0.161269 -8.43827e-33
2.0 5.0 0.187407 -8.43827e-33
2.0 5.0 0.148414 -0.0
2.0 5.0 0.184121 -8.43827e-33
2.0 5.0 0.160973 -0.0
2.0 5.0 0.16375 -1.13864e-31
2.0 5.0 0.162519 -0.0
2.0 5.0 0.173753 -8.43827e-33
2.0 5.0 0.16364 -0.0
2.0 5.0 0.159343 -0.0
2.0 5.0 0.162636 -0.0
2.0 5.0 0.166507 -8.43827e-33
2.0 5.0 0.156745 -8.43827e-33
2.0 5.0 0.166719 -8.43827e-33
2.0 5.0 0.169899 -2.01644e-31
2.0 5.0 0.163964 -5.02058e-32
2.0 5.0 0.177254 -0.0
2.0 5.0 0.173092 -4.33559e-32
2.0 5.0 0.150366 -0.0
2.0 5.0 0.157247 -5.02058e-32
2.0 5.0 0.161405 -0.0
2.0 5.0 0.170242 -5.02058e-32
2.0 5.0 0.160293 -2.01644e-31
2.0 5.0 0.168657 -8.43827e-33
2.0 5.0 0.172297 -8.43827e-33
2.0 5.0 0.163093 -8.43827e-33
2.0 5.0 0.175237 -0.0
2.0 5.0 0.162455 -8.43827e-33
2.0 5.0 0.150639 -0.0
2.0 5.0 0.166206 -8.43827e-33
2.0 5.0 0.187772 -0.0
2.0 5.0 0.175336 -4.33559e-32
2.0 5.0 0.171802 -5.02058e-32
2.0 5.0 0.254807 -8.43827e-33
2.0 5.0 0.156498 -5.02058e-32
2.0 5.0 0.177102 -8.43827e-33
2.0 5.0 0.170673 -0.0
2.0 5.0 0.161951 -0.0
2.0 5.0 0.167813 -8.43827e-33
2.0 5.0 0.167996 -8.43827e-33
2.0 5.0 0.190538 -0.0
2.0 5.0 0.16294 -8.43827e-33
2.0 5.0 0.163918 -0.0
2.0 5.0 0.159698 -8.43827e-33
2.0 5.0 0.164986 -8.43827e-33
2.0 6.0 0.167623 -8.43827e-33
2.0 6.0 0.146265 -0.0
2.0 6.0 0.163712 -4.33559e-32
2.0 6.0 0.168102 -8.43827e-33
2.0 6.0 0.138315 -0.0
2.0 6.0 0.163253 -0.0
2.0 6.0 0.139547 -0.0
2.0 6.0 0.251159 -8.43827e-33
2.0 6.0 0.141368 -0.0
2.0 6.0 0.16738 -5.02058e-32
2.0 6.0 0.173821 -5.02058e-32
2.0 6.0 0.161107 -8.43827e-33
2.0 6.0 0.140987 -0.0
2.0 6.0 0.154564 -0.0
2.0 6.0 0.146095 -0.0
2.0 6.0 0.134269 -0.0
2.0 6.0 0.181751 -4.33559e-32
2.0 6.0 0.166945 -5.02058e-32
2.0 6.0 0.159631 -8.43827e-33
2.0 6.0 0.17807 -8.43827e-33
2.0 6.0 0.158773 -0.0
2.0 6.0 0.165285 -8.43827e-33
2.0 6.0 0.151558 -0.0
2.0 6.0 0.135909 -0.0
2.0 6.0 0.152021 -0.0
2.0 6.0 0.163349 -8.43827e-33
2.0 6.0 0.144751 -0.0
2.0 6.0 0.142156 -0.0
2.0 6.0 0.145526 -0.0
2.0 6.0 0.140381 -0.0
2.0 6.0 0.162394 -1.7325e-31
2.0 6.0 0.16635 -8.43827e-33
2.0 6.0 0.161191 -5.02058e-32
2.0 6.0 0.163757 -8.43827e-33
2.0 6.0 0.158959 -8.43827e-33
2.0 6.0 0.164504 -2.01644e-31
2.0 6.0 0.165741 -8.43827e-33
2.0 6.0 0.190825 -4.33559e-32
2.0 6.0 0.165027 -8.43827e-33
2.0 6.0 0.137154 -0.0
2.0 6.0 0.166817 -8.43827e-33
2.0 6.0 0.14066 -0.0
2.0 6.0 0.145962 -0.0
2.0 6.0 0.141347 -0.0
2.0 6.0 0.165277 -4.33559e-32
2.0 6.0 0.160774 -8.43827e-33
2.0 6.0 0.145189 -0.0
2.0 6.0 0.161298 -8.43827e-33
2.0 6.0 0.167807 -8.43827e-33
2.0 6.0 0.138118 -0.0
2.0 7.0 0.15346 -0.0
2.0 7.0 0.137699 -2.01644e-31
2.0 7.0 0.138853 -8.43827e-33
2.0 7.0 0.149317 -2.03723e-31
2.0 7.0 0.150671 -8.43827e-33
2.0 7.0 0.134331 -0.0
2.0 7.0 0.139936 -8.43827e-33
2.0 7.0 0.447862 -4.33559e-32
2.0 7.0 0.196095 -0.0
2.0 7.0 0.139341 -8.43827e-33
2.0 7.0 0.143133 -8.43827e-33
2.0 7.0 0.147827 -8.43827e-33
2.0 7.0 0.14273 -0.0
2.0 7.0 0.152571 -8.43827e-33
2.0 7.0 0.138868 -8.43827e-33
2.0 7.0 0.154269 -8.43827e-33
2.0 7.0 0.140687 -5.02058e-32
2.0 7.0 0.132334 -0.0
2.0 7.0 0.132615 -0.0
2.0 7.0 0.140429 -0.0
2.0 7.0 0.139262 -8.43827e-33
2.0 7.0 0.130743 -0.0
2.0 7.0 0.128539 -0.0
2.0 7.0 0.148723 -8.43827e-33
2.0 7.0 0.144979 -4.33559e-32
2.0 7.0 0.13951 -4.33559e-32
2.0 7.0 0.142879 -4.33559e-32
2.0 7.0 0.132998 -0.0
2.0 7.0 0.151845 -8.43827e-33
2.0 7.0 0.144274 -8.43827e-33
2.0 7.0 0.137671 -8.43827e-33
2.0 7.0 0.149311 -8.43827e-33
2.0 7.0 0.14585 -2.01644e-31
2.0 7.0 0.138913 -4.33559e-32
2.0 7.0 0.14092 -5.02058e-32
2.0 7.0 0.154627 -8.43827e-33
2.0 7.0 0.137363 -8.43827e-33
2.0 7.0 0.124191 -0.0
2.0 7.0 0.136857 -0.0
2.0 7.0 0.149695 -8.43827e-33
2.0 7.0 0.154173 -8.43827e-33
2.0 7.0 0.130196 -0.0
2.0 7.0 0.13342 -0.0
2.0 7.0 0.129052 -0.0
2.0 7.0 0.138348 -8.43827e-33
2.0 7.0 0.150698 -5.02058e-32
2.0 7.0 0.139971 -0.0
2.0 7.0 0.142934 -8.43827e-33
2.0 7.0 0.147414 -5.02058e-32
2.0 7.0 0.161246 -8.43827e-33
2.0 8.0 0.142753 -8.43827e-33
2.0 8.0 0.157927 -8.43827e-33
2.0 8.0 0.118987 -0.0
2.0 8.0 0.141615 -2.01644e-31
2.0 8.0 0.154901 -8.43827e-33
2.0 8.0 0.141504 -4.33559e-32
2.0 8.0 0.157812 -8.43827e-33
2.0 8.0 0.157673 -8.43827e-33
2.0 8.0 0.140024 -8.43827e-33
2.0 8.0 0.148675 -8.43827e-33
2.0 8.0 0.117644 -0.0
2.0 8.0 0.145553 -8.43827e-33
2.0 8.0 0.15518 -8.43827e-33
2.0 8.0 0.153519 -8.43827e-33
2.0 8.0 0.120185 -0.0
2.0 8.0 0.146363 -5.02058e-32
2.0 8.0 0.138638 -8.43827e-33
2.0 8.0 0.141627 -0.0
2.0 8.0 0.1577 -5.02058e-32
2.0 8.0 0.144002 -0.0
2.0 8.0 0.154016 -8.43827e-33
2.0 8.0 0.149318 -8.43827e-33
2.0 8.0 0.116505 -0.0
2.0 8.0 0.147561 -4.33559e-32
2.0 8.0 0.148746 -1.7325e-31
2.0 8.0 0.118594 -0.0
2.0 8.0 0.144066 -5.02058e-32
2.0 8.0 0.120195 -0.0
2.0 8.0 0.151809 -8.43827e-33
2.0 8.0 0.126283 -0.0
2.0 8.0 0.148141 -8.43827e-33
2.0 8.0 0.124179 -0.0
2.0 8.0 0.208824 -8.43827e-33
2.0 8.0 0.141032 -2.01644e-31
2.0 8.0 0.146161 -8.43827e-33
2.0 8.0 0.144111 -8.43827e-33
2.0 8.0 0.140009 -8.43827e-33
2.0 8.0 0.143448 -8.43827e-33
2.0 8.0 0.161006 -8.43827e-33
2.0 8.0 0.147637 -5.02058e-32
2.0 8.0 0.143036 -1.7325e-31
2.0 8.0 0.139825 -8.43827e-33
2.0 8.0 0.143799 -5.02058e-32
2.0 8.0 0.144659 -8.43827e-33
2.0 8.0 0.116743 -0.0
2.0 8.0 0.1445 -4.33559e-32
2.0 8.0 0.13376 -0.0
2.0 8.0 0.143377 -8.43827e-33
2.0 8.0 0.143179 -8.43827e-33
2.0 8.0 0.145858 -8.43827e-33
2.0 9.0 0.135673 -8.43827e-33
2.0 9.0 0.1265 -8.43827e-33
2.0 9.0 0.125694 -8.43827e-33
2.0 9.0 0.151952 -0.0
2.0 9.0 0.124641 -0.0
2.0 9.0 0.131984 -5.02058e-32
2.0 9.0 0.136558 -8.43827e-33
2.0 9.0 0.153049 -0.0
2.0 9.0 0.131691 -8.43827e-33
2.0 9.0 0.135083 -1.9254e-31
2.0 9.0 0.124057 -8.43827e-33
2.0 9.0 0.118169 -0.0
2.0 9.0 0.125362 -8.43827e-33
2.0 9.0 0.123397 -0.0
2.0 9.0 0.117913 -0.0
2.0 9.0 0.127698 -5.02058e-32
2.0 9.0 0.12236 -0.0
2.0 9.0 0.126914 -8.43827e-33
2.0 9.0 0.126953 -2.01644e-31
2.0 9.0 0.126989 -8.43827e-33
2.0 9.0 0.119962 -0.0
2.0 9.0 0.123538 -8.43827e-33
2.0 9.0 0.138482 -8.43827e-33
2.0 9.0 0.136239 -8.43827e-33
2.0 9.0 0.137453 -5.02058e-32
2.0 9.0 0.145978 -8.43827e-33
2.0 9.0 0.128748 -8.43827e-33
2.0 9.0 0.12823 -0.0
2.0 9.0 0.143665 -5.02058e-32
2.0 9.0 0.128271 -4.33559e-32
2.0 9.0 0.128338 -8.43827e-33
2.0 9.0 0.145412 -5.02058e-32
2.0 9.0 0.125473 -8.43827e-33
2.0 9.0 0.128829 -5.02058e-32
2.0 9.0 0.124124 -4.33559e-32
2.0 9.0 0.13739 -0.0
2.0 9.0 0.120432 -0.0
2.0 9.0 0.125828 -0.0
2.0 9.0 0.141285 -8.43827e-33
2.0 9.0 0.125893 -5.02058e-32
2.0 9.0 0.129754 -8.43827e-33
2.0 9.0 0.136675 -2.01644e-31
2.0 9.0 0.126044 -0.0
2.0 9.0 0.133755 -8.43827e-33
2.0 9.0 0.138452 -4.33559e-32
2.0 9.0 0.120622 -0.0
2.0 9.0 0.125436 -0.0
2.0 9.0 0.11605 -0.0
2.0 9.0 0.142805 -5.02058e-32
2.0 9.0 0.137896 -8.43827e-33
2.0 10.0 0.135044 -4.33559e-32
2.0 10.0 0.125943 -0.0
2.0 10.0 0.116831 -8.43827e-33
2.0 10.0 0.122575 -8.43827e-33
2.0 10.0 0.119872 -0.0
2.0 10.0 0.114287 -2.03723e-31
2.0 10.0 0.142408 -8.43827e-33
2.0 10.0 0.116157 -8.43827e-33
2.0 10.0 0.119743 -8.43827e-33
2.0 10.0 0.133138 -8.43827e-33
2.0 10.0 0.145626 -8.43827e-33
2.0 10.0 0.13117 -6.77826e-31
2.0 10.0 0.120733 -0.0
2.0 10.0 0.128382 -0.0
2.0 10.0 0.128864 -8.43827e-33
2.0 10.0 0.118639 -8.43827e-33
2.0 10.0 0.159422 -0.0
2.0 10.0 0.123642 -8.43827e-33
2.0 10.0 0.147931 -0.0
2.0 10.0 0.12911 -5.02058e-32
2.0 10.0 0.131726 -0.0
2.0 10.0 0.167798 -0.0
2.0 10.0 0.116099 -0.0
2.0 10.0 0.116531 -8.43827e-33
2.0 10.0 0.127225 -0.0
2.0 10.0 0.126909 -8.43827e-33
2.0 10.0 0.105202 -0.0
2.0 10.0 0.125264 -2.01644e-31
2.0 10.0 0.125078 -4.33559e-32
2.0 10.0 0.122241 -8.43827e-33
2.0 10.0 0.112777 -0.0
2.0 10.0 0.114923 -8.43827e-33
2.0 10.0 0.145266 -0.0
2.0 10.0 0.118778 -5.02058e-32
2.0 10.0 0.124861 -4.33559e-32
2.0 10.0 0.118496 -8.43827e-33
2.0 10.0 0.116426 -8.43827e-33
2.0 10.0 0.121072 -8.43827e-33
2.0 10.0 0.115937 -8.43827e-33
2.0 10.0 0.169221 -6.77826e-31
2.0 10.0 0.117611 -0.0
2.0 10.0 0.122823 -0.0
2.0 10.0 0.116657 -5.02058e-32
2.0 10.0 0.174519 -8.43827e-33
2.0 10.0 0.119878 -0.0
2.0 10.0 0.121372 -5.02058e-32
2.0 10.0 0.113798 -0.0
2.0 10.0 0.11863 -0.0
2.0 10.0 0.148316 -5.02058e-32
2.0 10.0 0.11532 -2.01644e-31
2.0 11.0 0.126697 -0.0
2.0 11.0 0.113858 -0.0
2.0 11.0 0.10397 -0.0
2.0 11.0 0.150834 -0.0
2.0 11.0 0.120447 -0.0
2.0 11.0 0.139356 -8.43827e-33
2.0 11.0 0.156183 -8.43827e-33
2.0 11.0 0.121486 -5.02058e-32
2.0 11.0 0.118925 -0.0
2.0 11.0 0.14633 -5.77884e-16
2.0 11.0 0.124442 -0.0
2.0 11.0 0.122439 -0.0
2.0 11.0 0.122845 -8.43827e-33
2.0 11.0 0.123925 -8.43827e-33
2.0 11.0 0.115342 -0.0
2.0 11.0 0.114145 -0.0
2.0 11.0 0.133432 -0.0
2.0 11.0 0.155729 -8.43827e-33
2.0 11.0 0.116189 -0.0
2.0 11.0 0.127364 -4.33559e-32
2.0 11.0 0.118988 -8.43827e-33
2.0 11.0 0.132358 -8.43827e-33
2.0 11.0 0.132377 -8.43827e-33
2.0 11.0 0.122323 -2.03723e-31
2.0 11.0 0.12003 -0.0
2.0 11.0 0.122696 -5.02058e-32
2.0 11.0 0.122575 -8.43827e-33
2.0 11.0 0.119874 -8.43827e-33
2.0 11.0 0.125165 -8.43827e-33
2.0 11.0 0.123145 -2.01644e-31
2.0 11.0 0.127164 -8.43827e-33
2.0 11.0 0.112563 -0.0
2.0 11.0 0.120426 -0.0
2.0 11.0 0.12042 -8.43827e-33
2.0 11.0 0.154523 -8.43827e-33
2.0 11.0 0.114693 -0.0
2.0 11.0 0.123743 -8.43827e-33
2.0 11.0 0.122952 -2.01644e-31
2.0 11.0 0.114006 -0.0
2.0 11.0 0.141673 -0.0
2.0 11.0 0.126519 -2.01644e-31
2.0 11.0 0.162666 -8.43827e-33
2.0 11.0 0.138066 -0.0
2.0 11.0 0.153335 -2.21611e-32
2.0 11.0 0.108535 -0.0
2.0 11.0 0.118972 -8.43827e-33
2.0 11.0 0.122912 -8.43827e-33
2.0 11.0 0.135604 -4.33559e-32
2.0 11.0 0.121703 -3.90376e-32
2.0 11.0 0.132537 -8.43827e-33
2.0 11.0 0.132537 -8.43827e-33
2.0 11.0 0.132537 -8.43827e-33
2.0 11.0 0.132537 -8.43827e-33
2.0 11.0 0.132537 -8.43827e-33
2.0 11.0 0.132537 -8.43827e-33
2.0 11.0 0.132537 -8.43827e-33
2.0 11.0 0.132537 -8.43827e-33
2.0 11.0 0.132537 -8.43827e-33
2.0 11.0 0.132537 -8.43827e-33
2.0 11.0 0.132537 -8.43827e-33
2.0 11.0 0.132537 -8.43827e-33
2.0 11.0 0.132537 -8.43827e-33
2.0 11.0 0.132537 -8.43827e-33
2.0 11.0 0.132537 -8.43827e-33
2.0 11.0 0.132537 -8.43827e-33
2.0 11.0 0.132537 -8.43827e-33
2.0 11.0 0.132537 -8.43827e-33
2.0 11.0 0.132537 -8.43827e-33
2.0 11.0 0.132537 -8.43827e-33
2.0 11.0 0.132537 -8.43827e-33
2.0 11.0 0.132537 -8.43827e-33
2.0 11.0 0.132537 -8.43827e-33
2.0 11.0 0.132537 -8.43827e-33
2.0 11.0 0.132537 -8.43827e-33
2.0 11.0 0.132537 -8.43827e-33
2.0 11.0 0.132537 -8.43827e-33
2.0 11.0 0.132537 -8.43827e-33
2.0 11.0 0.132537 -8.43827e-33
2.0 11.0 0.132537 -8.43827e-33
2.0 11.0 0.132537 -8.43827e-33
2.0 11.0 0.132537 -8.43827e-33
2.0 11.0 0.132537 -8.43827e-33
2.0 11.0 0.132537 -8.43827e-33
2.0 11.0 0.132537 -8.43827e-33
2.0 11.0 0.132537 -8.43827e-33
2.0 11.0 0.132537 -8.43827e-33
2.0 11.0 0.132537 -8.43827e-33
2.0 11.0 0.132537 -8.43827e-33
2.0 11.0 0.132537 -8.43827e-33
2.0 11.0 0.132537 -8.43827e-33
2.0 11.0 0.132537 -8.43827e-33
2.0 11.0 0.132537 -8.43827e-33
2.0 11.0 0.132537 -8.43827e-33
2.0 11.0 0.132537 -8.43827e-33
2.0 11.0 0.132537 -8.43827e-33
2.0 11.0 0.132537 -8.43827e-33
2.0 11.0 0.132537 -8.43827e-33
2.0 11.0 0.132537 -8.43827e-33
2.0 11.0 0.132537 -8.43827e-33
2.0 11.0 0.132537 -8.43827e-33
3.0 1.0 0.0758615 -0.0
3.0 1.0 0.0734398 -0.0
3.0 1.0 0.0755869 -0.0
3.0 1.0 0.0680117 -0.0
3.0 1.0 0.0697556 -0.0
3.0 1.0 0.0744698 -0.0
3.0 1.0 0.0722794 -0.0
3.0 1.0 0.067508 -0.0
3.0 1.0 0.0723403 -0.0
3.0 1.0 0.0760366 -0.0
3.0 1.0 0.0796119 -0.0
3.0 1.0 0.0734826 -0.0
3.0 1.0 0.0706983 -0.0
3.0 1.0 0.0717729 -0.0
3.0 1.0 0.0675678 -0.0
3.0 1.0 0.0632898 -0.0
3.0 1.0 0.068196 -0.0
3.0 1.0 0.0775169 -0.0
3.0 1.0 0.0757771 -0.0
3.0 1.0 0.0736622 -0.0
3.0 1.0 0.0714025 -0.0
3.0 1.0 0.0745604 -0.0
3.0 1.0 0.0708908 -0.0
3.0 1.0 0.0719677 -0.0
3.0 1.0 0.0684219 -0.0
3.0 1.0 0.0714963 -0.0
3.0 1.0 0.077074 -0.0
3.0 1.0 0.070093 -0.0
3.0 1.0 0.0656934 -0.0
3.0 1.0 0.0775171 -0.0
3.0 1.0 0.0725775 -0.0
3.0 1.0 0.072444 -0.0
3.0 1.0 0.0700815 -0.0
3.0 1.0 0.0764508 -0.0
3.0 1.0 0.067795 -0.0
3.0 1.0 0.0820421 -0.0
3.0 1.0 0.0651593 -0.0
3.0 1.0 0.0806236 -0.0
3.0 1.0 0.0733354 -0.0
3.0 1.0 0.0706508 -0.0
3.0 1.0 0.0750364 -0.0
3.0 1.0 0.0690789 -0.0
3.0 1.0 0.0667948 -0.0
3.0 1.0 0.075455 -0.0
3.0 1.0 0.0806664 -0.0
3.0 1.0 0.073388 -0.0
3.0 1.0 0.0759229 -0.0
3.0 1.0 0.0706097 -0.0
3.0 1.0 0.072847 -0.0
3.0 1.0 0.0741173 -0.0
3.0 2.0 0.0447898 -0.0
3.0 2.0 0.0502888 -0.0
3.0 2.0 0.0451727 -0.0
3.0 2.0 0.0434933 -0.0
3.0 2.0 0.044399 -0.0
3.0 2.0 0.0472524 -0.994959
3.0 2.0 0.0457418 -0.0
3.0 2.0 0.0414231 -0.0
3.0 2.0 0.0514952 -0.994959
3.0 2.0 0.043559 -0.0
3.0 2.0 0.0423432 -0.0
3.0 2.0 0.049617 -0.994959
3.0 2.0 0.0415368 -0.0
3.0 2.0 0.0437746 -0.0
3.0 2.0 0.0411841 -0.0
3.0 2.0 0.0480857 -0.0
3.0 2.0 0.0440442 -0.0
3.0 2.0 0.0476149 -0.0
3.0 2.0 0.0435208 -0.0
3.0 2.0 0.0407107 -0.0
3.0 2.0 0.0422522 -0.0
3.0 2.0 0.0420084 -0.0
3.0 2.0 0.0430317 -0.0
3.0 2.0 0.0457778 -0.0
3.0 2.0 0.0463083 -0.0
3.0 2.0 0.0447741 -0.0
3.0 2.0 0.043156 -0.0
3.0 2.0 0.0416915 -0.0
3.0 2.0 0.0434714 -0.0
3.0 2.0 0.042432 -0.0
3.0 2.0 0.0439737 -0.0
3.0 2.0 0.0428022 -0.0
3.0 2.0 0.0465043 -0.0
3.0 2.0 0.0493209 -0.0
3.0 2.0 0.0441784 -0.0
3.0 2.0 0.0449744 -0.0
3.0 2.0 0.0485085 -0.0
3.0 2.0 0.0407362 -0.0
3.0 2.0 0.0435294 -0.0
3.0 2.0 0.0392774 -0.0
3.0 2.0 0.039235 -0.0
3.0 2.0 0.0403919 -0.0
3.0 2.0 0.0450742 -0.0
3.0 2.0 0.0441272 -0.0
3.0 2.0 0.0417826 -0.0
3.0 2.0 0.0414279 -0.0
3.0 2.0 0.0413136 -0.0
3.0 2.0 0.0457692 -0.0
3.0 2.0 0.0515208 -0.0
3.0 2.0 0.0434058 -0.0
3.0 3.0 0.033741 -0.0
3.0 3.0 0.032271 -0.0
3.0 3.0 0.0334511 -0.0
3.0 3.0 0.0390355 -0.0
3.0 3.0 0.0333212 -0.0
3.0 3.0 0.0342798 -0.0
3.0 3.0 0.0323399 -0.0
3.0 3.0 0.0387113 -0.0
3.0 3.0 0.0353906 -0.0
3.0 3.0 0.0361995 -0.0
3.0 3.0 0.0353101 -0.0
3.0 3.0 0.0338199 -0.0
3.0 3.0 0.0349108 -0.0
3.0 3.0 0.0371448 -0.0
3.0 3.0 0.033915 -0.0
3.0 3.0 0.0346341 -0.0
3.0 3.0 0.0349882 -0.0
3.0 3.0 0.03237 -0.0
3.0 3.0 0.0448573 -1.98992
3.0 3.0 0.0392548 -0.0
3.0 3.0 0.0369007 -0.0
3.0 3.0 0.0348855 -0.0
3.0 3.0 0.0331543 -0.0
3.0 3.0 0.0383403 -0.0
3.0 3.0 0.0343493 -0.0
3.0 3.0 0.0355928 -0.0
3.0 3.0 0.0400797 -0.994959
3.0 3.0 0.0351335 -0.0
3.0 3.0 0.0331585 -0.0
3.0 3.0 0.0380942 -0.0
3.0 3.0 0.0333354 -0.0
3.0 3.0 0.0327873 -0.0
3.0 3.0 0.0347446 -0.0
3.0 3.0 0.0331033 -0.0
3.0 3.0 0.0354395 -0.0
3.0 3.0 0.0348312 -0.0
3.0 3.0 0.0333215 -0.0
3.0 3.0 0.0354176 -0.0
3.0 3.0 0.0318302 -0.0
3.0 3.0 0.0341965 -0.0
3.0 3.0 0.0347859 -0.0
3.0 3.0 0.0395451 -0.0
3.0 3.0 0.0315088 -0.0
3.0 3.0 0.0392451 -0.994959
3.0 3.0 0.0346999 -0.0
3.0 3.0 0.0341224 -0.0
3.0 3.0 0.0348697 -0.0
3.0 3.0 0.0394189 -0.994959
3.0 3.0 0.038278 -0.994959
3.0 3.0 0.0390313 -0.0
3.0 4.0 0.0449212 -0.0
3.0 4.0 0.031025 -0.994959
3.0 4.0 0.0342689 -0.0
3.0 4.0 0.0352323 -0.0
3.0 4.0 0.0360624 -0.0
3.0 4.0 0.0365492 -0.0
3.0 4.0 0.0390523 -0.0
3.0 4.0 0.0537675 -0.0
3.0 4.0 0.0323697 -0.0
3.0 4.0 0.0382392 -0.0
3.0 4.0 0.0345739 -0.994959
3.0 4.0 0.0396089 -0.0
3.0 4.0 0.0403045 -0.0
3.0 4.0 0.0440824 -0.0
3.0 4.0 0.0380475 -0.0
3.0 4.0 0.0399403 -0.994959
3.0 4.0 0.0355305 -0.0
3.0 4.0 0.0392568 -0.0
3.0 4.0 0.0400671 -0.0
3.0 4.0 0.0425136 -0.0
3.0 4.0 0.0447306 -0.0
3.0 4.0 0.0431046 -1.98992
3.0 4.0 0.033331 -0.0
3.0 4.0 0.0535817 -0.0
3.0 4.0 0.0344089 -0.0
3.0 4.0 0.0455659 -0.0
3.0 4.0 0.0386051 -0.0
3.0 4.0 0.0344244 -0.0
3.0 4.0 0.0364114 -0.0
3.0 4.0 0.0344927 -0.0
3.0 4.0 0.0351395 -0.0
3.0 4.0 0.0344819 -0.0
3.0 4.0 0.0382963 -0.994959
3.0 4.0 0.0376098 -0.0
3.0 4.0 0.0334978 -0.0
3.0 4.0 0.034853 -0.0
3.0 4.0 0.0524176 -0.0
3.0 4.0 0.0348709 -0.0
3.0 4.0 0.0359161 -0.0
3.0 4.0 0.047414 -0.0
3.0 4.0 0.0343755 -0.0
3.0 4.0 0.035806 -0.0
3.0 4.0 0.0347791 -0.994959
3.0 4.0 0.0438215 -0.0
3.0 4.0 0.039885 -0.994959
3.0 4.0 0.0361176 -0.0
3.0 4.0 0.0340335 -0.0
3.0 4.0 0.0303193 -0.0
3.0 4.0 0.0395265 -0.0
3.0 4.0 0.0354109 -0.0
3.0 5.0 0.0663242 -0.0
3.0 5.0 0.0424571 -0.0
3.0 5.0 0.0449692 -0.0
3.0 5.0 0.05322 -0.0
3.0 5.0 0.0566829 -0.0
3.0 5.0 0.0574379 -0.994959
3.0 5.0 0.0460169 -0.0
3.0 5.0 0.0464936 -0.0
3.0 5.0 0.0477354 -0.0
3.0 5.0 0.0484989 -0.0
3.0 5.0 0.0503337 -0.0
3.0 5.0 0.045258 -0.994959
3.0 5.0 0.0452281 -1.98992
3.0 5.0 0.0500139 -0.0
3.0 5.0 0.0524 -0.0
3.0 5.0 0.0482984 -0.0
3.0 5.0 0.0624103 -0.0
3.0 5.0 0.0432146 -0.0
3.0 5.0 0.0502144 -0.0
3.0 5.0 0.042985 -0.994959
3.0 5.0 0.0505426 -0.994959
3.0 5.0 0.0477041 -0.0
3.0 5.0 0.0507826 -0.0
3.0 5.0 0.0484804 -0.994959
3.0 5.0 0.041653 -0.994959
3.0 5.0 0.0467193 -0.0
3.0 5.0 0.0465661 -0.0
3.0 5.0 0.0508761 -0.994959
3.0 5.0 0.0576686 -0.0
3.0 5.0 0.0457569 -0.994959
3.0 5.0 0.0436465 -0.0
3.0 5.0 0.0493753 -0.0
3.0 5.0 0.0650476 -0.0
3.0 5.0 0.0460864 -0.0
3.0 5.0 0.0438698 -0.0
3.0 5.0 0.0438795 -0.0
3.0 5.0 0.0428448 -0.994959
3.0 5.0 0.0431065 -0.0
3.0 5.0 0.047726 -0.0
3.0 5.0 0.0478899 -0.0
3.0 5.0 0.0473282 -0.0
3.0 5.0 0.049406 -0.0
3.0 5.0 0.0467063 -0.0
3.0 5.0 0.0492404 -0.994959
3.0 5.0 0.0440291 -0.0
3.0 5.0 0.0476284 -0.0
3.0 5.0 0.0487012 -0.994959
3.0 5.0 0.0455719 -0.0
3.0 5.0 0.0423823 -0.0
3.0 5.0 0.0484915 -0.0
3.0 6.0 0.0464724 -0.0
3.0 6.0 0.07609 -0.0
3.0 6.0 0.0557379 -0.0
3.0 6.0 0.0492347 -0.994959
3.0 6.0 0.0533832 -0.0
3.0 6.0 0.0475285 -0.0
3.0 6.0 0.0455897 -0.0
3.0 6.0 0.0470656 -0.994959
3.0 6.0 0.0473703 -0.0
3.0 6.0 0.050524 -0.994959
3.0 6.0 0.0477943 -0.0
3.0 6.0 0.0451991 -0.0
3.0 6.0 0.0518031 -0.0
3.0 6.0 0.0467718 -0.0
3.0 6.0 0.0532057 -0.0
3.0 6.0 0.0496558 -0.0
3.0 6.0 0.0470893 -0.0
3.0 6.0 0.0484717 -0.994959
3.0 6.0 0.0457494 -0.0
3.0 6.0 0.0541226 -0.0
3.0 6.0 0.0499047 -0.0
3.0 6.0 0.0571731 -0.994959
3.0 6.0 0.0566232 -0.994959
3.0 6.0 0.048639 -0.994959
3.0 6.0 0.0478759 -0.0
3.0 6.0 0.052138 -0.0
3.0 6.0 0.0476176 -0.0
3.0 6.0 0.0785086 -0.0
3.0 6.0 0.0506697 -0.0
3.0 6.0 0.0528777 -0.0
3.0 6.0 0.0528298 -0.994959
3.0 6.0 0.0449864 -0.0
3.0 6.0 0.0457073 -0.0
3.0 6.0 0.0511792 -0.994959
3.0 6.0 0.0472068 -0.0
3.0 6.0 0.0447414 -0.0
3.0 6.0 0.0451063 -0.0
3.0 6.0 0.0494868 -0.0
3.0 6.0 0.0547579 -0.0
3.0 6.0 0.0611801 -0.994959
3.0 6.0 0.0502279 -0.0
3.0 6.0 0.0467944 -0.0
3.0 6.0 0.0539838 -0.0
3.0 6.0 0.0517575 -0.0
3.0 6.0 0.0528705 -0.0
3.0 6.0 0.0489233 -0.0
3.0 6.0 0.0476024 -0.0
3.0 6.0 0.044503 -0.0
3.0 6.0 0.0453101 -0.994959
3.0 6.0 0.0435464 -0.0
3.0 7.0 0.0620503 -0.994959
3.0 7.0 0.0512607 -0.994959
3.0 7.0 0.0539264 -0.994959
3.0 7.0 0.0488387 -0.0
3.0 7.0 0.0556961 -0.0
3.0 7.0 0.0606564 -0.994959
3.0 7.0 0.0522305 -0.994959
3.0 7.0 0.0617587 -0.0
3.0 7.0 0.05052 -0.0
3.0 7.0 0.0672729 -0.0
3.0 7.0 0.0553983 -0.0
3.0 7.0 0.0484482 -0.0
3.0 7.0 0.064122 -0.994959
3.0 7.0 0.0500045 -0.0
3.0 7.0 0.0534559 -0.994959
3.0 7.0 0.0596429 -0.994959
3.0 7.0 0.0660645 -0.0
3.0 7.0 0.0571901 -0.0
3.0 7.0 0.0617599 -0.0
3.0 7.0 0.0591189 -0.0
3.0 7.0 0.0535944 -0.994959
3.0 7.0 0.0516628 -0.0
3.0 7.0 0.049654 -0.0
3.0 7.0 0.0669879 -0.0
3.0 7.0 0.0574544 -1.98992
3.0 7.0 0.0584392 -0.0
3.0 7.0 0.0630353 -1.98992
3.0 7.0 0.0533615 -0.0
3.0 7.0 0.0522025 -0.994959
3.0 7.0 0.056161 -0.994959
3.0 7.0 0.051184 -0.0
3.0 7.0 0.0640954 -1.98992
3.0 7.0 0.049265 -0.0
3.0 7.0 0.052305 -0.0
3.0 7.0 0.0529094 -0.0
3.0 7.0 0.051661 -0.0
3.0 7.0 0.101132 -0.994959
3.0 7.0 0.0498478 -3.97983
3.0 7.0 0.0534692 -0.0
3.0 7.0 0.051675 -0.994959
3.0 7.0 0.0498694 -0.0
3.0 7.0 0.0490998 -0.0
3.0 7.0 0.0493314 -0.0
3.0 7.0 0.0532225 -0.994959
3.0 7.0 0.0556275 -0.994959
3.0 7.0 0.0527448 -0.0
3.0 7.0 0.0567004 -0.0
3.0 7.0 0.0532482 -0.994959
3.0 7.0 0.0521391 -0.0
3.0 7.0 0.0527945 -0.0
3.0 8.0 0.0708728 -0.994959
3.0 8.0 0.0562329 -0.994959
3.0 8.0 0.104802 -0.994959
3.0 8.0 0.0574459 -0.0
3.0 8.0 0.0525741 -0.994959
3.0 8.0 0.0573621 -0.0
3.0 8.0 0.0562083 -0.994959
3.0 8.0 0.05826 -0.994959
3.0 8.0 0.058607 -0.0
3.0 8.0 0.0570133 -0.994959
3.0 8.0 0.058428 -0.0
3.0 8.0 0.0554162 -0.0
3.0 8.0 0.0612118 -0.994959
3.0 8.0 0.058144 -0.0
3.0 8.0 0.0583917 -0.0
3.0 8.0 0.0577969 -0.0
3.0 8.0 0.05922 -0.994959
3.0 8.0 0.0569458 -0.994959
3.0 8.0 0.0561976 -0.0
3.0 8.0 0.0588275 -0.994959
3.0 8.0 0.0641096 -0.0
3.0 8.0 0.0582535 -0.0
3.0 8.0 0.0561467 -0.0
3.0 8.0 0.0775801 -0.0
3.0 8.0 0.0610317 -0.994959
3.0 8.0 0.0556603 -0.994959
3.0 8.0 0.0573857 -0.0
3.0 8.0 0.0558322 -0.0
3.0 8.0 0.118176 -0.0
3.0 8.0 0.0698948 -3.97983
3.0 8.0 0.0585036 -0.0
3.0 8.0 0.0572648 -0.994959
3.0 8.0 0.0590207 -0.0
3.0 8.0 0.0558728 -0.0
3.0 8.0 0.0955591 -0.0
3.0 8.0 0.057577 -0.0
3.0 8.0 0.0618459 -0.994959
3.0 8.0 0.0619748 -0.0
3.0 8.0 0.0551246 -0.994959
3.0 8.0 0.0767528 -0.994959
3.0 8.0 0.0564075 -0.0
3.0 8.0 0.0764024 -0.0
3.0 8.0 0.0599572 -0.0
3.0 8.0 0.057817 -0.0
3.0 8.0 0.0552559 -0.0
3.0 8.0 0.0600786 -0.0
3.0 8.0 0.0773979 -0.0
3.0 8.0 0.102982 -0.0
3.0 8.0 0.0561466 -0.0
3.0 8.0 0.0747664 -0.0
3.0 9.0 0.0828995 -0.0
3.0 9.0 0.114589 -0.994959
3.0 9.0 0.0751869 -0.994959
3.0 9.0 0.0769177 -0.0
3.0 9.0 0.115303 -0.994959
3.0 9.0 0.0596136 -0.0
3.0 9.0 0.0609222 -0.994959
3.0 9.0 0.0624205 -1.98992
3.0 9.0 0.080352 -1.98992
3.0 9.0 0.068355 -0.0
3.0 9.0 0.0617971 -0.994959
3.0 9.0 0.0636302 -0.0
3.0 9.0 0.0700674 -0.994959
3.0 9.0 0.0690972 -0.994959
3.0 9.0 0.0594234 -0.994959
3.0 9.0 0.108318 -0.0
3.0 9.0 0.0756991 -0.994959
3.0 9.0 0.070715 -0.0
3.0 9.0 0.0733217 -0.994959
3.0 9.0 0.0864146 -0.0
3.0 9.0 0.0616158 -0.0
3.0 9.0 0.0605911 -0.0
3.0 9.0 0.0561532 -0.0
3.0 9.0 0.0637775 -0.994959
3.0 9.0 0.0636147 -0.0
3.0 9.0 0.0794469 -4.97479
3.0 9.0 0.0644488 -0.0
3.0 9.0 0.0810333 -0.0
3.0 9.0 0.0670293 -0.994959
3.0 9.0 0.107011 -0.994959
3.0 9.0 0.0625786 -0.994959
3.0 9.0 0.084506 -0.994959
3.0 9.0 0.0770988 -0.994959
3.0 9.0 0.0630735 -0.0
3.0 9.0 0.0682532 -0.994959
3.0 9.0 0.0620207 -0.994959
3.0 9.0 0.0657154 -0.994959
3.0 9.0 0.0644478 -0.994959
3.0 9.0 0.0786459 -0.0
3.0 9.0 0.0580432 -0.994959
3.0 9.0 0.0704723 -0.994959
3.0 9.0 0.0664686 -0.0
3.0 9.0 0.066851 -0.994959
3.0 9.0 0.0604204 -0.0
3.0 9.0 0.0677565 -0.0
3.0 9.0 0.0663197 -0.0
3.0 9.0 0.0651504 -1.98992
3.0 9.0 0.0640416 -0.994959
3.0 9.0 0.0581989 -0.0
3.0 9.0 0.0615651 -0.994959
3.0 10.0 0.0685471 -0.0
3.0 10.0 0.0809889 -1.98992
3.0 10.0 0.068846 -4.97479
3.0 10.0 0.0689975 -1.98992
3.0 10.0 0.0811745 -0.994959
3.0 10.0 0.111436 -0.0
3.0 10.0 0.0678151 -0.0
3.0 10.0 0.0673676 -0.0
3.0 10.0 0.0684868 -0.0
3.0 10.0 0.0830702 -0.0
3.0 10.0 0.0639701 -0.994959
3.0 10.0 0.0691166 -0.994959
3.0 10.0 0.0678229 -0.0
3.0 10.0 0.0685706 -0.0
3.0 10.0 0.069803 -0.0
3.0 10.0 0.0672514 -0.994959
3.0 10.0 0.0704351 -0.0
3.0 10.0 0.0685158 -0.0
3.0 10.0 0.0710501 -1.98992
3.0 10.0 0.0703083 -0.994959
3.0 10.0 0.0676306 -0.994959
3.0 10.0 0.0686587 -0.0
3.0 10.0 0.0673774 -0.0
3.0 10.0 0.0780731 -0.994959
3.0 10.0 0.0809174 -0.994959
3.0 10.0 0.0661347 -0.994959
3.0 10.0 0.0663928 -0.994959
3.0 10.0 0.0656421 -0.994959
3.0 10.0 0.0754515 -3.97983
3.0 10.0 0.0836941 -1.98992
3.0 10.0 0.0665239 -0.0
3.0 10.0 0.113368 -0.994959
3.0 10.0 0.0693231 -7.95966
3.0 10.0 0.0661386 -0.0
3.0 10.0 0.113974 -0.0
3.0 10.0 0.0677794 -0.994959
3.0 10.0 0.0684229 -0.994959
3.0 10.0 0.11521 -0.0
3.0 10.0 0.0668925 -0.994959
3.0 10.0 0.0695608 -0.0
3.0 10.0 0.0671284 -0.994959
3.0 10.0 0.0664533 -0.0
3.0 10.0 0.0669621 -0.994959
3.0 10.0 0.0726754 -0.0
3.0 10.0 0.0687733 -0.994959
3.0 10.0 0.0635661 -0.0
3.0 10.0 0.0638693 -0.0
3.0 10.0 0.0659815 -0.0
3.0 10.0 0.070951 -0.0
3.0 10.0 0.0703592 -1.98992
3.0 11.0 0.0735277 -0.994959
3.0 11.0 0.0883771 -0.994959
3.0 11.0 0.0845645 -0.994959
3.0 11.0 0.0749139 -0.994959
3.0 11.0 0.101588 -0.994959
3.0 11.0 0.0960758 -0.994959
3.0 11.0 0.0748303 -0.0
3.0 11.0 0.0763465 -0.0
3.0 11.0 0.097735 -3.97983
3.0 11.0 0.072376 -0.994959
3.0 11.0 0.0761327 -0.0
3.0 11.0 0.143449 -0.994959
3.0 11.0 0.092482 -0.0
3.0 11.0 0.115107 -0.994959
3.0 11.0 0.074312 -0.994959
3.0 11.0 0.0739916 -0.994959
3.0 11.0 0.0731477 -0.994959
3.0 11.0 0.0721458 -0.0
3.0 11.0 0.077653 -0.994959
3.0 11.0 0.120689 -0.0
3.0 11.0 0.0755114 -0.994959
3.0 11.0 0.0766842 -0.0
3.0 11.0 0.0774936 -0.0
3.0 11.0 0.0753818 -0.994959
3.0 11.0 0.073751 -0.0
3.0 11.0 0.0748661 -0.0
3.0 11.0 0.0741708 -0.0
3.0 11.0 0.0713808 -0.0
3.0 11.0 0.0738486 -0.0
3.0 11.0 0.0756418 -0.994959
3.0 11.0 0.122388 -3.97983
3.0 11.0 0.0744347 -0.994959
3.0 11.0 0.103841 -0.0
3.0 11.0 0.0746827 -0.0
3.0 11.0 0.0850362 -0.0
3.0 11.0 0.0758008 -1.98992
3.0 11.0 0.0741203 -0.0
3.0 11.0 0.0730899 -0.0
3.0 11.0 0.096726 -0.0
3.0 11.0 0.098012 -3.97983
3.0 11.0 0.0954919 -0.0
3.0 11.0 0.0790529 -0.994959
3.0 11.0 0.0798903 -0.0
3.0 11.0 0.095072 -0.0
3.0 11.0 0.0720888 -0.0
3.0 11.0 0.0758932 -0.994959
3.0 11.0 0.0760809 -0.994959
3.0 11.0 0.0843297 -0.994959
3.0 11.0 0.0744763 -0.0
3.0 11.0 0.0746388 -4.97479
3.0 11.0 0.0746388 -4.97479
3.0 11.0 0.0746388 -4.97479
3.0 11.0 0.0746388 -4.97479
3.0 11.0 0.0746388 -4.97479
3.0 11.0 0.0746388 -4.97479
3.0 11.0 0.0746388 -4.97479
3.0 11.0 0.0746388 -4.97479
3.0 11.0 0.0746388 -4.97479
3.0 11.0 0.0746388 -4.97479
3.0 11.0 0.0746388 -4.97479
3.0 11.0 0.0746388 -4.97479
3.0 11.0 0.0746388 -4.97479
3.0 11.0 0.0746388 -4.97479
3.0 11.0 0.0746388 -4.97479
3.0 11.0 0.0746388 -4.97479
3.0 11.0 0.0746388 -4.97479
3.0 11.0 0.0746388 -4.97479
3.0 11.0 0.0746388 -4.97479
3.0 11.0 0.0746388 -4.97479
3.0 11.0 0.0746388 -4.97479
3.0 11.0 0.0746388 -4.97479
3.0 11.0 0.0746388 -4.97479
3.0 11.0 0.0746388 -4.97479
3.0 11.0 0.0746388 -4.97479
3.0 11.0 0.0746388 -4.97479
3.0 11.0 0.0746388 -4.97479
3.0 11.0 0.0746388 -4.97479
3.0 11.0 0.0746388 -4.97479
3.0 11.0 0.0746388 -4.97479
3.0 11.0 0.0746388 -4.97479
3.0 11.0 0.0746388 -4.97479
3.0 11.0 0.0746388 -4.97479
3.0 11.0 0.0746388 -4.97479
3.0 11.0 0.0746388 -4.97479
3.0 11.0 0.0746388 -4.97479
3.0 11.0 0.0746388 -4.97479
3.0 11.0 0.0746388 -4.97479
3.0 11.0 0.0746388 -4.97479
3.0 11.0 0.0746388 -4.97479
3.0 11.0 0.0746388 -4.97479
3.0 11.0 0.0746388 -4.97479
3.0 11.0 0.0746388 -4.97479
3.0 11.0 0.0746388 -4.97479
3.0 11.0 0.0746388 -4.97479
3.0 11.0 0.0746388 -4.97479
3.0 11.0 0.0746388 -4.97479
3.0 11.0 0.0746388 -4.97479
3.0 11.0 0.0746388 -4.97479
3.0 11.0 0.0746388 -4.97479
3.0 11.0 0.0746388 -4.97479
4.0 1.0 0.333674 99.9759
4.0 1.0 0.363457 99.9851
4.0 1.0 0.301044 99.9655
4.0 1.0 0.274843 99.9684
4.0 1.0 0.305379 99.976
4.0 1.0 0.339532 99.9886
4.0 1.0 0.347539 99.9637
4.0 1.0 0.378083 99.9851
4.0 1.0 0.350188 99.9908
4.0 1.0 0.31749 99.9974
4.0 1.0 0.335471 99.9987
4.0 1.0 0.32209 99.9851
4.0 1.0 0.311417 99.956
4.0 1.0 0.339637 99.9923
4.0 1.0 0.316411 99.9974
4.0 1.0 0.35717 99.9851
4.0 1.0 0.342501 99.9851
4.0 1.0 0.305846 99.9851
4.0 1.0 0.299837 99.9523
4.0 1.0 0.315026 99.9631
4.0 1.0 0.289833 99.9824
4.0 1.0 0.274494 99.9407
4.0 1.0 0.318735 99.9938
4.0 1.0 0.393684 99.983
4.0 1.0 0.322216 99.9958
4.0 1.0 0.330051 99.9569
4.0 1.0 0.304605 99.9843
4.0 1.0 0.351143 99.9898
4.0 1.0 0.354686 99.9995
4.0 1.0 0.320062 99.9706
4.0 1.0 0.327466 99.9851
4.0 1.0 0.31797 99.9879
4.0 1.0 0.304084 99.9945
4.0 1.0 0.328155 99.9673
4.0 1.0 0.353388 99.9815
4.0 1.0 0.355497 99.997
4.0 1.0 0.374909 99.9944
4.0 1.0 0.344487 99.9749
4.0 1.0 0.3422 99.9851
4.0 1.0 0.315027 99.9845
4.0 1.0 0.325796 99.9546
4.0 1.0 0.362809 99.9633
4.0 1.0 0.284441 99.9624
4.0 1.0 0.342972 99.9513
4.0 1.0 0.299589 99.945
4.0 1.0 0.390698 99.9752
4.0 1.0 0.346887 99.9976
4.0 1.0 0.317022 99.9516
4.0 1.0 0.270461 99.9946
4.0 1.0 0.310319 99.9851
4.0 2.0 0.186132 99.9865
4.0 2.0 0.182854 99.9782
4.0 2.0 0.19176 99.996
4.0 2.0 0.195084 99.9515
4.0 2.0 0.173407 99.9611
4.0 2.0 0.176707 99.9159
4.0 2.0 0.185545 99.9794
4.0 2.0 0.166322 99.924
4.0 2.0 0.187288 99.9348
4.0 2.0 0.18072 99.9387
4.0 2.0 0.171468 99.9635
4.0 2.0 0.171158 99.9575
4.0 2.0 0.174399 99.9325
4.0 2.0 0.182805 99.967
4.0 2.0 0.175616 99.9752
4.0 2.0 0.179232 99.9937
4.0 2.0 0.166738 99.9325
4.0 2.0 0.182537 99.9802
4.0 2.0 0.162335 99.9613
4.0 2.0 0.187995 99.9769
4.0 2.0 0.200642 99.9806
4.0 2.0 0.163407 99.9493
4.0 2.0 0.182692 99.9712
4.0 2.0 0.186158 99.9762
4.0 2.0 0.1786 99.9934
4.0 2.0 0.179251 99.9726
4.0 2.0 0.180912 99.9831
4.0 2.0 0.185563 99.9681
4.0 2.0 0.207247 99.9985
4.0 2.0 0.180046 99.9493
4.0 2.0 0.180408 99.9601
4.0 2.0 0.181967 99.9607
4.0 2.0 0.16495 99.9546
4.0 2.0 0.172817 99.9984
4.0 2.0 0.188349 99.9654
4.0 2.0 0.189244 99.9925
4.0 2.0 0.16616 99.9612
4.0 2.0 0.17967 99.9993
4.0 2.0 0.176745 99.9853
4.0 2.0 0.181318 99.9965
4.0 2.0 0.176217 99.9777
4.0 2.0 0.177464 99.9008
4.0 2.0 0.205723 99.9826
4.0 2.0 0.175302 99.9854
4.0 2.0 0.168302 99.9515
4.0 2.0 0.18116 99.9699
4.0 2.0 0.186196 99.9605
4.0 2.0 0.170454 99.9713
4.0 2.0 0.191127 99.9658
4.0 2.0 0.182282 99.9936
4.0 3.0 0.135653 99.9591
4.0 3.0 0.130874 99.9534
4.0 3.0 0.135401 99.9891
4.0 3.0 0.133325 99.9053
4.0 3.0 0.139934 99.9676
4.0 3.0 0.129394 99.9819
4.0 3.0 0.131231 99.9762
4.0 3.0 0.133475 99.9965
4.0 3.0 0.130385 99.9292
4.0 3.0 0.133021 99.9546
4.0 3.0 0.122079 99.9515
4.0 3.0 0.134504 99.9515
4.0 3.0 0.131702 99.9515
4.0 3.0 0.128342 99.9705
4.0 3.0 0.132505 99.9515
4.0 3.0 0.133491 99.8473
4.0 3.0 0.120742 99.9578
4.0 3.0 0.138637 99.976
4.0 3.0 0.122728 99.9171
4.0 3.0 0.135056 99.9396
4.0 3.0 0.132005 99.9822
4.0 3.0 0.13479 99.9411
4.0 3.0 0.137093 99.9476
4.0 3.0 0.137355 99.8514
4.0 3.0 0.114386 99.919
4.0 3.0 0.126599 99.827
4.0 3.0 0.128121 99.9551
4.0 3.0 0.149812 99.9515
4.0 3.0 0.126162 99.9819
4.0 3.0 0.12772 99.9446
4.0 3.0 0.137063 99.9515
4.0 3.0 0.123245 99.9747
4.0 3.0 0.125448 99.9939
4.0 3.0 0.131692 99.968
4.0 3.0 0.118408 99.9923
4.0 3.0 0.133703 99.9762
4.0 3.0 0.125867 99.9048
4.0 3.0 0.1262 99.9187
4.0 3.0 0.128027 99.9048
4.0 3.0 0.129453 99.9885
4.0 3.0 0.129102 99.9754
4.0 3.0 0.131424 99.9998
4.0 3.0 0.131575 99.8954
4.0 3.0 0.133586 99.9762
4.0 3.0 0.13586 99.981
4.0 3.0 0.138002 99.9778
4.0 3.0 0.122782 99.924
4.0 3.0 0.13483 99.9781
4.0 3.0 0.126384 99.9446
4.0 3.0 0.135365 99.9515
4.0 4.0 0.531839 99.9546
4.0 4.0 0.571162 99.9388
4.0 4.0 0.530684 99.924
4.0 4.0 0.563188 99.9565
4.0 4.0 0.512621 99.9674
4.0 4.0 0.52493 99.9546
4.0 4.0 0.466461 99.9752
4.0 4.0 0.498446 99.9554
4.0 4.0 0.79557 99.956
4.0 4.0 0.715707 99.9922
4.0 4.0 0.498794 99.994
4.0 4.0 0.4883 99.9062
4.0 4.0 0.554022 99.9893
4.0 4.0 0.776435 99.9525
4.0 4.0 0.763531 99.9636
4.0 4.0 0.911823 99.9974
4.0 4.0 1.45107 99.9967
4.0 4.0 0.724605 99.9764
4.0 4.0 0.708189 99.9515
4.0 4.0 0.561883 99.9618
4.0 4.0 0.498245 99.9909
4.0 4.0 0.924177 99.8996
4.0 4.0 0.6363 99.9904
4.0 4.0 0.534253 99.9715
4.0 4.0 0.701361 99.938
4.0 4.0 0.679371 99.9891
4.0 4.0 0.99764 99.9048
4.0 4.0 0.517394 99.9894
4.0 4.0 0.949068 99.9762
4.0 4.0 0.934437 99.9565
4.0 4.0 0.620289 99.9285
4.0 4.0 0.513696 99.9515
4.0 4.0 0.567232 99.9917
4.0 4.0 0.893213 99.9934
4.0 4.0 0.517173 99.9909
4.0 4.0 0.463913 99.9752
4.0 4.0 0.999884 99.9712
4.0 4.0 0.532315 99.9779
4.0 4.0 0.560034 99.983
4.0 4.0 0.946466 99.9763
4.0 4.0 0.870182 99.9987
4.0 4.0 0.493062 99.924
4.0 4.0 1.0217 99.9515
4.0 4.0 0.680697 99.9515
4.0 4.0 1.00731 99.9849
4.0 4.0 0.551669 99.9613
4.0 4.0 0.535304 99.9515
4.0 4.0 4.77076 99.9888
4.0 4.0 4.40453 99.8592
4.0 4.0 1.1364 99.9971
4.0 5.0 0.567226 99.984
4.0 5.0 0.737172 99.9694
4.0 5.0 0.599431 99.9546
4.0 5.0 1.52534 99.9846
4.0 5.0 0.59955 99.9582
4.0 5.0 0.520942 99.9752
4.0 5.0 1.28603 99.9048
4.0 5.0 0.619851 99.9546
4.0 5.0 2.93762 99.9752
4.0 5.0 2.46277 99.9569
4.0 5.0 2.65364 99.9693
4.0 5.0 0.95447 99.891
4.0 5.0 0.607601 99.996
4.0 5.0 1.57018 99.9891
4.0 5.0 3.24933 99.9515
4.0 5.0 1.78493 99.9722
4.0 5.0 5.71205 99.9818
4.0 5.0 1.1011 99.9817
4.0 5.0 5.80294 99.903
4.0 5.0 2.06835 99.9232
4.0 5.0 2.84632 99.9762
4.0 5.0 2.42292 99.9752
4.0 5.0 0.700175 99.9752
4.0 5.0 4.75461 99.9156
4.0 5.0 2.80695 99.9906
4.0 5.0 0.597695 99.9536
4.0 5.0 1.83657 99.9752
4.0 5.0 4.49714 99.9786
4.0 5.0 2.16248 99.8893
4.0 5.0 3.0071 99.9881
4.0 5.0 5.71887 99.8613
4.0 5.0 5.77671 99.9515
4.0 5.0 0.575375 99.9546
4.0 5.0 1.29434 99.9668
4.0 5.0 5.71573 99.9478
4.0 5.0 2.26917 99.811
4.0 5.0 3.79668 99.9515
4.0 5.0 2.60243 99.9708
4.0 5.0 3.98046 99.9509
4.0 5.0 3.4495 99.9553
4.0 5.0 8.57937 99.9627
4.0 5.0 7.37709 99.9156
4.0 5.0 8.62996 99.931
4.0 5.0 12.1579 99.9631
4.0 5.0 11.0445 99.9988
4.0 5.0 10.4183 99.9546
4.0 5.0 12.6206 99.9688
4.0 5.0 16.7015 99.9546
4.0 5.0 17.1765 99.9463
4.0 5.0 19.1493 99.9515
4.0 6.0 1.84508 99.9048
4.0 6.0 0.559744 99.8887
4.0 6.0 0.550652 99.9546
4.0 6.0 0.554998 99.9979
4.0 6.0 0.751593 99.9328
4.0 6.0 0.613952 99.9974
4.0 6.0 2.42579 99.924
4.0 6.0 0.641746 99.991
4.0 6.0 0.753993 99.9582
4.0 6.0 0.614667 99.9844
4.0 6.0 1.25071 99.9445
4.0 6.0 0.672431 99.9723
4.0 6.0 0.531053 99.982
4.0 6.0 1.20193 99.8727
4.0 6.0 0.569364 99.9808
4.0 6.0 1.11314 99.9482
4.0 6.0 1.37974 99.9797
4.0 6.0 1.24937 99.9546
4.0 6.0 1.78867 99.9396
4.0 6.0 0.552128 99.9882
4.0 6.0 1.34558 99.9546
4.0 6.0 0.918351 99.9857
4.0 6.0 0.654521 99.9515
4.0 6.0 1.52281 99.9268
4.0 6.0 3.62655 99.9663
4.0 6.0 0.589964 99.9966
4.0 6.0 0.592441 99.9515
4.0 6.0 3.13954 99.9891
4.0 6.0 2.12467 99.9546
4.0 6.0 3.90121 99.9267
4.0 6.0 4.87599 99.9546
4.0 6.0 2.47621 99.9843
4.0 6.0 0.672663 99.828
4.0 6.0 0.670143 99.8628
4.0 6.0 2.1103 99.8628
4.0 6.0 0.753583 99.8931
4.0 6.0 1.25089 99.9048
4.0 6.0 0.65533 99.8693
4.0 6.0 3.21112 99.9865
4.0 6.0 0.591936 99.8716
4.0 6.0 2.19691 99.934
4.0 6.0 0.728976 99.8834
4.0 6.0 1.18929 99.9752
4.0 6.0 0.959529 99.9515
4.0 6.0 0.67151 99.9515
4.0 6.0 0.651285 99.9542
4.0 6.0 0.812022 99.9589
4.0 6.0 0.910777 99.9515
4.0 6.0 0.972428 99.734
4.0 6.0 4.03365 99.9499
4.0 7.0 0.714829 99.9752
4.0 7.0 0.583954 99.9515
4.0 7.0 1.46951 99.7813
4.0 7.0 0.515809 99.9786
4.0 7.0 0.143225 99.8641
4.0 7.0 0.537338 99.9752
4.0 7.0 0.973492 99.9515
4.0 7.0 0.547363 99.9504
4.0 7.0 1.30463 99.9546
4.0 7.0 0.560403 99.844
4.0 7.0 0.605467 99.9664
4.0 7.0 0.534706 99.9515
4.0 7.0 0.551981 99.988
4.0 7.0 0.682703 99.8613
4.0 7.0 0.762254 99.9527
4.0 7.0 0.619296 99.9737
4.0 7.0 0.537773 99.8604
4.0 7.0 1.18406 99.9667
4.0 7.0 2.07375 99.9762
4.0 7.0 2.12602 99.9956
4.0 7.0 0.602254 99.9515
4.0 7.0 0.523487 99.9548
4.0 7.0 0.541441 99.9694
4.0 7.0 0.552907 99.9829
4.0 7.0 0.485336 99.9515
4.0 7.0 0.557483 99.9156
4.0 7.0 0.520354 99.9767
4.0 7.0 0.489448 99.8903
4.0 7.0 0.610359 99.9546
4.0 7.0 0.528991 99.9699
4.0 7.0 1.82647 99.8952
4.0 7.0 0.682477 99.9626
4.0 7.0 0.569227 99.8633
4.0 7.0 0.593087 99.9778
4.0 7.0 1.60055 99.9546
4.0 7.0 0.519163 99.9752
4.0 7.0 0.591747 99.9304
4.0 7.0 1.23695 99.8941
4.0 7.0 0.520316 99.7974
4.0 7.0 0.759065 99.8613
4.0 7.0 0.646315 99.9515
4.0 7.0 3.75452 99.9379
4.0 7.0 3.59663 99.8628
4.0 7.0 4.05897 99.9546
4.0 7.0 0.694587 99.9834
4.0 7.0 0.59157 99.9515
4.0 7.0 0.61234 99.8145
4.0 7.0 0.829255 99.9853
4.0 7.0 3.40868 99.9866
4.0 7.0 3.02781 99.9155
4.0 8.0 0.597606 99.9347
4.0 8.0 1.80148 99.9515
4.0 8.0 1.80715 99.9893
4.0 8.0 1.85742 99.9515
4.0 8.0 1.8183 99.8613
4.0 8.0 2.19312 99.8185
4.0 8.0 0.541534 99.966
4.0 8.0 1.4031 99.9949
4.0 8.0 0.843223 99.9752
4.0 8.0 0.565348 99.9257
4.0 8.0 0.573523 99.9988
4.0 8.0 0.71402 99.9515
4.0 8.0 1.42134 99.9546
4.0 8.0 0.834291 99.9258
4.0 8.0 1.32828 99.9156
4.0 8.0 0.559827 99.9546
4.0 8.0 1.44639 99.9476
4.0 8.0 0.534075 99.9515
4.0 8.0 0.552194 99.9752
4.0 8.0 1.78638 99.9902
4.0 8.0 0.526805 99.9752
4.0 8.0 1.4075 99.9515
4.0 8.0 1.20638 99.9644
4.0 8.0 0.649695 99.9546
4.0 8.0 0.963871 99.9546
4.0 8.0 0.762708 99.9752
4.0 8.0 1.0355 99.9048
4.0 8.0 0.498884 99.9544
4.0 8.0 0.540303 99.8628
4.0 8.0 0.51844 99.9345
4.0 8.0 0.516349 99.998
4.0 8.0 1.15099 99.9843
4.0 8.0 0.585901 99.9762
4.0 8.0 0.528259 99.9762
4.0 8.0 0.492258 99.9568
4.0 8.0 1.40562 99.8995
4.0 8.0 0.516387 99.9546
4.0 8.0 1.40944 99.924
4.0 8.0 0.553197 99.9362
4.0 8.0 0.454142 99.9858
4.0 8.0 0.562545 99.9923
4.0 8.0 1.81047 99.9932
4.0 8.0 0.571354 99.9718
4.0 8.0 0.54825 99.9752
4.0 8.0 1.15382 99.923
4.0 8.0 0.510019 99.8797
4.0 8.0 0.556036 99.8952
4.0 8.0 1.54545 99.9412
4.0 8.0 0.501194 99.9546
4.0 8.0 1.32113 99.9552
4.0 9.0 0.588669 99.9689
4.0 9.0 0.572825 99.9579
4.0 9.0 0.593127 99.8842
4.0 9.0 0.632835 99.9546
4.0 9.0 0.584782 99.8954
4.0 9.0 0.723735 99.924
4.0 9.0 0.701669 99.9741
4.0 9.0 0.564094 99.9701
4.0 9.0 0.55356 99.9762
4.0 9.0 0.769914 99.9048
4.0 9.0 1.05967 99.9187
4.0 9.0 0.619947 99.9515
4.0 9.0 1.3376 99.8664
4.0 9.0 1.65306 99.9543
4.0 9.0 0.817562 99.9805
4.0 9.0 0.714316 99.9752
4.0 9.0 1.31988 99.9762
4.0 9.0 0.549288 99.8145
4.0 9.0 0.52343 99.9515
4.0 9.0 1.10062 99.8885
4.0 9.0 0.841478 99.9048
4.0 9.0 0.596189 99.9762
4.0 9.0 0.650902 99.9405
4.0 9.0 0.57257 99.868
4.0 9.0 0.560231 99.992
4.0 9.0 0.510429 99.9326
4.0 9.0 0.533795 99.862
4.0 9.0 0.535447 99.9839
4.0 9.0 0.608179 99.9762
4.0 9.0 2.37025 99.9809
4.0 9.0 1.1738 99.9114
4.0 9.0 0.682432 99.8979
4.0 9.0 0.67809 99.9515
4.0 9.0 1.04787 99.9762
4.0 9.0 0.543717 99.8188
4.0 9.0 1.24305 99.9855
4.0 9.0 0.623086 99.8908
4.0 9.0 2.23794 99.9978
4.0 9.0 0.581005 99.9515
4.0 9.0 0.535471 99.9546
4.0 9.0 0.72425 99.7617
4.0 9.0 1.2106 99.9515
4.0 9.0 0.666198 99.9762
4.0 9.0 0.774102 99.8162
4.0 9.0 0.572315 99.924
4.0 9.0 1.25022 99.8791
4.0 9.0 0.668892 99.9624
4.0 9.0 0.535426 99.8667
4.0 9.0 1.34986 99.9451
4.0 9.0 0.605662 99.9258
4.0 10.0 0.561891 99.7738
4.0 10.0 0.616426 99.9376
4.0 10.0 0.657408 99.9843
4.0 10.0 1.2521 99.9007
4.0 10.0 0.857929 99.9084
4.0 10.0 0.529102 99.8145
4.0 10.0 0.160482 99.7771
4.0 10.0 0.545072 99.9048
4.0 10.0 0.609522 99.9156
4.0 10.0 1.8737 99.9546
4.0 10.0 1.14702 99.9779
4.0 10.0 0.951314 99.924
4.0 10.0 0.860258 99.9599
4.0 10.0 1.31784 99.9903
4.0 10.0 2.5068 99.9708
4.0 10.0 1.19789 99.9515
4.0 10.0 0.583613 99.9163
4.0 10.0 1.39747 99.9515
4.0 10.0 0.136191 99.9329
4.0 10.0 0.723627 99.9964
4.0 10.0 0.590799 99.8911
4.0 10.0 0.600618 99.8773
4.0 10.0 0.524063 99.9156
4.0 10.0 0.633891 99.9715
4.0 10.0 0.553819 99.9448
4.0 10.0 1.29363 99.9762
4.0 10.0 0.580676 99.9818
4.0 10.0 1.81207 99.8784
4.0 10.0 1.19846 99.9752
4.0 10.0 0.134221 99.9546
4.0 10.0 2.00844 99.9872
4.0 10.0 2.37207 99.7457
4.0 10.0 2.62875 99.9546
4.0 10.0 3.85881 99.959
4.0 10.0 0.954414 99.839
4.0 10.0 1.04897 99.7814
4.0 10.0 0.64067 99.9826
4.0 10.0 0.608096 99.8393
4.0 10.0 0.54524 99.7854
4.0 10.0 0.534454 99.976
4.0 10.0 0.572807 99.9601
4.0 10.0 0.696041 99.9515
4.0 10.0 0.58169 99.9661
4.0 10.0 1.64258 99.9762
4.0 10.0 0.77056 99.7088
4.0 10.0 2.00161 99.9809
4.0 10.0 1.2 99.9101
4.0 10.0 0.654434 99.7908
4.0 10.0 3.51594 99.9666
4.0 10.0 1.13456 99.9716
4.0 11.0 0.763146 99.8521
4.0 11.0 0.58757 99.8285
4.0 11.0 0.645013 99.7717
4.0 11.0 1.35053 99.9981
4.0 11.0 0.643129 99.963
4.0 11.0 0.70462 99.9546
4.0 11.0 0.569392 99.9261
4.0 11.0 1.24482 99.8705
4.0 11.0 0.674807 99.9563
4.0 11.0 0.488895 99.924
4.0 11.0 2.13283 99.9852
4.0 11.0 0.595421 99.8419
4.0 11.0 1.13863 99.9762
4.0 11.0 0.841785 99.8145
4.0 11.0 1.91183 99.8435
4.0 11.0 2.12652 99.9515
4.0 11.0 0.598468 99.7117
4.0 11.0 0.611713 99.9515
4.0 11.0 0.920876 99.9752
4.0 11.0 0.69765 99.7346
4.0 11.0 0.629094 99.9515
4.0 11.0 1.07761 99.7525
4.0 11.0 0.592529 99.9048
4.0 11.0 0.746569 99.975
4.0 11.0 0.602146 99.7834
4.0 11.0 0.577841 99.924
4.0 11.0 0.615884 99.9048
4.0 11.0 0.645512 99.9421
4.0 11.0 0.645959 99.924
4.0 11.0 0.789545 99.9953
4.0 11.0 0.70712 99.909
4.0 11.0 0.570093 99.9867
4.0 11.0 0.612862 99.8581
4.0 11.0 0.620607 99.7294
4.0 11.0 1.07389 99.9837
4.0 11.0 1.51338 99.9339
4.0 11.0 0.8009 99.9546
4.0 11.0 2.73773 99.9836
4.0 11.0 1.84409 99.9499
4.0 11.0 0.742755 99.852
4.0 11.0 0.624674 99.9221
4.0 11.0 0.565069 99.9963
4.0 11.0 0.588746 99.9529
4.0 11.0 0.582038 99.9546
4.0 11.0 0.574274 99.8613
4.0 11.0 0.624532 99.9535
4.0 11.0 1.16798 99.924
4.0 11.0 0.546403 99.8568
4.0 11.0 0.613191 99.9695
4.0 11.0 0.598323 99.9906
4.0 11.0 0.598323 99.9906
4.0 11.0 0.598323 99.9906
4.0 11.0 0.598323 99.9906
4.0 11.0 0.598323 99.9906
4.0 11.0 0.598323 99.9906
4.0 11.0 0.598323 99.9906
4.0 11.0 0.598323 99.9906
4.0 11.0 0.598323 99.9906
4.0 11.0 0.598323 99.9906
4.0 11.0 0.598323 99.9906
4.0 11.0 0.598323 99.9906
4.0 11.0 0.598323 99.9906
4.0 11.0 0.598323 99.9906
4.0 11.0 0.598323 99.9906
4.0 11.0 0.598323 99.9906
4.0 11.0 0.598323 99.9906
4.0 11.0 0.598323 99.9906
4.0 11.0 0.598323 99.9906
4.0 11.0 0.598323 99.9906
4.0 11.0 0.598323 99.9906
4.0 11.0 0.598323 99.9906
4.0 11.0 0.598323 99.9906
4.0 11.0 0.598323 99.9906
4.0 11.0 0.598323 99.9906
4.0 11.0 0.598323 99.9906
4.0 11.0 0.598323 99.9906
4.0 11.0 0.598323 99.9906
4.0 11.0 0.598323 99.9906
4.0 11.0 0.598323 99.9906
4.0 11.0 0.598323 99.9906
4.0 11.0 0.598323 99.9906
4.0 11.0 0.598323 99.9906
4.0 11.0 0.598323 99.9906
4.0 11.0 0.598323 99.9906
4.0 11.0 0.598323 99.9906
4.0 11.0 0.598323 99.9906
4.0 11.0 0.598323 99.9906
4.0 11.0 0.598323 99.9906
4.0 11.0 0.598323 99.9906
4.0 11.0 0.598323 99.9906
4.0 11.0 0.598323 99.9906
4.0 11.0 0.598323 99.9906
4.0 11.0 0.598323 99.9906
4.0 11.0 0.598323 99.9906
4.0 11.0 0.598323 99.9906
4.0 11.0 0.598323 99.9906
4.0 11.0 0.598323 99.9906
4.0 11.0 0.598323 99.9906
4.0 11.0 0.598323 99.9906
4.0 11.0 0.598323 99.9906
5.0 1.0 55.0273 -20.9406
5.0 1.0 55.1347 -20.797
5.0 1.0 55.3184 -20.9406
5.0 1.0 54.8813 -21.0462
5.0 1.0 54.8701 -21.0462
5.0 1.0 55.2933 -20.9406
5.0 1.0 55.515 -20.797
5.0 1.0 55.0999 -20.9406
5.0 1.0 55.1179 -20.797
5.0 1.0 55.3813 -20.797
5.0 1.0 55.3866 -20.797
5.0 1.0 55.1172 -20.9406
5.0 1.0 55.1249 -20.797
5.0 1.0 55.0613 -21.0462
5.0 1.0 55.3652 -20.797
5.0 1.0 55.0759 -20.9406
5.0 1.0 54.8027 -21.0462
5.0 1.0 55.0895 -20.9406
5.0 1.0 54.8834 -20.9406
5.0 1.0 55.165 -20.797
5.0 1.0 54.5993 -21.0462
5.0 1.0 55.3716 -20.9406
5.0 1.0 55.3747 -20.797
5.0 1.0 55.4275 -21.0462
5.0 1.0 59.0877 -20.9406
5.0 1.0 54.8536 -20.797
5.0 1.0 55.3396 -21.0462
5.0 1.0 55.0602 -21.0462
5.0 1.0 55.0438 -20.9406
5.0 1.0 55.5102 -20.797
5.0 1.0 55.0436 -20.797
5.0 1.0 55.2045 -20.9406
5.0 1.0 55.1906 -20.797
5.0 1.0 55.0118 -21.0462
5.0 1.0 55.3279 -20.797
5.0 1.0 55.3856 -20.9406
5.0 1.0 54.8868 -21.0462
5.0 1.0 55.0974 -21.0462
5.0 1.0 54.8174 -20.9406
5.0 1.0 59.2231 -20.9406
5.0 1.0 54.8451 -20.9406
5.0 1.0 54.8857 -20.9406
5.0 1.0 54.8246 -20.9406
5.0 1.0 55.0818 -20.9406
5.0 1.0 54.8707 -20.9406
5.0 1.0 55.0525 -21.0462
5.0 1.0 55.0511 -21.0462
5.0 1.0 54.9386 -21.0462
5.0 1.0 55.0313 -21.0462
5.0 1.0 54.9505 -20.9406
5.0 2.0 27.5671 -21.0462
5.0 2.0 27.5798 -20.9406
5.0 2.0 27.5985 -21.0462
5.0 2.0 27.5828 -20.9406
5.0 2.0 27.5986 -21.0462
5.0 2.0 27.5625 -20.9406
5.0 2.0 27.7846 -20.797
5.0 2.0 27.5397 -20.9406
5.0 2.0 27.7146 -21.0462
5.0 2.0 28.0089 -20.797
5.0 2.0 27.5621 -20.9406
5.0 2.0 27.5994 -21.0462
5.0 2.0 27.8149 -20.797
5.0 2.0 27.6014 -21.0462
5.0 2.0 27.6059 -21.0462
5.0 2.0 27.8793 -20.9406
5.0 2.0 27.7988 -20.9406
5.0 2.0 27.5931 -21.0462
5.0 2.0 27.7681 -20.797
5.0 2.0 27.5952 -21.0462
5.0 2.0 27.5727 -20.9406
5.0 2.0 27.5479 -21.0462
5.0 2.0 27.7565 -20.797
5.0 2.0 27.5816 -21.0462
5.0 2.0 28.0773 -21.0462
5.0 2.0 27.6609 -20.797
5.0 2.0 27.757 -20.797
5.0 2.0 27.5906 -21.0462
5.0 2.0 27.5952 -21.0462
5.0 2.0 27.5886 -20.9406
5.0 2.0 27.655 -20.797
5.0 2.0 27.8691 -21.0462
5.0 2.0 27.5662 -20.9406
5.0 2.0 27.7413 -20.9406
5.0 2.0 27.5541 -21.0462
5.0 2.0 27.5262 -20.9406
5.0 2.0 27.6152 -21.0462
5.0 2.0 27.5699 -21.0462
5.0 2.0 27.6403 -21.0462
5.0 2.0 27.5163 -20.9406
5.0 2.0 27.6139 -20.9406
5.0 2.0 28.9985 -20.797
5.0 2.0 27.5977 -21.0462
5.0 2.0 27.5578 -21.0462
5.0 2.0 27.5842 -20.797
5.0 2.0 27.5934 -21.0462
5.0 2.0 27.595 -20.9406
5.0 2.0 27.5558 -21.0462
5.0 2.0 27.8867 -20.9406
5.0 2.0 27.8825 -21.0462
5.0 3.0 18.9012 -21.0462
5.0 3.0 18.832 -21.0462
5.0 3.0 19.0916 -20.797
5.0 3.0 20.6723 -21.0462
5.0 3.0 18.8794 -20.9406
5.0 3.0 18.6957 -21.0462
5.0 3.0 18.6971 -21.0462
5.0 3.0 18.8198 -21.0462
5.0 3.0 18.7918 -21.0462
5.0 3.0 18.6885 -20.9406
5.0 3.0 18.7995 -20.9406
5.0 3.0 18.8889 -21.0462
5.0 3.0 18.9128 -20.9406
5.0 3.0 18.8984 -21.0462
5.0 3.0 18.9423 -20.9406
5.0 3.0 18.9028 -20.9406
5.0 3.0 18.8667 -21.0462
5.0 3.0 18.8573 -20.9406
5.0 3.0 18.7191 -21.0462
5.0 3.0 18.9502 -21.0462
5.0 3.0 18.8328 -20.9406
5.0 3.0 18.7292 -21.0462
5.0 3.0 18.9545 -20.797
5.0 3.0 18.7192 -21.0462
5.0 3.0 19.1514 -20.797
5.0 3.0 18.6875 -20.9406
5.0 3.0 18.8105 -20.9406
5.0 3.0 18.8332 -21.0462
5.0 3.0 18.6959 -20.9406
5.0 3.0 18.704 -20.9406
5.0 3.0 20.7229 -20.9406
5.0 3.0 18.8848 -21.0462
5.0 3.0 18.6963 -21.0462
5.0 3.0 20.888 -20.8279
5.0 3.0 18.7016 -21.0462
5.0 3.0 18.8027 -20.9406
5.0 3.0 18.9016 -21.0462
5.0 3.0 18.7073 -21.0462
5.0 3.0 18.8117 -20.797
5.0 3.0 18.7091 -21.0462
5.0 3.0 18.6977 -20.9406
5.0 3.0 18.694 -21.0462
5.0 3.0 18.6973 -21.0462
5.0 3.0 18.7709 -21.0462
5.0 3.0 18.8199 -20.9406
5.0 3.0 18.8663 -21.0462
5.0 3.0 18.8052 -20.9406
5.0 3.0 19.6121 -21.0462
5.0 3.0 18.9765 -20.797
5.0 3.0 18.8026 -21.0462
5.0 4.0 15.4326 -21.0462
5.0 4.0 14.2598 -21.0462
5.0 4.0 15.262 -20.797
5.0 4.0 15.0261 -20.7971
5.0 4.0 14.4624 -20.9406
5.0 4.0 14.6176 -20.9406
5.0 4.0 14.9979 -21.0462
5.0 4.0 14.6099 -21.0462
5.0 4.0 14.7963 -20.9406
5.0 4.0 14.1906 -20.9406
5.0 4.0 15.1924 -20.9406
5.0 4.0 15.0758 -20.8019
5.0 4.0 14.2818 -20.9406
5.0 4.0 14.1984 -20.9406
5.0 4.0 14.4076 -20.9406
5.0 4.0 14.658 -21.0462
5.0 4.0 14.7065 -20.9406
5.0 4.0 14.795 -21.0462
5.0 4.0 14.7328 -20.8043
5.0 4.0 14.6372 -20.9406
5.0 4.0 14.417 -21.0462
5.0 4.0 14.7954 -21.0462
5.0 4.0 14.7998 -20.797
5.0 4.0 14.8289 -20.9406
5.0 4.0 14.722 -20.9406
5.0 4.0 14.4142 -21.0462
5.0 4.0 14.7956 -21.0462
5.0 4.0 14.7086 -21.0462
5.0 4.0 14.722 -21.0462
5.0 4.0 14.227 -21.0462
5.0 4.0 14.6916 -20.9406
5.0 4.0 14.177 -21.0462
5.0 4.0 14.1255 -20.9406
5.0 4.0 14.7327 -21.0462
5.0 4.0 14.0929 -20.9406
5.0 4.0 14.0986 -21.0462
5.0 4.0 14.8629 -21.0462
5.0 4.0 14.6691 -20.797
5.0 4.0 14.7033 -20.9406
5.0 4.0 14.7305 -20.797
5.0 4.0 14.1784 -21.0462
5.0 4.0 14.246 -21.0462
5.0 4.0 14.6954 -20.9406
5.0 4.0 14.1463 -21.0462
5.0 4.0 14.823 -20.797
5.0 4.0 14.9957 -20.797
5.0 4.0 14.2159 -21.0462
5.0 4.0 14.2175 -21.0462
5.0 4.0 14.7818 -20.7985
5.0 4.0 15.1595 -20.8018
5.0 5.0 11.8098 -20.7985
5.0 5.0 11.3369 -21.0462
5.0 5.0 11.8433 -20.9406
5.0 5.0 12.1461 -21.0462
5.0 5.0 12.1603 -21.0462
5.0 5.0 13.5482 -20.9406
5.0 5.0 11.5984 -21.0462
5.0 5.0 11.3328 -21.0462
5.0 5.0 11.314 -20.9406
5.0 5.0 11.3287 -21.2268
5.0 5.0 11.3906 -20.9406
5.0 5.0 12.0126 -21.1628
5.0 5.0 11.9918 -20.9406
5.0 5.0 11.3536 -20.9406
5.0 5.0 13.227 -20.797
5.0 5.0 11.2749 -20.9406
5.0 5.0 11.3314 -20.9406
5.0 5.0 11.5337 -21.0462
5.0 5.0 11.2733 -21.0462
5.0 5.0 12.3631 -20.9406
5.0 5.0 11.4079 -21.0462
5.0 5.0 12.6583 -21.0462
5.0 5.0 12.5337 -21.0462
5.0 5.0 11.4767 -21.0462
5.0 5.0 11.8405 -21.0462
5.0 5.0 11.8561 -21.0462
5.0 5.0 12.0576 -21.0462
5.0 5.0 11.8026 -20.797
5.0 5.0 11.806 -21.0462
5.0 5.0 11.2956 -21.0462
5.0 5.0 11.5204 -20.9406
5.0 5.0 11.2983 -21.0462
5.0 5.0 12.2938 -20.797
5.0 5.0 11.3628 -20.9406
5.0 5.0 12.3348 -20.7971
5.0 5.0 11.3672 -21.0462
5.0 5.0 12.1784 -20.9406
5.0 5.0 11.6949 -20.9406
5.0 5.0 11.4073 -21.0462
5.0 5.0 11.8765 -20.9406
5.0 5.0 11.4228 -21.0462
5.0 5.0 12.1109 -20.9406
5.0 5.0 12.1144 -20.9406
5.0 5.0 11.8988 -20.9406
5.0 5.0 12.6432 -20.7985
5.0 5.0 11.3841 -20.9406
5.0 5.0 12.2846 -20.797
5.0 5.0 12.0038 -21.0462
5.0 5.0 11.8821 -20.797
5.0 5.0 11.4527 -21.0462
5.0 6.0 11.3694 -21.0462
5.0 6.0 11.2641 -21.0462
5.0 6.0 11.2357 -21.0462
5.0 6.0 11.2369 -21.0462
5.0 6.0 11.6921 -20.797
5.0 6.0 11.3354 -20.9406
5.0 6.0 11.2592 -20.9406
5.0 6.0 11.612 -20.8265
5.0 6.0 11.4053 -21.0462
5.0 6.0 11.2801 -21.1828
5.0 6.0 11.3047 -21.0462
5.0 6.0 11.37 -21.0462
5.0 6.0 11.2801 -20.9406
5.0 6.0 11.2664 -20.9406
5.0 6.0 11.2742 -21.0462
5.0 6.0 11.4506 -20.9406
5.0 6.0 11.2821 -21.0462
5.0 6.0 11.3357 -21.0462
5.0 6.0 12.9527 -21.0462
5.0 6.0 11.3169 -21.0462
5.0 6.0 11.2546 -21.0462
5.0 6.0 11.2973 -20.9406
5.0 6.0 11.2534 -21.0462
5.0 6.0 11.2742 -20.9406
5.0 6.0 11.8956 -20.797
5.0 6.0 11.3841 -21.0462
5.0 6.0 11.174 -20.9406
5.0 6.0 11.2804 -20.9406
5.0 6.0 11.2796 -20.9406
5.0 6.0 11.4695 -21.0462
5.0 6.0 11.2243 -20.9406
5.0 6.0 11.2423 -20.9406
5.0 6.0 11.2712 -21.0462
5.0 6.0 11.3172 -20.9406
5.0 6.0 11.5925 -21.0462
5.0 6.0 11.308 -20.9406
5.0 6.0 11.8719 -20.9406
5.0 6.0 11.2604 -21.0462
5.0 6.0 12.6303 -20.8265
5.0 6.0 11.1683 -21.0462
5.0 6.0 12.9845 -20.8013
5.0 6.0 11.2789 -21.0462
5.0 6.0 11.2656 -20.9406
5.0 6.0 11.2644 -20.9406
5.0 6.0 11.3581 -20.9406
5.0 6.0 11.8648 -20.797
5.0 6.0 11.2628 -21.0462
5.0 6.0 11.7266 -20.7971
5.0 6.0 11.2994 -20.9406
5.0 6.0 11.2954 -20.9406
5.0 7.0 9.02323 -21.1628
5.0 7.0 9.43213 -20.8188
5.0 7.0 9.01095 -21.0462
5.0 7.0 9.05746 -21.0462
5.0 7.0 9.04709 -20.9406
5.0 7.0 9.77637 -20.8265
5.0 7.0 9.08562 -21.0462
5.0 7.0 9.06814 -21.0462
5.0 7.0 9.11996 -21.0462
5.0 7.0 9.07619 -20.9406
5.0 7.0 9.12179 -21.0462
5.0 7.0 9.04158 -21.0462
5.0 7.0 9.01265 -21.0462
5.0 7.0 9.03115 -21.1628
5.0 7.0 9.05076 -21.0462
5.0 7.0 9.51433 -20.797
5.0 7.0 9.03915 -20.9406
5.0 7.0 9.03185 -20.9406
5.0 7.0 9.02529 -20.9406
5.0 7.0 9.04131 -20.9406
5.0 7.0 9.11768 -21.0462
5.0 7.0 9.42626 -20.797
5.0 7.0 9.0452 -20.9406
5.0 7.0 9.14473 -20.9406
5.0 7.0 9.71699 -20.817
5.0 7.0 9.05882 -21.0462
5.0 7.0 9.02958 -21.1828
5.0 7.0 9.09178 -20.9406
5.0 7.0 9.51122 -20.8067
5.0 7.0 9.06009 -21.0462
5.0 7.0 8.99918 -21.0462
5.0 7.0 9.30516 -21.0462
5.0 7.0 9.16913 -21.0462
5.0 7.0 9.46451 -20.797
5.0 7.0 9.00992 -21.0462
5.0 7.0 9.00667 -21.0462
5.0 7.0 9.09908 -20.9406
5.0 7.0 9.03213 -21.0462
5.0 7.0 9.06407 -20.9406
5.0 7.0 9.06988 -21.1828
5.0 7.0 9.08318 -21.0462
5.0 7.0 9.26391 -20.8139
5.0 7.0 9.112 -21.0462
5.0 7.0 9.05318 -20.9406
5.0 7.0 9.01657 -20.9406
5.0 7.0 9.0271 -20.9406
5.0 7.0 9.16642 -20.8265
5.0 7.0 9.04073 -21.0462
5.0 7.0 9.06668 -20.9406
5.0 7.0 9.47779 -20.797
5.0 8.0 9.05065 -20.9406
5.0 8.0 9.03069 -20.9406
5.0 8.0 9.07024 -20.9406
5.0 8.0 9.07795 -21.0462
5.0 8.0 9.03726 -20.9406
5.0 8.0 9.60789 -20.8265
5.0 8.0 9.1094 -20.9406
5.0 8.0 9.08411 -20.9406
5.0 8.0 9.71113 -20.7985
5.0 8.0 9.47871 -20.797
5.0 8.0 9.58956 -20.7991
5.0 8.0 9.04511 -20.9406
5.0 8.0 9.27453 -20.8267
5.0 8.0 9.05394 -21.0462
5.0 8.0 9.05124 -21.1628
5.0 8.0 9.1333 -21.0462
5.0 8.0 9.13608 -20.9406
5.0 8.0 9.28837 -20.9406
5.0 8.0 9.10132 -20.9406
5.0 8.0 9.14909 -20.9406
5.0 8.0 9.06369 -21.0462
5.0 8.0 9.45983 -20.797
5.0 8.0 9.08155 -21.0462
5.0 8.0 9.06636 -20.9406
5.0 8.0 9.18697 -21.0462
5.0 8.0 9.07292 -21.0462
5.0 8.0 9.11033 -21.0462
5.0 8.0 9.10034 -20.9406
5.0 8.0 9.03023 -21.0462
5.0 8.0 9.04312 -21.1828
5.0 8.0 9.39223 -20.7985
5.0 8.0 9.10569 -20.9406
5.0 8.0 9.08875 -21.0462
5.0 8.0 9.02301 -20.9406
5.0 8.0 9.50439 -20.797
5.0 8.0 9.08519 -21.1628
5.0 8.0 9.04749 -21.0462
5.0 8.0 9.04162 -21.0462
5.0 8.0 9.08596 -20.9406
5.0 8.0 9.09512 -20.9406
5.0 8.0 9.5816 -20.797
5.0 8.0 9.05857 -21.1628
5.0 8.0 9.38877 -20.797
5.0 8.0 9.0465 -20.9406
5.0 8.0 9.18861 -21.0462
5.0 8.0 9.10148 -20.9406
5.0 8.0 9.1579 -21.1628
5.0 8.0 9.12008 -21.0462
5.0 8.0 9.00956 -21.0462
5.0 8.0 9.04106 -20.9406
5.0 9.0 6.93256 -21.0462
5.0 9.0 6.91956 -21.0462
5.0 9.0 6.81339 -21.0462
5.0 9.0 6.73808 -20.797
5.0 9.0 6.80923 -21.0462
5.0 9.0 6.93726 -21.0462
5.0 9.0 7.56036 -20.8191
5.0 9.0 6.9023 -20.9406
5.0 9.0 6.92364 -20.9406
5.0 9.0 6.86467 -21.0462
5.0 9.0 6.84129 -21.0462
5.0 9.0 6.99094 -21.0462
5.0 9.0 6.91938 -21.1828
5.0 9.0 7.06762 -21.0462
5.0 9.0 6.97859 -21.0462
5.0 9.0 7.18995 -20.8265
5.0 9.0 6.8981 -21.1628
5.0 9.0 6.85091 -20.9406
5.0 9.0 6.91327 -21.0462
5.0 9.0 6.90143 -21.0462
5.0 9.0 6.84071 -20.9406
5.0 9.0 6.87914 -20.9406
5.0 9.0 6.92981 -20.9406
5.0 9.0 7.04879 -21.0462
5.0 9.0 7.01693 -20.797
5.0 9.0 6.83084 -21.0462
5.0 9.0 6.84377 -20.9406
5.0 9.0 7.12597 -21.0462
5.0 9.0 6.85729 -21.1628
5.0 9.0 7.2025 -20.8128
5.0 9.0 6.89747 -20.9406
5.0 9.0 6.87183 -20.9406
5.0 9.0 6.86159 -21.1628
5.0 9.0 6.8964 -21.0462
5.0 9.0 6.88881 -20.9406
5.0 9.0 7.06416 -20.9406
5.0 9.0 7.05626 -21.1628
5.0 9.0 6.90381 -20.9406
5.0 9.0 6.83325 -21.0462
5.0 9.0 6.74466 -20.9406
5.0 9.0 6.85851 -21.2268
5.0 9.0 6.84999 -21.0462
5.0 9.0 6.83873 -20.9406
5.0 9.0 6.88921 -21.1628
5.0 9.0 7.11192 -20.8299
5.0 9.0 6.80607 -21.0462
5.0 9.0 6.80587 -20.9406
5.0 9.0 6.84647 -21.0462
5.0 9.0 6.86489 -20.9406
5.0 9.0 7.04762 -20.797
5.0 10.0 6.69433 -20.9406
5.0 10.0 5.9978 -21.0462
5.0 10.0 6.01008 -21.0462
5.0 10.0 6.19907 -21.1828
5.0 10.0 6.54439 -20.8056
5.0 10.0 5.55899 -21.0462
5.0 10.0 6.25178 -20.7986
5.0 10.0 5.72965 -20.797
5.0 10.0 5.99054 -20.8265
5.0 10.0 6.44512 -20.797
5.0 10.0 6.11025 -21.1828
5.0 10.0 6.56744 -20.8272
5.0 10.0 6.02946 -21.1628
5.0 10.0 5.99833 -20.797
5.0 10.0 5.73597 -21.0462
5.0 10.0 5.7518 -21.0462
5.0 10.0 5.75976 -20.9406
5.0 10.0 5.99029 -20.797
5.0 10.0 6.11165 -20.9406
5.0 10.0 5.96906 -21.0462
5.0 10.0 6.26141 -21.1828
5.0 10.0 6.08491 -20.9406
5.0 10.0 5.83404 -21.0462
5.0 10.0 6.24498 -21.1828
5.0 10.0 6.08629 -20.9406
5.0 10.0 5.83543 -20.9406
5.0 10.0 5.81387 -21.0462
5.0 10.0 6.09465 -21.1828
5.0 10.0 6.1131 -21.0462
5.0 10.0 6.01693 -20.9406
5.0 10.0 6.02057 -21.0462
5.0 10.0 5.91724 -21.1628
5.0 10.0 6.08415 -21.0462
5.0 10.0 5.89821 -21.0462
5.0 10.0 5.71822 -20.9406
5.0 10.0 6.01018 -20.8283
5.0 10.0 6.28926 -20.797
5.0 10.0 6.14012 -20.9406
5.0 10.0 5.5613 -21.0462
5.0 10.0 6.05258 -21.1828
5.0 10.0 5.86454 -21.1828
5.0 10.0 5.96332 -21.0462
5.0 10.0 6.42699 -20.9406
5.0 10.0 6.07276 -21.0462
5.0 10.0 5.99509 -20.9406
5.0 10.0 5.95929 -20.817
5.0 10.0 5.74031 -21.0462
5.0 10.0 5.8195 -21.1628
5.0 10.0 5.73851 -20.9406
5.0 10.0 5.90446 -20.9406
5.0 11.0 5.7696 -21.1628
5.0 11.0 5.71599 -21.1828
5.0 11.0 5.74714 -20.9406
5.0 11.0 5.96261 -20.797
5.0 11.0 5.75404 -21.1828
5.0 11.0 5.72432 -21.1628
5.0 11.0 5.6794 -20.9406
5.0 11.0 5.74854 -20.9406
5.0 11.0 5.89101 -20.9406
5.0 11.0 5.98545 -21.1828
5.0 11.0 5.71009 -21.1628
5.0 11.0 5.76134 -20.968
5.0 11.0 5.72195 -21.0462
5.0 11.0 5.773 -21.1828
5.0 11.0 5.80673 -20.9406
5.0 11.0 5.68412 -20.9406
5.0 11.0 5.70475 -20.9406
5.0 11.0 5.72272 -20.9406
5.0 11.0 5.7305 -21.1628
5.0 11.0 5.73779 -21.2268
5.0 11.0 5.69077 -21.1828
5.0 11.0 5.75534 -21.0462
5.0 11.0 5.89748 -20.8066
5.0 11.0 5.75603 -21.0462
5.0 11.0 5.95319 -21.1628
5.0 11.0 5.73379 -20.9406
5.0 11.0 5.68174 -20.9406
5.0 11.0 5.84948 -20.9406
5.0 11.0 5.76347 -20.9406
5.0 11.0 5.9396 -21.0462
5.0 11.0 6.07343 -20.8093
5.0 11.0 6.03159 -20.8056
5.0 11.0 5.79699 -21.2268
5.0 11.0 5.77782 -20.9406
5.0 11.0 5.75879 -21.1828
5.0 11.0 5.73034 -21.0462
5.0 11.0 5.687 -20.9406
5.0 11.0 5.76888 -21.0462
5.0 11.0 5.92685 -21.0462
5.0 11.0 5.98086 -20.8326
5.0 11.0 5.89843 -21.0462
5.0 11.0 5.78377 -20.9406
5.0 11.0 5.8437 -21.1828
5.0 11.0 5.82834 -21.0462
5.0 11.0 5.72693 -21.0462
5.0 11.0 5.74172 -20.9406
5.0 11.0 5.72213 -21.1828
5.0 11.0 5.71066 -20.9406
5.0 11.0 5.80872 -20.9406
5.0 11.0 5.76657 -21.1628
5.0 11.0 5.76657 -21.1628
5.0 11.0 5.76657 -21.1628
5.0 11.0 5.76657 -21.1628
5.0 11.0 5.76657 -21.1628
5.0 11.0 5.76657 -21.1628
5.0 11.0 5.76657 -21.1628
5.0 11.0 5.76657 -21.1628
5.0 11.0 5.76657 -21.1628
5.0 11.0 5.76657 -21.1628
5.0 11.0 5.76657 -21.1628
5.0 11.0 5.76657 -21.1628
5.0 11.0 5.76657 -21.1628
5.0 11.0 5.76657 -21.1628
5.0 11.0 5.76657 -21.1628
5.0 11.0 5.76657 -21.1628
5.0 11.0 5.76657 -21.1628
5.0 11.0 5.76657 -21.1628
5.0 11.0 5.76657 -21.1628
5.0 11.0 5.76657 -21.1628
5.0 11.0 5.76657 -21.1628
5.0 11.0 5.76657 -21.1628
5.0 11.0 5.76657 -21.1628
5.0 11.0 5.76657 -21.1628
5.0 11.0 5.76657 -21.1628
5.0 11.0 5.76657 -21.1628
5.0 11.0 5.76657 -21.1628
5.0 11.0 5.76657 -21.1628
5.0 11.0 5.76657 -21.1628
5.0 11.0 5.76657 -21.1628
5.0 11.0 5.76657 -21.1628
5.0 11.0 5.76657 -21.1628
5.0 11.0 5.76657 -21.1628
5.0 11.0 5.76657 -21.1628
5.0 11.0 5.76657 -21.1628
5.0 11.0 5.76657 -21.1628
5.0 11.0 5.76657 -21.1628
5.0 11.0 5.76657 -21.1628
5.0 11.0 5.76657 -21.1628
5.0 11.0 5.76657 -21.1628
5.0 11.0 5.76657 -21.1628
5.0 11.0 5.76657 -21.1628
5.0 11.0 5.76657 -21.1628
5.0 11.0 5.76657 -21.1628
5.0 11.0 5.76657 -21.1628
5.0 11.0 5.76657 -21.1628
5.0 11.0 5.76657 -21.1628
5.0 11.0 5.76657 -21.1628
5.0 11.0 5.76657 -21.1628
5.0 11.0 5.76657 -21.1628
5.0 11.0 5.76657 -21.1628
