0.0 1.0 0.0796732 -0.0
0.0 1.0 0.0637101 -0.0
0.0 1.0 0.0733717 -0.0
0.0 1.0 0.123884 -0.00739604
0.0 1.0 0.134022 -0.00739604
0.0 1.0 0.0745125 -0.0
0.0 1.0 0.0708252 -0.0
0.0 1.0 0.0788581 -0.0
0.0 1.0 0.113359 -0.00739604
0.0 1.0 0.119847 -0.00739604
0.0 1.0 0.0891364 -0.0
0.0 1.0 0.115137 -0.00739604
0.0 1.0 0.0605879 -0.0
0.0 1.0 0.0719577 -0.0
0.0 1.0 0.0765243 -0.0
0.0 1.0 0.122587 -0.00739604
0.0 1.0 0.0590213 -0.0
0.0 1.0 0.126205 -0.00739604
0.0 1.0 0.061001 -0.0
0.0 1.0 0.0823328 -0.0
0.0 1.0 0.112002 -0.00739604
0.0 1.0 0.0846004 -0.0
0.0 1.0 0.0618598 -0.0
0.0 1.0 0.0652703 -0.0
0.0 1.0 0.0609231 -0.0
0.0 1.0 0.0623742 -0.0
0.0 1.0 0.117941 -0.00739604
0.0 1.0 0.0596054 -0.0
0.0 1.0 0.0704335 -0.0
0.0 1.0 0.121122 -0.00739604
0.0 1.0 0.0694992 -0.0
0.0 1.0 0.0790902 -0.0
0.0 1.0 0.0604174 -0.0
0.0 1.0 0.0580016 -0.0
0.0 1.0 0.0695187 -0.0
0.0 1.0 0.070946 -0.0
0.0 1.0 0.113158 -0.00739604
0.0 1.0 0.0735916 -0.0
0.0 1.0 0.117742 -0.00739604
0.0 1.0 0.0734831 -0.0
0.0 1.0 0.0647649 -0.0
0.0 1.0 0.087721 -0.0
0.0 1.0 0.112572 -0.00739604
0.0 1.0 0.124149 -0.00739604
0.0 1.0 0.0703322 -0.0
0.0 1.0 0.0769695 -0.0
0.0 1.0 0.0699939 -0.0
0.0 1.0 0.117888 -0.00739604
0.0 1.0 0.0590755 -0.0
0.0 1.0 0.073298 -0.0
0.0 2.0 0.0627442 -0.0
0.0 2.0 0.0634637 -0.00739604
0.0 2.0 0.0634541 -0.00739604
0.0 2.0 0.0626713 -0.00739604
0.0 2.0 0.0628626 -0.00739604
0.0 2.0 0.0424606 -0.0
0.0 2.0 0.0486028 -0.0
0.0 2.0 0.0594072 -0.00739604
0.0 2.0 0.0646559 -0.00739604
0.0 2.0 0.0619309 -0.0
0.0 2.0 0.0416394 -0.0
0.0 2.0 0.0599526 -0.00739604
0.0 2.0 0.0596217 -0.00739604
0.0 2.0 0.0622723 -0.00986467
0.0 2.0 0.0630048 -0.00739604
0.0 2.0 0.0658515 -0.0
0.0 2.0 0.0617619 -0.00739604
0.0 2.0 0.0620577 -0.0
0.0 2.0 0.0594746 -0.00739604
0.0 2.0 0.0341756 -0.0
0.0 2.0 0.0636128 -0.00739604
0.0 2.0 0.0633183 -0.0
0.0 2.0 0.0616314 -0.0
0.0 2.0 0.0622011 -0.00986467
0.0 2.0 0.038526 -0.0
0.0 2.0 0.0630746 -0.0197195
0.0 2.0 0.0645321 -0.00739604
0.0 2.0 0.0615845 -0.0
0.0 2.0 0.0638223 -0.0
0.0 2.0 0.0598894 -0.0295842
0.0 2.0 0.0625784 -0.00739604
0.0 2.0 0.0623282 -0.0
0.0 2.0 0.0596821 -0.00739604
0.0 2.0 0.0632269 -0.00986467
0.0 2.0 0.0434993 -0.0
0.0 2.0 0.0340234 -0.0
0.0 2.0 0.0389347 -0.0
0.0 2.0 0.0626392 -0.0
0.0 2.0 0.0434008 -0.0
0.0 2.0 0.045586 -0.0
0.0 2.0 0.0597716 -0.00739604
0.0 2.0 0.0402992 -0.0
0.0 2.0 0.0406338 -0.0
0.0 2.0 0.0330658 -0.0
0.0 2.0 0.0625351 -0.0197195
0.0 2.0 0.0459312 -0.0
0.0 2.0 0.0628659 -0.0
0.0 2.0 0.0526814 -0.0
0.0 2.0 0.0429083 -0.0
0.0 2.0 0.0595087 -0.00739604
0.0 3.0 0.0316632 -0.0
0.0 3.0 0.0489036 -0.0665841
0.0 3.0 0.0457972 -0.0
0.0 3.0 0.0397374 -0.00986467
0.0 3.0 0.0482542 -0.00739604
0.0 3.0 0.0482805 -0.00739604
0.0 3.0 0.0357844 -0.0
0.0 3.0 0.0452698 -0.0
0.0 3.0 0.0475151 -0.0
0.0 3.0 0.0488794 -0.00739604
0.0 3.0 0.0430173 -0.00986467
0.0 3.0 0.0504755 -0.00739604
0.0 3.0 0.0293657 -0.0
0.0 3.0 0.0480495 -0.00739604
0.0 3.0 0.0357002 -0.0
0.0 3.0 0.0453079 -0.0
0.0 3.0 0.0439011 -0.00986467
0.0 3.0 0.045205 -0.0
0.0 3.0 0.0455633 -0.00986467
0.0 3.0 0.0490292 -0.0271254
0.0 3.0 0.0429466 -0.00986467
0.0 3.0 0.0438009 -0.00986467
0.0 3.0 0.0396813 -0.0
0.0 3.0 0.0381441 -0.0
0.0 3.0 0.0631712 -0.00739604
0.0 3.0 0.0459024 -0.0
0.0 3.0 0.0484861 -0.00739604
0.0 3.0 0.0455553 -0.00986467
0.0 3.0 0.0486823 -0.00739604
0.0 3.0 0.0491188 -0.00739604
0.0 3.0 0.0435844 -0.0
0.0 3.0 0.0457046 -0.0197195
0.0 3.0 0.0493423 -0.0
0.0 3.0 0.0490553 -0.00739604
0.0 3.0 0.0484638 -0.00739604
0.0 3.0 0.0480459 -0.00739604
0.0 3.0 0.0478745 -0.00739604
0.0 3.0 0.043788 -0.00986467
0.0 3.0 0.037879 -0.0
0.0 3.0 0.0457517 -0.0197195
0.0 3.0 0.0456379 -0.0
0.0 3.0 0.0485471 -0.00739604
0.0 3.0 0.0494503 -0.00739604
0.0 3.0 0.0380938 -0.0
0.0 3.0 0.0492004 -0.00739604
0.0 3.0 0.04813 -0.00739604
0.0 3.0 0.0877079 -0.00739604
0.0 3.0 0.0437937 -0.0
0.0 3.0 0.0429207 -0.0
0.0 3.0 0.0440583 -0.00986467
0.0 4.0 0.033199 -0.00986467
0.0 4.0 0.0388253 -0.00739604
0.0 4.0 0.0378191 -0.00739604
0.0 4.0 0.0384558 -0.00986467
0.0 4.0 0.0385468 -0.00739604
0.0 4.0 0.0381692 -0.00739604
0.0 4.0 0.0380271 -0.0
0.0 4.0 0.0389868 -0.0
0.0 4.0 0.0418967 -0.0197195
0.0 4.0 0.0396814 -0.0271254
0.0 4.0 0.0389226 -0.00739604
0.0 4.0 0.0370883 -0.00739604
0.0 4.0 0.0377023 -0.0
0.0 4.0 0.0384804 -0.00739604
0.0 4.0 0.0377402 -0.0271254
0.0 4.0 0.0392302 -0.0
0.0 4.0 0.0384742 -0.0
0.0 4.0 0.0366996 -0.0
0.0 4.0 0.0315131 -0.0
0.0 4.0 0.0383111 -0.00739604
0.0 4.0 0.0375493 -0.00739604
0.0 4.0 0.0381525 -0.00739604
0.0 4.0 0.0370469 -0.00739604
0.0 4.0 0.0374274 -0.00739604
0.0 4.0 0.0301441 -0.00986467
0.0 4.0 0.0384745 -0.046835
0.0 4.0 0.0384997 -0.00739604
0.0 4.0 0.0392311 -0.00739604
0.0 4.0 0.0402654 -0.0271254
0.0 4.0 0.0369813 -0.00986467
0.0 4.0 0.0384089 -0.0
0.0 4.0 0.0378905 -0.00986467
0.0 4.0 0.0379809 -0.0
0.0 4.0 0.0396028 -0.00739604
0.0 4.0 0.0382547 -0.00986467
0.0 4.0 0.0310921 -0.0197195
0.0 4.0 0.0376468 -0.0197195
0.0 4.0 0.0370688 -0.0295842
0.0 4.0 0.0316059 -0.0
0.0 4.0 0.0388227 -0.00739604
0.0 4.0 0.038524 -0.00739604
0.0 4.0 0.0389039 -0.0
0.0 4.0 0.0378288 -0.00739604
0.0 4.0 0.0386883 -0.00739604
0.0 4.0 0.0376475 -0.00739604
0.0 4.0 0.0374966 -0.0271254
0.0 4.0 0.0375655 -0.00739604
0.0 4.0 0.0662536 -0.00739604
0.0 4.0 0.0375806 -0.00739604
0.0 4.0 0.0380336 -0.00739604
0.0 5.0 0.0572255 -0.00739604
0.0 5.0 0.0634298 -0.0
0.0 5.0 0.0432636 -0.0
0.0 5.0 0.052271 -0.0295842
0.0 5.0 0.0497574 -0.00739604
0.0 5.0 0.0628268 -0.0
0.0 5.0 0.0659603 -0.00739604
0.0 5.0 0.051693 -0.00739604
0.0 5.0 0.0511633 -0.0591782
0.0 5.0 0.052904 -0.0271254
0.0 5.0 0.0632527 -0.0
0.0 5.0 0.0496017 -0.00986467
0.0 5.0 0.0748661 -0.00739604
0.0 5.0 0.0518232 -0.00739604
0.0 5.0 0.0671 -0.00739604
0.0 5.0 0.064057 -0.0
0.0 5.0 0.0541624 -0.0271254
0.0 5.0 0.046643 -0.0
0.0 5.0 0.0499957 -0.0665644
0.0 5.0 0.0494783 -0.0197195
0.0 5.0 0.0552432 -0.00739604
0.0 5.0 0.0493264 -0.0197195
0.0 5.0 0.049932 -0.0
0.0 5.0 0.0537445 -0.00739604
0.0 5.0 0.0490269 -0.0
0.0 5.0 0.0637376 -0.0
0.0 5.0 0.0651617 -0.0295842
0.0 5.0 0.0730918 -0.00739604
0.0 5.0 0.0475694 -0.0
0.0 5.0 0.0462633 -0.00739604
0.0 5.0 0.0614222 -0.0197195
0.0 5.0 0.0542543 -0.0
0.0 5.0 0.0630299 -0.00739604
0.0 5.0 0.0630182 -0.0
0.0 5.0 0.0714558 -0.00739604
0.0 5.0 0.0520926 -0.0271254
0.0 5.0 0.0533849 -0.0271254
0.0 5.0 0.0656739 -0.0
0.0 5.0 0.0492767 -0.0271254
0.0 5.0 0.0740772 -0.00739604
0.0 5.0 0.0648948 -0.00739604
0.0 5.0 0.0539838 -0.00739604
0.0 5.0 0.0531402 -0.0
0.0 5.0 0.0719972 -0.00739604
0.0 5.0 0.0599577 -0.0
0.0 5.0 0.0534257 -0.00739604
0.0 5.0 0.0559235 -0.00739604
0.0 5.0 0.0496973 -0.0
0.0 5.0 0.0466178 -0.00986467
0.0 5.0 0.0606748 -0.0
0.0 6.0 0.0546374 -0.00986467
0.0 6.0 0.065393 -0.00739604
0.0 6.0 0.0640346 -0.0271254
0.0 6.0 0.0604754 -0.00739604
0.0 6.0 0.06498 -0.00739604
0.0 6.0 0.0637518 -0.0271254
0.0 6.0 0.0612704 -0.00739604
0.0 6.0 0.0665363 -0.00739604
0.0 6.0 0.0698894 -0.00739604
0.0 6.0 0.0604373 -0.0
0.0 6.0 0.0541425 -0.0
0.0 6.0 0.0601974 -0.106023
0.0 6.0 0.0548798 -0.0
0.0 6.0 0.056673 -0.0
0.0 6.0 0.0641686 -0.00739604
0.0 6.0 0.05981 -0.0
0.0 6.0 0.0597021 -0.0
0.0 6.0 0.0598102 -0.0
0.0 6.0 0.062774 -0.00739604
0.0 6.0 0.0598302 -0.0
0.0 6.0 0.064682 -0.00739604
0.0 6.0 0.064885 -0.00739604
0.0 6.0 0.0626959 -0.0
0.0 6.0 0.0601413 -0.0
0.0 6.0 0.0591351 -0.0
0.0 6.0 0.062083 -0.046835
0.0 6.0 0.0595634 -0.0
0.0 6.0 0.0637213 -0.00739604
0.0 6.0 0.0636315 -0.00739604
0.0 6.0 0.060901 -0.0271254
0.0 6.0 0.0613979 -0.00739604
0.0 6.0 0.0609749 -0.0
0.0 6.0 0.0553904 -0.00986467
0.0 6.0 0.065231 -0.00739604
0.0 6.0 0.0603174 -0.0
0.0 6.0 0.0623574 -0.0
0.0 6.0 0.0610975 -0.00739604
0.0 6.0 0.0625629 -0.0665841
0.0 6.0 0.0694871 -0.0295842
0.0 6.0 0.059343 -0.0
0.0 6.0 0.0604837 -0.00739604
0.0 6.0 0.0755635 -0.0
0.0 6.0 0.0595262 -0.00739604
0.0 6.0 0.0639224 -0.00739604
0.0 6.0 0.0534568 -0.0
0.0 6.0 0.0632974 -0.00739604
0.0 6.0 0.0641444 -0.00739604
0.0 6.0 0.0610049 -0.00986467
0.0 6.0 0.0656708 -0.00739604
0.0 6.0 0.0669586 -0.00739604
0.0 7.0 0.0582564 -0.00986467
0.0 7.0 0.059682 -0.0
0.0 7.0 0.0638118 -0.00986467
0.0 7.0 0.063064 -0.00739604
0.0 7.0 0.0559724 -0.0
0.0 7.0 0.0807955 -0.0
0.0 7.0 0.0573602 -0.00739604
0.0 7.0 0.055667 -0.00986467
0.0 7.0 0.0553839 -0.00986467
0.0 7.0 0.0689773 -0.0
0.0 7.0 0.0547123 -0.00986467
0.0 7.0 0.0596609 -0.00986467
0.0 7.0 0.0572093 -0.00739604
0.0 7.0 0.0577811 -0.00739604
0.0 7.0 0.0582633 -0.0
0.0 7.0 0.0567102 -0.0197195
0.0 7.0 0.0609896 -0.046835
0.0 7.0 0.0558202 -0.00739604
0.0 7.0 0.0814238 -0.0295842
0.0 7.0 0.0577483 -0.00739604
0.0 7.0 0.0583168 -0.0295842
0.0 7.0 0.0516121 -0.0
0.0 7.0 0.0569921 -0.00739604
0.0 7.0 0.0606356 -0.0197195
0.0 7.0 0.0572219 -0.0271254
0.0 7.0 0.0566621 -0.00739604
0.0 7.0 0.0733337 -0.0
0.0 7.0 0.0565276 -0.0
0.0 7.0 0.0605683 -0.0295842
0.0 7.0 0.0583674 -0.00739604
0.0 7.0 0.0565376 -0.078878
0.0 7.0 0.0575718 -0.0271254
0.0 7.0 0.0569651 -0.00739604
0.0 7.0 0.0553769 -0.00739604
0.0 7.0 0.0588889 -0.00739604
0.0 7.0 0.0541771 -0.00739604
0.0 7.0 0.0561148 -0.0
0.0 7.0 0.0611823 -0.0271254
0.0 7.0 0.0568313 -0.00739604
0.0 7.0 0.0584944 -0.00739604
0.0 7.0 0.0617129 -0.0197195
0.0 7.0 0.0723608 -0.0
0.0 7.0 0.0762861 -0.0665644
0.0 7.0 0.0540353 -0.00739604
0.0 7.0 0.0565149 -0.00739604
0.0 7.0 0.0595173 -0.046835
0.0 7.0 0.0559025 -0.00986467
0.0 7.0 0.0566555 -0.00739604
0.0 7.0 0.0746667 -0.00739604
0.0 7.0 0.0614566 -0.0
0.0 8.0 0.0551761 -0.00739604
0.0 8.0 0.0519963 -0.0
0.0 8.0 0.0543602 -0.00739604
0.0 8.0 0.0543602 -0.00739604
0.0 8.0 0.0543602 -0.00739604
0.0 8.0 0.0543602 -0.00739604
0.0 8.0 0.0543602 -0.00739604
0.0 8.0 0.0543602 -0.00739604
0.0 8.0 0.0543602 -0.00739604
0.0 8.0 0.0543602 -0.00739604
0.0 8.0 0.0543602 -0.00739604
0.0 8.0 0.0543602 -0.00739604
0.0 8.0 0.0543602 -0.00739604
0.0 8.0 0.0543602 -0.00739604
0.0 8.0 0.0543602 -0.00739604
0.0 8.0 0.0543602 -0.00739604
0.0 8.0 0.0543602 -0.00739604
0.0 8.0 0.0543602 -0.00739604
0.0 8.0 0.0543602 -0.00739604
0.0 8.0 0.0543602 -0.00739604
0.0 8.0 0.0543602 -0.00739604
0.0 8.0 0.0543602 -0.00739604
0.0 8.0 0.0543602 -0.00739604
0.0 8.0 0.0543602 -0.00739604
0.0 8.0 0.0543602 -0.00739604
0.0 8.0 0.0543602 -0.00739604
0.0 8.0 0.0543602 -0.00739604
0.0 8.0 0.0543602 -0.00739604
0.0 8.0 0.0543602 -0.00739604
0.0 8.0 0.0543602 -0.00739604
0.0 8.0 0.0543602 -0.00739604
0.0 8.0 0.0543602 -0.00739604
0.0 8.0 0.0543602 -0.00739604
0.0 8.0 0.0543602 -0.00739604
0.0 8.0 0.0543602 -0.00739604
0.0 8.0 0.0543602 -0.00739604
0.0 8.0 0.0543602 -0.00739604
0.0 8.0 0.0543602 -0.00739604
0.0 8.0 0.0543602 -0.00739604
0.0 8.0 0.0543602 -0.00739604
0.0 8.0 0.0543602 -0.00739604
0.0 8.0 0.0543602 -0.00739604
0.0 8.0 0.0543602 -0.00739604
0.0 8.0 0.0543602 -0.00739604
0.0 8.0 0.0543602 -0.00739604
0.0 8.0 0.0543602 -0.00739604
0.0 8.0 0.0543602 -0.00739604
0.0 8.0 0.0543602 -0.00739604
0.0 8.0 0.0543602 -0.00739604
0.0 8.0 0.0543602 -0.00739604
1.0 1.0 0.0798178 2.71828
1.0 1.0 0.0816931 2.71828
1.0 1.0 0.0795777 2.71828
1.0 1.0 0.0805182 2.71828
1.0 1.0 0.0832064 2.71828
1.0 1.0 0.0837 2.71828
1.0 1.0 0.0811039 2.71828
1.0 1.0 0.0838188 2.71828
1.0 1.0 0.0796318 2.71828
1.0 1.0 0.0795389 2.71828
1.0 1.0 0.0779298 2.71828
1.0 1.0 0.0791721 2.71828
1.0 1.0 0.0793577 2.71828
1.0 1.0 0.106186 2.71828
1.0 1.0 0.0779396 2.71828
1.0 1.0 0.0864433 2.71828
1.0 1.0 0.077011 2.71828
1.0 1.0 0.08021 2.71828
1.0 1.0 0.0847966 2.71828
1.0 1.0 0.0797468 2.71828
1.0 1.0 0.088116 2.71828
1.0 1.0 0.0827013 2.71828
1.0 1.0 0.084624 2.71828
1.0 1.0 0.0839211 2.71828
1.0 1.0 0.0831976 2.71828
1.0 1.0 0.0807209 2.71828
1.0 1.0 0.0841059 2.71828
1.0 1.0 0.0773802 2.71828
1.0 1.0 0.0812738 2.71828
1.0 1.0 0.0949053 2.71828
1.0 1.0 0.0843334 2.71828
1.0 1.0 0.0808518 2.71828
1.0 1.0 0.0839593 2.71828
1.0 1.0 0.0795216 2.71828
1.0 1.0 0.0838864 2.71828
1.0 1.0 0.0798449 2.71828
1.0 1.0 0.0843343 2.71828
1.0 1.0 0.0793128 2.71828
1.0 1.0 0.0802549 2.71828
1.0 1.0 0.083752 2.71828
1.0 1.0 0.0791848 2.71828
1.0 1.0 0.083989 2.71828
1.0 1.0 0.0836191 2.71828
1.0 1.0 0.0899145 2.71828
1.0 1.0 0.0828437 2.71828
1.0 1.0 0.0858299 2.71828
1.0 1.0 0.079379 2.71828
1.0 1.0 0.0813299 2.71828
1.0 1.0 0.0869253 2.71828
1.0 1.0 0.0798502 2.71828
1.0 2.0 0.0467375 2.71828
1.0 2.0 0.0478508 2.71828
1.0 2.0 0.0464374 2.71828
1.0 2.0 0.0461425 2.71828
1.0 2.0 0.0439879 2.71828
1.0 2.0 0.0434319 2.71828
1.0 2.0 0.0461957 2.71828
1.0 2.0 0.0431303 2.71828
1.0 2.0 0.0451808 2.71828
1.0 2.0 0.0459355 2.71828
1.0 2.0 0.0458186 2.71828
1.0 2.0 0.0437933 2.71828
1.0 2.0 0.0435737 2.71828
1.0 2.0 0.0461647 2.71828
1.0 2.0 0.047075 2.71828
1.0 2.0 0.0458152 2.71828
1.0 2.0 0.0518751 2.71828
1.0 2.0 0.0460209 2.71828
1.0 2.0 0.046853 2.71828
1.0 2.0 0.0454562 2.71828
1.0 2.0 0.0466083 2.71828
1.0 2.0 0.046476 2.71828
1.0 2.0 0.0463616 2.71828
1.0 2.0 0.0462473 2.71828
1.0 2.0 0.0467933 2.71828
1.0 2.0 0.0435618 2.71828
1.0 2.0 0.0468444 2.71828
1.0 2.0 0.0457183 2.71828
1.0 2.0 0.0463583 2.71828
1.0 2.0 0.057379 2.71828
1.0 2.0 0.0443123 2.71828
1.0 2.0 0.0474238 2.71828
1.0 2.0 0.0486195 2.71828
1.0 2.0 0.045523 2.71828
1.0 2.0 0.043845 2.71828
1.0 2.0 0.043149 2.71828
1.0 2.0 0.0434603 2.71828
1.0 2.0 0.0480481 2.71828
1.0 2.0 0.045798 2.71828
1.0 2.0 0.0462526 2.71828
1.0 2.0 0.0437054 2.71828
1.0 2.0 0.0460008 2.71828
1.0 2.0 0.0467517 2.71828
1.0 2.0 0.0509063 2.71828
1.0 2.0 0.0480269 2.71828
1.0 2.0 0.04766 2.71828
1.0 2.0 0.0460847 2.71828
1.0 2.0 0.0440885 2.71828
1.0 2.0 0.0455435 2.71828
1.0 2.0 0.0471844 2.71828
1.0 3.0 0.041579 2.71828
1.0 3.0 0.0387025 2.71828
1.0 3.0 0.0375942 2.71828
1.0 3.0 0.0373631 2.71828
1.0 3.0 0.0387143 2.71828
1.0 3.0 0.0592345 2.71828
1.0 3.0 0.0369581 2.71828
1.0 3.0 0.0374665 2.71828
1.0 3.0 0.038326 2.71828
1.0 3.0 0.0380809 2.71828
1.0 3.0 0.0372586 2.71828
1.0 3.0 0.0369827 2.71828
1.0 3.0 0.0372095 2.71828
1.0 3.0 0.0370543 2.71828
1.0 3.0 0.0370874 2.71828
1.0 3.0 0.0372763 2.71828
1.0 3.0 0.0377277 2.71828
1.0 3.0 0.0428506 2.71828
1.0 3.0 0.0383047 2.71828
1.0 3.0 0.0375426 2.71828
1.0 3.0 0.0378013 2.71828
1.0 3.0 0.0377613 2.71828
1.0 3.0 0.040188 2.71828
1.0 3.0 0.0387664 2.71828
1.0 3.0 0.0394321 2.71828
1.0 3.0 0.0397449 2.71828
1.0 3.0 0.0368257 2.71828
1.0 3.0 0.0374977 2.71828
1.0 3.0 0.0369221 2.71828
1.0 3.0 0.0379309 2.71828
1.0 3.0 0.03691 2.71828
1.0 3.0 0.0371835 2.71828
1.0 3.0 0.0368766 2.71828
1.0 3.0 0.0380274 2.71828
1.0 3.0 0.0373042 2.71828
1.0 3.0 0.0466305 2.71828
1.0 3.0 0.0370492 2.71828
1.0 3.0 0.0377097 2.71828
1.0 3.0 0.0376642 2.71828
1.0 3.0 0.0380495 2.71828
1.0 3.0 0.0367998 2.71828
1.0 3.0 0.0377596 2.71828
1.0 3.0 0.0379912 2.71828
1.0 3.0 0.0367978 2.71828
1.0 3.0 0.0368884 2.71828
1.0 3.0 0.0370703 2.71828
1.0 3.0 0.0369389 2.71828
1.0 3.0 0.0395275 2.71828
1.0 3.0 0.0371364 2.71828
1.0 3.0 0.0379176 2.71828
1.0 4.0 0.0292816 2.71828
1.0 4.0 0.0314778 2.71828
1.0 4.0 0.0297408 2.71828
1.0 4.0 0.0332547 2.71828
1.0 4.0 0.0297409 2.71828
1.0 4.0 0.0299623 2.71828
1.0 4.0 0.0294035 2.71828
1.0 4.0 0.0305511 2.71828
1.0 4.0 0.0293872 2.71828
1.0 4.0 0.0295764 2.71828
1.0 4.0 0.0298766 2.71828
1.0 4.0 0.0303148 2.71828
1.0 4.0 0.0316869 2.71828
1.0 4.0 0.0317953 2.71828
1.0 4.0 0.0297595 2.71828
1.0 4.0 0.0291625 2.71828
1.0 4.0 0.0295489 2.71828
1.0 4.0 0.0298293 2.71828
1.0 4.0 0.0310545 2.71828
1.0 4.0 0.0298127 2.71828
1.0 4.0 0.0293371 2.71828
1.0 4.0 0.0305164 2.71828
1.0 4.0 0.0297893 2.71828
1.0 4.0 0.0292109 2.71828
1.0 4.0 0.0298047 2.71828
1.0 4.0 0.0293489 2.71828
1.0 4.0 0.0294971 2.71828
1.0 4.0 0.029219 2.71828
1.0 4.0 0.0294035 2.71828
1.0 4.0 0.031099 2.71828
1.0 4.0 0.0298557 2.71828
1.0 4.0 0.0297682 2.71828
1.0 4.0 0.0296112 2.71828
1.0 4.0 0.0293789 2.71828
1.0 4.0 0.0299637 2.71828
1.0 4.0 0.0293272 2.71828
1.0 4.0 0.0292443 2.71828
1.0 4.0 0.0301753 2.71828
1.0 4.0 0.0308196 2.71828
1.0 4.0 0.0297893 2.71828
1.0 4.0 0.0323168 2.71828
1.0 4.0 0.0293428 2.71828
1.0 4.0 0.0470412 2.71828
1.0 4.0 0.0296197 2.71828
1.0 4.0 0.0293263 2.71828
1.0 4.0 0.0303337 2.71828
1.0 4.0 0.0295766 2.71828
1.0 4.0 0.0320405 2.71828
1.0 4.0 0.029436 2.71828
1.0 4.0 0.0352835 2.71828
1.0 5.0 0.0461982 2.71828
1.0 5.0 0.0505004 2.71828
1.0 5.0 0.0550623 2.71828
1.0 5.0 0.0596068 2.71828
1.0 5.0 0.0463273 2.71828
1.0 5.0 0.05426 2.71828
1.0 5.0 0.0491458 2.71828
1.0 5.0 0.0586498 2.71828
1.0 5.0 0.0472148 2.71828
1.0 5.0 0.0446558 2.71828
1.0 5.0 0.045412 2.71828
1.0 5.0 0.0525378 2.71828
1.0 5.0 0.051729 2.71828
1.0 5.0 0.0693796 2.71828
1.0 5.0 0.0648644 2.71828
1.0 5.0 0.066057 2.71828
1.0 5.0 0.0436564 2.71828
1.0 5.0 0.0597349 2.71828
1.0 5.0 0.0600463 2.71828
1.0 5.0 0.0660821 2.71828
1.0 5.0 0.0667416 2.71828
1.0 5.0 0.0471579 2.71828
1.0 5.0 0.0640085 2.71828
1.0 5.0 0.0490692 2.71828
1.0 5.0 0.0502487 2.71828
1.0 5.0 0.0572932 2.71828
1.0 5.0 0.064435 2.71828
1.0 5.0 0.0679048 2.71828
1.0 5.0 0.0553078 2.71828
1.0 5.0 0.0462171 2.71828
1.0 5.0 0.0649937 2.71828
1.0 5.0 0.0463339 2.71828
1.0 5.0 0.0641342 2.71828
1.0 5.0 0.0562919 2.71828
1.0 5.0 0.0712717 2.71828
1.0 5.0 0.0428385 2.71828
1.0 5.0 0.0484791 2.71828
1.0 5.0 0.0468122 2.71828
1.0 5.0 0.0640089 2.71828
1.0 5.0 0.0691622 2.71828
1.0 5.0 0.046031 2.71828
1.0 5.0 0.0460061 2.71828
1.0 5.0 0.0437272 2.71828
1.0 5.0 0.060777 2.71828
1.0 5.0 0.0501973 2.71828
1.0 5.0 0.0490667 2.71828
1.0 5.0 0.0465431 2.71828
1.0 5.0 0.0560216 2.71828
1.0 5.0 0.0682076 2.71828
1.0 5.0 0.0466109 2.71828
1.0 6.0 0.054872 2.71828
1.0 6.0 0.0525665 2.71828
1.0 6.0 0.0554217 2.71828
1.0 6.0 0.0615003 2.71828
1.0 6.0 0.0596472 2.71828
1.0 6.0 0.0627162 2.71828
1.0 6.0 0.063417 2.71828
1.0 6.0 0.074418 2.71828
1.0 6.0 0.0551313 2.71828
1.0 6.0 0.0601391 2.71828
1.0 6.0 0.0544428 2.71828
1.0 6.0 0.0553515 2.71828
1.0 6.0 0.0729982 2.71828
1.0 6.0 0.052765 2.71828
1.0 6.0 0.0576662 2.71828
1.0 6.0 0.0539298 2.71828
1.0 6.0 0.053803 2.71828
1.0 6.0 0.0573839 2.71828
1.0 6.0 0.0546301 2.71828
1.0 6.0 0.0599679 2.71828
1.0 6.0 0.0572745 2.71828
1.0 6.0 0.0555221 2.71828
1.0 6.0 0.0598624 2.71828
1.0 6.0 0.0545608 2.71828
1.0 6.0 0.0596124 2.71828
1.0 6.0 0.0620315 2.71828
1.0 6.0 0.0578508 2.71828
1.0 6.0 0.0560847 2.71828
1.0 6.0 0.0560185 2.71828
1.0 6.0 0.0555928 2.71828
1.0 6.0 0.0555161 2.71828
1.0 6.0 0.0592987 2.71828
1.0 6.0 0.0559964 2.71828
1.0 6.0 0.0606025 2.71828
1.0 6.0 0.0576466 2.71828
1.0 6.0 0.0603292 2.71828
1.0 6.0 0.0596372 2.71828
1.0 6.0 0.0577615 2.71828
1.0 6.0 0.0528357 2.71828
1.0 6.0 0.0567758 2.71828
1.0 6.0 0.0633199 2.71828
1.0 6.0 0.0563962 2.71828
1.0 6.0 0.0772147 2.71828
1.0 6.0 0.0583506 2.71828
1.0 6.0 0.0546824 2.71828
1.0 6.0 0.0583178 2.71828
1.0 6.0 0.0553546 2.71828
1.0 6.0 0.0560867 2.71828
1.0 6.0 0.060266 2.71828
1.0 6.0 0.0541326 2.71828
1.0 7.0 0.0554097 2.71828
1.0 7.0 0.0518715 2.71828
1.0 7.0 0.0515538 2.71828
1.0 7.0 0.0523969 2.71828
1.0 7.0 0.0557362 2.71828
1.0 7.0 0.0525904 2.71828
1.0 7.0 0.0695865 2.71828
1.0 7.0 0.0496605 2.71828
1.0 7.0 0.054446 2.71828
1.0 7.0 0.0521015 2.71828
1.0 7.0 0.0512417 2.71828
1.0 7.0 0.0507795 2.71828
1.0 7.0 0.051702 2.71828
1.0 7.0 0.0514561 2.71828
1.0 7.0 0.0531514 2.71828
1.0 7.0 0.0759216 2.71828
1.0 7.0 0.052312 2.71828
1.0 7.0 0.0509726 2.71828
1.0 7.0 0.050897 2.71828
1.0 7.0 0.0710559 2.71828
1.0 7.0 0.0500853 2.71828
1.0 7.0 0.0548961 2.71828
1.0 7.0 0.057565 2.71828
1.0 7.0 0.0528743 2.71828
1.0 7.0 0.0517247 2.71828
1.0 7.0 0.0553525 2.71828
1.0 7.0 0.0514448 2.71828
1.0 7.0 0.0525657 2.71828
1.0 7.0 0.0560432 2.71828
1.0 7.0 0.0712312 2.71828
1.0 7.0 0.06924 2.71828
1.0 7.0 0.0697114 2.71828
1.0 7.0 0.0686325 2.71828
1.0 7.0 0.0733516 2.71828
1.0 7.0 0.0726865 2.71828
1.0 7.0 0.0708149 2.71828
1.0 7.0 0.0699798 2.71828
1.0 7.0 0.0735259 2.71828
1.0 7.0 0.051895 2.71828
1.0 7.0 0.0527782 2.71828
1.0 7.0 0.0414189 2.71828
1.0 7.0 0.0574923 2.71828
1.0 7.0 0.0508897 2.71828
1.0 7.0 0.0548308 2.71828
1.0 7.0 0.0429097 2.71828
1.0 7.0 0.0530098 2.71828
1.0 7.0 0.0503749 2.71828
1.0 7.0 0.0540674 2.71828
1.0 7.0 0.0515723 2.71828
1.0 7.0 0.0559379 2.71828
1.0 7.0 0.0559379 2.71828
1.0 7.0 0.0559379 2.71828
1.0 7.0 0.0559379 2.71828
1.0 7.0 0.0559379 2.71828
1.0 7.0 0.0559379 2.71828
1.0 7.0 0.0559379 2.71828
1.0 7.0 0.0559379 2.71828
1.0 7.0 0.0559379 2.71828
1.0 7.0 0.0559379 2.71828
1.0 7.0 0.0559379 2.71828
1.0 7.0 0.0559379 2.71828
1.0 7.0 0.0559379 2.71828
1.0 7.0 0.0559379 2.71828
1.0 7.0 0.0559379 2.71828
1.0 7.0 0.0559379 2.71828
1.0 7.0 0.0559379 2.71828
1.0 7.0 0.0559379 2.71828
1.0 7.0 0.0559379 2.71828
1.0 7.0 0.0559379 2.71828
1.0 7.0 0.0559379 2.71828
1.0 7.0 0.0559379 2.71828
1.0 7.0 0.0559379 2.71828
1.0 7.0 0.0559379 2.71828
1.0 7.0 0.0559379 2.71828
1.0 7.0 0.0559379 2.71828
1.0 7.0 0.0559379 2.71828
1.0 7.0 0.0559379 2.71828
1.0 7.0 0.0559379 2.71828
1.0 7.0 0.0559379 2.71828
1.0 7.0 0.0559379 2.71828
1.0 7.0 0.0559379 2.71828
1.0 7.0 0.0559379 2.71828
1.0 7.0 0.0559379 2.71828
1.0 7.0 0.0559379 2.71828
1.0 7.0 0.0559379 2.71828
1.0 7.0 0.0559379 2.71828
1.0 7.0 0.0559379 2.71828
1.0 7.0 0.0559379 2.71828
1.0 7.0 0.0559379 2.71828
1.0 7.0 0.0559379 2.71828
1.0 7.0 0.0559379 2.71828
1.0 7.0 0.0559379 2.71828
1.0 7.0 0.0559379 2.71828
1.0 7.0 0.0559379 2.71828
1.0 7.0 0.0559379 2.71828
1.0 7.0 0.0559379 2.71828
1.0 7.0 0.0559379 2.71828
1.0 7.0 0.0559379 2.71828
1.0 7.0 0.0559379 2.71828
1.0 7.0 0.0559379 2.71828
2.0 1.0 0.620176 -0.0
2.0 1.0 0.35978 -0.0
2.0 1.0 0.853427 -4.33559e-32
2.0 1.0 0.890781 -4.33559e-32
2.0 1.0 0.841124 -8.43827e-33
2.0 1.0 0.842702 -2.03723e-31
2.0 1.0 0.671748 -0.0
2.0 1.0 0.825908 -8.43827e-33
2.0 1.0 0.830508 -8.43827e-33
2.0 1.0 0.867194 -8.43827e-33
2.0 1.0 0.29194 -0.0
2.0 1.0 0.866661 -8.43827e-33
2.0 1.0 0.293948 -0.0
2.0 1.0 0.873722 -8.43827e-33
2.0 1.0 0.838941 -8.43827e-33
2.0 1.0 0.835133 -8.43827e-33
2.0 1.0 0.821262 -8.43827e-33
2.0 1.0 0.813486 -8.43827e-33
2.0 1.0 0.856222 -2.01644e-31
2.0 1.0 0.608688 -0.0
2.0 1.0 0.851056 -8.43827e-33
2.0 1.0 0.836477 -8.43827e-33
2.0 1.0 0.883489 -8.43827e-33
2.0 1.0 0.826743 -2.01644e-31
2.0 1.0 0.823572 -4.33559e-32
2.0 1.0 0.891104 -8.43827e-33
2.0 1.0 0.612108 -0.0
2.0 1.0 0.283241 -0.0
2.0 1.0 0.809965 -2.01644e-31
2.0 1.0 0.827259 -8.43827e-33
2.0 1.0 0.829587 -8.43827e-33
2.0 1.0 0.85512 -8.43827e-33
2.0 1.0 0.88796 -8.43827e-33
2.0 1.0 0.648814 -0.0
2.0 1.0 0.739567 -0.0
2.0 1.0 0.617164 -0.0
2.0 1.0 0.618819 -0.0
2.0 1.0 0.833161 -5.02058e-32
2.0 1.0 0.86397 -8.43827e-33
2.0 1.0 0.857498 -5.02058e-32
2.0 1.0 0.653381 -0.0
2.0 1.0 0.85334 -2.03723e-31
2.0 1.0 0.866738 -8.43827e-33
2.0 1.0 0.881592 -2.01644e-31
2.0 1.0 0.840287 -8.43827e-33
2.0 1.0 1.00469 -8.43827e-33
2.0 1.0 0.624008 -0.0
2.0 1.0 0.838656 -8.43827e-33
2.0 1.0 0.815609 -4.33559e-32
2.0 1.0 0.634785 -0.0
2.0 2.0 0.440381 -5.02058e-32
2.0 2.0 0.436571 -0.0
2.0 2.0 0.435168 -0.0
2.0 2.0 0.438588 -8.43827e-33
2.0 2.0 0.415371 -2.03723e-31
2.0 2.0 0.438038 -2.03723e-31
2.0 2.0 0.415735 -0.0
2.0 2.0 0.407591 -7.10571e-31
2.0 2.0 0.437423 -4.33559e-32
2.0 2.0 0.457375 -8.43827e-33
2.0 2.0 0.438599 -6.77826e-31
2.0 2.0 0.437042 -8.43827e-33
2.0 2.0 0.311654 -0.0
2.0 2.0 0.414963 -5.02058e-32
2.0 2.0 0.419002 -8.43827e-33
2.0 2.0 0.435179 -8.43827e-33
2.0 2.0 0.4418 -8.43827e-33
2.0 2.0 0.414287 -4.33559e-32
2.0 2.0 0.434424 -0.0
2.0 2.0 0.440009 -0.0
2.0 2.0 0.415674 -5.02058e-32
2.0 2.0 0.439409 -8.43827e-33
2.0 2.0 0.438757 -5.02058e-32
2.0 2.0 0.434883 -0.0
2.0 2.0 0.445377 -8.43827e-33
2.0 2.0 0.436225 -0.0
2.0 2.0 0.420969 -0.0
2.0 2.0 0.435399 -8.43827e-33
2.0 2.0 0.420685 -5.02058e-32
2.0 2.0 0.439872 -5.02058e-32
2.0 2.0 0.441701 -8.43827e-33
2.0 2.0 0.31219 -0.0
2.0 2.0 0.407285 -0.0
2.0 2.0 0.441634 -8.43827e-33
2.0 2.0 0.438489 -0.0
2.0 2.0 0.402849 -0.0
2.0 2.0 0.441951 -8.43827e-33
2.0 2.0 0.442228 -5.02058e-32
2.0 2.0 0.423498 -0.0
2.0 2.0 0.435408 -8.43827e-33
2.0 2.0 0.407458 -8.43827e-33
2.0 2.0 0.332553 -0.0
2.0 2.0 0.40149 -4.33559e-32
2.0 2.0 0.42178 -8.43827e-33
2.0 2.0 0.436929 -2.03723e-31
2.0 2.0 0.341625 -0.0
2.0 2.0 0.432416 -0.0
2.0 2.0 0.307955 -0.0
2.0 2.0 0.43838 -4.33559e-32
2.0 2.0 0.443286 -5.02058e-32
2.0 3.0 0.298764 -8.43827e-33
2.0 3.0 0.306916 -2.01644e-31
2.0 3.0 0.303262 -8.43827e-33
2.0 3.0 0.305107 -5.02058e-32
2.0 3.0 0.292575 -0.0
2.0 3.0 0.292896 -0.0
2.0 3.0 0.300094 -6.77826e-31
2.0 3.0 0.292369 -0.0
2.0 3.0 0.288006 -0.0
2.0 3.0 0.290718 -0.0
2.0 3.0 0.296374 -2.01644e-31
2.0 3.0 0.229748 -0.0
2.0 3.0 0.300926 -8.43827e-33
2.0 3.0 0.301765 -8.43827e-33
2.0 3.0 0.2963 -4.33559e-32
2.0 3.0 0.30323 -8.43827e-33
2.0 3.0 0.303609 -8.43827e-33
2.0 3.0 0.342359 -8.43827e-33
2.0 3.0 0.292312 -7.10571e-31
2.0 3.0 0.301282 -4.33559e-32
2.0 3.0 0.306195 -5.02058e-32
2.0 3.0 0.302335 -8.43827e-33
2.0 3.0 0.304976 -5.02058e-32
2.0 3.0 0.302214 -8.43827e-33
2.0 3.0 0.308373 -8.43827e-33
2.0 3.0 0.304284 -5.02058e-32
2.0 3.0 0.303428 -8.43827e-33
2.0 3.0 0.30022 -4.33559e-32
2.0 3.0 0.302619 -8.43827e-33
2.0 3.0 0.325219 -8.43827e-33
2.0 3.0 0.227945 -0.0
2.0 3.0 0.294761 -0.0
2.0 3.0 0.304416 -8.43827e-33
2.0 3.0 0.296569 -2.01644e-31
2.0 3.0 0.302674 -5.02058e-32
2.0 3.0 0.302408 -8.43827e-33
2.0 3.0 0.301243 -8.43827e-33
2.0 3.0 0.304564 -8.43827e-33
2.0 3.0 0.301369 -8.43827e-33
2.0 3.0 0.311047 -8.43827e-33
2.0 3.0 0.308155 -5.02058e-32
2.0 3.0 0.295514 -0.0
2.0 3.0 0.302554 -8.43827e-33
2.0 3.0 0.298197 -2.03723e-31
2.0 3.0 0.304803 -5.02058e-32
2.0 3.0 0.304002 -8.43827e-33
2.0 3.0 0.305236 -5.02058e-32
2.0 3.0 0.300454 -8.43827e-33
2.0 3.0 0.300499 -8.43827e-33
2.0 3.0 0.303966 -5.02058e-32
2.0 4.0 0.223794 -8.43827e-33
2.0 4.0 0.224714 -8.43827e-33
2.0 4.0 0.225452 -4.33559e-32
2.0 4.0 0.225361 -0.0
2.0 4.0 0.222838 -0.0
2.0 4.0 0.225721 -8.43827e-33
2.0 4.0 0.224113 -0.0
2.0 4.0 0.224029 -8.43827e-33
2.0 4.0 0.22509 -8.43827e-33
2.0 4.0 0.22569 -2.01644e-31
2.0 4.0 0.225472 -0.0
2.0 4.0 0.226097 -2.03723e-31
2.0 4.0 0.224085 -0.0
2.0 4.0 0.225895 -5.02058e-32
2.0 4.0 0.221472 -2.01644e-31
2.0 4.0 0.22365 -2.01644e-31
2.0 4.0 0.226853 -0.0
2.0 4.0 0.225724 -4.33559e-32
2.0 4.0 0.253776 -0.0
2.0 4.0 0.224184 -5.02058e-32
2.0 4.0 0.224564 -0.0
2.0 4.0 0.227612 -5.02058e-32
2.0 4.0 0.224536 -8.43827e-33
2.0 4.0 0.227865 -8.43827e-33
2.0 4.0 0.227968 -8.43827e-33
2.0 4.0 0.210823 -7.10571e-31
2.0 4.0 0.224016 -5.02058e-32
2.0 4.0 0.227331 -4.33559e-32
2.0 4.0 0.22281 -0.0
2.0 4.0 0.221793 -4.33559e-32
2.0 4.0 0.223377 -8.43827e-33
2.0 4.0 0.225966 -4.33559e-32
2.0 4.0 0.224325 -0.0
2.0 4.0 0.224315 -0.0
2.0 4.0 0.237732 -5.02058e-32
2.0 4.0 0.222505 -0.0
2.0 4.0 0.225086 -8.43827e-33
2.0 4.0 0.226235 -8.43827e-33
2.0 4.0 0.222307 -0.0
2.0 4.0 0.222996 -0.0
2.0 4.0 0.224622 -8.43827e-33
2.0 4.0 0.223611 -8.43827e-33
2.0 4.0 0.224566 -8.43827e-33
2.0 4.0 0.224932 -8.43827e-33
2.0 4.0 0.269317 -0.0
2.0 4.0 0.225473 -8.43827e-33
2.0 4.0 0.2219 -0.0
2.0 4.0 0.22567 -8.43827e-33
2.0 4.0 0.224541 -4.33559e-32
2.0 4.0 0.224188 -8.43827e-33
2.0 5.0 0.191676 -8.43827e-33
2.0 5.0 0.167714 -8.43827e-33
2.0 5.0 0.255304 -2.01644e-31
2.0 5.0 0.171761 -5.02058e-32
2.0 5.0 0.182202 -8.43827e-33
2.0 5.0 0.232656 -0.0
2.0 5.0 0.205966 -8.43827e-33
2.0 5.0 0.257029 -0.0
2.0 5.0 0.254201 -0.0
2.0 5.0 0.177522 -0.0
2.0 5.0 0.173279 -5.02058e-32
2.0 5.0 0.180419 -0.0
2.0 5.0 0.203806 -2.03723e-31
2.0 5.0 0.178874 -8.43827e-33
2.0 5.0 0.262401 -5.02058e-32
2.0 5.0 0.170287 -8.43827e-33
2.0 5.0 0.174575 -5.02058e-32
2.0 5.0 0.169288 -0.0
2.0 5.0 0.234041 -7.10571e-31
2.0 5.0 0.182191 -8.43827e-33
2.0 5.0 0.175404 -8.43827e-33
2.0 5.0 0.181297 -8.43827e-33
2.0 5.0 0.188044 -2.03723e-31
2.0 5.0 0.169126 -8.43827e-33
2.0 5.0 0.180252 -8.43827e-33
2.0 5.0 0.169179 -2.01644e-31
2.0 5.0 0.171854 -1.00236e-31
2.0 5.0 0.193042 -0.0
2.0 5.0 0.213603 -8.43827e-33
2.0 5.0 0.232959 -8.43827e-33
2.0 5.0 0.165474 -0.0
2.0 5.0 0.198192 -0.0
2.0 5.0 0.209162 -8.43827e-33
2.0 5.0 0.175959 -4.33559e-32
2.0 5.0 0.235176 -0.0
2.0 5.0 0.157327 -0.0
2.0 5.0 0.239581 -8.43827e-33
2.0 5.0 0.167501 -8.43827e-33
2.0 5.0 0.167358 -2.01644e-31
2.0 5.0 0.176012 -8.43827e-33
2.0 5.0 0.241344 -4.33559e-32
2.0 5.0 0.239972 -8.43827e-33
2.0 5.0 0.235606 -0.0
2.0 5.0 0.249883 -0.0
2.0 5.0 0.252768 -4.33559e-32
2.0 5.0 0.257197 -4.33559e-32
2.0 5.0 0.249307 -8.43827e-33
2.0 5.0 0.25597 -8.43827e-33
2.0 5.0 0.251181 -8.43827e-33
2.0 5.0 0.264037 -2.01644e-31
2.0 6.0 0.252277 -5.02058e-32
2.0 6.0 0.231395 -8.43827e-33
2.0 6.0 0.252916 -5.02058e-32
2.0 6.0 0.236404 -5.02058e-32
2.0 6.0 0.19719 -0.0
2.0 6.0 0.194072 -0.0
2.0 6.0 0.21218 -0.0
2.0 6.0 0.234634 -4.33559e-32
2.0 6.0 0.251442 -4.33559e-32
2.0 6.0 0.192083 -0.0
2.0 6.0 0.23424 -8.43827e-33
2.0 6.0 0.234407 -5.02058e-32
2.0 6.0 0.24071 -2.03723e-31
2.0 6.0 0.23276 -8.43827e-33
2.0 6.0 0.258006 -6.77826e-31
2.0 6.0 0.196419 -0.0
2.0 6.0 0.200643 -0.0
2.0 6.0 0.192708 -0.0
2.0 6.0 0.229892 -2.21611e-32
2.0 6.0 0.252779 -5.02058e-32
2.0 6.0 0.233534 -5.02058e-32
2.0 6.0 0.238567 -8.43827e-33
2.0 6.0 0.234817 -5.02058e-32
2.0 6.0 0.201123 -0.0
2.0 6.0 0.235484 -5.02058e-32
2.0 6.0 0.231166 -4.33559e-32
2.0 6.0 0.231141 -8.43827e-33
2.0 6.0 0.238516 -5.02058e-32
2.0 6.0 0.238002 -5.02058e-32
2.0 6.0 0.234843 -5.02058e-32
2.0 6.0 0.252451 -2.03723e-31
2.0 6.0 0.234444 -8.43827e-33
2.0 6.0 0.232022 -8.43827e-33
2.0 6.0 0.251784 -5.02058e-32
2.0 6.0 0.23803 -8.43827e-33
2.0 6.0 0.230868 -8.43827e-33
2.0 6.0 0.249578 -8.43827e-33
2.0 6.0 0.201418 -0.0
2.0 6.0 0.235843 -8.43827e-33
2.0 6.0 0.252182 -8.43827e-33
2.0 6.0 0.200359 -0.0
2.0 6.0 0.201309 -0.0
2.0 6.0 0.199082 -0.0
2.0 6.0 0.250788 -8.43827e-33
2.0 6.0 0.236137 -5.02058e-32
2.0 6.0 0.199316 -0.0
2.0 6.0 0.245943 -5.02058e-32
2.0 6.0 0.238088 -5.02058e-32
2.0 6.0 0.241301 -8.43827e-33
2.0 6.0 0.251444 -5.02058e-32
2.0 7.0 0.196547 -4.33559e-32
2.0 7.0 0.190592 -0.0
2.0 7.0 0.218076 -5.02058e-32
2.0 7.0 0.183202 -0.0
2.0 7.0 0.180939 -0.0
2.0 7.0 0.192672 -8.43827e-33
2.0 7.0 0.218931 -8.43827e-33
2.0 7.0 0.136734 -0.0
2.0 7.0 0.196 -8.43827e-33
2.0 7.0 0.195624 -5.02058e-32
2.0 7.0 0.185381 -0.0
2.0 7.0 0.19527 -2.03723e-31
2.0 7.0 0.178809 -0.0
2.0 7.0 0.132566 -8.43827e-33
2.0 7.0 0.18783 -0.0
2.0 7.0 0.195169 -8.43827e-33
2.0 7.0 0.137975 -0.0
2.0 7.0 0.192605 -8.43827e-33
2.0 7.0 0.206733 -0.0
2.0 7.0 0.153968 -8.43827e-33
2.0 7.0 0.195021 -8.43827e-33
2.0 7.0 0.192249 -8.43827e-33
2.0 7.0 0.198703 -8.43827e-33
2.0 7.0 0.20419 -2.03723e-31
2.0 7.0 0.194194 -8.43827e-33
2.0 7.0 0.127041 -0.0
2.0 7.0 0.199129 -5.02058e-32
2.0 7.0 0.204152 -5.02058e-32
2.0 7.0 0.177183 -0.0
2.0 7.0 0.132961 -2.01644e-31
2.0 7.0 0.193803 -4.33559e-32
2.0 7.0 0.196518 -5.02058e-32
2.0 7.0 0.180433 -0.0
2.0 7.0 0.134251 -4.33559e-32
2.0 7.0 0.197614 -8.43827e-33
2.0 7.0 0.176107 -0.0
2.0 7.0 0.131621 -8.43827e-33
2.0 7.0 0.183503 -0.0
2.0 7.0 0.122851 -0.0
2.0 7.0 0.218881 -8.43827e-33
2.0 7.0 0.156339 -8.43827e-33
2.0 7.0 0.19659 -2.03723e-31
2.0 7.0 0.222071 -5.02058e-32
2.0 7.0 0.112801 -0.0
2.0 7.0 0.178767 -0.0
2.0 7.0 0.19936 -8.43827e-33
2.0 7.0 0.180815 -0.0
2.0 7.0 0.220125 -8.43827e-33
2.0 7.0 0.179823 -0.0
2.0 7.0 0.197065 -8.43827e-33
2.0 7.0 0.197065 -8.43827e-33
2.0 7.0 0.197065 -8.43827e-33
2.0 7.0 0.197065 -8.43827e-33
2.0 7.0 0.197065 -8.43827e-33
2.0 7.0 0.197065 -8.43827e-33
2.0 7.0 0.197065 -8.43827e-33
2.0 7.0 0.197065 -8.43827e-33
2.0 7.0 0.197065 -8.43827e-33
2.0 7.0 0.197065 -8.43827e-33
2.0 7.0 0.197065 -8.43827e-33
2.0 7.0 0.197065 -8.43827e-33
2.0 7.0 0.197065 -8.43827e-33
2.0 7.0 0.197065 -8.43827e-33
2.0 7.0 0.197065 -8.43827e-33
2.0 7.0 0.197065 -8.43827e-33
2.0 7.0 0.197065 -8.43827e-33
2.0 7.0 0.197065 -8.43827e-33
2.0 7.0 0.197065 -8.43827e-33
2.0 7.0 0.197065 -8.43827e-33
2.0 7.0 0.197065 -8.43827e-33
2.0 7.0 0.197065 -8.43827e-33
2.0 7.0 0.197065 -8.43827e-33
2.0 7.0 0.197065 -8.43827e-33
2.0 7.0 0.197065 -8.43827e-33
2.0 7.0 0.197065 -8.43827e-33
2.0 7.0 0.197065 -8.43827e-33
2.0 7.0 0.197065 -8.43827e-33
2.0 7.0 0.197065 -8.43827e-33
2.0 7.0 0.197065 -8.43827e-33
2.0 7.0 0.197065 -8.43827e-33
2.0 7.0 0.197065 -8.43827e-33
2.0 7.0 0.197065 -8.43827e-33
2.0 7.0 0.197065 -8.43827e-33
2.0 7.0 0.197065 -8.43827e-33
2.0 7.0 0.197065 -8.43827e-33
2.0 7.0 0.197065 -8.43827e-33
2.0 7.0 0.197065 -8.43827e-33
2.0 7.0 0.197065 -8.43827e-33
2.0 7.0 0.197065 -8.43827e-33
2.0 7.0 0.197065 -8.43827e-33
2.0 7.0 0.197065 -8.43827e-33
2.0 7.0 0.197065 -8.43827e-33
2.0 7.0 0.197065 -8.43827e-33
2.0 7.0 0.197065 -8.43827e-33
2.0 7.0 0.197065 -8.43827e-33
2.0 7.0 0.197065 -8.43827e-33
2.0 7.0 0.197065 -8.43827e-33
2.0 7.0 0.197065 -8.43827e-33
2.0 7.0 0.197065 -8.43827e-33
2.0 7.0 0.197065 -8.43827e-33
3.0 1.0 0.0669877 -0.0
3.0 1.0 0.0686691 -0.0
3.0 1.0 0.0687916 -0.0
3.0 1.0 0.0860379 -0.0
3.0 1.0 0.0697048 -0.0
3.0 1.0 0.0711232 -0.0
3.0 1.0 0.0703665 -0.0
3.0 1.0 0.0644406 -0.0
3.0 1.0 0.0728018 -0.0
3.0 1.0 0.071108 -0.0
3.0 1.0 0.0666561 -0.0
3.0 1.0 0.0753138 -0.0
3.0 1.0 0.0772043 -0.0
3.0 1.0 0.0689824 -0.0
3.0 1.0 0.083673 -0.0
3.0 1.0 0.070417 -0.0
3.0 1.0 0.0759202 -0.0
3.0 1.0 0.0662417 -0.0
3.0 1.0 0.0702843 -0.0
3.0 1.0 0.0696877 -0.0
3.0 1.0 0.0787055 -0.0
3.0 1.0 0.0630176 -0.0
3.0 1.0 0.0729597 -0.0
3.0 1.0 0.0685084 -0.0
3.0 1.0 0.0736274 -0.0
3.0 1.0 0.077501 -0.0
3.0 1.0 0.0637957 -0.0
3.0 1.0 0.082099 -0.0
3.0 1.0 0.0735796 -0.0
3.0 1.0 0.0642461 -0.0
3.0 1.0 0.0742723 -0.0
3.0 1.0 0.0732842 -0.0
3.0 1.0 0.069804 -0.0
3.0 1.0 0.0733674 -0.0
3.0 1.0 0.0717983 -0.0
3.0 1.0 0.0953707 -0.0
3.0 1.0 0.0741877 -0.0
3.0 1.0 0.07083 -0.0
3.0 1.0 0.0697924 -0.0
3.0 1.0 0.1027 -0.0
3.0 1.0 0.076008 -0.0
3.0 1.0 0.073795 -0.0
3.0 1.0 0.0613028 -0.0
3.0 1.0 0.0700746 -0.0
3.0 1.0 0.0727703 -0.0
3.0 1.0 0.0736304 -0.0
3.0 1.0 0.0688655 -0.0
3.0 1.0 0.081065 -0.0
3.0 1.0 0.0681674 -0.0
3.0 1.0 0.0775167 -0.0
3.0 2.0 0.0463485 -0.0
3.0 2.0 0.0504302 -0.994959
3.0 2.0 0.0424189 -0.0
3.0 2.0 0.0400809 -0.0
3.0 2.0 0.0413198 -0.0
3.0 2.0 0.0421337 -0.0
3.0 2.0 0.038847 -0.0
3.0 2.0 0.0404433 -0.0
3.0 2.0 0.0409341 -0.0
3.0 2.0 0.0393593 -0.0
3.0 2.0 0.0392174 -0.0
3.0 2.0 0.0411147 -0.0
3.0 2.0 0.0368459 -0.0
3.0 2.0 0.0408973 -0.0
3.0 2.0 0.040137 -0.0
3.0 2.0 0.0385711 -0.0
3.0 2.0 0.0409196 -0.0
3.0 2.0 0.04534 -0.0
3.0 2.0 0.0419288 -0.0
3.0 2.0 0.041357 -0.0
3.0 2.0 0.0397794 -0.0
3.0 2.0 0.0434061 -0.0
3.0 2.0 0.0408133 -0.0
3.0 2.0 0.0432179 -0.0
3.0 2.0 0.0411694 -0.0
3.0 2.0 0.0468102 -0.0
3.0 2.0 0.0418223 -0.0
3.0 2.0 0.0424299 -0.0
3.0 2.0 0.0427942 -0.0
3.0 2.0 0.0430327 -0.0
3.0 2.0 0.0412627 -0.0
3.0 2.0 0.0406468 -0.0
3.0 2.0 0.0390906 -0.0
3.0 2.0 0.0387117 -0.0
3.0 2.0 0.0378399 -0.0
3.0 2.0 0.0488531 -0.994959
3.0 2.0 0.0425291 -0.0
3.0 2.0 0.04612 -0.0
3.0 2.0 0.043217 -0.0
3.0 2.0 0.0421251 -0.0
3.0 2.0 0.0408146 -0.0
3.0 2.0 0.0419664 -0.0
3.0 2.0 0.0399896 -0.0
3.0 2.0 0.0429581 -0.0
3.0 2.0 0.0378176 -0.0
3.0 2.0 0.0460971 -0.0
3.0 2.0 0.0386778 -0.0
3.0 2.0 0.0402853 -0.0
3.0 2.0 0.0407478 -0.0
3.0 2.0 0.041854 -0.0
3.0 3.0 0.033841 -0.0
3.0 3.0 0.0420168 -0.994959
3.0 3.0 0.0371664 -0.0
3.0 3.0 0.0354692 -0.0
3.0 3.0 0.0335272 -0.0
3.0 3.0 0.0335924 -0.0
3.0 3.0 0.0339257 -0.0
3.0 3.0 0.036911 -0.0
3.0 3.0 0.0330624 -0.0
3.0 3.0 0.0337753 -0.0
3.0 3.0 0.0320507 -0.0
3.0 3.0 0.0414844 -0.994959
3.0 3.0 0.0357996 -0.0
3.0 3.0 0.0338023 -0.0
3.0 3.0 0.0328177 -0.0
3.0 3.0 0.0332742 -0.0
3.0 3.0 0.03417 -0.0
3.0 3.0 0.0335359 -0.0
3.0 3.0 0.0366152 -0.0
3.0 3.0 0.0353633 -0.0
3.0 3.0 0.0322071 -0.0
3.0 3.0 0.0333881 -0.0
3.0 3.0 0.0378701 -0.0
3.0 3.0 0.034994 -0.0
3.0 3.0 0.0334342 -0.0
3.0 3.0 0.0359112 -0.0
3.0 3.0 0.0412026 -0.994959
3.0 3.0 0.0403732 -0.994959
3.0 3.0 0.0331179 -0.0
3.0 3.0 0.0329523 -0.0
3.0 3.0 0.0344271 -0.0
3.0 3.0 0.034228 -0.0
3.0 3.0 0.0341889 -0.0
3.0 3.0 0.0324981 -0.0
3.0 3.0 0.035632 -0.0
3.0 3.0 0.0353405 -0.0
3.0 3.0 0.0400392 -0.0
3.0 3.0 0.0335823 -0.0
3.0 3.0 0.0330513 -0.0
3.0 3.0 0.0331338 -0.0
3.0 3.0 0.0365146 -0.0
3.0 3.0 0.0355169 -0.0
3.0 3.0 0.0356127 -0.0
3.0 3.0 0.0369668 -0.0
3.0 3.0 0.0327537 -0.0
3.0 3.0 0.0340493 -0.0
3.0 3.0 0.0385792 -0.0
3.0 3.0 0.0350847 -0.0
3.0 3.0 0.0325245 -0.0
3.0 3.0 0.0387668 -0.0
3.0 4.0 0.0269968 -0.0
3.0 4.0 0.0272917 -0.0
3.0 4.0 0.0276471 -0.0
3.0 4.0 0.0280424 -0.0
3.0 4.0 0.0293771 -0.0
3.0 4.0 0.0311335 -0.994959
3.0 4.0 0.0302718 -0.0
3.0 4.0 0.0287499 -0.0
3.0 4.0 0.02876 -0.0
3.0 4.0 0.030261 -0.0
3.0 4.0 0.0358522 -0.0
3.0 4.0 0.0257093 -0.0
3.0 4.0 0.0312229 -0.0
3.0 4.0 0.0327329 -0.0
3.0 4.0 0.0305622 -0.994959
3.0 4.0 0.0271407 -0.0
3.0 4.0 0.0364231 -0.0
3.0 4.0 0.0268756 -0.0
3.0 4.0 0.0311674 -0.994959
3.0 4.0 0.0307375 -0.0
3.0 4.0 0.0329775 -0.994959
3.0 4.0 0.0301 -0.0
3.0 4.0 0.0318256 -0.0
3.0 4.0 0.0276388 -0.0
3.0 4.0 0.0308906 -0.0
3.0 4.0 0.0324633 -0.994959
3.0 4.0 0.0285598 -0.0
3.0 4.0 0.0308436 -0.0
3.0 4.0 0.0338829 -0.0
3.0 4.0 0.0300536 -0.0
3.0 4.0 0.0289983 -0.0
3.0 4.0 0.0334792 -0.0
3.0 4.0 0.0279669 -0.0
3.0 4.0 0.0282239 -0.0
3.0 4.0 0.0280567 -0.0
3.0 4.0 0.0322994 -0.0
3.0 4.0 0.0284178 -0.0
3.0 4.0 0.0298567 -0.0
3.0 4.0 0.0304016 -0.0
3.0 4.0 0.031267 -0.0
3.0 4.0 0.0315504 -0.994959
3.0 4.0 0.0323881 -0.0
3.0 4.0 0.0286027 -0.0
3.0 4.0 0.0300111 -0.0
3.0 4.0 0.030576 -0.0
3.0 4.0 0.0326778 -0.0
3.0 4.0 0.028365 -0.0
3.0 4.0 0.0311261 -0.0
3.0 4.0 0.0280602 -0.0
3.0 4.0 0.030746 -0.0
3.0 5.0 0.0526186 -0.0
3.0 5.0 0.0587883 -0.0
3.0 5.0 0.0593193 -0.0
3.0 5.0 0.0538678 -0.0
3.0 5.0 0.0536994 -0.0
3.0 5.0 0.0524105 -0.0
3.0 5.0 0.0671251 -0.994959
3.0 5.0 0.0588352 -0.994959
3.0 5.0 0.0549102 -0.0
3.0 5.0 0.0658635 -0.0
3.0 5.0 0.0576823 -0.994959
3.0 5.0 0.0552644 -0.0
3.0 5.0 0.0555612 -0.0
3.0 5.0 0.0524687 -0.0
3.0 5.0 0.0539728 -0.0
3.0 5.0 0.0560352 -0.0
3.0 5.0 0.0590967 -0.994959
3.0 5.0 0.0536928 -0.0
3.0 5.0 0.0569997 -0.0
3.0 5.0 0.0568357 -0.994959
3.0 5.0 0.0532383 -0.994959
3.0 5.0 0.0664969 -0.0
3.0 5.0 0.0539991 -0.0
3.0 5.0 0.0518792 -0.0
3.0 5.0 0.0534783 -0.0
3.0 5.0 0.0514618 -0.0
3.0 5.0 0.0544217 -0.994959
3.0 5.0 0.0540006 -0.0
3.0 5.0 0.0560725 -0.994959
3.0 5.0 0.056298 -0.0
3.0 5.0 0.0557926 -0.0
3.0 5.0 0.0551258 -0.0
3.0 5.0 0.0548109 -0.0
3.0 5.0 0.0576328 -0.0
3.0 5.0 0.0523639 -0.0
3.0 5.0 0.052074 -0.0
3.0 5.0 0.0524655 -0.0
3.0 5.0 0.0623865 -0.994959
3.0 5.0 0.0572242 -0.994959
3.0 5.0 0.0531518 -0.0
3.0 5.0 0.0555441 -0.994959
3.0 5.0 0.0553939 -0.0
3.0 5.0 0.0548694 -0.0
3.0 5.0 0.0523465 -0.0
3.0 5.0 0.0533686 -0.0
3.0 5.0 0.0575633 -0.994959
3.0 5.0 0.0563836 -0.994959
3.0 5.0 0.0673678 -0.0
3.0 5.0 0.059043 -0.994959
3.0 5.0 0.060625 -0.0
3.0 6.0 0.053825 -0.0
3.0 6.0 0.0554021 -0.0
3.0 6.0 0.0528017 -0.0
3.0 6.0 0.0561101 -0.994959
3.0 6.0 0.0577754 -0.0
3.0 6.0 0.0590044 -0.0
3.0 6.0 0.0575523 -0.0
3.0 6.0 0.0588749 -0.0
3.0 6.0 0.0577933 -0.994959
3.0 6.0 0.0582398 -0.0
3.0 6.0 0.0530155 -0.0
3.0 6.0 0.0589592 -0.0
3.0 6.0 0.0615532 -0.0
3.0 6.0 0.0589454 -0.0
3.0 6.0 0.0566449 -0.994959
3.0 6.0 0.0558871 -0.994959
3.0 6.0 0.0633806 -0.994959
3.0 6.0 0.060436 -0.994959
3.0 6.0 0.0562713 -0.994959
3.0 6.0 0.0554928 -0.0
3.0 6.0 0.0546809 -0.0
3.0 6.0 0.0532267 -0.994959
3.0 6.0 0.0554559 -0.994959
3.0 6.0 0.0542188 -0.0
3.0 6.0 0.0575763 -0.994959
3.0 6.0 0.0557848 -0.0
3.0 6.0 0.0538707 -0.0
3.0 6.0 0.055256 -0.0
3.0 6.0 0.0571101 -0.0
3.0 6.0 0.0564675 -0.0
3.0 6.0 0.0554799 -0.994959
3.0 6.0 0.0587814 -0.994959
3.0 6.0 0.055807 -0.0
3.0 6.0 0.054795 -0.0
3.0 6.0 0.0532269 -0.0
3.0 6.0 0.0559307 -0.994959
3.0 6.0 0.0547609 -0.0
3.0 6.0 0.0529384 -0.0
3.0 6.0 0.0616734 -1.98992
3.0 6.0 0.053151 -0.0
3.0 6.0 0.0596465 -0.994959
3.0 6.0 0.0551725 -0.0
3.0 6.0 0.053752 -0.0
3.0 6.0 0.0533811 -0.994959
3.0 6.0 0.0508942 -0.0
3.0 6.0 0.0596428 -1.98992
3.0 6.0 0.0511944 -0.0
3.0 6.0 0.0561584 -0.0
3.0 6.0 0.0584617 -0.0
3.0 6.0 0.0531804 -0.0
3.0 7.0 0.0614056 -3.97983
3.0 7.0 0.0510141 -0.0
3.0 7.0 0.05913 -1.98992
3.0 7.0 0.0508221 -0.0
3.0 7.0 0.0518916 -0.0
3.0 7.0 0.0527272 -0.994959
3.0 7.0 0.0509499 -0.0
3.0 7.0 0.0506475 -0.0
3.0 7.0 0.0529757 -0.0
3.0 7.0 0.0539517 -0.994959
3.0 7.0 0.054973 -0.994959
3.0 7.0 0.0510081 -0.0
3.0 7.0 0.0533881 -0.0
3.0 7.0 0.0527167 -0.0
3.0 7.0 0.0528749 -0.0
3.0 7.0 0.0518239 -0.0
3.0 7.0 0.0525274 -0.0
3.0 7.0 0.0516277 -0.0
3.0 7.0 0.0539867 -0.994959
3.0 7.0 0.0522816 -0.0
3.0 7.0 0.0552343 -0.994959
3.0 7.0 0.049226 -0.0
3.0 7.0 0.0587874 -0.0
3.0 7.0 0.0515074 -0.0
3.0 7.0 0.053728 -0.994959
3.0 7.0 0.0533331 -0.0
3.0 7.0 0.0523026 -0.0
3.0 7.0 0.0617474 -1.98992
3.0 7.0 0.0430323 -0.994959
3.0 7.0 0.0522295 -0.0
3.0 7.0 0.0555878 -0.994959
3.0 7.0 0.0558698 -0.0
3.0 7.0 0.0685743 -0.0
3.0 7.0 0.0512012 -0.0
3.0 7.0 0.0684098 -0.0
3.0 7.0 0.0550293 -0.0
3.0 7.0 0.0540491 -0.0
3.0 7.0 0.0519523 -0.0
3.0 7.0 0.0526697 -0.0
3.0 7.0 0.0443931 -0.0
3.0 7.0 0.056999 -1.98992
3.0 7.0 0.0555761 -0.994959
3.0 7.0 0.0535061 -0.0
3.0 7.0 0.0411412 -0.994959
3.0 7.0 0.0533668 -0.994959
3.0 7.0 0.0510669 -0.994959
3.0 7.0 0.0501843 -0.0
3.0 7.0 0.0554733 -0.0
3.0 7.0 0.056375 -0.994959
3.0 7.0 0.0541895 -0.994959
3.0 7.0 0.0541895 -0.994959
3.0 7.0 0.0541895 -0.994959
3.0 7.0 0.0541895 -0.994959
3.0 7.0 0.0541895 -0.994959
3.0 7.0 0.0541895 -0.994959
3.0 7.0 0.0541895 -0.994959
3.0 7.0 0.0541895 -0.994959
3.0 7.0 0.0541895 -0.994959
3.0 7.0 0.0541895 -0.994959
3.0 7.0 0.0541895 -0.994959
3.0 7.0 0.0541895 -0.994959
3.0 7.0 0.0541895 -0.994959
3.0 7.0 0.0541895 -0.994959
3.0 7.0 0.0541895 -0.994959
3.0 7.0 0.0541895 -0.994959
3.0 7.0 0.0541895 -0.994959
3.0 7.0 0.0541895 -0.994959
3.0 7.0 0.0541895 -0.994959
3.0 7.0 0.0541895 -0.994959
3.0 7.0 0.0541895 -0.994959
3.0 7.0 0.0541895 -0.994959
3.0 7.0 0.0541895 -0.994959
3.0 7.0 0.0541895 -0.994959
3.0 7.0 0.0541895 -0.994959
3.0 7.0 0.0541895 -0.994959
3.0 7.0 0.0541895 -0.994959
3.0 7.0 0.0541895 -0.994959
3.0 7.0 0.0541895 -0.994959
3.0 7.0 0.0541895 -0.994959
3.0 7.0 0.0541895 -0.994959
3.0 7.0 0.0541895 -0.994959
3.0 7.0 0.0541895 -0.994959
3.0 7.0 0.0541895 -0.994959
3.0 7.0 0.0541895 -0.994959
3.0 7.0 0.0541895 -0.994959
3.0 7.0 0.0541895 -0.994959
3.0 7.0 0.0541895 -0.994959
3.0 7.0 0.0541895 -0.994959
3.0 7.0 0.0541895 -0.994959
3.0 7.0 0.0541895 -0.994959
3.0 7.0 0.0541895 -0.994959
3.0 7.0 0.0541895 -0.994959
3.0 7.0 0.0541895 -0.994959
3.0 7.0 0.0541895 -0.994959
3.0 7.0 0.0541895 -0.994959
3.0 7.0 0.0541895 -0.994959
3.0 7.0 0.0541895 -0.994959
3.0 7.0 0.0541895 -0.994959
3.0 7.0 0.0541895 -0.994959
3.0 7.0 0.0541895 -0.994959
4.0 1.0 0.354328 99.9523
4.0 1.0 0.307374 99.9851
4.0 1.0 0.326533 99.9851
4.0 1.0 0.343659 99.9669
4.0 1.0 0.347464 99.9873
4.0 1.0 0.333686 99.9762
4.0 1.0 0.342406 99.9958
4.0 1.0 0.321771 99.9913
4.0 1.0 0.318616 99.9702
4.0 1.0 0.329483 99.9851
4.0 1.0 0.309051 99.9762
4.0 1.0 0.353771 99.9704
4.0 1.0 0.333606 99.9848
4.0 1.0 0.353711 99.9907
4.0 1.0 0.326131 99.9633
4.0 1.0 0.311921 99.9851
4.0 1.0 0.321563 99.9729
4.0 1.0 0.314206 99.9913
4.0 1.0 0.32307 99.9851
4.0 1.0 0.343766 99.9648
4.0 1.0 0.35583 99.986
4.0 1.0 0.297616 99.9851
4.0 1.0 0.335982 99.9986
4.0 1.0 0.328297 99.9762
4.0 1.0 0.32467 99.9851
4.0 1.0 0.324417 99.977
4.0 1.0 0.316753 99.9788
4.0 1.0 0.309588 99.998
4.0 1.0 0.3027 99.9828
4.0 1.0 0.347532 99.9848
4.0 1.0 0.312523 99.9778
4.0 1.0 0.360322 99.9516
4.0 1.0 0.329017 99.9922
4.0 1.0 0.314528 99.9988
4.0 1.0 0.359789 99.9851
4.0 1.0 0.283743 99.9665
4.0 1.0 0.348761 99.9911
4.0 1.0 0.340185 99.9851
4.0 1.0 0.31171 99.9991
4.0 1.0 0.32414 99.9985
4.0 1.0 0.31761 99.9633
4.0 1.0 0.286558 99.9633
4.0 1.0 0.325703 99.9851
4.0 1.0 0.324986 99.9752
4.0 1.0 0.313262 99.9899
4.0 1.0 0.324873 99.9889
4.0 1.0 0.341186 99.9851
4.0 1.0 0.343707 99.9596
4.0 1.0 0.355395 99.9515
4.0 1.0 0.315221 99.9996
4.0 2.0 0.176478 99.958
4.0 2.0 0.195855 99.9546
4.0 2.0 0.187194 99.9515
4.0 2.0 0.188029 99.924
4.0 2.0 0.177316 99.9555
4.0 2.0 0.182585 99.9635
4.0 2.0 0.189452 99.9238
4.0 2.0 0.179232 99.9316
4.0 2.0 0.177103 99.9752
4.0 2.0 0.196801 99.9428
4.0 2.0 0.18161 99.9993
4.0 2.0 0.169 99.9878
4.0 2.0 0.188896 99.9852
4.0 2.0 0.155784 99.9527
4.0 2.0 0.168798 99.9121
4.0 2.0 0.194019 99.9633
4.0 2.0 0.177101 99.977
4.0 2.0 0.177654 99.9626
4.0 2.0 0.165323 99.969
4.0 2.0 0.176233 99.9729
4.0 2.0 0.187299 99.9687
4.0 2.0 0.199965 99.9633
4.0 2.0 0.167702 99.9836
4.0 2.0 0.182887 99.9871
4.0 2.0 0.152791 99.9484
4.0 2.0 0.167576 99.9144
4.0 2.0 0.184965 99.9515
4.0 2.0 0.16866 99.9826
4.0 2.0 0.183176 99.9986
4.0 2.0 0.175909 99.9871
4.0 2.0 0.180465 99.9613
4.0 2.0 0.16689 99.9817
4.0 2.0 0.17519 99.9662
4.0 2.0 0.168749 99.9869
4.0 2.0 0.169384 99.9773
4.0 2.0 0.177091 99.9888
4.0 2.0 0.185207 99.9483
4.0 2.0 0.179409 99.9409
4.0 2.0 0.157805 99.9863
4.0 2.0 0.183151 99.9943
4.0 2.0 0.187315 99.9831
4.0 2.0 0.190236 99.9385
4.0 2.0 0.17708 99.991
4.0 2.0 0.172856 99.9779
4.0 2.0 0.171687 99.9995
4.0 2.0 0.199583 99.9515
4.0 2.0 0.172414 99.973
4.0 2.0 0.17338 99.9881
4.0 2.0 0.179585 99.9774
4.0 2.0 0.178055 99.9938
4.0 3.0 0.133364 99.9752
4.0 3.0 0.134009 99.9515
4.0 3.0 0.137068 99.9734
4.0 3.0 0.138458 99.9515
4.0 3.0 0.127932 99.9755
4.0 3.0 0.131611 99.9985
4.0 3.0 0.129482 99.9626
4.0 3.0 0.129479 99.8996
4.0 3.0 0.125845 99.9788
4.0 3.0 0.136495 99.9515
4.0 3.0 0.123945 99.9936
4.0 3.0 0.135718 99.9515
4.0 3.0 0.131631 99.9429
4.0 3.0 0.133257 99.9515
4.0 3.0 0.129971 99.9485
4.0 3.0 0.127926 99.9933
4.0 3.0 0.122361 99.9283
4.0 3.0 0.122613 99.997
4.0 3.0 0.122496 99.9752
4.0 3.0 0.124999 99.9546
4.0 3.0 0.130931 99.9929
4.0 3.0 0.125113 99.9515
4.0 3.0 0.123991 99.9908
4.0 3.0 0.133972 99.9767
4.0 3.0 0.123687 99.9871
4.0 3.0 0.129335 99.9438
4.0 3.0 0.132096 99.9975
4.0 3.0 0.138883 99.9515
4.0 3.0 0.12195 99.9297
4.0 3.0 0.129549 99.9794
4.0 3.0 0.131934 99.9833
4.0 3.0 0.119539 99.869
4.0 3.0 0.129837 99.8689
4.0 3.0 0.120445 99.9909
4.0 3.0 0.152413 99.9515
4.0 3.0 0.127054 99.9754
4.0 3.0 0.12426 99.9317
4.0 3.0 0.141627 99.9515
4.0 3.0 0.132573 99.9342
4.0 3.0 0.128076 99.9752
4.0 3.0 0.132327 99.9208
4.0 3.0 0.140247 99.973
4.0 3.0 0.129095 99.9857
4.0 3.0 0.123969 99.9892
4.0 3.0 0.131607 99.9336
4.0 3.0 0.132969 99.9635
4.0 3.0 0.130496 99.9762
4.0 3.0 0.1396 99.9722
4.0 3.0 0.128466 99.9827
4.0 3.0 0.128176 99.9546
4.0 4.0 0.105303 99.9762
4.0 4.0 0.10064 99.9515
4.0 4.0 0.0981246 99.9263
4.0 4.0 0.114137 99.9545
4.0 4.0 0.0992163 99.9669
4.0 4.0 0.10109 99.9752
4.0 4.0 0.100839 99.9899
4.0 4.0 0.100684 99.9978
4.0 4.0 0.103274 99.9053
4.0 4.0 0.103075 99.924
4.0 4.0 0.106922 99.9508
4.0 4.0 0.0990676 99.9938
4.0 4.0 0.101455 99.989
4.0 4.0 0.0991999 99.9644
4.0 4.0 0.103305 99.9946
4.0 4.0 0.101214 99.8952
4.0 4.0 0.098789 99.9681
4.0 4.0 0.102319 99.9407
4.0 4.0 0.102856 99.9352
4.0 4.0 0.10519 99.986
4.0 4.0 0.103871 99.9916
4.0 4.0 0.0918407 99.9548
4.0 4.0 0.104297 99.966
4.0 4.0 0.107454 99.8974
4.0 4.0 0.107238 99.9515
4.0 4.0 0.105984 99.997
4.0 4.0 0.101388 99.9546
4.0 4.0 0.102881 99.9752
4.0 4.0 0.102818 99.9752
4.0 4.0 0.10778 99.9977
4.0 4.0 0.09852 99.947
4.0 4.0 0.0986768 99.9048
4.0 4.0 0.105419 99.9953
4.0 4.0 0.10122 99.9952
4.0 4.0 0.105764 99.9515
4.0 4.0 0.104685 99.9875
4.0 4.0 0.103016 99.989
4.0 4.0 0.098805 99.9644
4.0 4.0 0.100763 99.9631
4.0 4.0 0.105471 99.985
4.0 4.0 0.104733 99.9973
4.0 4.0 0.10254 99.9639
4.0 4.0 0.100687 99.9813
4.0 4.0 0.112237 99.8347
4.0 4.0 0.106672 99.9242
4.0 4.0 0.103099 99.9931
4.0 4.0 0.104798 99.994
4.0 4.0 0.0983809 99.9943
4.0 4.0 0.105431 99.9779
4.0 4.0 0.0963276 99.9762
4.0 5.0 0.163344 99.943
4.0 5.0 0.156961 99.914
4.0 5.0 0.167731 99.9438
4.0 5.0 0.160444 99.9871
4.0 5.0 0.159531 99.9752
4.0 5.0 0.168038 99.9975
4.0 5.0 0.162655 99.9048
4.0 5.0 0.158285 99.8555
4.0 5.0 0.174799 99.8441
4.0 5.0 0.170524 99.9838
4.0 5.0 0.160069 99.9416
4.0 5.0 0.168364 99.9854
4.0 5.0 0.164008 99.9546
4.0 5.0 0.161441 99.9515
4.0 5.0 0.16448 99.9762
4.0 5.0 0.180149 99.9762
4.0 5.0 0.158431 99.9515
4.0 5.0 0.164142 99.9336
4.0 5.0 0.173881 99.9515
4.0 5.0 0.16602 99.8383
4.0 5.0 0.167514 99.8435
4.0 5.0 0.173519 99.9743
4.0 5.0 0.165422 99.98
4.0 5.0 0.16767 99.8899
4.0 5.0 0.161321 99.9757
4.0 5.0 0.186573 99.9752
4.0 5.0 0.165011 99.9826
4.0 5.0 0.163564 99.9398
4.0 5.0 0.184919 99.9846
4.0 5.0 0.173413 99.9546
4.0 5.0 0.168438 99.9851
4.0 5.0 0.163679 99.9752
4.0 5.0 0.174852 99.9861
4.0 5.0 0.162798 99.989
4.0 5.0 0.17689 99.9156
4.0 5.0 0.17091 99.9515
4.0 5.0 0.174748 99.9752
4.0 5.0 0.174818 99.9515
4.0 5.0 0.17554 99.9503
4.0 5.0 0.17039 99.9575
4.0 5.0 0.174516 99.9761
4.0 5.0 0.180768 99.9546
4.0 5.0 0.183902 99.88
4.0 5.0 0.170714 99.9793
4.0 5.0 0.176518 99.9763
4.0 5.0 0.174028 99.9762
4.0 5.0 0.188449 99.9762
4.0 5.0 0.166874 99.9856
4.0 5.0 0.172439 99.9826
4.0 5.0 0.18064 99.8945
4.0 6.0 0.158211 99.958
4.0 6.0 0.156585 99.9752
4.0 6.0 0.159093 99.9709
4.0 6.0 0.15199 99.9693
4.0 6.0 0.158573 99.9396
4.0 6.0 0.155087 99.9052
4.0 6.0 0.15045 99.9273
4.0 6.0 0.167836 99.9048
4.0 6.0 0.158172 99.9546
4.0 6.0 0.157363 99.9508
4.0 6.0 0.174746 99.901
4.0 6.0 0.156856 99.9869
4.0 6.0 0.156415 99.8777
4.0 6.0 0.158024 99.915
4.0 6.0 0.147897 99.9404
4.0 6.0 0.171829 99.9977
4.0 6.0 0.152179 99.9891
4.0 6.0 0.156478 99.9395
4.0 6.0 0.16169 99.9515
4.0 6.0 0.152023 99.8677
4.0 6.0 0.163126 99.956
4.0 6.0 0.165514 99.9446
4.0 6.0 0.170883 99.959
4.0 6.0 0.152669 99.941
4.0 6.0 0.153738 99.924
4.0 6.0 0.157562 99.8952
4.0 6.0 0.154285 99.9119
4.0 6.0 0.155309 99.9188
4.0 6.0 0.155737 99.9406
4.0 6.0 0.157853 99.896
4.0 6.0 0.152634 99.9507
4.0 6.0 0.169542 99.9874
4.0 6.0 0.154665 99.9589
4.0 6.0 0.172739 99.9745
4.0 6.0 0.162458 99.9173
4.0 6.0 0.157829 99.896
4.0 6.0 0.166968 99.9762
4.0 6.0 0.175446 99.9515
4.0 6.0 0.162926 99.9515
4.0 6.0 0.162805 99.9546
4.0 6.0 0.165779 99.9515
4.0 6.0 0.157674 99.8029
4.0 6.0 0.170848 99.9515
4.0 6.0 0.16774 99.9398
4.0 6.0 0.145567 99.8952
4.0 6.0 0.157188 99.9006
4.0 6.0 0.161685 99.9752
4.0 6.0 0.153928 99.9752
4.0 6.0 0.166499 99.9762
4.0 6.0 0.168427 99.9546
4.0 7.0 0.141238 99.9797
4.0 7.0 0.140952 99.9515
4.0 7.0 0.13741 99.8037
4.0 7.0 0.143102 99.9377
4.0 7.0 0.138426 99.9156
4.0 7.0 0.1416 99.9313
4.0 7.0 0.561471 99.9546
4.0 7.0 0.141186 99.9937
4.0 7.0 0.137405 99.9752
4.0 7.0 0.159177 99.9762
4.0 7.0 0.141219 99.9048
4.0 7.0 0.145071 99.9987
4.0 7.0 0.141855 99.9762
4.0 7.0 0.137309 99.9763
4.0 7.0 0.14364 99.9546
4.0 7.0 0.140272 99.9911
4.0 7.0 0.143934 99.9102
4.0 7.0 0.140463 99.9332
4.0 7.0 0.14381 99.9729
4.0 7.0 0.143279 99.9515
4.0 7.0 0.573008 99.9525
4.0 7.0 0.143601 99.9546
4.0 7.0 0.14074 99.9762
4.0 7.0 0.13865 99.9156
4.0 7.0 0.142787 99.9515
4.0 7.0 0.146993 99.9515
4.0 7.0 0.137936 99.9097
4.0 7.0 0.143727 99.9762
4.0 7.0 0.138056 99.9048
4.0 7.0 0.76536 99.8613
4.0 7.0 0.135335 99.9752
4.0 7.0 0.509201 99.9305
4.0 7.0 0.155103 99.9048
4.0 7.0 0.146784 99.9733
4.0 7.0 0.159094 99.9752
4.0 7.0 0.138797 99.9017
4.0 7.0 0.14619 99.9539
4.0 7.0 0.149056 99.8446
4.0 7.0 0.143564 99.9546
4.0 7.0 0.13993 99.9762
4.0 7.0 0.142942 99.9546
4.0 7.0 0.137638 99.9115
4.0 7.0 0.510667 99.986
4.0 7.0 0.142402 99.9762
4.0 7.0 0.139602 99.9167
4.0 7.0 0.139691 99.8724
4.0 7.0 0.138408 99.9706
4.0 7.0 0.141397 99.9214
4.0 7.0 0.153744 99.9156
4.0 7.0 0.143265 99.9926
4.0 7.0 0.143265 99.9926
4.0 7.0 0.143265 99.9926
4.0 7.0 0.143265 99.9926
4.0 7.0 0.143265 99.9926
4.0 7.0 0.143265 99.9926
4.0 7.0 0.143265 99.9926
4.0 7.0 0.143265 99.9926
4.0 7.0 0.143265 99.9926
4.0 7.0 0.143265 99.9926
4.0 7.0 0.143265 99.9926
4.0 7.0 0.143265 99.9926
4.0 7.0 0.143265 99.9926
4.0 7.0 0.143265 99.9926
4.0 7.0 0.143265 99.9926
4.0 7.0 0.143265 99.9926
4.0 7.0 0.143265 99.9926
4.0 7.0 0.143265 99.9926
4.0 7.0 0.143265 99.9926
4.0 7.0 0.143265 99.9926
4.0 7.0 0.143265 99.9926
4.0 7.0 0.143265 99.9926
4.0 7.0 0.143265 99.9926
4.0 7.0 0.143265 99.9926
4.0 7.0 0.143265 99.9926
4.0 7.0 0.143265 99.9926
4.0 7.0 0.143265 99.9926
4.0 7.0 0.143265 99.9926
4.0 7.0 0.143265 99.9926
4.0 7.0 0.143265 99.9926
4.0 7.0 0.143265 99.9926
4.0 7.0 0.143265 99.9926
4.0 7.0 0.143265 99.9926
4.0 7.0 0.143265 99.9926
4.0 7.0 0.143265 99.9926
4.0 7.0 0.143265 99.9926
4.0 7.0 0.143265 99.9926
4.0 7.0 0.143265 99.9926
4.0 7.0 0.143265 99.9926
4.0 7.0 0.143265 99.9926
4.0 7.0 0.143265 99.9926
4.0 7.0 0.143265 99.9926
4.0 7.0 0.143265 99.9926
4.0 7.0 0.143265 99.9926
4.0 7.0 0.143265 99.9926
4.0 7.0 0.143265 99.9926
4.0 7.0 0.143265 99.9926
4.0 7.0 0.143265 99.9926
4.0 7.0 0.143265 99.9926
4.0 7.0 0.143265 99.9926
4.0 7.0 0.143265 99.9926
5.0 1.0 55.1524 -20.9406
5.0 1.0 55.5729 -21.0462
5.0 1.0 55.5302 -20.9406
5.0 1.0 55.6137 -20.797
5.0 1.0 55.3576 -20.9406
5.0 1.0 55.9446 -20.797
5.0 1.0 55.2174 -20.9406
5.0 1.0 55.1572 -20.9406
5.0 1.0 55.2491 -20.9406
5.0 1.0 55.439 -20.9406
5.0 1.0 54.8515 -21.0462
5.0 1.0 55.0679 -21.0462
5.0 1.0 55.1147 -20.9406
5.0 1.0 57.3557 -20.9406
5.0 1.0 55.3048 -21.0462
5.0 1.0 55.2514 -20.9406
5.0 1.0 55.2522 -20.9406
5.0 1.0 55.107 -20.9406
5.0 1.0 55.4928 -21.0462
5.0 1.0 55.3724 -20.9406
5.0 1.0 55.2793 -20.9406
5.0 1.0 55.1785 -20.9406
5.0 1.0 55.0213 -20.9406
5.0 1.0 55.4221 -21.0462
5.0 1.0 55.4814 -20.9406
5.0 1.0 55.2782 -20.9406
5.0 1.0 54.9679 -20.9406
5.0 1.0 55.7958 -20.797
5.0 1.0 55.4429 -20.9406
5.0 1.0 55.0398 -20.9406
5.0 1.0 55.0643 -20.9406
5.0 1.0 55.5446 -20.9406
5.0 1.0 57.0246 -20.9406
5.0 1.0 55.541 -20.9406
5.0 1.0 55.0397 -20.9406
5.0 1.0 55.4844 -20.797
5.0 1.0 55.1081 -21.0462
5.0 1.0 55.5351 -21.0462
5.0 1.0 55.1395 -21.0462
5.0 1.0 55.125 -20.9406
5.0 1.0 55.1459 -20.9406
5.0 1.0 55.0478 -20.9406
5.0 1.0 55.4696 -20.797
5.0 1.0 59.189 -21.0462
5.0 1.0 55.4607 -21.0462
5.0 1.0 55.5837 -20.797
5.0 1.0 55.8927 -20.9406
5.0 1.0 55.4829 -20.9406
5.0 1.0 55.3396 -20.9406
5.0 1.0 55.1175 -21.0462
5.0 2.0 27.9057 -20.9406
5.0 2.0 27.8938 -20.9406
5.0 2.0 27.8769 -20.9406
5.0 2.0 27.5331 -21.0462
5.0 2.0 27.51 -21.0462
5.0 2.0 28.0842 -20.797
5.0 2.0 27.8783 -21.1628
5.0 2.0 27.9597 -20.9406
5.0 2.0 27.9409 -20.9406
5.0 2.0 27.5818 -21.0462
5.0 2.0 27.9169 -20.9406
5.0 2.0 27.837 -20.9406
5.0 2.0 27.5336 -21.0462
5.0 2.0 27.6195 -20.797
5.0 2.0 27.5269 -20.9406
5.0 2.0 27.8521 -21.0462
5.0 2.0 28.7238 -21.0462
5.0 2.0 28.0574 -20.797
5.0 2.0 27.6059 -20.9406
5.0 2.0 27.8721 -20.9406
5.0 2.0 27.8316 -20.9406
5.0 2.0 28.9093 -21.0462
5.0 2.0 27.5364 -21.0462
5.0 2.0 27.5288 -21.0462
5.0 2.0 27.9002 -20.9406
5.0 2.0 27.5799 -20.9406
5.0 2.0 27.937 -20.9406
5.0 2.0 28.0109 -21.1628
5.0 2.0 27.5181 -21.0462
5.0 2.0 27.9075 -20.9406
5.0 2.0 27.8955 -21.0462
5.0 2.0 27.5464 -20.9406
5.0 2.0 27.8561 -20.9406
5.0 2.0 27.7204 -20.9406
5.0 2.0 27.5805 -20.9406
5.0 2.0 29.7738 -20.797
5.0 2.0 28.0094 -20.797
5.0 2.0 27.5577 -20.9406
5.0 2.0 27.6833 -20.797
5.0 2.0 27.896 -20.797
5.0 2.0 27.8497 -20.9406
5.0 2.0 27.8951 -21.0462
5.0 2.0 27.9135 -21.0462
5.0 2.0 27.5476 -21.0462
5.0 2.0 27.8535 -21.0462
5.0 2.0 27.8606 -21.0462
5.0 2.0 27.5318 -21.0462
5.0 2.0 28.1345 -20.9406
5.0 2.0 28.0977 -20.797
5.0 2.0 27.6072 -21.0462
5.0 3.0 18.8904 -20.9406
5.0 3.0 19.1649 -20.797
5.0 3.0 19.0277 -20.8265
5.0 3.0 18.856 -20.9406
5.0 3.0 18.8754 -20.9406
5.0 3.0 18.8822 -21.0462
5.0 3.0 18.8489 -21.0462
5.0 3.0 18.8429 -20.9406
5.0 3.0 19.1834 -20.797
5.0 3.0 18.8643 -20.9406
5.0 3.0 18.9097 -21.0462
5.0 3.0 18.8716 -20.9406
5.0 3.0 18.8768 -21.0462
5.0 3.0 18.8676 -21.0462
5.0 3.0 19.128 -20.797
5.0 3.0 19.1279 -20.797
5.0 3.0 18.8925 -21.0462
5.0 3.0 18.8498 -20.9406
5.0 3.0 18.8528 -20.9406
5.0 3.0 18.8282 -20.9406
5.0 3.0 18.9966 -20.797
5.0 3.0 18.8438 -21.0462
5.0 3.0 20.7303 -21.0462
5.0 3.0 18.9028 -21.0462
5.0 3.0 18.849 -20.9406
5.0 3.0 19.181 -20.797
5.0 3.0 18.9243 -21.0462
5.0 3.0 18.9258 -21.0462
5.0 3.0 20.6935 -20.8103
5.0 3.0 18.9634 -20.7979
5.0 3.0 18.8369 -21.0462
5.0 3.0 18.8176 -20.9406
5.0 3.0 18.8424 -20.9406
5.0 3.0 18.9681 -20.9406
5.0 3.0 18.6913 -20.9406
5.0 3.0 18.8762 -21.0462
5.0 3.0 18.8257 -20.9406
5.0 3.0 18.8546 -21.0462
5.0 3.0 18.9414 -21.0462
5.0 3.0 18.7964 -20.9406
5.0 3.0 18.9932 -20.7972
5.0 3.0 18.8462 -20.9406
5.0 3.0 18.8897 -21.0462
5.0 3.0 18.862 -21.0462
5.0 3.0 18.8683 -20.9406
5.0 3.0 18.8849 -21.0462
5.0 3.0 18.8574 -20.9406
5.0 3.0 18.8847 -21.0462
5.0 3.0 18.9353 -21.0462
5.0 3.0 18.9207 -20.9406
5.0 4.0 13.975 -21.0462
5.0 4.0 13.9361 -21.0462
5.0 4.0 14.1288 -20.7972
5.0 4.0 14.0913 -20.9406
5.0 4.0 13.856 -20.9406
5.0 4.0 13.9698 -20.8265
5.0 4.0 13.8407 -21.1628
5.0 4.0 13.8367 -21.0462
5.0 4.0 13.8506 -21.1628
5.0 4.0 13.9505 -21.0462
5.0 4.0 13.8431 -20.9406
5.0 4.0 13.8566 -20.9406
5.0 4.0 13.9718 -20.7985
5.0 4.0 13.8548 -20.9406
5.0 4.0 13.8409 -21.0462
5.0 4.0 14.0103 -21.0462
5.0 4.0 14.0982 -20.9406
5.0 4.0 14.1028 -20.797
5.0 4.0 13.9756 -20.797
5.0 4.0 14.0391 -21.0462
5.0 4.0 14.0661 -20.797
5.0 4.0 14.0614 -21.0462
5.0 4.0 14.0802 -20.797
5.0 4.0 13.9875 -20.9406
5.0 4.0 13.86 -21.0462
5.0 4.0 14.0997 -20.797
5.0 4.0 14.0975 -20.797
5.0 4.0 13.8355 -21.0462
5.0 4.0 14.0877 -20.8013
5.0 4.0 13.8593 -20.9406
5.0 4.0 13.842 -20.9406
5.0 4.0 14.0793 -20.797
5.0 4.0 14.0603 -21.0462
5.0 4.0 13.8445 -21.0462
5.0 4.0 13.8309 -20.9406
5.0 4.0 14.0792 -20.7991
5.0 4.0 14.0727 -20.8023
5.0 4.0 14.1013 -20.9406
5.0 4.0 14.0321 -21.0462
5.0 4.0 13.8583 -20.9406
5.0 4.0 14.0519 -21.0462
5.0 4.0 14.0567 -20.9406
5.0 4.0 13.9778 -20.9406
5.0 4.0 13.8422 -21.0462
5.0 4.0 13.843 -20.9406
5.0 4.0 14.0902 -20.9406
5.0 4.0 14.0247 -20.797
5.0 4.0 13.8492 -20.9406
5.0 4.0 13.8602 -20.9406
5.0 4.0 14.0007 -20.9406
5.0 5.0 12.4653 -20.9406
5.0 5.0 12.3592 -20.8043
5.0 5.0 11.1437 -20.9406
5.0 5.0 12.1876 -20.9406
5.0 5.0 12.0914 -20.9406
5.0 5.0 12.258 -20.9406
5.0 5.0 12.4896 -20.9406
5.0 5.0 12.5866 -20.797
5.0 5.0 12.2562 -21.1628
5.0 5.0 11.1907 -20.9406
5.0 5.0 12.4451 -21.0462
5.0 5.0 12.5457 -21.0462
5.0 5.0 11.2332 -21.1628
5.0 5.0 11.1478 -21.0462
5.0 5.0 12.4004 -21.0462
5.0 5.0 11.1668 -20.9406
5.0 5.0 12.147 -20.9406
5.0 5.0 12.2113 -21.0462
5.0 5.0 11.2048 -21.0462
5.0 5.0 12.5947 -20.797
5.0 5.0 12.2029 -21.0462
5.0 5.0 12.0824 -21.0462
5.0 5.0 12.3219 -20.9406
5.0 5.0 12.4927 -21.0462
5.0 5.0 11.4153 -20.8265
5.0 5.0 11.2602 -21.0462
5.0 5.0 11.1422 -20.9406
5.0 5.0 11.1952 -21.0462
5.0 5.0 12.6128 -20.8043
5.0 5.0 12.4234 -20.9406
5.0 5.0 12.3244 -20.797
5.0 5.0 11.2583 -20.9406
5.0 5.0 12.1735 -21.0462
5.0 5.0 11.2854 -21.0462
5.0 5.0 11.151 -20.9406
5.0 5.0 12.5015 -20.7985
5.0 5.0 12.2508 -21.0462
5.0 5.0 11.2955 -21.0462
5.0 5.0 12.3002 -20.797
5.0 5.0 12.3412 -20.9406
5.0 5.0 11.1945 -20.8006
5.0 5.0 12.2008 -21.0462
5.0 5.0 12.3279 -20.797
5.0 5.0 11.2634 -20.9406
5.0 5.0 11.2344 -20.8265
5.0 5.0 12.314 -20.9406
5.0 5.0 11.2108 -20.9406
5.0 5.0 11.312 -20.9406
5.0 5.0 12.3316 -21.0462
5.0 5.0 12.4414 -20.9406
5.0 6.0 11.1463 -21.0462
5.0 6.0 12.3728 -20.9406
5.0 6.0 11.8192 -20.797
5.0 6.0 12.4058 -20.9406
5.0 6.0 12.0255 -20.797
5.0 6.0 11.9586 -20.8265
5.0 6.0 11.9165 -20.9406
5.0 6.0 11.956 -20.9406
5.0 6.0 11.1229 -21.0462
5.0 6.0 11.2054 -20.797
5.0 6.0 11.1605 -21.0462
5.0 6.0 11.7907 -21.0462
5.0 6.0 11.2589 -20.797
5.0 6.0 11.787 -20.9406
5.0 6.0 11.9578 -21.0462
5.0 6.0 12.0769 -20.9406
5.0 6.0 11.1509 -21.0462
5.0 6.0 11.1575 -20.8029
5.0 6.0 11.8968 -21.1628
5.0 6.0 11.995 -20.8267
5.0 6.0 11.9042 -20.8265
5.0 6.0 12.2555 -20.797
5.0 6.0 11.8584 -21.0462
5.0 6.0 12.0794 -20.8265
5.0 6.0 11.8373 -21.0462
5.0 6.0 11.0779 -21.0462
5.0 6.0 12.0208 -21.0462
5.0 6.0 12.0081 -21.0462
5.0 6.0 11.0891 -20.9406
5.0 6.0 12.0635 -21.0462
5.0 6.0 11.1644 -20.9406
5.0 6.0 11.1268 -21.0462
5.0 6.0 11.8957 -21.0462
5.0 6.0 11.2462 -21.0462
5.0 6.0 11.1419 -21.0462
5.0 6.0 11.1597 -21.0462
5.0 6.0 11.0452 -20.9406
5.0 6.0 12.2287 -20.797
5.0 6.0 11.1556 -20.9406
5.0 6.0 11.1313 -20.9406
5.0 6.0 11.3156 -21.0462
5.0 6.0 12.0548 -20.9406
5.0 6.0 11.9234 -20.797
5.0 6.0 11.7939 -20.9406
5.0 6.0 11.7884 -20.9406
5.0 6.0 11.8501 -20.9406
5.0 6.0 11.1102 -21.0462
5.0 6.0 11.8648 -21.0462
5.0 6.0 11.8398 -20.797
5.0 6.0 11.1594 -20.9406
5.0 7.0 9.08827 -21.0462
5.0 7.0 9.78105 -21.1628
5.0 7.0 8.90338 -21.1628
5.0 7.0 9.50734 -20.8261
5.0 7.0 10.0332 -21.0462
5.0 7.0 10.0407 -20.9406
5.0 7.0 9.9943 -21.0462
5.0 7.0 8.93141 -20.9406
5.0 7.0 9.98316 -21.1828
5.0 7.0 10.0161 -21.1628
5.0 7.0 8.94436 -21.0462
5.0 7.0 9.99316 -20.9406
5.0 7.0 9.08969 -21.1628
5.0 7.0 10.1373 -20.8236
5.0 7.0 10.0344 -21.0462
5.0 7.0 9.72078 -20.9406
5.0 7.0 9.1416 -21.0462
5.0 7.0 9.04701 -20.797
5.0 7.0 9.74899 -20.9406
5.0 7.0 8.92135 -21.0462
5.0 7.0 9.95166 -21.0462
5.0 7.0 9.74577 -20.9406
5.0 7.0 9.12478 -20.9406
5.0 7.0 9.77063 -21.0462
5.0 7.0 10.0401 -21.0462
5.0 7.0 9.81262 -21.1628
5.0 7.0 9.76461 -21.1828
5.0 7.0 8.9347 -21.0462
5.0 7.0 8.86262 -20.9406
5.0 7.0 8.91603 -21.1628
5.0 7.0 10.0313 -20.9406
5.0 7.0 8.9017 -21.0462
5.0 7.0 10.1255 -20.797
5.0 7.0 9.98078 -20.8062
5.0 7.0 9.81029 -20.9406
5.0 7.0 10.0199 -20.9406
5.0 7.0 10.0438 -21.0462
5.0 7.0 9.01223 -20.797
5.0 7.0 9.78173 -21.1828
5.0 7.0 10.0417 -20.9406
5.0 7.0 9.74864 -21.0462
5.0 7.0 10.0529 -21.0462
5.0 7.0 9.46143 -20.8013
5.0 7.0 8.87711 -21.1628
5.0 7.0 9.11808 -21.0462
5.0 7.0 9.98786 -20.9406
5.0 7.0 8.97938 -20.797
5.0 7.0 10.0447 -21.1828
5.0 7.0 10.1834 -20.8265
5.0 7.0 9.81694 -21.0462
5.0 7.0 9.81694 -21.0462
5.0 7.0 9.81694 -21.0462
5.0 7.0 9.81694 -21.0462
5.0 7.0 9.81694 -21.0462
5.0 7.0 9.81694 -21.0462
5.0 7.0 9.81694 -21.0462
5.0 7.0 9.81694 -21.0462
5.0 7.0 9.81694 -21.0462
5.0 7.0 9.81694 -21.0462
5.0 7.0 9.81694 -21.0462
5.0 7.0 9.81694 -21.0462
5.0 7.0 9.81694 -21.0462
5.0 7.0 9.81694 -21.0462
5.0 7.0 9.81694 -21.0462
5.0 7.0 9.81694 -21.0462
5.0 7.0 9.81694 -21.0462
5.0 7.0 9.81694 -21.0462
5.0 7.0 9.81694 -21.0462
5.0 7.0 9.81694 -21.0462
5.0 7.0 9.81694 -21.0462
5.0 7.0 9.81694 -21.0462
5.0 7.0 9.81694 -21.0462
5.0 7.0 9.81694 -21.0462
5.0 7.0 9.81694 -21.0462
5.0 7.0 9.81694 -21.0462
5.0 7.0 9.81694 -21.0462
5.0 7.0 9.81694 -21.0462
5.0 7.0 9.81694 -21.0462
5.0 7.0 9.81694 -21.0462
5.0 7.0 9.81694 -21.0462
5.0 7.0 9.81694 -21.0462
5.0 7.0 9.81694 -21.0462
5.0 7.0 9.81694 -21.0462
5.0 7.0 9.81694 -21.0462
5.0 7.0 9.81694 -21.0462
5.0 7.0 9.81694 -21.0462
5.0 7.0 9.81694 -21.0462
5.0 7.0 9.81694 -21.0462
5.0 7.0 9.81694 -21.0462
5.0 7.0 9.81694 -21.0462
5.0 7.0 9.81694 -21.0462
5.0 7.0 9.81694 -21.0462
5.0 7.0 9.81694 -21.0462
5.0 7.0 9.81694 -21.0462
5.0 7.0 9.81694 -21.0462
5.0 7.0 9.81694 -21.0462
5.0 7.0 9.81694 -21.0462
5.0 7.0 9.81694 -21.0462
5.0 7.0 9.81694 -21.0462
5.0 7.0 9.81694 -21.0462
