0.0 1.0 0.119645 -0.00739604
0.0 1.0 0.0634433 -0.0
0.0 1.0 0.063377 -0.0
0.0 1.0 0.0717242 -0.0
0.0 1.0 0.0669566 -0.0
0.0 1.0 0.0659951 -0.0
0.0 1.0 0.113506 -0.00739604
0.0 1.0 0.0647765 -0.0
0.0 1.0 0.0682703 -0.0
0.0 1.0 0.0748174 -0.0
0.0 1.0 0.0744489 -0.0
0.0 1.0 0.0891272 -0.0
0.0 1.0 0.0698299 -0.0
0.0 1.0 0.0701874 -0.0
0.0 1.0 0.0652568 -0.0
0.0 1.0 0.122541 -0.00739604
0.0 1.0 0.118613 -0.00739604
0.0 1.0 0.0711775 -0.0
0.0 1.0 0.0807692 -0.0
0.0 1.0 0.0598499 -0.0
0.0 1.0 0.0640222 -0.0
0.0 1.0 0.113279 -0.00739604
0.0 1.0 0.113827 -0.00739604
0.0 1.0 0.123224 -0.00739604
0.0 1.0 0.070963 -0.0
0.0 1.0 0.0957047 -0.00986467
0.0 1.0 0.0630921 -0.0
0.0 1.0 0.0700716 -0.0
0.0 1.0 0.0612857 -0.0
0.0 1.0 0.111897 -0.00739604
0.0 1.0 0.0735617 -0.0
0.0 1.0 0.0755582 -0.0
0.0 1.0 0.0831191 -0.0
0.0 1.0 0.0706976 -0.0
0.0 1.0 0.0843682 -0.0
0.0 1.0 0.0648125 -0.0
0.0 1.0 0.113746 -0.00739604
0.0 1.0 0.100999 -0.0
0.0 1.0 0.0715985 -0.0
0.0 1.0 0.115256 -0.00739604
0.0 1.0 0.0695975 -0.0
0.0 1.0 0.0646653 -0.0
0.0 1.0 0.117854 -0.00739604
0.0 1.0 0.119697 -0.00739604
0.0 1.0 0.0927089 -0.0
0.0 1.0 0.0730238 -0.0
0.0 1.0 0.113756 -0.00739604
0.0 1.0 0.0691811 -0.0
0.0 1.0 0.129451 -0.00739604
0.0 1.0 0.0761541 -0.0
0.0 2.0 0.0416408 -0.0
0.0 2.0 0.0635471 -0.0
0.0 2.0 0.0649668 -0.00739604
0.0 2.0 0.0644363 -0.00739604
0.0 2.0 0.0622462 -0.00739604
0.0 2.0 0.0613349 -0.00739604
0.0 2.0 0.0611178 -0.0
0.0 2.0 0.0625661 -0.00739604
0.0 2.0 0.0602232 -0.00739604
0.0 2.0 0.0634153 -0.0
0.0 2.0 0.0607251 -0.0
0.0 2.0 0.0636775 -0.00739604
0.0 2.0 0.0375377 -0.0
0.0 2.0 0.0449706 -0.0
0.0 2.0 0.0589354 -0.0
0.0 2.0 0.0420514 -0.0
0.0 2.0 0.0645189 -0.0
0.0 2.0 0.0634996 -0.00739604
0.0 2.0 0.0853464 -0.00739604
0.0 2.0 0.0595557 -0.00739604
0.0 2.0 0.0428853 -0.0
0.0 2.0 0.0650148 -0.0
0.0 2.0 0.0636176 -0.00739604
0.0 2.0 0.064163 -0.00739604
0.0 2.0 0.0637425 -0.0
0.0 2.0 0.0630601 -0.0
0.0 2.0 0.0647255 -0.00739604
0.0 2.0 0.0650269 -0.00739604
0.0 2.0 0.0434199 -0.0
0.0 2.0 0.0367493 -0.0
0.0 2.0 0.0472322 -0.00986467
0.0 2.0 0.063414 -0.0
0.0 2.0 0.041526 -0.0
0.0 2.0 0.0600428 -0.0
0.0 2.0 0.0646114 -0.00739604
0.0 2.0 0.0378076 -0.0
0.0 2.0 0.0629069 -0.00739604
0.0 2.0 0.0375386 -0.0
0.0 2.0 0.0521767 -0.00986467
0.0 2.0 0.0586109 -0.0
0.0 2.0 0.0616823 -0.00739604
0.0 2.0 0.0627133 -0.00739604
0.0 2.0 0.0734965 -0.00739604
0.0 2.0 0.0638454 -0.00739604
0.0 2.0 0.0430949 -0.0
0.0 2.0 0.0646336 -0.00739604
0.0 2.0 0.0626162 -0.0
0.0 2.0 0.0628315 -0.0
0.0 2.0 0.0606069 -0.0
0.0 2.0 0.047305 -0.00986467
0.0 3.0 0.0491288 -0.00739604
0.0 3.0 0.0486761 -0.00739604
0.0 3.0 0.049072 -0.00739604
0.0 3.0 0.0495027 -0.00739604
0.0 3.0 0.0435883 -0.0
0.0 3.0 0.0511768 -0.00739604
0.0 3.0 0.0497249 -0.00739604
0.0 3.0 0.0489721 -0.00739604
0.0 3.0 0.0462398 -0.0
0.0 3.0 0.0488812 -0.00739604
0.0 3.0 0.049198 -0.00739604
0.0 3.0 0.0466902 -0.0197195
0.0 3.0 0.0459083 -0.00986467
0.0 3.0 0.0486309 -0.00739604
0.0 3.0 0.0391704 -0.0
0.0 3.0 0.0492608 -0.00739604
0.0 3.0 0.0363893 -0.0
0.0 3.0 0.0494584 -0.0271254
0.0 3.0 0.0459735 -0.0
0.0 3.0 0.0455618 -0.0
0.0 3.0 0.0461 -0.0
0.0 3.0 0.0443076 -0.0
0.0 3.0 0.049854 -0.00739604
0.0 3.0 0.0610165 -0.0
0.0 3.0 0.0490777 -0.00739604
0.0 3.0 0.0492464 -0.00739604
0.0 3.0 0.0488949 -0.00739604
0.0 3.0 0.0487032 -0.00739604
0.0 3.0 0.0463718 -0.00986467
0.0 3.0 0.0465495 -0.0
0.0 3.0 0.046625 -0.0394587
0.0 3.0 0.0382509 -0.0
0.0 3.0 0.0402059 -0.0197195
0.0 3.0 0.0510276 -0.00739604
0.0 3.0 0.0498575 -0.00739604
0.0 3.0 0.0326859 -0.0
0.0 3.0 0.0457294 -0.0
0.0 3.0 0.0373204 -0.0
0.0 3.0 0.0432668 -0.00986467
0.0 3.0 0.0489342 -0.00739604
0.0 3.0 0.0434002 -0.00986467
0.0 3.0 0.0493432 -0.00739604
0.0 3.0 0.0359365 -0.0
0.0 3.0 0.0496486 -0.0
0.0 3.0 0.0377661 -0.0
0.0 3.0 0.0551192 -0.00739604
0.0 3.0 0.0434851 -0.0
0.0 3.0 0.0488577 -0.00739604
0.0 3.0 0.0478499 -0.00986467
0.0 3.0 0.0487665 -0.00739604
0.0 4.0 0.039146 -0.00739604
0.0 4.0 0.0375774 -0.0
0.0 4.0 0.0426125 -0.0197195
0.0 4.0 0.0334751 -0.0
0.0 4.0 0.0387305 -0.0591782
0.0 4.0 0.0401998 -0.00739604
0.0 4.0 0.039031 -0.00739604
0.0 4.0 0.0390188 -0.00739604
0.0 4.0 0.0371007 -0.00739604
0.0 4.0 0.0387652 -0.00739604
0.0 4.0 0.0392826 -0.00739604
0.0 4.0 0.03807 -0.00739604
0.0 4.0 0.037776 -0.00986467
0.0 4.0 0.0441847 -0.0271254
0.0 4.0 0.0389519 -0.0
0.0 4.0 0.038866 -0.0197195
0.0 4.0 0.0386646 -0.0197195
0.0 4.0 0.0389272 -0.0271254
0.0 4.0 0.0405024 -0.0
0.0 4.0 0.0416758 -0.0271254
0.0 4.0 0.0385241 -0.00986467
0.0 4.0 0.0373006 -0.0271254
0.0 4.0 0.0389626 -0.00739604
0.0 4.0 0.0376677 -0.0
0.0 4.0 0.03908 -0.00739604
0.0 4.0 0.0390395 -0.00739604
0.0 4.0 0.0396059 -0.00739604
0.0 4.0 0.0373604 -0.00739604
0.0 4.0 0.0396484 -0.00739604
0.0 4.0 0.0395955 -0.00739604
0.0 4.0 0.0388542 -0.00739604
0.0 4.0 0.0372926 -0.00739604
0.0 4.0 0.039567 -0.0
0.0 4.0 0.0383298 -0.0
0.0 4.0 0.0314384 -0.0197195
0.0 4.0 0.0389142 -0.0
0.0 4.0 0.0384369 -0.00739604
0.0 4.0 0.037868 -0.0271254
0.0 4.0 0.0375457 -0.0
0.0 4.0 0.0327226 -0.0
0.0 4.0 0.0388827 -0.00739604
0.0 4.0 0.0403709 -0.0
0.0 4.0 0.0312898 -0.0
0.0 4.0 0.0390431 -0.00739604
0.0 4.0 0.038839 -0.00739604
0.0 4.0 0.0390652 -0.0
0.0 4.0 0.037423 -0.00986467
0.0 4.0 0.0381897 -0.0
0.0 4.0 0.0340444 -0.0
0.0 4.0 0.0372578 -0.0
0.0 5.0 0.0497131 -0.0197195
0.0 5.0 0.0503169 -0.0271254
0.0 5.0 0.0462921 -0.0
0.0 5.0 0.0683263 -0.00739604
0.0 5.0 0.0651176 -0.0295842
0.0 5.0 0.0636454 -0.00739604
0.0 5.0 0.0581975 -0.00739604
0.0 5.0 0.0477469 -0.0
0.0 5.0 0.0548368 -0.046835
0.0 5.0 0.0636156 -0.078878
0.0 5.0 0.0561596 -0.0271254
0.0 5.0 0.0513144 -0.0
0.0 5.0 0.0530218 -0.0271254
0.0 5.0 0.046865 -0.0197195
0.0 5.0 0.0534986 -0.0197195
0.0 5.0 0.0667616 -0.0197195
0.0 5.0 0.0665279 -0.00739604
0.0 5.0 0.0555055 -0.0
0.0 5.0 0.0566116 -0.0
0.0 5.0 0.0521365 -0.00739604
0.0 5.0 0.0662426 -0.00739604
0.0 5.0 0.0472176 -0.0
0.0 5.0 0.0487563 -0.00739604
0.0 5.0 0.0659194 -0.00739604
0.0 5.0 0.0517859 -0.00739604
0.0 5.0 0.050382 -0.0
0.0 5.0 0.0499052 -0.00739604
0.0 5.0 0.0687417 -0.00986467
0.0 5.0 0.0609797 -0.046835
0.0 5.0 0.0585805 -0.0197195
0.0 5.0 0.0674409 -0.00739604
0.0 5.0 0.059963 -0.00739604
0.0 5.0 0.0680067 -0.0
0.0 5.0 0.0504078 -0.00739604
0.0 5.0 0.0648633 -0.0
0.0 5.0 0.0531655 -0.00739604
0.0 5.0 0.0495682 -0.0
0.0 5.0 0.0489896 -0.00739604
0.0 5.0 0.0516777 -0.0
0.0 5.0 0.0602464 -0.0197195
0.0 5.0 0.0503841 -0.00739604
0.0 5.0 0.0544979 -0.00739604
0.0 5.0 0.0515222 -0.00986467
0.0 5.0 0.0800572 -0.00739604
0.0 5.0 0.0667457 -0.00739604
0.0 5.0 0.0538635 -0.00739604
0.0 5.0 0.050424 -0.0
0.0 5.0 0.0746866 -0.00739604
0.0 5.0 0.0868946 -0.0
0.0 5.0 0.0704272 -0.0
0.0 6.0 0.0692505 -0.00739604
0.0 6.0 0.0536761 -0.0
0.0 6.0 0.0601574 -0.00739604
0.0 6.0 0.0606582 -0.0295842
0.0 6.0 0.0623795 -0.00739604
0.0 6.0 0.0557059 -0.0
0.0 6.0 0.0649827 -0.00739604
0.0 6.0 0.0609124 -0.0295842
0.0 6.0 0.0649605 -0.00739604
0.0 6.0 0.0670682 -0.00739604
0.0 6.0 0.0594306 -0.00739604
0.0 6.0 0.0619938 -0.00739604
0.0 6.0 0.0685796 -0.00739604
0.0 6.0 0.0649453 -0.0295842
0.0 6.0 0.0615332 -0.00739604
0.0 6.0 0.055785 -0.0
0.0 6.0 0.0645657 -0.00739604
0.0 6.0 0.0649648 -0.0
0.0 6.0 0.0590099 -0.0271254
0.0 6.0 0.0656695 -0.0271254
0.0 6.0 0.0596216 -0.0271254
0.0 6.0 0.0530815 -0.0
0.0 6.0 0.0561766 -0.0
0.0 6.0 0.0584597 -0.0
0.0 6.0 0.0680172 -0.00739604
0.0 6.0 0.0819655 -0.00739604
0.0 6.0 0.0611918 -0.00739604
0.0 6.0 0.0601649 -0.00739604
0.0 6.0 0.0611474 -0.00986467
0.0 6.0 0.0678492 -0.00739604
0.0 6.0 0.0657073 -0.00739604
0.0 6.0 0.0604207 -0.00739604
0.0 6.0 0.0660795 -0.00739604
0.0 6.0 0.0659067 -0.0197195
0.0 6.0 0.0581118 -0.00739604
0.0 6.0 0.0592331 -0.00986467
0.0 6.0 0.0607106 -0.0665841
0.0 6.0 0.0528443 -0.0
0.0 6.0 0.0560711 -0.0
0.0 6.0 0.0845661 -0.0
0.0 6.0 0.0640497 -0.0271254
0.0 6.0 0.0621917 -0.046835
0.0 6.0 0.0656189 -0.00739604
0.0 6.0 0.0586282 -0.00739604
0.0 6.0 0.0575414 -0.0
0.0 6.0 0.0601402 -0.0
0.0 6.0 0.0603271 -0.0271254
0.0 6.0 0.0549604 -0.0
0.0 6.0 0.0661371 -0.0591782
0.0 6.0 0.062531 -0.0
0.0 7.0 0.0573579 -0.00739604
0.0 7.0 0.0784944 -0.00739604
0.0 7.0 0.0555147 -0.00739604
0.0 7.0 0.0568667 -0.0
0.0 7.0 0.0586769 -0.00739604
0.0 7.0 0.0796541 -0.00739604
0.0 7.0 0.0724053 -0.0271254
0.0 7.0 0.0561416 -0.0197195
0.0 7.0 0.0769534 -0.00739604
0.0 7.0 0.0559109 -0.0
0.0 7.0 0.0665225 -0.00739604
0.0 7.0 0.0618677 -0.00739604
0.0 7.0 0.058794 -0.0295842
0.0 7.0 0.0572342 -0.00739604
0.0 7.0 0.0543394 -0.00739604
0.0 7.0 0.0560191 -0.00739604
0.0 7.0 0.0541148 -0.00986467
0.0 7.0 0.0570408 -0.0591782
0.0 7.0 0.056302 -0.00739604
0.0 7.0 0.0564648 -0.0
0.0 7.0 0.0572662 -0.00986467
0.0 7.0 0.0607649 -0.00739604
0.0 7.0 0.0549616 -0.00739604
0.0 7.0 0.0523218 -0.0
0.0 7.0 0.0540032 -0.00986467
0.0 7.0 0.0573031 -0.00739604
0.0 7.0 0.0554398 -0.00739604
0.0 7.0 0.0589918 -0.00739604
0.0 7.0 0.0597878 -0.0295842
0.0 7.0 0.0603755 -0.00986467
0.0 7.0 0.0587173 -0.00739604
0.0 7.0 0.0756221 -0.00739604
0.0 7.0 0.057786 -0.0271254
0.0 7.0 0.0604869 -0.0271254
0.0 7.0 0.076238 -0.00739604
0.0 7.0 0.0563371 -0.00739604
0.0 7.0 0.0760536 -0.00739604
0.0 7.0 0.0761693 -0.00739604
0.0 7.0 0.0784709 -0.00739604
0.0 7.0 0.0578702 -0.00739604
0.0 7.0 0.0570971 -0.00739604
0.0 7.0 0.056162 -0.00739604
0.0 7.0 0.0573829 -0.0197195
0.0 7.0 0.0570695 -0.00739604
0.0 7.0 0.079754 -0.00739604
0.0 7.0 0.06991 -0.0
0.0 7.0 0.0760406 -0.0
0.0 7.0 0.0755567 -0.0197195
0.0 7.0 0.0758196 -0.00739604
0.0 7.0 0.0724236 -0.0197195
1.0 1.0 0.0827796 2.71828
1.0 1.0 0.0846904 2.71828
1.0 1.0 0.0849968 2.71828
1.0 1.0 0.0898592 2.71828
1.0 1.0 0.0856061 2.71828
1.0 1.0 0.0815487 2.71828
1.0 1.0 0.086118 2.71828
1.0 1.0 0.0854671 2.71828
1.0 1.0 0.0855327 2.71828
1.0 1.0 0.0821438 2.71828
1.0 1.0 0.0846021 2.71828
1.0 1.0 0.0858097 2.71828
1.0 1.0 0.0871155 2.71828
1.0 1.0 0.0996182 2.71828
1.0 1.0 0.081903 2.71828
1.0 1.0 0.0827339 2.71828
1.0 1.0 0.0796142 2.71828
1.0 1.0 0.085806 2.71828
1.0 1.0 0.0842336 2.71828
1.0 1.0 0.0889173 2.71828
1.0 1.0 0.0976484 2.71828
1.0 1.0 0.0844621 2.71828
1.0 1.0 0.080881 2.71828
1.0 1.0 0.078887 2.71828
1.0 1.0 0.0819469 2.71828
1.0 1.0 0.0803162 2.71828
1.0 1.0 0.0807416 2.71828
1.0 1.0 0.0846805 2.71828
1.0 1.0 0.0815386 2.71828
1.0 1.0 0.0977644 2.71828
1.0 1.0 0.0808925 2.71828
1.0 1.0 0.0804667 2.71828
1.0 1.0 0.0918604 2.71828
1.0 1.0 0.0809993 2.71828
1.0 1.0 0.0848951 2.71828
1.0 1.0 0.0850709 2.71828
1.0 1.0 0.0818563 2.71828
1.0 1.0 0.0802994 2.71828
1.0 1.0 0.0872925 2.71828
1.0 1.0 0.0850335 2.71828
1.0 1.0 0.0862616 2.71828
1.0 1.0 0.0851988 2.71828
1.0 1.0 0.0855536 2.71828
1.0 1.0 0.0979955 2.71828
1.0 1.0 0.0812395 2.71828
1.0 1.0 0.0809713 2.71828
1.0 1.0 0.0869518 2.71828
1.0 1.0 0.0896218 2.71828
1.0 1.0 0.0814584 2.71828
1.0 1.0 0.0846267 2.71828
1.0 2.0 0.0467659 2.71828
1.0 2.0 0.0451204 2.71828
1.0 2.0 0.0471764 2.71828
1.0 2.0 0.0473589 2.71828
1.0 2.0 0.0445214 2.71828
1.0 2.0 0.0478142 2.71828
1.0 2.0 0.0449178 2.71828
1.0 2.0 0.0474906 2.71828
1.0 2.0 0.0480111 2.71828
1.0 2.0 0.0447682 2.71828
1.0 2.0 0.0466618 2.71828
1.0 2.0 0.0466315 2.71828
1.0 2.0 0.0441435 2.71828
1.0 2.0 0.0453181 2.71828
1.0 2.0 0.0467971 2.71828
1.0 2.0 0.0463564 2.71828
1.0 2.0 0.0451717 2.71828
1.0 2.0 0.0473253 2.71828
1.0 2.0 0.0480153 2.71828
1.0 2.0 0.0474156 2.71828
1.0 2.0 0.0476156 2.71828
1.0 2.0 0.046716 2.71828
1.0 2.0 0.0517007 2.71828
1.0 2.0 0.0475251 2.71828
1.0 2.0 0.0468052 2.71828
1.0 2.0 0.0473784 2.71828
1.0 2.0 0.0482669 2.71828
1.0 2.0 0.0445986 2.71828
1.0 2.0 0.0564175 2.71828
1.0 2.0 0.0465677 2.71828
1.0 2.0 0.0469326 2.71828
1.0 2.0 0.0465105 2.71828
1.0 2.0 0.0451137 2.71828
1.0 2.0 0.0517644 2.71828
1.0 2.0 0.0465194 2.71828
1.0 2.0 0.0448743 2.71828
1.0 2.0 0.0468588 2.71828
1.0 2.0 0.0474361 2.71828
1.0 2.0 0.0466747 2.71828
1.0 2.0 0.0454575 2.71828
1.0 2.0 0.044387 2.71828
1.0 2.0 0.0473477 2.71828
1.0 2.0 0.045634 2.71828
1.0 2.0 0.0447182 2.71828
1.0 2.0 0.0448278 2.71828
1.0 2.0 0.0493136 2.71828
1.0 2.0 0.0468706 2.71828
1.0 2.0 0.0470254 2.71828
1.0 2.0 0.0476052 2.71828
1.0 2.0 0.0459982 2.71828
1.0 3.0 0.0386311 2.71828
1.0 3.0 0.037947 2.71828
1.0 3.0 0.0381487 2.71828
1.0 3.0 0.0376645 2.71828
1.0 3.0 0.0398914 2.71828
1.0 3.0 0.0374707 2.71828
1.0 3.0 0.0379911 2.71828
1.0 3.0 0.038385 2.71828
1.0 3.0 0.038145 2.71828
1.0 3.0 0.0386049 2.71828
1.0 3.0 0.0382276 2.71828
1.0 3.0 0.0442147 2.71828
1.0 3.0 0.0385734 2.71828
1.0 3.0 0.0378794 2.71828
1.0 3.0 0.042888 2.71828
1.0 3.0 0.0406447 2.71828
1.0 3.0 0.0383127 2.71828
1.0 3.0 0.0379085 2.71828
1.0 3.0 0.0381368 2.71828
1.0 3.0 0.0387457 2.71828
1.0 3.0 0.0380107 2.71828
1.0 3.0 0.0378142 2.71828
1.0 3.0 0.0380302 2.71828
1.0 3.0 0.0385519 2.71828
1.0 3.0 0.0429684 2.71828
1.0 3.0 0.0380011 2.71828
1.0 3.0 0.0377638 2.71828
1.0 3.0 0.0375913 2.71828
1.0 3.0 0.0400619 2.71828
1.0 3.0 0.0378042 2.71828
1.0 3.0 0.0382161 2.71828
1.0 3.0 0.0380952 2.71828
1.0 3.0 0.0374206 2.71828
1.0 3.0 0.0386853 2.71828
1.0 3.0 0.0377422 2.71828
1.0 3.0 0.0379703 2.71828
1.0 3.0 0.0372574 2.71828
1.0 3.0 0.0375365 2.71828
1.0 3.0 0.0382003 2.71828
1.0 3.0 0.0381622 2.71828
1.0 3.0 0.0376601 2.71828
1.0 3.0 0.0440574 2.71828
1.0 3.0 0.0381618 2.71828
1.0 3.0 0.0389299 2.71828
1.0 3.0 0.0383408 2.71828
1.0 3.0 0.0377248 2.71828
1.0 3.0 0.0379018 2.71828
1.0 3.0 0.0374438 2.71828
1.0 3.0 0.0381156 2.71828
1.0 3.0 0.0386562 2.71828
1.0 4.0 0.0297968 2.71828
1.0 4.0 0.0304629 2.71828
1.0 4.0 0.0386281 2.71828
1.0 4.0 0.0308573 2.71828
1.0 4.0 0.0305127 2.71828
1.0 4.0 0.0302461 2.71828
1.0 4.0 0.0298974 2.71828
1.0 4.0 0.0328192 2.71828
1.0 4.0 0.0302287 2.71828
1.0 4.0 0.0296928 2.71828
1.0 4.0 0.0317187 2.71828
1.0 4.0 0.0303832 2.71828
1.0 4.0 0.0301544 2.71828
1.0 4.0 0.0304934 2.71828
1.0 4.0 0.0304353 2.71828
1.0 4.0 0.0296835 2.71828
1.0 4.0 0.0303355 2.71828
1.0 4.0 0.0301276 2.71828
1.0 4.0 0.030258 2.71828
1.0 4.0 0.0308306 2.71828
1.0 4.0 0.032378 2.71828
1.0 4.0 0.0307164 2.71828
1.0 4.0 0.0305875 2.71828
1.0 4.0 0.0308343 2.71828
1.0 4.0 0.0300344 2.71828
1.0 4.0 0.0304207 2.71828
1.0 4.0 0.0306303 2.71828
1.0 4.0 0.0297926 2.71828
1.0 4.0 0.0303582 2.71828
1.0 4.0 0.0296899 2.71828
1.0 4.0 0.0300875 2.71828
1.0 4.0 0.0295445 2.71828
1.0 4.0 0.0308407 2.71828
1.0 4.0 0.0331745 2.71828
1.0 4.0 0.0307047 2.71828
1.0 4.0 0.0300245 2.71828
1.0 4.0 0.0329174 2.71828
1.0 4.0 0.0298913 2.71828
1.0 4.0 0.0295659 2.71828
1.0 4.0 0.0297276 2.71828
1.0 4.0 0.0304574 2.71828
1.0 4.0 0.0298496 2.71828
1.0 4.0 0.0304496 2.71828
1.0 4.0 0.0301045 2.71828
1.0 4.0 0.0300547 2.71828
1.0 4.0 0.0301131 2.71828
1.0 4.0 0.0302365 2.71828
1.0 4.0 0.0294702 2.71828
1.0 4.0 0.0301557 2.71828
1.0 4.0 0.0298295 2.71828
1.0 5.0 0.0455507 2.71828
1.0 5.0 0.0530954 2.71828
1.0 5.0 0.0461807 2.71828
1.0 5.0 0.0437842 2.71828
1.0 5.0 0.0665454 2.71828
1.0 5.0 0.0575936 2.71828
1.0 5.0 0.0446398 2.71828
1.0 5.0 0.0654323 2.71828
1.0 5.0 0.0524406 2.71828
1.0 5.0 0.0484913 2.71828
1.0 5.0 0.0551097 2.71828
1.0 5.0 0.0423181 2.71828
1.0 5.0 0.0563096 2.71828
1.0 5.0 0.0613663 2.71828
1.0 5.0 0.0456162 2.71828
1.0 5.0 0.0487451 2.71828
1.0 5.0 0.0586657 2.71828
1.0 5.0 0.0670333 2.71828
1.0 5.0 0.0433428 2.71828
1.0 5.0 0.0464303 2.71828
1.0 5.0 0.0593222 2.71828
1.0 5.0 0.0637556 2.71828
1.0 5.0 0.0615759 2.71828
1.0 5.0 0.0568162 2.71828
1.0 5.0 0.0589814 2.71828
1.0 5.0 0.0476763 2.71828
1.0 5.0 0.058498 2.71828
1.0 5.0 0.0407862 2.71828
1.0 5.0 0.0464304 2.71828
1.0 5.0 0.0453021 2.71828
1.0 5.0 0.0575922 2.71828
1.0 5.0 0.0487249 2.71828
1.0 5.0 0.0484473 2.71828
1.0 5.0 0.0463875 2.71828
1.0 5.0 0.0584999 2.71828
1.0 5.0 0.0527557 2.71828
1.0 5.0 0.0564821 2.71828
1.0 5.0 0.0583035 2.71828
1.0 5.0 0.0557667 2.71828
1.0 5.0 0.0539878 2.71828
1.0 5.0 0.0527441 2.71828
1.0 5.0 0.055686 2.71828
1.0 5.0 0.0589092 2.71828
1.0 5.0 0.0576543 2.71828
1.0 5.0 0.0553383 2.71828
1.0 5.0 0.053042 2.71828
1.0 5.0 0.0591809 2.71828
1.0 5.0 0.0536285 2.71828
1.0 5.0 0.0586191 2.71828
1.0 5.0 0.0548319 2.71828
1.0 6.0 0.0724725 2.71828
1.0 6.0 0.0568664 2.71828
1.0 6.0 0.0577958 2.71828
1.0 6.0 0.0611855 2.71828
1.0 6.0 0.0599359 2.71828
1.0 6.0 0.056496 2.71828
1.0 6.0 0.0584269 2.71828
1.0 6.0 0.0573964 2.71828
1.0 6.0 0.060591 2.71828
1.0 6.0 0.0631632 2.71828
1.0 6.0 0.0609487 2.71828
1.0 6.0 0.0526154 2.71828
1.0 6.0 0.0604059 2.71828
1.0 6.0 0.0566258 2.71828
1.0 6.0 0.0599654 2.71828
1.0 6.0 0.0590952 2.71828
1.0 6.0 0.0566201 2.71828
1.0 6.0 0.0573789 2.71828
1.0 6.0 0.0549071 2.71828
1.0 6.0 0.061186 2.71828
1.0 6.0 0.0548984 2.71828
1.0 6.0 0.0539014 2.71828
1.0 6.0 0.0534584 2.71828
1.0 6.0 0.0545513 2.71828
1.0 6.0 0.0586313 2.71828
1.0 6.0 0.0591461 2.71828
1.0 6.0 0.0613635 2.71828
1.0 6.0 0.0557687 2.71828
1.0 6.0 0.0609387 2.71828
1.0 6.0 0.0590165 2.71828
1.0 6.0 0.0573317 2.71828
1.0 6.0 0.0576148 2.71828
1.0 6.0 0.0564454 2.71828
1.0 6.0 0.0597684 2.71828
1.0 6.0 0.0610163 2.71828
1.0 6.0 0.054164 2.71828
1.0 6.0 0.0587257 2.71828
1.0 6.0 0.0597232 2.71828
1.0 6.0 0.0564507 2.71828
1.0 6.0 0.0594861 2.71828
1.0 6.0 0.0596034 2.71828
1.0 6.0 0.0553455 2.71828
1.0 6.0 0.0570565 2.71828
1.0 6.0 0.0557625 2.71828
1.0 6.0 0.0550005 2.71828
1.0 6.0 0.0541311 2.71828
1.0 6.0 0.05807 2.71828
1.0 6.0 0.0687449 2.71828
1.0 6.0 0.0560696 2.71828
1.0 6.0 0.0558926 2.71828
1.0 7.0 0.0537594 2.71828
1.0 7.0 0.0511705 2.71828
1.0 7.0 0.0499984 2.71828
1.0 7.0 0.0511645 2.71828
1.0 7.0 0.0418622 2.71828
1.0 7.0 0.049713 2.71828
1.0 7.0 0.0549076 2.71828
1.0 7.0 0.0705051 2.71828
1.0 7.0 0.0542283 2.71828
1.0 7.0 0.0452815 2.71828
1.0 7.0 0.0426312 2.71828
1.0 7.0 0.0538379 2.71828
1.0 7.0 0.050168 2.71828
1.0 7.0 0.0514441 2.71828
1.0 7.0 0.0563946 2.71828
1.0 7.0 0.0523376 2.71828
1.0 7.0 0.0526863 2.71828
1.0 7.0 0.0429487 2.71828
1.0 7.0 0.0447078 2.71828
1.0 7.0 0.0429774 2.71828
1.0 7.0 0.0526396 2.71828
1.0 7.0 0.0519625 2.71828
1.0 7.0 0.0503665 2.71828
1.0 7.0 0.055186 2.71828
1.0 7.0 0.053727 2.71828
1.0 7.0 0.0572815 2.71828
1.0 7.0 0.0498737 2.71828
1.0 7.0 0.0579407 2.71828
1.0 7.0 0.0703568 2.71828
1.0 7.0 0.0518864 2.71828
1.0 7.0 0.052533 2.71828
1.0 7.0 0.0530723 2.71828
1.0 7.0 0.0505761 2.71828
1.0 7.0 0.0451081 2.71828
1.0 7.0 0.0522694 2.71828
1.0 7.0 0.0511203 2.71828
1.0 7.0 0.0528759 2.71828
1.0 7.0 0.0513954 2.71828
1.0 7.0 0.0503881 2.71828
1.0 7.0 0.0524151 2.71828
1.0 7.0 0.0587341 2.71828
1.0 7.0 0.0534662 2.71828
1.0 7.0 0.0675059 2.71828
1.0 7.0 0.0516358 2.71828
1.0 7.0 0.0422544 2.71828
1.0 7.0 0.0525867 2.71828
1.0 7.0 0.0544372 2.71828
1.0 7.0 0.057629 2.71828
1.0 7.0 0.0525263 2.71828
1.0 7.0 0.050652 2.71828
2.0 1.0 0.810745 -8.43827e-33
2.0 1.0 0.675581 -0.0
2.0 1.0 0.78119 -8.43827e-33
2.0 1.0 0.84329 -5.02058e-32
2.0 1.0 0.816594 -8.43827e-33
2.0 1.0 0.99407 -5.02058e-32
2.0 1.0 0.581504 -0.0
2.0 1.0 0.789737 -8.43827e-33
2.0 1.0 0.569457 -0.0
2.0 1.0 0.816665 -4.33559e-32
2.0 1.0 0.586851 -0.0
2.0 1.0 0.571091 -0.0
2.0 1.0 0.818949 -5.02058e-32
2.0 1.0 0.80427 -2.03723e-31
2.0 1.0 0.572581 -0.0
2.0 1.0 0.821839 -8.43827e-33
2.0 1.0 0.794892 -2.03723e-31
2.0 1.0 0.818651 -8.43827e-33
2.0 1.0 0.56451 -0.0
2.0 1.0 0.859586 -8.43827e-33
2.0 1.0 0.612656 -0.0
2.0 1.0 0.570982 -0.0
2.0 1.0 0.862418 -8.43827e-33
2.0 1.0 0.809773 -5.02058e-32
2.0 1.0 0.844743 -5.02058e-32
2.0 1.0 0.795421 -2.01644e-31
2.0 1.0 0.857153 -8.43827e-33
2.0 1.0 0.911928 -8.43827e-33
2.0 1.0 0.850653 -8.43827e-33
2.0 1.0 0.811943 -8.43827e-33
2.0 1.0 0.843534 -8.43827e-33
2.0 1.0 0.84012 -5.02058e-32
2.0 1.0 0.858058 -8.43827e-33
2.0 1.0 0.811387 -8.43827e-33
2.0 1.0 0.304351 -0.0
2.0 1.0 0.561173 -0.0
2.0 1.0 0.843862 -8.43827e-33
2.0 1.0 0.26727 -0.0
2.0 1.0 0.978307 -8.43827e-33
2.0 1.0 0.804902 -8.43827e-33
2.0 1.0 0.81833 -5.02058e-32
2.0 1.0 0.859383 -5.02058e-32
2.0 1.0 0.814391 -8.43827e-33
2.0 1.0 0.577924 -0.0
2.0 1.0 0.903638 -8.43827e-33
2.0 1.0 0.810849 -4.33559e-32
2.0 1.0 0.568697 -0.0
2.0 1.0 0.581339 -0.0
2.0 1.0 0.962741 -4.33559e-32
2.0 1.0 0.864483 -8.43827e-33
2.0 2.0 0.408124 -0.0
2.0 2.0 0.401305 -8.43827e-33
2.0 2.0 0.428234 -4.33559e-32
2.0 2.0 0.410126 -8.43827e-33
2.0 2.0 0.439669 -8.43827e-33
2.0 2.0 0.426299 -8.43827e-33
2.0 2.0 0.433673 -0.0
2.0 2.0 0.410744 -5.02058e-32
2.0 2.0 0.303722 -0.0
2.0 2.0 0.305352 -0.0
2.0 2.0 0.424781 -0.0
2.0 2.0 0.301398 -0.0
2.0 2.0 0.432037 -8.43827e-33
2.0 2.0 0.433738 -5.02058e-32
2.0 2.0 0.429222 -8.43827e-33
2.0 2.0 0.307707 -0.0
2.0 2.0 0.41066 -5.02058e-32
2.0 2.0 0.405914 -0.0
2.0 2.0 0.431733 -4.33559e-32
2.0 2.0 0.432929 -8.43827e-33
2.0 2.0 0.318135 -0.0
2.0 2.0 0.430649 -8.43827e-33
2.0 2.0 0.413565 -0.0
2.0 2.0 0.427817 -8.43827e-33
2.0 2.0 0.414355 -8.43827e-33
2.0 2.0 0.426163 -0.0
2.0 2.0 0.431067 -5.02058e-32
2.0 2.0 0.41247 -8.43827e-33
2.0 2.0 0.430039 -8.43827e-33
2.0 2.0 0.450831 -0.0
2.0 2.0 0.343406 -0.0
2.0 2.0 0.430821 -8.43827e-33
2.0 2.0 0.429983 -8.43827e-33
2.0 2.0 0.300704 -0.0
2.0 2.0 0.429028 -8.43827e-33
2.0 2.0 0.408234 -5.02058e-32
2.0 2.0 0.424975 -8.43827e-33
2.0 2.0 0.42931 -5.02058e-32
2.0 2.0 0.436869 -5.02058e-32
2.0 2.0 0.409036 -8.43827e-33
2.0 2.0 0.432203 -0.0
2.0 2.0 0.408819 -8.43827e-33
2.0 2.0 0.430897 -8.43827e-33
2.0 2.0 0.425333 -0.0
2.0 2.0 0.407923 -8.43827e-33
2.0 2.0 0.307276 -0.0
2.0 2.0 0.429885 -0.0
2.0 2.0 0.428505 -8.43827e-33
2.0 2.0 0.441696 -2.03723e-31
2.0 2.0 0.429384 -0.0
2.0 3.0 0.298786 -8.43827e-33
2.0 3.0 0.298074 -8.43827e-33
2.0 3.0 0.299038 -5.02058e-32
2.0 3.0 0.299888 -2.01644e-31
2.0 3.0 0.295959 -8.43827e-33
2.0 3.0 0.283223 -0.0
2.0 3.0 0.299975 -5.02058e-32
2.0 3.0 0.206571 -0.0
2.0 3.0 0.299278 -8.43827e-33
2.0 3.0 0.281848 -0.0
2.0 3.0 0.299052 -8.43827e-33
2.0 3.0 0.29361 -8.43827e-33
2.0 3.0 0.291696 -0.0
2.0 3.0 0.299698 -8.43827e-33
2.0 3.0 0.305117 -0.0
2.0 3.0 0.211448 -0.0
2.0 3.0 0.29466 -0.0
2.0 3.0 0.287602 -0.0
2.0 3.0 0.296911 -8.43827e-33
2.0 3.0 0.293883 -0.0
2.0 3.0 0.287155 -0.0
2.0 3.0 0.285051 -0.0
2.0 3.0 0.298607 -2.01644e-31
2.0 3.0 0.286543 -0.0
2.0 3.0 0.297747 -5.02058e-32
2.0 3.0 0.300929 -5.02058e-32
2.0 3.0 0.278099 -0.0
2.0 3.0 0.29703 -8.43827e-33
2.0 3.0 0.301712 -4.33559e-32
2.0 3.0 0.284006 -0.0
2.0 3.0 0.287944 -0.0
2.0 3.0 0.285656 -0.0
2.0 3.0 0.298625 -8.43827e-33
2.0 3.0 0.305847 -8.43827e-33
2.0 3.0 0.291925 -6.77826e-31
2.0 3.0 0.295529 -8.43827e-33
2.0 3.0 0.298078 -2.03723e-31
2.0 3.0 0.295114 -2.03723e-31
2.0 3.0 0.284038 -0.0
2.0 3.0 0.297991 -2.01644e-31
2.0 3.0 0.288096 -0.0
2.0 3.0 0.296989 -8.43827e-33
2.0 3.0 0.215691 -0.0
2.0 3.0 0.288642 -0.0
2.0 3.0 0.28805 -0.0
2.0 3.0 0.295278 -8.43827e-33
2.0 3.0 0.292898 -4.33559e-32
2.0 3.0 0.295015 -8.43827e-33
2.0 3.0 0.297536 -2.01644e-31
2.0 3.0 0.29111 -0.0
2.0 4.0 0.250186 -0.0
2.0 4.0 0.221569 -8.43827e-33
2.0 4.0 0.220346 -5.02058e-32
2.0 4.0 0.221709 -8.43827e-33
2.0 4.0 0.221331 -0.0
2.0 4.0 0.223635 -5.02058e-32
2.0 4.0 0.223864 -8.43827e-33
2.0 4.0 0.22089 -1.61435e-31
2.0 4.0 0.222885 -0.0
2.0 4.0 0.223839 -8.43827e-33
2.0 4.0 0.221769 -2.01644e-31
2.0 4.0 0.220222 -8.43827e-33
2.0 4.0 0.222868 -8.43827e-33
2.0 4.0 0.219653 -5.02058e-32
2.0 4.0 0.221992 -0.0
2.0 4.0 0.22177 -0.0
2.0 4.0 0.221839 -8.43827e-33
2.0 4.0 0.223251 -5.02058e-32
2.0 4.0 0.22105 -5.02058e-32
2.0 4.0 0.221699 -8.43827e-33
2.0 4.0 0.218608 -0.0
2.0 4.0 0.219515 -8.43827e-33
2.0 4.0 0.223441 -2.01644e-31
2.0 4.0 0.222968 -0.0
2.0 4.0 0.223944 -8.43827e-33
2.0 4.0 0.22577 -4.33559e-32
2.0 4.0 0.220967 -0.0
2.0 4.0 0.280702 -8.43827e-33
2.0 4.0 0.221606 -0.0
2.0 4.0 0.22126 -8.43827e-33
2.0 4.0 0.21991 -0.0
2.0 4.0 0.224929 -0.0
2.0 4.0 0.220336 -0.0
2.0 4.0 0.222753 -8.43827e-33
2.0 4.0 0.222289 -0.0
2.0 4.0 0.219888 -8.43827e-33
2.0 4.0 0.222195 -0.0
2.0 4.0 0.220787 -5.02058e-32
2.0 4.0 0.222531 -5.02058e-32
2.0 4.0 0.220111 -1.7325e-31
2.0 4.0 0.221564 -5.02058e-32
2.0 4.0 0.223498 -8.43827e-33
2.0 4.0 0.223418 -0.0
2.0 4.0 0.217522 -0.0
2.0 4.0 0.221592 -8.43827e-33
2.0 4.0 0.219128 -0.0
2.0 4.0 0.231831 -0.0
2.0 4.0 0.222496 -8.43827e-33
2.0 4.0 0.220533 -8.43827e-33
2.0 4.0 0.221213 -8.43827e-33
2.0 5.0 0.234716 -5.02058e-32
2.0 5.0 0.250193 -5.02058e-32
2.0 5.0 0.233605 -8.43827e-33
2.0 5.0 0.23727 -8.43827e-33
2.0 5.0 0.230106 -0.0
2.0 5.0 0.231347 -8.43827e-33
2.0 5.0 0.236114 -8.43827e-33
2.0 5.0 0.255532 -8.43827e-33
2.0 5.0 0.227802 -0.0
2.0 5.0 0.221652 -0.0
2.0 5.0 0.241623 -0.0
2.0 5.0 0.268969 -5.02058e-32
2.0 5.0 0.231413 -4.33559e-32
2.0 5.0 0.224068 -0.0
2.0 5.0 0.234372 -8.43827e-33
2.0 5.0 0.252702 -8.43827e-33
2.0 5.0 0.26634 -8.43827e-33
2.0 5.0 0.261339 -0.0
2.0 5.0 0.240448 -4.33559e-32
2.0 5.0 0.231262 -5.02058e-32
2.0 5.0 0.249374 -0.0
2.0 5.0 0.252416 -5.02058e-32
2.0 5.0 0.233346 -0.0
2.0 5.0 0.222007 -0.0
2.0 5.0 0.263147 -8.43827e-33
2.0 5.0 0.233006 -2.01644e-31
2.0 5.0 0.252416 -5.02058e-32
2.0 5.0 0.229185 -0.0
2.0 5.0 0.252886 -8.43827e-33
2.0 5.0 0.233644 -8.43827e-33
2.0 5.0 0.232011 -0.0
2.0 5.0 0.248644 -5.02058e-32
2.0 5.0 0.248398 -0.0
2.0 5.0 0.230553 -0.0
2.0 5.0 0.236029 -4.33559e-32
2.0 5.0 0.233145 -8.43827e-33
2.0 5.0 0.23525 -2.01644e-31
2.0 5.0 0.226935 -6.77826e-31
2.0 5.0 0.255193 -8.43827e-33
2.0 5.0 0.235859 -0.0
2.0 5.0 0.226526 -8.43827e-33
2.0 5.0 0.231285 -4.33559e-32
2.0 5.0 0.225813 -0.0
2.0 5.0 0.252067 -2.01644e-31
2.0 5.0 0.235287 -2.03723e-31
2.0 5.0 0.243114 -8.43827e-33
2.0 5.0 0.233557 -0.0
2.0 5.0 0.234512 -8.43827e-33
2.0 5.0 0.235592 -5.02058e-32
2.0 5.0 0.225395 -0.0
2.0 6.0 0.254402 -8.43827e-33
2.0 6.0 0.233925 -4.33559e-32
2.0 6.0 0.1964 -0.0
2.0 6.0 0.228016 -4.33559e-32
2.0 6.0 0.245392 -4.33559e-32
2.0 6.0 0.243849 -8.43827e-33
2.0 6.0 0.209009 -0.0
2.0 6.0 0.199658 -0.0
2.0 6.0 0.228297 -4.33559e-32
2.0 6.0 0.230925 -2.01644e-31
2.0 6.0 0.201964 -0.0
2.0 6.0 0.228751 -8.43827e-33
2.0 6.0 0.247306 -2.03723e-31
2.0 6.0 0.229482 -4.33559e-32
2.0 6.0 0.232988 -2.01644e-31
2.0 6.0 0.235872 -8.43827e-33
2.0 6.0 0.231344 -5.02058e-32
2.0 6.0 0.248829 -2.01644e-31
2.0 6.0 0.2364 -8.43827e-33
2.0 6.0 0.236582 -4.33559e-32
2.0 6.0 0.204944 -0.0
2.0 6.0 0.209468 -0.0
2.0 6.0 0.194064 -0.0
2.0 6.0 0.244303 -8.43827e-33
2.0 6.0 0.220248 -6.77826e-31
2.0 6.0 0.227222 -8.43827e-33
2.0 6.0 0.229773 -8.43827e-33
2.0 6.0 0.247955 -5.02058e-32
2.0 6.0 0.22688 -4.33559e-32
2.0 6.0 0.190352 -0.0
2.0 6.0 0.234509 -8.43827e-33
2.0 6.0 0.192015 -0.0
2.0 6.0 0.248315 -4.33559e-32
2.0 6.0 0.246636 -8.43827e-33
2.0 6.0 0.247811 -8.43827e-33
2.0 6.0 0.2327 -8.43827e-33
2.0 6.0 0.232679 -8.43827e-33
2.0 6.0 0.241737 -8.43827e-33
2.0 6.0 0.189966 -0.0
2.0 6.0 0.203113 -0.0
2.0 6.0 0.243662 -8.43827e-33
2.0 6.0 0.230048 -8.43827e-33
2.0 6.0 0.23927 -8.43827e-33
2.0 6.0 0.24381 -8.43827e-33
2.0 6.0 0.232994 -8.43827e-33
2.0 6.0 0.228784 -8.43827e-33
2.0 6.0 0.227869 -8.43827e-33
2.0 6.0 0.206499 -0.0
2.0 6.0 0.246377 -5.02058e-32
2.0 6.0 0.246556 -8.43827e-33
2.0 7.0 0.179633 -0.0
2.0 7.0 0.194749 -8.43827e-33
2.0 7.0 0.150436 -5.02058e-32
2.0 7.0 0.179032 -0.0
2.0 7.0 0.151345 -4.33559e-32
2.0 7.0 0.191017 -8.43827e-33
2.0 7.0 0.182139 -0.0
2.0 7.0 0.215054 -4.33559e-32
2.0 7.0 0.193843 -5.02058e-32
2.0 7.0 0.190214 -8.43827e-33
2.0 7.0 0.194493 -8.43827e-33
2.0 7.0 0.192014 -2.01644e-31
2.0 7.0 0.211162 -8.43827e-33
2.0 7.0 0.193452 -8.43827e-33
2.0 7.0 0.195041 -8.43827e-33
2.0 7.0 0.192126 -8.43827e-33
2.0 7.0 0.215758 -5.02058e-32
2.0 7.0 0.128986 -0.0
2.0 7.0 0.150865 -1.7325e-31
2.0 7.0 0.187024 -0.0
2.0 7.0 0.189363 -8.43827e-33
2.0 7.0 0.191854 -8.43827e-33
2.0 7.0 0.191905 -8.43827e-33
2.0 7.0 0.192249 -8.43827e-33
2.0 7.0 0.176934 -0.0
2.0 7.0 0.193019 -8.43827e-33
2.0 7.0 0.172625 -0.0
2.0 7.0 0.191729 -2.01644e-31
2.0 7.0 0.194 -5.02058e-32
2.0 7.0 0.189823 -8.43827e-33
2.0 7.0 0.132897 -5.02058e-32
2.0 7.0 0.192385 -2.01644e-31
2.0 7.0 0.132403 -8.43827e-33
2.0 7.0 0.196122 -8.43827e-33
2.0 7.0 0.189798 -8.43827e-33
2.0 7.0 0.215063 -8.43827e-33
2.0 7.0 0.200315 -4.33559e-32
2.0 7.0 0.145006 -8.43827e-33
2.0 7.0 0.188779 -8.43827e-33
2.0 7.0 0.175518 -0.0
2.0 7.0 0.191677 -8.43827e-33
2.0 7.0 0.147305 -5.27605e-32
2.0 7.0 0.192316 -8.43827e-33
2.0 7.0 0.202376 -8.43827e-33
2.0 7.0 0.150631 -8.43827e-33
2.0 7.0 0.166679 -0.0
2.0 7.0 0.188629 -4.33559e-32
2.0 7.0 0.192419 -4.33559e-32
2.0 7.0 0.192046 -8.43827e-33
2.0 7.0 0.213516 -8.43827e-33
3.0 1.0 0.0697116 -0.0
3.0 1.0 0.0712837 -0.0
3.0 1.0 0.0768619 -0.0
3.0 1.0 0.075971 -0.0
3.0 1.0 0.0704263 -0.0
3.0 1.0 0.0690275 -0.0
3.0 1.0 0.0707791 -0.0
3.0 1.0 0.0693447 -0.0
3.0 1.0 0.0803585 -0.0
3.0 1.0 0.072998 -0.0
3.0 1.0 0.0737217 -0.0
3.0 1.0 0.0783379 -0.0
3.0 1.0 0.0716453 -0.0
3.0 1.0 0.0763589 -0.0
3.0 1.0 0.0696627 -0.0
3.0 1.0 0.0864229 -0.0
3.0 1.0 0.0718502 -0.0
3.0 1.0 0.079012 -0.0
3.0 1.0 0.0761448 -0.0
3.0 1.0 0.0725464 -0.0
3.0 1.0 0.0858309 -0.0
3.0 1.0 0.0745334 -0.0
3.0 1.0 0.0679842 -0.0
3.0 1.0 0.0800167 -0.0
3.0 1.0 0.0790498 -0.0
3.0 1.0 0.0732193 -0.0
3.0 1.0 0.0775974 -0.0
3.0 1.0 0.0707407 -0.0
3.0 1.0 0.0682343 -0.0
3.0 1.0 0.078837 -0.0
3.0 1.0 0.0696151 -0.0
3.0 1.0 0.0695531 -0.0
3.0 1.0 0.0686452 -0.0
3.0 1.0 0.0737284 -0.0
3.0 1.0 0.0742606 -0.0
3.0 1.0 0.0691914 -0.0
3.0 1.0 0.0709571 -0.0
3.0 1.0 0.0715889 -0.0
3.0 1.0 0.076171 -0.0
3.0 1.0 0.0689604 -0.0
3.0 1.0 0.0803427 -0.0
3.0 1.0 0.080157 -0.0
3.0 1.0 0.0793002 -0.0
3.0 1.0 0.068954 -0.0
3.0 1.0 0.0753424 -0.0
3.0 1.0 0.0754682 -0.0
3.0 1.0 0.0819159 -0.0
3.0 1.0 0.0715778 -0.0
3.0 1.0 0.0709419 -0.0
3.0 1.0 0.089838 -0.0
3.0 2.0 0.0410985 -0.0
3.0 2.0 0.0430235 -0.0
3.0 2.0 0.0398666 -0.0
3.0 2.0 0.04319 -0.0
3.0 2.0 0.0418695 -0.0
3.0 2.0 0.0596906 -0.0
3.0 2.0 0.0401157 -0.0
3.0 2.0 0.0397223 -0.0
3.0 2.0 0.042978 -0.0
3.0 2.0 0.0409653 -0.0
3.0 2.0 0.0422613 -0.0
3.0 2.0 0.0438667 -0.0
3.0 2.0 0.0400888 -0.0
3.0 2.0 0.0419796 -0.0
3.0 2.0 0.037928 -0.0
3.0 2.0 0.0525507 -0.994959
3.0 2.0 0.0399142 -0.0
3.0 2.0 0.0421179 -0.0
3.0 2.0 0.0499373 -0.0
3.0 2.0 0.0424465 -0.0
3.0 2.0 0.0390239 -0.0
3.0 2.0 0.0409804 -0.0
3.0 2.0 0.0429083 -0.0
3.0 2.0 0.0429925 -0.0
3.0 2.0 0.0397236 -0.0
3.0 2.0 0.0430931 -0.0
3.0 2.0 0.0403879 -0.0
3.0 2.0 0.0420977 -0.0
3.0 2.0 0.0400359 -0.0
3.0 2.0 0.0525449 -0.994959
3.0 2.0 0.0441071 -0.0
3.0 2.0 0.042043 -0.0
3.0 2.0 0.0399691 -0.0
3.0 2.0 0.0402205 -0.0
3.0 2.0 0.0450199 -0.0
3.0 2.0 0.0423148 -0.0
3.0 2.0 0.0387838 -0.0
3.0 2.0 0.0401782 -0.0
3.0 2.0 0.0390763 -0.0
3.0 2.0 0.0412625 -0.0
3.0 2.0 0.0422351 -0.0
3.0 2.0 0.0427302 -0.0
3.0 2.0 0.0412254 -0.0
3.0 2.0 0.0394707 -0.0
3.0 2.0 0.05016 -0.0
3.0 2.0 0.0422022 -0.0
3.0 2.0 0.0407128 -0.0
3.0 2.0 0.0394652 -0.0
3.0 2.0 0.0447 -0.0
3.0 2.0 0.0427389 -0.0
3.0 3.0 0.0333892 -0.0
3.0 3.0 0.0410118 -0.994959
3.0 3.0 0.0358531 -0.0
3.0 3.0 0.0335509 -0.0
3.0 3.0 0.037114 -0.0
3.0 3.0 0.0415948 -0.994959
3.0 3.0 0.0333259 -0.0
3.0 3.0 0.0338595 -0.0
3.0 3.0 0.0333039 -0.0
3.0 3.0 0.0380298 -0.0
3.0 3.0 0.0400985 -0.994959
3.0 3.0 0.0331457 -0.0
3.0 3.0 0.0416332 -0.994959
3.0 3.0 0.0337072 -0.0
3.0 3.0 0.033991 -0.0
3.0 3.0 0.0376946 -0.0
3.0 3.0 0.0339888 -0.0
3.0 3.0 0.0362205 -0.0
3.0 3.0 0.0382096 -0.0
3.0 3.0 0.0344564 -0.0
3.0 3.0 0.0414507 -0.994959
3.0 3.0 0.0333956 -0.0
3.0 3.0 0.0346794 -0.0
3.0 3.0 0.0333771 -0.0
3.0 3.0 0.0343185 -0.0
3.0 3.0 0.0354339 -0.0
3.0 3.0 0.0334952 -0.0
3.0 3.0 0.0344879 -0.0
3.0 3.0 0.0340814 -0.0
3.0 3.0 0.0355968 -0.0
3.0 3.0 0.0339228 -0.0
3.0 3.0 0.0348937 -0.0
3.0 3.0 0.0416008 -0.994959
3.0 3.0 0.0329606 -0.0
3.0 3.0 0.0340943 -0.0
3.0 3.0 0.0384124 -0.0
3.0 3.0 0.0331382 -0.0
3.0 3.0 0.033963 -0.0
3.0 3.0 0.0369417 -0.0
3.0 3.0 0.0364012 -0.0
3.0 3.0 0.03373 -0.0
3.0 3.0 0.0334083 -0.0
3.0 3.0 0.0340511 -0.0
3.0 3.0 0.0344323 -0.0
3.0 3.0 0.0336113 -0.0
3.0 3.0 0.0425827 -0.994959
3.0 3.0 0.032506 -0.0
3.0 3.0 0.0320955 -0.0
3.0 3.0 0.0340614 -0.0
3.0 3.0 0.0341115 -0.0
3.0 4.0 0.0285355 -0.0
3.0 4.0 0.0287528 -0.0
3.0 4.0 0.0341689 -0.994959
3.0 4.0 0.0285519 -0.0
3.0 4.0 0.0278654 -0.0
3.0 4.0 0.0313073 -0.0
3.0 4.0 0.0319436 -0.994959
3.0 4.0 0.027972 -0.0
3.0 4.0 0.0315728 -0.0
3.0 4.0 0.0281026 -0.0
3.0 4.0 0.0318386 -0.994959
3.0 4.0 0.0307461 -0.994959
3.0 4.0 0.0313954 -0.994959
3.0 4.0 0.0309043 -0.0
3.0 4.0 0.0270447 -0.0
3.0 4.0 0.0287512 -0.0
3.0 4.0 0.0316197 -0.994959
3.0 4.0 0.0315884 -0.994959
3.0 4.0 0.0274634 -0.0
3.0 4.0 0.0321201 -0.0
3.0 4.0 0.0270627 -0.0
3.0 4.0 0.0311938 -0.0
3.0 4.0 0.0332186 -0.994959
3.0 4.0 0.0317965 -0.0
3.0 4.0 0.0287118 -0.0
3.0 4.0 0.0280576 -0.0
3.0 4.0 0.0283825 -0.0
3.0 4.0 0.0312201 -0.0
3.0 4.0 0.0284996 -0.0
3.0 4.0 0.0373004 -0.0
3.0 4.0 0.028491 -0.0
3.0 4.0 0.0285565 -0.0
3.0 4.0 0.0277233 -0.0
3.0 4.0 0.0307668 -0.0
3.0 4.0 0.0311415 -0.994959
3.0 4.0 0.0334348 -0.0
3.0 4.0 0.0317716 -0.0
3.0 4.0 0.0313148 -0.994959
3.0 4.0 0.0290808 -0.0
3.0 4.0 0.0288568 -0.0
3.0 4.0 0.0327652 -0.0
3.0 4.0 0.032535 -0.994959
3.0 4.0 0.0275152 -0.0
3.0 4.0 0.0310036 -0.0
3.0 4.0 0.0288865 -0.0
3.0 4.0 0.0326468 -0.0
3.0 4.0 0.0328254 -0.0
3.0 4.0 0.0319683 -0.0
3.0 4.0 0.0324778 -0.994959
3.0 4.0 0.0283616 -0.0
3.0 5.0 0.0547095 -0.0
3.0 5.0 0.0567167 -0.0
3.0 5.0 0.0533184 -0.0
3.0 5.0 0.0563191 -0.994959
3.0 5.0 0.057574 -0.0
3.0 5.0 0.0570357 -0.0
3.0 5.0 0.0531972 -0.0
3.0 5.0 0.0579063 -0.0
3.0 5.0 0.0600914 -0.0
3.0 5.0 0.0613953 -0.994959
3.0 5.0 0.056077 -0.0
3.0 5.0 0.0550962 -0.0
3.0 5.0 0.0571293 -0.0
3.0 5.0 0.0577447 -0.0
3.0 5.0 0.0606889 -0.994959
3.0 5.0 0.0551926 -0.0
3.0 5.0 0.0621467 -0.994959
3.0 5.0 0.054021 -0.0
3.0 5.0 0.0563963 -3.97983
3.0 5.0 0.0581931 -0.0
3.0 5.0 0.0523961 -0.0
3.0 5.0 0.0491725 -0.0
3.0 5.0 0.0551522 -0.0
3.0 5.0 0.0582367 -0.0
3.0 5.0 0.0600704 -0.0
3.0 5.0 0.0531259 -0.0
3.0 5.0 0.0525124 -0.0
3.0 5.0 0.0670616 -0.994959
3.0 5.0 0.0581332 -0.0
3.0 5.0 0.0517772 -0.0
3.0 5.0 0.0564906 -0.994959
3.0 5.0 0.0545746 -0.994959
3.0 5.0 0.0581659 -0.0
3.0 5.0 0.056962 -0.0
3.0 5.0 0.0671167 -0.0
3.0 5.0 0.0564855 -0.0
3.0 5.0 0.0704763 -0.0
3.0 5.0 0.0555036 -0.0
3.0 5.0 0.0555229 -0.0
3.0 5.0 0.0583337 -0.0
3.0 5.0 0.0551877 -0.0
3.0 5.0 0.0536471 -0.0
3.0 5.0 0.0583065 -0.0
3.0 5.0 0.0611753 -0.994959
3.0 5.0 0.0563227 -0.0
3.0 5.0 0.0564962 -0.0
3.0 5.0 0.0567957 -0.0
3.0 5.0 0.0528167 -0.0
3.0 5.0 0.0676565 -0.0
3.0 5.0 0.0609025 -0.0
3.0 6.0 0.0548619 -0.0
3.0 6.0 0.0569899 -0.994959
3.0 6.0 0.0536764 -0.0
3.0 6.0 0.0561138 -0.994959
3.0 6.0 0.0535047 -0.0
3.0 6.0 0.0603102 -0.994959
3.0 6.0 0.0572348 -0.0
3.0 6.0 0.0577724 -0.0
3.0 6.0 0.0623448 -0.0
3.0 6.0 0.0526213 -0.0
3.0 6.0 0.058544 -0.0
3.0 6.0 0.0532226 -0.0
3.0 6.0 0.0589199 -0.0
3.0 6.0 0.0591731 -0.994959
3.0 6.0 0.0544235 -0.994959
3.0 6.0 0.0538071 -0.0
3.0 6.0 0.0540556 -0.0
3.0 6.0 0.054082 -0.0
3.0 6.0 0.0541947 -0.0
3.0 6.0 0.0576091 -0.0
3.0 6.0 0.0592631 -0.0
3.0 6.0 0.0584095 -0.0
3.0 6.0 0.0568235 -0.0
3.0 6.0 0.0589845 -0.0
3.0 6.0 0.0594135 -0.0
3.0 6.0 0.0577961 -0.0
3.0 6.0 0.0585072 -0.0
3.0 6.0 0.0567259 -0.0
3.0 6.0 0.0572031 -0.994959
3.0 6.0 0.0546701 -0.0
3.0 6.0 0.0576801 -0.0
3.0 6.0 0.0609162 -0.0
3.0 6.0 0.0521775 -0.0
3.0 6.0 0.0559522 -0.0
3.0 6.0 0.0582327 -0.0
3.0 6.0 0.0580103 -0.994959
3.0 6.0 0.0559558 -0.0
3.0 6.0 0.0591124 -0.994959
3.0 6.0 0.0624773 -0.994959
3.0 6.0 0.0570237 -0.994959
3.0 6.0 0.0603658 -0.994959
3.0 6.0 0.0544835 -0.0
3.0 6.0 0.0565128 -0.0
3.0 6.0 0.0630458 -0.0
3.0 6.0 0.0547243 -0.0
3.0 6.0 0.0609027 -0.994959
3.0 6.0 0.0554978 -0.0
3.0 6.0 0.0589312 -0.0
3.0 6.0 0.0570952 -0.0
3.0 6.0 0.0605227 -0.0
3.0 7.0 0.0524108 -0.994959
3.0 7.0 0.0535571 -0.994959
3.0 7.0 0.0515273 -0.0
3.0 7.0 0.0514507 -0.0
3.0 7.0 0.0542464 -0.0
3.0 7.0 0.0764967 -0.0
3.0 7.0 0.0414012 -0.0
3.0 7.0 0.0545165 -0.994959
3.0 7.0 0.0426073 -0.0
3.0 7.0 0.0496694 -0.0
3.0 7.0 0.0530425 -0.994959
3.0 7.0 0.0521686 -0.0
3.0 7.0 0.0579382 -0.994959
3.0 7.0 0.0544449 -0.994959
3.0 7.0 0.0516908 -0.0
3.0 7.0 0.0514851 -1.98992
3.0 7.0 0.0698056 -0.0
3.0 7.0 0.0589706 -0.994959
3.0 7.0 0.052693 -0.994959
3.0 7.0 0.0415753 -0.0
3.0 7.0 0.0501715 -0.0
3.0 7.0 0.0511362 -0.0
3.0 7.0 0.0420728 -0.994959
3.0 7.0 0.0604461 -0.994959
3.0 7.0 0.0532332 -0.994959
3.0 7.0 0.0583196 -0.0
3.0 7.0 0.0552717 -0.0
3.0 7.0 0.05506 -0.0
3.0 7.0 0.0477452 -0.0
3.0 7.0 0.0576284 -1.98992
3.0 7.0 0.0537811 -0.994959
3.0 7.0 0.0610708 -0.0
3.0 7.0 0.0588522 -0.0
3.0 7.0 0.0432477 -0.0
3.0 7.0 0.0507091 -0.0
3.0 7.0 0.0597428 -0.994959
3.0 7.0 0.0541819 -0.994959
3.0 7.0 0.0438743 -0.0
3.0 7.0 0.0553308 -0.0
3.0 7.0 0.0433358 -0.994959
3.0 7.0 0.069532 -0.0
3.0 7.0 0.0529448 -0.994959
3.0 7.0 0.0580157 -0.0
3.0 7.0 0.0503473 -0.0
3.0 7.0 0.0503028 -0.994959
3.0 7.0 0.0571115 -0.0
3.0 7.0 0.0540569 -0.994959
3.0 7.0 0.0520456 -0.0
3.0 7.0 0.0584861 -0.0
3.0 7.0 0.0512341 -0.0
4.0 1.0 0.313345 99.9851
4.0 1.0 0.310925 99.9851
4.0 1.0 0.324263 99.9563
4.0 1.0 0.308229 99.9633
4.0 1.0 0.321119 99.9998
4.0 1.0 0.319361 99.9907
4.0 1.0 0.34593 99.9883
4.0 1.0 0.324876 99.9752
4.0 1.0 0.370453 99.9515
4.0 1.0 0.326151 99.9851
4.0 1.0 0.324383 99.9546
4.0 1.0 0.394263 99.983
4.0 1.0 0.354926 99.9778
4.0 1.0 0.330977 99.9871
4.0 1.0 0.31431 99.9851
4.0 1.0 0.368026 99.9987
4.0 1.0 0.327239 99.9851
4.0 1.0 0.320176 99.9992
4.0 1.0 0.356 99.9669
4.0 1.0 0.353598 99.9889
4.0 1.0 0.311813 99.9871
4.0 1.0 0.309345 99.9851
4.0 1.0 0.319082 99.9942
4.0 1.0 0.320115 99.9955
4.0 1.0 0.36408 99.9747
4.0 1.0 0.308106 99.9859
4.0 1.0 0.341532 99.9852
4.0 1.0 0.352551 99.9846
4.0 1.0 0.314658 99.9851
4.0 1.0 0.32014 99.9569
4.0 1.0 0.314932 99.9828
4.0 1.0 0.326493 99.9876
4.0 1.0 0.318827 99.9851
4.0 1.0 0.287416 99.936
4.0 1.0 0.306482 99.9323
4.0 1.0 0.394527 99.9845
4.0 1.0 0.329156 99.9812
4.0 1.0 0.308599 99.9851
4.0 1.0 0.312936 99.9536
4.0 1.0 0.333017 99.9714
4.0 1.0 0.312665 99.9895
4.0 1.0 0.37054 99.9669
4.0 1.0 0.334259 99.9997
4.0 1.0 0.364617 99.9796
4.0 1.0 0.348112 99.979
4.0 1.0 0.37034 99.9851
4.0 1.0 0.393933 99.9984
4.0 1.0 0.337208 99.9666
4.0 1.0 0.31574 99.9918
4.0 1.0 0.356453 99.9851
4.0 2.0 0.166408 99.9818
4.0 2.0 0.168605 99.9958
4.0 2.0 0.175398 99.9867
4.0 2.0 0.173736 99.9797
4.0 2.0 0.187646 99.9995
4.0 2.0 0.179137 99.9546
4.0 2.0 0.181028 99.9594
4.0 2.0 0.194174 99.9762
4.0 2.0 0.177397 99.9816
4.0 2.0 0.176902 99.9545
4.0 2.0 0.192083 99.9515
4.0 2.0 0.187119 99.9898
4.0 2.0 0.174368 99.9752
4.0 2.0 0.191862 99.9762
4.0 2.0 0.160044 99.9156
4.0 2.0 0.185483 99.9762
4.0 2.0 0.174183 99.9878
4.0 2.0 0.187285 99.9873
4.0 2.0 0.181925 99.9528
4.0 2.0 0.166222 99.9396
4.0 2.0 0.184855 99.9898
4.0 2.0 0.181401 99.9509
4.0 2.0 0.168539 99.9546
4.0 2.0 0.181495 99.9762
4.0 2.0 0.18865 99.9752
4.0 2.0 0.197096 99.9822
4.0 2.0 0.170112 99.9583
4.0 2.0 0.177905 99.9515
4.0 2.0 0.178054 99.9695
4.0 2.0 0.186897 99.962
4.0 2.0 0.168518 99.9903
4.0 2.0 0.180338 99.9957
4.0 2.0 0.170643 99.964
4.0 2.0 0.213476 99.9889
4.0 2.0 0.181712 99.9711
4.0 2.0 0.166285 99.9493
4.0 2.0 0.190353 99.9606
4.0 2.0 0.191076 99.9762
4.0 2.0 0.177508 99.9983
4.0 2.0 0.185426 99.9515
4.0 2.0 0.179132 99.9885
4.0 2.0 0.168085 99.9924
4.0 2.0 0.178787 99.9544
4.0 2.0 0.170116 99.9298
4.0 2.0 0.1718 99.9792
4.0 2.0 0.197019 99.9844
4.0 2.0 0.163687 99.966
4.0 2.0 0.181646 99.936
4.0 2.0 0.189253 99.9334
4.0 2.0 0.163119 99.998
4.0 3.0 0.126856 99.9589
4.0 3.0 0.132515 99.9812
4.0 3.0 0.135527 99.9947
4.0 3.0 0.13599 99.9752
4.0 3.0 0.128048 99.966
4.0 3.0 0.126709 99.981
4.0 3.0 0.133692 99.9789
4.0 3.0 0.130437 99.9243
4.0 3.0 0.129098 99.8878
4.0 3.0 0.127489 99.9932
4.0 3.0 0.132602 99.9541
4.0 3.0 0.134406 99.9909
4.0 3.0 0.133615 99.9802
4.0 3.0 0.129999 99.9546
4.0 3.0 0.1271 99.9691
4.0 3.0 0.139008 99.9404
4.0 3.0 0.134763 99.9696
4.0 3.0 0.135454 99.9047
4.0 3.0 0.138494 99.9894
4.0 3.0 0.127194 99.997
4.0 3.0 0.133494 99.9767
4.0 3.0 0.135948 99.9731
4.0 3.0 0.132286 99.9572
4.0 3.0 0.130838 99.9758
4.0 3.0 0.121265 99.9554
4.0 3.0 0.138649 99.9546
4.0 3.0 0.140071 99.9546
4.0 3.0 0.124991 99.9603
4.0 3.0 0.139058 99.9695
4.0 3.0 0.132594 99.9362
4.0 3.0 0.129819 99.9546
4.0 3.0 0.13172 99.9084
4.0 3.0 0.130938 99.953
4.0 3.0 0.137436 99.9076
4.0 3.0 0.125376 99.9792
4.0 3.0 0.125835 99.8952
4.0 3.0 0.137835 99.9964
4.0 3.0 0.126774 99.9901
4.0 3.0 0.147975 99.9515
4.0 3.0 0.128907 99.9979
4.0 3.0 0.14581 99.9515
4.0 3.0 0.127983 99.9546
4.0 3.0 0.133239 99.9994
4.0 3.0 0.132056 99.9752
4.0 3.0 0.1292 99.9546
4.0 3.0 0.139985 99.9749
4.0 3.0 0.126589 99.9795
4.0 3.0 0.149757 99.8666
4.0 3.0 0.132578 99.9918
4.0 3.0 0.136015 99.9804
4.0 4.0 0.101618 99.8696
4.0 4.0 0.100987 99.9973
4.0 4.0 0.105815 99.9752
4.0 4.0 0.103372 99.9737
4.0 4.0 0.104942 99.9901
4.0 4.0 0.103966 99.9793
4.0 4.0 0.101121 99.9725
4.0 4.0 0.1049 99.9156
4.0 4.0 0.105988 99.9515
4.0 4.0 0.103626 99.9963
4.0 4.0 0.10594 99.8355
4.0 4.0 0.110512 99.9034
4.0 4.0 0.102017 99.9857
4.0 4.0 0.102601 99.9945
4.0 4.0 0.104591 99.9048
4.0 4.0 0.103004 99.929
4.0 4.0 0.106502 99.8946
4.0 4.0 0.104444 99.9886
4.0 4.0 0.104849 99.9546
4.0 4.0 0.101549 99.9643
4.0 4.0 0.108941 99.9515
4.0 4.0 0.0992325 99.9728
4.0 4.0 0.103521 99.9692
4.0 4.0 0.105694 99.9307
4.0 4.0 0.105591 99.9156
4.0 4.0 0.102635 99.9606
4.0 4.0 0.101011 99.9268
4.0 4.0 0.102203 99.9062
4.0 4.0 0.101571 99.8829
4.0 4.0 0.102731 99.924
4.0 4.0 0.105033 99.9285
4.0 4.0 0.101182 99.9786
4.0 4.0 0.100373 99.9718
4.0 4.0 0.104247 99.9193
4.0 4.0 0.107196 99.9583
4.0 4.0 0.102132 99.948
4.0 4.0 0.100062 99.9968
4.0 4.0 0.104012 99.9055
4.0 4.0 0.106907 99.8926
4.0 4.0 0.099631 99.9546
4.0 4.0 0.107175 99.9762
4.0 4.0 0.10827 99.9515
4.0 4.0 0.101962 99.9515
4.0 4.0 0.100246 99.942
4.0 4.0 0.105358 99.7756
4.0 4.0 0.098798 99.9515
4.0 4.0 0.100462 99.8996
4.0 4.0 0.100956 99.9243
4.0 4.0 0.101104 99.9884
4.0 4.0 0.09815 99.9524
4.0 5.0 0.184065 99.8613
4.0 5.0 0.179099 99.9915
4.0 5.0 0.184675 99.9515
4.0 5.0 0.170145 99.9726
4.0 5.0 0.175072 99.9525
4.0 5.0 0.178847 99.9515
4.0 5.0 0.189041 99.9762
4.0 5.0 0.180482 99.9546
4.0 5.0 0.186703 99.924
4.0 5.0 0.175389 99.997
4.0 5.0 0.171052 99.9117
4.0 5.0 0.174689 99.9515
4.0 5.0 0.17952 99.9244
4.0 5.0 0.169842 99.9342
4.0 5.0 0.176571 99.9156
4.0 5.0 0.170769 99.967
4.0 5.0 0.163715 99.9734
4.0 5.0 0.180361 99.9492
4.0 5.0 0.175194 99.9822
4.0 5.0 0.178314 99.9405
4.0 5.0 0.176566 99.9752
4.0 5.0 0.167118 99.844
4.0 5.0 0.159998 99.9187
4.0 5.0 0.184149 99.9468
4.0 5.0 0.18223 99.888
4.0 5.0 0.175088 99.9762
4.0 5.0 0.180919 99.9515
4.0 5.0 0.162384 99.974
4.0 5.0 0.180253 99.9533
4.0 5.0 0.176813 99.9063
4.0 5.0 0.161049 99.9515
4.0 5.0 0.166391 99.9654
4.0 5.0 0.175206 99.916
4.0 5.0 0.168637 99.9752
4.0 5.0 0.170036 99.9485
4.0 5.0 0.182178 99.924
4.0 5.0 0.17714 99.8703
4.0 5.0 0.177064 99.9416
4.0 5.0 0.159839 99.9752
4.0 5.0 0.176794 99.9764
4.0 5.0 0.169755 99.985
4.0 5.0 0.176346 99.9664
4.0 5.0 0.180632 99.8164
4.0 5.0 0.182179 99.9384
4.0 5.0 0.163577 99.9752
4.0 5.0 0.179634 99.9689
4.0 5.0 0.183709 99.9752
4.0 5.0 0.178021 99.9255
4.0 5.0 0.177765 99.924
4.0 5.0 0.176032 99.9931
4.0 6.0 0.15558 99.8684
4.0 6.0 0.177621 99.9197
4.0 6.0 0.161211 99.9762
4.0 6.0 0.162862 99.9667
4.0 6.0 0.154063 99.8628
4.0 6.0 0.160154 99.9309
4.0 6.0 0.160579 99.9818
4.0 6.0 0.155374 99.9515
4.0 6.0 0.162176 99.9752
4.0 6.0 0.164211 99.9752
4.0 6.0 0.177983 99.924
4.0 6.0 0.17085 99.7925
4.0 6.0 0.167195 99.9752
4.0 6.0 0.172317 99.9406
4.0 6.0 0.165085 99.8857
4.0 6.0 0.178248 99.9515
4.0 6.0 0.158758 99.8689
4.0 6.0 0.159514 99.7508
4.0 6.0 0.153909 99.9156
4.0 6.0 0.176173 99.9515
4.0 6.0 0.16386 99.9408
4.0 6.0 0.169331 99.9908
4.0 6.0 0.175424 99.9657
4.0 6.0 0.170821 99.9942
4.0 6.0 0.172664 99.924
4.0 6.0 0.156814 99.9939
4.0 6.0 0.165541 99.9923
4.0 6.0 0.167478 99.9427
4.0 6.0 0.153973 99.9793
4.0 6.0 0.171572 99.8799
4.0 6.0 0.171844 99.9515
4.0 6.0 0.15676 99.9723
4.0 6.0 0.168946 99.94
4.0 6.0 0.168117 99.9552
4.0 6.0 0.167884 99.9913
4.0 6.0 0.160627 99.9242
4.0 6.0 0.16238 99.9546
4.0 6.0 0.167696 99.9494
4.0 6.0 0.164827 99.9451
4.0 6.0 0.159829 99.8613
4.0 6.0 0.164514 99.9645
4.0 6.0 0.160778 99.9547
4.0 6.0 0.170563 99.9546
4.0 6.0 0.158669 99.924
4.0 6.0 0.161849 99.9984
4.0 6.0 0.158628 99.9199
4.0 6.0 0.167853 99.9515
4.0 6.0 0.164119 99.9449
4.0 6.0 0.170235 99.9839
4.0 6.0 0.171393 99.9285
4.0 7.0 0.140976 99.9395
4.0 7.0 0.140976 99.9395
4.0 7.0 0.140976 99.9395
4.0 7.0 0.140976 99.9395
4.0 7.0 0.140976 99.9395
4.0 7.0 0.140976 99.9395
4.0 7.0 0.140976 99.9395
4.0 7.0 0.140976 99.9395
4.0 7.0 0.140976 99.9395
4.0 7.0 0.140976 99.9395
4.0 7.0 0.140976 99.9395
4.0 7.0 0.140976 99.9395
4.0 7.0 0.140976 99.9395
4.0 7.0 0.140976 99.9395
4.0 7.0 0.140976 99.9395
4.0 7.0 0.140976 99.9395
4.0 7.0 0.140976 99.9395
4.0 7.0 0.140976 99.9395
4.0 7.0 0.140976 99.9395
4.0 7.0 0.140976 99.9395
4.0 7.0 0.140976 99.9395
4.0 7.0 0.140976 99.9395
4.0 7.0 0.140976 99.9395
4.0 7.0 0.140976 99.9395
4.0 7.0 0.140976 99.9395
4.0 7.0 0.140976 99.9395
4.0 7.0 0.140976 99.9395
4.0 7.0 0.140976 99.9395
4.0 7.0 0.140976 99.9395
4.0 7.0 0.140976 99.9395
4.0 7.0 0.140976 99.9395
4.0 7.0 0.140976 99.9395
4.0 7.0 0.140976 99.9395
4.0 7.0 0.140976 99.9395
4.0 7.0 0.140976 99.9395
4.0 7.0 0.140976 99.9395
4.0 7.0 0.140976 99.9395
4.0 7.0 0.140976 99.9395
4.0 7.0 0.140976 99.9395
4.0 7.0 0.140976 99.9395
4.0 7.0 0.140976 99.9395
4.0 7.0 0.140976 99.9395
4.0 7.0 0.140976 99.9395
4.0 7.0 0.140976 99.9395
4.0 7.0 0.140976 99.9395
4.0 7.0 0.140976 99.9395
4.0 7.0 0.140976 99.9395
4.0 7.0 0.140976 99.9395
4.0 7.0 0.140976 99.9395
4.0 7.0 0.140976 99.9395
5.0 1.0 55.0991 -20.9406
5.0 1.0 55.3157 -21.0462
5.0 1.0 55.1484 -20.9406
5.0 1.0 55.2496 -21.0462
5.0 1.0 55.0303 -20.9406
5.0 1.0 55.5363 -21.0462
5.0 1.0 55.6972 -20.797
5.0 1.0 55.2337 -20.9406
5.0 1.0 55.477 -20.9406
5.0 1.0 55.4366 -20.797
5.0 1.0 55.4096 -20.797
5.0 1.0 55.4065 -20.9406
5.0 1.0 55.4807 -20.797
5.0 1.0 55.1447 -21.0462
5.0 1.0 59.2885 -20.9406
5.0 1.0 55.5475 -20.797
5.0 1.0 55.4786 -20.797
5.0 1.0 55.498 -20.9406
5.0 1.0 55.1254 -21.0462
5.0 1.0 55.0008 -21.0462
5.0 1.0 55.3652 -20.9406
5.0 1.0 55.2228 -20.9406
5.0 1.0 55.29 -21.0462
5.0 1.0 55.1528 -20.9406
5.0 1.0 55.4572 -20.9406
5.0 1.0 55.2664 -20.9406
5.0 1.0 55.1166 -20.9406
5.0 1.0 55.2663 -20.9406
5.0 1.0 55.1419 -21.0462
5.0 1.0 55.7359 -20.797
5.0 1.0 55.5581 -21.0462
5.0 1.0 55.4936 -20.797
5.0 1.0 55.4548 -20.9406
5.0 1.0 55.4186 -21.0462
5.0 1.0 55.3645 -20.797
5.0 1.0 55.5587 -20.797
5.0 1.0 55.1035 -21.0462
5.0 1.0 55.2166 -20.9406
5.0 1.0 55.1527 -21.0462
5.0 1.0 57.1964 -20.9406
5.0 1.0 55.4195 -20.797
5.0 1.0 55.2446 -20.9406
5.0 1.0 55.2155 -21.0462
5.0 1.0 55.4528 -20.9406
5.0 1.0 54.8887 -21.0462
5.0 1.0 55.4219 -20.9406
5.0 1.0 55.5321 -20.797
5.0 1.0 55.0905 -20.9406
5.0 1.0 55.1403 -21.0462
5.0 1.0 55.0923 -20.797
5.0 2.0 27.519 -21.0462
5.0 2.0 27.9143 -21.0462
5.0 2.0 27.8664 -21.0462
5.0 2.0 27.5643 -21.0462
5.0 2.0 28.0385 -20.797
5.0 2.0 27.6482 -20.797
5.0 2.0 27.8698 -20.9406
5.0 2.0 27.8618 -21.0462
5.0 2.0 27.8477 -20.9406
5.0 2.0 27.7926 -20.9406
5.0 2.0 27.9173 -20.9406
5.0 2.0 27.9089 -20.9406
5.0 2.0 27.9279 -20.9406
5.0 2.0 27.8623 -21.0462
5.0 2.0 27.764 -21.0462
5.0 2.0 29.1931 -20.9406
5.0 2.0 27.6936 -20.9406
5.0 2.0 27.8839 -20.9406
5.0 2.0 27.5176 -20.9406
5.0 2.0 27.9047 -20.8185
5.0 2.0 27.8754 -21.0462
5.0 2.0 27.9256 -20.9406
5.0 2.0 27.8412 -20.9406
5.0 2.0 28.092 -20.9406
5.0 2.0 27.5674 -21.0462
5.0 2.0 27.6523 -20.797
5.0 2.0 27.9518 -21.0462
5.0 2.0 28.0452 -20.797
5.0 2.0 27.629 -20.797
5.0 2.0 27.6776 -20.9406
5.0 2.0 28.0697 -20.797
5.0 2.0 27.8446 -21.0462
5.0 2.0 27.5386 -20.9406
5.0 2.0 27.5715 -21.0462
5.0 2.0 27.5824 -20.9406
5.0 2.0 27.6882 -20.797
5.0 2.0 29.1468 -21.0462
5.0 2.0 27.5282 -21.0462
5.0 2.0 28.0959 -20.797
5.0 2.0 27.8523 -20.9406
5.0 2.0 27.8207 -21.0462
5.0 2.0 27.8915 -21.0462
5.0 2.0 27.9259 -20.797
5.0 2.0 27.8993 -21.0462
5.0 2.0 27.6585 -20.9406
5.0 2.0 27.7127 -20.797
5.0 2.0 27.5227 -21.0462
5.0 2.0 27.8452 -21.0462
5.0 2.0 27.8377 -21.0462
5.0 2.0 27.8869 -20.9406
5.0 3.0 18.8868 -21.0462
5.0 3.0 20.971 -20.797
5.0 3.0 18.8719 -20.9406
5.0 3.0 18.806 -21.0462
5.0 3.0 18.9306 -21.0462
5.0 3.0 18.7897 -20.797
5.0 3.0 18.8052 -21.0462
5.0 3.0 18.8165 -21.0462
5.0 3.0 18.8743 -21.0462
5.0 3.0 18.9557 -20.797
5.0 3.0 18.913 -21.0462
5.0 3.0 18.8285 -20.9406
5.0 3.0 18.8297 -20.9406
5.0 3.0 18.7118 -21.0462
5.0 3.0 18.7991 -20.9406
5.0 3.0 18.8149 -21.0462
5.0 3.0 18.8763 -20.9406
5.0 3.0 18.8799 -21.0462
5.0 3.0 18.9244 -20.9406
5.0 3.0 20.5918 -20.9406
5.0 3.0 18.8019 -21.0462
5.0 3.0 19.1046 -20.797
5.0 3.0 18.846 -20.9406
5.0 3.0 18.8611 -20.9406
5.0 3.0 18.8546 -21.0462
5.0 3.0 18.8582 -20.9406
5.0 3.0 18.8766 -21.0462
5.0 3.0 18.8172 -21.0462
5.0 3.0 18.9208 -20.9406
5.0 3.0 18.8695 -20.9406
5.0 3.0 18.8787 -20.9406
5.0 3.0 19.1481 -20.797
5.0 3.0 18.8535 -20.9406
5.0 3.0 19.0529 -20.797
5.0 3.0 18.8828 -20.9406
5.0 3.0 18.8871 -21.0462
5.0 3.0 19.1625 -20.797
5.0 3.0 18.8972 -20.9406
5.0 3.0 19.8164 -20.9406
5.0 3.0 18.947 -20.9406
5.0 3.0 19.1942 -20.7991
5.0 3.0 18.8871 -20.9406
5.0 3.0 18.8619 -20.9406
5.0 3.0 18.809 -21.0462
5.0 3.0 18.8511 -21.0462
5.0 3.0 18.8273 -20.9406
5.0 3.0 18.8046 -20.9406
5.0 3.0 18.8807 -20.9406
5.0 3.0 19.1635 -20.8016
5.0 3.0 18.8426 -21.0462
5.0 4.0 13.8911 -20.9406
5.0 4.0 13.848 -20.9406
5.0 4.0 14.0807 -20.7985
5.0 4.0 14.0023 -20.797
5.0 4.0 13.9742 -20.7976
5.0 4.0 14.0706 -20.9406
5.0 4.0 13.8438 -21.1628
5.0 4.0 13.8577 -20.9406
5.0 4.0 14.0824 -20.797
5.0 4.0 14.0542 -20.797
5.0 4.0 13.84 -21.0462
5.0 4.0 14.0259 -20.9406
5.0 4.0 13.8377 -20.9406
5.0 4.0 14.1003 -21.1628
5.0 4.0 13.854 -21.0462
5.0 4.0 13.8646 -20.9406
5.0 4.0 13.8334 -21.0462
5.0 4.0 13.845 -20.9406
5.0 4.0 14.0866 -20.9406
5.0 4.0 13.845 -20.9406
5.0 4.0 14.0107 -21.0462
5.0 4.0 13.8552 -21.0462
5.0 4.0 13.8483 -20.9406
5.0 4.0 14.0291 -20.8265
5.0 4.0 13.8771 -21.0462
5.0 4.0 13.8501 -21.0462
5.0 4.0 13.8512 -21.0462
5.0 4.0 14.0328 -21.1628
5.0 4.0 13.8566 -20.9406
5.0 4.0 14.1065 -21.0462
5.0 4.0 14.0588 -20.9406
5.0 4.0 13.9965 -20.797
5.0 4.0 13.853 -20.9406
5.0 4.0 13.849 -20.9406
5.0 4.0 13.9832 -20.797
5.0 4.0 14.0739 -21.0462
5.0 4.0 13.8345 -20.9406
5.0 4.0 13.84 -21.0462
5.0 4.0 13.8538 -20.9406
5.0 4.0 14.0381 -20.9406
5.0 4.0 14.0621 -21.0462
5.0 4.0 13.8562 -21.0462
5.0 4.0 14.0798 -21.0462
5.0 4.0 13.8478 -21.0462
5.0 4.0 14.0188 -20.797
5.0 4.0 13.8548 -20.9406
5.0 4.0 13.9972 -20.9406
5.0 4.0 13.8383 -20.9406
5.0 4.0 14.0935 -21.0462
5.0 4.0 13.9649 -21.0462
5.0 5.0 12.2607 -20.9406
5.0 5.0 12.6322 -20.8265
5.0 5.0 12.201 -20.9406
5.0 5.0 12.3409 -20.797
5.0 5.0 12.6681 -20.797
5.0 5.0 11.1733 -21.1628
5.0 5.0 12.4912 -20.9406
5.0 5.0 11.994 -21.0462
5.0 5.0 12.1962 -20.9406
5.0 5.0 11.1488 -21.0462
5.0 5.0 12.1444 -20.9406
5.0 5.0 11.3016 -20.8271
5.0 5.0 12.2005 -20.9406
5.0 5.0 12.24 -20.9406
5.0 5.0 12.3225 -21.0462
5.0 5.0 11.2674 -21.0462
5.0 5.0 12.1874 -20.9406
5.0 5.0 12.6947 -20.797
5.0 5.0 12.4219 -20.9406
5.0 5.0 12.1957 -21.0462
5.0 5.0 12.3482 -20.797
5.0 5.0 11.2687 -20.9406
5.0 5.0 12.2932 -20.797
5.0 5.0 12.3167 -21.0462
5.0 5.0 12.3233 -21.1828
5.0 5.0 12.2052 -21.0462
5.0 5.0 12.2444 -20.9406
5.0 5.0 11.2625 -20.9406
5.0 5.0 12.1772 -21.0462
5.0 5.0 12.2096 -21.0462
5.0 5.0 11.2714 -21.0462
5.0 5.0 11.2567 -21.1628
5.0 5.0 12.3089 -21.0462
5.0 5.0 12.453 -21.0462
5.0 5.0 12.4737 -21.0462
5.0 5.0 11.2227 -20.797
5.0 5.0 11.3532 -20.8265
5.0 5.0 12.3286 -20.8013
5.0 5.0 12.0122 -21.0462
5.0 5.0 11.2266 -20.9406
5.0 5.0 12.1954 -21.0462
5.0 5.0 12.3261 -21.0462
5.0 5.0 11.3992 -20.9406
5.0 5.0 11.399 -20.797
5.0 5.0 11.5183 -21.0462
5.0 5.0 11.3661 -20.8265
5.0 5.0 12.3857 -20.9406
5.0 5.0 12.3135 -21.0462
5.0 5.0 11.2967 -20.9406
5.0 5.0 12.4062 -20.9406
5.0 6.0 12.048 -20.9406
5.0 6.0 11.795 -21.0462
5.0 6.0 11.931 -21.0462
5.0 6.0 11.0778 -21.0462
5.0 6.0 11.8486 -20.9406
5.0 6.0 11.8018 -21.0462
5.0 6.0 11.8811 -21.0462
5.0 6.0 11.2638 -20.9406
5.0 6.0 11.076 -20.9406
5.0 6.0 11.9061 -20.7983
5.0 6.0 11.7522 -20.9406
5.0 6.0 11.1181 -21.0462
5.0 6.0 11.7869 -21.0462
5.0 6.0 11.9091 -21.0462
5.0 6.0 11.9277 -20.8265
5.0 6.0 11.1079 -21.0462
5.0 6.0 11.2621 -21.0462
5.0 6.0 11.7857 -20.9406
5.0 6.0 11.8923 -20.9406
5.0 6.0 11.8461 -21.0462
5.0 6.0 11.148 -21.1828
5.0 6.0 12.1997 -20.8265
5.0 6.0 11.8894 -21.0462
5.0 6.0 11.7808 -20.9406
5.0 6.0 11.1929 -20.797
5.0 6.0 11.1172 -21.0462
5.0 6.0 11.8325 -20.9406
5.0 6.0 11.1504 -20.9406
5.0 6.0 12.0857 -20.797
5.0 6.0 12.0834 -20.9406
5.0 6.0 11.2512 -20.9406
5.0 6.0 11.1122 -21.0462
5.0 6.0 11.9295 -20.9406
5.0 6.0 11.1421 -20.9406
5.0 6.0 12.1015 -20.9406
5.0 6.0 11.8453 -20.9406
5.0 6.0 11.7593 -21.0462
5.0 6.0 12.3894 -21.0462
5.0 6.0 11.9792 -20.9406
5.0 6.0 11.137 -21.0462
5.0 6.0 11.1433 -21.0462
5.0 6.0 11.0924 -21.0462
5.0 6.0 11.118 -21.0462
5.0 6.0 11.1187 -21.1828
5.0 6.0 11.8886 -20.9406
5.0 6.0 11.1308 -20.8396
5.0 6.0 12.2245 -21.0462
5.0 6.0 11.823 -20.8411
5.0 6.0 12.1047 -20.9406
5.0 6.0 11.7516 -21.0462
5.0 6.0 11.7516 -21.0462
5.0 6.0 11.7516 -21.0462
5.0 6.0 11.7516 -21.0462
5.0 6.0 11.7516 -21.0462
5.0 6.0 11.7516 -21.0462
5.0 6.0 11.7516 -21.0462
5.0 6.0 11.7516 -21.0462
5.0 6.0 11.7516 -21.0462
5.0 6.0 11.7516 -21.0462
5.0 6.0 11.7516 -21.0462
5.0 6.0 11.7516 -21.0462
5.0 6.0 11.7516 -21.0462
5.0 6.0 11.7516 -21.0462
5.0 6.0 11.7516 -21.0462
5.0 6.0 11.7516 -21.0462
5.0 6.0 11.7516 -21.0462
5.0 6.0 11.7516 -21.0462
5.0 6.0 11.7516 -21.0462
5.0 6.0 11.7516 -21.0462
5.0 6.0 11.7516 -21.0462
5.0 6.0 11.7516 -21.0462
5.0 6.0 11.7516 -21.0462
5.0 6.0 11.7516 -21.0462
5.0 6.0 11.7516 -21.0462
5.0 6.0 11.7516 -21.0462
5.0 6.0 11.7516 -21.0462
5.0 6.0 11.7516 -21.0462
5.0 6.0 11.7516 -21.0462
5.0 6.0 11.7516 -21.0462
5.0 6.0 11.7516 -21.0462
5.0 6.0 11.7516 -21.0462
5.0 6.0 11.7516 -21.0462
5.0 6.0 11.7516 -21.0462
5.0 6.0 11.7516 -21.0462
5.0 6.0 11.7516 -21.0462
5.0 6.0 11.7516 -21.0462
5.0 6.0 11.7516 -21.0462
5.0 6.0 11.7516 -21.0462
5.0 6.0 11.7516 -21.0462
5.0 6.0 11.7516 -21.0462
5.0 6.0 11.7516 -21.0462
5.0 6.0 11.7516 -21.0462
5.0 6.0 11.7516 -21.0462
5.0 6.0 11.7516 -21.0462
5.0 6.0 11.7516 -21.0462
5.0 6.0 11.7516 -21.0462
5.0 6.0 11.7516 -21.0462
5.0 6.0 11.7516 -21.0462
5.0 6.0 11.7516 -21.0462
5.0 6.0 11.7516 -21.0462
