0.0 1.0 0.0769864 -0.0
0.0 1.0 0.0852543 -0.0
0.0 1.0 0.0655922 -0.0
0.0 1.0 0.0626954 -0.0
0.0 1.0 0.0729786 -0.0
0.0 1.0 0.0680007 -0.0
0.0 1.0 0.0669806 -0.0
0.0 1.0 0.072227 -0.0
0.0 1.0 0.0803357 -0.0
0.0 1.0 0.11397 -0.00739604
0.0 1.0 0.0830518 -0.0
0.0 1.0 0.0750662 -0.0
0.0 1.0 0.0851349 -0.0
0.0 1.0 0.0719103 -0.0
0.0 1.0 0.0709565 -0.0
0.0 1.0 0.0744178 -0.0
0.0 1.0 0.0605709 -0.0
0.0 1.0 0.0753476 -0.0
0.0 1.0 0.114233 -0.00739604
0.0 1.0 0.120617 -0.00739604
0.0 1.0 0.0649301 -0.0
0.0 1.0 0.119426 -0.00739604
0.0 1.0 0.112001 -0.00739604
0.0 1.0 0.0716769 -0.0
0.0 1.0 0.0714903 -0.0
0.0 1.0 0.126318 -0.00739604
0.0 1.0 0.0729733 -0.0
0.0 1.0 0.0675221 -0.0
0.0 1.0 0.0697813 -0.0
0.0 1.0 0.119074 -0.00739604
0.0 1.0 0.06121 -0.0
0.0 1.0 0.0640186 -0.0
0.0 1.0 0.0684308 -0.0
0.0 1.0 0.0696464 -0.0
0.0 1.0 0.101436 -0.0
0.0 1.0 0.114347 -0.00739604
0.0 1.0 0.0685141 -0.0
0.0 1.0 0.0787411 -0.0
0.0 1.0 0.112129 -0.00739604
0.0 1.0 0.0645667 -0.0
0.0 1.0 0.112803 -0.00739604
0.0 1.0 0.12329 -0.00739604
0.0 1.0 0.0641408 -0.0
0.0 1.0 0.0951316 -0.0
0.0 1.0 0.0632505 -0.0
0.0 1.0 0.122422 -0.00739604
0.0 1.0 0.0606338 -0.0
0.0 1.0 0.0659616 -0.0
0.0 1.0 0.0760427 -0.0
0.0 1.0 0.115056 -0.00739604
0.0 2.0 0.0656059 -0.00739604
0.0 2.0 0.0541611 -0.00986467
0.0 2.0 0.0624329 -0.00739604
0.0 2.0 0.0497258 -0.00986467
0.0 2.0 0.0638924 -0.00739604
0.0 2.0 0.0432355 -0.0
0.0 2.0 0.0403245 -0.0
0.0 2.0 0.0371245 -0.0
0.0 2.0 0.0657098 -0.0
0.0 2.0 0.0386326 -0.0
0.0 2.0 0.0605487 -0.00739604
0.0 2.0 0.064045 -0.00739604
0.0 2.0 0.0362141 -0.0
0.0 2.0 0.0654464 -0.0
0.0 2.0 0.0453261 -0.0
0.0 2.0 0.0630745 -0.00739604
0.0 2.0 0.0415472 -0.0
0.0 2.0 0.0408191 -0.0
0.0 2.0 0.0656467 -0.0
0.0 2.0 0.0635502 -0.00739604
0.0 2.0 0.0647053 -0.00739604
0.0 2.0 0.0662881 -0.0
0.0 2.0 0.0385877 -0.0
0.0 2.0 0.0658299 -0.00739604
0.0 2.0 0.061198 -0.00739604
0.0 2.0 0.0596684 -0.0
0.0 2.0 0.0642858 -0.00739604
0.0 2.0 0.0378768 -0.0
0.0 2.0 0.0623952 -0.00739604
0.0 2.0 0.0656296 -0.00739604
0.0 2.0 0.0654706 -0.0
0.0 2.0 0.0649851 -0.0
0.0 2.0 0.0659115 -0.0
0.0 2.0 0.0386449 -0.0
0.0 2.0 0.0612509 -9.93447e-10
0.0 2.0 0.0670243 -0.00739604
0.0 2.0 0.0655098 -0.0
0.0 2.0 0.0403216 -0.0
0.0 2.0 0.0638343 -0.00739604
0.0 2.0 0.0636429 -0.00739604
0.0 2.0 0.04106 -0.0
0.0 2.0 0.0534233 -0.00986467
0.0 2.0 0.0684574 -0.00739604
0.0 2.0 0.0651929 -0.00739604
0.0 2.0 0.0650219 -0.0
0.0 2.0 0.0669358 -0.00739604
0.0 2.0 0.0677959 -0.0
0.0 2.0 0.062305 -0.0
0.0 2.0 0.0430224 -0.0
0.0 2.0 0.0640382 -0.00739604
0.0 3.0 0.0485018 -0.0
0.0 3.0 0.0484467 -0.00986467
0.0 3.0 0.0486386 -0.0295842
0.0 3.0 0.0488331 -0.0
0.0 3.0 0.0483727 -0.0
0.0 3.0 0.040311 -0.0
0.0 3.0 0.0478374 -0.00739604
0.0 3.0 0.0482552 -0.0
0.0 3.0 0.0475767 -0.0
0.0 3.0 0.0473757 -0.00739604
0.0 3.0 0.0490494 -0.00739604
0.0 3.0 0.0473218 -0.00739604
0.0 3.0 0.0723011 -0.0
0.0 3.0 0.0481271 -0.0
0.0 3.0 0.0474535 -0.00739604
0.0 3.0 0.0476414 -0.00739604
0.0 3.0 0.0484157 -0.00739604
0.0 3.0 0.0521867 -0.0
0.0 3.0 0.0458184 -0.0
0.0 3.0 0.0477263 -0.00739604
0.0 3.0 0.0481353 -0.00739604
0.0 3.0 0.0475138 -0.00739604
0.0 3.0 0.0478694 -0.0
0.0 3.0 0.0479345 -0.00739604
0.0 3.0 0.0452542 -0.00986467
0.0 3.0 0.0476079 -0.0
0.0 3.0 0.0478667 -0.0
0.0 3.0 0.0470244 -0.00986467
0.0 3.0 0.0493244 -0.00739604
0.0 3.0 0.0489597 -0.00739604
0.0 3.0 0.0482474 -0.0
0.0 3.0 0.0482038 -0.0
0.0 3.0 0.0487102 -0.00739604
0.0 3.0 0.0495389 -0.00739604
0.0 3.0 0.0482268 -0.00739604
0.0 3.0 0.0377753 -0.0
0.0 3.0 0.0480747 -0.0
0.0 3.0 0.0490501 -0.00986467
0.0 3.0 0.0473051 -0.046835
0.0 3.0 0.0496919 -0.0
0.0 3.0 0.0477298 -0.00739604
0.0 3.0 0.0492377 -0.0
0.0 3.0 0.0485291 -0.00739604
0.0 3.0 0.0451521 -0.0
0.0 3.0 0.0339764 -0.0
0.0 3.0 0.0475029 -0.00739604
0.0 3.0 0.0481109 -0.0
0.0 3.0 0.0456639 -0.0
0.0 3.0 0.0480349 -0.0
0.0 3.0 0.0488977 -0.00739604
0.0 4.0 0.0423644 -0.00986467
0.0 4.0 0.0409268 -0.00986467
0.0 4.0 0.0423356 -0.00739604
0.0 4.0 0.0401674 -0.0
0.0 4.0 0.0413403 -0.00739604
0.0 4.0 0.039803 -0.00739604
0.0 4.0 0.0423662 -0.0
0.0 4.0 0.0430285 -0.00739604
0.0 4.0 0.038624 -0.0
0.0 4.0 0.0420956 -0.00739604
0.0 4.0 0.0420428 -0.00739604
0.0 4.0 0.0417783 -0.00739604
0.0 4.0 0.0425299 -0.0295842
0.0 4.0 0.0429284 -0.00739604
0.0 4.0 0.0420072 -0.00739604
0.0 4.0 0.0421928 -0.0
0.0 4.0 0.0420038 -0.0
0.0 4.0 0.0421836 -0.00986467
0.0 4.0 0.0472466 -0.0
0.0 4.0 0.0389118 -0.0
0.0 4.0 0.0435307 -0.0
0.0 4.0 0.0464056 -0.0
0.0 4.0 0.042154 -0.00986467
0.0 4.0 0.0416559 -0.0
0.0 4.0 0.0427696 -0.0
0.0 4.0 0.0300255 -0.0
0.0 4.0 0.0432256 -0.00739604
0.0 4.0 0.0420272 -0.0
0.0 4.0 0.0407113 -0.00739604
0.0 4.0 0.0389274 -0.0
0.0 4.0 0.040653 -0.00739604
0.0 4.0 0.0399253 -0.00739604
0.0 4.0 0.0358947 -0.0197195
0.0 4.0 0.0640724 -0.0
0.0 4.0 0.0423384 -0.0197195
0.0 4.0 0.0413161 -0.00739604
0.0 4.0 0.0427429 -0.0197195
0.0 4.0 0.0395985 -0.0
0.0 4.0 0.0405403 -0.0
0.0 4.0 0.0413923 -0.00739604
0.0 4.0 0.040839 -0.00986467
0.0 4.0 0.0414446 -0.0
0.0 4.0 0.0424651 -0.00986467
0.0 4.0 0.0424667 -0.0
0.0 4.0 0.040116 -0.00739604
0.0 4.0 0.0425228 -0.0
0.0 4.0 0.0389314 -0.00986467
0.0 4.0 0.0407522 -0.0
0.0 4.0 0.0418889 -0.00739604
0.0 4.0 0.0419233 -0.0295842
0.0 5.0 0.0708614 -0.00739604
0.0 5.0 0.0556669 -0.0
0.0 5.0 0.052208 -0.00739604
0.0 5.0 0.0584105 -0.00739604
0.0 5.0 0.0673277 -0.0
0.0 5.0 0.0783536 -0.0295842
0.0 5.0 0.0584614 -0.00986467
0.0 5.0 0.0790211 -0.00739604
0.0 5.0 0.0563468 -0.00986467
0.0 5.0 0.0616569 -0.00739604
0.0 5.0 0.08572 -0.0197195
0.0 5.0 0.0522395 -0.00739604
0.0 5.0 0.0772193 -0.0
0.0 5.0 0.0538562 -0.00739604
0.0 5.0 0.050559 -0.046835
0.0 5.0 0.0920881 -0.00739604
0.0 5.0 0.0514366 -0.00739604
0.0 5.0 0.0550635 -0.0295842
0.0 5.0 0.060414 -0.00739604
0.0 5.0 0.0568253 -0.00739604
0.0 5.0 0.0904238 -0.00986467
0.0 5.0 0.0631528 -0.00739604
0.0 5.0 0.056645 -0.00739604
0.0 5.0 0.0750886 -0.0
0.0 5.0 0.0583081 -0.00739604
0.0 5.0 0.0552749 -0.0
0.0 5.0 0.0536145 -0.0
0.0 5.0 0.0667893 -0.0
0.0 5.0 0.0537268 -0.00739604
0.0 5.0 0.0559989 -0.046835
0.0 5.0 0.0564554 -0.0271254
0.0 5.0 0.0682701 -0.00739604
0.0 5.0 0.0578877 -0.0
0.0 5.0 0.0709109 -0.00739604
0.0 5.0 0.0549468 -0.0295842
0.0 5.0 0.0554787 -0.00739604
0.0 5.0 0.0637328 -0.0
0.0 5.0 0.0526985 -0.00739604
0.0 5.0 0.081462 -0.0
0.0 5.0 0.0645232 -0.00986467
0.0 5.0 0.0877978 -0.0394587
0.0 5.0 0.0744914 -0.00986467
0.0 5.0 0.0569682 -0.0
0.0 5.0 0.0658479 -0.0
0.0 5.0 0.0580001 -0.00739604
0.0 5.0 0.0659992 -0.0394587
0.0 5.0 0.0925768 -0.0197195
0.0 5.0 0.0669372 -0.0197195
0.0 5.0 0.0698405 -0.00739604
0.0 5.0 0.0549335 -0.0
0.0 6.0 0.0659742 -0.0
0.0 6.0 0.0606526 -0.00986467
0.0 6.0 0.0859671 -0.0197195
0.0 6.0 0.0708747 -0.00739604
0.0 6.0 0.0680855 -0.00739604
0.0 6.0 0.0651547 -0.00739604
0.0 6.0 0.0680779 -0.00739604
0.0 6.0 0.0679131 -0.0
0.0 6.0 0.0595019 -0.0
0.0 6.0 0.0648893 -0.00986467
0.0 6.0 0.0672359 -0.00986467
0.0 6.0 0.0681953 -0.00739604
0.0 6.0 0.0661642 -0.00739604
0.0 6.0 0.0664624 -0.00986467
0.0 6.0 0.0921101 -0.00739604
0.0 6.0 0.0664164 -0.00739604
0.0 6.0 0.0648762 -0.0295842
0.0 6.0 0.0731904 -0.00986467
0.0 6.0 0.0710782 -0.00739604
0.0 6.0 0.070924 -0.00739604
0.0 6.0 0.0700695 -0.00739604
0.0 6.0 0.0689181 -0.00739604
0.0 6.0 0.0642333 -0.046835
0.0 6.0 0.0705283 -0.00739604
0.0 6.0 0.0712589 -0.00739604
0.0 6.0 0.0604544 -0.0
0.0 6.0 0.0636388 -0.0394587
0.0 6.0 0.0649194 -0.0
0.0 6.0 0.0611892 -0.0
0.0 6.0 0.0670784 -0.0
0.0 6.0 0.0639008 -0.046835
0.0 6.0 0.059617 -0.0
0.0 6.0 0.0656411 -0.00739604
0.0 6.0 0.0698701 -0.0271254
0.0 6.0 0.0733217 -0.0271254
0.0 6.0 0.0646599 -0.0591782
0.0 6.0 0.064535 -0.00739604
0.0 6.0 0.0729023 -0.00739604
0.0 6.0 0.0599554 -0.0197195
0.0 6.0 0.0872023 -0.00739604
0.0 6.0 0.0670272 -0.00986467
0.0 6.0 0.0659448 -0.00986467
0.0 6.0 0.0681749 -0.0
0.0 6.0 0.0701876 -0.00739604
0.0 6.0 0.0616664 -0.0
0.0 6.0 0.0714944 -0.00739604
0.0 6.0 0.0704685 -0.00739604
0.0 6.0 0.0671363 -0.0
0.0 6.0 0.0667828 -0.00739604
0.0 6.0 0.0665372 -0.00986467
0.0 7.0 0.0628235 -0.0197195
0.0 7.0 0.0637584 -0.078878
0.0 7.0 0.0655407 -0.00739604
0.0 7.0 0.06245 -0.046835
0.0 7.0 0.0674927 -0.00739604
0.0 7.0 0.0596291 -0.0
0.0 7.0 0.0661146 -0.00739604
0.0 7.0 0.0652028 -0.00739604
0.0 7.0 0.0645965 -0.0394587
0.0 7.0 0.064061 -0.00739604
0.0 7.0 0.0650372 -0.0271254
0.0 7.0 0.067575 -0.00739604
0.0 7.0 0.0657315 -0.00739604
0.0 7.0 0.0646532 -0.0295842
0.0 7.0 0.0648566 -0.00986467
0.0 7.0 0.0617522 -0.0197195
0.0 7.0 0.0678493 -0.00739604
0.0 7.0 0.065632 -0.0
0.0 7.0 0.0596378 -0.0
0.0 7.0 0.0668595 -0.00739604
0.0 7.0 0.0648267 -0.0
0.0 7.0 0.0619946 -0.00739604
0.0 7.0 0.0711816 -0.0197195
0.0 7.0 0.0818909 -0.00739604
0.0 7.0 0.0640218 -0.00739604
0.0 7.0 0.056185 -0.0
0.0 7.0 0.0635739 -0.00739604
0.0 7.0 0.0993731 -0.00739604
0.0 7.0 0.0617977 -0.0
0.0 7.0 0.0930572 -0.00739604
0.0 7.0 0.0640206 -0.0271254
0.0 7.0 0.0655915 -0.00739604
0.0 7.0 0.0838702 -0.0197195
0.0 7.0 0.0699833 -0.00739604
0.0 7.0 0.072148 -0.00739604
0.0 7.0 0.0623449 -0.0394587
0.0 7.0 0.0663485 -0.0271254
0.0 7.0 0.0641979 -0.00739604
0.0 7.0 0.0753967 -0.00739604
0.0 7.0 0.066888 -0.00739604
0.0 7.0 0.0643294 -0.0394587
0.0 7.0 0.0680159 -0.0271254
0.0 7.0 0.0626063 -0.00739604
0.0 7.0 0.0631932 -0.125772
0.0 7.0 0.0685623 -0.046835
0.0 7.0 0.0978682 -0.0271254
0.0 7.0 0.0905574 -0.00739604
0.0 7.0 0.0988501 -0.00739604
0.0 7.0 0.0945237 -0.00739604
0.0 7.0 0.0960303 -0.00739604
1.0 1.0 0.0964707 2.71828
1.0 1.0 0.0856288 2.71828
1.0 1.0 0.0867418 2.71828
1.0 1.0 0.0835659 2.71828
1.0 1.0 0.087507 2.71828
1.0 1.0 0.0850076 2.71828
1.0 1.0 0.0907357 2.71828
1.0 1.0 0.0800663 2.71828
1.0 1.0 0.0850673 2.71828
1.0 1.0 0.0823607 2.71828
1.0 1.0 0.0792237 2.71828
1.0 1.0 0.0813779 2.71828
1.0 1.0 0.0925182 2.71828
1.0 1.0 0.0847977 2.71828
1.0 1.0 0.0802642 2.71828
1.0 1.0 0.0850701 2.71828
1.0 1.0 0.0845734 2.71828
1.0 1.0 0.0842953 2.71828
1.0 1.0 0.0864591 2.71828
1.0 1.0 0.0848452 2.71828
1.0 1.0 0.0854332 2.71828
1.0 1.0 0.0856862 2.71828
1.0 1.0 0.0800671 2.71828
1.0 1.0 0.0861455 2.71828
1.0 1.0 0.0845976 2.71828
1.0 1.0 0.0810911 2.71828
1.0 1.0 0.0935449 2.71828
1.0 1.0 0.0845788 2.71828
1.0 1.0 0.0811783 2.71828
1.0 1.0 0.0925253 2.71828
1.0 1.0 0.0882098 2.71828
1.0 1.0 0.0804327 2.71828
1.0 1.0 0.0868455 2.71828
1.0 1.0 0.0816632 2.71828
1.0 1.0 0.085481 2.71828
1.0 1.0 0.0827834 2.71828
1.0 1.0 0.0870836 2.71828
1.0 1.0 0.0813956 2.71828
1.0 1.0 0.0847067 2.71828
1.0 1.0 0.0787872 2.71828
1.0 1.0 0.080718 2.71828
1.0 1.0 0.0812919 2.71828
1.0 1.0 0.0910704 2.71828
1.0 1.0 0.088976 2.71828
1.0 1.0 0.0800512 2.71828
1.0 1.0 0.0845533 2.71828
1.0 1.0 0.0866884 2.71828
1.0 1.0 0.083635 2.71828
1.0 1.0 0.0960582 2.71828
1.0 1.0 0.0969168 2.71828
1.0 2.0 0.0489943 2.71828
1.0 2.0 0.0457055 2.71828
1.0 2.0 0.0484103 2.71828
1.0 2.0 0.0490219 2.71828
1.0 2.0 0.0480404 2.71828
1.0 2.0 0.0474434 2.71828
1.0 2.0 0.0497537 2.71828
1.0 2.0 0.0481642 2.71828
1.0 2.0 0.0492401 2.71828
1.0 2.0 0.047349 2.71828
1.0 2.0 0.0457775 2.71828
1.0 2.0 0.0484663 2.71828
1.0 2.0 0.0455953 2.71828
1.0 2.0 0.0480955 2.71828
1.0 2.0 0.046971 2.71828
1.0 2.0 0.0459738 2.71828
1.0 2.0 0.0491093 2.71828
1.0 2.0 0.0490576 2.71828
1.0 2.0 0.0480786 2.71828
1.0 2.0 0.0486661 2.71828
1.0 2.0 0.0479602 2.71828
1.0 2.0 0.0487982 2.71828
1.0 2.0 0.0496583 2.71828
1.0 2.0 0.0480394 2.71828
1.0 2.0 0.0485498 2.71828
1.0 2.0 0.0486038 2.71828
1.0 2.0 0.0463847 2.71828
1.0 2.0 0.0498135 2.71828
1.0 2.0 0.0487663 2.71828
1.0 2.0 0.0488607 2.71828
1.0 2.0 0.0482498 2.71828
1.0 2.0 0.0511917 2.71828
1.0 2.0 0.0485028 2.71828
1.0 2.0 0.0457237 2.71828
1.0 2.0 0.0480672 2.71828
1.0 2.0 0.0480143 2.71828
1.0 2.0 0.0494565 2.71828
1.0 2.0 0.0529622 2.71828
1.0 2.0 0.0501337 2.71828
1.0 2.0 0.0485707 2.71828
1.0 2.0 0.0486911 2.71828
1.0 2.0 0.0484499 2.71828
1.0 2.0 0.0456764 2.71828
1.0 2.0 0.0491229 2.71828
1.0 2.0 0.0472196 2.71828
1.0 2.0 0.0485647 2.71828
1.0 2.0 0.0491561 2.71828
1.0 2.0 0.0484484 2.71828
1.0 2.0 0.0489992 2.71828
1.0 2.0 0.0492496 2.71828
1.0 3.0 0.0377032 2.71828
1.0 3.0 0.0372849 2.71828
1.0 3.0 0.0374589 2.71828
1.0 3.0 0.0374169 2.71828
1.0 3.0 0.0386739 2.71828
1.0 3.0 0.037741 2.71828
1.0 3.0 0.037268 2.71828
1.0 3.0 0.037904 2.71828
1.0 3.0 0.0379517 2.71828
1.0 3.0 0.0376373 2.71828
1.0 3.0 0.037825 2.71828
1.0 3.0 0.038447 2.71828
1.0 3.0 0.038642 2.71828
1.0 3.0 0.0376374 2.71828
1.0 3.0 0.0367779 2.71828
1.0 3.0 0.0373817 2.71828
1.0 3.0 0.0376353 2.71828
1.0 3.0 0.0373009 2.71828
1.0 3.0 0.0385468 2.71828
1.0 3.0 0.0379913 2.71828
1.0 3.0 0.0368645 2.71828
1.0 3.0 0.0372567 2.71828
1.0 3.0 0.0370678 2.71828
1.0 3.0 0.0379119 2.71828
1.0 3.0 0.0371412 2.71828
1.0 3.0 0.0383906 2.71828
1.0 3.0 0.0369657 2.71828
1.0 3.0 0.037162 2.71828
1.0 3.0 0.0370367 2.71828
1.0 3.0 0.0380064 2.71828
1.0 3.0 0.0371886 2.71828
1.0 3.0 0.037556 2.71828
1.0 3.0 0.0369189 2.71828
1.0 3.0 0.0408922 2.71828
1.0 3.0 0.0399314 2.71828
1.0 3.0 0.038096 2.71828
1.0 3.0 0.0369303 2.71828
1.0 3.0 0.0386736 2.71828
1.0 3.0 0.0374745 2.71828
1.0 3.0 0.0453982 2.71828
1.0 3.0 0.0385664 2.71828
1.0 3.0 0.0374576 2.71828
1.0 3.0 0.0379207 2.71828
1.0 3.0 0.0376914 2.71828
1.0 3.0 0.0378617 2.71828
1.0 3.0 0.0496746 2.71828
1.0 3.0 0.0371656 2.71828
1.0 3.0 0.0378798 2.71828
1.0 3.0 0.0379247 2.71828
1.0 3.0 0.0370729 2.71828
1.0 4.0 0.0341465 2.71828
1.0 4.0 0.0338006 2.71828
1.0 4.0 0.0352381 2.71828
1.0 4.0 0.0339957 2.71828
1.0 4.0 0.0336776 2.71828
1.0 4.0 0.0347561 2.71828
1.0 4.0 0.0336514 2.71828
1.0 4.0 0.033842 2.71828
1.0 4.0 0.0338827 2.71828
1.0 4.0 0.0335075 2.71828
1.0 4.0 0.0338891 2.71828
1.0 4.0 0.0349458 2.71828
1.0 4.0 0.0340654 2.71828
1.0 4.0 0.0345678 2.71828
1.0 4.0 0.033643 2.71828
1.0 4.0 0.0349557 2.71828
1.0 4.0 0.0359292 2.71828
1.0 4.0 0.0336556 2.71828
1.0 4.0 0.03434 2.71828
1.0 4.0 0.0348064 2.71828
1.0 4.0 0.0387326 2.71828
1.0 4.0 0.0387334 2.71828
1.0 4.0 0.0336998 2.71828
1.0 4.0 0.0349649 2.71828
1.0 4.0 0.0379133 2.71828
1.0 4.0 0.0341576 2.71828
1.0 4.0 0.0342031 2.71828
1.0 4.0 0.0348841 2.71828
1.0 4.0 0.0339367 2.71828
1.0 4.0 0.0335605 2.71828
1.0 4.0 0.0339888 2.71828
1.0 4.0 0.0337178 2.71828
1.0 4.0 0.0349191 2.71828
1.0 4.0 0.0339588 2.71828
1.0 4.0 0.044226 2.71828
1.0 4.0 0.0344541 2.71828
1.0 4.0 0.0337328 2.71828
1.0 4.0 0.0337407 2.71828
1.0 4.0 0.0337891 2.71828
1.0 4.0 0.0339529 2.71828
1.0 4.0 0.0339706 2.71828
1.0 4.0 0.0347717 2.71828
1.0 4.0 0.0334054 2.71828
1.0 4.0 0.034301 2.71828
1.0 4.0 0.0347838 2.71828
1.0 4.0 0.0336878 2.71828
1.0 4.0 0.0341195 2.71828
1.0 4.0 0.0341289 2.71828
1.0 4.0 0.0343247 2.71828
1.0 4.0 0.0338835 2.71828
1.0 5.0 0.0515023 2.71828
1.0 5.0 0.0510237 2.71828
1.0 5.0 0.0669593 2.71828
1.0 5.0 0.066794 2.71828
1.0 5.0 0.0661813 2.71828
1.0 5.0 0.0665249 2.71828
1.0 5.0 0.0688334 2.71828
1.0 5.0 0.0546801 2.71828
1.0 5.0 0.0530597 2.71828
1.0 5.0 0.0491078 2.71828
1.0 5.0 0.054193 2.71828
1.0 5.0 0.0863842 2.71828
1.0 5.0 0.0901094 2.71828
1.0 5.0 0.0604859 2.71828
1.0 5.0 0.0660905 2.71828
1.0 5.0 0.0662317 2.71828
1.0 5.0 0.0491495 2.71828
1.0 5.0 0.0643105 2.71828
1.0 5.0 0.0553798 2.71828
1.0 5.0 0.0501604 2.71828
1.0 5.0 0.0521494 2.71828
1.0 5.0 0.0641055 2.71828
1.0 5.0 0.0566817 2.71828
1.0 5.0 0.085458 2.71828
1.0 5.0 0.0611272 2.71828
1.0 5.0 0.0519553 2.71828
1.0 5.0 0.0523784 2.71828
1.0 5.0 0.0999884 2.71828
1.0 5.0 0.0639235 2.71828
1.0 5.0 0.0505666 2.71828
1.0 5.0 0.0634876 2.71828
1.0 5.0 0.0841323 2.71828
1.0 5.0 0.0668251 2.71828
1.0 5.0 0.0807912 2.71828
1.0 5.0 0.0611117 2.71828
1.0 5.0 0.064674 2.71828
1.0 5.0 0.0601257 2.71828
1.0 5.0 0.0615682 2.71828
1.0 5.0 0.0668859 2.71828
1.0 5.0 0.0609931 2.71828
1.0 5.0 0.0605953 2.71828
1.0 5.0 0.0616452 2.71828
1.0 5.0 0.0616282 2.71828
1.0 5.0 0.0623746 2.71828
1.0 5.0 0.0616036 2.71828
1.0 5.0 0.0595496 2.71828
1.0 5.0 0.063501 2.71828
1.0 5.0 0.0582644 2.71828
1.0 5.0 0.0569307 2.71828
1.0 5.0 0.0600552 2.71828
1.0 6.0 0.0660214 2.71828
1.0 6.0 0.0648692 2.71828
1.0 6.0 0.065991 2.71828
1.0 6.0 0.0648841 2.71828
1.0 6.0 0.0651542 2.71828
1.0 6.0 0.0580814 2.71828
1.0 6.0 0.086785 2.71828
1.0 6.0 0.0636396 2.71828
1.0 6.0 0.0648228 2.71828
1.0 6.0 0.0854032 2.71828
1.0 6.0 0.0663651 2.71828
1.0 6.0 0.0615381 2.71828
1.0 6.0 0.0581628 2.71828
1.0 6.0 0.0654211 2.71828
1.0 6.0 0.0618851 2.71828
1.0 6.0 0.0686323 2.71828
1.0 6.0 0.0588335 2.71828
1.0 6.0 0.0589829 2.71828
1.0 6.0 0.0610491 2.71828
1.0 6.0 0.0818653 2.71828
1.0 6.0 0.0596324 2.71828
1.0 6.0 0.0593899 2.71828
1.0 6.0 0.0668681 2.71828
1.0 6.0 0.0714933 2.71828
1.0 6.0 0.0640164 2.71828
1.0 6.0 0.0616695 2.71828
1.0 6.0 0.0615906 2.71828
1.0 6.0 0.0617777 2.71828
1.0 6.0 0.063665 2.71828
1.0 6.0 0.065418 2.71828
1.0 6.0 0.0604026 2.71828
1.0 6.0 0.0670046 2.71828
1.0 6.0 0.0629405 2.71828
1.0 6.0 0.0644541 2.71828
1.0 6.0 0.0641679 2.71828
1.0 6.0 0.0610805 2.71828
1.0 6.0 0.0686999 2.71828
1.0 6.0 0.0603749 2.71828
1.0 6.0 0.061852 2.71828
1.0 6.0 0.0644676 2.71828
1.0 6.0 0.0659935 2.71828
1.0 6.0 0.0599534 2.71828
1.0 6.0 0.0610092 2.71828
1.0 6.0 0.060956 2.71828
1.0 6.0 0.0659254 2.71828
1.0 6.0 0.0606624 2.71828
1.0 6.0 0.0612347 2.71828
1.0 6.0 0.0608246 2.71828
1.0 6.0 0.0612543 2.71828
1.0 6.0 0.0628993 2.71828
1.0 7.0 0.064956 2.71828
1.0 7.0 0.0636063 2.71828
1.0 7.0 0.0641612 2.71828
1.0 7.0 0.0697902 2.71828
1.0 7.0 0.0599157 2.71828
1.0 7.0 0.0628914 2.71828
1.0 7.0 0.0631167 2.71828
1.0 7.0 0.0658746 2.71828
1.0 7.0 0.0651928 2.71828
1.0 7.0 0.0514914 2.71828
1.0 7.0 0.0654205 2.71828
1.0 7.0 0.0541669 2.71828
1.0 7.0 0.0689416 2.71828
1.0 7.0 0.0623268 2.71828
1.0 7.0 0.0727064 2.71828
1.0 7.0 0.0695461 2.71828
1.0 7.0 0.0742525 2.71828
1.0 7.0 0.0643579 2.71828
1.0 7.0 0.0512429 2.71828
1.0 7.0 0.0615166 2.71828
1.0 7.0 0.0638792 2.71828
1.0 7.0 0.0648613 2.71828
1.0 7.0 0.0627771 2.71828
1.0 7.0 0.0623488 2.71828
1.0 7.0 0.0529286 2.71828
1.0 7.0 0.0637626 2.71828
1.0 7.0 0.0642431 2.71828
1.0 7.0 0.0631055 2.71828
1.0 7.0 0.0681742 2.71828
1.0 7.0 0.0624725 2.71828
1.0 7.0 0.0519949 2.71828
1.0 7.0 0.0635065 2.71828
1.0 7.0 0.0623668 2.71828
1.0 7.0 0.0648251 2.71828
1.0 7.0 0.0690076 2.71828
1.0 7.0 0.0747433 2.71828
1.0 7.0 0.063175 2.71828
1.0 7.0 0.0618193 2.71828
1.0 7.0 0.0623655 2.71828
1.0 7.0 0.0936818 2.71828
1.0 7.0 0.0621987 2.71828
1.0 7.0 0.0634991 2.71828
1.0 7.0 0.0632303 2.71828
1.0 7.0 0.0734788 2.71828
1.0 7.0 0.0705634 2.71828
1.0 7.0 0.0604848 2.71828
1.0 7.0 0.0628422 2.71828
1.0 7.0 0.064151 2.71828
1.0 7.0 0.0919806 2.71828
1.0 7.0 0.06427 2.71828
2.0 1.0 0.571165 -0.0
2.0 1.0 0.853459 -8.43827e-33
2.0 1.0 0.249551 -0.0
2.0 1.0 0.79489 -8.43827e-33
2.0 1.0 0.803016 -8.43827e-33
2.0 1.0 0.822273 -8.43827e-33
2.0 1.0 0.573648 -0.0
2.0 1.0 0.774556 -8.43827e-33
2.0 1.0 0.559943 -0.0
2.0 1.0 0.861498 -8.43827e-33
2.0 1.0 0.827571 -5.02058e-32
2.0 1.0 0.55944 -0.0
2.0 1.0 0.819752 -5.02058e-32
2.0 1.0 0.800214 -8.43827e-33
2.0 1.0 0.572464 -0.0
2.0 1.0 0.581042 -0.0
2.0 1.0 0.97108 -8.43827e-33
2.0 1.0 0.853396 -8.43827e-33
2.0 1.0 0.594547 -0.0
2.0 1.0 0.815806 -4.33559e-32
2.0 1.0 0.564103 -0.0
2.0 1.0 0.586219 -0.0
2.0 1.0 0.811938 -5.02058e-32
2.0 1.0 0.814957 -8.43827e-33
2.0 1.0 0.886264 -8.43827e-33
2.0 1.0 0.825262 -5.02058e-32
2.0 1.0 0.800561 -5.02058e-32
2.0 1.0 0.609815 -0.0
2.0 1.0 0.803608 -2.01644e-31
2.0 1.0 0.852507 -8.43827e-33
2.0 1.0 0.817469 -5.02058e-32
2.0 1.0 0.782644 -2.01644e-31
2.0 1.0 0.803376 -5.02058e-32
2.0 1.0 0.876825 -5.02058e-32
2.0 1.0 0.576258 -0.0
2.0 1.0 0.834405 -5.02058e-32
2.0 1.0 0.848334 -8.43827e-33
2.0 1.0 0.611422 -0.0
2.0 1.0 0.800458 -6.77826e-31
2.0 1.0 0.869477 -8.43827e-33
2.0 1.0 0.81726 -2.01644e-31
2.0 1.0 0.864082 -8.43827e-33
2.0 1.0 0.854817 -8.43827e-33
2.0 1.0 0.583148 -0.0
2.0 1.0 0.597059 -0.0
2.0 1.0 0.252037 -0.0
2.0 1.0 0.808922 -8.43827e-33
2.0 1.0 0.82718 -8.43827e-33
2.0 1.0 0.84566 -8.43827e-33
2.0 1.0 0.847468 -2.03723e-31
2.0 2.0 0.422236 -0.0
2.0 2.0 0.437185 -0.0
2.0 2.0 0.431999 -0.0
2.0 2.0 0.428225 -0.0
2.0 2.0 0.432778 -8.43827e-33
2.0 2.0 0.430829 -0.0
2.0 2.0 0.298357 -0.0
2.0 2.0 0.406354 -5.02058e-32
2.0 2.0 0.411144 -8.43827e-33
2.0 2.0 0.411211 -0.0
2.0 2.0 0.437081 -5.02058e-32
2.0 2.0 0.411217 -5.02058e-32
2.0 2.0 0.299396 -0.0
2.0 2.0 0.433213 -0.0
2.0 2.0 0.429776 -8.43827e-33
2.0 2.0 0.432895 -8.43827e-33
2.0 2.0 0.432903 -0.0
2.0 2.0 0.431624 -8.43827e-33
2.0 2.0 0.410639 -5.02058e-32
2.0 2.0 0.30483 -0.0
2.0 2.0 0.430484 -8.43827e-33
2.0 2.0 0.431004 -8.43827e-33
2.0 2.0 0.422919 -5.02058e-32
2.0 2.0 0.429418 -8.43827e-33
2.0 2.0 0.405191 -8.43827e-33
2.0 2.0 0.433298 -8.43827e-33
2.0 2.0 0.406709 -8.43827e-33
2.0 2.0 0.4314 -4.33559e-32
2.0 2.0 0.306536 -0.0
2.0 2.0 0.431093 -8.43827e-33
2.0 2.0 0.429807 -8.43827e-33
2.0 2.0 0.433097 -0.0
2.0 2.0 0.429677 -8.43827e-33
2.0 2.0 0.441799 -8.43827e-33
2.0 2.0 0.432282 -5.02058e-32
2.0 2.0 0.409477 -8.43827e-33
2.0 2.0 0.430757 -8.43827e-33
2.0 2.0 0.429868 -8.43827e-33
2.0 2.0 0.301408 -0.0
2.0 2.0 0.436599 -5.02058e-32
2.0 2.0 0.430536 -8.43827e-33
2.0 2.0 0.431379 -5.02058e-32
2.0 2.0 0.429642 -5.02058e-32
2.0 2.0 0.291282 -0.0
2.0 2.0 0.433325 -0.0
2.0 2.0 0.305271 -0.0
2.0 2.0 0.436904 -0.0
2.0 2.0 0.432382 -5.02058e-32
2.0 2.0 0.420178 -8.43827e-33
2.0 2.0 0.138907 -0.0
2.0 3.0 0.291636 -0.0
2.0 3.0 0.297517 -5.02058e-32
2.0 3.0 0.297108 -4.33559e-32
2.0 3.0 0.297344 -4.33559e-32
2.0 3.0 0.291065 -1.7325e-31
2.0 3.0 0.297878 -5.02058e-32
2.0 3.0 0.296259 -5.02058e-32
2.0 3.0 0.297567 -8.43827e-33
2.0 3.0 0.285213 -0.0
2.0 3.0 0.297972 -8.43827e-33
2.0 3.0 0.287672 -0.0
2.0 3.0 0.290452 -0.0
2.0 3.0 0.298276 -8.43827e-33
2.0 3.0 0.286195 -0.0
2.0 3.0 0.319724 -5.02058e-32
2.0 3.0 0.27484 -0.0
2.0 3.0 0.303509 -4.33559e-32
2.0 3.0 0.290825 -0.0
2.0 3.0 0.288373 -0.0
2.0 3.0 0.298903 -8.43827e-33
2.0 3.0 0.287347 -0.0
2.0 3.0 0.296327 -8.43827e-33
2.0 3.0 0.28998 -0.0
2.0 3.0 0.295872 -4.33559e-32
2.0 3.0 0.291694 -0.0
2.0 3.0 0.296848 -8.43827e-33
2.0 3.0 0.307802 -0.0
2.0 3.0 0.29509 -8.43827e-33
2.0 3.0 0.299184 -2.01644e-31
2.0 3.0 0.296569 -5.02058e-32
2.0 3.0 0.294429 -8.43827e-33
2.0 3.0 0.294625 -8.43827e-33
2.0 3.0 0.28961 -4.33559e-32
2.0 3.0 0.295606 -5.02058e-32
2.0 3.0 0.297699 -8.43827e-33
2.0 3.0 0.313427 -8.43827e-33
2.0 3.0 0.296432 -8.43827e-33
2.0 3.0 0.294932 -8.43827e-33
2.0 3.0 0.294331 -4.33559e-32
2.0 3.0 0.294824 -2.21611e-32
2.0 3.0 0.296653 -8.43827e-33
2.0 3.0 0.287975 -0.0
2.0 3.0 0.292332 -0.0
2.0 3.0 0.297884 -5.02058e-32
2.0 3.0 0.29103 -8.43827e-33
2.0 3.0 0.3389 -5.02058e-32
2.0 3.0 0.29759 -8.43827e-33
2.0 3.0 0.27272 -0.0
2.0 3.0 0.287972 -0.0
2.0 3.0 0.289977 -0.0
2.0 4.0 0.223079 -8.43827e-33
2.0 4.0 0.22284 -0.0
2.0 4.0 0.225474 -8.43827e-33
2.0 4.0 0.219124 -4.33559e-32
2.0 4.0 0.225286 -0.0
2.0 4.0 0.225731 -0.0
2.0 4.0 0.226391 -0.0
2.0 4.0 0.223331 -8.43827e-33
2.0 4.0 0.226218 -0.0
2.0 4.0 0.223843 -8.43827e-33
2.0 4.0 0.224758 -0.0
2.0 4.0 0.222819 -0.0
2.0 4.0 0.225971 -8.43827e-33
2.0 4.0 0.225082 -5.02058e-32
2.0 4.0 0.226037 -4.33559e-32
2.0 4.0 0.225646 -2.01644e-31
2.0 4.0 0.226788 -2.21611e-32
2.0 4.0 0.223419 -4.33559e-32
2.0 4.0 0.222546 -8.43827e-33
2.0 4.0 0.225963 -8.43827e-33
2.0 4.0 0.221458 -0.0
2.0 4.0 0.222722 -0.0
2.0 4.0 0.255041 -8.43827e-33
2.0 4.0 0.220667 -8.43827e-33
2.0 4.0 0.224793 -0.0
2.0 4.0 0.220381 -0.0
2.0 4.0 0.223 -8.43827e-33
2.0 4.0 0.224058 -8.43827e-33
2.0 4.0 0.226425 -8.43827e-33
2.0 4.0 0.221655 -8.43827e-33
2.0 4.0 0.226453 -8.43827e-33
2.0 4.0 0.2232 -0.0
2.0 4.0 0.253636 -8.43827e-33
2.0 4.0 0.22596 -0.0
2.0 4.0 0.22535 -8.43827e-33
2.0 4.0 0.224774 -8.43827e-33
2.0 4.0 0.224869 -4.33559e-32
2.0 4.0 0.225148 -5.02058e-32
2.0 4.0 0.223476 -8.43827e-33
2.0 4.0 0.225385 -8.43827e-33
2.0 4.0 0.226954 -0.0
2.0 4.0 0.223137 -0.0
2.0 4.0 0.224301 -5.02058e-32
2.0 4.0 0.223939 -8.43827e-33
2.0 4.0 0.222464 -0.0
2.0 4.0 0.221746 -2.21611e-32
2.0 4.0 0.225385 -8.43827e-33
2.0 4.0 0.223912 -8.43827e-33
2.0 4.0 0.222507 -2.01644e-31
2.0 4.0 0.222533 -4.33559e-32
2.0 5.0 0.234891 -5.02058e-32
2.0 5.0 0.238369 -0.0
2.0 5.0 0.23346 -8.43827e-33
2.0 5.0 0.242928 -2.01644e-31
2.0 5.0 0.259895 -4.33559e-32
2.0 5.0 0.257626 -0.0
2.0 5.0 0.231735 -0.0
2.0 5.0 0.249575 -6.77826e-31
2.0 5.0 0.23963 -8.43827e-33
2.0 5.0 0.250913 -4.33559e-32
2.0 5.0 0.231865 -0.0
2.0 5.0 0.243261 -8.43827e-33
2.0 5.0 0.244268 -5.02058e-32
2.0 5.0 0.239528 -2.01644e-31
2.0 5.0 0.233984 -8.43827e-33
2.0 5.0 0.232575 -8.43827e-33
2.0 5.0 0.232111 -5.02058e-32
2.0 5.0 0.274246 -8.43827e-33
2.0 5.0 0.233332 -5.02058e-32
2.0 5.0 0.235933 -4.33559e-32
2.0 5.0 0.234034 -0.0
2.0 5.0 0.237872 -0.0
2.0 5.0 0.241507 -8.43827e-33
2.0 5.0 0.258075 -0.0
2.0 5.0 0.244847 -0.0
2.0 5.0 0.25264 -5.02058e-32
2.0 5.0 0.241346 -8.43827e-33
2.0 5.0 0.233617 -0.0
2.0 5.0 0.236551 -8.43827e-33
2.0 5.0 0.24205 -5.02058e-32
2.0 5.0 0.231627 -5.02058e-32
2.0 5.0 0.256508 -5.02058e-32
2.0 5.0 0.249396 -5.02058e-32
2.0 5.0 0.235345 -8.43827e-33
2.0 5.0 0.252038 -8.43827e-33
2.0 5.0 0.246387 -0.0
2.0 5.0 0.248875 -0.0
2.0 5.0 0.232118 -0.0
2.0 5.0 0.235998 -0.0
2.0 5.0 0.234426 -8.43827e-33
2.0 5.0 0.254341 -0.0
2.0 5.0 0.248656 -0.0
2.0 5.0 0.237629 -4.33559e-32
2.0 5.0 0.238804 -4.33559e-32
2.0 5.0 0.243759 -0.0
2.0 5.0 0.23449 -0.0
2.0 5.0 0.236562 -8.43827e-33
2.0 5.0 0.239027 -6.77826e-31
2.0 5.0 0.236398 -2.01644e-31
2.0 5.0 0.238776 -2.03723e-31
2.0 6.0 0.20291 -0.0
2.0 6.0 0.197635 -0.0
2.0 6.0 0.196096 -0.0
2.0 6.0 0.233969 -5.02058e-32
2.0 6.0 0.250044 -8.43827e-33
2.0 6.0 0.234714 -6.77826e-31
2.0 6.0 0.237034 -8.43827e-33
2.0 6.0 0.202908 -0.0
2.0 6.0 0.214102 -0.0
2.0 6.0 0.200189 -0.0
2.0 6.0 0.200957 -0.0
2.0 6.0 0.237891 -8.43827e-33
2.0 6.0 0.252217 -8.43827e-33
2.0 6.0 0.196149 -0.0
2.0 6.0 0.235448 -8.43827e-33
2.0 6.0 0.216748 -0.0
2.0 6.0 0.240826 -8.43827e-33
2.0 6.0 0.234087 -8.43827e-33
2.0 6.0 0.247629 -2.01644e-31
2.0 6.0 0.247065 -2.01644e-31
2.0 6.0 0.329546 -5.02058e-32
2.0 6.0 0.252698 -4.33559e-32
2.0 6.0 0.245139 -8.43827e-33
2.0 6.0 0.198569 -0.0
2.0 6.0 0.211243 -0.0
2.0 6.0 0.207401 -0.0
2.0 6.0 0.234151 -8.43827e-33
2.0 6.0 0.193966 -0.0
2.0 6.0 0.198776 -0.0
2.0 6.0 0.219406 -0.0
2.0 6.0 0.25471 -3.90376e-32
2.0 6.0 0.196615 -0.0
2.0 6.0 0.23329 -4.33559e-32
2.0 6.0 0.204693 -0.0
2.0 6.0 0.242036 -5.02058e-32
2.0 6.0 0.236979 -5.02058e-32
2.0 6.0 0.249284 -8.43827e-33
2.0 6.0 0.244086 -5.02058e-32
2.0 6.0 0.192093 -0.0
2.0 6.0 0.253124 -8.43827e-33
2.0 6.0 0.233097 -5.02058e-32
2.0 6.0 0.255597 -8.43827e-33
2.0 6.0 0.195508 -0.0
2.0 6.0 0.251263 -4.33559e-32
2.0 6.0 0.209951 -0.0
2.0 6.0 0.220134 -0.0
2.0 6.0 0.255021 -5.02058e-32
2.0 6.0 0.253567 -2.01644e-31
2.0 6.0 0.191466 -0.0
2.0 6.0 0.200077 -0.0
2.0 7.0 0.196961 -8.43827e-33
2.0 7.0 0.19129 -0.0
2.0 7.0 0.212047 -8.43827e-33
2.0 7.0 0.209638 -5.02058e-32
2.0 7.0 0.198654 -5.02058e-32
2.0 7.0 0.200184 -8.43827e-33
2.0 7.0 0.181517 -0.0
2.0 7.0 0.197041 -5.02058e-32
2.0 7.0 0.199147 -5.02058e-32
2.0 7.0 0.151836 -0.0
2.0 7.0 0.162266 -5.02058e-32
2.0 7.0 0.205402 -8.43827e-33
2.0 7.0 0.184285 -0.0
2.0 7.0 0.214922 -0.0
2.0 7.0 0.225681 -8.43827e-33
2.0 7.0 0.138342 -2.21611e-32
2.0 7.0 0.197112 -4.33559e-32
2.0 7.0 0.205891 -8.43827e-33
2.0 7.0 0.208434 -5.02058e-32
2.0 7.0 0.159811 -5.02058e-32
2.0 7.0 0.187011 -0.0
2.0 7.0 0.183966 -0.0
2.0 7.0 0.140104 -8.43827e-33
2.0 7.0 0.20278 -0.0
2.0 7.0 0.19685 -8.43827e-33
2.0 7.0 0.198409 -8.43827e-33
2.0 7.0 0.200003 -5.02058e-32
2.0 7.0 0.197305 -8.43827e-33
2.0 7.0 0.164082 -8.43827e-33
2.0 7.0 0.187506 -0.0
2.0 7.0 0.161503 -8.43827e-33
2.0 7.0 0.198976 -8.43827e-33
2.0 7.0 0.222449 -5.02058e-32
2.0 7.0 0.196168 -8.43827e-33
2.0 7.0 0.197218 -2.01644e-31
2.0 7.0 0.198343 -5.02058e-32
2.0 7.0 0.134583 -0.0
2.0 7.0 0.132572 -0.0
2.0 7.0 0.200263 -8.43827e-33
2.0 7.0 0.198636 -8.43827e-33
2.0 7.0 0.181312 -0.0
2.0 7.0 0.16402 -4.33559e-32
2.0 7.0 0.200705 -8.43827e-33
2.0 7.0 0.17562 -0.0
2.0 7.0 0.186265 -0.0
2.0 7.0 0.126309 -0.0
2.0 7.0 0.201488 -5.02058e-32
2.0 7.0 0.182583 -0.0
2.0 7.0 0.21189 -5.02058e-32
2.0 7.0 0.190621 -0.0
3.0 1.0 0.0720256 -0.0
3.0 1.0 0.0713961 -0.0
3.0 1.0 0.0864273 -0.0
3.0 1.0 0.0654208 -0.0
3.0 1.0 0.0723869 -0.0
3.0 1.0 0.0753339 -0.0
3.0 1.0 0.0739806 -0.0
3.0 1.0 0.0657938 -0.0
3.0 1.0 0.0710895 -0.0
3.0 1.0 0.0711129 -0.0
3.0 1.0 0.0735923 -0.0
3.0 1.0 0.0668755 -0.0
3.0 1.0 0.0670929 -0.0
3.0 1.0 0.0731978 -0.0
3.0 1.0 0.0662453 -0.0
3.0 1.0 0.0695391 -0.0
3.0 1.0 0.0726816 -0.0
3.0 1.0 0.0722429 -0.0
3.0 1.0 0.075115 -0.0
3.0 1.0 0.0695755 -0.0
3.0 1.0 0.0735981 -0.0
3.0 1.0 0.0715944 -0.0
3.0 1.0 0.087854 -0.0
3.0 1.0 0.0741292 -0.0
3.0 1.0 0.0734527 -0.0
3.0 1.0 0.0770673 -0.0
3.0 1.0 0.0782172 -0.0
3.0 1.0 0.0687097 -0.0
3.0 1.0 0.0772816 -0.0
3.0 1.0 0.0698957 -0.0
3.0 1.0 0.0695879 -0.0
3.0 1.0 0.0820346 -0.0
3.0 1.0 0.0818023 -0.0
3.0 1.0 0.0767022 -0.0
3.0 1.0 0.0693788 -0.0
3.0 1.0 0.0691598 -0.0
3.0 1.0 0.0691007 -0.0
3.0 1.0 0.0663266 -0.0
3.0 1.0 0.0682241 -0.0
3.0 1.0 0.0685748 -0.0
3.0 1.0 0.0734203 -0.0
3.0 1.0 0.0708538 -0.0
3.0 1.0 0.0698144 -0.0
3.0 1.0 0.0666726 -0.0
3.0 1.0 0.0792561 -0.0
3.0 1.0 0.074324 -0.0
3.0 1.0 0.0671385 -0.0
3.0 1.0 0.0790385 -0.0
3.0 1.0 0.0681767 -0.0
3.0 1.0 0.0785025 -0.0
3.0 2.0 0.0446695 -0.0
3.0 2.0 0.0431494 -0.0
3.0 2.0 0.0437587 -0.0
3.0 2.0 0.0453016 -0.0
3.0 2.0 0.0424719 -0.0
3.0 2.0 0.0440686 -0.0
3.0 2.0 0.0425956 -0.0
3.0 2.0 0.0447541 -0.0
3.0 2.0 0.0398309 -0.0
3.0 2.0 0.0444853 -0.0
3.0 2.0 0.0519704 -0.0
3.0 2.0 0.0402912 -0.0
3.0 2.0 0.0553305 -0.0
3.0 2.0 0.0455195 -0.0
3.0 2.0 0.0511841 -0.994959
3.0 2.0 0.0447529 -0.0
3.0 2.0 0.0421083 -0.0
3.0 2.0 0.0416288 -0.0
3.0 2.0 0.0427845 -0.0
3.0 2.0 0.0430606 -0.0
3.0 2.0 0.0397838 -0.0
3.0 2.0 0.0487449 -0.0
3.0 2.0 0.0403273 -0.0
3.0 2.0 0.0419432 -0.0
3.0 2.0 0.0412881 -0.0
3.0 2.0 0.051987 -0.0
3.0 2.0 0.0449168 -0.0
3.0 2.0 0.0410665 -0.0
3.0 2.0 0.0476483 -0.0
3.0 2.0 0.0443179 -0.0
3.0 2.0 0.0414397 -0.0
3.0 2.0 0.044793 -0.0
3.0 2.0 0.0413234 -0.0
3.0 2.0 0.0396902 -0.0
3.0 2.0 0.0427318 -0.0
3.0 2.0 0.0456663 -0.0
3.0 2.0 0.0408939 -0.0
3.0 2.0 0.0430638 -0.0
3.0 2.0 0.0426721 -0.0
3.0 2.0 0.0410496 -0.0
3.0 2.0 0.0428726 -0.0
3.0 2.0 0.0549371 -0.0
3.0 2.0 0.044279 -0.0
3.0 2.0 0.0402341 -0.0
3.0 2.0 0.0415319 -0.0
3.0 2.0 0.0427193 -0.0
3.0 2.0 0.0420233 -0.0
3.0 2.0 0.0402495 -0.0
3.0 2.0 0.0415995 -0.0
3.0 2.0 0.0418776 -0.0
3.0 3.0 0.0415925 -0.994959
3.0 3.0 0.032679 -0.0
3.0 3.0 0.0388573 -0.994959
3.0 3.0 0.0337734 -0.0
3.0 3.0 0.0414122 -0.0
3.0 3.0 0.033365 -0.0
3.0 3.0 0.0376291 -0.0
3.0 3.0 0.0347207 -0.0
3.0 3.0 0.0368854 -0.0
3.0 3.0 0.0387364 -0.0
3.0 3.0 0.040587 -0.994959
3.0 3.0 0.0336219 -0.0
3.0 3.0 0.0337955 -0.0
3.0 3.0 0.0324696 -0.0
3.0 3.0 0.0554873 -0.0
3.0 3.0 0.0327668 -0.0
3.0 3.0 0.0392475 -0.0
3.0 3.0 0.0328684 -0.0
3.0 3.0 0.0328717 -0.0
3.0 3.0 0.0328516 -0.0
3.0 3.0 0.0397709 -0.994959
3.0 3.0 0.0359863 -0.0
3.0 3.0 0.0386721 -0.0
3.0 3.0 0.0378099 -0.0
3.0 3.0 0.0379401 -0.0
3.0 3.0 0.0335845 -0.0
3.0 3.0 0.0343583 -0.0
3.0 3.0 0.0344931 -0.0
3.0 3.0 0.0401413 -0.0
3.0 3.0 0.0323374 -0.0
3.0 3.0 0.0412161 -0.0
3.0 3.0 0.038528 -0.0
3.0 3.0 0.039817 -0.0
3.0 3.0 0.0336185 -0.0
3.0 3.0 0.0391634 -0.0
3.0 3.0 0.0359196 -0.0
3.0 3.0 0.0387218 -0.0
3.0 3.0 0.0384656 -0.0
3.0 3.0 0.0362832 -0.0
3.0 3.0 0.0342961 -0.0
3.0 3.0 0.0411299 -0.994959
3.0 3.0 0.0325712 -0.0
3.0 3.0 0.0360293 -0.0
3.0 3.0 0.0353479 -0.0
3.0 3.0 0.031961 -0.0
3.0 3.0 0.0349139 -0.0
3.0 3.0 0.0409599 -0.0
3.0 3.0 0.0374598 -0.0
3.0 3.0 0.0375615 -0.0
3.0 3.0 0.0383005 -0.994959
3.0 4.0 0.0313147 -0.0
3.0 4.0 0.0352213 -0.0
3.0 4.0 0.0306471 -0.0
3.0 4.0 0.0346899 -0.0
3.0 4.0 0.0312018 -0.0
3.0 4.0 0.0323417 -0.0
3.0 4.0 0.0351712 -0.994959
3.0 4.0 0.0319742 -0.0
3.0 4.0 0.0327161 -0.0
3.0 4.0 0.0323769 -0.0
3.0 4.0 0.0305696 -0.0
3.0 4.0 0.0311684 -0.0
3.0 4.0 0.0342718 -0.0
3.0 4.0 0.0337598 -0.0
3.0 4.0 0.0333238 -0.994959
3.0 4.0 0.0329914 -0.0
3.0 4.0 0.0304992 -0.0
3.0 4.0 0.0321042 -0.0
3.0 4.0 0.0322432 -0.0
3.0 4.0 0.0352994 -0.0
3.0 4.0 0.0327247 -0.0
3.0 4.0 0.0310434 -0.0
3.0 4.0 0.0331623 -0.0
3.0 4.0 0.0337289 -0.0
3.0 4.0 0.0311949 -0.0
3.0 4.0 0.0331898 -0.0
3.0 4.0 0.0336048 -0.0
3.0 4.0 0.0359536 -0.0
3.0 4.0 0.0333556 -0.0
3.0 4.0 0.0313336 -0.0
3.0 4.0 0.0406531 -0.994959
3.0 4.0 0.0311346 -0.0
3.0 4.0 0.032427 -0.0
3.0 4.0 0.0325971 -0.0
3.0 4.0 0.0315614 -0.0
3.0 4.0 0.0325999 -0.0
3.0 4.0 0.0341579 -0.994959
3.0 4.0 0.034836 -0.0
3.0 4.0 0.0306853 -0.0
3.0 4.0 0.03494 -0.0
3.0 4.0 0.0312112 -0.0
3.0 4.0 0.0324153 -0.0
3.0 4.0 0.0345147 -0.994959
3.0 4.0 0.0312032 -0.0
3.0 4.0 0.0317581 -0.0
3.0 4.0 0.0332451 -0.994959
3.0 4.0 0.0306395 -0.0
3.0 4.0 0.034644 -0.0
3.0 4.0 0.0354819 -0.0
3.0 4.0 0.0307716 -0.0
3.0 5.0 0.0587272 -0.0
3.0 5.0 0.0573361 -0.994959
3.0 5.0 0.0608626 -0.0
3.0 5.0 0.0590278 -0.0
3.0 5.0 0.0598078 -0.994959
3.0 5.0 0.0579761 -0.0
3.0 5.0 0.0663853 -1.98992
3.0 5.0 0.0596155 -0.0
3.0 5.0 0.0598322 -0.994959
3.0 5.0 0.0620415 -0.0
3.0 5.0 0.0639655 -0.994959
3.0 5.0 0.0581999 -0.0
3.0 5.0 0.0632534 -0.0
3.0 5.0 0.0627033 -0.0
3.0 5.0 0.0591438 -0.994959
3.0 5.0 0.0748828 -0.0
3.0 5.0 0.0621008 -0.994959
3.0 5.0 0.0576701 -0.0
3.0 5.0 0.0611744 -0.0
3.0 5.0 0.0631704 -0.0
3.0 5.0 0.0622642 -0.0
3.0 5.0 0.05763 -0.0
3.0 5.0 0.0626374 -0.0
3.0 5.0 0.0558363 -0.0
3.0 5.0 0.0597366 -0.0
3.0 5.0 0.0643546 -0.0
3.0 5.0 0.0618633 -0.0
3.0 5.0 0.0611522 -0.0
3.0 5.0 0.0594865 -0.0
3.0 5.0 0.0589186 -0.0
3.0 5.0 0.058869 -0.0
3.0 5.0 0.059568 -0.0
3.0 5.0 0.0741061 -0.0
3.0 5.0 0.0628532 -0.994959
3.0 5.0 0.0594301 -0.0
3.0 5.0 0.0599263 -0.994959
3.0 5.0 0.0624867 -0.0
3.0 5.0 0.0599087 -0.0
3.0 5.0 0.0639193 -0.994959
3.0 5.0 0.0738008 -0.994959
3.0 5.0 0.060568 -0.0
3.0 5.0 0.0604807 -0.0
3.0 5.0 0.0614175 -0.0
3.0 5.0 0.0654153 -0.994959
3.0 5.0 0.0557706 -0.0
3.0 5.0 0.063889 -0.994959
3.0 5.0 0.059843 -0.0
3.0 5.0 0.0628041 -0.0
3.0 5.0 0.0601552 -0.0
3.0 5.0 0.0634064 -0.994959
3.0 6.0 0.062669 -0.0
3.0 6.0 0.0614483 -0.0
3.0 6.0 0.0625264 -0.994959
3.0 6.0 0.0598007 -0.0
3.0 6.0 0.0627531 -0.0
3.0 6.0 0.0593601 -0.0
3.0 6.0 0.057552 -0.0
3.0 6.0 0.062411 -0.0
3.0 6.0 0.0613703 -0.0
3.0 6.0 0.0617838 -0.0
3.0 6.0 0.0579457 -0.0
3.0 6.0 0.0646706 -0.0
3.0 6.0 0.0609647 -0.0
3.0 6.0 0.0607755 -0.994959
3.0 6.0 0.0609183 -0.0
3.0 6.0 0.0605845 -0.0
3.0 6.0 0.0621744 -0.0
3.0 6.0 0.0620137 -0.0
3.0 6.0 0.0562281 -0.0
3.0 6.0 0.0652683 -0.994959
3.0 6.0 0.0638173 -0.994959
3.0 6.0 0.0617188 -0.0
3.0 6.0 0.0608325 -0.0
3.0 6.0 0.0671659 -0.994959
3.0 6.0 0.0679861 -0.994959
3.0 6.0 0.0679894 -0.994959
3.0 6.0 0.0636084 -0.994959
3.0 6.0 0.0627719 -0.0
3.0 6.0 0.0624962 -0.0
3.0 6.0 0.0623976 -0.0
3.0 6.0 0.063618 -0.0
3.0 6.0 0.0626951 -0.0
3.0 6.0 0.0629759 -0.0
3.0 6.0 0.062394 -0.0
3.0 6.0 0.0659057 -0.0
3.0 6.0 0.0619457 -0.0
3.0 6.0 0.0563672 -0.0
3.0 6.0 0.0612613 -0.0
3.0 6.0 0.0618374 -0.0
3.0 6.0 0.0582085 -0.0
3.0 6.0 0.0634602 -0.0
3.0 6.0 0.058014 -0.0
3.0 6.0 0.0653726 -0.994959
3.0 6.0 0.0631897 -0.0
3.0 6.0 0.068112 -0.0
3.0 6.0 0.064812 -0.994959
3.0 6.0 0.0644161 -0.0
3.0 6.0 0.0624763 -0.0
3.0 6.0 0.068341 -0.0
3.0 6.0 0.0668899 -0.994959
3.0 7.0 0.0531816 -0.0
3.0 7.0 0.0676807 -0.994959
3.0 7.0 0.0626371 -0.0
3.0 7.0 0.0634904 -0.0
3.0 7.0 0.0519132 -0.0
3.0 7.0 0.0643847 -0.994959
3.0 7.0 0.0609685 -0.0
3.0 7.0 0.0606425 -0.0
3.0 7.0 0.0597242 -0.0
3.0 7.0 0.069605 -0.0
3.0 7.0 0.062375 -0.0
3.0 7.0 0.0593753 -0.0
3.0 7.0 0.0615771 -0.0
3.0 7.0 0.0648402 -0.0
3.0 7.0 0.0658745 -0.0
3.0 7.0 0.061656 -0.0
3.0 7.0 0.0545056 -0.994959
3.0 7.0 0.0631642 -0.0
3.0 7.0 0.0594999 -0.0
3.0 7.0 0.0702178 -0.0
3.0 7.0 0.0614693 -0.0
3.0 7.0 0.061609 -0.0
3.0 7.0 0.069529 -0.0
3.0 7.0 0.0630175 -0.994959
3.0 7.0 0.0612274 -0.994959
3.0 7.0 0.0601563 -0.0
3.0 7.0 0.0505546 -0.0
3.0 7.0 0.0530496 -0.0
3.0 7.0 0.0532139 -0.994959
3.0 7.0 0.0612911 -0.0
3.0 7.0 0.0958521 -1.98992
3.0 7.0 0.062465 -0.0
3.0 7.0 0.0642344 -0.994959
3.0 7.0 0.0933319 -0.994959
3.0 7.0 0.0517434 -0.994959
3.0 7.0 0.0504928 -0.0
3.0 7.0 0.0625397 -0.994959
3.0 7.0 0.0639798 -0.0
3.0 7.0 0.0628018 -0.0
3.0 7.0 0.0604866 -0.0
3.0 7.0 0.0641018 -0.0
3.0 7.0 0.0624662 -0.994959
3.0 7.0 0.0645387 -1.98992
3.0 7.0 0.0517606 -0.0
3.0 7.0 0.0701688 -0.0
3.0 7.0 0.0720981 -1.98992
3.0 7.0 0.0617549 -0.0
3.0 7.0 0.0632673 -0.0
3.0 7.0 0.0912788 -0.0
3.0 7.0 0.0605945 -0.994959
4.0 1.0 0.326114 99.991
4.0 1.0 0.37039 99.9947
4.0 1.0 0.301114 99.9689
4.0 1.0 0.334826 99.9977
4.0 1.0 0.339155 99.9666
4.0 1.0 0.319642 99.9694
4.0 1.0 0.3187 99.9784
4.0 1.0 0.388661 99.9841
4.0 1.0 0.31937 99.9657
4.0 1.0 0.333039 99.9971
4.0 1.0 0.310501 99.9894
4.0 1.0 0.319903 99.9654
4.0 1.0 0.320606 99.9633
4.0 1.0 0.36009 99.9839
4.0 1.0 0.346769 99.9851
4.0 1.0 0.308247 99.9661
4.0 1.0 0.338395 99.973
4.0 1.0 0.339153 99.9851
4.0 1.0 0.338745 99.9991
4.0 1.0 0.366513 99.9876
4.0 1.0 0.306467 99.9742
4.0 1.0 0.306976 99.9778
4.0 1.0 0.307712 99.9852
4.0 1.0 0.359657 99.9957
4.0 1.0 0.363483 99.9613
4.0 1.0 0.307999 99.9923
4.0 1.0 0.337831 99.983
4.0 1.0 0.374714 99.9633
4.0 1.0 0.328281 99.9922
4.0 1.0 0.330532 99.9769
4.0 1.0 0.32069 99.9733
4.0 1.0 0.326749 99.979
4.0 1.0 0.327124 99.9925
4.0 1.0 0.333537 99.9851
4.0 1.0 0.346399 99.9851
4.0 1.0 0.356 99.9461
4.0 1.0 0.325112 99.9718
4.0 1.0 0.345986 99.9986
4.0 1.0 0.371882 99.9669
4.0 1.0 0.336926 99.982
4.0 1.0 0.326122 99.9891
4.0 1.0 0.370557 99.9919
4.0 1.0 0.314736 99.9851
4.0 1.0 0.348637 99.9771
4.0 1.0 0.323875 99.9894
4.0 1.0 0.385903 99.9851
4.0 1.0 0.338724 99.9953
4.0 1.0 0.302512 99.95
4.0 1.0 0.351403 99.9977
4.0 1.0 0.333692 99.9657
4.0 2.0 0.179253 99.963
4.0 2.0 0.176585 99.9885
4.0 2.0 0.183709 99.986
4.0 2.0 0.17654 99.9988
4.0 2.0 0.188519 99.9546
4.0 2.0 0.190175 99.9882
4.0 2.0 0.193126 99.9565
4.0 2.0 0.184902 99.966
4.0 2.0 0.19079 99.9048
4.0 2.0 0.182237 99.9928
4.0 2.0 0.175351 99.9825
4.0 2.0 0.173093 99.9114
4.0 2.0 0.179106 99.9752
4.0 2.0 0.175532 99.9296
4.0 2.0 0.173172 99.9634
4.0 2.0 0.185678 99.9942
4.0 2.0 0.180863 99.9731
4.0 2.0 0.165947 99.9605
4.0 2.0 0.177565 99.9977
4.0 2.0 0.182709 99.8896
4.0 2.0 0.188153 99.9895
4.0 2.0 0.172606 99.9283
4.0 2.0 0.174725 99.9639
4.0 2.0 0.192204 99.9856
4.0 2.0 0.181441 99.9717
4.0 2.0 0.18911 99.9762
4.0 2.0 0.197847 99.9809
4.0 2.0 0.181966 99.9936
4.0 2.0 0.16313 99.9939
4.0 2.0 0.188384 99.9792
4.0 2.0 0.174563 99.9284
4.0 2.0 0.171302 99.9835
4.0 2.0 0.19579 99.9389
4.0 2.0 0.164647 99.9669
4.0 2.0 0.173003 99.9214
4.0 2.0 0.186827 99.9752
4.0 2.0 0.183591 99.9752
4.0 2.0 0.18144 99.9586
4.0 2.0 0.180552 99.9156
4.0 2.0 0.175777 99.9739
4.0 2.0 0.184772 99.9764
4.0 2.0 0.194088 99.9601
4.0 2.0 0.175657 99.9924
4.0 2.0 0.160844 99.9488
4.0 2.0 0.192222 99.9211
4.0 2.0 0.181213 99.993
4.0 2.0 0.164188 99.9383
4.0 2.0 0.180068 99.9763
4.0 2.0 0.184471 99.9732
4.0 2.0 0.187684 99.9899
4.0 3.0 0.125708 99.9762
4.0 3.0 0.123918 99.9062
4.0 3.0 0.125359 99.9937
4.0 3.0 0.141814 99.8996
4.0 3.0 0.13675 99.9543
4.0 3.0 0.130177 99.9289
4.0 3.0 0.120718 99.9803
4.0 3.0 0.131215 99.924
4.0 3.0 0.129051 99.9752
4.0 3.0 0.1326 99.899
4.0 3.0 0.130882 99.9783
4.0 3.0 0.124089 99.9575
4.0 3.0 0.131563 99.9048
4.0 3.0 0.140366 99.939
4.0 3.0 0.134788 99.9757
4.0 3.0 0.132372 99.9884
4.0 3.0 0.129849 99.9094
4.0 3.0 0.126518 99.9103
4.0 3.0 0.129611 99.9048
4.0 3.0 0.136085 99.9297
4.0 3.0 0.144126 99.9603
4.0 3.0 0.128216 99.9184
4.0 3.0 0.130191 99.98
4.0 3.0 0.131798 99.9621
4.0 3.0 0.13205 99.9353
4.0 3.0 0.137085 99.9515
4.0 3.0 0.127429 99.9657
4.0 3.0 0.130294 99.9998
4.0 3.0 0.136884 99.9765
4.0 3.0 0.131058 99.9156
4.0 3.0 0.135178 99.9048
4.0 3.0 0.127561 99.9763
4.0 3.0 0.135146 99.9833
4.0 3.0 0.125927 99.9762
4.0 3.0 0.132544 99.9683
4.0 3.0 0.129974 99.9138
4.0 3.0 0.135669 99.9581
4.0 3.0 0.132422 99.9883
4.0 3.0 0.121085 99.9062
4.0 3.0 0.132239 99.981
4.0 3.0 0.131073 99.9752
4.0 3.0 0.128602 99.9817
4.0 3.0 0.135932 99.9903
4.0 3.0 0.12765 99.998
4.0 3.0 0.1655 99.8989
4.0 3.0 0.135713 99.9378
4.0 3.0 0.134968 99.9546
4.0 3.0 0.134129 99.9939
4.0 3.0 0.123871 99.978
4.0 3.0 0.131719 99.924
4.0 4.0 0.106962 99.9156
4.0 4.0 0.101138 99.9062
4.0 4.0 0.109893 99.9752
4.0 4.0 0.109021 99.9771
4.0 4.0 0.10327 99.9762
4.0 4.0 0.101706 99.9762
4.0 4.0 0.111928 99.9515
4.0 4.0 0.110868 99.9798
4.0 4.0 0.104396 99.9752
4.0 4.0 0.10695 99.992
4.0 4.0 0.105063 99.9856
4.0 4.0 0.096977 99.947
4.0 4.0 0.104757 99.9826
4.0 4.0 0.106096 99.9515
4.0 4.0 0.105835 99.9546
4.0 4.0 0.100362 99.9281
4.0 4.0 0.108022 99.9515
4.0 4.0 0.106254 99.9481
4.0 4.0 0.107637 99.958
4.0 4.0 0.107006 99.9621
4.0 4.0 0.111742 99.978
4.0 4.0 0.124292 99.9683
4.0 4.0 0.103037 99.9773
4.0 4.0 0.104785 99.9515
4.0 4.0 0.101944 99.9062
4.0 4.0 0.105369 99.9376
4.0 4.0 0.104624 99.9552
4.0 4.0 0.113775 99.9515
4.0 4.0 0.105008 99.9515
4.0 4.0 0.112821 99.9662
4.0 4.0 0.108049 99.9482
4.0 4.0 0.105095 99.989
4.0 4.0 0.110545 99.9752
4.0 4.0 0.108328 99.9804
4.0 4.0 0.10749 99.9762
4.0 4.0 0.106977 99.9496
4.0 4.0 0.103076 99.924
4.0 4.0 0.103762 99.8651
4.0 4.0 0.104035 99.9752
4.0 4.0 0.104372 99.9515
4.0 4.0 0.113602 99.9515
4.0 4.0 0.103203 99.9801
4.0 4.0 0.102668 99.8628
4.0 4.0 0.1003 99.9515
4.0 4.0 0.10222 99.8395
4.0 4.0 0.101668 99.9854
4.0 4.0 0.108919 99.9983
4.0 4.0 0.103772 99.9884
4.0 4.0 0.106308 99.9834
4.0 4.0 0.107608 99.9622
4.0 5.0 0.180619 99.9515
4.0 5.0 0.174174 99.9625
4.0 5.0 0.188223 99.8628
4.0 5.0 0.184511 99.9952
4.0 5.0 0.194036 99.9929
4.0 5.0 0.183078 99.9546
4.0 5.0 0.165172 99.8702
4.0 5.0 0.185871 99.9796
4.0 5.0 0.17664 99.949
4.0 5.0 0.167999 99.9631
4.0 5.0 0.181919 99.9758
4.0 5.0 0.183033 99.9515
4.0 5.0 0.18368 99.9399
4.0 5.0 0.17811 99.9515
4.0 5.0 0.18111 99.9546
4.0 5.0 0.179528 99.9351
4.0 5.0 0.176134 99.9645
4.0 5.0 0.177757 99.9546
4.0 5.0 0.174388 99.9206
4.0 5.0 0.183873 99.9515
4.0 5.0 0.174098 99.9743
4.0 5.0 0.165564 99.9515
4.0 5.0 0.172989 99.9458
4.0 5.0 0.18122 99.9451
4.0 5.0 0.182609 99.8717
4.0 5.0 0.180271 99.9955
4.0 5.0 0.174794 99.8344
4.0 5.0 0.179988 99.9905
4.0 5.0 0.183305 99.8921
4.0 5.0 0.177232 99.9752
4.0 5.0 0.182559 99.8908
4.0 5.0 0.170459 99.9546
4.0 5.0 0.18839 99.9762
4.0 5.0 0.176192 99.9254
4.0 5.0 0.18575 99.9817
4.0 5.0 0.183738 99.924
4.0 5.0 0.177655 99.9757
4.0 5.0 0.16735 99.9752
4.0 5.0 0.182801 99.9752
4.0 5.0 0.16864 99.8547
4.0 5.0 0.187657 99.9788
4.0 5.0 0.17904 99.9408
4.0 5.0 0.175478 99.9425
4.0 5.0 0.181038 99.9962
4.0 5.0 0.166061 99.8546
4.0 5.0 0.182243 99.8973
4.0 5.0 0.159286 99.9859
4.0 5.0 0.180952 99.9702
4.0 5.0 0.162492 99.9955
4.0 5.0 0.17268 99.9156
4.0 6.0 0.175859 99.9546
4.0 6.0 0.178174 99.9762
4.0 6.0 0.169163 99.9836
4.0 6.0 0.162181 99.8228
4.0 6.0 0.170014 99.9749
4.0 6.0 0.157 99.9048
4.0 6.0 0.174695 99.9762
4.0 6.0 0.157887 99.9855
4.0 6.0 0.169914 99.93
4.0 6.0 0.16508 99.9617
4.0 6.0 0.174586 99.9609
4.0 6.0 0.159109 99.9156
4.0 6.0 0.169339 99.9752
4.0 6.0 0.175062 99.9515
4.0 6.0 0.163415 99.8811
4.0 6.0 0.158603 99.9846
4.0 6.0 0.17084 99.9363
4.0 6.0 0.159703 99.8731
4.0 6.0 0.172777 99.9083
4.0 6.0 0.157075 99.9752
4.0 6.0 0.176378 99.936
4.0 6.0 0.166729 99.9048
4.0 6.0 0.1586 99.963
4.0 6.0 0.163947 99.9539
4.0 6.0 0.174628 99.9908
4.0 6.0 0.166083 99.9482
4.0 6.0 0.159527 99.9666
4.0 6.0 0.171015 99.9515
4.0 6.0 0.172451 99.9811
4.0 6.0 0.168155 99.9812
4.0 6.0 0.165131 99.9968
4.0 6.0 0.156086 99.9411
4.0 6.0 0.166723 99.8155
4.0 6.0 0.166827 99.964
4.0 6.0 0.169246 99.9546
4.0 6.0 0.16101 99.9606
4.0 6.0 0.164959 99.9515
4.0 6.0 0.174648 99.9515
4.0 6.0 0.160562 99.937
4.0 6.0 0.171036 99.9862
4.0 6.0 0.167695 99.9996
4.0 6.0 0.164292 99.9911
4.0 6.0 0.153147 99.8694
4.0 6.0 0.165593 99.9762
4.0 6.0 0.178688 99.9104
4.0 6.0 0.167329 99.9752
4.0 6.0 0.170899 99.9985
4.0 6.0 0.182003 99.9048
4.0 6.0 0.183541 99.9515
4.0 6.0 0.149897 99.9515
4.0 7.0 0.166753 99.9762
4.0 7.0 0.166753 99.9762
4.0 7.0 0.166753 99.9762
4.0 7.0 0.166753 99.9762
4.0 7.0 0.166753 99.9762
4.0 7.0 0.166753 99.9762
4.0 7.0 0.166753 99.9762
4.0 7.0 0.166753 99.9762
4.0 7.0 0.166753 99.9762
4.0 7.0 0.166753 99.9762
4.0 7.0 0.166753 99.9762
4.0 7.0 0.166753 99.9762
4.0 7.0 0.166753 99.9762
4.0 7.0 0.166753 99.9762
4.0 7.0 0.166753 99.9762
4.0 7.0 0.166753 99.9762
4.0 7.0 0.166753 99.9762
4.0 7.0 0.166753 99.9762
4.0 7.0 0.166753 99.9762
4.0 7.0 0.166753 99.9762
4.0 7.0 0.166753 99.9762
4.0 7.0 0.166753 99.9762
4.0 7.0 0.166753 99.9762
4.0 7.0 0.166753 99.9762
4.0 7.0 0.166753 99.9762
4.0 7.0 0.166753 99.9762
4.0 7.0 0.166753 99.9762
4.0 7.0 0.166753 99.9762
4.0 7.0 0.166753 99.9762
4.0 7.0 0.166753 99.9762
4.0 7.0 0.166753 99.9762
4.0 7.0 0.166753 99.9762
4.0 7.0 0.166753 99.9762
4.0 7.0 0.166753 99.9762
4.0 7.0 0.166753 99.9762
4.0 7.0 0.166753 99.9762
4.0 7.0 0.166753 99.9762
4.0 7.0 0.166753 99.9762
4.0 7.0 0.166753 99.9762
4.0 7.0 0.166753 99.9762
4.0 7.0 0.166753 99.9762
4.0 7.0 0.166753 99.9762
4.0 7.0 0.166753 99.9762
4.0 7.0 0.166753 99.9762
4.0 7.0 0.166753 99.9762
4.0 7.0 0.166753 99.9762
4.0 7.0 0.166753 99.9762
4.0 7.0 0.166753 99.9762
4.0 7.0 0.166753 99.9762
4.0 7.0 0.166753 99.9762
5.0 1.0 55.1506 -20.9406
5.0 1.0 55.1958 -21.0462
5.0 1.0 55.2586 -20.9406
5.0 1.0 55.2025 -20.9406
5.0 1.0 55.0921 -20.9406
5.0 1.0 55.553 -20.9406
5.0 1.0 55.3236 -20.9406
5.0 1.0 55.1165 -20.9406
5.0 1.0 55.373 -20.9406
5.0 1.0 55.2805 -20.9406
5.0 1.0 55.0406 -20.9406
5.0 1.0 59.6899 -20.797
5.0 1.0 55.832 -20.797
5.0 1.0 55.8186 -20.9406
5.0 1.0 55.0051 -20.9406
5.0 1.0 55.4304 -20.9406
5.0 1.0 55.5399 -20.9406
5.0 1.0 55.0442 -20.9406
5.0 1.0 55.2964 -20.9406
5.0 1.0 55.4076 -20.9406
5.0 1.0 55.1273 -21.0462
5.0 1.0 55.386 -21.0462
5.0 1.0 55.2666 -20.797
5.0 1.0 55.2184 -20.9406
5.0 1.0 55.0819 -20.9406
5.0 1.0 55.0515 -20.9406
5.0 1.0 55.0963 -20.9406
5.0 1.0 55.039 -20.9406
5.0 1.0 55.0444 -21.0462
5.0 1.0 55.4364 -21.0462
5.0 1.0 55.285 -21.0462
5.0 1.0 55.7408 -20.797
5.0 1.0 55.3173 -20.9406
5.0 1.0 55.3406 -20.9406
5.0 1.0 55.0595 -20.9406
5.0 1.0 55.096 -20.9406
5.0 1.0 55.0288 -20.9406
5.0 1.0 57.2405 -20.9406
5.0 1.0 55.3505 -20.9406
5.0 1.0 55.1481 -21.0462
5.0 1.0 55.0904 -21.0462
5.0 1.0 55.1659 -20.9406
5.0 1.0 55.2202 -20.9406
5.0 1.0 54.8536 -20.9406
5.0 1.0 55.1007 -20.9406
5.0 1.0 55.5047 -20.797
5.0 1.0 55.5195 -21.0462
5.0 1.0 55.1706 -21.0462
5.0 1.0 55.4089 -20.797
5.0 1.0 55.2891 -21.0462
5.0 2.0 27.8049 -21.0462
5.0 2.0 27.8783 -20.797
5.0 2.0 27.5805 -20.9406
5.0 2.0 27.8899 -21.0462
5.0 2.0 27.5446 -20.9406
5.0 2.0 27.5434 -20.9406
5.0 2.0 27.573 -20.9406
5.0 2.0 27.8788 -21.0462
5.0 2.0 27.909 -20.9406
5.0 2.0 27.8984 -20.9406
5.0 2.0 27.8589 -20.9406
5.0 2.0 27.5843 -20.9406
5.0 2.0 27.6372 -20.797
5.0 2.0 27.576 -21.0462
5.0 2.0 27.964 -20.7982
5.0 2.0 27.7255 -20.797
5.0 2.0 28.131 -21.0462
5.0 2.0 27.8428 -21.0462
5.0 2.0 27.6399 -21.1828
5.0 2.0 27.7877 -21.0462
5.0 2.0 27.5434 -20.9406
5.0 2.0 27.7664 -21.0462
5.0 2.0 27.5376 -20.9406
5.0 2.0 27.5349 -21.0462
5.0 2.0 27.5776 -20.9406
5.0 2.0 27.5865 -21.0462
5.0 2.0 27.976 -20.9406
5.0 2.0 28.0359 -20.797
5.0 2.0 27.8441 -21.0462
5.0 2.0 27.5667 -21.0462
5.0 2.0 27.5875 -21.0462
5.0 2.0 27.895 -20.9406
5.0 2.0 27.8013 -21.0462
5.0 2.0 27.8719 -20.9406
5.0 2.0 27.8336 -20.9406
5.0 2.0 27.6048 -20.9406
5.0 2.0 27.7338 -20.797
5.0 2.0 27.881 -20.9406
5.0 2.0 27.5061 -20.9406
5.0 2.0 27.5662 -20.9406
5.0 2.0 27.5832 -21.0462
5.0 2.0 29.1686 -21.0462
5.0 2.0 28.1022 -20.9406
5.0 2.0 27.8787 -21.0462
5.0 2.0 27.5864 -20.9406
5.0 2.0 28.0049 -20.7975
5.0 2.0 28.0646 -21.0462
5.0 2.0 27.9139 -20.8057
5.0 2.0 27.8703 -21.0462
5.0 2.0 27.5327 -21.0462
5.0 3.0 18.8243 -20.9406
5.0 3.0 18.8595 -21.0462
5.0 3.0 18.8549 -20.9406
5.0 3.0 18.8147 -21.0462
5.0 3.0 18.8271 -20.9406
5.0 3.0 18.8574 -21.0462
5.0 3.0 20.0749 -20.9406
5.0 3.0 18.8496 -20.9406
5.0 3.0 18.8696 -21.0462
5.0 3.0 18.8488 -20.9406
5.0 3.0 18.8527 -20.9406
5.0 3.0 18.8477 -21.0462
5.0 3.0 18.9021 -21.0462
5.0 3.0 18.828 -20.9406
5.0 3.0 18.8278 -21.0462
5.0 3.0 18.8421 -21.0462
5.0 3.0 18.8611 -21.0462
5.0 3.0 18.823 -21.0462
5.0 3.0 18.8889 -21.0462
5.0 3.0 18.8657 -21.0462
5.0 3.0 18.8672 -21.0462
5.0 3.0 19.1127 -20.8265
5.0 3.0 18.9625 -20.797
5.0 3.0 18.9129 -21.0462
5.0 3.0 18.8193 -21.0462
5.0 3.0 19.1145 -20.8182
5.0 3.0 18.8229 -21.0462
5.0 3.0 19.1433 -20.797
5.0 3.0 18.8366 -20.9406
5.0 3.0 18.8789 -21.0462
5.0 3.0 18.8416 -21.0462
5.0 3.0 20.7057 -21.0462
5.0 3.0 20.6279 -21.1828
5.0 3.0 18.8616 -20.9406
5.0 3.0 18.8646 -21.0462
5.0 3.0 18.7917 -20.797
5.0 3.0 20.6795 -21.0462
5.0 3.0 18.8875 -20.9406
5.0 3.0 18.9525 -20.797
5.0 3.0 18.8344 -20.9406
5.0 3.0 18.8374 -20.9406
5.0 3.0 18.8506 -21.0462
5.0 3.0 18.8661 -21.0462
5.0 3.0 20.7727 -20.9406
5.0 3.0 18.8381 -21.0462
5.0 3.0 19.0935 -20.797
5.0 3.0 18.8255 -20.9406
5.0 3.0 18.8405 -20.9406
5.0 3.0 18.8832 -20.9406
5.0 3.0 18.8956 -20.9406
5.0 4.0 13.8712 -20.9406
5.0 4.0 14.1222 -20.9406
5.0 4.0 13.8539 -21.0462
5.0 4.0 13.8596 -21.0462
5.0 4.0 13.848 -20.9406
5.0 4.0 14.0573 -20.797
5.0 4.0 13.852 -20.9406
5.0 4.0 14.1149 -21.0462
5.0 4.0 13.8518 -20.9406
5.0 4.0 13.8645 -21.1828
5.0 4.0 13.8559 -20.9406
5.0 4.0 14.0825 -21.0462
5.0 4.0 14.0088 -21.0462
5.0 4.0 13.8515 -21.0462
5.0 4.0 14.1473 -20.9406
5.0 4.0 14.0559 -20.9406
5.0 4.0 14.0681 -20.797
5.0 4.0 14.06 -21.0462
5.0 4.0 13.8419 -21.0462
5.0 4.0 13.8489 -20.9406
5.0 4.0 13.8466 -21.0462
5.0 4.0 13.8928 -21.0462
5.0 4.0 13.8313 -20.9406
5.0 4.0 14.0815 -20.9406
5.0 4.0 14.0514 -21.0462
5.0 4.0 14.0893 -20.9406
5.0 4.0 13.995 -20.9406
5.0 4.0 13.838 -20.9406
5.0 4.0 14.1128 -21.0462
5.0 4.0 13.8717 -21.0462
5.0 4.0 13.8583 -21.0462
5.0 4.0 13.8357 -21.0462
5.0 4.0 14.1261 -20.9406
5.0 4.0 14.0717 -20.797
5.0 4.0 14.0875 -21.0462
5.0 4.0 13.9804 -21.0462
5.0 4.0 14.0292 -21.0462
5.0 4.0 13.8565 -21.0462
5.0 4.0 14.0965 -20.9406
5.0 4.0 14.0528 -20.9406
5.0 4.0 13.9986 -21.0462
5.0 4.0 13.8435 -21.0462
5.0 4.0 13.8624 -20.9406
5.0 4.0 14.0167 -20.9406
5.0 4.0 13.9615 -20.9406
5.0 4.0 13.858 -21.0462
5.0 4.0 13.9875 -20.797
5.0 4.0 13.848 -20.9406
5.0 4.0 13.8432 -21.0462
5.0 4.0 13.9792 -21.0462
5.0 5.0 12.3947 -20.9406
5.0 5.0 12.152 -20.9406
5.0 5.0 12.3799 -21.0462
5.0 5.0 12.4642 -20.7981
5.0 5.0 12.1645 -21.0462
5.0 5.0 11.2888 -20.797
5.0 5.0 11.2834 -20.797
5.0 5.0 11.1367 -20.9406
5.0 5.0 11.3248 -21.0462
5.0 5.0 12.3472 -20.9406
5.0 5.0 12.1853 -21.0462
5.0 5.0 12.543 -20.8265
5.0 5.0 12.1532 -20.9406
5.0 5.0 11.1087 -20.9406
5.0 5.0 11.2968 -21.0462
5.0 5.0 11.235 -20.9406
5.0 5.0 11.5403 -21.0462
5.0 5.0 12.2398 -21.0462
5.0 5.0 12.3079 -20.9406
5.0 5.0 12.2776 -20.9406
5.0 5.0 12.6609 -20.797
5.0 5.0 12.2718 -20.797
5.0 5.0 12.4483 -20.9406
5.0 5.0 11.2501 -21.1828
5.0 5.0 11.1857 -20.9406
5.0 5.0 12.5251 -20.797
5.0 5.0 12.225 -20.9406
5.0 5.0 12.4486 -20.9406
5.0 5.0 12.3432 -21.0462
5.0 5.0 11.1858 -21.0462
5.0 5.0 12.174 -20.9406
5.0 5.0 12.2192 -21.0462
5.0 5.0 12.3023 -21.0462
5.0 5.0 11.2034 -21.0462
5.0 5.0 12.167 -21.0462
5.0 5.0 11.1956 -21.0462
5.0 5.0 12.0447 -20.9406
5.0 5.0 12.4813 -20.9406
5.0 5.0 12.2582 -21.0462
5.0 5.0 12.2726 -20.9406
5.0 5.0 12.2261 -21.0462
5.0 5.0 12.4899 -20.9406
5.0 5.0 12.4887 -21.1628
5.0 5.0 12.3521 -20.9406
5.0 5.0 12.1519 -20.9406
5.0 5.0 12.3194 -21.0462
5.0 5.0 12.3572 -21.0462
5.0 5.0 12.3441 -21.0462
5.0 5.0 12.5182 -20.8265
5.0 5.0 11.2511 -20.9406
5.0 6.0 11.163 -20.9406
5.0 6.0 11.1653 -20.9406
5.0 6.0 11.2474 -20.797
5.0 6.0 11.9511 -20.7972
5.0 6.0 11.1713 -21.1828
5.0 6.0 11.1502 -21.0462
5.0 6.0 11.8677 -21.0462
5.0 6.0 12.1323 -20.9406
5.0 6.0 11.8892 -20.9406
5.0 6.0 11.1603 -20.9406
5.0 6.0 12.2436 -20.9406
5.0 6.0 11.8302 -21.1628
5.0 6.0 12.1141 -20.9406
5.0 6.0 12.0414 -20.9406
5.0 6.0 11.1609 -20.9406
5.0 6.0 11.6263 -20.9406
5.0 6.0 12.4225 -21.0462
5.0 6.0 12.0899 -21.0462
5.0 6.0 12.0138 -21.0462
5.0 6.0 11.1625 -20.9406
5.0 6.0 12.2842 -21.0462
5.0 6.0 11.8475 -20.9406
5.0 6.0 11.7938 -20.9406
5.0 6.0 11.1639 -21.0462
5.0 6.0 11.9648 -20.817
5.0 6.0 11.1664 -21.0462
5.0 6.0 11.1884 -20.797
5.0 6.0 11.7406 -21.0462
5.0 6.0 11.2655 -20.9406
5.0 6.0 11.1325 -21.0462
5.0 6.0 11.2103 -20.8265
5.0 6.0 11.1164 -20.9406
5.0 6.0 12.0107 -20.797
5.0 6.0 11.8812 -20.9406
5.0 6.0 12.2218 -20.7985
5.0 6.0 11.9427 -20.797
5.0 6.0 11.158 -20.9406
5.0 6.0 11.1688 -21.0462
5.0 6.0 11.149 -21.0462
5.0 6.0 12.2314 -20.9406
5.0 6.0 11.8518 -21.0462
5.0 6.0 11.1782 -21.0462
5.0 6.0 11.9387 -21.0462
5.0 6.0 11.9222 -21.0462
5.0 6.0 11.883 -21.0462
5.0 6.0 12.0973 -20.7971
5.0 6.0 11.2538 -20.797
5.0 6.0 12.2277 -21.0462
5.0 6.0 11.7513 -21.0462
5.0 6.0 11.9772 -21.0462
5.0 6.0 11.9772 -21.0462
5.0 6.0 11.9772 -21.0462
5.0 6.0 11.9772 -21.0462
5.0 6.0 11.9772 -21.0462
5.0 6.0 11.9772 -21.0462
5.0 6.0 11.9772 -21.0462
5.0 6.0 11.9772 -21.0462
5.0 6.0 11.9772 -21.0462
5.0 6.0 11.9772 -21.0462
5.0 6.0 11.9772 -21.0462
5.0 6.0 11.9772 -21.0462
5.0 6.0 11.9772 -21.0462
5.0 6.0 11.9772 -21.0462
5.0 6.0 11.9772 -21.0462
5.0 6.0 11.9772 -21.0462
5.0 6.0 11.9772 -21.0462
5.0 6.0 11.9772 -21.0462
5.0 6.0 11.9772 -21.0462
5.0 6.0 11.9772 -21.0462
5.0 6.0 11.9772 -21.0462
5.0 6.0 11.9772 -21.0462
5.0 6.0 11.9772 -21.0462
5.0 6.0 11.9772 -21.0462
5.0 6.0 11.9772 -21.0462
5.0 6.0 11.9772 -21.0462
5.0 6.0 11.9772 -21.0462
5.0 6.0 11.9772 -21.0462
5.0 6.0 11.9772 -21.0462
5.0 6.0 11.9772 -21.0462
5.0 6.0 11.9772 -21.0462
5.0 6.0 11.9772 -21.0462
5.0 6.0 11.9772 -21.0462
5.0 6.0 11.9772 -21.0462
5.0 6.0 11.9772 -21.0462
5.0 6.0 11.9772 -21.0462
5.0 6.0 11.9772 -21.0462
5.0 6.0 11.9772 -21.0462
5.0 6.0 11.9772 -21.0462
5.0 6.0 11.9772 -21.0462
5.0 6.0 11.9772 -21.0462
5.0 6.0 11.9772 -21.0462
5.0 6.0 11.9772 -21.0462
5.0 6.0 11.9772 -21.0462
5.0 6.0 11.9772 -21.0462
5.0 6.0 11.9772 -21.0462
5.0 6.0 11.9772 -21.0462
5.0 6.0 11.9772 -21.0462
5.0 6.0 11.9772 -21.0462
5.0 6.0 11.9772 -21.0462
5.0 6.0 11.9772 -21.0462
