0.0 2.0 1.89191 -0.000412552
0.0 2.0 1.95689 -0.000412552
0.0 2.0 1.91584 -0.000412552
0.0 2.0 1.89406 -0.000412552
0.0 2.0 0.802544 -0.000412552
0.0 2.0 1.88071 -0.000412552
0.0 2.0 0.812774 -0.000412552
0.0 2.0 1.95466 -0.000412552
0.0 2.0 1.93482 -0.000412552
0.0 2.0 2.10181 -0.000412552
0.0 2.0 1.93917 -0.000412552
0.0 2.0 1.90555 -0.000412552
0.0 2.0 1.9073 -0.000412552
0.0 2.0 1.94233 -0.000412552
0.0 2.0 0.79294 -0.000412552
0.0 2.0 0.828093 -0.000412552
0.0 2.0 2.19115 -0.000412552
0.0 2.0 2.01052 -0.000412552
0.0 2.0 2.00999 -0.000412552
0.0 2.0 1.96579 -0.000412552
0.0 2.0 1.90554 -0.000412552
0.0 2.0 1.89726 -0.000412552
0.0 2.0 1.93425 -0.000412552
0.0 2.0 2.06576 -0.000412552
0.0 2.0 1.90725 -0.000412552
0.0 2.0 1.92797 -0.000412552
0.0 2.0 2.14594 -0.000412552
0.0 2.0 1.90908 -0.000412552
0.0 2.0 1.90282 -0.000412552
0.0 2.0 1.98061 -0.000412552
0.0 2.0 0.796806 -0.000412552
0.0 2.0 1.9004 -0.000412552
0.0 2.0 1.96138 -0.000412552
0.0 2.0 2.02829 -0.000412552
0.0 2.0 0.801102 -0.000412552
0.0 2.0 1.94107 -0.000412552
0.0 2.0 1.90724 -0.000412552
0.0 2.0 2.10074 -0.000412552
0.0 2.0 1.90304 -0.000412552
0.0 2.0 1.91445 -0.000412552
0.0 2.0 1.92275 -0.000412552
0.0 2.0 1.98714 -0.000412552
0.0 2.0 1.89109 -0.000412552
0.0 2.0 0.790455 -0.000412552
0.0 2.0 1.95006 -0.000412552
0.0 2.0 1.91998 -0.000412552
0.0 2.0 1.89265 -0.000412552
0.0 2.0 1.89636 -0.000412552
0.0 2.0 2.01215 -0.000412552
0.0 2.0 1.89083 -0.000412552
0.0 3.0 0.394854 -0.0379032
0.0 3.0 0.899657 -0.502426
0.0 3.0 0.409226 -0.147037
0.0 3.0 2.13068 -0.00748251
0.0 3.0 0.420939 -0.112307
0.0 3.0 0.401455 -0.502426
0.0 3.0 1.73299 -0.0591959
0.0 3.0 0.398979 -0.0332039
0.0 3.0 1.58057 -0.177196
0.0 3.0 0.927917 -0.0197217
0.0 3.0 0.401445 -0.0820646
0.0 3.0 0.925091 -0.00759236
0.0 3.0 0.39906 -0.502426
0.0 3.0 0.927389 -0.0332039
0.0 3.0 1.56262 -0.0591959
0.0 3.0 0.910116 -0.0100772
0.0 3.0 1.74759 -0.502426
0.0 3.0 1.10573 -0.0674072
0.0 3.0 1.72693 -1.171
0.0 3.0 0.982315 -0.115563
0.0 3.0 1.62137 -0.175992
0.0 3.0 1.73353 -0.103582
0.0 3.0 0.366106 -4.02398e-09
0.0 3.0 1.15576 -0.00420907
0.0 3.0 1.58218 -0.177196
0.0 3.0 1.14443 -0.0159824
0.0 3.0 0.917907 -0.00847048
0.0 3.0 0.412066 -0.3395
0.0 3.0 0.419056 -0.502426
0.0 3.0 0.920431 -0.502426
0.0 3.0 1.61112 -0.0493034
0.0 3.0 0.43717 -0.0876071
0.0 3.0 0.912833 -0.0901497
0.0 3.0 1.20499 -0.00760938
0.0 3.0 0.405448 -0.245469
0.0 3.0 0.390081 -0.0181928
0.0 3.0 0.374307 -0.00686147
0.0 3.0 2.0729 -0.00015873
0.0 3.0 0.3897 -0.0135025
0.0 3.0 0.941476 -0.527675
0.0 3.0 0.406488 -0.502426
0.0 3.0 0.420921 -0.10969
0.0 3.0 1.15919 -0.584515
0.0 3.0 0.423167 -0.119103
0.0 3.0 0.979943 -0.106718
0.0 3.0 0.933152 -4.96997e-09
0.0 3.0 0.416487 -0.461268
0.0 3.0 1.10086 -0.0080414
0.0 3.0 0.927345 -0.502426
0.0 3.0 0.967405 -0.339765
0.0 4.0 0.763921 -0.985227
0.0 4.0 0.891028 -0.0286198
0.0 4.0 1.42381 -0.148272
0.0 4.0 0.363686 -0.0312428
0.0 4.0 0.767184 -0.229637
0.0 4.0 1.06184 -4.32048e-06
0.0 4.0 0.755096 -0.156713
0.0 4.0 0.729956 -0.00739606
0.0 4.0 0.842725 -0.436944
0.0 4.0 1.38272 -0.0107186
0.0 4.0 0.972899 -0.00022556
0.0 4.0 1.59359 -0.0271254
0.0 4.0 0.919076 -0.0222893
0.0 4.0 0.794906 -0.425281
0.0 4.0 0.38173 -0.985227
0.0 4.0 1.6463 -0.41832
0.0 4.0 0.738366 -0.678615
0.0 4.0 0.972848 -0.00739656
0.0 4.0 1.15807 -0.000335293
0.0 4.0 1.02717 -0.110864
0.0 4.0 0.869267 -0.493931
0.0 4.0 1.02897 -0.877914
0.0 4.0 1.29042 -0.502426
0.0 4.0 0.372783 -0.176626
0.0 4.0 1.31891 -0.0305782
0.0 4.0 0.906898 -0.045126
0.0 4.0 0.975946 -0.200211
0.0 4.0 1.33036 -0.0622583
0.0 4.0 0.650142 -4.08729e-12
0.0 4.0 1.14823 -0.113519
0.0 4.0 1.2883 -0.0473463
0.0 4.0 0.791438 -0.473325
0.0 4.0 1.05843 -0.00739782
0.0 4.0 0.357223 -0.0057692
0.0 4.0 1.06804 -0.122755
0.0 4.0 0.359748 -0.196867
0.0 4.0 1.31377 -0.0140561
0.0 4.0 1.40717 -0.158234
0.0 4.0 0.356185 -0.0214054
0.0 4.0 1.6937 -0.027765
0.0 4.0 0.819331 -0.00986883
0.0 4.0 0.379246 -0.015092
0.0 4.0 1.47427 -0.107517
0.0 4.0 1.80274 -0.503465
0.0 4.0 0.847332 -0.427172
0.0 4.0 0.711626 -0.0305872
0.0 4.0 1.01155 -0.0228695
0.0 4.0 1.23714 -0.14777
0.0 4.0 0.971174 -0.0328899
0.0 4.0 1.02053 -0.336469
0.0 5.0 0.724019 -0.0274651
0.0 5.0 0.658521 -0.110764
0.0 5.0 0.567347 -0.638357
0.0 5.0 0.555852 -0.111092
0.0 5.0 0.721973 -0.638357
0.0 5.0 0.720422 -2.00843e-06
0.0 5.0 0.790995 -0.087849
0.0 5.0 0.558176 -0.638357
0.0 5.0 0.732274 -0.638357
0.0 5.0 0.658827 -0.0234543
0.0 5.0 0.560603 -0.00839856
0.0 5.0 0.59563 -0.0381514
0.0 5.0 0.721109 -0.497969
0.0 5.0 0.616136 -0.638357
0.0 5.0 0.763073 -0.228217
0.0 5.0 0.55664 -0.00997848
0.0 5.0 0.728337 -0.310802
0.0 5.0 0.662178 -0.638357
0.0 5.0 0.578438 -1.56191e-05
0.0 5.0 0.603685 -0.638357
0.0 5.0 0.659408 -0.0272434
0.0 5.0 0.68861 -0.0704497
0.0 5.0 0.658042 -0.000124579
0.0 5.0 0.553755 -0.28202
0.0 5.0 0.724019 -0.638357
0.0 5.0 0.717265 -0.638357
0.0 5.0 0.721584 -0.0253936
0.0 5.0 0.559972 -0.198522
0.0 5.0 0.551183 -0.599792
0.0 5.0 0.660049 -0.00739606
0.0 5.0 0.656902 -0.00986562
0.0 5.0 0.584031 -0.198174
0.0 5.0 0.664522 -0.581879
0.0 5.0 0.660071 -0.13447
0.0 5.0 0.658365 -0.518351
0.0 5.0 0.719622 -0.0153218
0.0 5.0 0.682541 -0.226344
0.0 5.0 0.662805 -0.340198
0.0 5.0 0.660088 -0.359555
0.0 5.0 0.680146 -0.0697992
0.0 5.0 0.722628 -0.638357
0.0 5.0 0.729401 -0.0237958
0.0 5.0 0.791307 -0.521714
0.0 5.0 0.665884 -0.0279536
0.0 5.0 0.586099 -0.638357
0.0 5.0 0.565152 -0.0198051
0.0 5.0 0.802676 -0.00127245
0.0 5.0 0.726744 -0.0576876
0.0 5.0 0.723408 -0.638357
0.0 5.0 0.726887 -0.150571
1.0 2.0 0.793642 2.71472
1.0 2.0 1.928 2.71472
1.0 2.0 2.13656 2.71472
1.0 2.0 2.83794 2.71472
1.0 2.0 2.88248 2.71472
1.0 2.0 2.86423 2.71472
1.0 2.0 0.714131 2.71472
1.0 2.0 0.73341 2.71472
1.0 2.0 2.83164 2.71472
1.0 2.0 0.716236 2.71472
1.0 2.0 0.729353 2.71472
1.0 2.0 2.20947 2.71472
1.0 2.0 1.99989 2.71472
1.0 2.0 2.06153 2.71472
1.0 2.0 2.08127 2.71472
1.0 2.0 0.735972 2.71472
1.0 2.0 2.02677 2.71472
1.0 2.0 1.99327 2.71472
1.0 2.0 2.85087 2.71472
1.0 2.0 2.05903 2.71472
1.0 2.0 0.738339 2.71472
1.0 2.0 2.03031 2.71472
1.0 2.0 3.04271 2.71472
1.0 2.0 3.38122 2.71472
1.0 2.0 3.03851 2.71472
1.0 2.0 3.11793 2.71472
1.0 2.0 1.98306 2.71472
1.0 2.0 2.85926 2.71472
1.0 2.0 2.20722 2.71472
1.0 2.0 0.7008 2.71472
1.0 2.0 3.07175 2.71472
1.0 2.0 0.770242 2.71472
1.0 2.0 0.746186 2.71472
1.0 2.0 3.02556 2.71472
1.0 2.0 0.727976 2.71472
1.0 2.0 3.03498 2.71472
1.0 2.0 2.15539 2.71472
1.0 2.0 0.725401 2.71472
1.0 2.0 2.83192 2.71472
1.0 2.0 0.615165 2.71472
1.0 2.0 2.94443 2.71472
1.0 2.0 0.705169 2.71472
1.0 2.0 0.611922 2.71472
1.0 2.0 2.82132 2.71472
1.0 2.0 0.704775 2.71472
1.0 2.0 0.749179 2.71472
1.0 2.0 0.615283 2.71472
1.0 2.0 1.77469 2.71472
1.0 2.0 1.95169 2.71472
1.0 2.0 0.719504 2.71472
1.0 3.0 1.62812 1.45486
1.0 3.0 0.928209 2.66293
1.0 3.0 1.83024 2.47218
1.0 3.0 0.37883 2.71827
1.0 3.0 0.381457 2.71636
1.0 3.0 0.449195 1.66346
1.0 3.0 1.62592 0.383924
1.0 3.0 0.933543 -0.533419
1.0 3.0 0.447956 2.31454
1.0 3.0 1.18423 2.71259
1.0 3.0 1.63812 2.69115
1.0 3.0 0.912518 2.69638
1.0 3.0 1.13332 2.63159
1.0 3.0 0.455764 2.65036
1.0 3.0 0.456534 1.03581
1.0 3.0 0.45828 1.62563
1.0 3.0 1.10462 0.709614
1.0 3.0 1.78046 2.46353
1.0 3.0 0.435684 2.25193
1.0 3.0 1.1582 0.42665
1.0 3.0 1.63001 0.90644
1.0 3.0 0.923632 -0.383842
1.0 3.0 2.24725 1.57945
1.0 3.0 1.10957 1.8997
1.0 3.0 0.379961 2.71602
1.0 3.0 0.397821 2.67766
1.0 3.0 2.2499 0.787194
1.0 3.0 0.919879 2.61822
1.0 3.0 0.455099 1.67245
1.0 3.0 0.453816 2.50895
1.0 3.0 1.90379 2.15654
1.0 3.0 0.467439 0.832297
1.0 3.0 0.924174 2.66088
1.0 3.0 0.929164 -0.158434
1.0 3.0 1.53759 2.71756
1.0 3.0 0.463161 2.31524
1.0 3.0 0.919216 -0.383842
1.0 3.0 0.906838 2.01697
1.0 3.0 2.13218 0.787194
1.0 3.0 0.442152 2.56037
1.0 3.0 0.918738 2.70492
1.0 3.0 2.11163 0.787194
1.0 3.0 2.09686 2.6885
1.0 3.0 1.67658 2.0469
1.0 3.0 1.63025 2.70902
1.0 3.0 2.17259 2.71828
1.0 3.0 1.1247 1.94109
1.0 3.0 0.931353 2.67799
1.0 3.0 0.94347 1.62563
1.0 3.0 0.906816 2.71825
1.0 4.0 0.726077 2.55069
1.0 4.0 1.03041 2.69205
1.0 4.0 0.743808 1.41983
1.0 4.0 1.16746 2.33517
1.0 4.0 1.43437 2.70853
1.0 4.0 1.38656 2.63522
1.0 4.0 0.882252 2.39538
1.0 4.0 0.967983 1.91883
1.0 4.0 0.382025 -0.38751
1.0 4.0 0.762771 0.202775
1.0 4.0 0.959326 2.67519
1.0 4.0 1.19923 2.71771
1.0 4.0 0.676337 -1.02652
1.0 4.0 1.48913 2.52817
1.0 4.0 1.09841 2.71826
1.0 4.0 0.374585 -0.486187
1.0 4.0 0.816048 2.58701
1.0 4.0 0.992278 1.80468
1.0 4.0 0.378057 -0.0781786
1.0 4.0 0.777555 -1.11481
1.0 4.0 1.46485 1.09998
1.0 4.0 1.18994 1.20377
1.0 4.0 1.377 2.69579
1.0 4.0 0.692142 1.52331
1.0 4.0 0.800043 0.321604
1.0 4.0 0.383792 2.4536
1.0 4.0 0.390021 2.66254
1.0 4.0 0.783384 2.06008
1.0 4.0 1.17939 -0.0624671
1.0 4.0 0.720119 2.56052
1.0 4.0 1.44964 -1.74305
1.0 4.0 0.706159 1.67527
1.0 4.0 0.897419 2.68458
1.0 4.0 0.369361 1.15381
1.0 4.0 1.42743 2.70534
1.0 4.0 0.744057 -1.00998
1.0 4.0 1.46526 2.59287
1.0 4.0 1.0735 0.5782
1.0 4.0 1.18679 1.07108
1.0 4.0 1.14726 1.94209
1.0 4.0 0.881362 2.67389
1.0 4.0 1.13628 -0.704524
1.0 4.0 0.76169 2.16029
1.0 4.0 1.35716 2.34547
1.0 4.0 1.04784 2.5989
1.0 4.0 1.37847 -0.0419894
1.0 4.0 1.57352 2.71828
1.0 4.0 1.03853 1.92505
1.0 4.0 0.927891 2.60834
1.0 4.0 1.04235 1.74028
1.0 5.0 0.563401 2.6339
1.0 5.0 0.669909 2.71094
1.0 5.0 0.568732 1.26886
1.0 5.0 0.665799 2.70445
1.0 5.0 0.55075 1.82688
1.0 5.0 0.55342 1.75965
1.0 5.0 0.559468 2.66622
1.0 5.0 0.552809 1.01871
1.0 5.0 0.675272 0.379426
1.0 5.0 0.710679 2.35695
1.0 5.0 0.664879 2.70839
1.0 5.0 0.555422 1.18504
1.0 5.0 0.729349 1.53677
1.0 5.0 0.558442 2.63752
1.0 5.0 0.724746 2.69901
1.0 5.0 0.720085 0.486655
1.0 5.0 0.553748 1.44059
1.0 5.0 0.661898 2.71827
1.0 5.0 0.657016 2.71558
1.0 5.0 0.661081 2.66748
1.0 5.0 0.547647 1.86559
1.0 5.0 0.729168 1.30652
1.0 5.0 0.733464 2.71818
1.0 5.0 0.67111 1.64742
1.0 5.0 0.62529 2.18316
1.0 5.0 0.795876 2.50352
1.0 5.0 0.563463 -0.473621
1.0 5.0 0.674506 -1.11334
1.0 5.0 0.658948 2.71784
1.0 5.0 0.71733 1.29672
1.0 5.0 0.740072 2.31692
1.0 5.0 0.551485 2.6861
1.0 5.0 0.551749 -2.80871
1.0 5.0 0.727243 -0.534406
1.0 5.0 0.715147 1.76599
1.0 5.0 0.714499 2.15795
1.0 5.0 0.665158 -1.30702
1.0 5.0 0.717413 -0.14923
1.0 5.0 0.720936 2.63348
1.0 5.0 0.722852 1.94456
1.0 5.0 0.563331 2.69011
1.0 5.0 1.35975 1.97138
1.0 5.0 0.553451 2.68504
1.0 5.0 0.662191 2.7126
1.0 5.0 0.730348 2.71762
1.0 5.0 0.668829 2.61429
1.0 5.0 0.686891 2.60716
1.0 5.0 0.716584 2.65825
1.0 5.0 0.665539 -1.06737
1.0 5.0 0.55355 2.71788
2.0 2.0 0.740366 -2.31892e-09
2.0 2.0 0.7172 -2.31892e-09
2.0 2.0 3.08695 -2.31892e-09
2.0 2.0 2.01781 -2.31892e-09
2.0 2.0 2.25471 -2.31892e-09
2.0 2.0 0.716611 -2.31892e-09
2.0 2.0 0.728082 -2.31892e-09
2.0 2.0 0.674671 -2.31892e-09
2.0 2.0 0.614876 -2.31892e-09
2.0 2.0 0.738886 -2.31892e-09
2.0 2.0 1.92856 -2.31892e-09
2.0 2.0 0.761438 -2.31892e-09
2.0 2.0 0.724563 -2.31892e-09
2.0 2.0 0.742672 -2.31892e-09
2.0 2.0 0.712136 -2.31892e-09
2.0 2.0 0.751945 -2.31892e-09
2.0 2.0 0.608316 -2.31892e-09
2.0 2.0 0.733193 -2.31892e-09
2.0 2.0 1.76 -2.31892e-09
2.0 2.0 0.722482 -2.31892e-09
2.0 2.0 2.88973 -2.31892e-09
2.0 2.0 2.02528 -2.31892e-09
2.0 2.0 0.711649 -2.31892e-09
2.0 2.0 2.86175 -2.31892e-09
2.0 2.0 3.11479 -2.31892e-09
2.0 2.0 2.90039 -2.31892e-09
2.0 2.0 0.610164 -2.31892e-09
2.0 2.0 0.684567 -2.31892e-09
2.0 2.0 1.79772 -2.31892e-09
2.0 2.0 2.92783 -2.31892e-09
2.0 2.0 2.12049 -2.31892e-09
2.0 2.0 0.723282 -2.31892e-09
2.0 2.0 2.04242 -2.31892e-09
2.0 2.0 2.91815 -2.31892e-09
2.0 2.0 1.8364 -2.31892e-09
2.0 2.0 2.90733 -2.31892e-09
2.0 2.0 0.703249 -2.31892e-09
2.0 2.0 2.86246 -2.31892e-09
2.0 2.0 0.730124 -2.31892e-09
2.0 2.0 1.94983 -2.31892e-09
2.0 2.0 3.03973 -2.31892e-09
2.0 2.0 0.787574 -2.31892e-09
2.0 2.0 0.69133 -2.31892e-09
2.0 2.0 0.736243 -2.31892e-09
2.0 2.0 1.88916 -2.31892e-09
2.0 2.0 0.764118 -2.31892e-09
2.0 2.0 0.72964 -2.31892e-09
2.0 2.0 0.675094 -2.31892e-09
2.0 2.0 2.84254 -2.31892e-09
2.0 2.0 2.95333 -2.31892e-09
2.0 3.0 1.78414 -1.22971e-08
2.0 3.0 0.431677 -1.13542e-06
2.0 3.0 1.7704 -2.5877e-10
2.0 3.0 0.431411 -3.22081e-06
2.0 3.0 0.925234 -5.75704e-10
2.0 3.0 0.456557 -6.30426e-07
2.0 3.0 1.87155 -6.50099e-08
2.0 3.0 0.903649 -2.63015e-09
2.0 3.0 0.958275 -1.31417e-05
2.0 3.0 0.906457 -1.49652e-07
2.0 3.0 1.62055 -1.04183e-06
2.0 3.0 0.915807 -1.92272e-05
2.0 3.0 0.96974 -3.41889e-06
2.0 3.0 0.963115 -2.82283e-06
2.0 3.0 0.378261 -8.62761e-12
2.0 3.0 1.68126 -1.45436e-08
2.0 3.0 0.969377 -5.00661e-10
2.0 3.0 0.432372 -2.38151e-08
2.0 3.0 0.923312 -1.83405e-06
2.0 3.0 0.396553 -1.60868e-10
2.0 3.0 0.387536 -8.29607e-09
2.0 3.0 0.418909 -1.60063e-06
2.0 3.0 0.886709 -3.30918e-07
2.0 3.0 1.17761 -4.1132e-07
2.0 3.0 0.39062 -6.7604e-10
2.0 3.0 0.376841 -6.78909e-09
2.0 3.0 0.408829 -1.5716e-08
2.0 3.0 0.912716 -6.84629e-08
2.0 3.0 1.64299 -1.9244e-06
2.0 3.0 0.41297 -9.86176e-09
2.0 3.0 1.55683 -1.05235e-06
2.0 3.0 1.60822 -3.73012e-07
2.0 3.0 2.01505 -1.99198e-07
2.0 3.0 1.17139 -3.41015e-07
2.0 3.0 0.413384 -2.08003e-12
2.0 3.0 0.431298 -2.90961e-05
2.0 3.0 0.908868 -5.16985e-10
2.0 3.0 0.92617 -3.33754e-08
2.0 3.0 0.41182 -3.65734e-10
2.0 3.0 0.971534 -7.91314e-12
2.0 3.0 0.43139 -6.10798e-07
2.0 3.0 0.885518 -4.13245e-07
2.0 3.0 0.407766 -2.63217e-07
2.0 3.0 1.01434 -1.78641e-06
2.0 3.0 0.446385 -2.01208e-06
2.0 3.0 0.374212 -3.64418e-13
2.0 3.0 0.381277 -7.20405e-08
2.0 3.0 0.380186 -7.53345e-17
2.0 3.0 0.42012 -2.39509e-16
2.0 3.0 0.376438 -6.71001e-15
2.0 4.0 0.830325 -1.8633e-07
2.0 4.0 0.821987 -4.1863e-08
2.0 4.0 1.9971 -5.65595e-13
2.0 4.0 1.30955 -1.15372e-07
2.0 4.0 0.964114 -6.98704e-10
2.0 4.0 1.06351 -1.57278e-06
2.0 4.0 0.897631 -6.05203e-08
2.0 4.0 1.00098 -5.90637e-06
2.0 4.0 0.624566 -1.39797e-07
2.0 4.0 1.04869 -4.80061e-07
2.0 4.0 0.945214 -4.61379e-08
2.0 4.0 0.732286 -6.4614e-07
2.0 4.0 0.975529 -1.7891e-06
2.0 4.0 0.750413 -1.55772e-08
2.0 4.0 0.817212 -3.38843e-07
2.0 4.0 1.47168 -1.06653e-05
2.0 4.0 0.851237 -4.01541e-10
2.0 4.0 0.6806 -3.25752e-10
2.0 4.0 1.47956 -2.28879e-11
2.0 4.0 0.943518 -1.46251e-07
2.0 4.0 0.788294 -9.89788e-11
2.0 4.0 0.985059 -6.93577e-09
2.0 4.0 0.374949 -1.33021e-07
2.0 4.0 0.824225 -4.71258e-08
2.0 4.0 1.04721 -6.81873e-07
2.0 4.0 0.710344 -1.38089e-06
2.0 4.0 0.761455 -5.35215e-08
2.0 4.0 0.837178 -5.72805e-12
2.0 4.0 0.934206 -2.03189e-08
2.0 4.0 1.34916 -1.41263e-09
2.0 4.0 0.681517 -7.70954e-07
2.0 4.0 0.763628 -1.91357e-08
2.0 4.0 0.660996 -1.86895e-08
2.0 4.0 1.41938 -3.04324e-05
2.0 4.0 0.948559 -2.42806e-09
2.0 4.0 0.915263 -6.7213e-08
2.0 4.0 0.981238 -2.32075e-05
2.0 4.0 1.3252 -7.78467e-07
2.0 4.0 0.914529 -1.27261e-08
2.0 4.0 0.80041 -3.72451e-08
2.0 4.0 0.936467 -9.35069e-11
2.0 4.0 1.49359 -2.40836e-05
2.0 4.0 0.900724 -8.19913e-15
2.0 4.0 0.742482 -1.92337e-13
2.0 4.0 1.13564 -9.50861e-07
2.0 4.0 1.89779 -1.43748e-11
2.0 4.0 0.632737 -8.49468e-06
2.0 4.0 1.14173 -1.03774e-07
2.0 4.0 0.99793 -2.59239e-07
2.0 4.0 1.08589 -3.71584e-05
2.0 5.0 0.660445 -6.34547e-12
2.0 5.0 0.602029 -2.98608e-06
2.0 5.0 0.570379 -1.94377e-07
2.0 5.0 0.728759 -3.7734e-11
2.0 5.0 0.660834 -2.81157e-13
2.0 5.0 0.555691 -3.98166e-07
2.0 5.0 0.656734 -1.1231e-05
2.0 5.0 0.729881 -2.27029e-07
2.0 5.0 0.663647 -4.98678e-11
2.0 5.0 0.677292 -2.85638e-07
2.0 5.0 0.570498 -1.33007e-10
2.0 5.0 0.724434 -2.53384e-08
2.0 5.0 0.546245 -1.4663e-06
2.0 5.0 0.72004 -9.34302e-07
2.0 5.0 0.561087 -1.08499e-07
2.0 5.0 0.724812 -2.30157e-08
2.0 5.0 0.668935 -4.11011e-07
2.0 5.0 0.661438 -5.16339e-10
2.0 5.0 0.717182 -1.47506e-05
2.0 5.0 0.557097 -3.21468e-11
2.0 5.0 0.728093 -1.43361e-06
2.0 5.0 0.746875 -3.87301e-09
2.0 5.0 0.610043 -1.41391e-07
2.0 5.0 0.580251 -7.87373e-06
2.0 5.0 0.664544 -2.53733e-06
2.0 5.0 0.558818 -7.179e-08
2.0 5.0 0.550854 -1.00849e-09
2.0 5.0 0.601375 -2.96826e-13
2.0 5.0 0.655689 -1.67439e-05
2.0 5.0 0.663758 -3.3824e-06
2.0 5.0 0.737542 -1.9752e-05
2.0 5.0 0.561958 -2.68787e-07
2.0 5.0 0.729684 -1.22741e-07
2.0 5.0 0.669123 -1.10585e-07
2.0 5.0 0.636791 -2.26491e-11
2.0 5.0 0.563492 -9.79675e-11
2.0 5.0 0.66374 -1.18013e-07
2.0 5.0 0.713808 -9.16556e-07
2.0 5.0 0.57043 -5.64059e-07
2.0 5.0 0.730126 -2.51494e-06
2.0 5.0 0.658594 -1.1731e-06
2.0 5.0 0.736894 -1.32598e-07
2.0 5.0 0.728613 -6.08606e-07
2.0 5.0 0.593805 -8.70816e-08
2.0 5.0 0.590398 -9.9174e-07
2.0 5.0 1.17963 -5.47883e-08
2.0 5.0 0.543752 -5.38222e-07
2.0 5.0 0.720043 -3.62216e-12
2.0 5.0 0.720043 -3.62216e-12
2.0 5.0 0.720043 -3.62216e-12
3.0 2.0 0.606409 9.00504
3.0 2.0 0.665824 9.00504
3.0 2.0 1.75583 9.00504
3.0 2.0 0.66661 9.00504
3.0 2.0 0.702288 9.00504
3.0 2.0 3.24441 9.00504
3.0 2.0 0.672276 9.00504
3.0 2.0 1.87358 9.00504
3.0 2.0 2.89798 9.00504
3.0 2.0 2.89159 9.00504
3.0 2.0 2.78194 9.00504
3.0 2.0 2.81564 9.00504
3.0 2.0 0.70131 9.00504
3.0 2.0 3.00296 9.00504
3.0 2.0 2.9922 9.00504
3.0 2.0 2.98382 9.00504
3.0 2.0 2.15184 9.00504
3.0 2.0 1.7603 9.00504
3.0 2.0 1.73931 9.00504
3.0 2.0 2.02673 9.00504
3.0 2.0 1.96777 9.00504
3.0 2.0 2.85223 9.00504
3.0 2.0 1.79642 9.00504
3.0 2.0 0.700237 9.00504
3.0 2.0 0.703416 9.00504
3.0 2.0 3.03022 9.00504
3.0 2.0 2.83911 9.00504
3.0 2.0 2.97409 9.00504
3.0 2.0 2.9071 9.00504
3.0 2.0 0.592694 9.00504
3.0 2.0 1.76201 9.00504
3.0 2.0 0.590405 9.00504
3.0 2.0 1.96501 9.00504
3.0 2.0 1.89375 9.00504
3.0 2.0 1.741 9.00504
3.0 2.0 2.0762 9.00504
3.0 2.0 2.81121 9.00504
3.0 2.0 0.71942 9.00504
3.0 2.0 0.695048 9.00504
3.0 2.0 0.598267 9.00504
3.0 2.0 1.74655 9.00504
3.0 2.0 1.71918 9.00504
3.0 2.0 2.99827 9.00504
3.0 2.0 0.724658 9.00504
3.0 2.0 0.740619 9.00504
3.0 2.0 0.699619 9.00504
3.0 2.0 2.21831 9.00504
3.0 2.0 2.10695 9.00504
3.0 2.0 1.74644 9.00504
3.0 2.0 3.03557 9.00504
3.0 3.0 0.381235 9.97038
3.0 3.0 0.364672 9.99914
3.0 3.0 0.383649 9.73081
3.0 3.0 1.53854 9.79421
3.0 3.0 0.90031 10.0
3.0 3.0 2.17566 9.79421
3.0 3.0 0.394147 8.81095
3.0 3.0 1.62803 9.99942
3.0 3.0 2.25982 10.0
3.0 3.0 2.05195 10.0
3.0 3.0 1.99939 8.92377
3.0 3.0 2.01112 8.00714
3.0 3.0 1.63212 9.79421
3.0 3.0 0.885119 9.98588
3.0 3.0 0.889073 10.0
3.0 3.0 1.57371 9.79421
3.0 3.0 0.973023 9.9703
3.0 3.0 1.00428 9.97637
3.0 3.0 0.933248 9.71412
3.0 3.0 1.53094 9.79421
3.0 3.0 1.65061 9.00504
3.0 3.0 0.980678 9.99998
3.0 3.0 1.67801 9.79421
3.0 3.0 0.916021 9.99046
3.0 3.0 1.63158 9.79421
3.0 3.0 1.00415 9.79421
3.0 3.0 0.371836 10.0
3.0 3.0 0.923796 9.29819
3.0 3.0 1.81155 10.0
3.0 3.0 0.37445 9.99524
3.0 3.0 0.985146 9.99847
3.0 3.0 0.38969 9.44664
3.0 3.0 0.990898 9.00348
3.0 3.0 0.390298 10.0
3.0 3.0 0.877951 9.99046
3.0 3.0 1.09588 9.97637
3.0 3.0 1.68514 9.79421
3.0 3.0 0.936361 9.00308
3.0 3.0 1.07583 9.57291
3.0 3.0 2.04781 9.99993
3.0 3.0 0.93779 9.091
3.0 3.0 1.12019 9.79421
3.0 3.0 0.943778 9.9892
3.0 3.0 2.02097 9.99997
3.0 3.0 0.904002 9.9999
3.0 3.0 0.882731 9.96324
3.0 3.0 0.364387 9.9991
3.0 3.0 0.919124 9.99641
3.0 3.0 1.00116 9.79421
3.0 3.0 0.90762 10.0
3.0 4.0 0.900014 9.99569
3.0 4.0 0.986366 9.80296
3.0 4.0 0.779368 10.0
3.0 4.0 1.00449 9.00504
3.0 4.0 0.358486 9.66022
3.0 4.0 0.959452 10.0
3.0 4.0 0.841691 8.88831
3.0 4.0 1.03764 9.00504
3.0 4.0 0.630052 9.99987
3.0 4.0 1.09224 9.9845
3.0 4.0 1.0254 10.0
3.0 4.0 0.898411 8.92155
3.0 4.0 0.618709 8.86713
3.0 4.0 0.734244 8.99006
3.0 4.0 1.08542 9.44441
3.0 4.0 0.634457 9.98181
3.0 4.0 1.38559 9.96053
3.0 4.0 1.95118 9.97852
3.0 4.0 0.624103 9.53903
3.0 4.0 0.90132 9.99962
3.0 4.0 1.36839 9.78266
3.0 4.0 1.11249 10.0
3.0 4.0 0.748268 9.90778
3.0 4.0 0.836782 9.84932
3.0 4.0 1.20344 9.99998
3.0 4.0 0.680549 9.17806
3.0 4.0 1.07561 8.72767
3.0 4.0 1.38416 10.0
3.0 4.0 0.829886 10.0
3.0 4.0 1.0768 9.97865
3.0 4.0 0.881361 9.97893
3.0 4.0 0.635409 9.00491
3.0 4.0 1.01354 8.99006
3.0 4.0 0.738058 9.99993
3.0 4.0 0.83269 9.81028
3.0 4.0 1.16716 9.55192
3.0 4.0 0.965606 9.98339
3.0 4.0 0.995165 8.90549
3.0 4.0 1.46073 9.98223
3.0 4.0 0.754727 9.9865
3.0 4.0 0.863181 9.00504
3.0 4.0 1.83003 9.66954
3.0 4.0 1.02984 10.0
3.0 4.0 0.825162 8.91537
3.0 4.0 0.932909 9.00475
3.0 4.0 1.08256 9.00461
3.0 4.0 0.84044 9.93989
3.0 4.0 0.958223 8.85946
3.0 4.0 1.65109 8.9639
3.0 4.0 1.36933 8.00714
3.0 5.0 0.573748 9.56245
3.0 5.0 0.549591 9.97113
3.0 5.0 0.722523 8.92171
3.0 5.0 0.658835 8.99108
3.0 5.0 0.655851 9.99795
3.0 5.0 0.730701 9.9994
3.0 5.0 0.559237 9.00188
3.0 5.0 0.654838 9.00484
3.0 5.0 0.648314 9.99999
3.0 5.0 0.545624 9.99983
3.0 5.0 0.646601 10.0
3.0 5.0 0.659892 9.47376
3.0 5.0 1.89682 9.61768
3.0 5.0 0.75509 9.9991
3.0 5.0 0.56911 9.99993
3.0 5.0 0.56856 8.90756
3.0 5.0 0.649554 10.0
3.0 5.0 0.646649 9.99875
3.0 5.0 0.65779 9.98814
3.0 5.0 1.54226 9.99822
3.0 5.0 0.6528 9.99299
3.0 5.0 0.735863 9.99545
3.0 5.0 0.935157 9.99935
3.0 5.0 0.559757 7.6696
3.0 5.0 0.56748 9.99918
3.0 5.0 0.571916 9.99996
3.0 5.0 0.720573 9.787
3.0 5.0 0.728739 8.99301
3.0 5.0 0.660516 9.92181
3.0 5.0 1.97608 9.98539
3.0 5.0 0.777395 9.58937
3.0 5.0 0.569524 9.99996
3.0 5.0 0.723172 9.84777
3.0 5.0 0.723385 9.99693
3.0 5.0 0.737734 10.0
3.0 5.0 0.574014 9.9999
3.0 5.0 0.578917 9.95655
3.0 5.0 0.741153 9.00504
3.0 5.0 0.651789 10.0
3.0 5.0 2.07515 9.99951
3.0 5.0 2.10193 9.99956
3.0 5.0 0.732202 9.00487
3.0 5.0 0.661958 8.99747
3.0 5.0 0.57226 9.91949
3.0 5.0 0.560858 9.65952
3.0 5.0 0.544777 9.51434
3.0 5.0 0.704332 8.89731
3.0 5.0 0.562928 9.92813
3.0 5.0 0.725503 9.97045
3.0 5.0 0.729611 9.99808
4.0 2.0 0.743756 99.4571
4.0 2.0 2.98993 99.4571
4.0 2.0 0.791689 99.4571
4.0 2.0 0.718265 99.4571
4.0 2.0 2.0594 99.4571
4.0 2.0 1.99199 99.4571
4.0 2.0 0.804484 99.4571
4.0 2.0 1.80086 99.4571
4.0 2.0 1.76487 99.4571
4.0 2.0 2.92024 99.4571
4.0 2.0 0.765749 99.4571
4.0 2.0 2.93185 99.4571
4.0 2.0 1.85602 99.4571
4.0 2.0 0.777781 99.4571
4.0 2.0 2.03841 99.4571
4.0 2.0 0.737095 99.4571
4.0 2.0 2.2067 99.4571
4.0 2.0 2.94966 99.4571
4.0 2.0 2.04689 99.4571
4.0 2.0 0.766429 99.4571
4.0 2.0 3.15755 99.4571
4.0 2.0 1.81637 99.4571
4.0 2.0 0.77077 99.4571
4.0 2.0 0.741961 99.4571
4.0 2.0 2.02785 99.4571
4.0 2.0 0.82254 99.4571
4.0 2.0 0.767555 99.4571
4.0 2.0 2.99738 99.4571
4.0 2.0 2.10977 99.4571
4.0 2.0 2.07384 99.4571
4.0 2.0 0.774357 99.4571
4.0 2.0 0.632599 99.4571
4.0 2.0 0.779921 99.4571
4.0 2.0 3.08971 99.4571
4.0 2.0 0.628663 99.4571
4.0 2.0 0.763616 99.4571
4.0 2.0 2.99399 99.4571
4.0 2.0 0.830899 99.4571
4.0 2.0 1.89256 99.4571
4.0 2.0 0.628099 99.4571
4.0 2.0 2.34305 99.4571
4.0 2.0 0.626126 99.4571
4.0 2.0 0.760992 99.4571
4.0 2.0 2.96352 99.4571
4.0 2.0 0.797511 99.4571
4.0 2.0 1.97416 99.4571
4.0 2.0 0.725413 99.4571
4.0 2.0 0.765637 99.4571
4.0 2.0 2.9329 99.4571
4.0 2.0 2.91973 99.4571
4.0 3.0 0.363277 97.5711
4.0 3.0 1.09291 99.8364
4.0 3.0 0.368164 99.5746
4.0 3.0 2.24062 99.8952
4.0 3.0 1.86196 99.3329
4.0 3.0 1.72169 99.8219
4.0 3.0 0.948278 99.3967
4.0 3.0 1.19704 99.8595
4.0 3.0 0.403528 99.1961
4.0 3.0 0.993061 99.4378
4.0 3.0 0.998275 98.7578
4.0 3.0 0.919775 99.5654
4.0 3.0 1.65661 99.8847
4.0 3.0 1.75154 99.9504
4.0 3.0 0.991883 98.8924
4.0 3.0 0.510295 99.6811
4.0 3.0 0.408988 97.9722
4.0 3.0 1.69227 99.7722
4.0 3.0 1.66744 99.6291
4.0 3.0 1.08912 98.9503
4.0 3.0 1.15968 99.8948
4.0 3.0 0.932441 99.7259
4.0 3.0 1.72159 98.7993
4.0 3.0 1.73538 99.87
4.0 3.0 1.00321 99.9131
4.0 3.0 1.73938 99.8556
4.0 3.0 0.350105 99.2099
4.0 3.0 1.15413 99.9011
4.0 3.0 0.914936 99.1015
4.0 3.0 0.906266 99.9601
4.0 3.0 1.84282 99.9409
4.0 3.0 0.988548 98.6924
4.0 3.0 1.57696 99.0926
4.0 3.0 1.70356 99.9209
4.0 3.0 0.97926 98.798
4.0 3.0 0.372622 99.2643
4.0 3.0 0.443359 99.6291
4.0 3.0 2.16281 99.9752
4.0 3.0 1.60657 99.7597
4.0 3.0 1.91655 99.8871
4.0 3.0 0.366558 98.4271
4.0 3.0 0.951605 99.9178
4.0 3.0 0.975003 99.5266
4.0 3.0 1.12521 99.6366
4.0 3.0 2.04796 99.9114
4.0 3.0 1.88766 99.2575
4.0 3.0 1.10322 99.9283
4.0 3.0 1.61754 99.9599
4.0 3.0 1.87302 99.3737
4.0 3.0 1.87302 99.3737
4.0 4.0 0.928708 99.8747
4.0 4.0 1.10981 99.8649
4.0 4.0 1.61303 99.8558
4.0 4.0 1.35948 98.9039
4.0 4.0 0.375249 98.0488
4.0 4.0 1.01894 99.9863
4.0 4.0 1.10217 98.8493
4.0 4.0 1.3342 99.9303
4.0 4.0 0.832862 99.6285
4.0 4.0 0.927832 99.8146
4.0 4.0 1.60584 99.2781
4.0 4.0 0.792651 98.9022
4.0 4.0 1.40525 99.8158
4.0 4.0 0.902618 99.8886
4.0 4.0 1.01495 99.8718
4.0 4.0 1.14687 99.6101
4.0 4.0 0.805064 99.9347
4.0 4.0 0.810022 99.4894
4.0 4.0 0.945838 99.8629
4.0 4.0 1.372 99.8227
4.0 4.0 0.877673 99.888
4.0 4.0 1.4954 99.8994
4.0 4.0 1.6719 99.8628
4.0 4.0 0.963436 99.3586
4.0 4.0 0.971501 99.5971
4.0 4.0 1.37059 98.3824
4.0 4.0 0.976416 99.8242
4.0 4.0 0.975692 99.78
4.0 4.0 1.45267 99.6844
4.0 4.0 0.77152 99.724
4.0 4.0 0.832848 99.5972
4.0 4.0 0.705243 99.9291
4.0 4.0 1.50191 99.8048
4.0 4.0 1.01222 99.7802
4.0 4.0 1.09611 99.9208
4.0 4.0 0.902394 98.4881
4.0 4.0 1.21446 99.7294
4.0 4.0 0.944197 97.8968
4.0 4.0 0.97704 99.9853
4.0 4.0 0.965828 99.9515
4.0 4.0 0.920063 99.7841
4.0 4.0 1.1626 99.4703
4.0 4.0 0.809026 99.1132
4.0 4.0 1.18825 97.9558
4.0 4.0 1.44569 99.1802
4.0 4.0 0.740547 99.575
4.0 4.0 0.774111 98.9021
4.0 4.0 0.980985 99.7541
4.0 4.0 0.691221 99.9156
4.0 4.0 0.827189 99.7052
4.0 5.0 0.573318 98.4616
4.0 5.0 0.675261 99.9062
4.0 5.0 0.692705 99.4655
4.0 5.0 0.558132 99.3729
4.0 5.0 0.620306 99.7989
4.0 5.0 0.731246 99.5439
4.0 5.0 0.681541 99.5765
4.0 5.0 0.746664 99.9829
4.0 5.0 0.825867 99.8897
4.0 5.0 0.873991 99.8143
4.0 5.0 0.692061 99.7422
4.0 5.0 1.07308 99.7839
4.0 5.0 0.767107 99.7294
4.0 5.0 0.725189 98.5762
4.0 5.0 0.559833 99.5636
4.0 5.0 0.558535 98.6764
4.0 5.0 0.705677 99.5892
4.0 5.0 0.603856 99.7193
4.0 5.0 0.62667 99.924
4.0 5.0 0.807542 99.9567
4.0 5.0 0.744574 98.1438
4.0 5.0 0.817423 99.7597
4.0 5.0 0.88545 99.8313
4.0 5.0 0.717241 96.4596
4.0 5.0 0.922694 99.9095
4.0 5.0 0.725103 99.3281
4.0 5.0 0.721659 98.4409
4.0 5.0 0.681915 99.8628
4.0 5.0 0.625492 99.8739
4.0 5.0 0.603476 99.8858
4.0 5.0 0.683445 99.9576
4.0 5.0 0.895761 99.7108
4.0 5.0 0.773852 99.9018
4.0 5.0 0.750862 99.7454
4.0 5.0 0.674594 99.7255
4.0 5.0 0.726977 98.6118
4.0 5.0 0.849833 99.9156
4.0 5.0 0.597146 99.6219
4.0 5.0 0.697372 99.1794
4.0 5.0 0.58696 99.3756
4.0 5.0 0.745561 99.533
4.0 5.0 0.815455 99.837
4.0 5.0 0.566488 99.3281
4.0 5.0 1.31526 99.9635
4.0 5.0 0.7775 99.9252
4.0 5.0 0.647177 99.6932
4.0 5.0 0.805893 99.3411
4.0 5.0 0.688843 99.1477
4.0 5.0 0.576113 98.707
4.0 5.0 0.664036 99.4413
5.0 2.0 57.5453 -20.9528
5.0 2.0 58.4351 -20.9528
5.0 2.0 57.3718 -20.9528
5.0 2.0 59.2505 -20.9528
5.0 2.0 57.4773 -20.9528
5.0 2.0 58.1136 -20.9528
5.0 2.0 57.5558 -20.9528
5.0 2.0 59.491 -20.9528
5.0 2.0 57.9599 -20.9528
5.0 2.0 58.7983 -20.9528
5.0 2.0 57.4261 -20.9528
5.0 2.0 59.1148 -20.9528
5.0 2.0 59.2944 -20.9528
5.0 2.0 59.5618 -20.9528
5.0 2.0 57.3094 -20.9528
5.0 2.0 55.9014 -20.9528
5.0 2.0 59.2745 -20.9528
5.0 2.0 58.7202 -20.9528
5.0 2.0 60.2923 -20.9528
5.0 2.0 59.8604 -20.9528
5.0 2.0 59.9327 -20.9528
5.0 2.0 59.3494 -20.9528
5.0 2.0 59.6795 -20.9528
5.0 2.0 57.614 -20.9528
5.0 2.0 57.5539 -20.9528
5.0 2.0 58.4131 -20.9528
5.0 2.0 58.5702 -20.9528
5.0 2.0 57.3753 -20.9528
5.0 2.0 57.4616 -20.9528
5.0 2.0 59.4749 -20.9528
5.0 2.0 57.2882 -20.9528
5.0 2.0 58.0182 -20.9528
5.0 2.0 59.6661 -20.9528
5.0 2.0 58.1658 -20.9528
5.0 2.0 58.839 -20.9528
5.0 2.0 57.4445 -20.9528
5.0 2.0 59.5154 -20.9528
5.0 2.0 59.5216 -20.9528
5.0 2.0 59.6181 -20.9528
5.0 2.0 58.4071 -20.9528
5.0 2.0 58.439 -20.9528
5.0 2.0 59.219 -20.9528
5.0 2.0 57.411 -20.9528
5.0 2.0 57.5249 -20.9528
5.0 2.0 59.9328 -20.9528
5.0 2.0 57.6674 -20.9528
5.0 2.0 60.0908 -20.9528
5.0 2.0 57.8303 -20.9528
5.0 2.0 57.2902 -20.9528
5.0 2.0 57.5009 -20.9528
5.0 3.0 29.4066 -20.9406
5.0 3.0 29.2705 -20.9407
5.0 3.0 28.9817 -20.9406
5.0 3.0 29.4141 -21.0463
5.0 3.0 28.665 -21.0293
5.0 3.0 30.2214 -20.9407
5.0 3.0 29.8395 -20.8171
5.0 3.0 28.648 -21.0462
5.0 3.0 30.3528 -20.9408
5.0 3.0 29.0082 -21.0041
5.0 3.0 29.7269 -20.9409
5.0 3.0 30.0445 -20.8447
5.0 3.0 30.2787 -21.0472
5.0 3.0 29.5155 -21.1469
5.0 3.0 30.1865 -21.0046
5.0 3.0 27.9984 -20.9538
5.0 3.0 30.2146 -20.9408
5.0 3.0 30.3781 -20.934
5.0 3.0 28.6343 -20.9406
5.0 3.0 29.8437 -20.9406
5.0 3.0 28.8606 -21.0165
5.0 3.0 28.631 -20.9406
5.0 3.0 29.8773 -21.0462
5.0 3.0 29.3812 -21.0277
5.0 3.0 29.4758 -20.8502
5.0 3.0 29.9121 -20.9482
5.0 3.0 30.1969 -20.9443
5.0 3.0 29.7615 -20.9426
5.0 3.0 30.4508 -21.0656
5.0 3.0 28.0316 -21.0795
5.0 3.0 29.5974 -21.0501
5.0 3.0 29.3699 -20.9524
5.0 3.0 30.4382 -20.9415
5.0 3.0 30.0129 -20.9407
5.0 3.0 29.5008 -21.3023
5.0 3.0 28.0006 -21.0986
5.0 3.0 29.4455 -20.9414
5.0 3.0 29.5927 -20.9811
5.0 3.0 28.9987 -20.9594
5.0 3.0 29.9815 -20.9408
5.0 3.0 29.3928 -21.0504
5.0 3.0 30.0783 -20.9406
5.0 3.0 30.3368 -21.0464
5.0 3.0 30.0333 -21.0139
5.0 3.0 29.3238 -21.0489
5.0 3.0 28.7153 -20.8142
5.0 3.0 30.4243 -21.0482
5.0 3.0 28.6479 -21.0462
5.0 3.0 29.5576 -20.8043
5.0 3.0 29.4345 -20.9407
5.0 4.0 19.3781 -20.9446
5.0 4.0 19.8905 -20.9406
5.0 4.0 20.0531 -21.0546
5.0 4.0 19.6529 -20.9407
5.0 4.0 19.6476 -21.0462
5.0 4.0 19.52 -20.9777
5.0 4.0 19.6919 -20.9407
5.0 4.0 19.9161 -20.9451
5.0 4.0 19.1483 -20.9407
5.0 4.0 20.0825 -21.1571
5.0 4.0 19.6039 -20.9406
5.0 4.0 19.5869 -20.9406
5.0 4.0 19.9196 -21.0921
5.0 4.0 19.6289 -21.0527
5.0 4.0 19.5643 -21.0463
5.0 4.0 19.3469 -20.9406
5.0 4.0 19.4507 -20.9483
5.0 4.0 19.6423 -20.9408
5.0 4.0 19.822 -21.0644
5.0 4.0 19.692 -20.9625
5.0 4.0 19.8513 -20.9487
5.0 4.0 19.192 -20.9417
5.0 4.0 19.3664 -20.9406
5.0 4.0 19.5685 -20.9417
5.0 4.0 19.6668 -20.9406
5.0 4.0 19.1762 -21.0496
5.0 4.0 19.3953 -20.9406
5.0 4.0 20.2764 -20.9407
5.0 4.0 19.868 -20.9407
5.0 4.0 20.1093 -21.083
5.0 4.0 19.6453 -21.0462
5.0 4.0 19.6608 -20.9416
5.0 4.0 19.8214 -21.0462
5.0 4.0 19.7832 -20.9452
5.0 4.0 20.0354 -20.9407
5.0 4.0 19.6694 -20.9407
5.0 4.0 19.6299 -21.0163
5.0 4.0 18.8976 -21.0468
5.0 4.0 19.7407 -20.9919
5.0 4.0 19.644 -21.0518
5.0 4.0 19.126 -20.9542
5.0 4.0 19.3779 -20.9878
5.0 4.0 19.7919 -20.9707
5.0 4.0 19.7142 -20.9417
5.0 4.0 19.9927 -20.9406
5.0 4.0 19.5677 -20.9409
5.0 4.0 19.2515 -20.9781
5.0 4.0 19.5493 -20.9419
5.0 4.0 20.0531 -20.9408
5.0 4.0 19.4083 -21.0175
5.0 5.0 14.4065 -20.8357
5.0 5.0 14.598 -20.9437
5.0 5.0 14.6002 -20.9702
5.0 5.0 14.5493 -20.9406
5.0 5.0 14.5333 -20.9406
5.0 5.0 14.7097 -20.9406
5.0 5.0 14.5851 -20.9406
5.0 5.0 14.3977 -20.9512
5.0 5.0 14.6305 -20.9407
5.0 5.0 14.5621 -20.9685
5.0 5.0 14.5795 -20.9491
5.0 5.0 14.4756 -21.0675
5.0 5.0 14.4085 -20.9983
5.0 5.0 14.391 -21.1585
5.0 5.0 14.4046 -21.0753
5.0 5.0 14.5364 -21.1833
5.0 5.0 14.5294 -20.9406
5.0 5.0 14.4193 -21.0021
5.0 5.0 14.5878 -21.1466
5.0 5.0 14.5356 -21.0462
5.0 5.0 14.5563 -20.9406
5.0 5.0 14.4167 -20.9433
5.0 5.0 14.3779 -20.941
5.0 5.0 14.5628 -20.9407
5.0 5.0 14.6017 -20.9508
5.0 5.0 14.5161 -21.0071
5.0 5.0 14.5267 -20.9415
5.0 5.0 14.5267 -20.9415
5.0 5.0 14.5267 -20.9415
5.0 5.0 14.5267 -20.9415
5.0 5.0 14.5267 -20.9415
5.0 5.0 14.5267 -20.9415
5.0 5.0 14.5267 -20.9415
5.0 5.0 14.5267 -20.9415
5.0 5.0 14.5267 -20.9415
5.0 5.0 14.5267 -20.9415
5.0 5.0 14.5267 -20.9415
5.0 5.0 14.5267 -20.9415
5.0 5.0 14.5267 -20.9415
5.0 5.0 14.5267 -20.9415
5.0 5.0 14.5267 -20.9415
5.0 5.0 14.5267 -20.9415
5.0 5.0 14.5267 -20.9415
5.0 5.0 14.5267 -20.9415
5.0 5.0 14.5267 -20.9415
5.0 5.0 14.5267 -20.9415
5.0 5.0 14.5267 -20.9415
5.0 5.0 14.5267 -20.9415
5.0 5.0 14.5267 -20.9415
5.0 5.0 14.5267 -20.9415
