0.0 1.0 0.0622966 -0.0
0.0 1.0 0.120634 -0.00739604
0.0 1.0 0.130921 -0.00739604
0.0 1.0 0.0809619 -0.0
0.0 1.0 0.0634619 -0.0
0.0 1.0 0.119301 -0.00739604
0.0 1.0 0.0761758 -0.0
0.0 1.0 0.0733223 -0.0
0.0 1.0 0.132017 -0.00739604
0.0 1.0 0.0617359 -0.0
0.0 1.0 0.0709133 -0.0
0.0 1.0 0.0898235 -0.0
0.0 1.0 0.0753249 -0.0
0.0 1.0 0.0718562 -0.0
0.0 1.0 0.0792262 -0.0
0.0 1.0 0.129153 -0.00739604
0.0 1.0 0.079058 -0.0
0.0 1.0 0.0848034 -0.0
0.0 1.0 0.0731053 -0.0
0.0 1.0 0.072325 -0.0
0.0 1.0 0.065757 -0.0
0.0 1.0 0.0784051 -0.0
0.0 1.0 0.072905 -0.0
0.0 1.0 0.0844025 -0.0
0.0 1.0 0.0754711 -0.0
0.0 1.0 0.118804 -0.00739604
0.0 1.0 0.119163 -0.00739604
0.0 1.0 0.118131 -0.00739604
0.0 1.0 0.0620983 -0.0
0.0 1.0 0.0638614 -0.0
0.0 1.0 0.117244 -0.00739604
0.0 1.0 0.0779811 -0.0
0.0 1.0 0.125482 -0.00739604
0.0 1.0 0.0634325 -0.0
0.0 1.0 0.118689 -0.00739604
0.0 1.0 0.0748506 -0.0
0.0 1.0 0.0622205 -0.0
0.0 1.0 0.0580774 -0.0
0.0 1.0 0.080602 -0.0
0.0 1.0 0.0655053 -0.0
0.0 1.0 0.0618565 -0.0
0.0 1.0 0.119617 -0.00739604
0.0 1.0 0.072906 -0.0
0.0 1.0 0.0786577 -0.0
0.0 1.0 0.0741575 -0.0
0.0 1.0 0.119298 -0.00739604
0.0 1.0 0.0968003 -0.00986467
0.0 1.0 0.0802753 -0.0
0.0 1.0 0.0647884 -0.0
0.0 1.0 0.117359 -0.00739604
0.0 2.0 0.055811 -0.0
0.0 2.0 0.044616 -0.0
0.0 2.0 0.0845088 -0.00739604
0.0 2.0 0.0463791 -0.0
0.0 2.0 0.0774433 -0.00739604
0.0 2.0 0.0477942 -0.0
0.0 2.0 0.0493112 -0.0
0.0 2.0 0.0507701 -0.0
0.0 2.0 0.0878149 -0.00739604
0.0 2.0 0.0909357 -0.00739604
0.0 2.0 0.0589982 -0.0
0.0 2.0 0.0819304 -0.00739604
0.0 2.0 0.0473235 -0.0
0.0 2.0 0.0510355 -0.0
0.0 2.0 0.0527589 -0.0
0.0 2.0 0.0776455 -0.00739604
0.0 2.0 0.0663337 -0.0
0.0 2.0 0.0863137 -0.00739604
0.0 2.0 0.0474065 -0.0
0.0 2.0 0.0852197 -0.00739604
0.0 2.0 0.0528463 -0.0
0.0 2.0 0.0765476 -0.00739604
0.0 2.0 0.0888499 -0.00739604
0.0 2.0 0.0853912 -0.00739604
0.0 2.0 0.0631569 -0.0
0.0 2.0 0.0561621 -0.0
0.0 2.0 0.0894925 -0.00739604
0.0 2.0 0.058673 -0.0
0.0 2.0 0.0447314 -0.0
0.0 2.0 0.0516747 -0.0
0.0 2.0 0.0623209 -0.0
0.0 2.0 0.0558162 -0.0
0.0 2.0 0.0510039 -0.0
0.0 2.0 0.0581753 -0.0
0.0 2.0 0.0755077 -0.00739604
0.0 2.0 0.0597748 -0.0
0.0 2.0 0.080223 -0.00739604
0.0 2.0 0.0797302 -0.00739604
0.0 2.0 0.0614127 -0.0
0.0 2.0 0.0799135 -0.00739604
0.0 2.0 0.0770791 -0.00739604
0.0 2.0 0.0544257 -0.0
0.0 2.0 0.0602238 -0.0
0.0 2.0 0.050583 -0.0
0.0 2.0 0.058283 -0.0
0.0 2.0 0.0514432 -0.0
0.0 2.0 0.08137 -0.00739604
0.0 2.0 0.0574637 -0.0
0.0 2.0 0.0461531 -0.0
0.0 2.0 0.0774261 -0.00739604
0.0 3.0 0.0832068 -0.00739604
0.0 3.0 0.0340359 -0.0
0.0 3.0 0.0399562 -0.0
0.0 3.0 0.0734088 -0.0
0.0 3.0 0.0367312 -0.0
0.0 3.0 0.0954882 -0.00739604
0.0 3.0 0.0775506 -0.0
0.0 3.0 0.0344455 -0.0
0.0 3.0 0.0551171 -0.00739604
0.0 3.0 0.0720822 -0.0
0.0 3.0 0.033714 -0.0
0.0 3.0 0.0657481 -0.00739604
0.0 3.0 0.0788939 -0.0
0.0 3.0 0.0525202 -0.0
0.0 3.0 0.0549658 -0.00739604
0.0 3.0 0.0515112 -0.0
0.0 3.0 0.0693289 -0.0
0.0 3.0 0.0384368 -0.0
0.0 3.0 0.0373113 -0.0
0.0 3.0 0.0858816 -0.00739604
0.0 3.0 0.0473626 -0.0
0.0 3.0 0.0666972 -0.00739604
0.0 3.0 0.0639068 -0.00739604
0.0 3.0 0.0515911 -0.0
0.0 3.0 0.0354983 -0.0
0.0 3.0 0.0766532 -0.0
0.0 3.0 0.0332288 -0.0
0.0 3.0 0.0656305 -0.0
0.0 3.0 0.0322232 -0.0
0.0 3.0 0.0637005 -0.00739604
0.0 3.0 0.0366913 -0.0
0.0 3.0 0.0727697 -0.0
0.0 3.0 0.0765331 -0.0
0.0 3.0 0.0367524 -0.0
0.0 3.0 0.0391784 -0.0
0.0 3.0 0.0477441 -0.0
0.0 3.0 0.0544458 -0.00739604
0.0 3.0 0.0336639 -0.0
0.0 3.0 0.0678305 -0.00739604
0.0 3.0 0.0740713 -0.0
0.0 3.0 0.0518814 -0.0
0.0 3.0 0.0503371 -0.0
0.0 3.0 0.0699706 -0.0
0.0 3.0 0.032645 -0.0
0.0 3.0 0.0381665 -0.0
0.0 3.0 0.223188 -0.0
0.0 3.0 0.429513 -0.0
0.0 3.0 0.0624795 -0.0
0.0 3.0 0.0751548 -0.0
0.0 3.0 0.0528835 -0.0
0.0 4.0 0.0572092 -0.00739604
0.0 4.0 0.0512598 -0.0
0.0 4.0 0.0478563 -0.0
0.0 4.0 0.0700853 -0.0
0.0 4.0 0.0814522 -0.00739604
0.0 4.0 0.0472522 -0.0
0.0 4.0 0.0623912 -0.0
0.0 4.0 0.0896183 -0.00739604
0.0 4.0 0.0466087 -0.0
0.0 4.0 0.0563533 -0.00739604
0.0 4.0 0.0493546 -0.0
0.0 4.0 0.0699891 -0.0
0.0 4.0 0.0600576 -0.0
0.0 4.0 0.060696 -0.0
0.0 4.0 0.0456792 -0.0
0.0 4.0 0.0644731 -0.00739604
0.0 4.0 0.0572051 -0.0
0.0 4.0 0.0754749 -0.00739604
0.0 4.0 0.0616363 -0.0
0.0 4.0 0.0516689 -0.0
0.0 4.0 0.0620182 -0.0
0.0 4.0 0.0597569 -0.00739604
0.0 4.0 0.0734004 -0.0
0.0 4.0 0.0887036 -0.00739604
0.0 4.0 0.0501883 -0.0
0.0 4.0 0.0442009 -0.0
0.0 4.0 0.0480269 -0.0
0.0 4.0 0.0603357 -0.00739604
0.0 4.0 0.0617204 -0.0
0.0 4.0 0.0781792 -0.0
0.0 4.0 0.0573754 -0.0
0.0 4.0 0.0613964 -0.00739604
0.0 4.0 0.0841328 -0.0
0.0 4.0 0.0569568 -0.0
0.0 4.0 0.0689584 -0.0
0.0 4.0 0.0371889 -0.0
0.0 4.0 0.0601992 -0.00739604
0.0 4.0 0.0621146 -0.0
0.0 4.0 0.0470407 -0.00739604
0.0 4.0 0.0665589 -0.00739604
0.0 4.0 0.0811101 -0.00739604
0.0 4.0 0.0641754 -0.0
0.0 4.0 0.0627079 -0.0
0.0 4.0 0.0632651 -0.00739604
0.0 4.0 0.058313 -0.0
0.0 4.0 0.0627198 -0.0
0.0 4.0 0.0690076 -0.0
0.0 4.0 0.0819625 -0.0
0.0 4.0 0.058735 -0.00739604
0.0 4.0 0.0584668 -0.0
0.0 5.0 0.0532349 -0.00739604
0.0 5.0 0.0403721 -0.0
0.0 5.0 0.0773266 -0.0
0.0 5.0 0.044324 -0.0
0.0 5.0 0.0470842 -0.0
0.0 5.0 0.0473835 -0.0
0.0 5.0 0.0465075 -0.0
0.0 5.0 0.0443883 -0.0
0.0 5.0 0.0473571 -0.0
0.0 5.0 0.0575628 -0.00739604
0.0 5.0 0.0432948 -0.0
0.0 5.0 0.0444607 -0.0
0.0 5.0 0.0392234 -0.0
0.0 5.0 0.0418783 -0.0
0.0 5.0 0.0391446 -0.0
0.0 5.0 0.0571021 -0.00739604
0.0 5.0 0.0446033 -0.0
0.0 5.0 0.0416881 -0.0
0.0 5.0 0.0513003 -0.0
0.0 5.0 0.0373126 -0.0
0.0 5.0 0.0568645 -0.00739604
0.0 5.0 0.0479705 -0.0
0.0 5.0 0.0436489 -0.0
0.0 5.0 0.0424749 -0.0
0.0 5.0 0.040897 -0.0
0.0 5.0 0.0431963 -0.0
0.0 5.0 0.0798596 -0.0
0.0 5.0 0.0471081 -0.00739604
0.0 5.0 0.0455807 -0.0
0.0 5.0 0.0486376 -0.00739604
0.0 5.0 0.0511956 -0.00739604
0.0 5.0 0.0478437 -0.0
0.0 5.0 0.0446839 -0.0
0.0 5.0 0.0377731 -0.0
0.0 5.0 0.0413822 -0.0
0.0 5.0 0.0470514 -0.0
0.0 5.0 0.049872 -0.00739604
0.0 5.0 0.043914 -0.0
0.0 5.0 0.0765606 -0.0
0.0 5.0 0.058953 -0.00739604
0.0 5.0 0.040964 -0.0
0.0 5.0 0.0371533 -0.0
0.0 5.0 0.0442278 -0.0
0.0 5.0 0.0494399 -0.00739604
0.0 5.0 0.0530006 -0.00739604
0.0 5.0 0.0449689 -0.0
0.0 5.0 0.0478386 -0.0
0.0 5.0 0.0449738 -0.0
0.0 5.0 0.0429421 -0.0
0.0 5.0 0.0478176 -0.0
1.0 1.0 0.086928 2.71828
1.0 1.0 0.0855513 2.71828
1.0 1.0 0.0869342 2.71828
1.0 1.0 0.0865566 2.71828
1.0 1.0 0.0834456 2.71828
1.0 1.0 0.0961676 2.71828
1.0 1.0 0.0907589 2.71828
1.0 1.0 0.0939061 2.71828
1.0 1.0 0.0985377 2.71828
1.0 1.0 0.0876979 2.71828
1.0 1.0 0.0856552 2.71828
1.0 1.0 0.0852994 2.71828
1.0 1.0 0.102067 2.71828
1.0 1.0 0.106071 2.71828
1.0 1.0 0.101372 2.71828
1.0 1.0 0.084151 2.71828
1.0 1.0 0.0999407 2.71828
1.0 1.0 0.0862734 2.71828
1.0 1.0 0.0855813 2.71828
1.0 1.0 0.101561 2.71828
1.0 1.0 0.0843525 2.71828
1.0 1.0 0.10471 2.71828
1.0 1.0 0.0908972 2.71828
1.0 1.0 0.083734 2.71828
1.0 1.0 0.0855923 2.71828
1.0 1.0 0.0856473 2.71828
1.0 1.0 0.0848561 2.71828
1.0 1.0 0.0857578 2.71828
1.0 1.0 0.093504 2.71828
1.0 1.0 0.0841454 2.71828
1.0 1.0 0.0822724 2.71828
1.0 1.0 0.0862979 2.71828
1.0 1.0 0.0838933 2.71828
1.0 1.0 0.0863806 2.71828
1.0 1.0 0.083737 2.71828
1.0 1.0 0.0831884 2.71828
1.0 1.0 0.0886112 2.71828
1.0 1.0 0.0835923 2.71828
1.0 1.0 0.0901628 2.71828
1.0 1.0 0.0974135 2.71828
1.0 1.0 0.0861295 2.71828
1.0 1.0 0.0853404 2.71828
1.0 1.0 0.0816041 2.71828
1.0 1.0 0.0888055 2.71828
1.0 1.0 0.0810793 2.71828
1.0 1.0 0.0848818 2.71828
1.0 1.0 0.085492 2.71828
1.0 1.0 0.0814996 2.71828
1.0 1.0 0.0877164 2.71828
1.0 1.0 0.0843874 2.71828
1.0 2.0 0.0581662 2.71828
1.0 2.0 0.059856 2.71828
1.0 2.0 0.0762991 2.71828
1.0 2.0 0.0715986 2.71828
1.0 2.0 0.054527 2.71828
1.0 2.0 0.0605772 2.71828
1.0 2.0 0.057317 2.71828
1.0 2.0 0.0525781 2.71828
1.0 2.0 0.0757099 2.71828
1.0 2.0 0.051446 2.71828
1.0 2.0 0.0541759 2.71828
1.0 2.0 0.0552584 2.71828
1.0 2.0 0.0543587 2.71828
1.0 2.0 0.0739255 2.71828
1.0 2.0 0.0584226 2.71828
1.0 2.0 0.0728517 2.71828
1.0 2.0 0.0706524 2.71828
1.0 2.0 0.0713893 2.71828
1.0 2.0 0.0572663 2.71828
1.0 2.0 0.072016 2.71828
1.0 2.0 0.0686602 2.71828
1.0 2.0 0.0545777 2.71828
1.0 2.0 0.0761982 2.71828
1.0 2.0 0.0773713 2.71828
1.0 2.0 0.0727687 2.71828
1.0 2.0 0.0677376 2.71828
1.0 2.0 0.0707932 2.71828
1.0 2.0 0.0657616 2.71828
1.0 2.0 0.0780438 2.71828
1.0 2.0 0.0569704 2.71828
1.0 2.0 0.0733442 2.71828
1.0 2.0 0.0720672 2.71828
1.0 2.0 0.052927 2.71828
1.0 2.0 0.0723306 2.71828
1.0 2.0 0.055104 2.71828
1.0 2.0 0.0700446 2.71828
1.0 2.0 0.053639 2.71828
1.0 2.0 0.0568769 2.71828
1.0 2.0 0.0657665 2.71828
1.0 2.0 0.0740016 2.71828
1.0 2.0 0.0792607 2.71828
1.0 2.0 0.0596009 2.71828
1.0 2.0 0.0778714 2.71828
1.0 2.0 0.0787065 2.71828
1.0 2.0 0.0530201 2.71828
1.0 2.0 0.0539287 2.71828
1.0 2.0 0.0746511 2.71828
1.0 2.0 0.0676186 2.71828
1.0 2.0 0.0580293 2.71828
1.0 2.0 0.0549811 2.71828
1.0 3.0 0.0541609 2.71828
1.0 3.0 0.0412875 2.71828
1.0 3.0 0.0750675 2.71828
1.0 3.0 0.042355 2.71828
1.0 3.0 0.078147 2.71828
1.0 3.0 0.0427788 2.71828
1.0 3.0 0.0407386 2.71828
1.0 3.0 0.0819792 2.71828
1.0 3.0 0.0420622 2.71828
1.0 3.0 0.0759496 2.71828
1.0 3.0 0.0431662 2.71828
1.0 3.0 0.0797495 2.71828
1.0 3.0 0.0740358 2.71828
1.0 3.0 0.0793508 2.71828
1.0 3.0 0.0404681 2.71828
1.0 3.0 0.0765328 2.71828
1.0 3.0 0.068927 2.71828
1.0 3.0 0.0426927 2.71828
1.0 3.0 0.0570723 2.71828
1.0 3.0 0.0579364 2.71828
1.0 3.0 0.0412332 2.71828
1.0 3.0 0.0424143 2.71828
1.0 3.0 0.0580012 2.71828
1.0 3.0 0.0421438 2.71828
1.0 3.0 0.0437596 2.71828
1.0 3.0 0.0768875 2.71828
1.0 3.0 0.0883266 2.71828
1.0 3.0 0.0438958 2.71828
1.0 3.0 0.0816944 2.71828
1.0 3.0 0.0393327 2.71828
1.0 3.0 0.0557383 2.71828
1.0 3.0 0.0589747 2.71828
1.0 3.0 0.0433518 2.71828
1.0 3.0 0.0741985 2.71828
1.0 3.0 0.0445165 2.71828
1.0 3.0 0.0432069 2.71828
1.0 3.0 0.0423072 2.71828
1.0 3.0 0.0762571 2.71828
1.0 3.0 0.0571822 2.71828
1.0 3.0 0.0552525 2.71828
1.0 3.0 0.0417299 2.71828
1.0 3.0 0.056535 2.71828
1.0 3.0 0.0555495 2.71828
1.0 3.0 0.0416518 2.71828
1.0 3.0 0.0567802 2.71828
1.0 3.0 0.0588541 2.71828
1.0 3.0 0.0562948 2.71828
1.0 3.0 0.0432382 2.71828
1.0 3.0 0.0758988 2.71828
1.0 3.0 0.041713 2.71828
1.0 4.0 0.0523827 2.71828
1.0 4.0 0.0731354 2.71828
1.0 4.0 0.0393139 2.71828
1.0 4.0 0.051647 2.71828
1.0 4.0 0.0643363 2.71828
1.0 4.0 0.0572887 2.71828
1.0 4.0 0.0829427 2.71828
1.0 4.0 0.0648858 2.71828
1.0 4.0 0.0712242 2.71828
1.0 4.0 0.0528645 2.71828
1.0 4.0 0.0729783 2.71828
1.0 4.0 0.0694574 2.71828
1.0 4.0 0.0581563 2.71828
1.0 4.0 0.0598712 2.71828
1.0 4.0 0.0478605 2.71828
1.0 4.0 0.0482233 2.71828
1.0 4.0 0.0912498 2.71828
1.0 4.0 0.0559254 2.71828
1.0 4.0 0.0556038 2.71828
1.0 4.0 0.0494174 2.71828
1.0 4.0 0.0633093 2.71828
1.0 4.0 0.0475592 2.71828
1.0 4.0 0.0864937 2.71828
1.0 4.0 0.0513624 2.71828
1.0 4.0 0.0583978 2.71828
1.0 4.0 0.0554888 2.71828
1.0 4.0 0.0654708 2.71828
1.0 4.0 0.0760223 2.71828
1.0 4.0 0.0877847 2.71828
1.0 4.0 0.0649065 2.71828
1.0 4.0 0.0830765 2.71828
1.0 4.0 0.0726219 2.71828
1.0 4.0 0.0554311 2.71828
1.0 4.0 0.0927901 2.71828
1.0 4.0 0.0692598 2.71828
1.0 4.0 0.0536876 2.71828
1.0 4.0 0.0520077 2.71828
1.0 4.0 0.054406 2.71828
1.0 4.0 0.0598123 2.71828
1.0 4.0 0.0616323 2.71828
1.0 4.0 0.0393373 2.71828
1.0 4.0 0.0673785 2.71828
1.0 4.0 0.0598016 2.71828
1.0 4.0 0.0521153 2.71828
1.0 4.0 0.0863424 2.71828
1.0 4.0 0.0734144 2.71828
1.0 4.0 0.0644373 2.71828
1.0 4.0 0.0643004 2.71828
1.0 4.0 0.0674589 2.71828
1.0 4.0 0.0684545 2.71828
1.0 5.0 0.0507252 2.71828
1.0 5.0 0.0459398 2.71828
1.0 5.0 0.0447968 2.71828
1.0 5.0 0.0431972 2.71828
1.0 5.0 0.0448428 2.71828
1.0 5.0 0.0459847 2.71828
1.0 5.0 0.0447878 2.71828
1.0 5.0 0.0429878 2.71828
1.0 5.0 0.0467039 2.71828
1.0 5.0 0.045423 2.71828
1.0 5.0 0.048031 2.71828
1.0 5.0 0.042655 2.71828
1.0 5.0 0.0470969 2.71828
1.0 5.0 0.0756947 2.71828
1.0 5.0 0.0427558 2.71828
1.0 5.0 0.0452658 2.71828
1.0 5.0 0.0483341 2.71828
1.0 5.0 0.0472786 2.71828
1.0 5.0 0.0419593 2.71828
1.0 5.0 0.0426507 2.71828
1.0 5.0 0.0443981 2.71828
1.0 5.0 0.0459264 2.71828
1.0 5.0 0.0427369 2.71828
1.0 5.0 0.0471478 2.71828
1.0 5.0 0.0513301 2.71828
1.0 5.0 0.0500948 2.71828
1.0 5.0 0.0372102 2.71828
1.0 5.0 0.0451911 2.71828
1.0 5.0 0.0502412 2.71828
1.0 5.0 0.0410268 2.71828
1.0 5.0 0.0477083 2.71828
1.0 5.0 0.0649098 2.71828
1.0 5.0 0.0459198 2.71828
1.0 5.0 0.0459188 2.71828
1.0 5.0 0.0484762 2.71828
1.0 5.0 0.044819 2.71828
1.0 5.0 0.050965 2.71828
1.0 5.0 0.0510649 2.71828
1.0 5.0 0.0397929 2.71828
1.0 5.0 0.0498529 2.71828
1.0 5.0 0.0458708 2.71828
1.0 5.0 0.0490835 2.71828
1.0 5.0 0.0423869 2.71828
1.0 5.0 0.0467751 2.71828
1.0 5.0 0.0505094 2.71828
1.0 5.0 0.044314 2.71828
1.0 5.0 0.0514833 2.71828
1.0 5.0 0.0503394 2.71828
1.0 5.0 0.0499675 2.71828
1.0 5.0 0.0471497 2.71828
2.0 1.0 0.654215 -0.0
2.0 1.0 0.663423 -0.0
2.0 1.0 0.870939 -8.43827e-33
2.0 1.0 0.678399 -0.0
2.0 1.0 0.873829 -8.43827e-33
2.0 1.0 0.658624 -0.0
2.0 1.0 0.856977 -4.33559e-32
2.0 1.0 0.868695 -5.02058e-32
2.0 1.0 0.640139 -0.0
2.0 1.0 0.84447 -8.43827e-33
2.0 1.0 0.861205 -8.43827e-33
2.0 1.0 0.873014 -8.43827e-33
2.0 1.0 0.872654 -8.43827e-33
2.0 1.0 0.88539 -8.43827e-33
2.0 1.0 0.667271 -0.0
2.0 1.0 0.653042 -0.0
2.0 1.0 0.8594 -4.33559e-32
2.0 1.0 0.652048 -0.0
2.0 1.0 0.863867 -8.43827e-33
2.0 1.0 0.85684 -8.43827e-33
2.0 1.0 0.654375 -0.0
2.0 1.0 0.866347 -8.43827e-33
2.0 1.0 0.879309 -5.02058e-32
2.0 1.0 0.833912 -8.43827e-33
2.0 1.0 0.872269 -8.43827e-33
2.0 1.0 0.855866 -8.43827e-33
2.0 1.0 0.817092 -8.43827e-33
2.0 1.0 0.641193 -0.0
2.0 1.0 0.690425 -0.0
2.0 1.0 0.27593 -0.0
2.0 1.0 0.840831 -2.01644e-31
2.0 1.0 0.883469 -8.43827e-33
2.0 1.0 0.657031 -0.0
2.0 1.0 0.320052 -0.0
2.0 1.0 0.933321 -4.33559e-32
2.0 1.0 0.865658 -8.43827e-33
2.0 1.0 0.866799 -5.02058e-32
2.0 1.0 0.829691 -4.33559e-32
2.0 1.0 0.908824 -4.33559e-32
2.0 1.0 0.869466 -8.43827e-33
2.0 1.0 0.901937 -8.43827e-33
2.0 1.0 0.665378 -0.0
2.0 1.0 0.864238 -8.43827e-33
2.0 1.0 0.898824 -2.01644e-31
2.0 1.0 0.862073 -4.33559e-32
2.0 1.0 0.606174 -0.0
2.0 1.0 0.800326 -8.43827e-33
2.0 1.0 0.899732 -5.02058e-32
2.0 1.0 0.865432 -8.43827e-33
2.0 1.0 0.824651 -5.02058e-32
2.0 2.0 0.429536 -8.43827e-33
2.0 2.0 0.556097 -4.33559e-32
2.0 2.0 0.38767 -8.43827e-33
2.0 2.0 0.264354 -0.0
2.0 2.0 0.371345 -8.43827e-33
2.0 2.0 0.0948896 -0.0
2.0 2.0 0.268254 -0.0
2.0 2.0 0.401102 -8.43827e-33
2.0 2.0 0.261647 -0.0
2.0 2.0 0.429306 -8.43827e-33
2.0 2.0 0.392794 -8.43827e-33
2.0 2.0 0.402819 -8.43827e-33
2.0 2.0 0.441434 -5.02058e-32
2.0 2.0 0.240359 -0.0
2.0 2.0 0.366438 -8.43827e-33
2.0 2.0 0.242221 -0.0
2.0 2.0 0.40173 -8.43827e-33
2.0 2.0 0.266609 -0.0
2.0 2.0 0.381966 -8.43827e-33
2.0 2.0 0.382308 -8.43827e-33
2.0 2.0 0.40287 -8.43827e-33
2.0 2.0 0.428356 -8.43827e-33
2.0 2.0 0.388091 -8.43827e-33
2.0 2.0 0.389923 -8.43827e-33
2.0 2.0 0.272962 -0.0
2.0 2.0 0.422829 -5.02058e-32
2.0 2.0 0.401941 -8.43827e-33
2.0 2.0 0.41448 -5.02058e-32
2.0 2.0 0.395156 -5.02058e-32
2.0 2.0 0.424486 -5.02058e-32
2.0 2.0 0.435059 -8.43827e-33
2.0 2.0 0.39617 -5.02058e-32
2.0 2.0 0.416195 -8.43827e-33
2.0 2.0 0.424417 -8.43827e-33
2.0 2.0 0.396759 -8.43827e-33
2.0 2.0 0.498944 -8.43827e-33
2.0 2.0 0.396481 -4.33559e-32
2.0 2.0 0.428501 -8.43827e-33
2.0 2.0 0.265944 -0.0
2.0 2.0 0.446035 -8.43827e-33
2.0 2.0 0.398998 -5.02058e-32
2.0 2.0 0.546507 -5.02058e-32
2.0 2.0 0.436163 -8.43827e-33
2.0 2.0 0.284379 -0.0
2.0 2.0 0.407587 -8.43827e-33
2.0 2.0 0.4388 -8.43827e-33
2.0 2.0 0.0830069 -0.0
2.0 2.0 0.382797 -8.43827e-33
2.0 2.0 0.406254 -8.43827e-33
2.0 2.0 0.392118 -4.33559e-32
2.0 3.0 0.294733 -8.43827e-33
2.0 3.0 0.0615791 -0.0
2.0 3.0 0.270069 -8.43827e-33
2.0 3.0 0.285845 -8.43827e-33
2.0 3.0 0.303293 -8.43827e-33
2.0 3.0 0.277184 -8.43827e-33
2.0 3.0 0.316562 -8.43827e-33
2.0 3.0 0.270372 -8.43827e-33
2.0 3.0 0.306485 -5.02058e-32
2.0 3.0 0.188175 -0.0
2.0 3.0 0.286693 -8.43827e-33
2.0 3.0 0.283458 -8.43827e-33
2.0 3.0 0.270358 -5.02058e-32
2.0 3.0 0.278121 -4.33559e-32
2.0 3.0 0.173388 -0.0
2.0 3.0 0.30746 -8.43827e-33
2.0 3.0 0.269175 -8.43827e-33
2.0 3.0 0.310143 -8.43827e-33
2.0 3.0 0.263309 -2.03723e-31
2.0 3.0 0.309913 -8.43827e-33
2.0 3.0 0.0653196 -0.0
2.0 3.0 0.316971 -2.01644e-31
2.0 3.0 0.282438 -8.43827e-33
2.0 3.0 0.29823 -8.43827e-33
2.0 3.0 0.310634 -5.02058e-32
2.0 3.0 0.29953 -8.43827e-33
2.0 3.0 0.317262 -8.43827e-33
2.0 3.0 0.0730593 -0.0
2.0 3.0 0.274489 -4.33559e-32
2.0 3.0 0.266025 -8.43827e-33
2.0 3.0 0.269399 -8.43827e-33
2.0 3.0 0.174511 -0.0
2.0 3.0 0.209613 -0.0
2.0 3.0 0.292887 -8.43827e-33
2.0 3.0 0.0802953 -0.0
2.0 3.0 0.318854 -5.02058e-32
2.0 3.0 0.161529 -0.0
2.0 3.0 0.102143 -0.0
2.0 3.0 0.271854 -8.43827e-33
2.0 3.0 0.175804 -0.0
2.0 3.0 0.268883 -5.02058e-32
2.0 3.0 0.213287 -0.0
2.0 3.0 0.0714069 -0.0
2.0 3.0 0.208706 -0.0
2.0 3.0 0.269524 -8.43827e-33
2.0 3.0 0.308597 -8.43827e-33
2.0 3.0 0.3091 -8.43827e-33
2.0 3.0 0.3037 -4.33559e-32
2.0 3.0 0.190773 -0.0
2.0 3.0 0.18166 -0.0
2.0 4.0 0.0676992 -0.0
2.0 4.0 0.216867 -5.02058e-32
2.0 4.0 0.209948 -8.43827e-33
2.0 4.0 0.122766 -0.0
2.0 4.0 0.218471 -8.43827e-33
2.0 4.0 0.0697923 -0.0
2.0 4.0 0.240941 -8.43827e-33
2.0 4.0 0.235907 -8.43827e-33
2.0 4.0 0.225016 -8.43827e-33
2.0 4.0 0.234499 -8.43827e-33
2.0 4.0 0.26217 -4.33559e-32
2.0 4.0 0.145293 -0.0
2.0 4.0 0.236724 -5.02058e-32
2.0 4.0 0.219435 -8.43827e-33
2.0 4.0 0.241311 -8.43827e-33
2.0 4.0 0.159895 -0.0
2.0 4.0 0.210424 -2.03723e-31
2.0 4.0 0.243328 -8.43827e-33
2.0 4.0 0.248177 -1.7325e-31
2.0 4.0 0.262019 -7.10571e-31
2.0 4.0 0.1439 -0.0
2.0 4.0 0.230902 -8.43827e-33
2.0 4.0 0.276693 -2.01644e-31
2.0 4.0 0.242061 -8.43827e-33
2.0 4.0 0.154954 -0.0
2.0 4.0 0.146625 -0.0
2.0 4.0 0.253125 -2.01644e-31
2.0 4.0 0.233658 -8.43827e-33
2.0 4.0 0.241901 -8.43827e-33
2.0 4.0 0.203961 -8.43827e-33
2.0 4.0 0.235845 -8.43827e-33
2.0 4.0 0.243565 -5.02058e-32
2.0 4.0 0.0627844 -0.0
2.0 4.0 0.227919 -5.02058e-32
2.0 4.0 0.236882 -2.03723e-31
2.0 4.0 0.244362 -2.01644e-31
2.0 4.0 0.264014 -8.43827e-33
2.0 4.0 0.192942 -8.43827e-33
2.0 4.0 0.139073 -0.0
2.0 4.0 0.238103 -4.33559e-32
2.0 4.0 0.235287 -4.33559e-32
2.0 4.0 0.224921 -4.33559e-32
2.0 4.0 0.0861925 -0.0
2.0 4.0 0.163246 -0.0
2.0 4.0 0.21382 -8.43827e-33
2.0 4.0 0.280435 -5.02058e-32
2.0 4.0 0.243266 -8.43827e-33
2.0 4.0 0.136822 -0.0
2.0 4.0 0.18798 -0.0
2.0 4.0 0.198308 -8.43827e-33
2.0 5.0 0.20772 -2.01644e-31
2.0 5.0 0.157677 -4.33559e-32
2.0 5.0 0.11171 -0.0
2.0 5.0 0.164317 -4.33559e-32
2.0 5.0 0.117674 -0.0
2.0 5.0 0.116342 -0.0
2.0 5.0 0.117226 -0.0
2.0 5.0 0.0517157 -0.0
2.0 5.0 0.121532 -0.0
2.0 5.0 0.170965 -8.43827e-33
2.0 5.0 0.165008 -8.43827e-33
2.0 5.0 0.159101 -8.43827e-33
2.0 5.0 0.163693 -5.02058e-32
2.0 5.0 0.160137 -4.33559e-32
2.0 5.0 0.167575 -4.33559e-32
2.0 5.0 0.16958 -8.43827e-33
2.0 5.0 0.113063 -0.0
2.0 5.0 0.111614 -0.0
2.0 5.0 0.111361 -0.0
2.0 5.0 0.16536 -5.02058e-32
2.0 5.0 0.167908 -8.43827e-33
2.0 5.0 0.113121 -0.0
2.0 5.0 0.0607253 -0.0
2.0 5.0 0.167818 -8.43827e-33
2.0 5.0 0.170895 -5.02058e-32
2.0 5.0 0.172971 -8.43827e-33
2.0 5.0 0.108841 -0.0
2.0 5.0 0.162152 -4.33559e-32
2.0 5.0 0.163712 -4.33559e-32
2.0 5.0 0.208298 -8.43827e-33
2.0 5.0 0.118434 -0.0
2.0 5.0 0.160412 -8.43827e-33
2.0 5.0 0.167544 -8.43827e-33
2.0 5.0 0.165047 -8.43827e-33
2.0 5.0 0.118619 -0.0
2.0 5.0 0.160484 -4.33559e-32
2.0 5.0 0.0556328 -0.0
2.0 5.0 0.161067 -5.02058e-32
2.0 5.0 0.119137 -0.0
2.0 5.0 0.165953 -8.43827e-33
2.0 5.0 0.111469 -0.0
2.0 5.0 0.162709 -8.43827e-33
2.0 5.0 0.0520705 -0.0
2.0 5.0 0.164804 -8.43827e-33
2.0 5.0 0.166919 -8.43827e-33
2.0 5.0 0.159403 -8.43827e-33
2.0 5.0 0.161123 -8.43827e-33
2.0 5.0 0.116734 -0.0
2.0 5.0 0.165701 -8.43827e-33
2.0 5.0 0.166688 -2.03723e-31
3.0 1.0 0.0722929 10.0
3.0 1.0 0.0751995 10.0
3.0 1.0 0.0792347 10.0
3.0 1.0 0.0725703 10.0
3.0 1.0 0.0804205 10.0
3.0 1.0 0.0670483 10.0
3.0 1.0 0.071945 10.0
3.0 1.0 0.0770389 10.0
3.0 1.0 0.0726839 10.0
3.0 1.0 0.0730384 10.0
3.0 1.0 0.0899409 10.0
3.0 1.0 0.066143 10.0
3.0 1.0 0.0705703 10.0
3.0 1.0 0.0676837 10.0
3.0 1.0 0.0751017 10.0
3.0 1.0 0.0755458 10.0
3.0 1.0 0.0685071 10.0
3.0 1.0 0.0842089 10.0
3.0 1.0 0.0659299 10.0
3.0 1.0 0.0731073 10.0
3.0 1.0 0.0749926 10.0
3.0 1.0 0.0739739 10.0
3.0 1.0 0.0756614 10.0
3.0 1.0 0.0828297 10.0
3.0 1.0 0.073153 10.0
3.0 1.0 0.0761691 10.0
3.0 1.0 0.0746762 10.0
3.0 1.0 0.0724968 10.0
3.0 1.0 0.0805345 10.0
3.0 1.0 0.0696103 10.0
3.0 1.0 0.0743336 10.0
3.0 1.0 0.0751888 10.0
3.0 1.0 0.0765089 10.0
3.0 1.0 0.0731244 10.0
3.0 1.0 0.0703767 10.0
3.0 1.0 0.079411 10.0
3.0 1.0 0.0783429 10.0
3.0 1.0 0.0798065 10.0
3.0 1.0 0.0747314 10.0
3.0 1.0 0.0750929 10.0
3.0 1.0 0.0794153 10.0
3.0 1.0 0.0776575 10.0
3.0 1.0 0.0807114 10.0
3.0 1.0 0.073115 10.0
3.0 1.0 0.0738916 10.0
3.0 1.0 0.0809207 10.0
3.0 1.0 0.0917735 10.0
3.0 1.0 0.0632549 10.0
3.0 1.0 0.0725213 10.0
3.0 1.0 0.0893558 10.0
3.0 2.0 0.0619367 10.0
3.0 2.0 0.065195 10.0
3.0 2.0 0.0498134 10.0
3.0 2.0 0.0465716 10.0
3.0 2.0 0.0728495 10.0
3.0 2.0 0.0616176 10.0
3.0 2.0 0.0661465 10.0
3.0 2.0 0.0467677 10.0
3.0 2.0 0.0588203 10.0
3.0 2.0 0.0635343 10.0
3.0 2.0 0.0657811 10.0
3.0 2.0 0.060779 10.0
3.0 2.0 0.0585869 10.0
3.0 2.0 0.0689941 10.0
3.0 2.0 0.0594612 10.0
3.0 2.0 0.0723315 10.0
3.0 2.0 0.0683377 10.0
3.0 2.0 0.06274 10.0
3.0 2.0 0.0676346 10.0
3.0 2.0 0.0510362 10.0
3.0 2.0 0.0418904 10.0
3.0 2.0 0.0560873 10.0
3.0 2.0 0.0469845 10.0
3.0 2.0 0.0737411 10.0
3.0 2.0 0.0482724 10.0
3.0 2.0 0.0460527 10.0
3.0 2.0 0.0604558 10.0
3.0 2.0 0.0448755 10.0
3.0 2.0 0.0538651 10.0
3.0 2.0 0.048198 10.0
3.0 2.0 0.04824 10.0
3.0 2.0 0.0483177 10.0
3.0 2.0 0.0476359 10.0
3.0 2.0 0.0410888 10.0
3.0 2.0 0.0589934 10.0
3.0 2.0 0.0470051 10.0
3.0 2.0 0.0622087 10.0
3.0 2.0 0.0473773 10.0
3.0 2.0 0.0486428 10.0
3.0 2.0 0.0695747 10.0
3.0 2.0 0.0713021 10.0
3.0 2.0 0.0484809 10.0
3.0 2.0 0.042023 10.0
3.0 2.0 0.0621105 10.0
3.0 2.0 0.0483839 10.0
3.0 2.0 0.0615849 10.0
3.0 2.0 0.0648515 10.0
3.0 2.0 0.0484707 10.0
3.0 2.0 0.0458391 10.0
3.0 2.0 0.0471473 10.0
3.0 3.0 0.0401403 10.0
3.0 3.0 0.0727442 10.0
3.0 3.0 0.0751962 10.0
3.0 3.0 0.0711641 10.0
3.0 3.0 0.0374085 10.0
3.0 3.0 0.0361671 10.0
3.0 3.0 0.0630386 10.0
3.0 3.0 0.0387428 10.0
3.0 3.0 0.0732368 10.0
3.0 3.0 0.0732203 10.0
3.0 3.0 0.0631519 10.0
3.0 3.0 0.0522899 10.0
3.0 3.0 0.0535497 10.0
3.0 3.0 0.0396154 10.0
3.0 3.0 0.0360211 10.0
3.0 3.0 0.0364593 10.0
3.0 3.0 0.0726881 10.0
3.0 3.0 0.0676497 10.0
3.0 3.0 0.0714477 10.0
3.0 3.0 0.083309 10.0
3.0 3.0 0.0381965 10.0
3.0 3.0 0.0710818 10.0
3.0 3.0 0.0639677 10.0
3.0 3.0 0.0715562 10.0
3.0 3.0 0.076513 10.0
3.0 3.0 0.0383253 10.0
3.0 3.0 0.0497587 10.0
3.0 3.0 0.052113 10.0
3.0 3.0 0.0478938 10.0
3.0 3.0 0.0478678 10.0
3.0 3.0 0.0651317 10.0
3.0 3.0 0.0480509 10.0
3.0 3.0 0.0470108 10.0
3.0 3.0 0.0483897 10.0
3.0 3.0 0.0804406 10.0
3.0 3.0 0.0350813 10.0
3.0 3.0 0.0778228 10.0
3.0 3.0 0.0740991 10.0
3.0 3.0 0.0758192 10.0
3.0 3.0 0.0537417 10.0
3.0 3.0 0.049573 10.0
3.0 3.0 0.0644816 10.0
3.0 3.0 0.0526516 10.0
3.0 3.0 0.0674135 10.0
3.0 3.0 0.0563767 10.0
3.0 3.0 0.0535932 10.0
3.0 3.0 0.0595443 10.0
3.0 3.0 0.0770007 10.0
3.0 3.0 0.0533156 10.0
3.0 3.0 0.0495743 10.0
3.0 4.0 0.0559918 10.0
3.0 4.0 0.057727 10.0
3.0 4.0 0.0586021 10.0
3.0 4.0 0.048296 10.0
3.0 4.0 0.0687472 10.0
3.0 4.0 0.0610633 10.0
3.0 4.0 0.0470748 10.0
3.0 4.0 0.0327051 10.0
3.0 4.0 0.0478745 10.0
3.0 4.0 0.0565594 10.0
3.0 4.0 0.072715 10.0
3.0 4.0 0.0346909 10.0
3.0 4.0 0.0492897 10.0
3.0 4.0 0.0340087 10.0
3.0 4.0 0.0564081 10.0
3.0 4.0 0.0668622 10.0
3.0 4.0 0.0577005 10.0
3.0 4.0 0.058621 10.0
3.0 4.0 0.0337228 10.0
3.0 4.0 0.0633466 10.0
3.0 4.0 0.0729794 10.0
3.0 4.0 0.0709058 10.0
3.0 4.0 0.0762775 10.0
3.0 4.0 0.056158 10.0
3.0 4.0 0.0489184 10.0
3.0 4.0 0.058294 10.0
3.0 4.0 0.046366 10.0
3.0 4.0 0.0603014 10.0
3.0 4.0 0.0451804 10.0
3.0 4.0 0.0479451 10.0
3.0 4.0 0.0630488 10.0
3.0 4.0 0.0816233 10.0
3.0 4.0 0.0582051 10.0
3.0 4.0 0.0674113 10.0
3.0 4.0 0.0562318 10.0
3.0 4.0 0.0483629 10.0
3.0 4.0 0.0626974 10.0
3.0 4.0 0.0359865 10.0
3.0 4.0 0.0539479 10.0
3.0 4.0 0.0485973 10.0
3.0 4.0 0.053109 10.0
3.0 4.0 0.0628658 10.0
3.0 4.0 0.0729874 10.0
3.0 4.0 0.0316533 10.0
3.0 4.0 0.0512296 10.0
3.0 4.0 0.0576417 10.0
3.0 4.0 0.05944 10.0
3.0 4.0 0.0601689 10.0
3.0 4.0 0.0530528 10.0
3.0 4.0 0.0492625 10.0
3.0 5.0 0.0507098 10.0
3.0 5.0 0.0397086 10.0
3.0 5.0 0.0463822 10.0
3.0 5.0 0.0440901 10.0
3.0 5.0 0.0479075 10.0
3.0 5.0 0.0382013 10.0
3.0 5.0 0.0480867 10.0
3.0 5.0 0.0393398 10.0
3.0 5.0 0.0427435 10.0
3.0 5.0 0.0745364 10.0
3.0 5.0 0.037887 10.0
3.0 5.0 0.0417511 10.0
3.0 5.0 0.0449615 10.0
3.0 5.0 0.0498766 10.0
3.0 5.0 0.0403517 10.0
3.0 5.0 0.0492894 10.0
3.0 5.0 0.0461839 10.0
3.0 5.0 0.0407555 10.0
3.0 5.0 0.0438862 10.0
3.0 5.0 0.0426433 10.0
3.0 5.0 0.0452359 10.0
3.0 5.0 0.0743679 10.0
3.0 5.0 0.0443429 10.0
3.0 5.0 0.0398124 10.0
3.0 5.0 0.0484507 10.0
3.0 5.0 0.039403 10.0
3.0 5.0 0.0465834 10.0
3.0 5.0 0.0396784 10.0
3.0 5.0 0.0462035 10.0
3.0 5.0 0.0471249 10.0
3.0 5.0 0.0394586 10.0
3.0 5.0 0.0421352 10.0
3.0 5.0 0.0479926 10.0
3.0 5.0 0.0398406 10.0
3.0 5.0 0.0420212 10.0
3.0 5.0 0.0475272 10.0
3.0 5.0 0.0434364 10.0
3.0 5.0 0.0392388 10.0
3.0 5.0 0.0452301 10.0
3.0 5.0 0.0423828 10.0
3.0 5.0 0.0465804 10.0
3.0 5.0 0.0448477 10.0
3.0 5.0 0.0378236 10.0
3.0 5.0 0.0368665 10.0
3.0 5.0 0.0411463 10.0
3.0 5.0 0.0433767 10.0
3.0 5.0 0.042748 10.0
3.0 5.0 0.042748 10.0
3.0 5.0 0.042748 10.0
3.0 5.0 0.042748 10.0
4.0 1.0 2.27929 99.9515
4.0 1.0 1.56735 99.9815
4.0 1.0 1.52188 99.9516
4.0 1.0 1.50507 99.9647
4.0 1.0 1.51114 99.9988
4.0 1.0 1.40259 99.9752
4.0 1.0 2.56289 99.9851
4.0 1.0 2.7275 99.9613
4.0 1.0 1.9409 99.9874
4.0 1.0 1.8096 99.9851
4.0 1.0 1.64173 99.9851
4.0 1.0 0.354834 99.9965
4.0 1.0 0.338983 99.975
4.0 1.0 0.356763 99.9851
4.0 1.0 1.53544 99.9676
4.0 1.0 1.79613 99.9804
4.0 1.0 0.352329 99.9617
4.0 1.0 0.32546 99.9978
4.0 1.0 1.81428 99.9913
4.0 1.0 1.69601 99.9875
4.0 1.0 0.376964 99.9821
4.0 1.0 0.343682 99.9669
4.0 1.0 1.9747 99.9851
4.0 1.0 0.327718 99.9762
4.0 1.0 0.339596 99.9672
4.0 1.0 0.328527 99.9851
4.0 1.0 0.322531 99.997
4.0 1.0 0.34508 99.9991
4.0 1.0 0.360184 99.9705
4.0 1.0 0.295926 99.9786
4.0 1.0 0.353518 99.9971
4.0 1.0 0.364296 99.9935
4.0 1.0 0.362289 99.9851
4.0 1.0 0.344299 99.9851
4.0 1.0 0.313322 99.9688
4.0 1.0 1.52692 99.9851
4.0 1.0 0.449702 99.9633
4.0 1.0 0.345711 99.9669
4.0 1.0 0.353967 99.9851
4.0 1.0 1.79595 99.9927
4.0 1.0 1.54807 99.9851
4.0 1.0 1.73393 99.9919
4.0 1.0 1.68331 99.99
4.0 1.0 0.330902 99.9851
4.0 1.0 0.296485 99.9857
4.0 1.0 1.41911 99.9887
4.0 1.0 1.48977 99.9762
4.0 1.0 0.347058 99.9921
4.0 1.0 1.69193 99.9982
4.0 1.0 0.352617 99.9984
4.0 2.0 1.43806 99.9766
4.0 2.0 0.941715 99.9974
4.0 2.0 1.71447 99.9703
4.0 2.0 1.24014 99.9495
4.0 2.0 0.74868 99.9752
4.0 2.0 1.34586 99.9845
4.0 2.0 0.883053 99.9943
4.0 2.0 0.946393 99.9777
4.0 2.0 1.02837 99.9873
4.0 2.0 0.753975 99.985
4.0 2.0 0.784152 99.9752
4.0 2.0 0.912907 99.9736
4.0 2.0 0.951046 99.9905
4.0 2.0 1.04104 99.9906
4.0 2.0 1.2249 99.9729
4.0 2.0 1.4168 99.997
4.0 2.0 0.99602 99.97
4.0 2.0 1.49598 99.9971
4.0 2.0 0.97123 99.9683
4.0 2.0 1.38449 99.9979
4.0 2.0 1.34715 99.9449
4.0 2.0 1.41929 99.9863
4.0 2.0 1.36338 99.9887
4.0 2.0 1.70276 99.9771
4.0 2.0 0.894463 99.9669
4.0 2.0 1.58645 99.9546
4.0 2.0 0.172186 99.9849
4.0 2.0 1.33758 99.9929
4.0 2.0 0.906884 99.9681
4.0 2.0 0.858828 99.9687
4.0 2.0 0.934912 99.9838
4.0 2.0 1.77699 99.955
4.0 2.0 1.52407 99.9888
4.0 2.0 1.33894 99.9468
4.0 2.0 1.69382 99.9993
4.0 2.0 1.08044 99.9633
4.0 2.0 1.48576 99.9662
4.0 2.0 1.45005 99.9633
4.0 2.0 0.903202 99.9998
4.0 2.0 0.971857 99.9553
4.0 2.0 0.882278 99.9906
4.0 2.0 0.934124 99.9762
4.0 2.0 0.821427 99.9862
4.0 2.0 1.85784 99.9608
4.0 2.0 1.23193 99.9977
4.0 2.0 0.88548 99.9851
4.0 2.0 1.0094 99.9709
4.0 2.0 1.67702 99.9848
4.0 2.0 0.853644 99.9983
4.0 2.0 1.5393 99.9253
4.0 3.0 1.18234 99.9995
4.0 3.0 1.50914 99.9752
4.0 3.0 0.639183 99.9646
4.0 3.0 0.996945 99.9947
4.0 3.0 0.988392 99.9845
4.0 3.0 1.10556 99.981
4.0 3.0 0.761385 99.9515
4.0 3.0 0.871166 99.9989
4.0 3.0 1.29911 99.9762
4.0 3.0 1.26959 99.9876
4.0 3.0 1.20434 99.9912
4.0 3.0 0.612832 99.9618
4.0 3.0 0.127765 99.9453
4.0 3.0 0.130068 99.9546
4.0 3.0 1.09668 99.9864
4.0 3.0 1.2976 99.9987
4.0 3.0 0.957051 99.9966
4.0 3.0 0.674792 99.992
4.0 3.0 0.126038 99.9793
4.0 3.0 1.00557 99.9983
4.0 3.0 1.07204 99.9778
4.0 3.0 0.136256 99.9897
4.0 3.0 1.41689 99.9762
4.0 3.0 1.08377 99.9855
4.0 3.0 1.22408 99.9704
4.0 3.0 1.32553 99.9709
4.0 3.0 0.942819 99.9546
4.0 3.0 0.680555 99.9761
4.0 3.0 0.126652 99.9738
4.0 3.0 1.48963 99.9834
4.0 3.0 1.31186 99.9744
4.0 3.0 1.10119 99.9957
4.0 3.0 0.134688 99.9836
4.0 3.0 1.70743 99.9911
4.0 3.0 1.67338 99.9796
4.0 3.0 1.06072 99.9663
4.0 3.0 1.064 99.967
4.0 3.0 0.569025 99.9752
4.0 3.0 1.29501 99.9955
4.0 3.0 0.663588 99.9821
4.0 3.0 1.036 99.9772
4.0 3.0 0.655687 99.9752
4.0 3.0 0.984708 99.9815
4.0 3.0 0.632117 99.9875
4.0 3.0 0.952173 99.9762
4.0 3.0 0.124226 99.9856
4.0 3.0 1.28565 99.9805
4.0 3.0 1.09177 99.9938
4.0 3.0 1.51418 99.9598
4.0 3.0 0.589688 99.994
4.0 4.0 0.933082 99.9692
4.0 4.0 0.18628 99.9675
4.0 4.0 0.938092 99.9658
4.0 4.0 0.932447 99.9752
4.0 4.0 0.857004 99.9888
4.0 4.0 0.880599 99.9558
4.0 4.0 0.78 99.969
4.0 4.0 1.1246 99.9762
4.0 4.0 0.178507 99.9987
4.0 4.0 1.23934 99.9752
4.0 4.0 1.32089 99.9834
4.0 4.0 0.982574 99.9956
4.0 4.0 1.47631 99.967
4.0 4.0 0.822773 99.9943
4.0 4.0 0.830647 99.9814
4.0 4.0 1.03465 99.9837
4.0 4.0 0.720698 99.9932
4.0 4.0 0.976604 99.9752
4.0 4.0 0.988352 99.9752
4.0 4.0 1.20149 99.9785
4.0 4.0 0.762733 99.9728
4.0 4.0 0.929371 99.9998
4.0 4.0 1.24859 99.9867
4.0 4.0 0.783581 99.9847
4.0 4.0 0.45442 99.9978
4.0 4.0 0.962507 99.936
4.0 4.0 0.167436 99.9635
4.0 4.0 0.861329 99.9809
4.0 4.0 0.861637 99.9801
4.0 4.0 0.906205 99.983
4.0 4.0 1.03235 99.9762
4.0 4.0 1.07991 99.9842
4.0 4.0 0.793974 99.9762
4.0 4.0 0.904545 99.9932
4.0 4.0 0.614845 99.9762
4.0 4.0 0.834632 99.989
4.0 4.0 0.849141 99.9811
4.0 4.0 1.11935 99.9897
4.0 4.0 0.891254 99.9727
4.0 4.0 0.855557 99.9762
4.0 4.0 1.01765 99.994
4.0 4.0 0.978457 99.9842
4.0 4.0 0.951337 99.9945
4.0 4.0 0.745988 99.9851
4.0 4.0 0.827155 99.9664
4.0 4.0 0.930178 99.9834
4.0 4.0 0.990311 99.9971
4.0 4.0 0.992068 99.9752
4.0 4.0 1.01465 99.9678
4.0 4.0 0.950213 99.9546
4.0 5.0 0.611707 99.9663
4.0 5.0 0.671826 99.9752
4.0 5.0 0.680498 99.9515
4.0 5.0 0.664948 99.9727
4.0 5.0 0.578149 99.9515
4.0 5.0 1.68667 99.9939
4.0 5.0 0.605528 99.9837
4.0 5.0 0.781277 99.9634
4.0 5.0 0.670535 99.9838
4.0 5.0 1.80636 99.9752
4.0 5.0 0.989913 99.9925
4.0 5.0 0.929942 99.9964
4.0 5.0 0.549569 99.998
4.0 5.0 0.664193 99.9776
4.0 5.0 0.594671 99.9768
4.0 5.0 0.604536 99.9772
4.0 5.0 0.741649 99.9771
4.0 5.0 0.531039 99.9848
4.0 5.0 1.70546 99.9788
4.0 5.0 0.794926 99.9752
4.0 5.0 1.23502 99.9735
4.0 5.0 0.654562 99.994
4.0 5.0 0.67445 99.9752
4.0 5.0 1.50333 99.9976
4.0 5.0 1.79678 99.987
4.0 5.0 1.40462 99.9975
4.0 5.0 0.525496 99.9752
4.0 5.0 1.76074 99.9879
4.0 5.0 1.94635 99.9992
4.0 5.0 1.34018 99.9823
4.0 5.0 0.825714 99.9936
4.0 5.0 0.606868 99.9821
4.0 5.0 0.590819 99.9973
4.0 5.0 0.565356 99.9965
4.0 5.0 1.49326 99.9762
4.0 5.0 0.746641 99.9881
4.0 5.0 1.16069 99.9655
4.0 5.0 0.676083 99.9752
4.0 5.0 0.562319 99.9917
4.0 5.0 0.583783 99.9752
4.0 5.0 0.726023 99.9515
4.0 5.0 0.725677 99.9762
4.0 5.0 1.32799 99.9949
4.0 5.0 0.730014 99.9781
4.0 5.0 2.26764 99.9776
4.0 5.0 2.25762 99.9903
4.0 5.0 4.61837 99.9752
4.0 5.0 4.76496 99.9762
4.0 5.0 2.18625 99.9546
4.0 5.0 2.39221 99.9863
5.0 1.0 55.4147 -20.9406
5.0 1.0 55.3466 -21.0462
5.0 1.0 55.2278 -20.9406
5.0 1.0 55.4479 -21.0462
5.0 1.0 56.3421 -20.9406
5.0 1.0 55.4455 -20.9406
5.0 1.0 55.1491 -20.9406
5.0 1.0 55.4206 -20.8116
5.0 1.0 56.1962 -20.9406
5.0 1.0 55.3184 -20.9406
5.0 1.0 55.1236 -20.9406
5.0 1.0 55.9204 -20.9406
5.0 1.0 55.3754 -20.9406
5.0 1.0 55.4566 -20.9406
5.0 1.0 55.5204 -20.9406
5.0 1.0 57.0691 -20.9406
5.0 1.0 58.959 -20.797
5.0 1.0 55.438 -20.9406
5.0 1.0 56.4976 -20.9406
5.0 1.0 55.1084 -21.0462
5.0 1.0 57.4799 -20.9406
5.0 1.0 55.3928 -20.9406
5.0 1.0 55.9105 -20.9406
5.0 1.0 55.8111 -20.797
5.0 1.0 55.9084 -20.9406
5.0 1.0 56.3657 -20.9406
5.0 1.0 55.2602 -20.9406
5.0 1.0 55.8931 -20.9406
5.0 1.0 56.729 -21.0462
5.0 1.0 55.6015 -20.9406
5.0 1.0 56.2172 -21.0462
5.0 1.0 56.3928 -20.9406
5.0 1.0 56.2318 -21.0462
5.0 1.0 56.2279 -20.9406
5.0 1.0 55.461 -20.9406
5.0 1.0 55.2598 -20.9406
5.0 1.0 55.2662 -20.9406
5.0 1.0 56.0298 -21.0462
5.0 1.0 56.6801 -21.0462
5.0 1.0 56.4071 -21.0462
5.0 1.0 55.9391 -20.9406
5.0 1.0 55.2425 -20.9406
5.0 1.0 56.5969 -21.0462
5.0 1.0 55.8984 -20.9406
5.0 1.0 56.2797 -20.9406
5.0 1.0 55.3136 -20.9406
5.0 1.0 55.3117 -21.0462
5.0 1.0 59.0402 -20.797
5.0 1.0 55.2612 -20.9406
5.0 1.0 55.3999 -20.9406
5.0 2.0 28.0894 -21.0462
5.0 2.0 27.8125 -20.9406
5.0 2.0 28.0278 -20.9406
5.0 2.0 28.1936 -21.0462
5.0 2.0 28.9102 -20.9406
5.0 2.0 28.3663 -20.9406
5.0 2.0 30.0388 -20.797
5.0 2.0 29.1541 -20.9406
5.0 2.0 29.8573 -20.9406
5.0 2.0 28.2683 -21.0462
5.0 2.0 29.7311 -20.797
5.0 2.0 28.0312 -20.9406
5.0 2.0 28.1327 -21.0462
5.0 2.0 28.0488 -20.9406
5.0 2.0 28.161 -20.9406
5.0 2.0 29.7378 -20.797
5.0 2.0 28.2172 -20.9406
5.0 2.0 27.9828 -20.9406
5.0 2.0 28.4236 -21.0462
5.0 2.0 28.2048 -21.0462
5.0 2.0 28.2332 -20.9406
5.0 2.0 28.0856 -20.9406
5.0 2.0 28.2766 -20.9406
5.0 2.0 28.3445 -20.9406
5.0 2.0 28.8237 -20.9406
5.0 2.0 29.6104 -20.797
5.0 2.0 28.0338 -20.9406
5.0 2.0 28.3413 -20.9406
5.0 2.0 27.9469 -21.0462
5.0 2.0 28.1244 -20.9406
5.0 2.0 28.259 -20.9406
5.0 2.0 28.5018 -20.9406
5.0 2.0 29.7558 -20.797
5.0 2.0 28.0093 -20.9406
5.0 2.0 28.1945 -20.9406
5.0 2.0 28.7281 -20.9406
5.0 2.0 30.14 -20.797
5.0 2.0 28.3952 -20.9406
5.0 2.0 27.8337 -20.9406
5.0 2.0 28.5241 -20.9406
5.0 2.0 28.5011 -20.9406
5.0 2.0 28.2776 -20.9406
5.0 2.0 28.6452 -20.9406
5.0 2.0 28.1401 -20.9406
5.0 2.0 28.328 -21.0462
5.0 2.0 27.8112 -20.9406
5.0 2.0 28.6708 -21.0462
5.0 2.0 28.3298 -20.9406
5.0 2.0 28.6411 -20.9406
5.0 2.0 28.5301 -21.0462
5.0 3.0 18.8848 -20.9406
5.0 3.0 20.3768 -20.797
5.0 3.0 19.5845 -20.9406
5.0 3.0 19.1308 -20.9406
5.0 3.0 19.2267 -20.9406
5.0 3.0 19.2503 -20.9406
5.0 3.0 20.0164 -20.9406
5.0 3.0 19.1038 -21.0462
5.0 3.0 19.107 -20.9406
5.0 3.0 19.5566 -20.9406
5.0 3.0 18.9684 -20.797
5.0 3.0 19.1106 -21.0462
5.0 3.0 19.1356 -21.0462
5.0 3.0 20.3234 -20.797
5.0 3.0 19.2639 -21.0462
5.0 3.0 19.2157 -20.9406
5.0 3.0 19.2535 -21.0462
5.0 3.0 19.118 -20.9406
5.0 3.0 20.377 -20.797
5.0 3.0 20.0757 -20.797
5.0 3.0 19.1662 -20.9406
5.0 3.0 19.3275 -20.9406
5.0 3.0 18.846 -20.9406
5.0 3.0 19.1291 -20.9406
5.0 3.0 19.1171 -20.9406
5.0 3.0 19.2318 -20.9406
5.0 3.0 19.1587 -20.9406
5.0 3.0 19.2299 -20.9406
5.0 3.0 19.2032 -21.0462
5.0 3.0 19.1375 -21.0462
5.0 3.0 19.4996 -20.9406
5.0 3.0 20.5024 -20.797
5.0 3.0 19.4944 -21.0462
5.0 3.0 19.0324 -21.0462
5.0 3.0 19.4593 -20.9406
5.0 3.0 19.1231 -20.9406
5.0 3.0 19.0535 -20.9406
5.0 3.0 19.3799 -20.9406
5.0 3.0 19.1304 -20.9406
5.0 3.0 19.1409 -20.9406
5.0 3.0 19.7523 -20.9406
5.0 3.0 19.2308 -20.9406
5.0 3.0 19.2421 -20.9406
5.0 3.0 19.2265 -21.0462
5.0 3.0 19.9904 -20.9406
5.0 3.0 19.9589 -20.797
5.0 3.0 19.1184 -20.9406
5.0 3.0 19.3261 -20.9406
5.0 3.0 20.1909 -20.797
5.0 3.0 19.176 -20.9406
5.0 4.0 13.917 -20.9406
5.0 4.0 14.1433 -20.9406
5.0 4.0 14.0802 -21.0462
5.0 4.0 14.1764 -20.9406
5.0 4.0 14.7655 -20.797
5.0 4.0 14.0828 -20.9406
5.0 4.0 14.1819 -21.0462
5.0 4.0 14.1939 -20.9406
5.0 4.0 14.8493 -20.9406
5.0 4.0 14.3013 -20.9406
5.0 4.0 14.1322 -20.9406
5.0 4.0 14.2482 -21.0462
5.0 4.0 14.0766 -20.9406
5.0 4.0 14.9581 -20.797
5.0 4.0 15.0422 -20.797
5.0 4.0 14.086 -20.9406
5.0 4.0 14.4314 -20.9406
5.0 4.0 14.3377 -20.9406
5.0 4.0 14.6725 -20.9406
5.0 4.0 14.9338 -20.797
5.0 4.0 14.1567 -20.9406
5.0 4.0 14.1339 -20.9406
5.0 4.0 15.3386 -20.797
5.0 4.0 14.0959 -20.9406
5.0 4.0 14.129 -20.9406
5.0 4.0 14.1578 -20.9406
5.0 4.0 14.2021 -20.9406
5.0 4.0 14.1779 -21.0462
5.0 4.0 14.2571 -20.9406
5.0 4.0 14.9766 -20.797
5.0 4.0 13.9327 -20.9406
5.0 4.0 14.1024 -20.9406
5.0 4.0 14.2543 -20.9406
5.0 4.0 14.4605 -20.9406
5.0 4.0 14.3833 -20.7985
5.0 4.0 14.1676 -20.9406
5.0 4.0 14.1774 -20.9406
5.0 4.0 14.3183 -20.9406
5.0 4.0 14.2266 -20.9406
5.0 4.0 14.1609 -20.9406
5.0 4.0 14.901 -20.797
5.0 4.0 14.136 -20.9406
5.0 4.0 14.2699 -20.9406
5.0 4.0 14.221 -20.9406
5.0 4.0 14.8822 -20.797
5.0 4.0 14.9032 -20.797
5.0 4.0 14.0926 -20.9406
5.0 4.0 15.1362 -20.797
5.0 4.0 14.1875 -21.0462
5.0 4.0 14.7305 -20.9406
5.0 5.0 11.3127 -20.9406
5.0 5.0 11.3483 -20.9406
5.0 5.0 11.2689 -20.9406
5.0 5.0 11.3298 -20.9406
5.0 5.0 11.3319 -20.9406
5.0 5.0 11.3159 -20.9406
5.0 5.0 11.2671 -21.0462
5.0 5.0 11.2583 -20.9406
5.0 5.0 11.2389 -20.9406
5.0 5.0 11.2346 -21.0462
5.0 5.0 11.3263 -20.9406
5.0 5.0 11.267 -20.9406
5.0 5.0 11.2374 -20.9406
5.0 5.0 11.3558 -20.9406
5.0 5.0 11.273 -20.9406
5.0 5.0 11.944 -20.797
5.0 5.0 11.2048 -20.9406
5.0 5.0 11.2488 -20.9406
5.0 5.0 11.8366 -20.797
5.0 5.0 11.2503 -20.9406
5.0 5.0 11.3058 -20.9406
5.0 5.0 11.279 -20.9406
5.0 5.0 11.2415 -20.9406
5.0 5.0 11.9143 -20.797
5.0 5.0 11.2886 -21.0462
5.0 5.0 11.2509 -21.0462
5.0 5.0 11.2707 -20.9406
5.0 5.0 11.2707 -20.9406
5.0 5.0 11.2707 -20.9406
5.0 5.0 11.2707 -20.9406
5.0 5.0 11.2707 -20.9406
5.0 5.0 11.2707 -20.9406
5.0 5.0 11.2707 -20.9406
5.0 5.0 11.2707 -20.9406
5.0 5.0 11.2707 -20.9406
5.0 5.0 11.2707 -20.9406
5.0 5.0 11.2707 -20.9406
5.0 5.0 11.2707 -20.9406
5.0 5.0 11.2707 -20.9406
5.0 5.0 11.2707 -20.9406
5.0 5.0 11.2707 -20.9406
5.0 5.0 11.2707 -20.9406
5.0 5.0 11.2707 -20.9406
5.0 5.0 11.2707 -20.9406
5.0 5.0 11.2707 -20.9406
5.0 5.0 11.2707 -20.9406
5.0 5.0 11.2707 -20.9406
5.0 5.0 11.2707 -20.9406
5.0 5.0 11.2707 -20.9406
5.0 5.0 11.2707 -20.9406
