0.0 1.0 0.0743277 -0.0
0.0 1.0 0.123285 -0.00739604
0.0 1.0 0.0640556 -0.0
0.0 1.0 0.113657 -0.00739604
0.0 1.0 0.114046 -0.00739604
0.0 1.0 0.11804 -0.00739604
0.0 1.0 0.0708324 -0.0
0.0 1.0 0.121579 -0.00739604
0.0 1.0 0.115242 -0.00739604
0.0 1.0 0.06321 -0.0
0.0 1.0 0.131189 -0.00739604
0.0 1.0 0.0634847 -0.0
0.0 1.0 0.0633845 -0.0
0.0 1.0 0.129409 -0.00739604
0.0 1.0 0.120004 -0.00739604
0.0 1.0 0.0728937 -0.0
0.0 1.0 0.0634516 -0.0
0.0 1.0 0.0791519 -0.0
0.0 1.0 0.0638401 -0.0
0.0 1.0 0.0658885 -0.0
0.0 1.0 0.114054 -0.00739604
0.0 1.0 0.0741124 -0.0
0.0 1.0 0.063815 -0.0
0.0 1.0 0.0603938 -0.0
0.0 1.0 0.0603022 -0.0
0.0 1.0 0.0773253 -0.0
0.0 1.0 0.0748472 -0.0
0.0 1.0 0.0666524 -0.0
0.0 1.0 0.0765146 -0.0
0.0 1.0 0.0636975 -0.0
0.0 1.0 0.115252 -0.00739604
0.0 1.0 0.126924 -0.00739604
0.0 1.0 0.112963 -0.00739604
0.0 1.0 0.116688 -0.00739604
0.0 1.0 0.0712 -0.0
0.0 1.0 0.125484 -0.00739604
0.0 1.0 0.120686 -0.00739604
0.0 1.0 0.118754 -0.00739604
0.0 1.0 0.0686326 -0.0
0.0 1.0 0.0683406 -0.0
0.0 1.0 0.0823543 -0.0
0.0 1.0 0.0610923 -0.0
0.0 1.0 0.0698148 -0.0
0.0 1.0 0.0661965 -0.0
0.0 1.0 0.0689629 -0.0
0.0 1.0 0.0614203 -0.0
0.0 1.0 0.119398 -0.00739604
0.0 1.0 0.0715814 -0.0
0.0 1.0 0.0701374 -0.0
0.0 1.0 0.0638173 -0.0
0.0 2.0 0.0620499 -0.00739604
0.0 2.0 0.0384831 -0.0
0.0 2.0 0.0650866 -0.00739604
0.0 2.0 0.0722367 -0.0
0.0 2.0 0.0519622 -0.0
0.0 2.0 0.0639691 -0.00739604
0.0 2.0 0.0603572 -0.0
0.0 2.0 0.0440896 -0.0
0.0 2.0 0.0596271 -0.00739604
0.0 2.0 0.0616323 -0.00739604
0.0 2.0 0.0348218 -0.0
0.0 2.0 0.072004 -0.00739604
0.0 2.0 0.0408106 -0.0
0.0 2.0 0.0516422 -0.0
0.0 2.0 0.0355106 -0.0
0.0 2.0 0.0642608 -0.0394587
0.0 2.0 0.0429613 -0.0
0.0 2.0 0.064354 -0.00739604
0.0 2.0 0.0631598 -0.00739604
0.0 2.0 0.0597461 -0.0
0.0 2.0 0.0650131 -0.00739604
0.0 2.0 0.0645529 -0.00739604
0.0 2.0 0.0611842 -0.0
0.0 2.0 0.0382906 -0.0
0.0 2.0 0.0590277 -0.0
0.0 2.0 0.0642726 -0.00739604
0.0 2.0 0.0635465 -0.0
0.0 2.0 0.0510374 -0.0
0.0 2.0 0.0605669 -0.0
0.0 2.0 0.0369306 -0.0
0.0 2.0 0.0638525 -0.00739604
0.0 2.0 0.0603002 -0.00986467
0.0 2.0 0.0612725 -0.00739604
0.0 2.0 0.0405706 -0.0
0.0 2.0 0.0394634 -0.0
0.0 2.0 0.0632791 -0.0
0.0 2.0 0.0682638 -0.00739604
0.0 2.0 0.0368984 -0.0
0.0 2.0 0.0443696 -0.0
0.0 2.0 0.0496229 -0.00986467
0.0 2.0 0.065475 -0.00739604
0.0 2.0 0.0634193 -0.00739604
0.0 2.0 0.0643923 -0.00739604
0.0 2.0 0.063625 -0.00739604
0.0 2.0 0.0387797 -0.0
0.0 2.0 0.060452 -0.0
0.0 2.0 0.0622209 -0.00739604
0.0 2.0 0.0632832 -0.0
0.0 2.0 0.054366 -0.0
0.0 2.0 0.0500402 -0.0
0.0 3.0 0.0455241 -0.0197195
0.0 3.0 0.0485925 -0.0295842
0.0 3.0 0.0452477 -0.0
0.0 3.0 0.0465678 -0.0
0.0 3.0 0.043019 -0.0
0.0 3.0 0.0523338 -0.0
0.0 3.0 0.0382187 -0.0
0.0 3.0 0.0490069 -0.00739604
0.0 3.0 0.0348882 -0.0
0.0 3.0 0.049482 -0.00739604
0.0 3.0 0.0490057 -0.00739604
0.0 3.0 0.051637 -0.0
0.0 3.0 0.049419 -0.00739604
0.0 3.0 0.0375704 -0.0
0.0 3.0 0.0491057 -0.00739604
0.0 3.0 0.0441233 -0.0197195
0.0 3.0 0.0526294 -0.0
0.0 3.0 0.0466141 -0.0197195
0.0 3.0 0.041593 -0.0197195
0.0 3.0 0.043804 -0.0
0.0 3.0 0.0350308 -0.0
0.0 3.0 0.0414142 -0.00986467
0.0 3.0 0.0402837 -0.0
0.0 3.0 0.0435862 -0.0
0.0 3.0 0.0417017 -0.0
0.0 3.0 0.0482664 -0.00739604
0.0 3.0 0.0485174 -0.0295842
0.0 3.0 0.0421798 -0.00986467
0.0 3.0 0.04607 -0.0
0.0 3.0 0.0496379 -0.00739604
0.0 3.0 0.0554118 -0.00739604
0.0 3.0 0.045686 -0.0
0.0 3.0 0.0483468 -0.00739604
0.0 3.0 0.0453164 -0.0
0.0 3.0 0.0464378 -0.0
0.0 3.0 0.0375323 -0.0
0.0 3.0 0.0495156 -0.00739604
0.0 3.0 0.049246 -0.00739604
0.0 3.0 0.0493827 -0.00739604
0.0 3.0 0.0494763 -0.00739604
0.0 3.0 0.0396079 -0.0
0.0 3.0 0.046712 -0.0
0.0 3.0 0.0431709 -0.0
0.0 3.0 0.0492072 -0.00739604
0.0 3.0 0.049098 -0.00739604
0.0 3.0 0.0493353 -0.00739604
0.0 3.0 0.0491505 -0.0
0.0 3.0 0.0489122 -0.00739604
0.0 3.0 0.0468753 -0.0197195
0.0 3.0 0.0495789 -0.00739604
0.0 4.0 0.039762 -0.00739604
0.0 4.0 0.0376188 -0.00739604
0.0 4.0 0.0379185 -0.00739604
0.0 4.0 0.0377773 -0.0197195
0.0 4.0 0.0424831 -0.0
0.0 4.0 0.0391172 -0.0
0.0 4.0 0.0397044 -0.125713
0.0 4.0 0.0385371 -0.00986467
0.0 4.0 0.038666 -0.00739604
0.0 4.0 0.0390052 -0.00739604
0.0 4.0 0.0388236 -0.00739604
0.0 4.0 0.0383993 -0.0
0.0 4.0 0.0385278 -0.00739604
0.0 4.0 0.0338406 -0.0
0.0 4.0 0.0379927 -0.00739604
0.0 4.0 0.0370887 -0.0
0.0 4.0 0.0375516 -0.0
0.0 4.0 0.0384229 -0.00739604
0.0 4.0 0.0285089 -0.0
0.0 4.0 0.0387697 -0.00986467
0.0 4.0 0.0382129 -0.0
0.0 4.0 0.0376201 -0.0197195
0.0 4.0 0.0372823 -0.0
0.0 4.0 0.039979 -0.00739604
0.0 4.0 0.0390015 -0.00739604
0.0 4.0 0.039483 -0.00739604
0.0 4.0 0.0374062 -0.0
0.0 4.0 0.0390193 -0.0271254
0.0 4.0 0.0396097 -0.0295842
0.0 4.0 0.0385686 -0.00739604
0.0 4.0 0.0374216 -0.046835
0.0 4.0 0.03977 -0.00739604
0.0 4.0 0.0373815 -0.0
0.0 4.0 0.0399759 -0.00986467
0.0 4.0 0.0398429 -0.0
0.0 4.0 0.0388724 -0.0197195
0.0 4.0 0.038894 -0.00739604
0.0 4.0 0.0392743 -0.0
0.0 4.0 0.0381688 -0.00739604
0.0 4.0 0.0390389 -0.0
0.0 4.0 0.0382293 -0.0
0.0 4.0 0.038995 -0.00739604
0.0 4.0 0.0394151 -0.0271254
0.0 4.0 0.0380128 -0.00739604
0.0 4.0 0.0371361 -0.0197195
0.0 4.0 0.0395874 -0.0295842
0.0 4.0 0.0375226 -0.0295842
0.0 4.0 0.0394527 -0.0295842
0.0 4.0 0.038925 -0.0
0.0 4.0 0.0320575 -0.0
0.0 5.0 0.0614037 -0.00986467
0.0 5.0 0.0519494 -0.00739604
0.0 5.0 0.0668936 -0.00739604
0.0 5.0 0.0593282 -0.0
0.0 5.0 0.0619851 -0.0
0.0 5.0 0.0528227 -0.00739604
0.0 5.0 0.0583882 -0.00739604
0.0 5.0 0.0526738 -0.0
0.0 5.0 0.0601833 -0.0
0.0 5.0 0.05149 -0.00739604
0.0 5.0 0.0734641 -0.0295842
0.0 5.0 0.0491769 -0.00986467
0.0 5.0 0.0499646 -0.0
0.0 5.0 0.0631038 -0.00986467
0.0 5.0 0.0658301 -0.00739604
0.0 5.0 0.0704205 -0.0197195
0.0 5.0 0.0598506 -0.0295842
0.0 5.0 0.04705 -0.0
0.0 5.0 0.0620977 -0.00986467
0.0 5.0 0.0471437 -0.0
0.0 5.0 0.0630225 -0.00739604
0.0 5.0 0.0483581 -0.0
0.0 5.0 0.0514867 -0.00739604
0.0 5.0 0.0718718 -0.0197195
0.0 5.0 0.0545496 -0.00739604
0.0 5.0 0.0646262 -0.0197195
0.0 5.0 0.063625 -0.00986467
0.0 5.0 0.0616495 -0.0
0.0 5.0 0.0493967 -0.00986467
0.0 5.0 0.0517062 -0.00986467
0.0 5.0 0.0717673 -0.00739604
0.0 5.0 0.0448376 -0.0
0.0 5.0 0.0401663 -0.0
0.0 5.0 0.043307 -0.0
0.0 5.0 0.0506397 -0.0
0.0 5.0 0.0620535 -0.0
0.0 5.0 0.0660801 -0.0
0.0 5.0 0.0519242 -0.00739604
0.0 5.0 0.0515728 -0.00986467
0.0 5.0 0.0498203 -0.0295842
0.0 5.0 0.0627151 -0.0
0.0 5.0 0.0584261 -0.0
0.0 5.0 0.0703255 -0.00739604
0.0 5.0 0.0621614 -0.00986467
0.0 5.0 0.0545334 -0.0
0.0 5.0 0.0723007 -0.00739604
0.0 5.0 0.0592173 -0.0271254
0.0 5.0 0.0622146 -0.00739604
0.0 5.0 0.0518813 -0.0
0.0 5.0 0.0516148 -0.0295842
0.0 6.0 0.0572763 -0.00739604
0.0 6.0 0.0649202 -0.00739604
0.0 6.0 0.0788152 -0.00739604
0.0 6.0 0.0603776 -0.0197195
0.0 6.0 0.0643531 -0.0271254
0.0 6.0 0.0705089 -0.0
0.0 6.0 0.0596044 -0.046835
0.0 6.0 0.0841098 -0.00739604
0.0 6.0 0.0597848 -0.00739604
0.0 6.0 0.0604481 -0.00739604
0.0 6.0 0.057063 -0.0
0.0 6.0 0.0552094 -0.0
0.0 6.0 0.063056 -0.00739604
0.0 6.0 0.0530007 -0.0
0.0 6.0 0.0546213 -0.0
0.0 6.0 0.0603043 -0.0
0.0 6.0 0.0589435 -0.00986467
0.0 6.0 0.0615897 -0.0394587
0.0 6.0 0.0626678 -0.00986467
0.0 6.0 0.0603415 -0.00739604
0.0 6.0 0.0667947 -0.0271254
0.0 6.0 0.0814549 -0.00739604
0.0 6.0 0.0581233 -0.0
0.0 6.0 0.0632034 -0.00739604
0.0 6.0 0.0651103 -0.00739604
0.0 6.0 0.0579574 -0.0
0.0 6.0 0.0601258 -0.00739604
0.0 6.0 0.052055 -0.0
0.0 6.0 0.0605109 -0.00739604
0.0 6.0 0.0682784 -0.00739604
0.0 6.0 0.058206 -0.0
0.0 6.0 0.0570426 -0.0
0.0 6.0 0.0600086 -0.00739604
0.0 6.0 0.0603832 -0.00986467
0.0 6.0 0.0544781 -0.0
0.0 6.0 0.0553239 -0.0
0.0 6.0 0.0658336 -0.00739604
0.0 6.0 0.0554634 -0.0
0.0 6.0 0.0623465 -0.108502
0.0 6.0 0.0786164 -0.00739604
0.0 6.0 0.0658147 -0.00739604
0.0 6.0 0.0556863 -0.00986467
0.0 6.0 0.063442 -0.0
0.0 6.0 0.0602419 -0.0295842
0.0 6.0 0.0624997 -0.00739604
0.0 6.0 0.0591177 -0.0
0.0 6.0 0.0554058 -0.0
0.0 6.0 0.0644021 -0.00739604
0.0 6.0 0.0669941 -0.00739604
0.0 6.0 0.0761635 -0.0
0.0 7.0 0.0564905 -0.00739604
0.0 7.0 0.0553676 -0.0197195
0.0 7.0 0.0726492 -0.00739604
0.0 7.0 0.0573397 -0.00739604
0.0 7.0 0.054919 -0.00739604
0.0 7.0 0.0619053 -0.00739604
0.0 7.0 0.0702103 -0.0
0.0 7.0 0.0733826 -0.00986467
0.0 7.0 0.0573239 -0.0
0.0 7.0 0.0558663 -0.0394587
0.0 7.0 0.0583611 -0.00739604
0.0 7.0 0.058401 -0.00739604
0.0 7.0 0.0524939 -0.0
0.0 7.0 0.058534 -0.204689
0.0 7.0 0.0586272 -0.0
0.0 7.0 0.0564895 -0.00739604
0.0 7.0 0.0593286 -0.0197195
0.0 7.0 0.0582264 -0.00739604
0.0 7.0 0.0608523 -0.00739604
0.0 7.0 0.0773496 -0.00739604
0.0 7.0 0.0760912 -0.0
0.0 7.0 0.0556408 -0.00739604
0.0 7.0 0.0542948 -0.00986467
0.0 7.0 0.0522153 -0.00739604
0.0 7.0 0.0537812 -0.00986467
0.0 7.0 0.0537074 -0.00739604
0.0 7.0 0.0571028 -0.00986467
0.0 7.0 0.0567085 -0.046835
0.0 7.0 0.0613935 -0.0665644
0.0 7.0 0.0778754 -0.0295842
0.0 7.0 0.0573018 -0.0295842
0.0 7.0 0.0533847 -0.0394587
0.0 7.0 0.0552777 -0.046835
0.0 7.0 0.0583639 -0.0665644
0.0 7.0 0.0803052 -0.0271254
0.0 7.0 0.0552286 -0.0197195
0.0 7.0 0.0557438 -0.0
0.0 7.0 0.0635072 -0.00739604
0.0 7.0 0.0831704 -0.00739604
0.0 7.0 0.0730122 -0.0
0.0 7.0 0.0551257 -0.0
0.0 7.0 0.054875 -0.00739604
0.0 7.0 0.0748448 -0.0665644
0.0 7.0 0.0559878 -0.00739604
0.0 7.0 0.0571496 -0.0295842
0.0 7.0 0.0740062 -0.0197195
0.0 7.0 0.0587972 -0.00986467
0.0 7.0 0.0569391 -0.00739604
0.0 7.0 0.0568598 -0.00739604
0.0 7.0 0.0591402 -0.0
0.0 8.0 0.0590614 -0.00739604
0.0 8.0 0.0470863 -0.0
0.0 8.0 0.0563571 -0.00739604
0.0 8.0 0.0583405 -0.00739604
0.0 8.0 0.0481784 -0.00986467
0.0 8.0 0.0519141 -0.0271254
0.0 8.0 0.0500326 -0.00739604
0.0 8.0 0.0486333 -0.0
0.0 8.0 0.0467301 -0.0
0.0 8.0 0.070885 -0.00739604
0.0 8.0 0.0560726 -0.00739604
0.0 8.0 0.056537 -0.00986467
0.0 8.0 0.0682255 -0.0271254
0.0 8.0 0.0497313 -0.00986467
0.0 8.0 0.0499382 -0.0295842
0.0 8.0 0.055783 -0.00739604
0.0 8.0 0.0486049 -0.00986467
0.0 8.0 0.0565263 -0.0
0.0 8.0 0.0516498 -0.00739604
0.0 8.0 0.0462819 -0.0
0.0 8.0 0.0561289 -0.00739604
0.0 8.0 0.0523871 -0.0
0.0 8.0 0.0512249 -0.00739604
0.0 8.0 0.0514499 -0.00739604
0.0 8.0 0.0478965 -0.0
0.0 8.0 0.0516795 -0.00739604
0.0 8.0 0.0520908 -0.00739604
0.0 8.0 0.0656694 -0.00739604
0.0 8.0 0.0671875 -0.00986467
0.0 8.0 0.0566533 -0.0
0.0 8.0 0.0510666 -0.0295842
0.0 8.0 0.0467864 -0.00986467
0.0 8.0 0.0491919 -0.0
0.0 8.0 0.0754405 -0.00739604
0.0 8.0 0.0524494 -0.00739604
0.0 8.0 0.0483512 -0.0
0.0 8.0 0.0698468 -0.0665644
0.0 8.0 0.0544176 -0.00739604
0.0 8.0 0.0504107 -0.00739604
0.0 8.0 0.0714785 -0.046835
0.0 8.0 0.0528844 -0.0271254
0.0 8.0 0.047198 -0.00986467
0.0 8.0 0.0519857 -0.00739604
0.0 8.0 0.0495287 -0.00739604
0.0 8.0 0.0557023 -0.0
0.0 8.0 0.0523703 -0.00739604
0.0 8.0 0.052845 -0.0591782
0.0 8.0 0.0531051 -0.0295842
0.0 8.0 0.0545267 -0.0
0.0 8.0 0.0474594 -0.0
0.0 9.0 0.052868 -0.00739604
0.0 9.0 0.0520604 -0.00739604
0.0 9.0 0.0603739 -0.00739604
0.0 9.0 0.0504056 -0.0271254
0.0 9.0 0.0487214 -0.0
0.0 9.0 0.0510861 -0.00739604
0.0 9.0 0.0469259 -0.0
0.0 9.0 0.052735 -0.00739604
0.0 9.0 0.0528851 -0.0295842
0.0 9.0 0.0507012 -0.0271254
0.0 9.0 0.0517622 -0.00986467
0.0 9.0 0.0497939 -0.00986467
0.0 9.0 0.0485819 -0.00986467
0.0 9.0 0.0526931 -0.0271254
0.0 9.0 0.0515786 -0.0271254
0.0 9.0 0.0528471 -0.00739604
0.0 9.0 0.0621205 -0.0295842
0.0 9.0 0.0508207 -0.00739604
0.0 9.0 0.050214 -0.00739604
0.0 9.0 0.0495471 -0.0197195
0.0 9.0 0.0521811 -0.078878
0.0 9.0 0.0527474 -0.0295842
0.0 9.0 0.0518806 -0.00739604
0.0 9.0 0.0519404 -0.0665841
0.0 9.0 0.0508606 -0.00739604
0.0 9.0 0.0510288 -0.00739604
0.0 9.0 0.0516128 -0.00739604
0.0 9.0 0.0507054 -0.00986467
0.0 9.0 0.0489948 -0.0
0.0 9.0 0.0516272 -0.0295842
0.0 9.0 0.0534318 -0.108502
0.0 9.0 0.0507076 -0.00986467
0.0 9.0 0.0514592 -0.00739604
0.0 9.0 0.0500413 -0.0197195
0.0 9.0 0.052856 -0.00739604
0.0 9.0 0.0503696 -0.078878
0.0 9.0 0.0494366 -0.0
0.0 9.0 0.0486433 -0.0
0.0 9.0 0.051418 -0.00739604
0.0 9.0 0.0516719 -0.0295842
0.0 9.0 0.049797 -0.0
0.0 9.0 0.052162 -0.00986467
0.0 9.0 0.0521247 -0.00739604
0.0 9.0 0.051672 -0.00739604
0.0 9.0 0.0512397 -0.00739604
0.0 9.0 0.0501491 -0.0271254
0.0 9.0 0.050814 -0.0394587
0.0 9.0 0.0506746 -0.00986467
0.0 9.0 0.0528183 -0.00739604
0.0 9.0 0.0515766 -0.0271254
1.0 1.0 0.081518 2.71828
1.0 1.0 0.0871641 2.71828
1.0 1.0 0.0822766 2.71828
1.0 1.0 0.0803328 2.71828
1.0 1.0 0.0852372 2.71828
1.0 1.0 0.084997 2.71828
1.0 1.0 0.0822821 2.71828
1.0 1.0 0.0978143 2.71828
1.0 1.0 0.0855287 2.71828
1.0 1.0 0.0861978 2.71828
1.0 1.0 0.0847362 2.71828
1.0 1.0 0.079949 2.71828
1.0 1.0 0.0797458 2.71828
1.0 1.0 0.0874004 2.71828
1.0 1.0 0.0826414 2.71828
1.0 1.0 0.0805321 2.71828
1.0 1.0 0.0850388 2.71828
1.0 1.0 0.0808486 2.71828
1.0 1.0 0.0822603 2.71828
1.0 1.0 0.0829642 2.71828
1.0 1.0 0.0825761 2.71828
1.0 1.0 0.0836823 2.71828
1.0 1.0 0.0814147 2.71828
1.0 1.0 0.0857543 2.71828
1.0 1.0 0.0821595 2.71828
1.0 1.0 0.0861056 2.71828
1.0 1.0 0.119754 2.71828
1.0 1.0 0.0844378 2.71828
1.0 1.0 0.0899951 2.71828
1.0 1.0 0.085368 2.71828
1.0 1.0 0.0810596 2.71828
1.0 1.0 0.0802312 2.71828
1.0 1.0 0.0842234 2.71828
1.0 1.0 0.0812566 2.71828
1.0 1.0 0.0810983 2.71828
1.0 1.0 0.0847241 2.71828
1.0 1.0 0.103422 2.71828
1.0 1.0 0.0821862 2.71828
1.0 1.0 0.0870213 2.71828
1.0 1.0 0.0845601 2.71828
1.0 1.0 0.0792746 2.71828
1.0 1.0 0.0862391 2.71828
1.0 1.0 0.0964443 2.71828
1.0 1.0 0.0842141 2.71828
1.0 1.0 0.0851505 2.71828
1.0 1.0 0.0909223 2.71828
1.0 1.0 0.0869863 2.71828
1.0 1.0 0.0904391 2.71828
1.0 1.0 0.0828811 2.71828
1.0 1.0 0.0850175 2.71828
1.0 2.0 0.0451121 2.71828
1.0 2.0 0.0468302 2.71828
1.0 2.0 0.0475436 2.71828
1.0 2.0 0.0495651 2.71828
1.0 2.0 0.0451496 2.71828
1.0 2.0 0.046463 2.71828
1.0 2.0 0.0463506 2.71828
1.0 2.0 0.0759873 2.71828
1.0 2.0 0.0474151 2.71828
1.0 2.0 0.0474641 2.71828
1.0 2.0 0.044403 2.71828
1.0 2.0 0.0445427 2.71828
1.0 2.0 0.0454382 2.71828
1.0 2.0 0.0464284 2.71828
1.0 2.0 0.0466709 2.71828
1.0 2.0 0.0459898 2.71828
1.0 2.0 0.044682 2.71828
1.0 2.0 0.0441676 2.71828
1.0 2.0 0.0444337 2.71828
1.0 2.0 0.0467564 2.71828
1.0 2.0 0.0465359 2.71828
1.0 2.0 0.0441553 2.71828
1.0 2.0 0.0458121 2.71828
1.0 2.0 0.0486108 2.71828
1.0 2.0 0.0507228 2.71828
1.0 2.0 0.0446824 2.71828
1.0 2.0 0.0470068 2.71828
1.0 2.0 0.0445276 2.71828
1.0 2.0 0.0464083 2.71828
1.0 2.0 0.0473494 2.71828
1.0 2.0 0.0452732 2.71828
1.0 2.0 0.0444023 2.71828
1.0 2.0 0.04388 2.71828
1.0 2.0 0.0454214 2.71828
1.0 2.0 0.0477852 2.71828
1.0 2.0 0.0469957 2.71828
1.0 2.0 0.0475124 2.71828
1.0 2.0 0.047007 2.71828
1.0 2.0 0.047006 2.71828
1.0 2.0 0.0444887 2.71828
1.0 2.0 0.0469754 2.71828
1.0 2.0 0.043581 2.71828
1.0 2.0 0.0492963 2.71828
1.0 2.0 0.0510082 2.71828
1.0 2.0 0.0442856 2.71828
1.0 2.0 0.0468981 2.71828
1.0 2.0 0.046752 2.71828
1.0 2.0 0.047225 2.71828
1.0 2.0 0.0469839 2.71828
1.0 2.0 0.0463547 2.71828
1.0 3.0 0.0382058 2.71828
1.0 3.0 0.0388679 2.71828
1.0 3.0 0.0383338 2.71828
1.0 3.0 0.0383014 2.71828
1.0 3.0 0.0378401 2.71828
1.0 3.0 0.0392212 2.71828
1.0 3.0 0.038137 2.71828
1.0 3.0 0.0411186 2.71828
1.0 3.0 0.0380633 2.71828
1.0 3.0 0.0380836 2.71828
1.0 3.0 0.0435304 2.71828
1.0 3.0 0.0373806 2.71828
1.0 3.0 0.0376209 2.71828
1.0 3.0 0.0391928 2.71828
1.0 3.0 0.0381588 2.71828
1.0 3.0 0.0418848 2.71828
1.0 3.0 0.039091 2.71828
1.0 3.0 0.0377328 2.71828
1.0 3.0 0.0376049 2.71828
1.0 3.0 0.0378916 2.71828
1.0 3.0 0.0376987 2.71828
1.0 3.0 0.0375937 2.71828
1.0 3.0 0.0381694 2.71828
1.0 3.0 0.0379133 2.71828
1.0 3.0 0.039533 2.71828
1.0 3.0 0.0376101 2.71828
1.0 3.0 0.0383355 2.71828
1.0 3.0 0.0375492 2.71828
1.0 3.0 0.0378774 2.71828
1.0 3.0 0.0376821 2.71828
1.0 3.0 0.0384784 2.71828
1.0 3.0 0.0380043 2.71828
1.0 3.0 0.0387241 2.71828
1.0 3.0 0.0383032 2.71828
1.0 3.0 0.0421042 2.71828
1.0 3.0 0.037398 2.71828
1.0 3.0 0.037891 2.71828
1.0 3.0 0.0384089 2.71828
1.0 3.0 0.0384628 2.71828
1.0 3.0 0.0373001 2.71828
1.0 3.0 0.0384143 2.71828
1.0 3.0 0.038157 2.71828
1.0 3.0 0.0374578 2.71828
1.0 3.0 0.0381076 2.71828
1.0 3.0 0.04079 2.71828
1.0 3.0 0.0381163 2.71828
1.0 3.0 0.0383545 2.71828
1.0 3.0 0.0378474 2.71828
1.0 3.0 0.0378065 2.71828
1.0 3.0 0.0417714 2.71828
1.0 4.0 0.0298451 2.71828
1.0 4.0 0.0300685 2.71828
1.0 4.0 0.0297505 2.71828
1.0 4.0 0.0294869 2.71828
1.0 4.0 0.034538 2.71828
1.0 4.0 0.0309399 2.71828
1.0 4.0 0.0301443 2.71828
1.0 4.0 0.0299749 2.71828
1.0 4.0 0.0296887 2.71828
1.0 4.0 0.030009 2.71828
1.0 4.0 0.0300978 2.71828
1.0 4.0 0.030656 2.71828
1.0 4.0 0.0300743 2.71828
1.0 4.0 0.0338548 2.71828
1.0 4.0 0.0297501 2.71828
1.0 4.0 0.0300643 2.71828
1.0 4.0 0.0304879 2.71828
1.0 4.0 0.0319459 2.71828
1.0 4.0 0.0315398 2.71828
1.0 4.0 0.0303755 2.71828
1.0 4.0 0.0297992 2.71828
1.0 4.0 0.029773 2.71828
1.0 4.0 0.030287 2.71828
1.0 4.0 0.029756 2.71828
1.0 4.0 0.0295171 2.71828
1.0 4.0 0.0302049 2.71828
1.0 4.0 0.0305303 2.71828
1.0 4.0 0.0298743 2.71828
1.0 4.0 0.0303706 2.71828
1.0 4.0 0.0298351 2.71828
1.0 4.0 0.0346967 2.71828
1.0 4.0 0.0308267 2.71828
1.0 4.0 0.0301061 2.71828
1.0 4.0 0.0301261 2.71828
1.0 4.0 0.0297522 2.71828
1.0 4.0 0.0300427 2.71828
1.0 4.0 0.0296006 2.71828
1.0 4.0 0.0316153 2.71828
1.0 4.0 0.0304156 2.71828
1.0 4.0 0.0304423 2.71828
1.0 4.0 0.0305035 2.71828
1.0 4.0 0.0308302 2.71828
1.0 4.0 0.0298167 2.71828
1.0 4.0 0.030015 2.71828
1.0 4.0 0.0331573 2.71828
1.0 4.0 0.0301797 2.71828
1.0 4.0 0.0294705 2.71828
1.0 4.0 0.0305068 2.71828
1.0 4.0 0.0328845 2.71828
1.0 4.0 0.029626 2.71828
1.0 5.0 0.0417655 2.71828
1.0 5.0 0.0422823 2.71828
1.0 5.0 0.0732441 2.71828
1.0 5.0 0.0469744 2.71828
1.0 5.0 0.0497221 2.71828
1.0 5.0 0.062693 2.71828
1.0 5.0 0.0695652 2.71828
1.0 5.0 0.0459658 2.71828
1.0 5.0 0.0473332 2.71828
1.0 5.0 0.0461672 2.71828
1.0 5.0 0.0439092 2.71828
1.0 5.0 0.0655712 2.71828
1.0 5.0 0.0560367 2.71828
1.0 5.0 0.0619212 2.71828
1.0 5.0 0.0586582 2.71828
1.0 5.0 0.0459627 2.71828
1.0 5.0 0.0547453 2.71828
1.0 5.0 0.0482247 2.71828
1.0 5.0 0.0660564 2.71828
1.0 5.0 0.0469554 2.71828
1.0 5.0 0.0540995 2.71828
1.0 5.0 0.0591579 2.71828
1.0 5.0 0.0591026 2.71828
1.0 5.0 0.0463181 2.71828
1.0 5.0 0.0477592 2.71828
1.0 5.0 0.0621234 2.71828
1.0 5.0 0.0478413 2.71828
1.0 5.0 0.0501409 2.71828
1.0 5.0 0.0477452 2.71828
1.0 5.0 0.0636131 2.71828
1.0 5.0 0.042947 2.71828
1.0 5.0 0.0598407 2.71828
1.0 5.0 0.0462596 2.71828
1.0 5.0 0.0522222 2.71828
1.0 5.0 0.0594614 2.71828
1.0 5.0 0.0531315 2.71828
1.0 5.0 0.0444886 2.71828
1.0 5.0 0.0462832 2.71828
1.0 5.0 0.0471327 2.71828
1.0 5.0 0.056905 2.71828
1.0 5.0 0.0545316 2.71828
1.0 5.0 0.0475445 2.71828
1.0 5.0 0.0564988 2.71828
1.0 5.0 0.0647 2.71828
1.0 5.0 0.0446784 2.71828
1.0 5.0 0.0541854 2.71828
1.0 5.0 0.048648 2.71828
1.0 5.0 0.0585605 2.71828
1.0 5.0 0.0594717 2.71828
1.0 5.0 0.0683637 2.71828
1.0 6.0 0.0540805 2.71828
1.0 6.0 0.0552222 2.71828
1.0 6.0 0.0618373 2.71828
1.0 6.0 0.0546346 2.71828
1.0 6.0 0.0589771 2.71828
1.0 6.0 0.0537889 2.71828
1.0 6.0 0.0550251 2.71828
1.0 6.0 0.0570296 2.71828
1.0 6.0 0.0561358 2.71828
1.0 6.0 0.0556907 2.71828
1.0 6.0 0.0553365 2.71828
1.0 6.0 0.058446 2.71828
1.0 6.0 0.0741921 2.71828
1.0 6.0 0.0550652 2.71828
1.0 6.0 0.0594575 2.71828
1.0 6.0 0.0626663 2.71828
1.0 6.0 0.0558753 2.71828
1.0 6.0 0.0597941 2.71828
1.0 6.0 0.0622809 2.71828
1.0 6.0 0.0549069 2.71828
1.0 6.0 0.0622851 2.71828
1.0 6.0 0.0565093 2.71828
1.0 6.0 0.053484 2.71828
1.0 6.0 0.0568228 2.71828
1.0 6.0 0.0592421 2.71828
1.0 6.0 0.0587801 2.71828
1.0 6.0 0.055585 2.71828
1.0 6.0 0.0581101 2.71828
1.0 6.0 0.0533071 2.71828
1.0 6.0 0.0560698 2.71828
1.0 6.0 0.0596586 2.71828
1.0 6.0 0.0553703 2.71828
1.0 6.0 0.0576954 2.71828
1.0 6.0 0.0668117 2.71828
1.0 6.0 0.0578667 2.71828
1.0 6.0 0.0559391 2.71828
1.0 6.0 0.0575389 2.71828
1.0 6.0 0.0579457 2.71828
1.0 6.0 0.0519539 2.71828
1.0 6.0 0.0565051 2.71828
1.0 6.0 0.0583377 2.71828
1.0 6.0 0.0578355 2.71828
1.0 6.0 0.0560149 2.71828
1.0 6.0 0.0594013 2.71828
1.0 6.0 0.0535708 2.71828
1.0 6.0 0.0618001 2.71828
1.0 6.0 0.059911 2.71828
1.0 6.0 0.0564528 2.71828
1.0 6.0 0.0610163 2.71828
1.0 6.0 0.0618342 2.71828
1.0 7.0 0.0515139 2.71828
1.0 7.0 0.0565585 2.71828
1.0 7.0 0.0492886 2.71828
1.0 7.0 0.0513241 2.71828
1.0 7.0 0.0523354 2.71828
1.0 7.0 0.0524734 2.71828
1.0 7.0 0.0508045 2.71828
1.0 7.0 0.0714135 2.71828
1.0 7.0 0.0520252 2.71828
1.0 7.0 0.0515983 2.71828
1.0 7.0 0.0516446 2.71828
1.0 7.0 0.0522276 2.71828
1.0 7.0 0.0512021 2.71828
1.0 7.0 0.0528047 2.71828
1.0 7.0 0.0562659 2.71828
1.0 7.0 0.0499571 2.71828
1.0 7.0 0.0510339 2.71828
1.0 7.0 0.0540171 2.71828
1.0 7.0 0.0494638 2.71828
1.0 7.0 0.0723469 2.71828
1.0 7.0 0.0512935 2.71828
1.0 7.0 0.0529004 2.71828
1.0 7.0 0.0492999 2.71828
1.0 7.0 0.0501989 2.71828
1.0 7.0 0.0557036 2.71828
1.0 7.0 0.0490717 2.71828
1.0 7.0 0.0707971 2.71828
1.0 7.0 0.0516991 2.71828
1.0 7.0 0.0710805 2.71828
1.0 7.0 0.0582426 2.71828
1.0 7.0 0.0535601 2.71828
1.0 7.0 0.0694907 2.71828
1.0 7.0 0.0519794 2.71828
1.0 7.0 0.0526898 2.71828
1.0 7.0 0.0518946 2.71828
1.0 7.0 0.0536394 2.71828
1.0 7.0 0.0705656 2.71828
1.0 7.0 0.0536719 2.71828
1.0 7.0 0.069808 2.71828
1.0 7.0 0.0478306 2.71828
1.0 7.0 0.0507832 2.71828
1.0 7.0 0.0498661 2.71828
1.0 7.0 0.0537509 2.71828
1.0 7.0 0.0503256 2.71828
1.0 7.0 0.0535477 2.71828
1.0 7.0 0.0734676 2.71828
1.0 7.0 0.05082 2.71828
1.0 7.0 0.0554137 2.71828
1.0 7.0 0.0518786 2.71828
1.0 7.0 0.0518786 2.71828
1.0 8.0 0.0451394 2.71828
1.0 8.0 0.0635084 2.71828
1.0 8.0 0.0469459 2.71828
1.0 8.0 0.0615368 2.71828
1.0 8.0 0.0462612 2.71828
1.0 8.0 0.0477801 2.71828
1.0 8.0 0.0468191 2.71828
1.0 8.0 0.0523701 2.71828
1.0 8.0 0.0466573 2.71828
1.0 8.0 0.050587 2.71828
1.0 8.0 0.0542334 2.71828
1.0 8.0 0.0530514 2.71828
1.0 8.0 0.0462005 2.71828
1.0 8.0 0.0458139 2.71828
1.0 8.0 0.0534255 2.71828
1.0 8.0 0.045194 2.71828
1.0 8.0 0.0478437 2.71828
1.0 8.0 0.0527945 2.71828
1.0 8.0 0.0458144 2.71828
1.0 8.0 0.0481458 2.71828
1.0 8.0 0.0653858 2.71828
1.0 8.0 0.0460483 2.71828
1.0 8.0 0.0454028 2.71828
1.0 8.0 0.045458 2.71828
1.0 8.0 0.0470306 2.71828
1.0 8.0 0.0467408 2.71828
1.0 8.0 0.0482876 2.71828
1.0 8.0 0.0465989 2.71828
1.0 8.0 0.0454123 2.71828
1.0 8.0 0.0483006 2.71828
1.0 8.0 0.0477481 2.71828
1.0 8.0 0.0465508 2.71828
1.0 8.0 0.0486805 2.71828
1.0 8.0 0.0474324 2.71828
1.0 8.0 0.0460542 2.71828
1.0 8.0 0.0497498 2.71828
1.0 8.0 0.0469083 2.71828
1.0 8.0 0.0461741 2.71828
1.0 8.0 0.046172 2.71828
1.0 8.0 0.0528726 2.71828
1.0 8.0 0.0461368 2.71828
1.0 8.0 0.0467076 2.71828
1.0 8.0 0.0632146 2.71828
1.0 8.0 0.0464188 2.71828
1.0 8.0 0.0731453 2.71828
1.0 8.0 0.052839 2.71828
1.0 8.0 0.052801 2.71828
1.0 8.0 0.0515895 2.71828
1.0 8.0 0.0520843 2.71828
1.0 8.0 0.0462169 2.71828
1.0 8.0 0.0462169 2.71828
1.0 8.0 0.0462169 2.71828
1.0 8.0 0.0462169 2.71828
1.0 8.0 0.0462169 2.71828
1.0 8.0 0.0462169 2.71828
1.0 8.0 0.0462169 2.71828
1.0 8.0 0.0462169 2.71828
1.0 8.0 0.0462169 2.71828
1.0 8.0 0.0462169 2.71828
1.0 8.0 0.0462169 2.71828
1.0 8.0 0.0462169 2.71828
1.0 8.0 0.0462169 2.71828
1.0 8.0 0.0462169 2.71828
1.0 8.0 0.0462169 2.71828
1.0 8.0 0.0462169 2.71828
1.0 8.0 0.0462169 2.71828
1.0 8.0 0.0462169 2.71828
1.0 8.0 0.0462169 2.71828
1.0 8.0 0.0462169 2.71828
1.0 8.0 0.0462169 2.71828
1.0 8.0 0.0462169 2.71828
1.0 8.0 0.0462169 2.71828
1.0 8.0 0.0462169 2.71828
1.0 8.0 0.0462169 2.71828
1.0 8.0 0.0462169 2.71828
1.0 8.0 0.0462169 2.71828
1.0 8.0 0.0462169 2.71828
1.0 8.0 0.0462169 2.71828
1.0 8.0 0.0462169 2.71828
1.0 8.0 0.0462169 2.71828
1.0 8.0 0.0462169 2.71828
1.0 8.0 0.0462169 2.71828
1.0 8.0 0.0462169 2.71828
1.0 8.0 0.0462169 2.71828
1.0 8.0 0.0462169 2.71828
1.0 8.0 0.0462169 2.71828
1.0 8.0 0.0462169 2.71828
1.0 8.0 0.0462169 2.71828
1.0 8.0 0.0462169 2.71828
1.0 8.0 0.0462169 2.71828
1.0 8.0 0.0462169 2.71828
1.0 8.0 0.0462169 2.71828
1.0 8.0 0.0462169 2.71828
1.0 8.0 0.0462169 2.71828
1.0 8.0 0.0462169 2.71828
1.0 8.0 0.0462169 2.71828
1.0 8.0 0.0462169 2.71828
1.0 8.0 0.0462169 2.71828
1.0 8.0 0.0462169 2.71828
1.0 8.0 0.0462169 2.71828
2.0 1.0 0.849708 -8.43827e-33
2.0 1.0 0.843397 -8.43827e-33
2.0 1.0 0.844425 -8.43827e-33
2.0 1.0 0.594672 -0.0
2.0 1.0 0.851913 -8.43827e-33
2.0 1.0 0.568124 -0.0
2.0 1.0 0.899804 -4.33559e-32
2.0 1.0 0.818201 -8.43827e-33
2.0 1.0 0.887141 -4.33559e-32
2.0 1.0 0.598856 -0.0
2.0 1.0 0.856506 -8.43827e-33
2.0 1.0 0.792583 -5.02058e-32
2.0 1.0 0.800949 -4.33559e-32
2.0 1.0 0.812399 -8.43827e-33
2.0 1.0 0.249426 -0.0
2.0 1.0 0.825353 -8.43827e-33
2.0 1.0 0.919123 -8.43827e-33
2.0 1.0 0.792156 -8.43827e-33
2.0 1.0 0.885641 -5.02058e-32
2.0 1.0 0.569679 -0.0
2.0 1.0 0.594623 -0.0
2.0 1.0 0.816863 -5.02058e-32
2.0 1.0 0.825932 -8.43827e-33
2.0 1.0 0.888608 -8.43827e-33
2.0 1.0 0.804066 -8.43827e-33
2.0 1.0 0.841961 -4.33559e-32
2.0 1.0 0.849925 -8.43827e-33
2.0 1.0 0.588603 -0.0
2.0 1.0 0.833521 -5.02058e-32
2.0 1.0 0.854014 -5.02058e-32
2.0 1.0 0.802669 -8.43827e-33
2.0 1.0 0.249822 -0.0
2.0 1.0 0.794943 -8.43827e-33
2.0 1.0 0.844741 -5.02058e-32
2.0 1.0 0.821176 -8.43827e-33
2.0 1.0 0.856272 -5.02058e-32
2.0 1.0 0.837167 -4.33559e-32
2.0 1.0 0.561575 -0.0
2.0 1.0 0.836712 -2.03723e-31
2.0 1.0 0.879437 -5.02058e-32
2.0 1.0 0.853708 -5.02058e-32
2.0 1.0 0.271485 -0.0
2.0 1.0 0.801977 -8.43827e-33
2.0 1.0 0.576844 -0.0
2.0 1.0 0.797587 -8.43827e-33
2.0 1.0 0.811056 -8.43827e-33
2.0 1.0 0.807062 -4.33559e-32
2.0 1.0 0.807329 -5.02058e-32
2.0 1.0 0.9737 -8.43827e-33
2.0 1.0 0.802418 -2.01644e-31
2.0 2.0 0.425887 -0.0
2.0 2.0 0.431826 -5.02058e-32
2.0 2.0 0.432111 -0.0
2.0 2.0 0.389117 -0.0
2.0 2.0 0.282967 -0.0
2.0 2.0 0.303711 -0.0
2.0 2.0 0.431752 -8.43827e-33
2.0 2.0 0.441955 -5.02058e-32
2.0 2.0 0.429485 -8.43827e-33
2.0 2.0 0.409007 -8.43827e-33
2.0 2.0 0.430527 -8.43827e-33
2.0 2.0 0.43136 -5.02058e-32
2.0 2.0 0.408901 -8.43827e-33
2.0 2.0 0.284868 -0.0
2.0 2.0 0.429255 -8.43827e-33
2.0 2.0 0.407369 -8.43827e-33
2.0 2.0 0.424568 -4.33559e-32
2.0 2.0 0.426984 -2.01644e-31
2.0 2.0 0.292883 -0.0
2.0 2.0 0.450557 -0.0
2.0 2.0 0.408352 -8.43827e-33
2.0 2.0 0.430513 -0.0
2.0 2.0 0.434476 -0.0
2.0 2.0 0.312921 -0.0
2.0 2.0 0.419224 -2.03723e-31
2.0 2.0 0.375217 -7.10571e-31
2.0 2.0 0.422334 -5.02058e-32
2.0 2.0 0.439565 -8.43827e-33
2.0 2.0 0.435373 -5.02058e-32
2.0 2.0 0.428912 -8.43827e-33
2.0 2.0 0.407947 -5.02058e-32
2.0 2.0 0.409388 -8.43827e-33
2.0 2.0 0.407585 -2.01644e-31
2.0 2.0 0.424415 -0.0
2.0 2.0 0.424763 -8.43827e-33
2.0 2.0 0.431981 -5.02058e-32
2.0 2.0 0.304507 -0.0
2.0 2.0 0.434535 -0.0
2.0 2.0 0.430755 -8.43827e-33
2.0 2.0 0.428788 -8.43827e-33
2.0 2.0 0.411976 -2.01644e-31
2.0 2.0 0.439238 -0.0
2.0 2.0 0.406358 -0.0
2.0 2.0 0.293261 -0.0
2.0 2.0 0.45587 -5.02058e-32
2.0 2.0 0.434682 -5.02058e-32
2.0 2.0 0.411899 -5.02058e-32
2.0 2.0 0.309876 -0.0
2.0 2.0 0.432216 -8.43827e-33
2.0 2.0 0.410919 -2.03723e-31
2.0 3.0 0.285955 -0.0
2.0 3.0 0.207456 -0.0
2.0 3.0 0.298045 -4.33559e-32
2.0 3.0 0.286798 -4.33559e-32
2.0 3.0 0.200125 -0.0
2.0 3.0 0.300553 -8.43827e-33
2.0 3.0 0.294162 -4.33559e-32
2.0 3.0 0.299742 -5.02058e-32
2.0 3.0 0.298467 -2.01644e-31
2.0 3.0 0.29692 -8.43827e-33
2.0 3.0 0.299317 -4.33559e-32
2.0 3.0 0.29843 -8.43827e-33
2.0 3.0 0.299769 -2.01644e-31
2.0 3.0 0.300187 -5.02058e-32
2.0 3.0 0.287617 -0.0
2.0 3.0 0.296043 -8.43827e-33
2.0 3.0 0.293209 -0.0
2.0 3.0 0.298237 -8.43827e-33
2.0 3.0 0.297446 -8.43827e-33
2.0 3.0 0.32004 -8.43827e-33
2.0 3.0 0.287094 -0.0
2.0 3.0 0.296642 -8.43827e-33
2.0 3.0 0.293413 -8.43827e-33
2.0 3.0 0.295553 -8.43827e-33
2.0 3.0 0.287302 -0.0
2.0 3.0 0.298688 -5.02058e-32
2.0 3.0 0.29634 -2.03723e-31
2.0 3.0 0.298989 -4.33559e-32
2.0 3.0 0.298467 -2.01644e-31
2.0 3.0 0.296599 -5.02058e-32
2.0 3.0 0.297168 -2.01644e-31
2.0 3.0 0.298183 -5.02058e-32
2.0 3.0 0.334609 -8.43827e-33
2.0 3.0 0.285007 -0.0
2.0 3.0 0.289814 -4.33559e-32
2.0 3.0 0.298235 -8.43827e-33
2.0 3.0 0.286828 -0.0
2.0 3.0 0.285501 -0.0
2.0 3.0 0.28275 -0.0
2.0 3.0 0.296493 -8.43827e-33
2.0 3.0 0.285737 -0.0
2.0 3.0 0.297451 -4.33559e-32
2.0 3.0 0.288111 -0.0
2.0 3.0 0.29737 -2.01644e-31
2.0 3.0 0.298405 -8.43827e-33
2.0 3.0 0.299365 -8.43827e-33
2.0 3.0 0.298863 -8.43827e-33
2.0 3.0 0.296585 -8.43827e-33
2.0 3.0 0.29794 -8.43827e-33
2.0 3.0 0.295802 -4.33559e-32
2.0 4.0 0.249888 -8.43827e-33
2.0 4.0 0.220107 -8.43827e-33
2.0 4.0 0.222405 -5.02058e-32
2.0 4.0 0.222308 -6.77826e-31
2.0 4.0 0.221617 -8.43827e-33
2.0 4.0 0.221374 -8.43827e-33
2.0 4.0 0.221762 -8.43827e-33
2.0 4.0 0.222281 -2.01644e-31
2.0 4.0 0.223209 -2.01644e-31
2.0 4.0 0.220548 -8.43827e-33
2.0 4.0 0.218827 -8.43827e-33
2.0 4.0 0.222532 -8.43827e-33
2.0 4.0 0.223857 -4.33559e-32
2.0 4.0 0.222424 -5.02058e-32
2.0 4.0 0.22038 -8.43827e-33
2.0 4.0 0.215723 -0.0
2.0 4.0 0.222803 -0.0
2.0 4.0 0.222411 -0.0
2.0 4.0 0.220869 -8.43827e-33
2.0 4.0 0.221878 -2.03723e-31
2.0 4.0 0.224239 -8.43827e-33
2.0 4.0 0.222003 -8.43827e-33
2.0 4.0 0.221123 -0.0
2.0 4.0 0.219508 -4.33559e-32
2.0 4.0 0.222052 -5.02058e-32
2.0 4.0 0.252058 -8.43827e-33
2.0 4.0 0.219975 -0.0
2.0 4.0 0.251944 -8.43827e-33
2.0 4.0 0.217521 -4.33559e-32
2.0 4.0 0.15733 -0.0
2.0 4.0 0.218448 -0.0
2.0 4.0 0.222576 -5.02058e-32
2.0 4.0 0.249182 -0.0
2.0 4.0 0.22162 -8.43827e-33
2.0 4.0 0.221498 -8.43827e-33
2.0 4.0 0.220816 -0.0
2.0 4.0 0.220168 -0.0
2.0 4.0 0.220593 -2.01644e-31
2.0 4.0 0.221689 -8.43827e-33
2.0 4.0 0.221728 -0.0
2.0 4.0 0.22321 -2.01644e-31
2.0 4.0 0.222917 -8.43827e-33
2.0 4.0 0.220267 -0.0
2.0 4.0 0.222657 -4.33559e-32
2.0 4.0 0.219281 -8.43827e-33
2.0 4.0 0.220992 -5.02058e-32
2.0 4.0 0.21765 -0.0
2.0 4.0 0.222709 -8.43827e-33
2.0 4.0 0.220534 -8.43827e-33
2.0 4.0 0.221588 -0.0
2.0 5.0 0.22697 -0.0
2.0 5.0 0.170492 -0.0
2.0 5.0 0.181852 -8.43827e-33
2.0 5.0 0.169984 -2.03723e-31
2.0 5.0 0.234422 -8.43827e-33
2.0 5.0 0.191188 -8.43827e-33
2.0 5.0 0.181809 -0.0
2.0 5.0 0.23349 -8.43827e-33
2.0 5.0 0.16978 -0.0
2.0 5.0 0.189598 -4.33559e-32
2.0 5.0 0.174868 -8.43827e-33
2.0 5.0 0.171226 -8.43827e-33
2.0 5.0 0.160842 -5.02058e-32
2.0 5.0 0.24984 -0.0
2.0 5.0 0.247523 -0.0
2.0 5.0 0.163162 -0.0
2.0 5.0 0.167915 -2.03723e-31
2.0 5.0 0.170235 -0.0
2.0 5.0 0.251091 -5.02058e-32
2.0 5.0 0.238115 -8.43827e-33
2.0 5.0 0.251369 -8.43827e-33
2.0 5.0 0.19081 -8.43827e-33
2.0 5.0 0.236551 -5.02058e-32
2.0 5.0 0.188359 -5.02058e-32
2.0 5.0 0.247001 -8.43827e-33
2.0 5.0 0.180332 -0.0
2.0 5.0 0.171532 -8.43827e-33
2.0 5.0 0.17917 -4.33559e-32
2.0 5.0 0.184354 -5.27605e-32
2.0 5.0 0.167868 -2.01644e-31
2.0 5.0 0.187616 -8.43827e-33
2.0 5.0 0.164807 -0.0
2.0 5.0 0.227119 -5.02058e-32
2.0 5.0 0.184735 -8.43827e-33
2.0 5.0 0.188572 -0.0
2.0 5.0 0.185969 -8.43827e-33
2.0 5.0 0.160397 -8.43827e-33
2.0 5.0 0.159609 -5.02058e-32
2.0 5.0 0.194788 -8.43827e-33
2.0 5.0 0.237805 -5.02058e-32
2.0 5.0 0.256737 -4.33559e-32
2.0 5.0 0.170046 -8.43827e-33
2.0 5.0 0.18495 -8.43827e-33
2.0 5.0 0.25255 -5.02058e-32
2.0 5.0 0.170133 -8.43827e-33
2.0 5.0 0.189738 -0.0
2.0 5.0 0.247375 -0.0
2.0 5.0 0.185215 -8.43827e-33
2.0 5.0 0.175223 -0.0
2.0 5.0 0.236402 -8.43827e-33
2.0 6.0 0.196137 -0.0
2.0 6.0 0.248347 -2.01644e-31
2.0 6.0 0.246247 -3.90376e-32
2.0 6.0 0.190615 -0.0
2.0 6.0 0.258444 -8.43827e-33
2.0 6.0 0.243482 -2.01644e-31
2.0 6.0 0.232371 -8.43827e-33
2.0 6.0 0.234732 -8.43827e-33
2.0 6.0 0.221835 -0.0
2.0 6.0 0.194321 -0.0
2.0 6.0 0.194357 -0.0
2.0 6.0 0.194372 -0.0
2.0 6.0 0.228183 -8.43827e-33
2.0 6.0 0.233384 -5.02058e-32
2.0 6.0 0.230302 -4.33559e-32
2.0 6.0 0.229119 -4.33559e-32
2.0 6.0 0.195458 -0.0
2.0 6.0 0.230988 -8.43827e-33
2.0 6.0 0.222508 -2.03723e-31
2.0 6.0 0.247898 -8.43827e-33
2.0 6.0 0.208058 -0.0
2.0 6.0 0.196829 -0.0
2.0 6.0 0.231062 -8.43827e-33
2.0 6.0 0.205333 -0.0
2.0 6.0 0.22805 -8.43827e-33
2.0 6.0 0.24531 -2.01644e-31
2.0 6.0 0.257128 -8.43827e-33
2.0 6.0 0.241995 -8.43827e-33
2.0 6.0 0.208789 -0.0
2.0 6.0 0.244698 -8.43827e-33
2.0 6.0 0.247302 -8.43827e-33
2.0 6.0 0.22391 -0.0
2.0 6.0 0.245681 -4.33559e-32
2.0 6.0 0.209867 -0.0
2.0 6.0 0.20514 -0.0
2.0 6.0 0.239257 -2.03723e-31
2.0 6.0 0.231029 -8.43827e-33
2.0 6.0 0.228426 -8.43827e-33
2.0 6.0 0.230786 -2.03723e-31
2.0 6.0 0.239131 -8.43827e-33
2.0 6.0 0.224469 -8.43827e-33
2.0 6.0 0.24426 -8.43827e-33
2.0 6.0 0.244354 -4.33559e-32
2.0 6.0 0.231728 -2.01644e-31
2.0 6.0 0.247923 -5.02058e-32
2.0 6.0 0.248153 -8.43827e-33
2.0 6.0 0.203166 -0.0
2.0 6.0 0.243938 -8.43827e-33
2.0 6.0 0.243371 -4.33559e-32
2.0 6.0 0.221033 -0.0
2.0 7.0 0.18953 -8.43827e-33
2.0 7.0 0.200183 -8.43827e-33
2.0 7.0 0.190638 -4.33559e-32
2.0 7.0 0.188833 -8.43827e-33
2.0 7.0 0.182348 -8.43827e-33
2.0 7.0 0.192992 -8.43827e-33
2.0 7.0 0.17842 -0.0
2.0 7.0 0.186754 -8.43827e-33
2.0 7.0 0.191738 -8.43827e-33
2.0 7.0 0.191261 -8.43827e-33
2.0 7.0 0.188681 -5.02058e-32
2.0 7.0 0.182835 -0.0
2.0 7.0 0.191042 -8.43827e-33
2.0 7.0 0.189123 -4.33559e-32
2.0 7.0 0.193307 -8.43827e-33
2.0 7.0 0.199019 -5.02058e-32
2.0 7.0 0.17818 -0.0
2.0 7.0 0.192491 -5.02058e-32
2.0 7.0 0.186953 -2.21611e-32
2.0 7.0 0.19042 -4.33559e-32
2.0 7.0 0.19061 -4.33559e-32
2.0 7.0 0.17769 -0.0
2.0 7.0 0.195 -0.0
2.0 7.0 0.190335 -5.02058e-32
2.0 7.0 0.194302 -8.43827e-33
2.0 7.0 0.171743 -0.0
2.0 7.0 0.176691 -0.0
2.0 7.0 0.20121 -0.0
2.0 7.0 0.172831 -0.0
2.0 7.0 0.180527 -0.0
2.0 7.0 0.187641 -8.43827e-33
2.0 7.0 0.18511 -0.0
2.0 7.0 0.213214 -2.01644e-31
2.0 7.0 0.178414 -0.0
2.0 7.0 0.213231 -5.02058e-32
2.0 7.0 0.167236 -0.0
2.0 7.0 0.191885 -0.0
2.0 7.0 0.190409 -5.02058e-32
2.0 7.0 0.191309 -8.43827e-33
2.0 7.0 0.192661 -5.02058e-32
2.0 7.0 0.18646 -5.02058e-32
2.0 7.0 0.202677 -0.0
2.0 7.0 0.202248 -8.43827e-33
2.0 7.0 0.18927 -5.02058e-32
2.0 7.0 0.194307 -5.02058e-32
2.0 7.0 0.213267 -8.43827e-33
2.0 7.0 0.190994 -5.02058e-32
2.0 7.0 0.193004 -2.01644e-31
2.0 7.0 0.193004 -2.01644e-31
2.0 7.0 0.193004 -2.01644e-31
2.0 8.0 0.18369 -8.43827e-33
2.0 8.0 0.206024 -8.43827e-33
2.0 8.0 0.186739 -2.01644e-31
2.0 8.0 0.185192 -2.03723e-31
2.0 8.0 0.151555 -0.0
2.0 8.0 0.195528 -8.43827e-33
2.0 8.0 0.184703 -2.01644e-31
2.0 8.0 0.182162 -8.43827e-33
2.0 8.0 0.19491 -2.03723e-31
2.0 8.0 0.183964 -4.33559e-32
2.0 8.0 0.185109 -8.43827e-33
2.0 8.0 0.192452 -8.43827e-33
2.0 8.0 0.184412 -8.43827e-33
2.0 8.0 0.185796 -4.33559e-32
2.0 8.0 0.186458 -4.33559e-32
2.0 8.0 0.191994 -5.02058e-32
2.0 8.0 0.161959 -0.0
2.0 8.0 0.18152 -4.33559e-32
2.0 8.0 0.196127 -8.43827e-33
2.0 8.0 0.185451 -5.02058e-32
2.0 8.0 0.186258 -8.43827e-33
2.0 8.0 0.184423 -4.33559e-32
2.0 8.0 0.187068 -5.02058e-32
2.0 8.0 0.185887 -8.43827e-33
2.0 8.0 0.156293 -0.0
2.0 8.0 0.153966 -0.0
2.0 8.0 0.186061 -8.43827e-33
2.0 8.0 0.185767 -5.02058e-32
2.0 8.0 0.183056 -8.43827e-33
2.0 8.0 0.185374 -4.33559e-32
2.0 8.0 0.181044 -2.01644e-31
2.0 8.0 0.193886 -8.43827e-33
2.0 8.0 0.196608 -5.02058e-32
2.0 8.0 0.184127 -8.43827e-33
2.0 8.0 0.192575 -8.43827e-33
2.0 8.0 0.182003 -4.33559e-32
2.0 8.0 0.160047 -0.0
2.0 8.0 0.187253 -1.7325e-31
2.0 8.0 0.185039 -8.43827e-33
2.0 8.0 0.181831 -4.33559e-32
2.0 8.0 0.19558 -8.43827e-33
2.0 8.0 0.183721 -8.43827e-33
2.0 8.0 0.196006 -8.43827e-33
2.0 8.0 0.184831 -5.02058e-32
2.0 8.0 0.153992 -0.0
2.0 8.0 0.184043 -8.43827e-33
2.0 8.0 0.205508 -5.02058e-32
2.0 8.0 0.165992 -0.0
2.0 8.0 0.156292 -0.0
2.0 8.0 0.186855 -8.43827e-33
2.0 8.0 0.186855 -8.43827e-33
2.0 8.0 0.186855 -8.43827e-33
2.0 8.0 0.186855 -8.43827e-33
2.0 8.0 0.186855 -8.43827e-33
2.0 8.0 0.186855 -8.43827e-33
2.0 8.0 0.186855 -8.43827e-33
2.0 8.0 0.186855 -8.43827e-33
2.0 8.0 0.186855 -8.43827e-33
2.0 8.0 0.186855 -8.43827e-33
2.0 8.0 0.186855 -8.43827e-33
2.0 8.0 0.186855 -8.43827e-33
2.0 8.0 0.186855 -8.43827e-33
2.0 8.0 0.186855 -8.43827e-33
2.0 8.0 0.186855 -8.43827e-33
2.0 8.0 0.186855 -8.43827e-33
2.0 8.0 0.186855 -8.43827e-33
2.0 8.0 0.186855 -8.43827e-33
2.0 8.0 0.186855 -8.43827e-33
2.0 8.0 0.186855 -8.43827e-33
2.0 8.0 0.186855 -8.43827e-33
2.0 8.0 0.186855 -8.43827e-33
2.0 8.0 0.186855 -8.43827e-33
2.0 8.0 0.186855 -8.43827e-33
2.0 8.0 0.186855 -8.43827e-33
2.0 8.0 0.186855 -8.43827e-33
2.0 8.0 0.186855 -8.43827e-33
2.0 8.0 0.186855 -8.43827e-33
2.0 8.0 0.186855 -8.43827e-33
2.0 8.0 0.186855 -8.43827e-33
2.0 8.0 0.186855 -8.43827e-33
2.0 8.0 0.186855 -8.43827e-33
2.0 8.0 0.186855 -8.43827e-33
2.0 8.0 0.186855 -8.43827e-33
2.0 8.0 0.186855 -8.43827e-33
2.0 8.0 0.186855 -8.43827e-33
2.0 8.0 0.186855 -8.43827e-33
2.0 8.0 0.186855 -8.43827e-33
2.0 8.0 0.186855 -8.43827e-33
2.0 8.0 0.186855 -8.43827e-33
2.0 8.0 0.186855 -8.43827e-33
2.0 8.0 0.186855 -8.43827e-33
2.0 8.0 0.186855 -8.43827e-33
2.0 8.0 0.186855 -8.43827e-33
2.0 8.0 0.186855 -8.43827e-33
2.0 8.0 0.186855 -8.43827e-33
2.0 8.0 0.186855 -8.43827e-33
2.0 8.0 0.186855 -8.43827e-33
2.0 8.0 0.186855 -8.43827e-33
2.0 8.0 0.186855 -8.43827e-33
2.0 8.0 0.186855 -8.43827e-33
3.0 1.0 0.0701657 -0.0
3.0 1.0 0.0805029 -0.0
3.0 1.0 0.0694594 -0.0
3.0 1.0 0.0692608 -0.0
3.0 1.0 0.0725181 -0.0
3.0 1.0 0.0733166 -0.0
3.0 1.0 0.0683419 -0.0
3.0 1.0 0.0770615 -0.0
3.0 1.0 0.0687995 -0.0
3.0 1.0 0.0694831 -0.0
3.0 1.0 0.0685777 -0.0
3.0 1.0 0.0679239 -0.0
3.0 1.0 0.0665487 -0.0
3.0 1.0 0.0691109 -0.0
3.0 1.0 0.0739938 -0.0
3.0 1.0 0.072271 -0.0
3.0 1.0 0.0727177 -0.0
3.0 1.0 0.082279 -0.0
3.0 1.0 0.0734789 -0.0
3.0 1.0 0.073498 -0.0
3.0 1.0 0.0697361 -0.0
3.0 1.0 0.0707356 -0.0
3.0 1.0 0.0759071 -0.0
3.0 1.0 0.0721315 -0.0
3.0 1.0 0.0722233 -0.0
3.0 1.0 0.0787866 -0.0
3.0 1.0 0.0734017 -0.0
3.0 1.0 0.0729416 -0.0
3.0 1.0 0.0729676 -0.0
3.0 1.0 0.0668477 -0.0
3.0 1.0 0.0673151 -0.0
3.0 1.0 0.0689955 -0.0
3.0 1.0 0.0681554 -0.0
3.0 1.0 0.0713537 -0.0
3.0 1.0 0.0803689 -0.0
3.0 1.0 0.0717986 -0.0
3.0 1.0 0.0729006 -0.0
3.0 1.0 0.0720716 -0.0
3.0 1.0 0.0690423 -0.0
3.0 1.0 0.0787731 -0.0
3.0 1.0 0.068034 -0.0
3.0 1.0 0.0719975 -0.0
3.0 1.0 0.0741641 -0.0
3.0 1.0 0.0773663 -0.0
3.0 1.0 0.074314 -0.0
3.0 1.0 0.0701636 -0.0
3.0 1.0 0.0671187 -0.0
3.0 1.0 0.0719279 -0.0
3.0 1.0 0.070611 -0.0
3.0 1.0 0.0677992 -0.0
3.0 2.0 0.0432397 -0.0
3.0 2.0 0.0427147 -0.0
3.0 2.0 0.0398155 -0.0
3.0 2.0 0.0421297 -0.0
3.0 2.0 0.039642 -0.0
3.0 2.0 0.0422435 -0.0
3.0 2.0 0.0385592 -0.0
3.0 2.0 0.0413319 -0.0
3.0 2.0 0.0437582 -0.0
3.0 2.0 0.0406451 -0.0
3.0 2.0 0.041057 -0.0
3.0 2.0 0.0374756 -0.0
3.0 2.0 0.0420978 -0.0
3.0 2.0 0.0424777 -0.0
3.0 2.0 0.0388505 -0.0
3.0 2.0 0.041902 -0.0
3.0 2.0 0.0430863 -0.0
3.0 2.0 0.0410704 -0.0
3.0 2.0 0.0414617 -0.0
3.0 2.0 0.0393831 -0.0
3.0 2.0 0.0383203 -0.0
3.0 2.0 0.0395932 -0.0
3.0 2.0 0.0386704 -0.0
3.0 2.0 0.0425082 -0.0
3.0 2.0 0.0427626 -0.0
3.0 2.0 0.0448214 -0.0
3.0 2.0 0.0409148 -0.0
3.0 2.0 0.0419651 -0.0
3.0 2.0 0.0413139 -0.0
3.0 2.0 0.04361 -0.0
3.0 2.0 0.0434541 -0.0
3.0 2.0 0.0414929 -0.0
3.0 2.0 0.0414555 -0.0
3.0 2.0 0.0429745 -0.0
3.0 2.0 0.0432335 -0.0
3.0 2.0 0.0419976 -0.0
3.0 2.0 0.0417573 -0.0
3.0 2.0 0.0503251 -0.0
3.0 2.0 0.0406941 -0.0
3.0 2.0 0.0424653 -0.0
3.0 2.0 0.0426154 -0.0
3.0 2.0 0.0435803 -0.0
3.0 2.0 0.038269 -0.0
3.0 2.0 0.037852 -0.0
3.0 2.0 0.0439319 -0.0
3.0 2.0 0.0438101 -0.0
3.0 2.0 0.0409176 -0.0
3.0 2.0 0.0410236 -0.0
3.0 2.0 0.041647 -0.0
3.0 2.0 0.0373787 -0.0
3.0 3.0 0.0341253 -0.0
3.0 3.0 0.0390274 -0.0
3.0 3.0 0.035264 -0.0
3.0 3.0 0.0355667 -0.0
3.0 3.0 0.0328128 -0.0
3.0 3.0 0.032884 -0.0
3.0 3.0 0.0373564 -0.0
3.0 3.0 0.0353013 -0.0
3.0 3.0 0.0335314 -0.0
3.0 3.0 0.0335909 -0.0
3.0 3.0 0.0352271 -0.0
3.0 3.0 0.0319878 -0.0
3.0 3.0 0.0355986 -0.0
3.0 3.0 0.0345797 -0.0
3.0 3.0 0.0363428 -0.0
3.0 3.0 0.0325671 -0.0
3.0 3.0 0.04141 -0.0
3.0 3.0 0.0351344 -0.0
3.0 3.0 0.0392179 -0.0
3.0 3.0 0.0332987 -0.0
3.0 3.0 0.0398206 -0.994959
3.0 3.0 0.0341856 -0.0
3.0 3.0 0.0336339 -0.0
3.0 3.0 0.0329702 -0.0
3.0 3.0 0.0337756 -0.0
3.0 3.0 0.0325709 -0.0
3.0 3.0 0.0379545 -0.0
3.0 3.0 0.0360336 -0.0
3.0 3.0 0.0341644 -0.0
3.0 3.0 0.0342851 -0.0
3.0 3.0 0.036149 -0.0
3.0 3.0 0.0343545 -0.0
3.0 3.0 0.0349814 -0.0
3.0 3.0 0.0335073 -0.0
3.0 3.0 0.0336736 -0.0
3.0 3.0 0.0422719 -0.0
3.0 3.0 0.0353345 -0.0
3.0 3.0 0.0332225 -0.0
3.0 3.0 0.0344167 -0.0
3.0 3.0 0.0363998 -0.0
3.0 3.0 0.0349751 -0.0
3.0 3.0 0.0335349 -0.0
3.0 3.0 0.0319229 -0.0
3.0 3.0 0.0358501 -0.0
3.0 3.0 0.037663 -0.0
3.0 3.0 0.0356938 -0.0
3.0 3.0 0.0344945 -0.0
3.0 3.0 0.0330538 -0.0
3.0 3.0 0.0348439 -0.0
3.0 3.0 0.0349766 -0.0
3.0 4.0 0.0272866 -0.0
3.0 4.0 0.0282228 -0.0
3.0 4.0 0.0319891 -0.0
3.0 4.0 0.0330383 -0.994959
3.0 4.0 0.028182 -0.0
3.0 4.0 0.0333324 -0.994959
3.0 4.0 0.0307439 -0.0
3.0 4.0 0.031493 -0.994959
3.0 4.0 0.027747 -0.0
3.0 4.0 0.0313998 -0.0
3.0 4.0 0.0282459 -0.0
3.0 4.0 0.0312597 -0.0
3.0 4.0 0.0286244 -0.0
3.0 4.0 0.0285706 -0.0
3.0 4.0 0.0267181 -0.0
3.0 4.0 0.031493 -0.0
3.0 4.0 0.031269 -0.0
3.0 4.0 0.0287169 -0.0
3.0 4.0 0.0309145 -0.994959
3.0 4.0 0.0310212 -0.0
3.0 4.0 0.0320716 -0.0
3.0 4.0 0.030864 -0.994959
3.0 4.0 0.0276698 -0.0
3.0 4.0 0.0333307 -0.0
3.0 4.0 0.0333123 -0.994959
3.0 4.0 0.0328948 -0.0
3.0 4.0 0.0330568 -0.0
3.0 4.0 0.0309574 -0.0
3.0 4.0 0.0312173 -0.0
3.0 4.0 0.0284778 -0.0
3.0 4.0 0.0317145 -0.0
3.0 4.0 0.0328895 -0.994959
3.0 4.0 0.0317765 -0.0
3.0 4.0 0.0269011 -0.0
3.0 4.0 0.0313128 -0.0
3.0 4.0 0.0283297 -0.0
3.0 4.0 0.0366139 -0.0
3.0 4.0 0.0293119 -0.0
3.0 4.0 0.0280183 -0.0
3.0 4.0 0.0328138 -0.0
3.0 4.0 0.0313101 -0.0
3.0 4.0 0.0285306 -0.0
3.0 4.0 0.0289492 -0.0
3.0 4.0 0.0280535 -0.0
3.0 4.0 0.0326779 -0.0
3.0 4.0 0.0315279 -0.0
3.0 4.0 0.0268495 -0.0
3.0 4.0 0.0330586 -0.0
3.0 4.0 0.0273494 -0.0
3.0 4.0 0.02823 -0.0
3.0 5.0 0.0650087 -0.0
3.0 5.0 0.046071 -0.994959
3.0 5.0 0.066282 -0.0
3.0 5.0 0.0448984 -0.0
3.0 5.0 0.0592519 -0.994959
3.0 5.0 0.0464066 -0.0
3.0 5.0 0.0404607 -0.0
3.0 5.0 0.0471032 -0.994959
3.0 5.0 0.0436764 -0.0
3.0 5.0 0.0493655 -1.98992
3.0 5.0 0.063176 -1.98992
3.0 5.0 0.046004 -0.994959
3.0 5.0 0.0450429 -0.0
3.0 5.0 0.0593223 -0.0
3.0 5.0 0.05877 -0.0
3.0 5.0 0.0571697 -0.994959
3.0 5.0 0.0404102 -0.0
3.0 5.0 0.06262 -0.0
3.0 5.0 0.096335 -0.994959
3.0 5.0 0.0435833 -0.0
3.0 5.0 0.0561346 -0.0
3.0 5.0 0.0555087 -0.0
3.0 5.0 0.0502999 -0.0
3.0 5.0 0.0573592 -0.0
3.0 5.0 0.0577911 -0.0
3.0 5.0 0.0454552 -0.0
3.0 5.0 0.0421835 -0.0
3.0 5.0 0.0458919 -0.994959
3.0 5.0 0.0400289 -0.0
3.0 5.0 0.0582283 -0.0
3.0 5.0 0.0521913 -0.0
3.0 5.0 0.0451597 -0.994959
3.0 5.0 0.0701291 -0.994959
3.0 5.0 0.0449952 -0.0
3.0 5.0 0.0420579 -0.0
3.0 5.0 0.0457919 -0.994959
3.0 5.0 0.0499637 -0.994959
3.0 5.0 0.0536697 -0.0
3.0 5.0 0.0504884 -0.0
3.0 5.0 0.0551537 -0.0
3.0 5.0 0.0486621 -3.97983
3.0 5.0 0.0617985 -0.994959
3.0 5.0 0.0625719 -0.0
3.0 5.0 0.0431927 -0.0
3.0 5.0 0.0499559 -0.0
3.0 5.0 0.0701169 -0.994959
3.0 5.0 0.0465691 -0.994959
3.0 5.0 0.0710012 -0.994959
3.0 5.0 0.0440512 -0.0
3.0 5.0 0.0468548 -0.994959
3.0 6.0 0.0574749 -0.0
3.0 6.0 0.0588595 -0.0
3.0 6.0 0.0543696 -0.994959
3.0 6.0 0.0548558 -0.0
3.0 6.0 0.0600745 -0.994959
3.0 6.0 0.0592418 -0.0
3.0 6.0 0.0616237 -0.994959
3.0 6.0 0.0520824 -0.0
3.0 6.0 0.0607081 -0.994959
3.0 6.0 0.057541 -0.994959
3.0 6.0 0.0545686 -0.0
3.0 6.0 0.062719 -0.0
3.0 6.0 0.0591234 -0.0
3.0 6.0 0.0531775 -0.0
3.0 6.0 0.056035 -0.0
3.0 6.0 0.0620436 -0.0
3.0 6.0 0.0734615 -0.0
3.0 6.0 0.0558328 -0.0
3.0 6.0 0.055691 -0.994959
3.0 6.0 0.072763 -0.0
3.0 6.0 0.0530484 -0.0
3.0 6.0 0.0556922 -0.0
3.0 6.0 0.0748399 -0.0
3.0 6.0 0.054328 -0.0
3.0 6.0 0.0560132 -0.0
3.0 6.0 0.064445 -0.994959
3.0 6.0 0.0529357 -0.994959
3.0 6.0 0.0610992 -0.0
3.0 6.0 0.0555881 -0.0
3.0 6.0 0.0613925 -0.0
3.0 6.0 0.0568079 -0.0
3.0 6.0 0.0546747 -0.0
3.0 6.0 0.0546706 -0.0
3.0 6.0 0.0589865 -0.0
3.0 6.0 0.0556016 -0.0
3.0 6.0 0.0580538 -0.994959
3.0 6.0 0.0544916 -0.0
3.0 6.0 0.0567703 -0.994959
3.0 6.0 0.0505004 -0.0
3.0 6.0 0.0660194 -1.98992
3.0 6.0 0.0552344 -0.0
3.0 6.0 0.0516407 -0.0
3.0 6.0 0.0597222 -0.994959
3.0 6.0 0.0745625 -0.0
3.0 6.0 0.0608871 -0.0
3.0 6.0 0.0524743 -0.0
3.0 6.0 0.0568486 -0.994959
3.0 6.0 0.0598995 -0.994959
3.0 6.0 0.0561827 -0.0
3.0 6.0 0.0536446 -0.0
3.0 7.0 0.0556156 -0.994959
3.0 7.0 0.051949 -0.0
3.0 7.0 0.0504921 -0.994959
3.0 7.0 0.0735272 -0.0
3.0 7.0 0.0539059 -0.994959
3.0 7.0 0.0551263 -0.0
3.0 7.0 0.0579681 -0.994959
3.0 7.0 0.0526672 -0.994959
3.0 7.0 0.0509028 -0.0
3.0 7.0 0.0538601 -0.0
3.0 7.0 0.0529863 -0.0
3.0 7.0 0.0525232 -0.994959
3.0 7.0 0.0507662 -0.0
3.0 7.0 0.0509641 -0.0
3.0 7.0 0.0719288 -0.994959
3.0 7.0 0.0537712 -0.994959
3.0 7.0 0.0717731 -0.0
3.0 7.0 0.0539347 -0.994959
3.0 7.0 0.0511044 -0.0
3.0 7.0 0.0521143 -0.0
3.0 7.0 0.0682068 -0.0
3.0 7.0 0.0544181 -0.994959
3.0 7.0 0.0572644 -0.994959
3.0 7.0 0.0717465 -0.994959
3.0 7.0 0.0533561 -0.994959
3.0 7.0 0.0582513 -0.0
3.0 7.0 0.0481512 -0.0
3.0 7.0 0.0511241 -0.994959
3.0 7.0 0.0513147 -0.0
3.0 7.0 0.0518692 -0.0
3.0 7.0 0.0713588 -0.0
3.0 7.0 0.0538709 -0.0
3.0 7.0 0.055486 -1.98992
3.0 7.0 0.0720497 -0.0
3.0 7.0 0.0526671 -0.0
3.0 7.0 0.0520115 -0.994959
3.0 7.0 0.0770586 -0.0
3.0 7.0 0.0514232 -0.0
3.0 7.0 0.0540125 -0.0
3.0 7.0 0.053614 -0.0
3.0 7.0 0.0697873 -0.0
3.0 7.0 0.0525327 -1.98992
3.0 7.0 0.0525413 -0.994959
3.0 7.0 0.0746434 -0.0
3.0 7.0 0.0522742 -0.0
3.0 7.0 0.0564373 -1.98992
3.0 7.0 0.053583 -0.994959
3.0 7.0 0.053977 -0.994959
3.0 7.0 0.0513165 -0.0
3.0 7.0 0.0533207 -0.0
3.0 8.0 0.0473128 -0.994959
3.0 8.0 0.0649661 -0.0
3.0 8.0 0.0466603 -0.0
3.0 8.0 0.0446985 -0.0
3.0 8.0 0.0476437 -0.0
3.0 8.0 0.0471287 -0.994959
3.0 8.0 0.053177 -0.994959
3.0 8.0 0.0469552 -0.994959
3.0 8.0 0.0469642 -0.994959
3.0 8.0 0.046346 -0.0
3.0 8.0 0.0442824 -0.0
3.0 8.0 0.0458875 -0.0
3.0 8.0 0.0639779 -0.0
3.0 8.0 0.047638 -0.0
3.0 8.0 0.0470642 -0.994959
3.0 8.0 0.0474938 -0.0
3.0 8.0 0.0481071 -0.994959
3.0 8.0 0.048469 -0.0
3.0 8.0 0.0501596 -0.0
3.0 8.0 0.0471438 -0.0
3.0 8.0 0.0502122 -1.98992
3.0 8.0 0.0469317 -0.994959
3.0 8.0 0.0447949 -0.0
3.0 8.0 0.047721 -0.994959
3.0 8.0 0.062256 -0.0
3.0 8.0 0.0739175 -1.98992
3.0 8.0 0.0481339 -0.994959
3.0 8.0 0.04506 -0.0
3.0 8.0 0.0641452 -0.0
3.0 8.0 0.0496039 -0.994959
3.0 8.0 0.0512805 -0.0
3.0 8.0 0.0474533 -0.0
3.0 8.0 0.0460104 -0.0
3.0 8.0 0.0481976 -0.994959
3.0 8.0 0.0474006 -0.0
3.0 8.0 0.0459537 -0.994959
3.0 8.0 0.0461965 -0.0
3.0 8.0 0.0519895 -0.0
3.0 8.0 0.0452144 -0.0
3.0 8.0 0.0472752 -0.0
3.0 8.0 0.045712 -0.0
3.0 8.0 0.0720884 -0.0
3.0 8.0 0.0473808 -0.994959
3.0 8.0 0.0446047 -0.0
3.0 8.0 0.0483867 -0.0
3.0 8.0 0.0458964 -0.0
3.0 8.0 0.0439611 -0.0
3.0 8.0 0.045958 -0.0
3.0 8.0 0.0494461 -1.98992
3.0 8.0 0.0490299 -0.994959
3.0 8.0 0.0490299 -0.994959
3.0 8.0 0.0490299 -0.994959
3.0 8.0 0.0490299 -0.994959
3.0 8.0 0.0490299 -0.994959
3.0 8.0 0.0490299 -0.994959
3.0 8.0 0.0490299 -0.994959
3.0 8.0 0.0490299 -0.994959
3.0 8.0 0.0490299 -0.994959
3.0 8.0 0.0490299 -0.994959
3.0 8.0 0.0490299 -0.994959
3.0 8.0 0.0490299 -0.994959
3.0 8.0 0.0490299 -0.994959
3.0 8.0 0.0490299 -0.994959
3.0 8.0 0.0490299 -0.994959
3.0 8.0 0.0490299 -0.994959
3.0 8.0 0.0490299 -0.994959
3.0 8.0 0.0490299 -0.994959
3.0 8.0 0.0490299 -0.994959
3.0 8.0 0.0490299 -0.994959
3.0 8.0 0.0490299 -0.994959
3.0 8.0 0.0490299 -0.994959
3.0 8.0 0.0490299 -0.994959
3.0 8.0 0.0490299 -0.994959
3.0 8.0 0.0490299 -0.994959
3.0 8.0 0.0490299 -0.994959
3.0 8.0 0.0490299 -0.994959
3.0 8.0 0.0490299 -0.994959
3.0 8.0 0.0490299 -0.994959
3.0 8.0 0.0490299 -0.994959
3.0 8.0 0.0490299 -0.994959
3.0 8.0 0.0490299 -0.994959
3.0 8.0 0.0490299 -0.994959
3.0 8.0 0.0490299 -0.994959
3.0 8.0 0.0490299 -0.994959
3.0 8.0 0.0490299 -0.994959
3.0 8.0 0.0490299 -0.994959
3.0 8.0 0.0490299 -0.994959
3.0 8.0 0.0490299 -0.994959
3.0 8.0 0.0490299 -0.994959
3.0 8.0 0.0490299 -0.994959
3.0 8.0 0.0490299 -0.994959
3.0 8.0 0.0490299 -0.994959
3.0 8.0 0.0490299 -0.994959
3.0 8.0 0.0490299 -0.994959
3.0 8.0 0.0490299 -0.994959
3.0 8.0 0.0490299 -0.994959
3.0 8.0 0.0490299 -0.994959
3.0 8.0 0.0490299 -0.994959
3.0 8.0 0.0490299 -0.994959
3.0 8.0 0.0490299 -0.994959
4.0 1.0 0.303994 99.9811
4.0 1.0 0.325846 99.9904
4.0 1.0 0.289641 99.9752
4.0 1.0 0.339021 99.9871
4.0 1.0 0.335928 99.9546
4.0 1.0 0.357043 99.9516
4.0 1.0 0.340657 99.9933
4.0 1.0 0.319449 99.9991
4.0 1.0 0.324181 99.9851
4.0 1.0 0.320287 99.9724
4.0 1.0 0.304993 99.9851
4.0 1.0 0.338237 99.9851
4.0 1.0 0.330235 99.9689
4.0 1.0 0.33062 99.9985
4.0 1.0 0.322331 99.9584
4.0 1.0 0.291432 99.9867
4.0 1.0 0.319673 99.9888
4.0 1.0 0.30897 99.9758
4.0 1.0 0.285263 99.9325
4.0 1.0 0.298122 99.9645
4.0 1.0 0.306849 99.9227
4.0 1.0 0.325242 99.9761
4.0 1.0 0.327797 99.9851
4.0 1.0 0.311307 99.9828
4.0 1.0 0.356481 99.9851
4.0 1.0 0.381502 99.9912
4.0 1.0 0.290052 99.9633
4.0 1.0 0.324299 99.9919
4.0 1.0 0.39085 99.9851
4.0 1.0 0.343358 99.9773
4.0 1.0 0.348936 99.9752
4.0 1.0 0.380178 99.9965
4.0 1.0 0.316924 99.9898
4.0 1.0 0.332917 99.9965
4.0 1.0 0.33157 99.9546
4.0 1.0 0.349597 99.9955
4.0 1.0 0.306024 99.9725
4.0 1.0 0.318822 99.9851
4.0 1.0 0.35573 99.9543
4.0 1.0 0.315546 99.9719
4.0 1.0 0.333206 99.9633
4.0 1.0 0.354616 99.9983
4.0 1.0 0.346481 99.9994
4.0 1.0 0.300248 99.9821
4.0 1.0 0.338227 99.9851
4.0 1.0 0.378285 99.9762
4.0 1.0 0.321504 99.9946
4.0 1.0 0.358971 99.9828
4.0 1.0 0.316072 99.9999
4.0 1.0 0.343829 99.9832
4.0 2.0 0.183124 99.9808
4.0 2.0 0.179069 99.9694
4.0 2.0 0.180661 99.974
4.0 2.0 0.183851 99.9823
4.0 2.0 0.169292 99.9713
4.0 2.0 0.17402 99.9974
4.0 2.0 0.165313 99.9795
4.0 2.0 0.185802 99.9891
4.0 2.0 0.186788 99.9622
4.0 2.0 0.189199 99.9514
4.0 2.0 0.196354 99.9432
4.0 2.0 0.178795 99.979
4.0 2.0 0.19392 99.9742
4.0 2.0 0.187063 99.9515
4.0 2.0 0.18414 99.9675
4.0 2.0 0.198181 99.9973
4.0 2.0 0.171897 99.9836
4.0 2.0 0.167078 99.9325
4.0 2.0 0.178251 99.9929
4.0 2.0 0.174929 99.9762
4.0 2.0 0.186921 99.9699
4.0 2.0 0.227048 99.9426
4.0 2.0 0.156974 99.9478
4.0 2.0 0.188736 99.9762
4.0 2.0 0.172504 99.9729
4.0 2.0 0.176768 99.9062
4.0 2.0 0.190942 99.9752
4.0 2.0 0.186949 99.9613
4.0 2.0 0.185331 99.9815
4.0 2.0 0.200895 99.9633
4.0 2.0 0.17203 99.9328
4.0 2.0 0.186713 99.9791
4.0 2.0 0.183944 99.9666
4.0 2.0 0.172636 99.9723
4.0 2.0 0.163394 99.9689
4.0 2.0 0.171331 99.9042
4.0 2.0 0.208448 99.9864
4.0 2.0 0.181778 99.9752
4.0 2.0 0.206953 99.9722
4.0 2.0 0.181383 99.9546
4.0 2.0 0.192412 99.9515
4.0 2.0 0.178868 99.9876
4.0 2.0 0.192834 99.9455
4.0 2.0 0.192356 99.9766
4.0 2.0 0.172131 99.9859
4.0 2.0 0.18712 99.9042
4.0 2.0 0.172162 99.9248
4.0 2.0 0.169221 99.8996
4.0 2.0 0.194461 99.9042
4.0 2.0 0.175913 99.9752
4.0 3.0 0.132829 99.9462
4.0 3.0 0.12804 99.9752
4.0 3.0 0.133315 99.9905
4.0 3.0 0.135608 99.9609
4.0 3.0 0.149333 99.9168
4.0 3.0 0.129293 99.9881
4.0 3.0 0.12643 99.9993
4.0 3.0 0.121206 99.9889
4.0 3.0 0.135045 99.9515
4.0 3.0 0.129291 99.9968
4.0 3.0 0.120946 99.962
4.0 3.0 0.138261 99.9515
4.0 3.0 0.130189 99.9628
4.0 3.0 0.129347 99.9589
4.0 3.0 0.131879 99.9762
4.0 3.0 0.138614 99.9515
4.0 3.0 0.125967 99.9816
4.0 3.0 0.127368 99.994
4.0 3.0 0.129679 99.9752
4.0 3.0 0.133061 99.9156
4.0 3.0 0.125371 99.9932
4.0 3.0 0.144004 99.9767
4.0 3.0 0.126192 99.9061
4.0 3.0 0.131528 99.952
4.0 3.0 0.135874 99.9752
4.0 3.0 0.127652 99.9436
4.0 3.0 0.135256 99.922
4.0 3.0 0.137675 99.9515
4.0 3.0 0.130869 99.9751
4.0 3.0 0.135518 99.9779
4.0 3.0 0.140314 99.9589
4.0 3.0 0.141108 99.9546
4.0 3.0 0.128846 99.9783
4.0 3.0 0.12635 99.9857
4.0 3.0 0.13263 99.9851
4.0 3.0 0.137936 99.924
4.0 3.0 0.141473 99.9762
4.0 3.0 0.128286 99.9515
4.0 3.0 0.128959 99.9714
4.0 3.0 0.131516 99.8558
4.0 3.0 0.133574 99.98
4.0 3.0 0.133253 99.9735
4.0 3.0 0.141281 99.9752
4.0 3.0 0.136159 99.9634
4.0 3.0 0.131218 99.9553
4.0 3.0 0.123898 99.9546
4.0 3.0 0.131922 99.9786
4.0 3.0 0.134858 99.9982
4.0 3.0 0.13983 99.9546
4.0 3.0 0.133143 99.9656
4.0 4.0 0.10287 99.9515
4.0 4.0 0.106374 99.9735
4.0 4.0 0.103269 99.9946
4.0 4.0 0.185687 99.9502
4.0 4.0 0.0955525 99.9631
4.0 4.0 0.109821 99.9394
4.0 4.0 0.101349 99.9546
4.0 4.0 0.101961 99.9762
4.0 4.0 0.10894 99.9762
4.0 4.0 0.10645 99.9274
4.0 4.0 0.10398 99.9515
4.0 4.0 0.103021 99.7821
4.0 4.0 0.103638 99.9941
4.0 4.0 0.117603 99.9928
4.0 4.0 0.103658 99.9515
4.0 4.0 0.109148 99.9752
4.0 4.0 0.10443 99.9249
4.0 4.0 0.101582 99.9752
4.0 4.0 0.0998877 99.9996
4.0 4.0 0.097807 99.9423
4.0 4.0 0.103549 99.9443
4.0 4.0 0.102843 99.9515
4.0 4.0 0.104875 99.968
4.0 4.0 0.106698 99.9752
4.0 4.0 0.112731 99.8759
4.0 4.0 0.104452 99.9701
4.0 4.0 0.105766 99.9885
4.0 4.0 0.101058 99.9964
4.0 4.0 0.106495 99.9706
4.0 4.0 0.100983 99.9546
4.0 4.0 0.10271 99.9201
4.0 4.0 0.106355 99.9609
4.0 4.0 0.101947 99.9762
4.0 4.0 0.10399 99.9156
4.0 4.0 0.100225 99.9958
4.0 4.0 0.0977181 99.9156
4.0 4.0 0.101232 99.9605
4.0 4.0 0.101105 99.9654
4.0 4.0 0.106305 99.9859
4.0 4.0 0.101185 99.9546
4.0 4.0 0.105456 99.9546
4.0 4.0 0.10616 99.9762
4.0 4.0 0.105681 99.9546
4.0 4.0 0.101189 99.8423
4.0 4.0 0.109067 99.9532
4.0 4.0 0.100658 99.9349
4.0 4.0 0.110433 99.9062
4.0 4.0 0.102785 99.8737
4.0 4.0 0.107545 99.9902
4.0 4.0 0.105251 99.9405
4.0 5.0 1.00084 99.9577
4.0 5.0 0.170323 99.9646
4.0 5.0 0.181331 99.9515
4.0 5.0 0.176845 99.9853
4.0 5.0 0.986913 99.9746
4.0 5.0 0.172547 99.9852
4.0 5.0 5.10686 99.9515
4.0 5.0 0.966851 99.9872
4.0 5.0 0.164483 99.9574
4.0 5.0 2.01161 99.9625
4.0 5.0 0.885199 99.9999
4.0 5.0 0.183528 99.9784
4.0 5.0 0.181061 99.8877
4.0 5.0 4.39224 99.9813
4.0 5.0 0.942037 99.9177
4.0 5.0 1.50482 99.9984
4.0 5.0 1.10274 99.9694
4.0 5.0 0.175044 99.8952
4.0 5.0 0.159693 99.9548
4.0 5.0 1.35609 99.9546
4.0 5.0 0.885333 99.9964
4.0 5.0 0.164342 99.9546
4.0 5.0 3.96502 99.918
4.0 5.0 1.58686 99.956
4.0 5.0 0.824913 99.924
4.0 5.0 0.889383 99.9907
4.0 5.0 0.615081 99.8904
4.0 5.0 0.610251 99.9752
4.0 5.0 0.168043 99.9515
4.0 5.0 4.46906 99.9541
4.0 5.0 4.5427 99.9752
4.0 5.0 0.183069 99.8733
4.0 5.0 0.715195 99.9762
4.0 5.0 0.177342 99.8812
4.0 5.0 0.168472 99.8357
4.0 5.0 0.180216 99.9762
4.0 5.0 1.55748 99.9762
4.0 5.0 4.42903 99.9762
4.0 5.0 0.910379 99.9762
4.0 5.0 0.177677 99.9382
4.0 5.0 1.46042 99.9156
4.0 5.0 0.186853 99.9975
4.0 5.0 0.573917 99.9762
4.0 5.0 4.34246 99.8519
4.0 5.0 4.37642 99.8709
4.0 5.0 0.166562 99.9752
4.0 5.0 1.09509 99.9752
4.0 5.0 1.53251 99.9515
4.0 5.0 0.170236 99.9743
4.0 5.0 3.77572 99.87
4.0 6.0 0.160603 99.9536
4.0 6.0 0.154621 99.8746
4.0 6.0 0.158928 99.9958
4.0 6.0 0.152779 99.9089
4.0 6.0 0.16693 99.9732
4.0 6.0 0.15901 99.983
4.0 6.0 0.159269 99.9156
4.0 6.0 0.152371 99.9859
4.0 6.0 0.172246 99.9762
4.0 6.0 0.169756 99.9752
4.0 6.0 0.177476 99.9968
4.0 6.0 0.157457 99.9283
4.0 6.0 0.158709 99.9107
4.0 6.0 0.154465 99.8179
4.0 6.0 0.152173 99.9762
4.0 6.0 0.154112 99.8133
4.0 6.0 0.176437 99.9599
4.0 6.0 0.165822 99.987
4.0 6.0 0.154954 99.7756
4.0 6.0 0.158035 99.7414
4.0 6.0 0.172941 99.9156
4.0 6.0 0.154014 99.9689
4.0 6.0 0.164181 99.9156
4.0 6.0 0.157728 99.9802
4.0 6.0 0.15552 99.924
4.0 6.0 0.15145 99.9888
4.0 6.0 0.168248 99.9515
4.0 6.0 0.160621 99.9621
4.0 6.0 0.168619 99.9762
4.0 6.0 0.161263 99.9515
4.0 6.0 0.158906 99.8743
4.0 6.0 0.155013 99.9551
4.0 6.0 0.153756 99.9335
4.0 6.0 0.167374 99.9515
4.0 6.0 0.176865 99.9937
4.0 6.0 0.152157 99.9716
4.0 6.0 0.156535 99.8582
4.0 6.0 0.15695 99.9762
4.0 6.0 0.167635 99.924
4.0 6.0 0.16865 99.9996
4.0 6.0 0.157132 99.9156
4.0 6.0 0.164798 99.9762
4.0 6.0 0.16021 99.9548
4.0 6.0 0.160264 99.9515
4.0 6.0 0.160496 99.9762
4.0 6.0 0.152946 99.9484
4.0 6.0 0.160113 99.9546
4.0 6.0 0.160618 99.9886
4.0 6.0 0.157751 99.9515
4.0 6.0 0.158071 99.9922
4.0 7.0 0.143636 99.8999
4.0 7.0 0.139669 99.9752
4.0 7.0 0.142907 99.9537
4.0 7.0 0.143878 99.9752
4.0 7.0 0.144385 99.9842
4.0 7.0 0.151137 99.9752
4.0 7.0 0.158127 99.9852
4.0 7.0 0.142784 99.9389
4.0 7.0 0.146795 99.9752
4.0 7.0 0.140068 99.9546
4.0 7.0 0.147222 99.9762
4.0 7.0 0.139504 99.9515
4.0 7.0 0.147906 99.958
4.0 7.0 0.145324 99.9048
4.0 7.0 0.137411 99.8493
4.0 7.0 0.15437 99.9961
4.0 7.0 0.144142 99.9852
4.0 7.0 0.166524 99.983
4.0 7.0 0.143241 99.8679
4.0 7.0 0.142546 99.9618
4.0 7.0 0.139985 99.9306
4.0 7.0 0.161406 99.8965
4.0 7.0 0.143185 99.9623
4.0 7.0 0.145175 99.9611
4.0 7.0 0.154153 99.9104
4.0 7.0 0.136758 99.993
4.0 7.0 0.144759 99.9838
4.0 7.0 0.163664 99.9371
4.0 7.0 0.139815 99.9515
4.0 7.0 0.146513 99.9515
4.0 7.0 0.140697 99.9875
4.0 7.0 0.15917 99.9828
4.0 7.0 0.142707 99.996
4.0 7.0 0.139089 99.9854
4.0 7.0 0.159308 99.9607
4.0 7.0 0.142867 99.9515
4.0 7.0 0.142501 99.842
4.0 7.0 0.160313 99.9515
4.0 7.0 0.161684 99.9048
4.0 7.0 0.139956 99.954
4.0 7.0 0.144384 99.9321
4.0 7.0 0.16261 99.9166
4.0 7.0 0.140966 99.9565
4.0 7.0 0.136845 99.9874
4.0 7.0 0.143572 99.9703
4.0 7.0 0.152917 99.9541
4.0 7.0 0.143273 99.9697
4.0 7.0 0.158702 99.7756
4.0 7.0 0.162265 99.9471
4.0 7.0 0.14607 99.9952
4.0 8.0 0.118159 99.989
4.0 8.0 0.123452 99.924
4.0 8.0 0.118995 99.8628
4.0 8.0 0.137243 99.9515
4.0 8.0 0.139777 99.9546
4.0 8.0 0.131321 99.9988
4.0 8.0 0.134203 99.8483
4.0 8.0 0.131042 99.9958
4.0 8.0 0.132007 99.9515
4.0 8.0 0.126242 99.9577
4.0 8.0 0.119416 99.9888
4.0 8.0 0.117214 99.8628
4.0 8.0 0.150087 99.9515
4.0 8.0 0.130509 99.924
4.0 8.0 0.113708 99.9546
4.0 8.0 0.119806 99.9762
4.0 8.0 0.114344 99.9816
4.0 8.0 0.117368 99.8583
4.0 8.0 0.125902 99.8717
4.0 8.0 0.125651 99.9752
4.0 8.0 0.116116 99.9771
4.0 8.0 0.117777 99.9546
4.0 8.0 0.137473 99.9371
4.0 8.0 0.126772 99.9409
4.0 8.0 0.127361 99.9753
4.0 8.0 0.133613 99.9048
4.0 8.0 0.122033 99.823
4.0 8.0 0.122987 99.9947
4.0 8.0 0.120214 99.9986
4.0 8.0 0.124498 99.956
4.0 8.0 0.12373 99.9515
4.0 8.0 0.127842 99.9438
4.0 8.0 0.118096 99.9762
4.0 8.0 0.120791 99.9962
4.0 8.0 0.137599 99.9515
4.0 8.0 0.141647 99.9156
4.0 8.0 0.120598 99.9275
4.0 8.0 0.126127 99.8195
4.0 8.0 0.115654 99.9156
4.0 8.0 0.141903 99.9908
4.0 8.0 0.122457 99.9622
4.0 8.0 0.116219 99.8831
4.0 8.0 0.12661 99.9515
4.0 8.0 0.124267 99.9349
4.0 8.0 0.147302 99.8514
4.0 8.0 0.120014 99.9752
4.0 8.0 0.124397 99.8607
4.0 8.0 0.123444 99.8368
4.0 8.0 0.114208 99.9048
4.0 8.0 0.135935 99.9045
4.0 8.0 0.135935 99.9045
4.0 8.0 0.135935 99.9045
4.0 8.0 0.135935 99.9045
4.0 8.0 0.135935 99.9045
4.0 8.0 0.135935 99.9045
4.0 8.0 0.135935 99.9045
4.0 8.0 0.135935 99.9045
4.0 8.0 0.135935 99.9045
4.0 8.0 0.135935 99.9045
4.0 8.0 0.135935 99.9045
4.0 8.0 0.135935 99.9045
4.0 8.0 0.135935 99.9045
4.0 8.0 0.135935 99.9045
4.0 8.0 0.135935 99.9045
4.0 8.0 0.135935 99.9045
4.0 8.0 0.135935 99.9045
4.0 8.0 0.135935 99.9045
4.0 8.0 0.135935 99.9045
4.0 8.0 0.135935 99.9045
4.0 8.0 0.135935 99.9045
4.0 8.0 0.135935 99.9045
4.0 8.0 0.135935 99.9045
4.0 8.0 0.135935 99.9045
4.0 8.0 0.135935 99.9045
4.0 8.0 0.135935 99.9045
4.0 8.0 0.135935 99.9045
4.0 8.0 0.135935 99.9045
4.0 8.0 0.135935 99.9045
4.0 8.0 0.135935 99.9045
4.0 8.0 0.135935 99.9045
4.0 8.0 0.135935 99.9045
4.0 8.0 0.135935 99.9045
4.0 8.0 0.135935 99.9045
4.0 8.0 0.135935 99.9045
4.0 8.0 0.135935 99.9045
4.0 8.0 0.135935 99.9045
4.0 8.0 0.135935 99.9045
4.0 8.0 0.135935 99.9045
4.0 8.0 0.135935 99.9045
4.0 8.0 0.135935 99.9045
4.0 8.0 0.135935 99.9045
4.0 8.0 0.135935 99.9045
4.0 8.0 0.135935 99.9045
4.0 8.0 0.135935 99.9045
4.0 8.0 0.135935 99.9045
4.0 8.0 0.135935 99.9045
4.0 8.0 0.135935 99.9045
4.0 8.0 0.135935 99.9045
4.0 8.0 0.135935 99.9045
4.0 8.0 0.135935 99.9045
5.0 1.0 55.0268 -20.9406
5.0 1.0 54.8414 -20.9406
5.0 1.0 55.1266 -20.9406
5.0 1.0 55.8226 -20.797
5.0 1.0 55.4233 -20.9406
5.0 1.0 54.9811 -20.9406
5.0 1.0 55.3373 -20.9406
5.0 1.0 55.1623 -21.0462
5.0 1.0 55.3403 -20.9406
5.0 1.0 55.1277 -20.9406
5.0 1.0 55.227 -20.9406
5.0 1.0 55.4812 -21.0462
5.0 1.0 55.4493 -21.0462
5.0 1.0 55.2409 -20.9406
5.0 1.0 55.2416 -20.9406
5.0 1.0 55.4669 -20.9406
5.0 1.0 55.2255 -21.0462
5.0 1.0 55.6012 -20.9406
5.0 1.0 55.4987 -20.9406
5.0 1.0 55.4874 -20.797
5.0 1.0 55.4248 -20.9406
5.0 1.0 55.169 -21.0462
5.0 1.0 55.2276 -20.9406
5.0 1.0 55.2646 -20.9406
5.0 1.0 55.7462 -20.7992
5.0 1.0 55.0849 -20.9406
5.0 1.0 55.1909 -21.0462
5.0 1.0 55.4281 -21.0462
5.0 1.0 54.9157 -20.9406
5.0 1.0 55.1835 -21.0462
5.0 1.0 55.539 -20.797
5.0 1.0 55.1523 -20.8186
5.0 1.0 55.3935 -20.9406
5.0 1.0 55.1865 -20.9406
5.0 1.0 55.3708 -20.9406
5.0 1.0 55.2272 -20.9406
5.0 1.0 55.4585 -21.0462
5.0 1.0 55.456 -20.9406
5.0 1.0 55.4911 -20.9406
5.0 1.0 55.323 -20.797
5.0 1.0 55.4491 -20.9406
5.0 1.0 55.6966 -20.9406
5.0 1.0 55.701 -20.9406
5.0 1.0 54.9944 -20.9406
5.0 1.0 55.444 -20.9406
5.0 1.0 55.25 -21.0462
5.0 1.0 55.241 -21.0462
5.0 1.0 55.3135 -20.9406
5.0 1.0 55.1188 -20.9406
5.0 1.0 55.1353 -21.0462
5.0 2.0 27.6488 -21.0462
5.0 2.0 27.865 -21.0462
5.0 2.0 28.0253 -20.797
5.0 2.0 28.0138 -20.9406
5.0 2.0 27.9154 -21.0462
5.0 2.0 27.5655 -21.0462
5.0 2.0 27.9422 -20.9406
5.0 2.0 28.9184 -20.9406
5.0 2.0 27.6231 -21.0462
5.0 2.0 27.903 -21.0462
5.0 2.0 27.8594 -21.0462
5.0 2.0 27.5812 -20.9406
5.0 2.0 28.0547 -20.9406
5.0 2.0 27.9184 -20.9406
5.0 2.0 27.6715 -20.797
5.0 2.0 27.5622 -21.0462
5.0 2.0 27.8478 -20.9406
5.0 2.0 27.7146 -20.797
5.0 2.0 27.8321 -21.0462
5.0 2.0 27.8801 -21.0462
5.0 2.0 27.9548 -20.797
5.0 2.0 28.0857 -20.797
5.0 2.0 27.8824 -20.9406
5.0 2.0 27.6969 -20.797
5.0 2.0 27.588 -21.0462
5.0 2.0 29.7726 -20.797
5.0 2.0 27.8568 -20.9406
5.0 2.0 27.8383 -20.9406
5.0 2.0 27.8836 -21.0462
5.0 2.0 27.5095 -20.9406
5.0 2.0 27.8741 -20.9406
5.0 2.0 27.8246 -20.9406
5.0 2.0 27.6663 -20.9406
5.0 2.0 28.0055 -21.0462
5.0 2.0 27.8085 -20.9406
5.0 2.0 28.0558 -20.797
5.0 2.0 27.5219 -21.0462
5.0 2.0 27.5414 -20.9406
5.0 2.0 27.9107 -20.9406
5.0 2.0 27.8498 -20.9406
5.0 2.0 27.6344 -20.9406
5.0 2.0 27.5272 -20.9406
5.0 2.0 27.8664 -21.0462
5.0 2.0 27.5195 -20.9406
5.0 2.0 27.8211 -20.9406
5.0 2.0 27.5418 -20.9406
5.0 2.0 27.6126 -20.9406
5.0 2.0 27.903 -20.9406
5.0 2.0 27.6105 -20.804
5.0 2.0 27.8728 -20.9406
5.0 3.0 18.7113 -20.9406
5.0 3.0 19.099 -20.797
5.0 3.0 18.861 -21.0462
5.0 3.0 18.8597 -20.9406
5.0 3.0 18.9034 -21.0462
5.0 3.0 18.8489 -20.9406
5.0 3.0 18.897 -21.0462
5.0 3.0 18.8928 -21.0462
5.0 3.0 18.8797 -20.9406
5.0 3.0 18.8549 -21.0462
5.0 3.0 18.9293 -20.8013
5.0 3.0 18.8875 -20.9406
5.0 3.0 18.9244 -21.0462
5.0 3.0 19.1954 -20.797
5.0 3.0 18.8568 -20.9406
5.0 3.0 18.8424 -20.9406
5.0 3.0 18.8043 -21.0462
5.0 3.0 18.8652 -20.9406
5.0 3.0 18.8187 -20.9406
5.0 3.0 18.865 -21.0462
5.0 3.0 18.826 -20.9406
5.0 3.0 18.7957 -20.9406
5.0 3.0 18.8045 -21.0462
5.0 3.0 18.8678 -20.9406
5.0 3.0 18.8387 -20.9406
5.0 3.0 18.9026 -21.0462
5.0 3.0 18.9281 -21.0462
5.0 3.0 18.7141 -20.9406
5.0 3.0 19.0169 -20.797
5.0 3.0 19.0474 -20.797
5.0 3.0 18.8631 -20.9406
5.0 3.0 18.8128 -20.9406
5.0 3.0 18.8071 -20.9406
5.0 3.0 18.8481 -21.0462
5.0 3.0 18.8146 -21.0462
5.0 3.0 18.8657 -21.0462
5.0 3.0 18.8705 -21.0462
5.0 3.0 18.726 -21.0462
5.0 3.0 18.8632 -20.9406
5.0 3.0 18.8875 -21.0462
5.0 3.0 18.8352 -20.9406
5.0 3.0 18.9498 -20.797
5.0 3.0 18.8231 -20.9406
5.0 3.0 19.0132 -20.7984
5.0 3.0 18.8804 -21.0462
5.0 3.0 18.9238 -21.0462
5.0 3.0 19.037 -20.797
5.0 3.0 18.8584 -21.0462
5.0 3.0 18.89 -20.9406
5.0 3.0 19.1639 -20.797
5.0 4.0 13.8473 -20.9406
5.0 4.0 13.8504 -20.9406
5.0 4.0 14.053 -20.797
5.0 4.0 13.8506 -21.0462
5.0 4.0 14.0092 -20.797
5.0 4.0 13.8535 -21.0462
5.0 4.0 13.8409 -21.0462
5.0 4.0 13.8598 -20.9406
5.0 4.0 13.8646 -20.9406
5.0 4.0 13.8568 -21.0462
5.0 4.0 13.8557 -20.9406
5.0 4.0 13.8528 -21.0462
5.0 4.0 13.8373 -20.9406
5.0 4.0 13.8493 -21.0462
5.0 4.0 13.8467 -21.0462
5.0 4.0 14.0227 -20.9406
5.0 4.0 14.0581 -21.0462
5.0 4.0 13.9651 -20.797
5.0 4.0 13.846 -20.9406
5.0 4.0 13.9961 -20.7972
5.0 4.0 14.0009 -21.0462
5.0 4.0 13.9876 -20.9406
5.0 4.0 14.075 -21.0462
5.0 4.0 13.8536 -20.9406
5.0 4.0 13.8463 -20.9406
5.0 4.0 14.0218 -20.9406
5.0 4.0 14.0337 -21.0462
5.0 4.0 14.039 -21.0462
5.0 4.0 14.0482 -21.0462
5.0 4.0 14.0208 -21.0462
5.0 4.0 13.8493 -20.9406
5.0 4.0 13.843 -21.0462
5.0 4.0 13.8329 -21.0462
5.0 4.0 14.0941 -20.9406
5.0 4.0 13.8508 -21.0462
5.0 4.0 13.8541 -21.0462
5.0 4.0 13.851 -21.0462
5.0 4.0 13.8453 -20.9406
5.0 4.0 13.9398 -20.9406
5.0 4.0 13.979 -20.8043
5.0 4.0 13.8694 -21.0462
5.0 4.0 13.8296 -20.9406
5.0 4.0 13.864 -20.9406
5.0 4.0 14.0598 -21.0462
5.0 4.0 14.0835 -20.797
5.0 4.0 14.0516 -21.0462
5.0 4.0 13.9804 -21.0462
5.0 4.0 13.8462 -20.9406
5.0 4.0 14.0973 -20.9406
5.0 4.0 14.0973 -20.9406
5.0 5.0 11.4182 -21.0462
5.0 5.0 11.3677 -20.9406
5.0 5.0 11.1438 -21.0462
5.0 5.0 11.972 -20.9406
5.0 5.0 11.4245 -21.0462
5.0 5.0 11.2712 -21.0462
5.0 5.0 13.1349 -20.9406
5.0 5.0 12.0681 -20.9406
5.0 5.0 11.2318 -20.9406
5.0 5.0 12.4389 -20.9406
5.0 5.0 11.8869 -21.0462
5.0 5.0 11.5985 -20.9406
5.0 5.0 11.2011 -20.797
5.0 5.0 11.7986 -20.797
5.0 5.0 12.5973 -20.797
5.0 5.0 11.8571 -21.0462
5.0 5.0 12.1424 -21.0462
5.0 5.0 11.3864 -21.0462
5.0 5.0 11.964 -21.0462
5.0 5.0 11.3487 -20.9406
5.0 5.0 12.1565 -21.0462
5.0 5.0 11.1437 -21.0462
5.0 5.0 11.3996 -21.0462
5.0 5.0 13.0222 -20.9406
5.0 5.0 12.0058 -20.797
5.0 5.0 11.3482 -21.0462
5.0 5.0 11.3656 -20.9406
5.0 5.0 11.8643 -20.797
5.0 5.0 11.8436 -21.0462
5.0 5.0 11.952 -20.9406
5.0 5.0 11.8451 -20.9406
5.0 5.0 11.1637 -21.1628
5.0 5.0 11.448 -21.0462
5.0 5.0 12.2581 -20.7985
5.0 5.0 11.3333 -20.9406
5.0 5.0 11.1596 -21.0462
5.0 5.0 11.8018 -20.797
5.0 5.0 12.1288 -20.797
5.0 5.0 11.8214 -20.797
5.0 5.0 11.2565 -20.797
5.0 5.0 11.2992 -20.9406
5.0 5.0 12.4442 -21.0462
5.0 5.0 11.5018 -21.1628
5.0 5.0 11.3649 -21.0462
5.0 5.0 11.8047 -21.0462
5.0 5.0 11.998 -21.0462
5.0 5.0 11.7308 -20.9406
5.0 5.0 11.9642 -21.0462
5.0 5.0 11.3918 -20.9406
5.0 5.0 12.1572 -21.0462
5.0 6.0 11.9407 -20.9406
5.0 6.0 12.0601 -21.0462
5.0 6.0 11.8729 -20.9406
5.0 6.0 11.796 -21.0462
5.0 6.0 11.8385 -21.0462
5.0 6.0 12.104 -21.0462
5.0 6.0 11.8748 -20.9406
5.0 6.0 11.8515 -21.1628
5.0 6.0 12.2463 -20.8043
5.0 6.0 11.8268 -21.0462
5.0 6.0 12.064 -20.9406
5.0 6.0 11.8976 -21.0462
5.0 6.0 12.1054 -21.0462
5.0 6.0 11.8347 -21.2268
5.0 6.0 11.8008 -21.0462
5.0 6.0 12.101 -21.0462
5.0 6.0 11.1473 -20.9406
5.0 6.0 11.7698 -21.0462
5.0 6.0 11.7687 -20.9406
5.0 6.0 11.8474 -21.0462
5.0 6.0 11.1639 -21.0462
5.0 6.0 11.9615 -20.9406
5.0 6.0 11.9322 -20.797
5.0 6.0 11.811 -20.9406
5.0 6.0 11.9107 -20.7978
5.0 6.0 11.166 -21.1628
5.0 6.0 11.8529 -20.9406
5.0 6.0 11.8614 -20.9406
5.0 6.0 12.0341 -20.9406
5.0 6.0 12.119 -21.0462
5.0 6.0 11.1476 -21.0462
5.0 6.0 11.8534 -21.1628
5.0 6.0 12.0423 -20.797
5.0 6.0 11.8252 -20.9406
5.0 6.0 11.8466 -21.0462
5.0 6.0 11.1254 -21.0462
5.0 6.0 11.7349 -20.9406
5.0 6.0 11.8612 -21.0462
5.0 6.0 11.8058 -20.9406
5.0 6.0 12.0046 -20.797
5.0 6.0 11.7573 -21.0462
5.0 6.0 11.7533 -21.0462
5.0 6.0 12.0107 -21.0462
5.0 6.0 12.1334 -20.9406
5.0 6.0 11.1464 -21.0462
5.0 6.0 11.1226 -21.0462
5.0 6.0 11.7909 -20.9406
5.0 6.0 11.9135 -20.7985
5.0 6.0 11.9603 -20.797
5.0 6.0 11.1577 -20.9406
5.0 7.0 9.80366 -21.0462
5.0 7.0 9.03766 -20.9406
5.0 7.0 9.90387 -20.8133
5.0 7.0 9.52799 -21.0462
5.0 7.0 9.99487 -20.9406
5.0 7.0 9.7707 -20.9406
5.0 7.0 9.66972 -20.9406
5.0 7.0 9.86399 -21.0462
5.0 7.0 10.0241 -20.9406
5.0 7.0 9.76971 -20.9406
5.0 7.0 10.0075 -20.9406
5.0 7.0 9.90438 -20.797
5.0 7.0 8.97111 -20.8265
5.0 7.0 9.79604 -20.9406
5.0 7.0 9.6415 -20.9406
5.0 7.0 9.69653 -20.9406
5.0 7.0 10.1981 -20.797
5.0 7.0 10.0211 -21.0462
5.0 7.0 10.0431 -21.0462
5.0 7.0 9.66194 -21.1628
5.0 7.0 9.13805 -20.8357
5.0 7.0 9.65943 -20.9406
5.0 7.0 9.74331 -21.0462
5.0 7.0 9.85651 -21.0462
5.0 7.0 10.0469 -20.9406
5.0 7.0 9.74582 -20.9406
5.0 7.0 9.73293 -21.0462
5.0 7.0 9.71106 -21.0462
5.0 7.0 10.0332 -20.9406
5.0 7.0 9.67018 -20.9406
5.0 7.0 9.74469 -20.9406
5.0 7.0 9.73406 -20.9406
5.0 7.0 9.64816 -20.9406
5.0 7.0 9.75346 -21.0462
5.0 7.0 9.74808 -20.9406
5.0 7.0 9.98019 -20.9406
5.0 7.0 9.67737 -21.0462
5.0 7.0 10.1358 -20.797
5.0 7.0 8.87711 -21.0462
5.0 7.0 9.45404 -20.7996
5.0 7.0 9.6014 -21.0462
5.0 7.0 10.0346 -21.2268
5.0 7.0 9.779 -20.9406
5.0 7.0 9.97799 -20.9406
5.0 7.0 10.0401 -20.9406
5.0 7.0 9.65866 -21.2268
5.0 7.0 10.0421 -20.9406
5.0 7.0 10.0212 -21.1828
5.0 7.0 8.91893 -21.0462
5.0 7.0 9.75588 -21.0462
5.0 8.0 9.02017 -20.9406
5.0 8.0 9.92496 -20.9406
5.0 8.0 9.60355 -21.0462
5.0 8.0 9.92196 -20.7985
5.0 8.0 9.85995 -20.797
5.0 8.0 9.01553 -21.0462
5.0 8.0 9.80145 -21.1628
5.0 8.0 9.77808 -21.0462
5.0 8.0 9.98272 -21.0462
5.0 8.0 8.90887 -20.9406
5.0 8.0 9.62307 -21.0462
5.0 8.0 9.73273 -21.0462
5.0 8.0 9.74264 -20.9406
5.0 8.0 9.00271 -21.0462
5.0 8.0 9.70496 -21.0462
5.0 8.0 9.69516 -20.9406
5.0 8.0 9.05248 -20.9406
5.0 8.0 9.67682 -21.0462
5.0 8.0 8.90237 -20.9406
5.0 8.0 9.01069 -21.1628
5.0 8.0 9.82035 -20.9406
5.0 8.0 9.07159 -20.7975
5.0 8.0 9.69767 -20.8265
5.0 8.0 10.0092 -20.7999
5.0 8.0 9.74828 -21.0462
5.0 8.0 10.0801 -20.8265
5.0 8.0 9.51486 -21.0462
5.0 8.0 9.82863 -20.9406
5.0 8.0 9.63382 -21.0462
5.0 8.0 9.67372 -20.9406
5.0 8.0 9.68872 -21.0462
5.0 8.0 9.78151 -21.0462
5.0 8.0 10.015 -20.8265
5.0 8.0 8.90559 -21.0462
5.0 8.0 9.82179 -21.0462
5.0 8.0 9.96392 -21.1828
5.0 8.0 9.90954 -20.9406
5.0 8.0 9.13373 -20.8237
5.0 8.0 9.97713 -20.9406
5.0 8.0 9.99564 -20.797
5.0 8.0 10.0459 -20.797
5.0 8.0 9.73571 -20.9406
5.0 8.0 8.91903 -21.0462
5.0 8.0 9.97687 -21.0462
5.0 8.0 9.9407 -21.0462
5.0 8.0 9.70962 -21.0462
5.0 8.0 9.95549 -21.0462
5.0 8.0 9.93632 -20.797
5.0 8.0 8.97722 -20.8009
5.0 8.0 9.98971 -20.7977
5.0 8.0 9.98971 -20.7977
5.0 8.0 9.98971 -20.7977
5.0 8.0 9.98971 -20.7977
5.0 8.0 9.98971 -20.7977
5.0 8.0 9.98971 -20.7977
5.0 8.0 9.98971 -20.7977
5.0 8.0 9.98971 -20.7977
5.0 8.0 9.98971 -20.7977
5.0 8.0 9.98971 -20.7977
5.0 8.0 9.98971 -20.7977
5.0 8.0 9.98971 -20.7977
5.0 8.0 9.98971 -20.7977
5.0 8.0 9.98971 -20.7977
5.0 8.0 9.98971 -20.7977
5.0 8.0 9.98971 -20.7977
5.0 8.0 9.98971 -20.7977
5.0 8.0 9.98971 -20.7977
5.0 8.0 9.98971 -20.7977
5.0 8.0 9.98971 -20.7977
5.0 8.0 9.98971 -20.7977
5.0 8.0 9.98971 -20.7977
5.0 8.0 9.98971 -20.7977
5.0 8.0 9.98971 -20.7977
5.0 8.0 9.98971 -20.7977
5.0 8.0 9.98971 -20.7977
5.0 8.0 9.98971 -20.7977
5.0 8.0 9.98971 -20.7977
5.0 8.0 9.98971 -20.7977
5.0 8.0 9.98971 -20.7977
5.0 8.0 9.98971 -20.7977
5.0 8.0 9.98971 -20.7977
5.0 8.0 9.98971 -20.7977
5.0 8.0 9.98971 -20.7977
5.0 8.0 9.98971 -20.7977
5.0 8.0 9.98971 -20.7977
5.0 8.0 9.98971 -20.7977
5.0 8.0 9.98971 -20.7977
5.0 8.0 9.98971 -20.7977
5.0 8.0 9.98971 -20.7977
5.0 8.0 9.98971 -20.7977
5.0 8.0 9.98971 -20.7977
5.0 8.0 9.98971 -20.7977
5.0 8.0 9.98971 -20.7977
5.0 8.0 9.98971 -20.7977
5.0 8.0 9.98971 -20.7977
5.0 8.0 9.98971 -20.7977
5.0 8.0 9.98971 -20.7977
5.0 8.0 9.98971 -20.7977
5.0 8.0 9.98971 -20.7977
5.0 8.0 9.98971 -20.7977
