0 1 0.138097 2.04198
0 1 0.137622 2.04198
0 1 0.146009 2.04198
0 1 0.135437 2.04198
0 1 0.138822 2.04198
0 1 0.139734 2.04198
0 1 0.136523 2.04198
0 1 0.136163 2.04198
0 1 0.134637 2.04198
0 1 0.136059 2.04198
0 1 0.141928 2.04198
0 1 0.149232 2.04198
0 1 0.137375 2.04198
0 1 0.140779 2.04198
0 1 0.138198 2.04198
0 1 0.136741 2.04198
0 1 0.135786 2.04198
0 1 0.152619 2.04198
0 1 0.142801 2.04198
0 1 0.14962 2.04198
0 1 0.142055 2.04198
0 1 0.135903 2.04198
0 1 0.138197 2.04198
0 1 0.13864 2.04198
0 1 0.134007 2.04198
0 1 0.139405 2.04198
0 1 0.140343 2.04198
0 1 0.136957 2.04198
0 1 0.137119 2.04198
0 1 0.138525 2.04198
0 1 0.137083 2.04198
0 1 0.14366 2.04198
0 1 0.147667 2.04198
0 1 0.134802 2.04198
0 1 0.139988 2.04198
0 1 0.145979 2.04198
0 1 0.160688 2.04198
0 1 0.145002 2.04198
0 1 0.164137 2.04198
0 1 0.161012 2.04198
0 1 0.14954 2.04198
0 1 0.1359 2.04198
0 1 0.14584 2.04198
0 1 0.141074 2.04198
0 1 0.139415 2.04198
0 1 0.13474 2.04198
0 1 0.13549 2.04198
0 1 0.144222 2.04198
0 1 0.144501 2.04198
1 1 0.223741 16.6528
1 1 0.230282 16.6528
1 1 0.213721 16.6528
1 1 0.21807 16.6528
1 1 0.241643 16.6528
1 1 0.216614 16.6528
1 1 0.218795 16.6528
1 1 0.215737 16.6528
1 1 0.216801 16.6528
1 1 0.225284 16.6528
1 1 0.253672 16.6528
1 1 0.211056 16.6528
1 1 0.215298 16.6528
1 1 0.223517 16.6528
1 1 0.215956 16.6528
1 1 0.223734 16.6528
1 1 0.219868 16.6528
1 1 0.209733 16.6528
1 1 0.217375 16.6528
1 1 0.217229 16.6528
1 1 0.238634 16.6528
1 1 0.214795 16.6528
1 1 0.222658 16.6528
1 1 0.220043 16.6528
1 1 0.254373 16.6528
1 1 0.229196 16.6528
1 1 0.221181 16.6528
1 1 0.222684 16.6528
1 1 0.256501 16.6528
1 1 0.268977 16.6528
1 1 0.209343 16.6528
1 1 0.223394 16.6528
1 1 0.21563 16.6528
1 1 0.209164 16.6528
1 1 0.223862 16.6528
1 1 0.220537 16.6528
1 1 0.226913 16.6528
1 1 0.223402 16.6528
1 1 0.244663 16.6528
1 1 0.222879 16.6528
1 1 0.212556 16.6528
1 1 0.227785 16.6528
1 1 0.254648 16.6528
1 1 0.231247 16.6528
1 1 0.237092 16.6528
1 1 0.226903 16.6528
1 1 0.25378 16.6528
1 1 0.214545 16.6528
1 1 0.22658 16.6528
1 1 0.227896 16.6528
2 1 0.616785 -0
2 1 0.619801 -0
2 1 0.630012 -0
2 1 0.646406 -0
2 1 0.600363 -0
2 1 0.620619 -0
2 1 0.613294 -0
2 1 0.616614 -0
2 1 0.651262 -0
2 1 0.645275 -0
2 1 0.646388 -0
2 1 0.733812 -0
2 1 0.612491 -0
2 1 0.6128 -0
2 1 0.622893 -0
2 1 0.623114 -0
2 1 0.610502 -0
2 1 0.606983 -0
2 1 0.625061 -0
2 1 0.628666 -0
2 1 0.731157 -0
2 1 0.603675 -0
2 1 0.618655 -0
2 1 0.619934 -0
2 1 0.630669 -0
2 1 0.609772 -0
2 1 0.607633 -0
2 1 0.646347 -0
2 1 0.645186 -0
2 1 0.647051 -0
2 1 0.607281 -0
2 1 0.616354 -0
2 1 0.624759 -0
2 1 0.623709 -0
2 1 0.623454 -0
2 1 0.618837 -0
2 1 0.734945 -0
2 1 0.610319 -0
2 1 0.621211 -0
2 1 0.616909 -0
2 1 0.604458 -0
2 1 0.621514 -0
2 1 0.602753 -0
2 1 0.614345 -0
2 1 0.612325 -0
2 1 0.611379 -0
2 1 0.624507 -0
2 1 0.650436 -0
2 1 0.677219 -0
3 1 0.176975 211.426
3 1 0.180737 211.426
3 1 0.180639 211.426
3 1 0.187204 211.426
3 1 0.188263 211.426
3 1 0.213978 211.426
3 1 0.200285 211.426
3 1 0.201952 211.426
3 1 0.216048 211.426
3 1 0.179677 211.426
3 1 0.187347 211.426
3 1 0.179455 211.426
3 1 0.18767 211.426
3 1 0.195338 211.426
3 1 0.180624 211.426
3 1 0.213255 211.426
3 1 0.188928 211.426
3 1 0.256164 211.426
3 1 0.223812 211.426
3 1 0.189982 211.426
3 1 0.187908 211.426
3 1 0.192394 211.426
3 1 0.191474 211.426
3 1 0.179749 211.426
3 1 0.178562 211.426
3 1 0.187373 211.426
3 1 0.200833 211.426
3 1 0.18847 211.426
3 1 0.193113 211.426
3 1 0.192367 211.426
3 1 0.18496 211.426
3 1 0.186041 211.426
3 1 0.191819 211.426
3 1 0.201073 211.426
3 1 0.196469 211.426
3 1 0.196199 211.426
3 1 0.182161 211.426
3 1 0.218441 211.426
3 1 0.178354 211.426
3 1 0.183068 211.426
3 1 0.187811 211.426
3 1 0.199585 211.426
3 1 0.201565 211.426
3 1 0.182236 211.426
3 1 0.181813 211.426
3 1 0.194179 211.426
3 1 0.212017 211.426
4 1 0.163239 9.99858
3 1 0.183807 211.426
3 1 0.178894 211.426
4 1 0.168906 9.99858
4 1 0.152472 9.99858
4 1 0.165815 9.99858
4 1 0.157697 9.99858
4 1 0.158992 9.99858
4 1 0.165853 9.99858
4 1 0.15933 9.99858
4 1 0.152829 9.99858
4 1 0.162234 9.99858
4 1 0.16245 9.99858
4 1 0.169408 9.99858
4 1 0.149923 9.99858
4 1 0.164542 9.99858
4 1 0.163933 9.99858
4 1 0.163767 9.99858
4 1 0.159255 9.99858
4 1 0.160992 9.99858
4 1 0.174976 9.99858
4 1 0.165192 9.99858
4 1 0.159161 9.99858
4 1 0.161837 9.99858
4 1 0.168875 9.99858
4 1 0.167386 9.99858
4 1 0.164084 9.99858
4 1 0.169574 9.99858
4 1 0.17103 9.99858
4 1 0.174561 9.99858
4 1 0.182899 9.99858
4 1 0.162267 9.99858
4 1 0.159304 9.99858
4 1 0.166181 9.99858
4 1 0.169734 9.99858
4 1 0.15742 9.99858
4 1 0.159638 9.99858
4 1 0.16719 9.99858
4 1 0.168724 9.99858
4 1 0.162193 9.99858
4 1 0.165454 9.99858
4 1 0.150395 9.99858
4 1 0.165884 9.99858
4 1 0.159708 9.99858
4 1 0.162559 9.99858
4 1 0.168372 9.99858
4 1 0.150205 9.99858
4 1 0.168086 9.99858
4 1 0.162434 9.99858
4 1 0.169481 9.99858
4 1 0.170895 9.99858
5 1 55.1046 25.0222
5 1 55.1763 25.0222
5 1 55.6094 25.0222
5 1 55.0917 25.0222
5 1 55.0708 25.0222
5 1 55.0876 25.0222
5 1 55.2116 25.0222
5 1 55.2073 25.0222
5 1 55.1278 25.0222
5 1 55.3329 25.0222
5 1 55.3737 25.0222
5 1 55.1408 25.0222
5 1 55.1741 25.0222
5 1 55.0676 25.0222
5 1 55.1175 25.0222
5 1 55.1457 25.0222
5 1 55.1336 25.0222
5 1 54.9633 25.0222
5 1 55.2197 25.0222
5 1 55.4578 25.0222
5 1 59.3956 25.0222
5 1 55.1521 25.0222
5 1 55.3467 25.0222
5 1 54.9503 25.0222
5 1 55.1007 25.0222
5 1 55.2786 25.0222
5 1 55.1106 25.0222
5 1 55.0989 25.0222
5 1 55.1356 25.0222
5 1 55.0948 25.0222
5 1 55.1074 25.0222
5 1 55.1021 25.0222
5 1 55.0339 25.0222
5 1 55.0695 25.0222
5 1 55.1324 25.0222
5 1 54.876 25.0222
5 1 55.1208 25.0222
5 1 55.2399 25.0222
5 1 55.264 25.0222
5 1 55.0503 25.0222
5 1 55.1078 25.0222
5 1 55.1271 25.0222
5 1 55.1494 25.0222
5 1 55.4204 25.0222
5 1 55.1 25.0222
5 1 55.1296 25.0222
5 1 55.3386 25.0222
5 1 54.9542 25.0222
5 1 54.9701 25.0222
5 1 55.2084 25.0222
