0.0 1.0 0.448173 -181.082
0.0 1.0 0.439052 -181.082
0.0 1.0 0.454695 -181.082
0.0 1.0 0.457344 -181.082
0.0 1.0 0.459596 -180.972
0.0 1.0 0.411031 -181.093
0.0 1.0 0.4567 -181.05
0.0 1.0 0.48146 -181.05
0.0 1.0 0.46628 -181.08
0.0 1.0 0.51071 -181.098
0.0 1.0 0.432156 -181.082
0.0 1.0 0.442368 -181.091
0.0 1.0 0.525397 -181.08
0.0 1.0 0.434088 -181.082
0.0 1.0 0.441268 -180.99
0.0 1.0 0.464673 -181.082
0.0 1.0 0.457411 -181.05
0.0 1.0 0.459667 -181.05
0.0 1.0 0.450719 -181.05
0.0 1.0 0.481926 -181.083
0.0 1.0 0.451937 -181.08
0.0 1.0 0.477179 -181.082
0.0 1.0 0.498923 -181.08
0.0 1.0 0.511325 -181.082
0.0 1.0 0.477765 -181.03
0.0 1.0 0.509536 -180.965
0.0 1.0 0.47126 -181.082
0.0 1.0 0.461563 -181.03
0.0 1.0 0.437976 -181.08
0.0 1.0 0.458703 -181.082
0.0 1.0 0.477348 -181.03
0.0 1.0 0.510285 -181.08
0.0 1.0 0.453104 -181.083
0.0 1.0 0.414615 -181.082
0.0 1.0 0.425525 -181.08
0.0 1.0 0.451626 -181.08
0.0 1.0 0.539146 -181.03
0.0 1.0 0.541906 -181.05
0.0 1.0 0.452906 -181.082
0.0 1.0 0.477923 -181.03
0.0 1.0 0.46533 -181.05
0.0 1.0 0.492974 -181.082
0.0 1.0 0.531874 -181.082
0.0 1.0 0.540915 -181.082
0.0 1.0 0.439767 -181.082
0.0 1.0 0.478259 -181.05
0.0 1.0 0.408725 -181.093
0.0 1.0 0.434417 -181.093
0.0 1.0 0.420528 -181.08
0.0 1.0 0.440646 -181.093
0.0 2.0 0.232473 -181.009
0.0 2.0 0.221262 -181.05
0.0 2.0 0.221042 -181.075
0.0 2.0 0.248499 -181.05
0.0 2.0 0.238752 -181.058
0.0 2.0 0.253444 -181.09
0.0 2.0 0.237588 -180.994
0.0 2.0 0.218624 -181.066
0.0 2.0 0.22412 -181.082
0.0 2.0 0.231052 -181.051
0.0 2.0 0.244842 -181.099
0.0 2.0 0.256579 -181.001
0.0 2.0 0.236661 -181.059
0.0 2.0 0.217216 -181.066
0.0 2.0 0.239375 -181.082
0.0 2.0 0.231714 -181.023
0.0 2.0 0.229971 -181.082
0.0 2.0 0.232888 -181.08
0.0 2.0 0.23767 -181.082
0.0 2.0 0.232717 -180.926
0.0 2.0 0.244639 -181.05
0.0 2.0 0.243603 -181.05
0.0 2.0 0.228765 -181.078
0.0 2.0 0.227679 -181.066
0.0 2.0 0.226815 -181.082
0.0 2.0 0.239408 -180.999
0.0 2.0 0.240385 -181.085
0.0 2.0 0.231617 -181.082
0.0 2.0 0.220233 -181.066
0.0 2.0 0.231792 -181.08
0.0 2.0 0.245924 -181.097
0.0 2.0 0.23607 -181.099
0.0 2.0 0.223892 -181.05
0.0 2.0 0.228253 -181.082
0.0 2.0 0.231674 -181.082
0.0 2.0 0.222181 -181.082
0.0 2.0 0.235899 -181.085
0.0 2.0 0.237445 -181.039
0.0 2.0 0.222797 -181.082
0.0 2.0 0.253646 -181.05
0.0 2.0 0.239676 -180.944
0.0 2.0 0.286091 -181.097
0.0 2.0 0.242103 -180.96
0.0 2.0 0.238078 -181.082
0.0 2.0 0.245331 -181.011
0.0 2.0 0.237483 -181.046
0.0 2.0 0.225305 -181.066
0.0 2.0 0.23151 -181.097
0.0 2.0 0.229154 -181.051
0.0 2.0 0.230523 -181.023
0.0 4.0 0.201482 -180.978
0.0 4.0 0.19896 -181.104
0.0 4.0 0.200848 -181.076
0.0 4.0 0.199918 -181.091
0.0 4.0 0.195422 -181.08
0.0 4.0 0.192877 -180.96
0.0 4.0 0.194679 -180.96
0.0 4.0 0.189837 -180.942
0.0 4.0 0.198029 -181.031
0.0 4.0 0.194334 -181.003
0.0 4.0 0.191661 -180.96
0.0 4.0 0.196934 -181.087
0.0 4.0 0.200052 -181.058
0.0 4.0 0.199334 -181.086
0.0 4.0 0.195014 -181.049
0.0 4.0 0.190796 -180.96
0.0 4.0 0.195186 -181.013
0.0 4.0 0.193014 -181.019
0.0 4.0 0.200919 -180.996
0.0 4.0 0.193169 -180.993
0.0 4.0 0.196794 -180.982
0.0 4.0 0.199571 -181.069
0.0 4.0 0.196736 -181.093
0.0 4.0 0.193668 -181.004
0.0 4.0 0.197325 -181.06
0.0 4.0 0.196826 -181.072
0.0 4.0 0.201271 -181.076
0.0 4.0 0.194043 -181.04
0.0 4.0 0.193997 -181.019
0.0 4.0 0.199239 -181.095
0.0 4.0 0.196042 -181.055
0.0 4.0 0.196994 -181.095
0.0 4.0 0.196315 -180.96
0.0 4.0 0.196363 -181.031
0.0 4.0 0.193417 -181.028
0.0 4.0 0.197197 -181.098
0.0 4.0 0.191497 -180.968
0.0 4.0 0.193239 -181.026
0.0 4.0 0.196364 -181.065
0.0 4.0 0.19356 -181.026
0.0 4.0 0.194284 -180.92
0.0 4.0 0.2009 -180.996
0.0 4.0 0.197383 -181.016
0.0 4.0 0.192477 -181.069
0.0 4.0 0.194777 -181.051
0.0 4.0 0.190048 -180.977
0.0 4.0 0.194134 -180.974
0.0 4.0 0.192818 -181.003
0.0 4.0 0.199576 -181.066
0.0 4.0 0.20004 -181.065
0.0 5.0 0.247107 -180.88
0.0 5.0 0.245108 -180.995
0.0 5.0 0.24999 -181.017
0.0 5.0 0.250025 -181.046
0.0 5.0 0.240415 -181.014
0.0 5.0 0.261869 -180.88
0.0 5.0 0.250017 -181.014
0.0 5.0 0.25031 -180.88
0.0 5.0 0.247981 -181.046
0.0 5.0 0.266849 -180.757
0.0 5.0 0.254197 -181.077
0.0 5.0 0.250728 -181.017
0.0 5.0 0.245902 -180.88
0.0 5.0 0.250407 -181.077
0.0 5.0 0.787163 -181.043
0.0 5.0 0.776536 -181.082
0.0 5.0 0.733066 -180.929
0.0 5.0 0.251643 -181.017
0.0 5.0 0.734816 -181.061
0.0 5.0 0.779924 -180.971
0.0 5.0 0.699145 -181.086
0.0 5.0 0.700645 -180.916
0.0 5.0 0.761771 -181.07
0.0 5.0 0.692342 -180.88
0.0 5.0 0.267024 -180.88
0.0 5.0 0.273241 -180.88
0.0 5.0 0.260175 -181.014
0.0 5.0 0.764758 -180.917
0.0 5.0 0.752778 -180.954
0.0 5.0 2.2898 -181.08
0.0 5.0 0.753802 -181.003
0.0 5.0 0.828955 -181.086
0.0 5.0 0.765778 -181.063
0.0 5.0 0.80493 -180.971
0.0 5.0 0.771076 -180.915
0.0 5.0 0.252446 -181.077
0.0 5.0 0.746426 -181.098
0.0 5.0 0.858042 -180.954
0.0 5.0 0.722884 -181.068
0.0 5.0 0.772545 -180.915
0.0 5.0 0.691263 -181.093
0.0 5.0 0.757661 -181.086
0.0 5.0 0.277577 -180.982
0.0 5.0 0.771035 -181.043
0.0 5.0 0.733295 -181.047
0.0 5.0 0.837894 -181.061
0.0 5.0 0.765222 -180.875
0.0 5.0 0.784213 -180.994
0.0 5.0 0.969429 -180.983
0.0 5.0 0.832674 -180.954
0.0 10.0 0.761552 -181.097
0.0 10.0 0.675198 -180.978
0.0 10.0 0.676085 -181.088
0.0 10.0 0.673098 -181.103
0.0 10.0 0.748596 -180.902
0.0 10.0 0.747275 -181.02
0.0 10.0 1.43294 -180.922
0.0 10.0 0.752369 -180.947
0.0 10.0 1.2654 -181.074
0.0 10.0 1.38564 -181.076
0.0 10.0 0.647671 -181.072
0.0 10.0 1.6816 -181.054
0.0 10.0 0.72428 -180.99
0.0 10.0 1.36892 -181.029
0.0 10.0 1.43056 -180.902
0.0 10.0 0.687741 -181.061
0.0 10.0 0.779777 -181.098
0.0 10.0 0.820534 -180.902
0.0 10.0 1.83125 -181.069
0.0 10.0 0.669629 -181.018
0.0 10.0 0.598228 -180.902
0.0 10.0 0.708585 -181.054
0.0 10.0 0.83721 -181.028
0.0 10.0 0.773934 -181.086
0.0 10.0 1.45391 -181.045
0.0 10.0 0.804809 -181.081
0.0 10.0 0.743948 -181.036
0.0 10.0 1.21905 -181.088
0.0 10.0 0.668286 -181.092
0.0 10.0 0.698488 -180.945
0.0 10.0 1.30785 -181.081
0.0 10.0 1.23843 -181.098
0.0 10.0 1.39238 -181.026
0.0 10.0 0.709956 -180.954
0.0 10.0 0.694005 -180.916
0.0 10.0 0.736414 -181.063
0.0 10.0 0.660039 -180.962
0.0 10.0 0.655107 -180.971
0.0 10.0 1.44462 -180.96
0.0 10.0 0.684181 -181.083
0.0 10.0 0.623209 -181.088
0.0 10.0 0.695901 -181.093
0.0 10.0 1.99456 -180.958
0.0 10.0 0.684909 -181.07
0.0 10.0 0.773623 -180.916
0.0 10.0 0.688846 -180.946
0.0 10.0 0.795922 -181.087
0.0 10.0 0.762804 -181.047
0.0 10.0 0.824236 -180.918
0.0 10.0 0.760402 -181.032
1.0 1.0 0.51035 -19.5954
1.0 1.0 0.458396 -19.5942
1.0 1.0 0.45919 -19.5954
1.0 1.0 0.497673 -19.5954
1.0 1.0 0.517435 -19.5954
1.0 1.0 0.428448 -19.5954
1.0 1.0 0.475848 -19.5954
1.0 1.0 0.472733 -19.5954
1.0 1.0 0.450711 -19.5954
1.0 1.0 0.479431 -19.5954
1.0 1.0 0.494996 -19.5954
1.0 1.0 0.474267 -19.5954
1.0 1.0 0.564708 -19.5954
1.0 1.0 0.465261 -19.5942
1.0 1.0 0.46259 -19.5954
1.0 1.0 0.48634 -19.5954
1.0 1.0 0.465451 -19.5953
1.0 1.0 0.522493 -19.5954
1.0 1.0 0.424685 -19.5954
1.0 1.0 0.457493 -19.5953
1.0 1.0 0.468217 -19.5954
1.0 1.0 0.472468 -19.5954
1.0 1.0 0.445473 -19.5942
1.0 1.0 0.476921 -19.5954
1.0 1.0 0.473569 -19.5954
1.0 1.0 0.48532 -19.5954
1.0 1.0 0.415889 -19.5954
1.0 1.0 0.467484 -19.5953
1.0 1.0 0.460019 -19.5954
1.0 1.0 0.477328 -19.5954
1.0 1.0 0.458769 -19.5954
1.0 1.0 0.447771 -19.5954
1.0 1.0 0.500575 -19.5954
1.0 1.0 0.443176 -19.5953
1.0 1.0 0.448386 -19.5942
1.0 1.0 0.484589 -19.5954
1.0 1.0 0.55343 -19.5954
1.0 1.0 0.503029 -19.5954
1.0 1.0 0.49058 -19.5954
1.0 1.0 0.470394 -19.5954
1.0 1.0 0.489631 -19.5953
1.0 1.0 0.486169 -19.5954
1.0 1.0 0.478855 -19.5953
1.0 1.0 0.466444 -19.5953
1.0 1.0 0.478896 -19.5954
1.0 1.0 0.480284 -19.5954
1.0 1.0 0.500334 -19.5953
1.0 1.0 0.469673 -19.5954
1.0 1.0 0.436333 -19.5954
1.0 1.0 0.45939 -19.5942
1.0 2.0 0.267368 -19.5954
1.0 2.0 0.256558 -19.5954
1.0 2.0 0.244899 -19.5954
1.0 2.0 0.258977 -19.5954
1.0 2.0 0.248248 -19.5954
1.0 2.0 0.261078 -19.5954
1.0 2.0 0.264739 -19.5954
1.0 2.0 0.245037 -19.5954
1.0 2.0 0.23019 -19.5949
1.0 2.0 0.243096 -19.5954
1.0 2.0 0.245421 -19.5954
1.0 2.0 0.239606 -19.5954
1.0 2.0 0.248799 -19.5954
1.0 2.0 0.25292 -19.5953
1.0 2.0 0.257573 -19.5954
1.0 2.0 0.277939 -19.5954
1.0 2.0 0.303382 -19.5946
1.0 2.0 0.242947 -19.5954
1.0 2.0 0.238513 -19.5954
1.0 2.0 0.246797 -19.5953
1.0 2.0 0.255537 -19.5943
1.0 2.0 0.24398 -19.5949
1.0 2.0 0.252872 -19.5951
1.0 2.0 0.247163 -19.5954
1.0 2.0 0.250451 -19.595
1.0 2.0 0.25715 -19.5954
1.0 2.0 0.242306 -19.5954
1.0 2.0 0.248782 -19.5954
1.0 2.0 0.243784 -19.5954
1.0 2.0 0.26909 -19.5946
1.0 2.0 0.263049 -19.5954
1.0 2.0 0.240907 -19.5954
1.0 2.0 0.247801 -19.5954
1.0 2.0 0.247765 -19.5947
1.0 2.0 0.245171 -19.5954
1.0 2.0 0.244727 -19.5954
1.0 2.0 0.25836 -19.595
1.0 2.0 0.260923 -19.5954
1.0 2.0 0.244694 -19.5954
1.0 2.0 0.228188 -19.5949
1.0 2.0 0.226055 -19.5949
1.0 2.0 0.256872 -19.5954
1.0 2.0 0.236215 -19.5946
1.0 2.0 0.253989 -19.5954
1.0 2.0 0.244797 -19.5953
1.0 2.0 0.233158 -19.5949
1.0 2.0 0.257577 -19.5953
1.0 2.0 0.269757 -19.5954
1.0 2.0 0.252156 -19.5953
1.0 2.0 0.247915 -19.5954
1.0 4.0 0.190929 -19.5954
1.0 4.0 0.194061 -19.5954
1.0 4.0 0.188374 -19.5954
1.0 4.0 0.191903 -19.5954
1.0 4.0 0.190081 -19.5954
1.0 4.0 0.191377 -19.5954
1.0 4.0 0.196045 -19.5954
1.0 4.0 0.18995 -19.5954
1.0 4.0 0.189198 -19.5954
1.0 4.0 0.191622 -19.5954
1.0 4.0 0.190437 -19.5954
1.0 4.0 0.193262 -19.5954
1.0 4.0 0.191632 -19.5954
1.0 4.0 0.200258 -19.5954
1.0 4.0 0.190083 -19.5954
1.0 4.0 0.23139 -19.5954
1.0 4.0 0.194183 -19.5954
1.0 4.0 0.190911 -19.5954
1.0 4.0 0.191179 -19.5954
1.0 4.0 0.188662 -19.5954
1.0 4.0 0.190748 -19.5954
1.0 4.0 0.191451 -19.5954
1.0 4.0 0.18839 -19.5954
1.0 4.0 0.189122 -19.5954
1.0 4.0 0.193174 -19.5954
1.0 4.0 0.194009 -19.5954
1.0 4.0 0.188341 -19.5954
1.0 4.0 0.191748 -19.5954
1.0 4.0 0.192111 -19.5954
1.0 4.0 0.191477 -19.5954
1.0 4.0 0.192921 -19.5954
1.0 4.0 0.188041 -19.5954
1.0 4.0 0.19566 -19.5954
1.0 4.0 0.189873 -19.5954
1.0 4.0 0.19381 -19.5954
1.0 4.0 0.19291 -19.5954
1.0 4.0 0.203903 -19.5954
1.0 4.0 0.19105 -19.5954
1.0 4.0 0.190822 -19.5954
1.0 4.0 0.188524 -19.5954
1.0 4.0 0.187264 -19.5954
1.0 4.0 0.192695 -19.5954
1.0 4.0 0.193097 -19.5954
1.0 4.0 0.191601 -19.5954
1.0 4.0 0.19143 -19.5954
1.0 4.0 0.193295 -19.5954
1.0 4.0 0.189226 -19.5954
1.0 4.0 0.195156 -19.5954
1.0 4.0 0.193445 -19.5954
1.0 4.0 0.19115 -19.5954
1.0 5.0 1.14393 -19.5952
1.0 5.0 0.683025 -19.5954
1.0 5.0 0.276352 -19.5953
1.0 5.0 0.678772 -19.5954
1.0 5.0 0.70659 -19.5954
1.0 5.0 0.265521 -19.5953
1.0 5.0 1.13331 -19.5953
1.0 5.0 0.271324 -19.5952
1.0 5.0 0.65373 -19.5954
1.0 5.0 0.754303 -19.5953
1.0 5.0 0.656928 -19.5954
1.0 5.0 0.252297 -19.5953
1.0 5.0 0.77551 -19.5954
1.0 5.0 0.656117 -19.5954
1.0 5.0 0.651906 -19.5954
1.0 5.0 0.735147 -19.5953
1.0 5.0 0.772379 -19.5952
1.0 5.0 0.279372 -19.5952
1.0 5.0 0.737964 -19.5952
1.0 5.0 0.699231 -19.5952
1.0 5.0 0.754939 -19.5954
1.0 5.0 0.773731 -19.595
1.0 5.0 0.650765 -19.5954
1.0 5.0 0.696417 -19.5954
1.0 5.0 0.759262 -19.5954
1.0 5.0 0.721997 -19.5954
1.0 5.0 0.256941 -19.5953
1.0 5.0 0.749927 -19.5953
1.0 5.0 0.662208 -19.5952
1.0 5.0 0.789267 -19.5954
1.0 5.0 0.837721 -19.5954
1.0 5.0 0.696956 -19.5954
1.0 5.0 0.79043 -19.5946
1.0 5.0 0.6771 -19.5954
1.0 5.0 0.269136 -19.5952
1.0 5.0 0.712845 -19.5952
1.0 5.0 0.700086 -19.5948
1.0 5.0 0.254255 -19.5953
1.0 5.0 0.731925 -19.5953
1.0 5.0 0.807089 -19.5938
1.0 5.0 0.272152 -19.5952
1.0 5.0 0.835896 -19.5954
1.0 5.0 0.72721 -19.5954
1.0 5.0 0.684226 -19.5954
1.0 5.0 0.698382 -19.5954
1.0 5.0 0.8951 -19.5954
1.0 5.0 0.715386 -19.5954
1.0 5.0 0.71308 -19.5954
1.0 5.0 1.22636 -19.5954
1.0 5.0 0.721631 -19.5954
1.0 10.0 0.799569 -19.5954
1.0 10.0 0.755778 -19.5954
1.0 10.0 0.907222 -19.5954
1.0 10.0 0.856439 -19.5954
1.0 10.0 0.846588 -19.5952
1.0 10.0 0.690413 -19.5953
1.0 10.0 0.723966 -19.5954
1.0 10.0 0.797473 -19.5954
1.0 10.0 0.809089 -19.5954
1.0 10.0 0.793902 -19.5954
1.0 10.0 0.752083 -19.5954
1.0 10.0 0.729678 -19.5948
1.0 10.0 0.925836 -19.5954
1.0 10.0 0.717193 -19.5954
1.0 10.0 0.777651 -19.5952
1.0 10.0 1.10544 -19.5953
1.0 10.0 0.582176 -19.5952
1.0 10.0 0.680101 -19.5954
1.0 10.0 0.671506 -19.5954
1.0 10.0 0.799884 -19.5953
1.0 10.0 0.798902 -19.5954
1.0 10.0 0.932037 -19.5954
1.0 10.0 0.762025 -19.5954
1.0 10.0 0.593102 -19.5954
1.0 10.0 0.574072 -19.5954
1.0 10.0 0.655127 -19.5949
1.0 10.0 0.902933 -19.5954
1.0 10.0 0.564276 -19.5954
1.0 10.0 0.969079 -19.5954
1.0 10.0 0.686196 -19.5954
1.0 10.0 0.704385 -19.5954
1.0 10.0 0.801294 -19.5953
1.0 10.0 0.738622 -19.5952
1.0 10.0 0.625319 -19.5954
1.0 10.0 0.796666 -19.5953
1.0 10.0 0.859831 -19.5954
1.0 10.0 0.599905 -19.5954
1.0 10.0 0.917221 -19.5954
1.0 10.0 0.624379 -19.5954
1.0 10.0 1.43039 -19.5951
1.0 10.0 0.711602 -19.5954
1.0 10.0 1.26719 -19.5953
1.0 10.0 0.673351 -19.5954
1.0 10.0 1.63125 -19.5953
1.0 10.0 1.29752 -19.5953
1.0 10.0 2.62443 -19.5954
1.0 10.0 1.32633 -19.5954
1.0 10.0 1.20338 -19.5954
1.0 10.0 0.911648 -19.5954
1.0 10.0 0.681121 -19.5952
2.0 1.0 0.277694 -19.2085
2.0 1.0 0.257101 -19.2085
2.0 1.0 0.245244 -19.2085
2.0 1.0 0.306554 -19.2085
2.0 1.0 0.279278 -19.2085
2.0 1.0 0.290061 -19.2085
2.0 1.0 0.289576 -19.2085
2.0 1.0 0.315664 -19.2085
2.0 1.0 0.282016 -19.2085
2.0 1.0 0.290212 -19.2085
2.0 1.0 0.26567 -19.2085
2.0 1.0 0.300074 -19.2085
2.0 1.0 0.277352 -19.2085
2.0 1.0 0.28788 -19.2085
2.0 1.0 0.302323 -19.2085
2.0 1.0 0.290579 -19.2085
2.0 1.0 0.289245 -19.2085
2.0 1.0 0.245285 -19.2085
2.0 1.0 0.268399 -19.2085
2.0 1.0 0.280597 -19.2085
2.0 1.0 0.283699 -19.2085
2.0 1.0 0.330495 -19.2085
2.0 1.0 0.289349 -19.2085
2.0 1.0 0.317936 -19.2085
2.0 1.0 0.287637 -19.2085
2.0 1.0 0.258653 -19.2085
2.0 1.0 0.262866 -19.2085
2.0 1.0 0.269388 -19.2085
2.0 1.0 0.277483 -19.2085
2.0 1.0 0.267143 -19.2085
2.0 1.0 0.314286 -19.2085
2.0 1.0 0.269464 -19.2085
2.0 1.0 0.265982 -19.2085
2.0 1.0 0.293325 -19.2085
2.0 1.0 0.288178 -19.2085
2.0 1.0 0.268166 -19.2085
2.0 1.0 0.25755 -19.2085
2.0 1.0 0.273227 -19.2085
2.0 1.0 0.289712 -19.2085
2.0 1.0 0.293346 -19.2085
2.0 1.0 0.292675 -19.2085
2.0 1.0 0.269291 -19.2085
2.0 1.0 0.259407 -19.2085
2.0 1.0 0.330591 -19.2085
2.0 1.0 0.286512 -19.2085
2.0 1.0 0.271658 -19.2085
2.0 1.0 0.301096 -19.2085
2.0 1.0 0.261764 -19.2085
2.0 1.0 0.266571 -19.2085
2.0 1.0 0.299965 -19.2085
2.0 2.0 0.164247 -19.2085
2.0 2.0 0.162871 -19.2085
2.0 2.0 0.166156 -19.2085
2.0 2.0 0.144446 -19.2085
2.0 2.0 0.162828 -19.2085
2.0 2.0 0.153324 -19.2085
2.0 2.0 0.160011 -19.2085
2.0 2.0 0.154025 -19.2085
2.0 2.0 0.158703 -19.2085
2.0 2.0 0.150313 -19.2085
2.0 2.0 0.146225 -19.2085
2.0 2.0 0.15208 -19.2085
2.0 2.0 0.158744 -19.2085
2.0 2.0 0.151306 -19.2085
2.0 2.0 0.139158 -19.2085
2.0 2.0 0.161491 -19.2085
2.0 2.0 0.171105 -19.2085
2.0 2.0 0.139949 -19.2085
2.0 2.0 0.15495 -19.2085
2.0 2.0 0.141153 -19.2085
2.0 2.0 0.141318 -19.2085
2.0 2.0 0.142626 -19.2085
2.0 2.0 0.137263 -19.2085
2.0 2.0 0.14103 -19.2085
2.0 2.0 0.144229 -19.2085
2.0 2.0 0.15903 -19.2085
2.0 2.0 0.16426 -19.2085
2.0 2.0 0.13967 -19.2085
2.0 2.0 0.151593 -19.2085
2.0 2.0 0.146911 -19.2085
2.0 2.0 0.15306 -19.2085
2.0 2.0 0.143418 -19.2085
2.0 2.0 0.152157 -19.2085
2.0 2.0 0.157692 -19.2085
2.0 2.0 0.148369 -19.2085
2.0 2.0 0.149311 -19.2085
2.0 2.0 0.154396 -19.2085
2.0 2.0 0.14864 -19.2085
2.0 2.0 0.157162 -19.2085
2.0 2.0 0.148859 -19.2085
2.0 2.0 0.163417 -19.2085
2.0 2.0 0.148194 -19.2085
2.0 2.0 0.157825 -19.2085
2.0 2.0 0.155071 -19.2085
2.0 2.0 0.145551 -19.2085
2.0 2.0 0.151014 -19.2085
2.0 2.0 0.156422 -19.2085
2.0 2.0 0.14321 -19.2085
2.0 2.0 0.146398 -19.2085
2.0 2.0 0.15408 -19.2085
2.0 4.0 0.14505 -19.2085
2.0 4.0 0.151898 -19.2085
2.0 4.0 0.143544 -19.2085
2.0 4.0 0.144901 -19.2085
2.0 4.0 0.145659 -19.2085
2.0 4.0 0.142439 -19.2085
2.0 4.0 0.149783 -19.2085
2.0 4.0 0.145186 -19.2085
2.0 4.0 0.149049 -19.2085
2.0 4.0 0.142791 -19.2085
2.0 4.0 0.147024 -19.2085
2.0 4.0 0.160497 -19.2085
2.0 4.0 0.146788 -19.2085
2.0 4.0 0.14722 -19.2085
2.0 4.0 0.146232 -19.2085
2.0 4.0 0.143947 -19.2085
2.0 4.0 0.146401 -19.2085
2.0 4.0 0.15079 -19.2085
2.0 4.0 0.152492 -19.2085
2.0 4.0 0.146371 -19.2085
2.0 4.0 0.145219 -19.2085
2.0 4.0 0.153523 -19.2085
2.0 4.0 0.145287 -19.2085
2.0 4.0 0.143732 -19.2085
2.0 4.0 0.14812 -19.2085
2.0 4.0 0.144093 -19.2085
2.0 4.0 0.151907 -19.2085
2.0 4.0 0.145214 -19.2085
2.0 4.0 0.143971 -19.2085
2.0 4.0 0.15414 -19.2085
2.0 4.0 0.142997 -19.2085
2.0 4.0 0.144325 -19.2085
2.0 4.0 0.144393 -19.2085
2.0 4.0 0.143452 -19.2085
2.0 4.0 0.145943 -19.2085
2.0 4.0 0.144586 -19.2085
2.0 4.0 0.14686 -19.2085
2.0 4.0 0.147038 -19.2085
2.0 4.0 0.144394 -19.2085
2.0 4.0 0.142278 -19.2085
2.0 4.0 0.150341 -19.2085
2.0 4.0 0.151933 -19.2085
2.0 4.0 0.146808 -19.2085
2.0 4.0 0.144433 -19.2085
2.0 4.0 0.15623 -19.2085
2.0 4.0 0.1514 -19.2085
2.0 4.0 0.142681 -19.2085
2.0 4.0 0.139903 -19.2085
2.0 4.0 0.165841 -19.2085
2.0 4.0 0.14697 -19.2085
2.0 5.0 0.362717 -19.2085
2.0 5.0 0.329218 -19.2085
2.0 5.0 0.296244 -19.2085
2.0 5.0 0.364519 -19.2085
2.0 5.0 0.340099 -19.2085
2.0 5.0 0.296128 -19.2085
2.0 5.0 0.378902 -19.2085
2.0 5.0 0.185246 -19.2085
2.0 5.0 0.181661 -19.2085
2.0 5.0 0.396443 -19.2085
2.0 5.0 0.26948 -19.2085
2.0 5.0 0.519228 -19.2085
2.0 5.0 0.625339 -19.2085
2.0 5.0 0.328399 -19.2085
2.0 5.0 0.188814 -19.2085
2.0 5.0 0.309317 -19.2085
2.0 5.0 0.365342 -19.2085
2.0 5.0 0.330001 -19.2085
2.0 5.0 0.327004 -19.2085
2.0 5.0 0.476927 -19.2085
2.0 5.0 0.303043 -19.2085
2.0 5.0 0.289906 -19.2085
2.0 5.0 0.358917 -19.2085
2.0 5.0 0.393552 -19.2085
2.0 5.0 0.345887 -19.2085
2.0 5.0 0.550925 -19.2085
2.0 5.0 0.300506 -19.2085
2.0 5.0 0.345017 -19.2085
2.0 5.0 0.36215 -19.2085
2.0 5.0 0.314746 -19.2085
2.0 5.0 0.390335 -19.2085
2.0 5.0 0.171653 -19.2085
2.0 5.0 0.298024 -19.2085
2.0 5.0 0.167806 -19.2085
2.0 5.0 0.410978 -19.2085
2.0 5.0 0.186462 -19.2085
2.0 5.0 0.348404 -19.2085
2.0 5.0 0.336649 -19.2085
2.0 5.0 0.335954 -19.2085
2.0 5.0 0.278023 -19.2085
2.0 5.0 0.325417 -19.2085
2.0 5.0 0.336503 -19.2085
2.0 5.0 0.171557 -19.2085
2.0 5.0 0.459301 -19.2085
2.0 5.0 0.421556 -19.2085
2.0 5.0 0.379848 -19.2085
2.0 5.0 0.315186 -19.2085
2.0 5.0 0.357981 -19.2085
2.0 5.0 0.297708 -19.2085
2.0 5.0 0.374308 -19.2085
2.0 10.0 0.472331 -19.2085
2.0 10.0 0.318694 -19.2085
2.0 10.0 0.366269 -19.2085
2.0 10.0 0.853316 -19.2085
2.0 10.0 0.702024 -19.2085
2.0 10.0 0.565361 -19.2085
2.0 10.0 0.339187 -19.2085
2.0 10.0 0.584842 -19.2085
2.0 10.0 1.42113 -19.2085
2.0 10.0 0.890724 -19.2085
2.0 10.0 0.340228 -19.2085
2.0 10.0 0.449634 -19.2085
2.0 10.0 1.04212 -19.2085
2.0 10.0 1.15914 -19.2085
2.0 10.0 0.295953 -19.2085
2.0 10.0 0.505731 -19.2085
2.0 10.0 0.628926 -19.2085
2.0 10.0 1.09748 -19.2085
2.0 10.0 1.92739 -19.2085
2.0 10.0 0.341369 -19.2085
2.0 10.0 3.49039 -19.2085
2.0 10.0 0.294708 -19.2085
2.0 10.0 0.580657 -19.2085
2.0 10.0 0.601994 -19.2085
2.0 10.0 0.263505 -19.2085
2.0 10.0 0.370642 -19.2085
2.0 10.0 0.795412 -19.2085
2.0 10.0 1.42761 -19.2085
2.0 10.0 1.04603 -19.2085
2.0 10.0 1.64466 -19.2085
2.0 10.0 0.315203 -19.2085
2.0 10.0 0.334999 -19.2085
2.0 10.0 0.345974 -19.2085
2.0 10.0 0.302803 -19.2085
2.0 10.0 0.330844 -19.2085
2.0 10.0 0.318888 -19.2085
2.0 10.0 0.363196 -19.2085
2.0 10.0 0.327741 -19.2085
2.0 10.0 0.732684 -19.2085
2.0 10.0 0.841532 -19.2085
2.0 10.0 0.299605 -19.2085
2.0 10.0 0.36158 -19.2085
2.0 10.0 0.401606 -19.2085
2.0 10.0 0.521938 -19.2085
2.0 10.0 0.393159 -19.2085
2.0 10.0 0.323389 -19.2085
2.0 10.0 0.291627 -19.2085
2.0 10.0 0.376005 -19.2085
2.0 10.0 0.327591 -19.2085
2.0 10.0 0.310939 -19.2085
3.0 1.0 0.190448 -80.7066
3.0 1.0 0.206179 -80.7066
3.0 1.0 0.177248 -80.7066
3.0 1.0 0.201041 -80.7066
3.0 1.0 0.199374 -80.7066
3.0 1.0 0.187524 -80.7066
3.0 1.0 0.189503 -80.7066
3.0 1.0 0.211184 -80.7066
3.0 1.0 0.177417 -80.7066
3.0 1.0 0.180889 -80.7066
3.0 1.0 0.185879 -80.7066
3.0 1.0 0.219079 -80.7066
3.0 1.0 0.191717 -80.7066
3.0 1.0 0.198163 -80.7066
3.0 1.0 0.184147 -80.7066
3.0 1.0 0.19309 -80.7066
3.0 1.0 0.207912 -80.7066
3.0 1.0 0.200468 -80.7066
3.0 1.0 0.216896 -80.7066
3.0 1.0 0.179201 -80.7066
3.0 1.0 0.1857 -80.7066
3.0 1.0 0.20698 -80.7066
3.0 1.0 0.197145 -80.7066
3.0 1.0 0.176388 -80.7066
3.0 1.0 0.213607 -80.7066
3.0 1.0 0.189525 -80.7066
3.0 1.0 0.214262 -80.7066
3.0 1.0 0.199098 -80.7066
3.0 1.0 0.215063 -80.7066
3.0 1.0 0.199323 -80.7066
3.0 1.0 0.212402 -80.7066
3.0 1.0 0.231024 -80.7066
3.0 1.0 0.196606 -80.7066
3.0 1.0 0.184003 -80.7066
3.0 1.0 0.192644 -80.7066
3.0 1.0 0.177335 -80.7066
3.0 1.0 0.200693 -80.7066
3.0 1.0 0.199515 -80.7066
3.0 1.0 0.218943 -80.7066
3.0 1.0 0.185774 -80.7066
3.0 1.0 0.198866 -80.7066
3.0 1.0 0.241999 -80.7066
3.0 1.0 0.207294 -80.7066
3.0 1.0 0.188119 -80.7066
3.0 1.0 0.193623 -80.7066
3.0 1.0 0.201078 -80.7066
3.0 1.0 0.185506 -80.7066
3.0 1.0 0.214459 -80.7066
3.0 1.0 0.1981 -80.7066
3.0 1.0 0.243731 -80.7066
3.0 2.0 0.119529 -80.7066
3.0 2.0 0.104272 -80.7066
3.0 2.0 0.120512 -80.7066
3.0 2.0 0.109565 -80.7066
3.0 2.0 0.112999 -80.7066
3.0 2.0 0.11557 -80.7066
3.0 2.0 0.105655 -80.7066
3.0 2.0 0.110154 -80.7066
3.0 2.0 0.108829 -80.7066
3.0 2.0 0.0998307 -80.7066
3.0 2.0 0.107281 -80.7066
3.0 2.0 0.110819 -80.7066
3.0 2.0 0.109955 -80.7066
3.0 2.0 0.110417 -80.7066
3.0 2.0 0.125043 -80.7066
3.0 2.0 0.10295 -80.7066
3.0 2.0 0.104929 -80.7066
3.0 2.0 0.11621 -80.7066
3.0 2.0 0.102694 -80.7066
3.0 2.0 0.108191 -80.7066
3.0 2.0 0.122424 -80.7066
3.0 2.0 0.11936 -80.7066
3.0 2.0 0.110624 -80.7066
3.0 2.0 0.124229 -80.7066
3.0 2.0 0.114929 -80.7066
3.0 2.0 0.103706 -80.7066
3.0 2.0 0.119041 -80.7066
3.0 2.0 0.112235 -80.7066
3.0 2.0 0.132066 -80.7066
3.0 2.0 0.111073 -80.7066
3.0 2.0 0.103213 -80.7066
3.0 2.0 0.118608 -80.7066
3.0 2.0 0.114882 -80.7066
3.0 2.0 0.111349 -80.7066
3.0 2.0 0.115504 -80.7066
3.0 2.0 0.106093 -80.7066
3.0 2.0 0.106163 -80.7066
3.0 2.0 0.136076 -80.7066
3.0 2.0 0.119304 -80.7066
3.0 2.0 0.108097 -80.7066
3.0 2.0 0.114692 -80.7066
3.0 2.0 0.10299 -80.7066
3.0 2.0 0.105512 -80.7066
3.0 2.0 0.110949 -80.7066
3.0 2.0 0.110443 -80.7066
3.0 2.0 0.108723 -80.7066
3.0 2.0 0.0994734 -80.7066
3.0 2.0 0.103545 -80.7066
3.0 2.0 0.107473 -80.7066
3.0 2.0 0.110899 -80.7066
3.0 4.0 0.123214 -80.7066
3.0 4.0 0.127663 -80.7066
3.0 4.0 0.120305 -80.7066
3.0 4.0 0.126558 -80.7066
3.0 4.0 0.118887 -80.7066
3.0 4.0 0.122762 -80.7066
3.0 4.0 0.121261 -80.7066
3.0 4.0 0.121799 -80.7066
3.0 4.0 0.128076 -80.7066
3.0 4.0 0.124082 -80.7066
3.0 4.0 0.126881 -80.7066
3.0 4.0 0.129373 -80.7066
3.0 4.0 0.122732 -80.7066
3.0 4.0 0.124349 -80.7066
3.0 4.0 0.127727 -80.7066
3.0 4.0 0.128354 -80.7066
3.0 4.0 0.130902 -80.7066
3.0 4.0 0.139398 -80.7066
3.0 4.0 0.128863 -80.7066
3.0 4.0 0.122924 -80.7066
3.0 4.0 0.121683 -80.7066
3.0 4.0 0.124271 -80.7066
3.0 4.0 0.123969 -80.7066
3.0 4.0 0.127188 -80.7066
3.0 4.0 0.123782 -80.7066
3.0 4.0 0.121056 -80.7066
3.0 4.0 0.128773 -80.7066
3.0 4.0 0.128989 -80.7066
3.0 4.0 0.129645 -80.7066
3.0 4.0 0.124455 -80.7066
3.0 4.0 0.119864 -80.7066
3.0 4.0 0.120375 -80.7066
3.0 4.0 0.128509 -80.7066
3.0 4.0 0.123793 -80.7066
3.0 4.0 0.127034 -80.7066
3.0 4.0 0.125151 -80.7066
3.0 4.0 0.120671 -80.7066
3.0 4.0 0.123704 -80.7066
3.0 4.0 0.125576 -80.7066
3.0 4.0 0.152896 -80.7066
3.0 4.0 0.120735 -80.7066
3.0 4.0 0.130167 -80.7066
3.0 4.0 0.129445 -80.7066
3.0 4.0 0.12344 -80.7066
3.0 4.0 0.119326 -80.7066
3.0 4.0 0.12389 -80.7066
3.0 4.0 0.119993 -80.7066
3.0 4.0 0.12729 -80.7066
3.0 4.0 0.12638 -80.7066
3.0 4.0 0.127912 -80.7066
3.0 5.0 0.168955 -80.7066
3.0 5.0 0.18127 -80.7066
3.0 5.0 0.180146 -80.7066
3.0 5.0 0.190254 -80.7066
3.0 5.0 0.265219 -80.7066
3.0 5.0 0.167227 -80.7066
3.0 5.0 0.175081 -80.7066
3.0 5.0 0.1537 -80.7066
3.0 5.0 0.187679 -80.7066
3.0 5.0 0.149406 -80.7066
3.0 5.0 0.159317 -80.7066
3.0 5.0 0.163311 -80.7066
3.0 5.0 0.327276 -80.7066
3.0 5.0 0.228798 -80.7066
3.0 5.0 0.183096 -80.7066
3.0 5.0 0.178947 -80.7066
3.0 5.0 0.245414 -80.7066
3.0 5.0 0.140235 -80.7066
3.0 5.0 0.174171 -80.7066
3.0 5.0 0.166523 -80.7066
3.0 5.0 0.19993 -80.7066
3.0 5.0 0.14275 -80.7066
3.0 5.0 0.146015 -80.7066
3.0 5.0 0.173026 -80.7066
3.0 5.0 0.137295 -80.7066
3.0 5.0 0.181645 -80.7066
3.0 5.0 0.135431 -80.7066
3.0 5.0 0.188205 -80.7066
3.0 5.0 0.135153 -80.7066
3.0 5.0 0.198739 -80.7066
3.0 5.0 0.19874 -80.7066
3.0 5.0 0.169829 -80.7066
3.0 5.0 0.141775 -80.7066
3.0 5.0 0.135612 -80.7066
3.0 5.0 0.138728 -80.7066
3.0 5.0 0.18376 -80.7066
3.0 5.0 0.142251 -80.7066
3.0 5.0 0.168968 -80.7066
3.0 5.0 0.19148 -80.7066
3.0 5.0 0.142576 -80.7066
3.0 5.0 0.133632 -80.7066
3.0 5.0 0.149924 -80.7066
3.0 5.0 0.187742 -80.7066
3.0 5.0 0.168887 -80.7066
3.0 5.0 0.16933 -80.7066
3.0 5.0 0.176291 -80.7066
3.0 5.0 0.123676 -80.7066
3.0 5.0 0.149048 -80.7066
3.0 5.0 0.189111 -80.7066
3.0 5.0 0.150985 -80.7066
3.0 10.0 0.256187 -80.7066
3.0 10.0 0.159588 -80.7066
3.0 10.0 0.693198 -80.7066
3.0 10.0 0.18527 -80.7066
3.0 10.0 0.230727 -80.7066
3.0 10.0 0.199697 -80.7066
3.0 10.0 0.212341 -80.7066
3.0 10.0 0.176026 -80.7066
3.0 10.0 0.268477 -80.7066
3.0 10.0 0.242363 -80.7066
3.0 10.0 0.254532 -80.7066
3.0 10.0 0.258561 -80.7066
3.0 10.0 0.241676 -80.7066
3.0 10.0 0.359514 -80.7066
3.0 10.0 0.265068 -80.7066
3.0 10.0 0.217651 -80.7066
3.0 10.0 0.195306 -80.7066
3.0 10.0 0.199732 -80.7066
3.0 10.0 0.240007 -80.7066
3.0 10.0 0.251219 -80.7066
3.0 10.0 0.229938 -80.7066
3.0 10.0 0.314816 -80.7066
3.0 10.0 0.245327 -80.7066
3.0 10.0 0.257815 -80.7066
3.0 10.0 0.21601 -80.7066
3.0 10.0 0.272869 -80.7066
3.0 10.0 0.204491 -80.7066
3.0 10.0 0.183961 -80.7066
3.0 10.0 0.288166 -80.7066
3.0 10.0 0.209427 -80.7066
3.0 10.0 0.191607 -80.7066
3.0 10.0 0.178496 -80.7066
3.0 10.0 0.210608 -80.7066
3.0 10.0 0.192172 -80.7066
3.0 10.0 0.201984 -80.7066
3.0 10.0 0.187031 -80.7066
3.0 10.0 0.198393 -80.7066
3.0 10.0 0.185924 -80.7066
3.0 10.0 0.199863 -80.7066
3.0 10.0 0.21023 -80.7066
3.0 10.0 0.196348 -80.7066
3.0 10.0 0.222017 -80.7066
3.0 10.0 0.186646 -80.7066
3.0 10.0 0.193192 -80.7066
3.0 10.0 0.207051 -80.7066
3.0 10.0 0.1945 -80.7066
3.0 10.0 0.173084 -80.7066
3.0 10.0 0.206174 -80.7066
3.0 10.0 0.182189 -80.7066
3.0 10.0 0.184421 -80.7066
4.0 1.0 0.373432 -99.9939
4.0 1.0 0.470249 -99.9904
4.0 1.0 0.401793 -99.9683
4.0 1.0 0.374186 -99.9929
4.0 1.0 0.382114 -99.9759
4.0 1.0 0.421384 -99.9897
4.0 1.0 0.468252 -99.9904
4.0 1.0 0.383016 -99.9904
4.0 1.0 0.386964 -99.9849
4.0 1.0 0.426389 -99.9929
4.0 1.0 0.3638 -99.9929
4.0 1.0 0.412685 -99.9904
4.0 1.0 0.379632 -99.9784
4.0 1.0 0.413404 -99.9517
4.0 1.0 0.467081 -99.9529
4.0 1.0 0.398047 -99.9848
4.0 1.0 0.446426 -99.9897
4.0 1.0 0.397571 -99.9849
4.0 1.0 0.406018 -99.9696
4.0 1.0 0.347323 -99.9849
4.0 1.0 0.397976 -99.9897
4.0 1.0 0.413423 -99.9904
4.0 1.0 0.391919 -99.9778
4.0 1.0 0.407516 -99.9778
4.0 1.0 0.377812 -99.9929
4.0 1.0 0.379707 -99.9904
4.0 1.0 0.424984 -99.9849
4.0 1.0 0.414926 -99.9779
4.0 1.0 0.439646 -99.9711
4.0 1.0 0.400163 -99.9533
4.0 1.0 0.366567 -99.9533
4.0 1.0 0.367776 -99.9778
4.0 1.0 0.398138 -99.9533
4.0 1.0 0.385321 -99.959
4.0 1.0 0.357782 -99.9849
4.0 1.0 0.387605 -99.9529
4.0 1.0 0.354505 -99.9849
4.0 1.0 0.343867 -99.9849
4.0 1.0 0.408117 -99.9904
4.0 1.0 0.402643 -99.9784
4.0 1.0 0.403141 -99.9904
4.0 1.0 0.421677 -99.9904
4.0 1.0 0.408275 -99.9533
4.0 1.0 0.359872 -99.9849
4.0 1.0 0.42812 -99.9925
4.0 1.0 0.381758 -99.9902
4.0 1.0 0.367892 -99.9849
4.0 1.0 0.387298 -99.9533
4.0 1.0 0.418959 -99.9904
4.0 1.0 0.421273 -99.9759
4.0 2.0 0.209032 -99.9842
4.0 2.0 0.215215 -99.976
4.0 2.0 0.195564 -99.9822
4.0 2.0 0.213386 -99.9953
4.0 2.0 0.202103 -99.9847
4.0 2.0 0.201394 -99.9899
4.0 2.0 0.201624 -99.986
4.0 2.0 0.200811 -99.9932
4.0 2.0 0.198149 -99.9653
4.0 2.0 0.221657 -99.981
4.0 2.0 0.196416 -99.9758
4.0 2.0 0.217014 -99.9732
4.0 2.0 0.20161 -99.9812
4.0 2.0 0.225708 -99.9842
4.0 2.0 0.200118 -99.9878
4.0 2.0 0.210096 -99.9905
4.0 2.0 0.212168 -99.9533
4.0 2.0 0.21804 -99.9889
4.0 2.0 0.208476 -99.9653
4.0 2.0 0.211875 -99.976
4.0 2.0 0.228991 -99.9795
4.0 2.0 0.216927 -99.9758
4.0 2.0 0.206357 -99.992
4.0 2.0 0.191902 -99.9758
4.0 2.0 0.221695 -99.9544
4.0 2.0 0.19928 -99.981
4.0 2.0 0.211148 -99.967
4.0 2.0 0.219574 -99.9917
4.0 2.0 0.189812 -99.9881
4.0 2.0 0.215014 -99.9851
4.0 2.0 0.232115 -99.9953
4.0 2.0 0.221641 -99.9718
4.0 2.0 0.230622 -99.986
4.0 2.0 0.228064 -99.9838
4.0 2.0 0.213755 -99.9915
4.0 2.0 0.216589 -99.9589
4.0 2.0 0.222248 -99.9758
4.0 2.0 0.215983 -99.9653
4.0 2.0 0.232604 -99.9481
4.0 2.0 0.209721 -99.9758
4.0 2.0 0.23408 -99.9533
4.0 2.0 0.197428 -99.96
4.0 2.0 0.234722 -99.9915
4.0 2.0 0.232039 -99.9918
4.0 2.0 0.215354 -99.9769
4.0 2.0 0.210675 -99.9835
4.0 2.0 0.234896 -99.9758
4.0 2.0 0.220198 -99.9912
4.0 2.0 0.226488 -99.9533
4.0 2.0 0.1967 -99.9932
4.0 4.0 0.188408 -99.9994
4.0 4.0 0.191689 -99.9794
4.0 4.0 0.194816 -99.9906
4.0 4.0 0.1884 -99.9733
4.0 4.0 0.192193 -99.9995
4.0 4.0 0.189566 -99.9903
4.0 4.0 0.194303 -99.9955
4.0 4.0 0.190426 -99.9822
4.0 4.0 0.19655 -99.9966
4.0 4.0 0.193238 -99.9946
4.0 4.0 0.190541 -99.9965
4.0 4.0 0.194027 -99.9875
4.0 4.0 0.192451 -99.9918
4.0 4.0 0.192331 -99.9987
4.0 4.0 0.193077 -99.9997
4.0 4.0 0.19013 -99.9963
4.0 4.0 0.189585 -99.9935
4.0 4.0 0.194444 -99.9892
4.0 4.0 0.186333 -99.9702
4.0 4.0 0.190769 -99.9963
4.0 4.0 0.191696 -99.9927
4.0 4.0 0.191774 -99.9963
4.0 4.0 0.191902 -99.9976
4.0 4.0 0.193477 -99.9991
4.0 4.0 0.188876 -99.9703
4.0 4.0 0.190809 -99.9958
4.0 4.0 0.194848 -99.9751
4.0 4.0 0.195334 -99.9994
4.0 4.0 0.190633 -99.998
4.0 4.0 0.195348 -99.9796
4.0 4.0 0.192576 -99.9988
4.0 4.0 0.189843 -99.9703
4.0 4.0 0.191236 -99.9857
4.0 4.0 0.190426 -99.9857
4.0 4.0 0.194269 -99.9997
4.0 4.0 0.196186 -99.9997
4.0 4.0 0.193599 -99.9772
4.0 4.0 0.193274 -99.9988
4.0 4.0 0.190698 -99.9964
4.0 4.0 0.189544 -99.9697
4.0 4.0 0.188124 -99.9996
4.0 4.0 0.195144 -99.9873
4.0 4.0 0.194104 -99.9892
4.0 4.0 0.18797 -99.9826
4.0 4.0 0.190166 -99.9993
4.0 4.0 0.195835 -99.9892
4.0 4.0 0.198797 -99.9994
4.0 4.0 0.192174 -99.9918
4.0 4.0 0.190762 -99.9988
4.0 4.0 0.192274 -99.9927
4.0 5.0 0.739246 -99.9791
4.0 5.0 0.595384 -99.9533
4.0 5.0 0.820322 -99.9848
4.0 5.0 0.583652 -99.9839
4.0 5.0 0.583709 -99.9828
4.0 5.0 0.568362 -99.9946
4.0 5.0 0.526789 -99.947
4.0 5.0 0.240216 -99.9784
4.0 5.0 0.659963 -99.9584
4.0 5.0 0.495033 -99.9879
4.0 5.0 0.557411 -99.991
4.0 5.0 0.632052 -99.967
4.0 5.0 0.629434 -99.9904
4.0 5.0 0.574287 -99.9533
4.0 5.0 0.2409 -99.9533
4.0 5.0 0.670775 -99.9942
4.0 5.0 0.659157 -99.9612
4.0 5.0 0.56786 -99.9716
4.0 5.0 1.3409 -99.9735
4.0 5.0 0.592729 -99.9912
4.0 5.0 0.652294 -99.9912
4.0 5.0 0.614163 -99.9655
4.0 5.0 0.226267 -99.9784
4.0 5.0 0.576825 -99.9344
4.0 5.0 0.244478 -99.9533
4.0 5.0 1.2023 -99.9879
4.0 5.0 0.221567 -99.9718
4.0 5.0 0.242249 -99.9855
4.0 5.0 1.27756 -99.9931
4.0 5.0 0.805874 -99.985
4.0 5.0 0.694601 -99.977
4.0 5.0 0.641474 -99.9929
4.0 5.0 0.241306 -99.9887
4.0 5.0 0.62608 -99.9974
4.0 5.0 0.978214 -99.9681
4.0 5.0 0.665279 -99.9714
4.0 5.0 0.239325 -99.9533
4.0 5.0 0.237289 -99.9718
4.0 5.0 0.917201 -99.9803
4.0 5.0 0.233185 -99.9724
4.0 5.0 0.225368 -99.9855
4.0 5.0 1.1097 -99.9701
4.0 5.0 0.656527 -99.9912
4.0 5.0 0.577163 -99.9929
4.0 5.0 1.23766 -99.9576
4.0 5.0 1.36513 -99.9974
4.0 5.0 0.988227 -99.9886
4.0 5.0 0.72663 -99.9893
4.0 5.0 0.563059 -99.9828
4.0 5.0 0.953392 -99.9841
4.0 10.0 0.572646 -99.9794
4.0 10.0 0.537476 -99.9575
4.0 10.0 0.579682 -99.9733
4.0 10.0 1.22136 -99.9947
4.0 10.0 1.00911 -99.9893
4.0 10.0 0.555122 -99.9635
4.0 10.0 0.585961 -99.9825
4.0 10.0 1.4546 -99.9781
4.0 10.0 0.61166 -99.9533
4.0 10.0 0.812728 -99.9894
4.0 10.0 0.602293 -99.9901
4.0 10.0 0.573402 -99.9792
4.0 10.0 0.627221 -99.9533
4.0 10.0 0.530825 -99.9763
4.0 10.0 0.631542 -99.9806
4.0 10.0 0.598997 -99.961
4.0 10.0 0.649437 -99.962
4.0 10.0 0.607467 -99.9965
4.0 10.0 0.63495 -99.9582
4.0 10.0 0.563893 -99.9747
4.0 10.0 0.648087 -99.9764
4.0 10.0 0.60716 -99.9536
4.0 10.0 1.27192 -99.9828
4.0 10.0 0.59223 -99.9533
4.0 10.0 0.610349 -99.9843
4.0 10.0 0.539074 -99.9833
4.0 10.0 0.585587 -99.9731
4.0 10.0 0.598664 -99.9775
4.0 10.0 1.04138 -99.9847
4.0 10.0 1.3793 -99.9865
4.0 10.0 1.27312 -99.9797
4.0 10.0 2.08003 -99.9602
4.0 10.0 0.734712 -99.965
4.0 10.0 0.642154 -99.9678
4.0 10.0 0.899283 -99.9903
4.0 10.0 0.952792 -99.981
4.0 10.0 1.15859 -99.9794
4.0 10.0 0.59278 -99.9723
4.0 10.0 0.643263 -99.9749
4.0 10.0 0.62897 -99.9859
4.0 10.0 0.62821 -99.9672
4.0 10.0 0.636492 -99.9935
4.0 10.0 0.78253 -99.963
4.0 10.0 0.584392 -99.9745
4.0 10.0 0.538679 -99.9776
4.0 10.0 0.622189 -99.965
4.0 10.0 0.596025 -99.9533
4.0 10.0 0.677735 -99.9668
4.0 10.0 0.61945 -99.9652
4.0 10.0 1.0706 -99.9981
5.0 1.0 55.6174 -26.4984
5.0 1.0 55.368 -26.4984
5.0 1.0 55.7022 -26.4984
5.0 1.0 55.5235 -26.4984
5.0 1.0 55.4213 -26.4984
5.0 1.0 55.5857 -26.4984
5.0 1.0 55.9327 -26.4984
5.0 1.0 55.4795 -26.4984
5.0 1.0 55.4664 -26.4984
5.0 1.0 55.5901 -26.4984
5.0 1.0 56.1694 -26.4984
5.0 1.0 55.5836 -26.4984
5.0 1.0 55.943 -26.4984
5.0 1.0 55.3002 -26.4984
5.0 1.0 55.4346 -26.4984
5.0 1.0 55.194 -26.4984
5.0 1.0 55.4448 -26.4984
5.0 1.0 55.9149 -26.4984
5.0 1.0 55.169 -26.4984
5.0 1.0 55.3813 -26.4984
5.0 1.0 55.4169 -26.4984
5.0 1.0 55.5033 -26.4984
5.0 1.0 55.4288 -26.4984
5.0 1.0 55.4399 -26.4984
5.0 1.0 55.8994 -26.4984
5.0 1.0 55.4812 -26.4984
5.0 1.0 55.4305 -26.4984
5.0 1.0 55.85 -26.4984
5.0 1.0 55.5179 -26.4984
5.0 1.0 55.8871 -26.4984
5.0 1.0 55.3151 -26.4984
5.0 1.0 55.5127 -26.4984
5.0 1.0 55.4395 -26.4984
5.0 1.0 55.4859 -26.4984
5.0 1.0 55.4888 -26.4984
5.0 1.0 55.3144 -26.4984
5.0 1.0 55.3932 -26.4984
5.0 1.0 55.4208 -26.4984
5.0 1.0 55.4831 -26.4984
5.0 1.0 55.4281 -26.4984
5.0 1.0 55.8319 -26.4984
5.0 1.0 55.5649 -26.4984
5.0 1.0 55.7753 -26.4984
5.0 1.0 55.4139 -26.4984
5.0 1.0 55.9539 -26.4984
5.0 1.0 55.1296 -26.4984
5.0 1.0 55.4336 -26.4984
5.0 1.0 55.662 -26.4984
5.0 1.0 55.5187 -26.4984
5.0 1.0 55.4534 -26.4984
5.0 2.0 27.7947 -26.4984
5.0 2.0 27.7774 -26.4984
5.0 2.0 27.8685 -26.4984
5.0 2.0 28.0054 -26.4984
5.0 2.0 27.7795 -26.4984
5.0 2.0 27.8522 -26.4984
5.0 2.0 27.8495 -26.4984
5.0 2.0 27.8437 -26.4984
5.0 2.0 27.8263 -26.4984
5.0 2.0 27.7742 -26.4984
5.0 2.0 27.8743 -26.4984
5.0 2.0 27.8713 -26.4984
5.0 2.0 27.7578 -26.4984
5.0 2.0 27.9277 -26.4984
5.0 2.0 27.6557 -26.4984
5.0 2.0 27.8348 -26.4984
5.0 2.0 28.2016 -26.4984
5.0 2.0 29.3064 -26.4979
5.0 2.0 27.8229 -26.4984
5.0 2.0 27.9102 -26.4982
5.0 2.0 27.7864 -26.4984
5.0 2.0 27.6324 -26.4984
5.0 2.0 29.0812 -26.4984
5.0 2.0 27.8161 -26.4984
5.0 2.0 27.7937 -26.4984
5.0 2.0 27.7999 -26.4984
5.0 2.0 28.191 -26.4984
5.0 2.0 27.9451 -26.4984
5.0 2.0 27.8977 -26.4984
5.0 2.0 28.2925 -26.4984
5.0 2.0 27.8604 -26.4984
5.0 2.0 27.8136 -26.4984
5.0 2.0 27.8222 -26.4984
5.0 2.0 27.8436 -26.4984
5.0 2.0 29.2406 -26.4984
5.0 2.0 27.8682 -26.4984
5.0 2.0 28.0199 -26.4984
5.0 2.0 27.8988 -26.4984
5.0 2.0 28.077 -26.4984
5.0 2.0 27.9104 -26.4984
5.0 2.0 27.8701 -26.4984
5.0 2.0 27.8821 -26.4984
5.0 2.0 27.8729 -26.4984
5.0 2.0 27.8432 -26.4984
5.0 2.0 28.0183 -26.4984
5.0 2.0 27.7705 -26.4984
5.0 2.0 27.8622 -26.4984
5.0 2.0 27.8291 -26.4984
5.0 2.0 27.8454 -26.4984
5.0 2.0 28.009 -26.4984
5.0 4.0 14.0815 -26.4984
5.0 4.0 14.1174 -26.4984
5.0 4.0 14.0811 -26.4984
5.0 4.0 14.0928 -26.4984
5.0 4.0 14.0948 -26.4984
5.0 4.0 14.088 -26.4984
5.0 4.0 14.0882 -26.4984
5.0 4.0 14.0828 -26.4984
5.0 4.0 14.1041 -26.4984
5.0 4.0 14.1422 -26.4984
5.0 4.0 14.0897 -26.4984
5.0 4.0 14.0835 -26.4984
5.0 4.0 14.1148 -26.4984
5.0 4.0 14.0808 -26.4984
5.0 4.0 14.1367 -26.4984
5.0 4.0 14.1126 -26.4984
5.0 4.0 14.0979 -26.4984
5.0 4.0 14.0787 -26.4984
5.0 4.0 14.0903 -26.4984
5.0 4.0 14.7714 -26.4984
5.0 4.0 14.1099 -26.4984
5.0 4.0 14.7428 -26.4984
5.0 4.0 14.0695 -26.4984
5.0 4.0 14.1122 -26.4982
5.0 4.0 14.1284 -26.4984
5.0 4.0 14.1244 -26.4984
5.0 4.0 14.0827 -26.4984
5.0 4.0 14.108 -26.4984
5.0 4.0 14.082 -26.4984
5.0 4.0 14.1287 -26.4984
5.0 4.0 14.0953 -26.4984
5.0 4.0 14.1315 -26.4984
5.0 4.0 14.1099 -26.4984
5.0 4.0 14.0879 -26.4984
5.0 4.0 14.0925 -26.4984
5.0 4.0 14.0795 -26.4984
5.0 4.0 14.0947 -26.4984
5.0 4.0 14.1059 -26.4984
5.0 4.0 14.1117 -26.4984
5.0 4.0 14.1467 -26.4984
5.0 4.0 14.1123 -26.4984
5.0 4.0 14.1058 -26.4984
5.0 4.0 14.0923 -26.4984
5.0 4.0 14.1204 -26.4984
5.0 4.0 14.1145 -26.4984
5.0 4.0 14.1093 -26.4984
5.0 4.0 14.8283 -26.4984
5.0 4.0 14.0983 -26.4984
5.0 4.0 14.09 -26.4984
5.0 4.0 14.1049 -26.4983
5.0 5.0 12.1972 -26.4981
5.0 5.0 12.017 -26.4984
5.0 5.0 12.2351 -26.4984
5.0 5.0 12.498 -26.4984
5.0 5.0 12.2423 -26.4984
5.0 5.0 11.3712 -26.4984
5.0 5.0 12.318 -26.4984
5.0 5.0 12.4217 -26.4984
5.0 5.0 12.6259 -26.4984
5.0 5.0 12.1738 -26.4984
5.0 5.0 12.1294 -26.4984
5.0 5.0 12.3911 -26.4984
5.0 5.0 12.0905 -26.4984
5.0 5.0 12.4007 -26.4984
5.0 5.0 12.4828 -26.4984
5.0 5.0 12.0942 -26.4984
5.0 5.0 12.1365 -26.4984
5.0 5.0 12.2936 -26.4984
5.0 5.0 11.9686 -26.4984
5.0 5.0 12.5985 -26.4984
5.0 5.0 12.2445 -26.4984
5.0 5.0 12.4371 -26.4984
5.0 5.0 12.4036 -26.4984
5.0 5.0 12.0932 -26.4984
5.0 5.0 12.197 -26.4984
5.0 5.0 12.1355 -26.4984
5.0 5.0 12.2081 -26.4984
5.0 5.0 13.0356 -26.4984
5.0 5.0 12.5257 -26.4984
5.0 5.0 12.9034 -26.4984
5.0 5.0 12.884 -26.4984
5.0 5.0 13.0856 -26.4984
5.0 5.0 15.956 -26.4984
5.0 5.0 12.2215 -26.4984
5.0 5.0 12.4891 -26.4984
5.0 5.0 12.7467 -26.4984
5.0 5.0 13.9165 -26.4984
5.0 5.0 12.231 -26.4984
5.0 5.0 12.2304 -26.4984
5.0 5.0 12.6236 -26.4984
5.0 5.0 12.8977 -26.4984
5.0 5.0 12.8428 -26.4984
5.0 5.0 13.1949 -26.4984
5.0 5.0 12.5497 -26.4984
5.0 5.0 12.3931 -26.4984
5.0 5.0 12.5779 -26.4984
5.0 5.0 12.2834 -26.4984
5.0 5.0 12.4886 -26.4984
5.0 5.0 12.4588 -26.4984
5.0 5.0 12.018 -26.4984
5.0 10.0 6.29914 -26.4984
5.0 10.0 6.40309 -26.4984
5.0 10.0 6.39301 -26.4984
5.0 10.0 6.29458 -26.4984
5.0 10.0 6.34497 -26.4984
5.0 10.0 6.30227 -26.4984
5.0 10.0 6.49815 -26.4984
5.0 10.0 6.31886 -26.4984
5.0 10.0 6.37497 -26.4984
5.0 10.0 6.3203 -26.4984
5.0 10.0 6.34789 -26.4984
5.0 10.0 6.37807 -26.4984
5.0 10.0 6.48792 -26.4984
5.0 10.0 6.31214 -26.4984
5.0 10.0 6.28854 -26.4984
5.0 10.0 6.33995 -26.4984
5.0 10.0 6.39389 -26.4984
5.0 10.0 6.4345 -26.4984
5.0 10.0 6.44059 -26.4984
5.0 10.0 6.3278 -26.4984
5.0 10.0 6.40234 -26.4984
5.0 10.0 6.4019 -26.4984
5.0 10.0 6.38805 -26.4984
5.0 10.0 6.34133 -26.4984
5.0 10.0 6.53004 -26.4984
5.0 10.0 6.3334 -26.4984
5.0 10.0 6.32454 -26.4984
5.0 10.0 6.32227 -26.4984
5.0 10.0 6.33529 -26.4984
5.0 10.0 6.35546 -26.4984
5.0 10.0 6.29902 -26.4983
5.0 10.0 6.28562 -26.4984
5.0 10.0 6.35763 -26.4984
5.0 10.0 6.29685 -26.4984
5.0 10.0 6.3168 -26.4984
5.0 10.0 6.34443 -26.4984
5.0 10.0 6.41852 -26.4984
5.0 10.0 6.32212 -26.4984
5.0 10.0 6.47959 -26.4984
5.0 10.0 6.36623 -26.4984
5.0 10.0 6.37272 -26.4984
5.0 10.0 6.45075 -26.4984
5.0 10.0 6.35669 -26.4984
5.0 10.0 6.59372 -26.4984
5.0 10.0 6.28204 -26.4984
5.0 10.0 6.37765 -26.4984
5.0 10.0 6.30605 -26.4984
5.0 10.0 6.31845 -26.4984
5.0 10.0 6.28779 -26.4984
5.0 10.0 6.28779 -26.4984
