0.0 3.0 1.97343 2.0164
0.0 3.0 2.00395 2.02045
0.0 3.0 1.82283 2.02149
0.0 3.0 0.89676 2.0224
0.0 3.0 0.390421 2.03813
0.0 3.0 1.71531 2.03701
0.0 3.0 1.08257 2.04173
0.0 3.0 1.69867 2.03532
0.0 3.0 1.10756 2.04008
0.0 3.0 1.67779 2.04101
0.0 3.0 0.390275 2.0356
0.0 3.0 1.04027 2.0381
0.0 3.0 0.931817 2.04198
0.0 3.0 1.05131 2.04136
0.0 3.0 0.902307 2.02149
0.0 3.0 2.04175 2.01366
0.0 3.0 1.09706 2.0164
0.0 3.0 0.903963 2.02149
0.0 3.0 1.53682 2.03228
0.0 3.0 1.10301 2.02268
0.0 3.0 1.55001 2.02189
0.0 3.0 1.732 2.04089
0.0 3.0 0.391477 2.02691
0.0 3.0 0.381224 2.04171
0.0 3.0 1.07352 2.04198
0.0 3.0 1.06668 2.04198
0.0 3.0 1.09969 2.03953
0.0 3.0 1.00336 2.03486
0.0 3.0 0.375689 2.04197
0.0 3.0 0.976625 2.03978
0.0 3.0 0.330119 2.0257
0.0 3.0 0.395861 2.02311
0.0 3.0 1.03999 2.04198
0.0 3.0 0.910398 2.04197
0.0 3.0 0.330453 2.0257
0.0 3.0 0.929381 2.04179
0.0 3.0 0.381287 2.0164
0.0 3.0 0.89432 2.04102
0.0 3.0 0.334655 2.0257
0.0 3.0 0.364891 2.04032
0.0 3.0 0.995164 2.02674
0.0 3.0 0.371595 2.04166
0.0 3.0 0.34854 2.0268
0.0 3.0 0.931923 2.02149
0.0 3.0 0.975042 2.03998
0.0 3.0 0.348365 2.04035
0.0 3.0 1.06888 2.04184
0.0 3.0 1.64348 2.04139
0.0 3.0 0.971726 2.03944
0.0 3.0 1.91226 2.04197
0.0 4.0 0.418016 2.03493
0.0 4.0 1.15713 2.0273
0.0 4.0 1.13255 2.04049
0.0 4.0 0.417578 2.04032
0.0 4.0 0.42204 2.03754
0.0 4.0 0.423277 2.04194
0.0 4.0 1.97691 2.0257
0.0 4.0 0.4068 2.04162
0.0 4.0 0.458196 2.0419
0.0 4.0 1.12374 2.04137
0.0 4.0 0.418097 2.03922
0.0 4.0 0.412758 2.03648
0.0 4.0 1.49462 2.04123
0.0 4.0 0.412392 2.04132
0.0 4.0 0.415755 2.03036
0.0 4.0 0.404121 2.02197
0.0 4.0 0.427092 2.04144
0.0 4.0 1.5048 2.03017
0.0 4.0 1.05461 2.02108
0.0 4.0 0.404596 2.04194
0.0 4.0 1.16443 2.02212
0.0 4.0 0.398605 2.03538
0.0 4.0 0.43312 2.04144
0.0 4.0 0.402289 2.03985
0.0 4.0 1.15003 2.04191
0.0 4.0 0.426509 2.03514
0.0 4.0 1.51272 2.03858
0.0 4.0 1.48987 2.04166
0.0 4.0 1.17135 2.04138
0.0 4.0 0.456141 2.04042
0.0 4.0 0.400938 2.03533
0.0 4.0 1.79057 2.04032
0.0 4.0 1.91351 2.04193
0.0 4.0 1.15615 2.04189
0.0 4.0 0.402442 2.03769
0.0 4.0 1.42343 2.04197
0.0 4.0 0.380186 2.04191
0.0 4.0 0.39064 2.04053
0.0 4.0 1.79859 2.02281
0.0 4.0 0.380849 2.04079
0.0 4.0 1.81261 2.04079
0.0 4.0 1.62717 2.04172
0.0 4.0 1.03632 2.02111
0.0 4.0 0.381833 2.02902
0.0 4.0 1.16201 2.04192
0.0 4.0 1.11871 2.04032
0.0 4.0 0.42552 2.04197
0.0 4.0 0.415246 2.03778
0.0 4.0 1.08505 2.0397
0.0 4.0 0.429235 2.02116
0.0 5.0 0.577901 2.0164
0.0 5.0 0.544709 2.04173
0.0 5.0 0.546807 2.02134
0.0 5.0 0.967044 2.04108
0.0 5.0 0.574981 2.04179
0.0 5.0 0.958585 2.0378
0.0 5.0 0.658632 2.03885
0.0 5.0 0.661034 2.02019
0.0 5.0 0.731735 2.04197
0.0 5.0 0.665291 2.03412
0.0 5.0 0.662398 2.04171
0.0 5.0 0.693028 2.0412
0.0 5.0 0.535988 2.02385
0.0 5.0 1.24516 2.04046
0.0 5.0 0.706944 2.04197
0.0 5.0 0.598935 2.02929
0.0 5.0 0.58087 2.03541
0.0 5.0 0.545948 2.04197
0.0 5.0 0.542217 2.02385
0.0 5.0 0.664684 2.04195
0.0 5.0 1.00475 2.02014
0.0 5.0 0.557422 2.03958
0.0 5.0 0.569483 2.03634
0.0 5.0 0.570169 2.04195
0.0 5.0 0.675153 2.03491
0.0 5.0 0.731402 2.04097
0.0 5.0 1.31771 2.04184
0.0 5.0 0.528878 2.0164
0.0 5.0 0.555138 2.04198
0.0 5.0 0.533607 2.04175
0.0 5.0 0.56943 2.04182
0.0 5.0 0.663513 2.03335
0.0 5.0 0.657786 2.04153
0.0 5.0 0.673491 2.04197
0.0 5.0 0.73273 2.02433
0.0 5.0 0.571239 2.02211
0.0 5.0 0.564361 2.03573
0.0 5.0 1.9196 2.0339
0.0 5.0 0.642707 2.04197
0.0 5.0 0.654215 2.04054
0.0 5.0 0.7226 2.0295
0.0 5.0 1.06837 2.0224
0.0 5.0 0.605742 2.04063
0.0 5.0 0.899003 2.03738
0.0 5.0 0.954501 2.02591
0.0 5.0 0.698956 2.01407
0.0 5.0 0.571623 2.0164
0.0 5.0 1.2735 2.04172
0.0 5.0 0.725802 2.03611
0.0 5.0 1.04077 2.02372
0.0 7.0 0.902014 2.02385
0.0 7.0 0.915246 2.04046
0.0 7.0 0.97119 2.04079
0.0 7.0 0.914478 2.03963
0.0 7.0 0.919782 2.04165
0.0 7.0 0.910006 2.0398
0.0 7.0 1.0737 2.03486
0.0 7.0 0.836914 2.03427
0.0 7.0 0.599807 2.0405
0.0 7.0 1.05166 2.04191
0.0 7.0 0.649582 2.03125
0.0 7.0 0.629037 2.0318
0.0 7.0 0.930311 2.04195
0.0 7.0 0.829775 2.04124
0.0 7.0 1.41745 2.03971
0.0 7.0 0.603755 2.04183
0.0 7.0 0.600435 2.0403
0.0 7.0 1.54685 2.04007
0.0 7.0 1.52275 2.04188
0.0 7.0 0.816466 2.02285
0.0 7.0 0.611628 2.03078
0.0 7.0 0.602411 2.04189
0.0 7.0 0.598521 2.04097
0.0 7.0 0.775276 2.02385
0.0 7.0 0.782649 2.04128
0.0 7.0 0.802437 2.03798
0.0 7.0 0.782987 2.04037
0.0 7.0 0.620084 2.01617
0.0 7.0 0.783631 2.04106
0.0 7.0 1.20818 2.01171
0.0 7.0 0.855197 2.04068
0.0 7.0 0.598564 2.04161
0.0 7.0 0.787694 2.04079
0.0 7.0 0.855191 2.04198
0.0 7.0 0.60227 2.03915
0.0 7.0 0.802307 2.03942
0.0 7.0 0.916613 2.01481
0.0 7.0 0.588671 2.02991
0.0 7.0 0.915139 2.04053
0.0 7.0 0.661913 2.04197
0.0 7.0 0.608129 2.04166
0.0 7.0 0.596876 2.04113
0.0 7.0 0.774902 2.04015
0.0 7.0 0.828735 2.04129
0.0 7.0 0.848773 2.01844
0.0 7.0 0.605646 2.04162
0.0 7.0 0.600331 2.04187
0.0 7.0 0.586353 2.01411
0.0 7.0 0.776622 2.04129
0.0 7.0 0.778337 2.04195
0.0 8.0 1.33989 2.03573
0.0 8.0 0.611966 2.03198
0.0 8.0 1.2502 2.01667
0.0 8.0 0.798643 2.0213
0.0 8.0 1.40153 2.01967
0.0 8.0 0.603218 2.04088
0.0 8.0 1.2495 2.03998
0.0 8.0 1.37144 2.04198
0.0 8.0 0.954897 2.04079
0.0 8.0 0.599428 2.03885
0.0 8.0 0.809248 2.04081
0.0 8.0 0.972168 2.04193
0.0 8.0 1.41573 2.04142
0.0 8.0 0.675837 2.03636
0.0 8.0 0.783072 2.04051
0.0 8.0 0.634436 2.03926
0.0 8.0 0.601154 2.04173
0.0 8.0 0.602324 2.03942
0.0 8.0 1.92893 2.0178
0.0 8.0 0.5928 2.03514
0.0 8.0 0.832529 2.04197
0.0 8.0 1.3672 2.01682
0.0 8.0 0.979499 2.03723
0.0 8.0 0.795609 2.0352
0.0 8.0 0.603635 2.03943
0.0 8.0 0.709336 2.01287
0.0 8.0 1.03635 2.04129
0.0 8.0 0.609482 2.04037
0.0 8.0 0.603711 2.0371
0.0 8.0 0.609118 2.02202
0.0 8.0 0.60383 2.04131
0.0 8.0 0.605138 2.04159
0.0 8.0 0.606077 2.04113
0.0 8.0 0.61963 2.03988
0.0 8.0 0.57763 2.04183
0.0 8.0 0.56855 2.01465
0.0 8.0 0.602895 2.01769
0.0 8.0 0.60035 2.02098
0.0 8.0 0.603965 2.03283
0.0 8.0 0.782836 2.0419
0.0 8.0 0.657288 2.04197
0.0 8.0 0.605716 2.04141
0.0 8.0 0.600117 2.04106
0.0 8.0 0.608588 2.04029
0.0 8.0 0.605105 2.02385
0.0 8.0 0.610371 2.04138
0.0 8.0 0.599759 2.02099
0.0 8.0 0.804126 2.02385
0.0 8.0 0.604769 2.03396
0.0 8.0 0.602748 2.01569
0.0 9.0 0.769362 2.03267
0.0 9.0 0.778659 2.04144
0.0 9.0 0.771315 2.0204
0.0 9.0 0.788279 2.01926
0.0 9.0 0.804316 2.03778
0.0 9.0 0.782626 2.04191
0.0 9.0 0.761288 2.0217
0.0 9.0 0.878001 2.0418
0.0 9.0 0.787221 2.03217
0.0 9.0 0.767722 2.02674
0.0 9.0 0.795421 2.03948
0.0 9.0 0.856463 2.04151
0.0 9.0 0.778583 2.04175
0.0 9.0 0.851008 2.04171
0.0 9.0 0.773614 2.04134
0.0 9.0 0.722758 2.02092
0.0 9.0 0.755202 2.02195
0.0 9.0 0.773906 2.01208
0.0 9.0 0.8267 2.03468
0.0 9.0 0.906397 2.01924
0.0 9.0 0.965035 2.02385
0.0 9.0 0.953693 2.04144
0.0 9.0 0.775103 2.04159
0.0 9.0 0.779076 2.03709
0.0 9.0 0.786794 2.01475
0.0 9.0 0.805244 2.04039
0.0 9.0 0.732661 2.04197
0.0 9.0 0.776952 2.04191
0.0 9.0 0.749899 2.03512
0.0 9.0 0.951064 2.04197
0.0 9.0 1.07826 2.02007
0.0 9.0 0.941828 2.04198
0.0 9.0 0.8392 2.04196
0.0 9.0 0.763736 2.03364
0.0 9.0 0.77195 2.01917
0.0 9.0 0.769287 2.04081
0.0 9.0 0.781149 2.03704
0.0 9.0 0.774064 2.02066
0.0 9.0 0.960041 2.04194
0.0 9.0 0.883218 2.01841
0.0 9.0 0.731429 2.03713
0.0 9.0 0.788513 2.04191
0.0 9.0 0.971362 2.02084
0.0 9.0 0.771274 2.0417
0.0 9.0 0.845366 2.04145
0.0 9.0 0.778817 2.03942
0.0 9.0 0.884694 2.03975
0.0 9.0 0.756403 2.03615
0.0 9.0 0.767713 2.03927
0.0 9.0 0.840482 2.03727
0.0 15.0 0.829387 2.0392
0.0 15.0 0.921813 2.04195
0.0 15.0 0.817839 2.04197
0.0 15.0 0.838398 2.02055
0.0 15.0 0.841512 2.03137
0.0 15.0 0.887328 2.04165
0.0 15.0 0.896107 2.03966
0.0 15.0 0.954009 2.02141
0.0 15.0 0.832561 2.03971
0.0 15.0 0.838201 2.03411
0.0 15.0 0.916713 2.04185
0.0 15.0 0.880951 2.03849
0.0 15.0 0.854618 2.03994
0.0 15.0 1.57165 2.01205
0.0 15.0 0.84684 2.01479
0.0 15.0 0.881713 2.03555
0.0 15.0 0.84421 2.01452
0.0 15.0 0.964603 2.04134
0.0 15.0 0.824429 2.03596
0.0 15.0 0.817762 2.02181
0.0 15.0 0.814143 2.02674
0.0 15.0 0.847288 2.0203
0.0 15.0 0.802357 2.04198
0.0 15.0 0.842502 2.0148
0.0 15.0 0.841635 2.04088
0.0 15.0 0.837681 2.02822
0.0 15.0 0.830345 2.03726
0.0 15.0 0.836332 2.04163
0.0 15.0 0.899622 2.02298
0.0 15.0 0.844067 2.0224
0.0 15.0 0.836456 2.04071
0.0 15.0 0.832969 2.04079
0.0 15.0 0.834185 2.02081
0.0 15.0 0.837375 2.03573
0.0 15.0 0.839731 2.02937
0.0 15.0 0.829842 2.03959
0.0 15.0 0.848637 2.04032
0.0 15.0 0.833153 2.04186
0.0 15.0 0.993888 2.04174
0.0 15.0 0.795622 2.02583
0.0 15.0 0.845113 2.04049
0.0 15.0 0.851645 2.03328
0.0 15.0 0.838875 2.04189
0.0 15.0 0.83462 2.04039
0.0 15.0 1.0014 2.03639
0.0 15.0 0.839881 2.02387
0.0 15.0 0.84385 2.02143
0.0 15.0 0.838034 2.02149
0.0 15.0 0.843463 2.03096
0.0 15.0 0.980791 2.0164
0.0 16.0 0.799064 2.01948
0.0 16.0 0.855071 2.02149
0.0 16.0 0.819133 2.02196
0.0 16.0 0.840576 2.03708
0.0 16.0 0.83401 2.04032
0.0 16.0 0.837157 2.03942
0.0 16.0 0.835974 2.02212
0.0 16.0 0.850202 2.02175
0.0 16.0 0.835143 2.01481
0.0 16.0 0.827849 2.02008
0.0 16.0 0.829472 2.022
0.0 16.0 0.794128 2.02137
0.0 16.0 0.93042 2.02186
0.0 16.0 0.841183 2.01528
0.0 16.0 0.84143 2.04126
0.0 16.0 0.827448 2.0416
0.0 16.0 0.831884 2.01735
0.0 16.0 0.843419 2.04198
0.0 16.0 0.842411 2.04081
0.0 16.0 0.838423 2.0218
0.0 16.0 0.843652 2.04024
0.0 16.0 0.826496 2.04172
0.0 16.0 0.867425 2.01481
0.0 16.0 0.830507 2.04187
0.0 16.0 0.834291 2.01481
0.0 16.0 0.830025 2.04195
0.0 16.0 0.828573 2.04194
0.0 16.0 0.832603 2.01869
0.0 16.0 0.843824 2.02153
0.0 16.0 0.7818 2.01931
0.0 16.0 0.845309 2.01655
0.0 16.0 0.809644 2.04197
0.0 16.0 0.824396 2.04196
0.0 16.0 0.765004 2.03978
0.0 16.0 0.826557 2.03264
0.0 16.0 0.830964 2.041
0.0 16.0 0.856303 2.04011
0.0 16.0 0.843802 2.03938
0.0 16.0 0.811554 2.01051
0.0 16.0 0.785335 2.0416
0.0 16.0 0.843088 2.04194
0.0 16.0 0.839734 2.02068
0.0 16.0 0.838407 2.04192
0.0 16.0 0.810435 2.01445
0.0 16.0 0.93856 2.02019
0.0 16.0 0.788457 2.0418
0.0 16.0 0.836508 2.04009
0.0 16.0 0.839391 2.04181
0.0 16.0 0.860819 2.04102
0.0 16.0 0.846798 2.01053
0.0 17.0 0.872825 2.04172
0.0 17.0 0.87916 2.04181
0.0 17.0 0.976636 2.02023
0.0 17.0 0.947008 2.04138
0.0 17.0 0.869575 2.04064
0.0 17.0 0.938484 2.02877
0.0 17.0 0.866999 2.04198
0.0 17.0 1.00337 2.04197
0.0 17.0 0.95276 2.04153
0.0 17.0 0.873486 2.03594
0.0 17.0 0.929146 2.04197
0.0 17.0 0.871279 2.0414
0.0 17.0 1.00091 2.03729
0.0 17.0 0.989853 2.01996
0.0 17.0 0.864178 2.04193
0.0 17.0 0.94275 2.03813
0.0 17.0 1.33768 2.04197
0.0 17.0 0.865609 2.0398
0.0 17.0 0.941326 2.02903
0.0 17.0 1.0014 2.04079
0.0 17.0 1.44868 2.04147
0.0 17.0 0.933841 2.04108
0.0 17.0 1.34776 2.04101
0.0 17.0 0.919645 2.04017
0.0 17.0 0.947963 2.01481
0.0 17.0 0.867393 2.03863
0.0 17.0 0.93413 2.04197
0.0 17.0 0.928045 2.04079
0.0 17.0 0.941666 2.0352
0.0 17.0 1.36459 2.03706
0.0 17.0 0.951263 2.01481
0.0 17.0 0.949919 2.03942
0.0 17.0 0.983607 2.01817
0.0 17.0 1.00546 2.02208
0.0 17.0 1.45957 2.04197
0.0 17.0 0.938516 2.0164
0.0 17.0 0.869659 2.03135
0.0 17.0 0.863246 2.02497
0.0 17.0 0.84603 2.02584
0.0 17.0 1.34363 2.01449
0.0 17.0 0.859152 2.01695
0.0 17.0 0.947739 2.03475
0.0 17.0 0.852724 2.02125
0.0 17.0 0.934369 2.04143
0.0 17.0 0.860495 2.04142
0.0 17.0 1.38385 2.02051
0.0 17.0 1.45957 2.04192
0.0 17.0 0.943582 2.01065
0.0 17.0 1.34016 2.01888
0.0 17.0 0.854589 2.04188
0.0 31.0 1.03333 2.01643
0.0 31.0 0.906474 2.03642
0.0 31.0 0.929077 2.03448
0.0 31.0 0.928435 2.03942
0.0 31.0 0.945211 2.03315
0.0 31.0 0.96764 2.03573
0.0 31.0 0.985116 2.03692
0.0 31.0 0.932769 2.04184
0.0 31.0 0.929476 2.03782
0.0 31.0 0.898981 2.04187
0.0 31.0 0.944733 2.03792
0.0 31.0 0.94295 2.02385
0.0 31.0 1.41987 2.03285
0.0 31.0 0.9453 2.04196
0.0 31.0 1.52976 2.0418
0.0 31.0 0.950999 2.00438
0.0 31.0 0.86153 2.04187
0.0 31.0 1.45262 2.03948
0.0 31.0 0.957691 2.03647
0.0 31.0 0.927146 2.04157
0.0 31.0 0.931823 2.03917
0.0 31.0 1.34169 2.01481
0.0 31.0 0.941337 2.04191
0.0 31.0 0.919924 2.04182
0.0 31.0 0.929429 2.04037
0.0 31.0 0.927521 2.04103
0.0 31.0 0.927136 2.02173
0.0 31.0 0.909574 2.03982
0.0 31.0 0.937438 2.04164
0.0 31.0 0.978447 2.02161
0.0 31.0 0.942888 2.01473
0.0 31.0 0.922974 2.02044
0.0 31.0 0.979463 2.03418
0.0 31.0 1.40891 2.01464
0.0 31.0 0.940931 2.04193
0.0 31.0 0.923849 2.04179
0.0 31.0 0.970905 2.0405
0.0 31.0 0.923988 2.04097
0.0 31.0 0.973695 2.04174
0.0 31.0 0.945608 2.0417
0.0 31.0 0.933935 2.01455
0.0 31.0 0.979981 2.03878
0.0 31.0 0.975727 2.03649
0.0 31.0 0.974267 2.01437
0.0 31.0 0.94392 2.04153
0.0 31.0 0.952083 2.03738
0.0 31.0 0.938049 2.04175
0.0 31.0 0.939272 2.04102
0.0 31.0 0.946052 2.04181
0.0 31.0 1.39845 2.04189
0.0 32.0 0.994081 2.03396
0.0 32.0 0.918053 2.03593
0.0 32.0 0.921281 2.04135
0.0 32.0 0.948555 2.02925
0.0 32.0 1.42956 2.04075
0.0 32.0 1.43911 2.01916
0.0 32.0 1.30047 2.0164
0.0 32.0 1.09138 2.04186
0.0 32.0 1.40389 2.04139
0.0 32.0 1.02261 2.04197
0.0 32.0 0.937109 2.02167
0.0 32.0 0.937152 2.02079
0.0 32.0 0.941712 2.04122
0.0 32.0 0.951818 2.04057
0.0 32.0 0.979657 2.01481
0.0 32.0 0.938957 2.04119
0.0 32.0 0.946711 2.04197
0.0 32.0 0.936578 2.02385
0.0 32.0 0.994693 2.04197
0.0 32.0 1.60605 2.04113
0.0 32.0 1.37689 2.04019
0.0 32.0 1.38371 2.02213
0.0 32.0 0.995124 2.02155
0.0 32.0 1.75863 2.0418
0.0 32.0 0.944862 2.04195
0.0 32.0 1.29488 2.04098
0.0 32.0 1.03573 2.01641
0.0 32.0 0.919973 2.04136
0.0 32.0 1.49712 2.02218
0.0 32.0 0.928713 2.02565
0.0 32.0 0.932665 2.04187
0.0 32.0 1.59252 2.03964
0.0 32.0 0.927352 2.04135
0.0 32.0 0.993022 2.01183
0.0 32.0 1.3569 2.01594
0.0 32.0 0.935877 2.01454
0.0 32.0 0.946315 2.03948
0.0 32.0 0.927101 2.03986
0.0 32.0 1.02412 2.0409
0.0 32.0 0.921305 2.04123
0.0 32.0 0.9568 2.01065
0.0 32.0 0.932912 2.04095
0.0 32.0 0.91497 2.04002
0.0 32.0 1.34392 2.02683
0.0 32.0 1.38933 2.04041
0.0 32.0 0.929275 2.04197
0.0 32.0 1.00697 2.01398
0.0 32.0 1.31568 2.04156
0.0 32.0 0.998066 2.01475
0.0 32.0 0.943544 2.01917
0.0 33.0 0.9846 2.01456
0.0 33.0 1.41418 2.04192
0.0 33.0 1.40552 2.03989
0.0 33.0 1.40171 2.04119
0.0 33.0 1.34309 2.04051
0.0 33.0 1.4194 2.02189
0.0 33.0 1.39997 2.03313
0.0 33.0 1.42263 2.03402
0.0 33.0 1.12768 2.03148
0.0 33.0 1.40527 2.0419
0.0 33.0 1.00134 2.03767
0.0 33.0 0.967567 2.04194
0.0 33.0 0.960466 2.04197
0.0 33.0 1.42978 2.04037
0.0 33.0 1.41513 2.04118
0.0 33.0 1.01807 2.03733
0.0 33.0 1.01922 2.04198
0.0 33.0 1.42685 2.01481
0.0 33.0 1.32628 2.03779
0.0 33.0 1.34787 2.04155
0.0 33.0 1.40438 2.04067
0.0 33.0 0.966919 2.03125
0.0 33.0 1.36335 2.0408
0.0 33.0 1.01428 2.04173
0.0 33.0 1.16155 2.04191
0.0 33.0 1.02133 2.04172
0.0 33.0 1.01267 2.04191
0.0 33.0 1.01847 2.04197
0.0 33.0 1.04345 2.04195
0.0 33.0 1.11792 2.04101
0.0 33.0 1.41128 2.04002
0.0 33.0 1.00136 2.03999
0.0 33.0 1.42983 2.03968
0.0 33.0 0.986279 2.04043
0.0 33.0 1.05013 2.00494
0.0 33.0 1.02458 2.04122
0.0 33.0 0.968225 2.04133
0.0 33.0 0.98195 2.04178
0.0 33.0 1.47853 2.03601
0.0 33.0 1.00047 2.04192
0.0 33.0 1.02438 2.04156
0.0 33.0 0.952262 2.02036
0.0 33.0 0.997013 2.03673
0.0 33.0 1.38472 2.03983
0.0 33.0 1.21338 2.01568
0.0 33.0 1.06361 2.04144
0.0 33.0 1.46758 2.02078
0.0 33.0 0.986839 2.04079
0.0 33.0 0.971158 2.04197
0.0 33.0 1.14078 2.04197
1.0 3.0 1.10368 16.6511
1.0 3.0 1.02258 16.643
1.0 3.0 1.16862 16.6212
1.0 3.0 1.05913 16.6505
1.0 3.0 1.03473 16.6466
1.0 3.0 0.45291 16.6521
1.0 3.0 1.88609 16.6502
1.0 3.0 1.67782 16.6489
1.0 3.0 0.939882 16.6522
1.0 3.0 1.2179 16.648
1.0 3.0 1.0229 16.6153
1.0 3.0 1.71989 16.6363
1.0 3.0 1.12716 16.628
1.0 3.0 1.03196 16.6309
1.0 3.0 1.11907 16.6333
1.0 3.0 1.63299 16.644
1.0 3.0 1.06203 16.6519
1.0 3.0 1.0355 16.5815
1.0 3.0 1.01799 16.6505
1.0 3.0 2.06817 16.641
1.0 3.0 0.477141 16.651
1.0 3.0 0.989336 16.6354
1.0 3.0 1.72968 16.6509
1.0 3.0 1.21439 16.6401
1.0 3.0 1.03687 16.5262
1.0 3.0 1.00911 16.6514
1.0 3.0 1.02089 16.6338
1.0 3.0 1.14311 16.5962
1.0 3.0 1.25033 16.582
1.0 3.0 1.19277 16.6488
1.0 3.0 1.07717 16.6306
1.0 3.0 1.00988 16.5609
1.0 3.0 1.25972 16.6476
1.0 3.0 1.03733 16.6517
1.0 3.0 1.23652 16.6511
1.0 3.0 1.94144 16.6515
1.0 3.0 2.06418 16.6383
1.0 3.0 1.57743 16.6353
1.0 3.0 1.94393 16.6524
1.0 3.0 0.470159 16.6269
1.0 3.0 0.944187 16.6485
1.0 3.0 0.447573 16.6523
1.0 3.0 1.12565 16.649
1.0 3.0 1.09184 16.6412
1.0 3.0 1.17826 16.6515
1.0 3.0 0.907071 16.6444
1.0 3.0 0.417812 16.6516
1.0 3.0 1.68927 16.6528
1.0 3.0 0.659701 16.6485
1.0 3.0 1.1804 16.6402
1.0 4.0 0.413736 16.6493
1.0 4.0 1.53262 16.6512
1.0 4.0 1.05275 16.6491
1.0 4.0 0.951814 16.6496
1.0 4.0 0.389872 16.6441
1.0 4.0 1.49949 16.6505
1.0 4.0 1.03634 16.6515
1.0 4.0 0.915879 16.6327
1.0 4.0 0.809526 16.6311
1.0 4.0 0.997752 16.6474
1.0 4.0 0.417224 16.6495
1.0 4.0 1.39117 16.652
1.0 4.0 1.46421 16.6303
1.0 4.0 1.34851 16.6514
1.0 4.0 0.687756 16.6437
1.0 4.0 1.0642 16.6476
1.0 4.0 0.409158 16.598
1.0 4.0 1.80637 16.6294
1.0 4.0 0.409687 16.6071
1.0 4.0 1.4656 16.6511
1.0 4.0 1.11135 16.6512
1.0 4.0 0.978794 16.5937
1.0 4.0 1.18864 16.6477
1.0 4.0 0.866018 16.6396
1.0 4.0 0.803331 16.6528
1.0 4.0 1.04142 16.6441
1.0 4.0 0.697061 16.6411
1.0 4.0 1.46891 16.649
1.0 4.0 1.76408 16.562
1.0 4.0 1.12595 16.6457
1.0 4.0 0.411893 16.6458
1.0 4.0 1.44317 16.6507
1.0 4.0 0.902089 16.6528
1.0 4.0 0.45033 16.5262
1.0 4.0 0.449918 16.6528
1.0 4.0 0.959561 16.64
1.0 4.0 1.1556 16.6445
1.0 4.0 1.48049 16.648
1.0 4.0 1.51543 16.6516
1.0 4.0 0.68856 16.64
1.0 4.0 0.882672 16.6505
1.0 4.0 1.02227 16.6526
1.0 4.0 0.398302 16.6499
1.0 4.0 0.883842 16.645
1.0 4.0 0.707776 16.6185
1.0 4.0 0.421727 16.6464
1.0 4.0 1.61594 16.6495
1.0 4.0 0.819844 16.6078
1.0 4.0 1.55301 16.6314
1.0 4.0 1.00053 16.6234
1.0 5.0 0.581607 16.6376
1.0 5.0 0.67279 16.6396
1.0 5.0 0.542848 16.5262
1.0 5.0 0.727053 16.6476
1.0 5.0 1.15367 16.6326
1.0 5.0 0.55235 16.65
1.0 5.0 0.547032 16.6311
1.0 5.0 0.55793 16.6392
1.0 5.0 0.524199 16.6352
1.0 5.0 0.545887 16.6277
1.0 5.0 0.552031 16.6303
1.0 5.0 1.04377 16.6276
1.0 5.0 0.729194 16.648
1.0 5.0 1.11887 16.6522
1.0 5.0 0.960724 16.621
1.0 5.0 0.720564 16.6482
1.0 5.0 0.723281 16.6519
1.0 5.0 0.520871 16.6454
1.0 5.0 1.14714 16.6457
1.0 5.0 0.547664 16.6508
1.0 5.0 0.669487 16.6527
1.0 5.0 0.742697 16.6512
1.0 5.0 0.662301 16.6494
1.0 5.0 0.722237 16.6516
1.0 5.0 0.539714 16.6513
1.0 5.0 0.548544 16.5989
1.0 5.0 0.829993 16.6315
1.0 5.0 0.676327 16.6521
1.0 5.0 0.714463 16.6523
1.0 5.0 0.719713 16.6427
1.0 5.0 0.669552 16.6506
1.0 5.0 1.17744 16.6528
1.0 5.0 0.818746 16.6344
1.0 5.0 0.536678 16.6235
1.0 5.0 0.600843 16.6465
1.0 5.0 0.722412 16.6262
1.0 5.0 0.675775 16.6179
1.0 5.0 0.67772 16.6519
1.0 5.0 0.549545 16.6524
1.0 5.0 0.519769 16.646
1.0 5.0 0.537344 16.6509
1.0 5.0 0.550161 16.6072
1.0 5.0 0.556604 16.6408
1.0 5.0 0.906244 16.6474
1.0 5.0 0.633946 16.6513
1.0 5.0 0.554883 16.6186
1.0 5.0 0.552192 16.6483
1.0 5.0 0.716206 16.5529
1.0 5.0 0.551206 16.649
1.0 5.0 0.741015 16.6137
1.0 7.0 0.954461 16.6454
1.0 7.0 0.570177 16.6411
1.0 7.0 0.636819 16.6104
1.0 7.0 1.518 16.6344
1.0 7.0 0.785232 16.6513
1.0 7.0 0.607753 16.6501
1.0 7.0 0.619212 16.6474
1.0 7.0 0.609264 16.651
1.0 7.0 0.620651 16.5975
1.0 7.0 0.595687 16.6421
1.0 7.0 0.642183 16.5262
1.0 7.0 0.777198 16.6342
1.0 7.0 0.639466 16.5987
1.0 7.0 0.631809 16.6524
1.0 7.0 0.794715 16.6331
1.0 7.0 0.668028 16.6482
1.0 7.0 0.824584 16.6516
1.0 7.0 1.22833 16.6479
1.0 7.0 0.610695 16.6516
1.0 7.0 0.641759 16.6527
1.0 7.0 0.636653 16.6517
1.0 7.0 0.802622 16.6265
1.0 7.0 0.660203 16.5814
1.0 7.0 0.775425 16.6526
1.0 7.0 0.776973 16.6497
1.0 7.0 1.13716 16.652
1.0 7.0 0.651667 16.6526
1.0 7.0 0.629879 16.6445
1.0 7.0 0.605293 16.644
1.0 7.0 0.622176 16.6517
1.0 7.0 0.613183 16.6503
1.0 7.0 0.658383 16.6528
1.0 7.0 0.62542 16.6478
1.0 7.0 1.48409 16.6517
1.0 7.0 0.776005 16.6402
1.0 7.0 0.627634 16.6435
1.0 7.0 0.7868 16.6527
1.0 7.0 0.841772 16.598
1.0 7.0 0.622621 16.644
1.0 7.0 0.77021 16.5905
1.0 7.0 0.63075 16.6501
1.0 7.0 0.783192 16.6521
1.0 7.0 0.622512 16.6504
1.0 7.0 0.654767 16.6298
1.0 7.0 0.782667 16.6445
1.0 7.0 0.624025 16.6459
1.0 7.0 0.625814 16.5262
1.0 7.0 0.776158 16.6468
1.0 7.0 0.627421 16.6517
1.0 7.0 0.599932 16.6359
1.0 8.0 1.02564 16.6504
1.0 8.0 0.610167 16.5935
1.0 8.0 0.638896 16.6524
1.0 8.0 0.809485 16.6427
1.0 8.0 0.617142 16.6527
1.0 8.0 0.609474 16.6502
1.0 8.0 0.783449 16.6516
1.0 8.0 0.609129 16.649
1.0 8.0 0.837897 16.6448
1.0 8.0 0.817979 16.6269
1.0 8.0 0.627111 16.6391
1.0 8.0 0.66508 16.6512
1.0 8.0 0.833024 16.6517
1.0 8.0 0.608641 16.6422
1.0 8.0 0.612568 16.6517
1.0 8.0 0.958855 16.5262
1.0 8.0 0.610675 16.6514
1.0 8.0 0.615669 16.6126
1.0 8.0 0.811342 16.6511
1.0 8.0 0.793062 16.6503
1.0 8.0 0.606945 16.6015
1.0 8.0 0.608311 16.6237
1.0 8.0 0.611079 16.6464
1.0 8.0 0.785267 16.6211
1.0 8.0 0.611146 16.6517
1.0 8.0 0.936567 16.6347
1.0 8.0 0.627384 16.6525
1.0 8.0 0.629611 16.6218
1.0 8.0 0.613599 16.6527
1.0 8.0 0.617126 16.6469
1.0 8.0 0.610436 16.617
1.0 8.0 0.612754 16.6143
1.0 8.0 0.618821 16.6519
1.0 8.0 0.899781 16.6528
1.0 8.0 0.611149 16.6522
1.0 8.0 0.854694 16.6528
1.0 8.0 0.615067 16.6471
1.0 8.0 0.613315 16.6517
1.0 8.0 0.612552 16.6498
1.0 8.0 0.804708 16.6287
1.0 8.0 0.617313 16.6528
1.0 8.0 0.910723 16.6523
1.0 8.0 0.60819 16.5914
1.0 8.0 0.610321 16.6505
1.0 8.0 0.847225 16.6462
1.0 8.0 0.618711 16.6506
1.0 8.0 0.612835 16.6428
1.0 8.0 0.613635 16.6487
1.0 8.0 0.614127 16.6515
1.0 8.0 0.614539 16.5933
1.0 9.0 0.744408 16.6524
1.0 9.0 0.767095 16.6515
1.0 9.0 0.760266 16.582
1.0 9.0 0.941897 16.6528
1.0 9.0 0.757848 16.6517
1.0 9.0 0.743168 16.6186
1.0 9.0 1.74735 16.6369
1.0 9.0 0.87491 16.6229
1.0 9.0 0.826405 16.6471
1.0 9.0 1.31869 16.6506
1.0 9.0 0.723061 16.6517
1.0 9.0 0.888323 16.6521
1.0 9.0 0.831791 16.6432
1.0 9.0 0.953555 16.6474
1.0 9.0 0.763442 16.6467
1.0 9.0 0.888211 16.6472
1.0 9.0 0.907532 16.6334
1.0 9.0 0.946581 16.548
1.0 9.0 0.745561 16.6509
1.0 9.0 1.21145 16.634
1.0 9.0 0.942873 16.5702
1.0 9.0 0.752923 16.6414
1.0 9.0 0.764777 16.6453
1.0 9.0 0.760166 16.6367
1.0 9.0 0.768021 16.6517
1.0 9.0 0.876506 16.6516
1.0 9.0 0.887119 16.6507
1.0 9.0 0.763412 16.6437
1.0 9.0 0.842303 16.6469
1.0 9.0 0.872267 16.6514
1.0 9.0 0.90984 16.6351
1.0 9.0 0.744283 16.5983
1.0 9.0 0.842593 16.6397
1.0 9.0 0.952611 16.6523
1.0 9.0 0.745173 16.6515
1.0 9.0 0.773064 16.6509
1.0 9.0 0.719281 16.6524
1.0 9.0 0.764182 16.6346
1.0 9.0 1.78152 16.6396
1.0 9.0 0.952175 16.6515
1.0 9.0 0.939775 16.6368
1.0 9.0 0.762574 16.6357
1.0 9.0 0.857777 16.6408
1.0 9.0 0.771721 16.6433
1.0 9.0 0.873615 16.6483
1.0 9.0 0.832047 16.6517
1.0 9.0 0.966647 16.6527
1.0 9.0 0.82102 16.6507
1.0 9.0 0.833 16.6243
1.0 9.0 0.943142 16.6515
1.0 15.0 0.803514 16.6512
1.0 15.0 0.829515 16.6476
1.0 15.0 0.940548 16.6476
1.0 15.0 0.814952 16.6526
1.0 15.0 0.821452 16.6391
1.0 15.0 0.758633 16.6511
1.0 15.0 0.805898 16.6527
1.0 15.0 0.947029 16.5816
1.0 15.0 0.791286 16.5706
1.0 15.0 0.934624 16.6361
1.0 15.0 0.939682 16.6508
1.0 15.0 0.781826 16.65
1.0 15.0 0.80857 16.6519
1.0 15.0 0.819885 16.6501
1.0 15.0 0.800328 16.49
1.0 15.0 0.807038 16.6466
1.0 15.0 0.832983 16.6523
1.0 15.0 0.942708 16.6311
1.0 15.0 0.81125 16.5911
1.0 15.0 0.909483 16.649
1.0 15.0 1.08587 16.6415
1.0 15.0 0.83073 16.6476
1.0 15.0 0.830828 16.6403
1.0 15.0 0.791222 16.6527
1.0 15.0 0.828301 16.652
1.0 15.0 0.821328 16.6354
1.0 15.0 0.827954 16.6263
1.0 15.0 0.794295 16.6327
1.0 15.0 0.883582 16.6526
1.0 15.0 0.901669 16.6517
1.0 15.0 0.915501 16.6435
1.0 15.0 0.856077 16.6445
1.0 15.0 0.787406 16.652
1.0 15.0 0.746772 16.5996
1.0 15.0 0.826311 16.6446
1.0 15.0 0.798853 16.6091
1.0 15.0 0.844132 16.6461
1.0 15.0 0.805824 16.6476
1.0 15.0 0.819771 16.6506
1.0 15.0 0.912907 16.6494
1.0 15.0 0.833611 16.6454
1.0 15.0 0.822643 16.6526
1.0 15.0 0.784416 16.6515
1.0 15.0 0.916488 16.6361
1.0 15.0 0.784783 16.6508
1.0 15.0 0.710253 16.5371
1.0 15.0 0.797254 16.6528
1.0 15.0 0.79017 16.6517
1.0 15.0 0.820453 16.6528
1.0 15.0 0.791665 16.5735
1.0 16.0 0.827832 16.6465
1.0 16.0 0.838046 16.6528
1.0 16.0 0.850005 16.6524
1.0 16.0 0.837627 16.638
1.0 16.0 0.780593 16.6517
1.0 16.0 0.813163 16.6524
1.0 16.0 0.823524 16.6505
1.0 16.0 0.805893 16.6517
1.0 16.0 0.82039 16.6508
1.0 16.0 1.38812 16.6521
1.0 16.0 0.823953 16.6467
1.0 16.0 0.811682 16.6476
1.0 16.0 0.815415 16.6203
1.0 16.0 0.781538 16.6354
1.0 16.0 0.813032 16.6433
1.0 16.0 1.39727 16.6527
1.0 16.0 0.792914 16.6354
1.0 16.0 0.996859 16.6523
1.0 16.0 0.810191 16.6306
1.0 16.0 0.822371 16.6256
1.0 16.0 0.830639 16.6526
1.0 16.0 0.782559 16.639
1.0 16.0 0.81345 16.6528
1.0 16.0 0.820786 16.6154
1.0 16.0 0.764518 16.6331
1.0 16.0 0.811518 16.6445
1.0 16.0 0.821653 16.5466
1.0 16.0 0.80512 16.6288
1.0 16.0 0.828086 16.6528
1.0 16.0 0.805819 16.6404
1.0 16.0 0.798781 16.6516
1.0 16.0 0.815622 16.6517
1.0 16.0 0.807422 16.5585
1.0 16.0 0.836058 16.6445
1.0 16.0 0.908719 16.6528
1.0 16.0 0.794786 16.6515
1.0 16.0 1.02521 16.5366
1.0 16.0 0.941852 16.6497
1.0 16.0 0.799122 16.6394
1.0 16.0 0.826227 16.628
1.0 16.0 0.807995 16.643
1.0 16.0 1.24547 16.6427
1.0 16.0 0.814771 16.6165
1.0 16.0 0.85691 16.6396
1.0 16.0 0.807949 16.6249
1.0 16.0 0.81021 16.6488
1.0 16.0 0.930257 16.6516
1.0 16.0 0.808652 16.6402
1.0 16.0 0.786679 16.6263
1.0 16.0 0.808167 16.6126
1.0 17.0 0.894359 16.6508
1.0 17.0 0.892557 16.6528
1.0 17.0 0.947236 16.5262
1.0 17.0 0.940115 16.6469
1.0 17.0 0.913352 16.6469
1.0 17.0 0.857612 16.6204
1.0 17.0 0.889152 16.6507
1.0 17.0 0.839116 16.6449
1.0 17.0 0.925049 16.6362
1.0 17.0 0.870557 16.6517
1.0 17.0 0.917758 16.6424
1.0 17.0 0.853614 16.6508
1.0 17.0 0.923019 16.6391
1.0 17.0 0.948063 16.6391
1.0 17.0 1.45485 16.5373
1.0 17.0 0.857621 16.6479
1.0 17.0 0.845535 16.6363
1.0 17.0 0.862386 16.6256
1.0 17.0 0.954117 16.6527
1.0 17.0 1.44339 16.6304
1.0 17.0 0.953283 16.5226
1.0 17.0 0.893932 16.6403
1.0 17.0 0.988005 16.6528
1.0 17.0 0.982552 16.6467
1.0 17.0 0.857599 16.6336
1.0 17.0 0.896981 16.6471
1.0 17.0 0.982932 16.6341
1.0 17.0 0.844214 16.6232
1.0 17.0 0.913965 16.6424
1.0 17.0 1.67692 16.6326
1.0 17.0 0.900693 16.6315
1.0 17.0 0.868741 16.6476
1.0 17.0 0.858267 16.647
1.0 17.0 0.92158 16.6526
1.0 17.0 0.993546 16.6482
1.0 17.0 0.907502 16.6506
1.0 17.0 0.988206 16.6425
1.0 17.0 0.848196 16.6511
1.0 17.0 0.98145 16.6498
1.0 17.0 0.981689 16.6185
1.0 17.0 0.85256 16.6515
1.0 17.0 0.981014 16.6445
1.0 17.0 0.857983 16.6338
1.0 17.0 0.850946 16.6354
1.0 17.0 1.00201 16.6522
1.0 17.0 0.851118 16.6516
1.0 17.0 0.854626 16.6463
1.0 17.0 0.986495 16.6316
1.0 17.0 1.34201 16.6396
1.0 17.0 1.65195 16.6162
1.0 31.0 1.36858 16.6396
1.0 31.0 1.44009 16.6521
1.0 31.0 0.91183 16.6485
1.0 31.0 0.909426 16.4612
1.0 31.0 0.847306 16.6517
1.0 31.0 0.970376 16.6178
1.0 31.0 0.914777 16.6526
1.0 31.0 1.37205 16.6349
1.0 31.0 0.919592 16.6527
1.0 31.0 0.853829 16.6502
1.0 31.0 1.32683 16.6421
1.0 31.0 0.909899 16.6518
1.0 31.0 0.894294 16.6352
1.0 31.0 0.930988 16.5997
1.0 31.0 1.32534 16.6515
1.0 31.0 0.910508 16.6196
1.0 31.0 0.919555 16.6352
1.0 31.0 0.912118 16.6521
1.0 31.0 0.916442 16.6492
1.0 31.0 0.83602 16.6353
1.0 31.0 0.926206 16.6517
1.0 31.0 0.967023 16.624
1.0 31.0 0.904268 16.6497
1.0 31.0 0.926085 16.651
1.0 31.0 0.940334 16.6096
1.0 31.0 1.36256 16.6515
1.0 31.0 0.950375 16.6479
1.0 31.0 0.908835 16.6527
1.0 31.0 0.907927 16.6515
1.0 31.0 0.930689 16.6434
1.0 31.0 1.37581 16.6503
1.0 31.0 0.921376 16.6469
1.0 31.0 1.00682 16.6528
1.0 31.0 1.00591 16.644
1.0 31.0 0.916329 16.6527
1.0 31.0 0.922891 16.6406
1.0 31.0 0.9088 16.6436
1.0 31.0 0.916727 16.6518
1.0 31.0 0.875261 16.6311
1.0 31.0 0.963161 16.6417
1.0 31.0 0.964266 16.6509
1.0 31.0 0.94455 16.6512
1.0 31.0 1.34518 16.63
1.0 31.0 0.921826 16.6452
1.0 31.0 0.915417 16.6519
1.0 31.0 0.904846 16.6406
1.0 31.0 0.863252 16.6372
1.0 31.0 0.924476 16.6431
1.0 31.0 0.895493 16.6485
1.0 31.0 1.46237 16.6356
1.0 32.0 1.00153 16.6462
1.0 32.0 0.939457 16.6472
1.0 32.0 0.913341 16.6525
1.0 32.0 0.91114 16.6391
1.0 32.0 0.952574 16.6523
1.0 32.0 0.888796 16.6512
1.0 32.0 0.926393 16.6428
1.0 32.0 0.930075 16.6039
1.0 32.0 1.71233 16.6487
1.0 32.0 0.94635 16.6524
1.0 32.0 0.926335 16.6409
1.0 32.0 0.918906 16.6067
1.0 32.0 0.905518 16.6495
1.0 32.0 0.963776 16.6342
1.0 32.0 1.40346 16.6424
1.0 32.0 0.931912 16.648
1.0 32.0 0.938013 16.6523
1.0 32.0 0.899931 16.6464
1.0 32.0 0.924334 16.6513
1.0 32.0 0.924634 16.603
1.0 32.0 1.36696 16.6396
1.0 32.0 1.40894 16.6366
1.0 32.0 0.939672 16.6437
1.0 32.0 1.55419 16.6445
1.0 32.0 0.943214 16.6526
1.0 32.0 0.936549 16.6522
1.0 32.0 0.93189 16.6347
1.0 32.0 0.924014 16.6064
1.0 32.0 0.923219 16.6381
1.0 32.0 1.29319 16.6396
1.0 32.0 0.912806 16.6527
1.0 32.0 0.917393 16.5262
1.0 32.0 0.930457 16.6517
1.0 32.0 0.949857 16.6175
1.0 32.0 0.932202 16.6441
1.0 32.0 0.925889 16.6346
1.0 32.0 0.946834 16.6515
1.0 32.0 0.941101 16.6413
1.0 32.0 1.01612 16.6489
1.0 32.0 0.931918 16.6515
1.0 32.0 0.929241 16.6487
1.0 32.0 0.943741 16.6511
1.0 32.0 1.00495 16.6235
1.0 32.0 0.938221 16.6513
1.0 32.0 0.920194 16.65
1.0 32.0 0.931347 16.6145
1.0 32.0 0.909479 16.6513
1.0 32.0 0.931541 16.6275
1.0 32.0 0.924362 16.6485
1.0 32.0 0.926126 16.6445
1.0 33.0 0.999439 16.6435
1.0 33.0 0.96178 16.6441
1.0 33.0 1.02182 16.6344
1.0 33.0 1.01226 16.6492
1.0 33.0 0.982991 16.6442
1.0 33.0 1.01962 16.6497
1.0 33.0 0.973552 16.6469
1.0 33.0 1.02813 16.5101
1.0 33.0 1.00235 16.6349
1.0 33.0 1.42595 16.6526
1.0 33.0 0.984997 16.6469
1.0 33.0 0.981111 16.6472
1.0 33.0 0.981308 16.5918
1.0 33.0 0.992755 16.6264
1.0 33.0 0.982361 16.5886
1.0 33.0 0.998578 16.5262
1.0 33.0 1.01318 16.626
1.0 33.0 1.43507 16.6443
1.0 33.0 0.995069 16.6351
1.0 33.0 0.967975 16.6469
1.0 33.0 0.957792 16.6212
1.0 33.0 1.00948 16.6528
1.0 33.0 1.00534 16.5955
1.0 33.0 0.950978 16.5706
1.0 33.0 1.37312 16.6181
1.0 33.0 0.975441 16.6428
1.0 33.0 0.972399 16.6262
1.0 33.0 1.02295 16.6518
1.0 33.0 1.39115 16.6519
1.0 33.0 0.985803 16.6472
1.0 33.0 1.02202 16.6522
1.0 33.0 0.992601 16.6515
1.0 33.0 1.32537 16.6526
1.0 33.0 0.968244 16.6283
1.0 33.0 0.971364 16.6528
1.0 33.0 1.01102 16.649
1.0 33.0 1.40709 16.6506
1.0 33.0 0.982126 16.6497
1.0 33.0 1.47621 16.6446
1.0 33.0 1.36769 16.6475
1.0 33.0 1.04463 16.6485
1.0 33.0 1.02612 16.6269
1.0 33.0 1.00062 16.6445
1.0 33.0 1.01644 16.6431
1.0 33.0 1.0125 16.6498
1.0 33.0 1.08424 16.6466
1.0 33.0 0.978749 16.6489
1.0 33.0 0.989005 16.6322
1.0 33.0 1.01911 16.6525
1.0 33.0 1.4265 16.6474
2.0 3.0 1.39212 -7.87713e-07
2.0 3.0 0.617633 -6.90409e-07
2.0 3.0 1.01303 -4.33133e-06
2.0 3.0 1.62249 -2.49601e-06
2.0 3.0 0.998407 -3.71067e-07
2.0 3.0 1.12658 -1.05597e-07
2.0 3.0 0.987997 -9.29878e-07
2.0 3.0 0.361251 -1.5545e-09
2.0 3.0 1.02269 -1.66431e-12
2.0 3.0 1.15925 -1.45085e-06
2.0 3.0 1.89897 -5.32657e-09
2.0 3.0 1.45508 -8.87427e-07
2.0 3.0 0.968875 -6.87103e-05
2.0 3.0 0.615954 -6.93439e-09
2.0 3.0 1.66511 -8.50657e-07
2.0 3.0 1.00181 -6.01392e-09
2.0 3.0 1.42835 -3.47331e-10
2.0 3.0 0.398271 -4.17602e-07
2.0 3.0 0.614599 -4.19959e-08
2.0 3.0 0.592393 -1.95289e-06
2.0 3.0 1.08839 -6.39868e-07
2.0 3.0 0.616133 -7.56449e-07
2.0 3.0 0.601193 -1.93105e-07
2.0 3.0 1.3452 -6.57474e-15
2.0 3.0 1.12969 -5.32926e-06
2.0 3.0 1.12221 -4.00146e-06
2.0 3.0 0.382382 -3.46568e-06
2.0 3.0 0.574093 -1.87149e-08
2.0 3.0 0.668716 -2.39783e-07
2.0 3.0 1.04119 -1.5636e-06
2.0 3.0 0.359144 -2.06134e-05
2.0 3.0 0.641167 -1.1725e-06
2.0 3.0 0.405266 -1.03672e-07
2.0 3.0 0.679405 -2.76365e-06
2.0 3.0 1.00655 -6.5744e-07
2.0 3.0 0.974336 -1.3588e-10
2.0 3.0 1.01947 -1.89027e-10
2.0 3.0 0.576013 -3.77746e-13
2.0 3.0 1.99384 -2.6772e-07
2.0 3.0 1.03928 -7.75725e-08
2.0 3.0 0.89207 -3.40607e-14
2.0 3.0 0.403416 -2.68939e-07
2.0 3.0 1.68154 -8.73227e-09
2.0 3.0 0.364979 -8.15964e-08
2.0 3.0 0.429807 -6.31624e-13
2.0 3.0 0.389622 -1.63466e-07
2.0 3.0 1.01536 -2.31409e-09
2.0 3.0 0.712508 -1.23791e-05
2.0 3.0 0.918087 -1.94737e-05
2.0 3.0 1.06728 -3.77874e-07
2.0 4.0 0.852596 -5.86469e-06
2.0 4.0 0.978839 -4.0668e-08
2.0 4.0 0.880751 -6.05108e-08
2.0 4.0 0.994355 -1.34751e-10
2.0 4.0 1.72355 -1.41563e-06
2.0 4.0 0.931548 -2.63351e-07
2.0 4.0 0.969097 -3.65467e-11
2.0 4.0 1.85983 -2.42162e-05
2.0 4.0 0.4337 -1.52995e-10
2.0 4.0 1.57018 -5.52068e-08
2.0 4.0 1.03799 -1.27399e-08
2.0 4.0 1.10459 -8.70272e-11
2.0 4.0 0.369268 -3.65053e-08
2.0 4.0 1.43766 -3.86341e-09
2.0 4.0 1.16245 -1.71091e-06
2.0 4.0 0.992005 -4.93271e-07
2.0 4.0 0.426411 -8.22094e-08
2.0 4.0 0.423874 -6.76412e-07
2.0 4.0 1.14092 -1.08262e-09
2.0 4.0 1.08926 -5.44483e-09
2.0 4.0 1.09258 -2.47472e-08
2.0 4.0 0.382877 -5.83373e-08
2.0 4.0 0.959418 -1.59696e-06
2.0 4.0 1.15713 -1.70951e-08
2.0 4.0 1.45503 -2.97182e-09
2.0 4.0 0.904522 -8.85997e-08
2.0 4.0 0.436671 -5.29668e-06
2.0 4.0 0.687981 -6.9173e-09
2.0 4.0 1.11046 -4.10978e-07
2.0 4.0 1.65433 -3.98703e-10
2.0 4.0 1.03862 -3.22117e-08
2.0 4.0 1.08196 -1.00675e-05
2.0 4.0 1.66628 -2.85066e-07
2.0 4.0 1.58461 -7.24799e-09
2.0 4.0 1.13941 -2.79489e-10
2.0 4.0 1.41655 -1.6772e-13
2.0 4.0 1.46015 -8.21121e-08
2.0 4.0 0.953188 -9.53413e-06
2.0 4.0 1.13104 -1.71829e-08
2.0 4.0 0.944261 -2.05205e-08
2.0 4.0 0.38701 -5.58646e-12
2.0 4.0 0.392864 -1.03372e-07
2.0 4.0 0.975057 -1.83683e-16
2.0 4.0 0.424953 -5.98496e-08
2.0 4.0 0.392752 -7.43288e-08
2.0 4.0 1.52965 -4.16098e-12
2.0 4.0 1.15789 -2.51555e-11
2.0 4.0 0.411291 -2.77642e-10
2.0 4.0 0.433757 -1.5696e-06
2.0 4.0 1.12673 -1.9969e-07
2.0 5.0 0.885829 -7.11191e-11
2.0 5.0 0.554011 -1.64047e-06
2.0 5.0 0.561806 -1.12337e-07
2.0 5.0 0.72939 -2.70411e-06
2.0 5.0 0.775802 -1.02268e-09
2.0 5.0 0.862385 -1.315e-07
2.0 5.0 0.726635 -5.4008e-07
2.0 5.0 1.53508 -4.15604e-05
2.0 5.0 0.657591 -3.32527e-09
2.0 5.0 0.728272 -2.76896e-07
2.0 5.0 0.558073 -2.99057e-07
2.0 5.0 0.55793 -2.70341e-07
2.0 5.0 0.58938 -9.12884e-16
2.0 5.0 0.656557 -1.06215e-06
2.0 5.0 0.757449 -1.81498e-10
2.0 5.0 0.561001 -7.24102e-10
2.0 5.0 0.922752 -4.181e-06
2.0 5.0 0.594477 -2.86955e-07
2.0 5.0 0.549857 -2.11124e-12
2.0 5.0 0.717701 -1.34852e-06
2.0 5.0 0.66388 -2.43786e-08
2.0 5.0 0.554598 -5.74434e-08
2.0 5.0 0.547108 -1.51288e-09
2.0 5.0 0.560596 -5.66861e-11
2.0 5.0 0.874763 -8.13325e-07
2.0 5.0 0.660004 -2.12144e-07
2.0 5.0 0.721899 -1.39341e-06
2.0 5.0 0.544314 -1.28518e-07
2.0 5.0 0.567808 -3.60366e-16
2.0 5.0 0.573362 -2.35561e-07
2.0 5.0 0.551615 -3.5956e-12
2.0 5.0 0.730361 -2.80603e-07
2.0 5.0 0.53831 -1.26368e-05
2.0 5.0 0.562427 -1.88597e-05
2.0 5.0 0.93976 -1.04064e-06
2.0 5.0 0.668139 -3.69854e-06
2.0 5.0 0.720741 -9.25579e-09
2.0 5.0 0.660268 -2.53759e-11
2.0 5.0 0.527113 -1.23991e-06
2.0 5.0 0.918952 -1.13165e-07
2.0 5.0 0.656466 -2.28126e-10
2.0 5.0 1.12829 -3.45854e-12
2.0 5.0 0.564794 -3.00888e-07
2.0 5.0 0.656005 -4.55786e-07
2.0 5.0 0.554744 -4.58217e-05
2.0 5.0 0.676062 -2.29068e-19
2.0 5.0 0.635811 -6.77685e-07
2.0 5.0 0.5577 -3.49457e-07
2.0 5.0 0.656736 -1.1226e-09
2.0 5.0 0.731172 -1.29951e-06
2.0 7.0 0.776636 -7.05801e-07
2.0 7.0 0.589066 -1.78095e-07
2.0 7.0 0.619841 -3.34317e-10
2.0 7.0 0.609364 -1.43452e-05
2.0 7.0 0.786046 -3.74702e-10
2.0 7.0 0.782345 -2.93006e-05
2.0 7.0 0.771724 -3.31827e-08
2.0 7.0 0.781443 -1.12993e-06
2.0 7.0 0.610461 -6.68813e-08
2.0 7.0 0.606239 -1.47144e-14
2.0 7.0 0.612957 -1.84446e-07
2.0 7.0 1.52244 -2.83639e-09
2.0 7.0 0.661377 -1.13812e-06
2.0 7.0 0.607375 -6.35561e-08
2.0 7.0 0.621056 -2.52688e-07
2.0 7.0 0.800063 -1.38954e-07
2.0 7.0 0.624389 -1.45129e-15
2.0 7.0 0.834562 -3.07223e-08
2.0 7.0 0.78235 -3.27691e-10
2.0 7.0 1.18504 -1.53271e-05
2.0 7.0 0.608089 -3.5887e-08
2.0 7.0 0.795486 -2.16275e-08
2.0 7.0 0.765298 -1.23928e-12
2.0 7.0 0.803132 -1.22149e-07
2.0 7.0 0.783802 -5.83304e-16
2.0 7.0 0.988498 -1.67275e-07
2.0 7.0 0.794471 -8.96371e-10
2.0 7.0 0.596804 -2.30268e-07
2.0 7.0 0.806196 -4.4952e-06
2.0 7.0 0.773746 -4.24597e-11
2.0 7.0 0.655552 -1.32786e-08
2.0 7.0 0.815453 -8.04805e-06
2.0 7.0 0.610331 -1.70871e-06
2.0 7.0 0.76985 -1.49972e-07
2.0 7.0 0.610539 -2.26163e-12
2.0 7.0 0.62207 -9.33361e-07
2.0 7.0 0.763738 -8.45778e-07
2.0 7.0 0.626412 -2.52584e-17
2.0 7.0 0.778721 -2.40061e-11
2.0 7.0 0.613083 -1.63519e-10
2.0 7.0 0.691228 -1.47223e-06
2.0 7.0 0.612722 -2.32557e-07
2.0 7.0 0.988518 -2.01204e-08
2.0 7.0 0.773261 -1.65968e-09
2.0 7.0 0.724611 -1.40438e-06
2.0 7.0 0.776005 -8.04406e-08
2.0 7.0 1.00494 -9.37515e-08
2.0 7.0 0.756592 -4.57926e-08
2.0 7.0 0.773953 -3.22474e-06
2.0 7.0 0.860879 -1.35151e-11
2.0 8.0 0.854199 -3.37033e-07
2.0 8.0 0.597944 -5.06789e-06
2.0 8.0 0.600555 -1.19007e-06
2.0 8.0 0.603792 -6.47869e-08
2.0 8.0 0.84694 -1.19742e-07
2.0 8.0 0.595514 -1.32048e-11
2.0 8.0 0.772851 -1.2406e-08
2.0 8.0 0.600671 -9.19769e-10
2.0 8.0 0.602738 -3.47056e-10
2.0 8.0 0.602084 -7.74347e-06
2.0 8.0 0.605807 -2.58835e-13
2.0 8.0 0.776984 -1.66386e-11
2.0 8.0 0.66207 -7.59402e-10
2.0 8.0 0.614205 -1.75323e-05
2.0 8.0 0.773426 -1.60106e-10
2.0 8.0 0.617359 -9.23685e-06
2.0 8.0 0.619822 -1.27152e-08
2.0 8.0 0.791896 -8.05485e-06
2.0 8.0 0.57906 -2.38146e-12
2.0 8.0 0.620389 -1.52333e-07
2.0 8.0 0.788366 -4.44375e-10
2.0 8.0 0.605902 -2.09113e-12
2.0 8.0 0.603702 -3.34423e-14
2.0 8.0 0.704892 -7.08154e-10
2.0 8.0 0.643306 -3.49379e-06
2.0 8.0 0.773395 -1.38903e-10
2.0 8.0 0.614547 -4.282e-06
2.0 8.0 0.604278 -1.09549e-08
2.0 8.0 0.787545 -4.28661e-07
2.0 8.0 0.599504 -1.21431e-16
2.0 8.0 0.60895 -8.96977e-07
2.0 8.0 0.600902 -2.24682e-07
2.0 8.0 0.602801 -1.27873e-06
2.0 8.0 0.606799 -2.18179e-07
2.0 8.0 0.60929 -7.42404e-08
2.0 8.0 0.816105 -1.84128e-12
2.0 8.0 0.605075 -2.47209e-06
2.0 8.0 0.59902 -3.6994e-06
2.0 8.0 0.797883 -4.96807e-07
2.0 8.0 0.604101 -8.33475e-09
2.0 8.0 0.603177 -1.21819e-10
2.0 8.0 0.612478 -2.07457e-06
2.0 8.0 0.601931 -2.98899e-10
2.0 8.0 0.596117 -1.80321e-05
2.0 8.0 0.601267 -5.2478e-13
2.0 8.0 0.667927 -5.56042e-07
2.0 8.0 0.602491 -7.0175e-08
2.0 8.0 2.12297 -1.34778e-11
2.0 8.0 1.54611 -2.80927e-06
2.0 8.0 1.56746 -5.44156e-10
2.0 9.0 0.783244 -1.79059e-06
2.0 9.0 0.929231 -1.4151e-10
2.0 9.0 1.89068 -9.28757e-06
2.0 9.0 0.764702 -1.02737e-07
2.0 9.0 0.73957 -4.53541e-11
2.0 9.0 0.945091 -1.83734e-08
2.0 9.0 0.904153 -3.49215e-07
2.0 9.0 0.79009 -3.9084e-05
2.0 9.0 0.778664 -2.94356e-07
2.0 9.0 0.758838 -1.83922e-16
2.0 9.0 0.943255 -1.57395e-06
2.0 9.0 0.980775 -7.18168e-08
2.0 9.0 0.90186 -1.13272e-07
2.0 9.0 0.775733 -1.0238e-09
2.0 9.0 0.773616 -7.1503e-06
2.0 9.0 0.776065 -2.54328e-08
2.0 9.0 0.770524 -9.98294e-07
2.0 9.0 0.753739 -8.92192e-08
2.0 9.0 0.767873 -8.10575e-10
2.0 9.0 0.885767 -2.10851e-05
2.0 9.0 0.770849 -4.61579e-08
2.0 9.0 0.779745 -1.41969e-07
2.0 9.0 0.721008 -6.13186e-10
2.0 9.0 0.783209 -2.48169e-07
2.0 9.0 0.761488 -2.89594e-12
2.0 9.0 0.765041 -6.41226e-09
2.0 9.0 0.784581 -3.9614e-07
2.0 9.0 0.772026 -8.02654e-07
2.0 9.0 0.784707 -8.13998e-09
2.0 9.0 0.79324 -1.53304e-09
2.0 9.0 0.788404 -1.27878e-07
2.0 9.0 0.765761 -3.09205e-10
2.0 9.0 0.779675 -8.46677e-08
2.0 9.0 0.801923 -8.76628e-07
2.0 9.0 0.74191 -5.26617e-13
2.0 9.0 0.776025 -1.56505e-07
2.0 9.0 0.783795 -1.52284e-07
2.0 9.0 0.997449 -1.62787e-05
2.0 9.0 0.766392 -1.3169e-06
2.0 9.0 0.754585 -8.69382e-06
2.0 9.0 0.764337 -2.59937e-07
2.0 9.0 0.782667 -1.29238e-06
2.0 9.0 0.773024 -9.13269e-15
2.0 9.0 0.771362 -5.8606e-07
2.0 9.0 0.757611 -5.42546e-12
2.0 9.0 0.73593 -1.04382e-06
2.0 9.0 0.880753 -1.17996e-14
2.0 9.0 0.761278 -4.19328e-20
2.0 9.0 0.962934 -1.18521e-06
2.0 9.0 0.778465 -5.82677e-10
2.0 15.0 0.83886 -2.73112e-17
2.0 15.0 0.816206 -9.77873e-08
2.0 15.0 0.981754 -1.39482e-05
2.0 15.0 0.789196 -1.8058e-08
2.0 15.0 0.849856 -1.3031e-16
2.0 15.0 0.83181 -2.03859e-09
2.0 15.0 0.976034 -1.42594e-09
2.0 15.0 0.88136 -8.47428e-09
2.0 15.0 0.781579 -2.79631e-09
2.0 15.0 0.920775 -1.52504e-08
2.0 15.0 0.751834 -2.16742e-07
2.0 15.0 0.823343 -4.33638e-16
2.0 15.0 0.84161 -2.68834e-08
2.0 15.0 0.827406 -7.66932e-07
2.0 15.0 0.806558 -2.40117e-06
2.0 15.0 0.814775 -9.4761e-09
2.0 15.0 0.838157 -1.32891e-12
2.0 15.0 0.835268 -2.05678e-08
2.0 15.0 0.853725 -1.47829e-07
2.0 15.0 0.823672 -9.86053e-07
2.0 15.0 0.817234 -1.38136e-10
2.0 15.0 0.832666 -5.82916e-07
2.0 15.0 0.999055 -4.1051e-10
2.0 15.0 0.924619 -9.48893e-06
2.0 15.0 0.823034 -2.58957e-07
2.0 15.0 0.841325 -7.44974e-10
2.0 15.0 0.908309 -6.72567e-08
2.0 15.0 0.815547 -7.07808e-09
2.0 15.0 0.837412 -5.1485e-06
2.0 15.0 0.886019 -6.65558e-08
2.0 15.0 0.831201 -3.61763e-08
2.0 15.0 0.848477 -9.24779e-10
2.0 15.0 0.835086 -3.97529e-08
2.0 15.0 0.812568 -2.97574e-06
2.0 15.0 0.829463 -8.30095e-10
2.0 15.0 0.854895 -7.81132e-09
2.0 15.0 1.00072 -2.22218e-15
2.0 15.0 0.835556 -4.89164e-08
2.0 15.0 0.838118 -1.51512e-11
2.0 15.0 0.840952 -7.73086e-11
2.0 15.0 0.839723 -1.21156e-08
2.0 15.0 0.999432 -4.04277e-08
2.0 15.0 0.816733 -9.8779e-08
2.0 15.0 0.837247 -1.00872e-12
2.0 15.0 0.939544 -1.22275e-07
2.0 15.0 0.799389 -1.4454e-08
2.0 15.0 0.825873 -1.6008e-15
2.0 15.0 0.837977 -4.88914e-06
2.0 15.0 0.80957 -1.2337e-08
2.0 15.0 0.83648 -2.35869e-05
2.0 16.0 0.997635 -1.94672e-07
2.0 16.0 0.808821 -1.88685e-07
2.0 16.0 0.811291 -4.40273e-08
2.0 16.0 1.36695 -7.8157e-07
2.0 16.0 0.835042 -3.61643e-06
2.0 16.0 1.24105 -9.23619e-06
2.0 16.0 0.835519 -8.1983e-07
2.0 16.0 0.836241 -2.95672e-16
2.0 16.0 0.870603 -4.72094e-07
2.0 16.0 0.832716 -1.99069e-07
2.0 16.0 0.844706 -9.26834e-07
2.0 16.0 0.835869 -7.98246e-11
2.0 16.0 0.836966 -6.13717e-08
2.0 16.0 0.836189 -7.33399e-09
2.0 16.0 0.837069 -1.15555e-06
2.0 16.0 0.836186 -3.00326e-12
2.0 16.0 0.822011 -5.1042e-10
2.0 16.0 0.839154 -1.50119e-08
2.0 16.0 0.825104 -5.70005e-13
2.0 16.0 0.796667 -2.97196e-10
2.0 16.0 0.796632 -7.88506e-07
2.0 16.0 0.827932 -1.24236e-08
2.0 16.0 0.837077 -5.60248e-10
2.0 16.0 0.827972 -1.25377e-06
2.0 16.0 0.824985 -5.10193e-05
2.0 16.0 0.832086 -3.3971e-10
2.0 16.0 0.832214 -2.79261e-05
2.0 16.0 0.836315 -2.55887e-06
2.0 16.0 0.81859 -3.43246e-08
2.0 16.0 0.802327 -1.10386e-08
2.0 16.0 0.834257 -8.29029e-09
2.0 16.0 0.838701 -2.19206e-09
2.0 16.0 0.836614 -1.89128e-07
2.0 16.0 0.839961 -2.98547e-11
2.0 16.0 0.821225 -5.39026e-08
2.0 16.0 0.834929 -3.123e-06
2.0 16.0 0.831199 -7.73722e-08
2.0 16.0 0.821689 -2.85024e-06
2.0 16.0 0.843887 -1.03205e-08
2.0 16.0 0.83371 -8.07507e-09
2.0 16.0 0.808861 -2.6941e-09
2.0 16.0 0.833471 -1.47131e-08
2.0 16.0 1.22393 -2.12621e-06
2.0 16.0 0.845932 -6.76334e-07
2.0 16.0 0.847568 -5.36011e-17
2.0 16.0 0.832476 -7.69297e-14
2.0 16.0 0.831493 -1.4207e-09
2.0 16.0 0.830416 -1.79224e-13
2.0 16.0 0.840394 -4.39969e-06
2.0 16.0 0.83521 -5.00676e-10
2.0 17.0 0.903873 -1.26071e-09
2.0 17.0 0.865486 -1.27712e-09
2.0 17.0 0.868603 -2.10305e-07
2.0 17.0 0.902978 -1.9436e-05
2.0 17.0 0.986755 -9.45758e-06
2.0 17.0 0.931037 -7.33924e-10
2.0 17.0 1.08411 -1.02874e-06
2.0 17.0 1.00465 -1.35078e-05
2.0 17.0 1.37367 -1.15167e-06
2.0 17.0 0.972345 -6.30456e-07
2.0 17.0 0.948675 -7.18889e-16
2.0 17.0 0.875099 -4.82369e-11
2.0 17.0 0.95558 -3.56718e-06
2.0 17.0 1.54109 -2.97436e-06
2.0 17.0 0.902261 -7.48387e-06
2.0 17.0 1.50257 -8.5622e-08
2.0 17.0 1.02492 -1.24677e-06
2.0 17.0 0.878256 -5.00378e-10
2.0 17.0 0.985441 -7.63785e-06
2.0 17.0 1.34215 -5.61638e-08
2.0 17.0 1.4926 -8.11449e-06
2.0 17.0 0.985879 -1.0946e-11
2.0 17.0 1.30248 -3.17003e-06
2.0 17.0 0.86451 -1.95673e-09
2.0 17.0 0.984643 -3.54348e-08
2.0 17.0 1.35334 -1.40276e-10
2.0 17.0 1.31173 -8.87848e-06
2.0 17.0 1.272 -1.35145e-09
2.0 17.0 0.910315 -7.8224e-08
2.0 17.0 1.46298 -4.58847e-05
2.0 17.0 0.872425 -8.17332e-09
2.0 17.0 1.35405 -3.47629e-07
2.0 17.0 1.30276 -1.31042e-09
2.0 17.0 1.05905 -9.71864e-13
2.0 17.0 1.35174 -6.41534e-10
2.0 17.0 1.61367 -2.062e-06
2.0 17.0 0.901119 -7.15205e-07
2.0 17.0 0.87258 -5.62109e-06
2.0 17.0 0.869089 -1.95266e-06
2.0 17.0 0.929876 -2.04737e-07
2.0 17.0 0.928328 -3.55824e-08
2.0 17.0 0.885047 -8.72213e-07
2.0 17.0 0.881961 -1.34451e-06
2.0 17.0 0.938749 -1.20697e-08
2.0 17.0 1.48922 -1.28159e-06
2.0 17.0 1.34741 -3.27862e-12
2.0 17.0 0.886607 -4.51786e-07
2.0 17.0 0.831714 -1.01248e-08
2.0 17.0 0.968969 -8.90879e-06
2.0 17.0 1.46854 -8.27951e-06
2.0 31.0 0.979689 -2.02415e-06
2.0 31.0 0.903566 -1.39787e-07
2.0 31.0 1.32406 -1.10533e-10
2.0 31.0 0.920833 -1.9233e-09
2.0 31.0 0.924227 -5.28006e-08
2.0 31.0 0.93389 -3.03563e-13
2.0 31.0 0.917555 -2.94672e-08
2.0 31.0 0.929844 -1.17186e-08
2.0 31.0 0.861626 -4.11882e-07
2.0 31.0 0.907432 -1.48234e-06
2.0 31.0 1.3494 -9.7557e-06
2.0 31.0 0.897941 -4.79283e-14
2.0 31.0 1.33198 -7.76982e-07
2.0 31.0 1.03383 -1.31052e-07
2.0 31.0 1.34703 -1.76315e-13
2.0 31.0 0.932574 -4.60874e-06
2.0 31.0 1.48758 -8.05383e-09
2.0 31.0 0.917571 -2.51332e-11
2.0 31.0 0.980693 -8.47464e-11
2.0 31.0 0.936384 -8.17838e-10
2.0 31.0 0.869934 -2.76292e-08
2.0 31.0 0.929169 -4.60235e-08
2.0 31.0 1.00375 -4.5044e-06
2.0 31.0 0.929856 -1.52567e-14
2.0 31.0 0.991606 -6.96506e-14
2.0 31.0 0.920738 -5.45536e-07
2.0 31.0 0.997302 -1.45681e-10
2.0 31.0 1.35459 -3.08379e-05
2.0 31.0 0.920991 -3.2114e-11
2.0 31.0 0.918819 -4.35683e-15
2.0 31.0 0.926788 -2.1331e-06
2.0 31.0 0.944495 -2.28945e-05
2.0 31.0 0.922605 -2.12199e-08
2.0 31.0 0.975451 -9.6799e-10
2.0 31.0 0.899265 -7.82333e-06
2.0 31.0 1.35506 -1.01162e-06
2.0 31.0 0.908398 -6.28162e-10
2.0 31.0 0.935883 -1.36798e-08
2.0 31.0 0.997382 -1.62818e-06
2.0 31.0 0.979386 -1.55609e-06
2.0 31.0 0.921061 -8.74948e-07
2.0 31.0 1.37231 -4.97019e-07
2.0 31.0 0.927936 -2.80584e-09
2.0 31.0 0.924927 -7.71787e-13
2.0 31.0 0.93735 -1.77757e-08
2.0 31.0 0.924442 -1.7387e-13
2.0 31.0 0.973416 -2.27616e-10
2.0 31.0 1.37439 -2.14839e-08
2.0 31.0 0.872352 -1.16207e-07
2.0 31.0 0.922599 -8.15554e-07
2.0 32.0 0.927484 -3.17729e-07
2.0 32.0 0.929831 -2.94781e-10
2.0 32.0 0.92793 -4.44692e-07
2.0 32.0 0.924351 -3.19254e-06
2.0 32.0 0.927192 -1.77056e-08
2.0 32.0 1.03927 -2.29924e-07
2.0 32.0 0.883149 -9.96906e-10
2.0 32.0 0.928324 -7.74814e-07
2.0 32.0 0.922456 -1.78162e-06
2.0 32.0 0.921394 -4.09404e-07
2.0 32.0 0.942061 -2.36703e-13
2.0 32.0 0.897333 -4.48719e-07
2.0 32.0 0.936435 -4.18965e-08
2.0 32.0 0.998354 -4.17025e-06
2.0 32.0 0.927515 -1.93794e-07
2.0 32.0 0.945253 -3.111e-08
2.0 32.0 0.942257 -2.44907e-08
2.0 32.0 0.936624 -1.19729e-07
2.0 32.0 0.938286 -7.87666e-07
2.0 32.0 0.933806 -4.87227e-08
2.0 32.0 0.917996 -9.03091e-08
2.0 32.0 0.949284 -1.31064e-05
2.0 32.0 0.926228 -9.92415e-07
2.0 32.0 0.927903 -1.2217e-07
2.0 32.0 1.02101 -1.77146e-05
2.0 32.0 1.35676 -1.66956e-07
2.0 32.0 0.908687 -1.57572e-07
2.0 32.0 0.922593 -1.17674e-06
2.0 32.0 0.909952 -8.51684e-08
2.0 32.0 0.924462 -2.59361e-09
2.0 32.0 0.934913 -5.76834e-11
2.0 32.0 0.942266 -4.90285e-06
2.0 32.0 0.942356 -2.29211e-05
2.0 32.0 1.0032 -1.68139e-07
2.0 32.0 0.937197 -5.43247e-13
2.0 32.0 1.44522 -1.69699e-10
2.0 32.0 1.00584 -3.66885e-06
2.0 32.0 0.947822 -1.21425e-09
2.0 32.0 0.928998 -6.69707e-06
2.0 32.0 0.945085 -2.48829e-07
2.0 32.0 1.42636 -7.01448e-08
2.0 32.0 0.930373 -1.20777e-10
2.0 32.0 0.930015 -4.50554e-08
2.0 32.0 0.904354 -1.18176e-12
2.0 32.0 0.938345 -1.30177e-10
2.0 32.0 1.57916 -6.62462e-08
2.0 32.0 0.905599 -4.8852e-06
2.0 32.0 0.923481 -5.74973e-07
2.0 32.0 0.937122 -1.17644e-17
2.0 32.0 0.878628 -9.29473e-11
2.0 33.0 1.07675 -6.44439e-06
2.0 33.0 0.993928 -5.83658e-07
2.0 33.0 1.3333 -4.86175e-06
2.0 33.0 1.02677 -1.07535e-08
2.0 33.0 0.98065 -1.52091e-05
2.0 33.0 1.35758 -5.57992e-12
2.0 33.0 1.02882 -3.74023e-07
2.0 33.0 0.991757 -1.30467e-05
2.0 33.0 0.990267 -1.06847e-12
2.0 33.0 1.35212 -2.51603e-08
2.0 33.0 0.983422 -2.40124e-12
2.0 33.0 1.08402 -3.11379e-07
2.0 33.0 0.989617 -5.2148e-08
2.0 33.0 0.965265 -3.82979e-06
2.0 33.0 1.07353 -7.21835e-09
2.0 33.0 1.35401 -2.95748e-07
2.0 33.0 0.962887 -5.43412e-09
2.0 33.0 0.981381 -7.24875e-11
2.0 33.0 0.971561 -9.18884e-13
2.0 33.0 0.964694 -5.58759e-08
2.0 33.0 1.00018 -1.14033e-11
2.0 33.0 1.06529 -6.58551e-07
2.0 33.0 1.08663 -4.64856e-07
2.0 33.0 1.01795 -1.82218e-10
2.0 33.0 1.39505 -6.8495e-06
2.0 33.0 1.05582 -8.81773e-08
2.0 33.0 1.01082 -1.96975e-09
2.0 33.0 0.986247 -2.686e-07
2.0 33.0 0.985998 -4.6453e-07
2.0 33.0 1.3577 -7.96706e-07
2.0 33.0 0.956395 -8.54787e-09
2.0 33.0 0.993831 -7.17606e-06
2.0 33.0 0.994694 -1.22016e-07
2.0 33.0 1.02646 -2.0892e-07
2.0 33.0 0.996925 -8.88876e-18
2.0 33.0 1.3674 -2.51056e-08
2.0 33.0 1.43262 -1.06256e-06
2.0 33.0 0.978038 -7.43412e-09
2.0 33.0 1.41679 -4.4262e-07
2.0 33.0 1.35493 -1.5133e-12
2.0 33.0 1.02383 -5.73694e-07
2.0 33.0 1.43595 -9.8252e-09
2.0 33.0 1.02045 -7.65957e-07
2.0 33.0 1.002 -1.35791e-05
2.0 33.0 1.46675 -2.93624e-08
2.0 33.0 1.36004 -1.21051e-13
2.0 33.0 1.40989 -7.9804e-17
2.0 33.0 1.04103 -7.83504e-19
2.0 33.0 1.02019 -2.87903e-09
2.0 33.0 1.04625 -2.25408e-05
3.0 3.0 1.68434 208.012
3.0 3.0 0.420504 211.03
3.0 3.0 0.590031 210.332
3.0 3.0 0.885067 210.798
3.0 3.0 0.438562 211.426
3.0 3.0 1.08758 211.325
3.0 3.0 1.10465 211.409
3.0 3.0 1.02911 209.685
3.0 3.0 1.46266 211.397
3.0 3.0 1.15953 211.345
3.0 3.0 1.07968 211.342
3.0 3.0 1.50582 211.341
3.0 3.0 0.581616 210.972
3.0 3.0 0.637362 211.424
3.0 3.0 1.55124 211.194
3.0 3.0 0.396141 210.964
3.0 3.0 0.616102 211.386
3.0 3.0 1.13624 208.452
3.0 3.0 0.9949 211.041
3.0 3.0 0.416583 211.374
3.0 3.0 0.572137 211.342
3.0 3.0 1.36615 210.643
3.0 3.0 0.61097 211.095
3.0 3.0 1.12796 211.426
3.0 3.0 0.57191 210.171
3.0 3.0 0.689935 211.426
3.0 3.0 1.48979 211.359
3.0 3.0 1.08463 210.74
3.0 3.0 0.766015 210.917
3.0 3.0 0.978099 211.412
3.0 3.0 1.17374 208.617
3.0 3.0 1.1499 211.298
3.0 3.0 1.4231 210.526
3.0 3.0 0.606538 211.42
3.0 3.0 0.366129 211.286
3.0 3.0 1.21533 211.354
3.0 3.0 1.65388 210.812
3.0 3.0 0.424693 211.298
3.0 3.0 0.573049 209.781
3.0 3.0 1.69077 204.225
3.0 3.0 1.8184 210.227
3.0 3.0 1.5992 211.03
3.0 3.0 0.883199 211.355
3.0 3.0 1.11515 211.347
3.0 3.0 1.20633 210.638
3.0 3.0 0.938673 211.403
3.0 3.0 0.584191 211.106
3.0 3.0 1.0069 211.426
3.0 3.0 1.13694 209.922
3.0 3.0 0.403632 211.42
3.0 4.0 0.82397 210.164
3.0 4.0 0.971639 211.41
3.0 4.0 0.977693 211.218
3.0 4.0 0.893109 211.035
3.0 4.0 1.79151 207.687
3.0 4.0 0.405137 211.385
3.0 4.0 0.865056 210.53
3.0 4.0 0.941646 211.16
3.0 4.0 1.15993 210.921
3.0 4.0 1.02361 211.404
3.0 4.0 0.392113 209.691
3.0 4.0 0.928816 211.354
3.0 4.0 0.871779 211.264
3.0 4.0 1.68464 211.375
3.0 4.0 0.38904 211.2
3.0 4.0 0.385232 211.397
3.0 4.0 1.47824 210.054
3.0 4.0 1.14938 209.942
3.0 4.0 1.67708 211.22
3.0 4.0 0.991032 211.335
3.0 4.0 1.08201 210.164
3.0 4.0 1.49026 211.083
3.0 4.0 0.972301 211.18
3.0 4.0 1.02034 210.763
3.0 4.0 0.963323 211.348
3.0 4.0 1.89451 209.555
3.0 4.0 0.998852 211.397
3.0 4.0 0.984983 209.596
3.0 4.0 0.371335 211.42
3.0 4.0 0.71562 210.613
3.0 4.0 0.613893 210.929
3.0 4.0 0.923028 211.241
3.0 4.0 0.37743 209.967
3.0 4.0 0.906164 211.289
3.0 4.0 0.991396 210.129
3.0 4.0 0.823991 211.412
3.0 4.0 1.01774 208.012
3.0 4.0 1.21654 210.664
3.0 4.0 1.62889 211.369
3.0 4.0 0.358765 211.24
3.0 4.0 0.386437 211.161
3.0 4.0 1.01017 211.222
3.0 4.0 0.984341 211.286
3.0 4.0 0.94825 211.42
3.0 4.0 0.367494 211.388
3.0 4.0 0.636603 211.389
3.0 4.0 0.855038 210.604
3.0 4.0 0.924785 209.589
3.0 4.0 1.06099 211.396
3.0 4.0 0.398195 209.691
3.0 5.0 0.705898 211.411
3.0 5.0 0.52322 210.825
3.0 5.0 0.65623 207.157
3.0 5.0 0.736068 211.396
3.0 5.0 0.538841 211.412
3.0 5.0 0.660646 211.222
3.0 5.0 0.554234 211.124
3.0 5.0 0.555229 209.788
3.0 5.0 0.725235 211.361
3.0 5.0 0.722447 210.904
3.0 5.0 0.544824 211.345
3.0 5.0 0.565455 210.828
3.0 5.0 0.593583 210.76
3.0 5.0 0.725792 209.752
3.0 5.0 0.676456 210.919
3.0 5.0 0.719508 211.137
3.0 5.0 0.684814 211.402
3.0 5.0 0.660638 210.913
3.0 5.0 0.55043 211.231
3.0 5.0 0.730653 211.119
3.0 5.0 0.658429 211.339
3.0 5.0 0.67033 210.765
3.0 5.0 0.762215 209.281
3.0 5.0 0.63949 211.42
3.0 5.0 0.741321 210.765
3.0 5.0 0.585149 211.407
3.0 5.0 0.523012 210.861
3.0 5.0 0.525414 211.148
3.0 5.0 0.905525 210.825
3.0 5.0 0.735169 211.41
3.0 5.0 0.735469 211.403
3.0 5.0 0.663401 210.325
3.0 5.0 0.728054 210.904
3.0 5.0 0.729211 211.24
3.0 5.0 0.546144 211.049
3.0 5.0 0.670397 211.335
3.0 5.0 0.664711 211.186
3.0 5.0 0.726371 210.214
3.0 5.0 0.637786 210.403
3.0 5.0 0.51787 210.931
3.0 5.0 0.66071 211.001
3.0 5.0 0.654044 211.403
3.0 5.0 0.730975 211.019
3.0 5.0 0.718992 210.953
3.0 5.0 0.529106 211.236
3.0 5.0 0.81425 211.289
3.0 5.0 0.563576 211.306
3.0 5.0 0.700991 211.393
3.0 5.0 0.563229 211.042
3.0 5.0 0.727144 211.214
3.0 7.0 0.621036 211.211
3.0 7.0 0.609552 210.012
3.0 7.0 0.607539 210.577
3.0 7.0 0.730206 211.394
3.0 7.0 0.756074 210.341
3.0 7.0 0.678971 209.413
3.0 7.0 0.792271 210.597
3.0 7.0 0.601254 211.253
3.0 7.0 0.659284 211.124
3.0 7.0 1.26029 210.848
3.0 7.0 0.880956 211.209
3.0 7.0 0.64221 211.123
3.0 7.0 0.771259 210.808
3.0 7.0 0.615947 206.246
3.0 7.0 0.594015 210.997
3.0 7.0 0.806879 210.9
3.0 7.0 0.612125 211.197
3.0 7.0 0.608422 210.526
3.0 7.0 0.641219 211.328
3.0 7.0 0.629044 211.398
3.0 7.0 0.638262 211.326
3.0 7.0 0.814154 210.258
3.0 7.0 0.726228 211.319
3.0 7.0 0.715529 211.42
3.0 7.0 0.632481 211.42
3.0 7.0 0.577303 211.244
3.0 7.0 0.808696 211.416
3.0 7.0 0.775971 210.51
3.0 7.0 0.610725 210.689
3.0 7.0 0.61532 210.825
3.0 7.0 0.662208 210.326
3.0 7.0 0.725393 211.321
3.0 7.0 0.612882 211.269
3.0 7.0 0.599381 211.392
3.0 7.0 0.662356 209.544
3.0 7.0 0.613582 210.66
3.0 7.0 0.659252 211.216
3.0 7.0 0.680619 209.545
3.0 7.0 0.618158 211.139
3.0 7.0 0.652389 211.046
3.0 7.0 0.813252 211.323
3.0 7.0 0.606618 210.7
3.0 7.0 0.640129 211.375
3.0 7.0 1.73849 207.761
3.0 7.0 0.606564 211.346
3.0 7.0 0.608439 210.974
3.0 7.0 0.605098 211.37
3.0 7.0 0.608609 211.199
3.0 7.0 0.615491 211.425
3.0 7.0 0.56111 209.463
3.0 8.0 0.605324 211.418
3.0 8.0 0.68767 211.203
3.0 8.0 0.957288 211.394
3.0 8.0 1.5119 210.896
3.0 8.0 1.54786 211.34
3.0 8.0 0.606228 211.046
3.0 8.0 0.608128 211.412
3.0 8.0 0.612946 211.001
3.0 8.0 1.55623 211.022
3.0 8.0 1.55245 211.0
3.0 8.0 0.604407 210.078
3.0 8.0 0.638486 211.255
3.0 8.0 1.49245 211.104
3.0 8.0 0.688365 211.262
3.0 8.0 0.965601 211.286
3.0 8.0 1.6273 211.278
3.0 8.0 0.64745 211.289
3.0 8.0 0.613673 211.399
3.0 8.0 0.68842 211.175
3.0 8.0 0.645136 206.669
3.0 8.0 1.64994 209.245
3.0 8.0 0.968428 210.819
3.0 8.0 0.611403 210.198
3.0 8.0 0.664079 208.74
3.0 8.0 0.71606 211.302
3.0 8.0 0.958941 211.392
3.0 8.0 0.652373 211.115
3.0 8.0 0.604297 209.815
3.0 8.0 0.61764 210.12
3.0 8.0 0.949137 211.408
3.0 8.0 0.960455 211.172
3.0 8.0 0.660934 211.211
3.0 8.0 1.02442 211.302
3.0 8.0 0.615928 211.339
3.0 8.0 1.59576 211.205
3.0 8.0 1.64182 210.904
3.0 8.0 0.610539 211.277
3.0 8.0 0.791422 211.19
3.0 8.0 0.592783 210.969
3.0 8.0 0.971453 210.877
3.0 8.0 0.663239 211.069
3.0 8.0 0.63844 211.001
3.0 8.0 0.641518 211.069
3.0 8.0 0.599188 211.191
3.0 8.0 0.816672 210.358
3.0 8.0 0.889238 211.397
3.0 8.0 0.610027 210.548
3.0 8.0 0.610565 211.341
3.0 8.0 0.681093 211.408
3.0 8.0 1.91615 211.278
3.0 9.0 0.772401 211.403
3.0 9.0 0.767982 210.171
3.0 9.0 0.741616 211.426
3.0 9.0 0.754117 210.949
3.0 9.0 0.74692 211.423
3.0 9.0 0.963863 210.327
3.0 9.0 0.768531 210.652
3.0 9.0 0.765284 211.024
3.0 9.0 0.841505 210.953
3.0 9.0 0.779763 210.968
3.0 9.0 0.768435 211.376
3.0 9.0 0.774321 210.678
3.0 9.0 0.767668 211.229
3.0 9.0 0.775458 211.365
3.0 9.0 0.780018 210.76
3.0 9.0 0.76783 210.012
3.0 9.0 0.741723 211.391
3.0 9.0 0.793644 210.427
3.0 9.0 1.01438 210.851
3.0 9.0 0.770052 210.785
3.0 9.0 1.3176 211.42
3.0 9.0 0.759722 211.316
3.0 9.0 0.757412 211.231
3.0 9.0 0.768507 211.037
3.0 9.0 1.16461 211.332
3.0 9.0 0.780175 211.095
3.0 9.0 0.755728 209.784
3.0 9.0 0.867257 211.211
3.0 9.0 0.883229 211.359
3.0 9.0 0.769016 210.171
3.0 9.0 0.755818 209.456
3.0 9.0 0.76559 211.22
3.0 9.0 0.885112 211.336
3.0 9.0 0.770824 210.667
3.0 9.0 0.771631 211.024
3.0 9.0 0.845138 210.754
3.0 9.0 0.766711 211.332
3.0 9.0 0.876106 211.397
3.0 9.0 0.867931 211.397
3.0 9.0 0.912792 211.354
3.0 9.0 1.14519 211.408
3.0 9.0 0.772804 211.086
3.0 9.0 1.25753 211.264
3.0 9.0 0.789259 211.022
3.0 9.0 0.758591 210.957
3.0 9.0 0.789408 210.089
3.0 9.0 0.818978 211.408
3.0 9.0 0.787986 210.965
3.0 9.0 0.781314 211.134
3.0 9.0 0.944579 211.22
3.0 15.0 0.815803 211.388
3.0 15.0 0.812058 210.901
3.0 15.0 0.828179 211.319
3.0 15.0 0.821346 211.282
3.0 15.0 0.818398 211.319
3.0 15.0 0.822482 211.421
3.0 15.0 0.851222 211.412
3.0 15.0 0.828963 211.403
3.0 15.0 0.813225 211.314
3.0 15.0 0.831203 211.287
3.0 15.0 0.824844 211.403
3.0 15.0 0.829122 211.3
3.0 15.0 0.838608 211.339
3.0 15.0 0.806148 211.379
3.0 15.0 0.829766 209.458
3.0 15.0 0.830617 211.41
3.0 15.0 0.81089 210.693
3.0 15.0 0.827694 211.359
3.0 15.0 0.802328 209.178
3.0 15.0 0.84217 211.397
3.0 15.0 0.840551 211.069
3.0 15.0 0.827546 211.09
3.0 15.0 0.805882 210.171
3.0 15.0 0.796747 211.271
3.0 15.0 0.819522 210.197
3.0 15.0 0.841187 211.197
3.0 15.0 0.846967 211.403
3.0 15.0 0.839579 211.097
3.0 15.0 0.865126 211.347
3.0 15.0 0.818471 210.777
3.0 15.0 0.816561 211.347
3.0 15.0 0.834593 211.425
3.0 15.0 0.835462 211.231
3.0 15.0 0.951253 211.397
3.0 15.0 0.841519 211.344
3.0 15.0 0.837029 211.236
3.0 15.0 0.772696 211.069
3.0 15.0 0.819093 208.436
3.0 15.0 0.956538 210.819
3.0 15.0 0.823509 211.413
3.0 15.0 0.83984 210.089
3.0 15.0 0.832628 211.42
3.0 15.0 0.787611 211.248
3.0 15.0 0.834062 211.264
3.0 15.0 0.850826 211.202
3.0 15.0 0.836511 211.236
3.0 15.0 0.823124 210.012
3.0 15.0 0.827628 211.426
3.0 15.0 0.827996 211.326
3.0 15.0 0.824772 210.748
3.0 16.0 0.820698 211.413
3.0 16.0 0.830284 211.162
3.0 16.0 1.0443 209.542
3.0 16.0 0.88185 211.417
3.0 16.0 0.815092 211.407
3.0 16.0 0.830542 210.502
3.0 16.0 0.78201 211.12
3.0 16.0 0.832225 211.426
3.0 16.0 0.815996 210.98
3.0 16.0 0.801659 210.472
3.0 16.0 0.829595 211.253
3.0 16.0 0.839641 209.556
3.0 16.0 0.839455 211.408
3.0 16.0 0.829684 211.186
3.0 16.0 0.824208 210.969
3.0 16.0 0.828037 211.386
3.0 16.0 0.816478 211.408
3.0 16.0 0.82563 206.931
3.0 16.0 0.770185 209.628
3.0 16.0 0.833122 211.264
3.0 16.0 0.872354 211.112
3.0 16.0 0.849316 211.287
3.0 16.0 0.855267 210.51
3.0 16.0 0.828984 211.069
3.0 16.0 0.819157 210.758
3.0 16.0 0.822088 211.353
3.0 16.0 0.832028 210.012
3.0 16.0 0.841292 211.149
3.0 16.0 0.821864 211.412
3.0 16.0 0.811487 211.194
3.0 16.0 0.828478 209.241
3.0 16.0 0.862251 210.791
3.0 16.0 0.838495 211.194
3.0 16.0 0.835509 211.046
3.0 16.0 0.826519 211.023
3.0 16.0 0.855426 211.403
3.0 16.0 0.813229 211.426
3.0 16.0 0.82419 209.971
3.0 16.0 0.796049 211.2
3.0 16.0 0.82456 211.008
3.0 16.0 0.798524 211.325
3.0 16.0 0.830015 211.316
3.0 16.0 0.813467 211.139
3.0 16.0 0.829558 211.279
3.0 16.0 0.834176 211.147
3.0 16.0 0.833872 211.383
3.0 16.0 0.781657 208.083
3.0 16.0 0.798835 211.333
3.0 16.0 0.834488 211.414
3.0 16.0 0.837786 211.032
3.0 17.0 0.907476 211.42
3.0 17.0 1.02637 211.381
3.0 17.0 1.00765 209.648
3.0 17.0 1.31284 211.289
3.0 17.0 1.00111 211.412
3.0 17.0 1.38788 209.93
3.0 17.0 0.942192 211.342
3.0 17.0 0.855798 211.394
3.0 17.0 0.987321 211.326
3.0 17.0 1.24822 211.377
3.0 17.0 1.35969 211.354
3.0 17.0 0.85992 209.586
3.0 17.0 0.87799 209.503
3.0 17.0 0.842021 210.51
3.0 17.0 1.22622 210.953
3.0 17.0 0.905838 211.279
3.0 17.0 1.01864 210.578
3.0 17.0 0.951066 211.316
3.0 17.0 0.980361 211.321
3.0 17.0 1.27768 211.15
3.0 17.0 0.975955 211.117
3.0 17.0 0.862153 211.406
3.0 17.0 0.96394 210.527
3.0 17.0 0.98244 211.408
3.0 17.0 1.40008 210.874
3.0 17.0 0.917026 211.139
3.0 17.0 0.840573 211.06
3.0 17.0 1.26835 210.522
3.0 17.0 1.36644 209.663
3.0 17.0 0.893071 211.375
3.0 17.0 0.974357 211.409
3.0 17.0 0.926924 211.403
3.0 17.0 0.913354 211.4
3.0 17.0 0.850658 211.264
3.0 17.0 1.46633 211.417
3.0 17.0 0.857714 210.485
3.0 17.0 0.950498 209.756
3.0 17.0 1.03365 211.345
3.0 17.0 0.931685 209.241
3.0 17.0 0.854478 210.42
3.0 17.0 1.27093 209.877
3.0 17.0 1.53789 210.316
3.0 17.0 1.03318 211.277
3.0 17.0 0.941913 211.41
3.0 17.0 1.07555 210.064
3.0 17.0 0.941295 210.7
3.0 17.0 1.27542 211.188
3.0 17.0 1.00722 210.992
3.0 17.0 0.866487 209.473
3.0 17.0 0.922579 211.395
3.0 31.0 0.918729 211.289
3.0 31.0 0.923432 211.412
3.0 31.0 0.923656 211.309
3.0 31.0 0.909179 211.301
3.0 31.0 0.925474 210.192
3.0 31.0 0.901 211.407
3.0 31.0 0.937576 211.384
3.0 31.0 0.896461 210.892
3.0 31.0 0.931245 211.046
3.0 31.0 1.00137 209.833
3.0 31.0 0.92748 211.381
3.0 31.0 0.93014 211.069
3.0 31.0 0.925273 211.362
3.0 31.0 1.00144 211.327
3.0 31.0 0.942564 211.069
3.0 31.0 0.906006 211.422
3.0 31.0 1.35866 210.716
3.0 31.0 0.921783 210.583
3.0 31.0 1.33722 211.403
3.0 31.0 0.858071 209.472
3.0 31.0 0.921706 211.197
3.0 31.0 0.926734 211.3
3.0 31.0 0.937278 211.177
3.0 31.0 0.95094 211.142
3.0 31.0 0.950231 210.707
3.0 31.0 0.928118 211.166
3.0 31.0 0.946913 211.046
3.0 31.0 0.951967 210.638
3.0 31.0 0.945063 210.825
3.0 31.0 0.934898 211.397
3.0 31.0 1.03508 211.002
3.0 31.0 0.863537 210.892
3.0 31.0 0.930754 211.412
3.0 31.0 0.921871 211.287
3.0 31.0 0.935997 211.409
3.0 31.0 0.920449 208.012
3.0 31.0 0.945467 211.411
3.0 31.0 0.926609 209.842
3.0 31.0 1.33303 210.171
3.0 31.0 0.927435 210.836
3.0 31.0 0.985953 210.325
3.0 31.0 0.929968 210.851
3.0 31.0 0.86545 211.069
3.0 31.0 1.00619 204.225
3.0 31.0 0.945538 211.236
3.0 31.0 0.885128 210.76
3.0 31.0 0.93851 210.777
3.0 31.0 0.953272 211.412
3.0 31.0 1.536 211.412
3.0 31.0 0.872289 211.42
3.0 32.0 0.941565 211.412
3.0 32.0 0.939817 211.349
3.0 32.0 0.93524 211.004
3.0 32.0 1.38292 211.303
3.0 32.0 0.926075 209.611
3.0 32.0 0.934211 211.3
3.0 32.0 0.928733 211.345
3.0 32.0 0.911061 211.2
3.0 32.0 0.93847 209.923
3.0 32.0 0.946537 211.086
3.0 32.0 0.937365 211.147
3.0 32.0 1.01031 211.128
3.0 32.0 0.920465 211.069
3.0 32.0 1.40462 210.707
3.0 32.0 0.93461 210.775
3.0 32.0 0.951328 211.231
3.0 32.0 0.942597 211.279
3.0 32.0 0.948967 211.069
3.0 32.0 0.946216 209.848
3.0 32.0 0.916044 211.081
3.0 32.0 0.929691 211.244
3.0 32.0 1.41751 211.037
3.0 32.0 0.923067 211.366
3.0 32.0 1.40315 211.311
3.0 32.0 0.931435 211.41
3.0 32.0 0.944933 211.403
3.0 32.0 0.99993 211.253
3.0 32.0 0.923241 211.391
3.0 32.0 0.929767 211.3
3.0 32.0 0.941316 211.413
3.0 32.0 0.925818 211.142
3.0 32.0 0.908257 210.964
3.0 32.0 0.922767 211.26
3.0 32.0 0.922073 210.882
3.0 32.0 0.932347 211.317
3.0 32.0 0.920643 211.415
3.0 32.0 0.935376 208.536
3.0 32.0 0.86697 210.897
3.0 32.0 1.40828 207.84
3.0 32.0 0.939841 211.215
3.0 32.0 1.52816 211.339
3.0 32.0 0.93656 210.502
3.0 32.0 0.933432 210.848
3.0 32.0 0.92758 211.418
3.0 32.0 1.01989 211.024
3.0 32.0 0.945993 211.404
3.0 32.0 0.926837 211.345
3.0 32.0 1.41867 211.3
3.0 32.0 0.923248 211.348
3.0 32.0 0.991471 210.819
3.0 33.0 1.48806 211.293
3.0 33.0 0.967171 211.386
3.0 33.0 1.38817 210.726
3.0 33.0 1.41659 211.403
3.0 33.0 1.42144 211.139
3.0 33.0 1.04554 211.403
3.0 33.0 0.993339 211.24
3.0 33.0 0.992404 210.715
3.0 33.0 0.976432 210.716
3.0 33.0 0.960625 211.281
3.0 33.0 1.38787 211.425
3.0 33.0 0.991232 211.413
3.0 33.0 1.0226 211.236
3.0 33.0 0.978803 209.981
3.0 33.0 0.995651 209.8
3.0 33.0 0.994151 211.231
3.0 33.0 1.37557 211.158
3.0 33.0 1.41109 211.069
3.0 33.0 1.3858 210.996
3.0 33.0 1.02534 211.426
3.0 33.0 1.04962 210.567
3.0 33.0 1.01733 211.291
3.0 33.0 1.37332 211.417
3.0 33.0 0.979717 211.413
3.0 33.0 0.99459 211.385
3.0 33.0 0.986092 211.287
3.0 33.0 1.01286 211.332
3.0 33.0 1.36305 210.873
3.0 33.0 0.985689 211.29
3.0 33.0 1.02663 211.369
3.0 33.0 0.98388 211.06
3.0 33.0 1.02516 209.86
3.0 33.0 1.39946 211.422
3.0 33.0 0.983047 211.085
3.0 33.0 1.02159 211.161
3.0 33.0 1.39947 211.069
3.0 33.0 0.989735 209.684
3.0 33.0 0.95303 211.069
3.0 33.0 1.05212 211.293
3.0 33.0 1.40475 211.406
3.0 33.0 1.35086 211.3
3.0 33.0 1.00231 211.069
3.0 33.0 1.36693 210.957
3.0 33.0 1.0672 210.432
3.0 33.0 0.953502 210.204
3.0 33.0 0.986046 211.412
3.0 33.0 1.37578 211.287
3.0 33.0 1.35916 211.413
3.0 33.0 1.01295 210.417
3.0 33.0 1.03073 210.861
4.0 3.0 0.58632 9.99476
4.0 3.0 0.405741 9.90143
4.0 3.0 0.552866 9.94359
4.0 3.0 1.80586 9.95778
4.0 3.0 0.563566 9.89202
4.0 3.0 1.75852 9.97963
4.0 3.0 0.752749 9.97749
4.0 3.0 0.555399 9.94145
4.0 3.0 0.584502 9.89475
4.0 3.0 1.02108 9.86694
4.0 3.0 1.22515 9.95069
4.0 3.0 0.391301 9.94352
4.0 3.0 0.57424 9.97104
4.0 3.0 0.730692 9.98737
4.0 3.0 1.69348 9.94922
4.0 3.0 0.912748 9.81127
4.0 3.0 0.383923 9.96235
4.0 3.0 0.565921 9.96869
4.0 3.0 0.37425 9.98413
4.0 3.0 0.538113 9.97881
4.0 3.0 1.78731 9.98639
4.0 3.0 1.13406 9.98037
4.0 3.0 0.679011 9.94095
4.0 3.0 1.14306 9.85834
4.0 3.0 0.399699 9.98182
4.0 3.0 0.905652 9.96197
4.0 3.0 0.541345 9.97988
4.0 3.0 1.05632 9.9111
4.0 3.0 0.959759 9.83104
4.0 3.0 0.710998 9.98707
4.0 3.0 1.73705 9.97088
4.0 3.0 1.42929 9.95238
4.0 3.0 1.94808 9.98818
4.0 3.0 1.08091 9.98576
4.0 3.0 0.910149 9.99284
4.0 3.0 1.82447 9.9817
4.0 3.0 0.339544 9.92223
4.0 3.0 0.375718 9.93212
4.0 3.0 0.539638 9.92107
4.0 3.0 1.6401 9.96463
4.0 3.0 0.33747 9.99198
4.0 3.0 1.15207 9.92107
4.0 3.0 0.741366 9.92904
4.0 3.0 1.94906 9.95466
4.0 3.0 1.57179 9.98836
4.0 3.0 1.05695 9.93749
4.0 3.0 0.609154 9.98991
4.0 3.0 1.7533 9.83933
4.0 3.0 1.57263 9.78561
4.0 3.0 1.76921 9.91318
4.0 4.0 0.386763 9.79414
4.0 4.0 0.849479 9.95952
4.0 4.0 0.926225 9.99273
4.0 4.0 0.378407 9.96815
4.0 4.0 0.888483 9.95807
4.0 4.0 0.984386 9.97157
4.0 4.0 1.43662 9.96979
4.0 4.0 0.38705 9.98085
4.0 4.0 1.47824 9.82281
4.0 4.0 1.52663 9.96666
4.0 4.0 0.432053 9.99702
4.0 4.0 0.910033 9.81117
4.0 4.0 1.39597 9.92017
4.0 4.0 1.10268 9.99521
4.0 4.0 0.402677 9.98874
4.0 4.0 1.09033 9.98068
4.0 4.0 1.49182 9.95813
4.0 4.0 0.388421 9.92107
4.0 4.0 1.69633 9.92107
4.0 4.0 0.899202 9.79225
4.0 4.0 1.00108 9.98285
4.0 4.0 1.12877 9.9627
4.0 4.0 0.458675 9.99326
4.0 4.0 0.88129 9.99821
4.0 4.0 0.388058 9.92585
4.0 4.0 1.47468 9.96797
4.0 4.0 0.953711 9.98196
4.0 4.0 0.974646 9.99222
4.0 4.0 0.384526 9.97988
4.0 4.0 1.42894 9.95133
4.0 4.0 1.40995 9.92107
4.0 4.0 0.841366 9.99404
4.0 4.0 0.890421 9.99422
4.0 4.0 1.03995 9.99273
4.0 4.0 1.0185 9.88246
4.0 4.0 0.4627 9.95106
4.0 4.0 1.62715 9.97782
4.0 4.0 0.938918 9.9348
4.0 4.0 0.896545 9.96118
4.0 4.0 0.658245 9.99439
4.0 4.0 0.406478 9.90799
4.0 4.0 1.43759 9.96454
4.0 4.0 0.836715 9.77779
4.0 4.0 1.10514 9.94205
4.0 4.0 0.628537 9.96655
4.0 4.0 0.408189 9.98766
4.0 4.0 0.38165 9.92734
4.0 4.0 0.841686 9.96417
4.0 4.0 0.962488 9.96101
4.0 4.0 0.954792 9.99702
4.0 5.0 0.548701 9.98196
4.0 5.0 0.592369 9.9817
4.0 5.0 0.583949 9.91499
4.0 5.0 0.72138 9.95577
4.0 5.0 0.658543 9.96113
4.0 5.0 0.655004 9.85027
4.0 5.0 0.656518 9.99382
4.0 5.0 0.657975 9.99124
4.0 5.0 0.567161 9.99273
4.0 5.0 0.721097 9.98576
4.0 5.0 0.653943 9.85476
4.0 5.0 0.668322 9.95302
4.0 5.0 0.648359 9.95759
4.0 5.0 0.629803 9.95432
4.0 5.0 0.729732 9.99222
4.0 5.0 0.56778 9.94361
4.0 5.0 0.726107 9.94384
4.0 5.0 0.727236 9.97272
4.0 5.0 0.73548 9.97223
4.0 5.0 0.601179 9.97104
4.0 5.0 0.548996 9.97513
4.0 5.0 0.657588 9.94306
4.0 5.0 0.549136 9.92107
4.0 5.0 0.57252 9.99986
4.0 5.0 0.738922 9.88669
4.0 5.0 0.732016 9.96147
4.0 5.0 0.555611 9.77779
4.0 5.0 0.567692 9.91976
4.0 5.0 1.06137 9.98737
4.0 5.0 0.552636 9.9376
4.0 5.0 0.668352 9.92748
4.0 5.0 0.564901 9.88275
4.0 5.0 0.5695 9.95393
4.0 5.0 0.662452 9.98785
4.0 5.0 0.741363 9.97447
4.0 5.0 0.904623 9.98873
4.0 5.0 0.725262 9.8878
4.0 5.0 0.7333 9.95049
4.0 5.0 0.938548 9.94356
4.0 5.0 0.727286 9.98285
4.0 5.0 0.544353 9.97814
4.0 5.0 0.73867 9.98196
4.0 5.0 0.72804 9.98774
4.0 5.0 0.730018 9.94329
4.0 5.0 0.56322 9.8825
4.0 5.0 0.578015 9.96365
4.0 5.0 0.551833 9.94306
4.0 5.0 0.576398 9.90434
4.0 5.0 0.64458 9.99273
4.0 5.0 0.9032 9.86368
4.0 7.0 0.78795 9.9605
4.0 7.0 0.598388 9.9291
4.0 7.0 0.6466 9.84706
4.0 7.0 0.600346 9.92505
4.0 7.0 0.614765 9.98324
4.0 7.0 1.38825 9.992
4.0 7.0 0.596071 9.99753
4.0 7.0 0.602461 9.97044
4.0 7.0 0.655979 9.97808
4.0 7.0 0.604714 9.95431
4.0 7.0 0.618871 9.9979
4.0 7.0 0.607651 9.96682
4.0 7.0 0.655125 9.97988
4.0 7.0 0.600008 9.98639
4.0 7.0 0.778509 9.98231
4.0 7.0 1.17254 9.98619
4.0 7.0 0.607506 9.90358
4.0 7.0 0.651673 9.96113
4.0 7.0 0.810974 9.98386
4.0 7.0 0.594842 9.98479
4.0 7.0 0.5604 9.97035
4.0 7.0 0.601533 9.92107
4.0 7.0 0.596153 9.99405
4.0 7.0 0.603639 9.96192
4.0 7.0 0.804928 9.99869
4.0 7.0 0.567168 9.96307
4.0 7.0 0.584135 9.98285
4.0 7.0 0.577072 9.9969
4.0 7.0 1.57567 9.99029
4.0 7.0 0.584482 9.98562
4.0 7.0 1.21839 9.94582
4.0 7.0 0.59762 9.97218
4.0 7.0 0.588599 9.99336
4.0 7.0 0.596054 9.99008
4.0 7.0 1.52422 9.97182
4.0 7.0 0.758816 9.96665
4.0 7.0 0.598982 9.99093
4.0 7.0 0.776776 9.98636
4.0 7.0 0.607983 9.9905
4.0 7.0 0.627391 9.99189
4.0 7.0 0.594171 9.95409
4.0 7.0 0.648662 9.92107
4.0 7.0 0.778816 9.99553
4.0 7.0 0.575086 9.98196
4.0 7.0 0.605663 9.96865
4.0 7.0 0.83491 9.97166
4.0 7.0 0.588972 9.95302
4.0 7.0 0.605373 9.99582
4.0 7.0 0.589081 9.99171
4.0 7.0 0.775683 9.98597
4.0 8.0 0.599366 9.96521
4.0 8.0 0.783077 9.97197
4.0 8.0 0.602179 9.9853
4.0 8.0 0.60535 9.93116
4.0 8.0 0.618347 9.94218
4.0 8.0 0.598207 9.96865
4.0 8.0 0.599103 9.97984
4.0 8.0 0.608969 9.96764
4.0 8.0 0.60828 9.99407
4.0 8.0 0.62244 9.98737
4.0 8.0 0.887782 9.9937
4.0 8.0 0.64092 9.8578
4.0 8.0 0.785068 9.99311
4.0 8.0 0.59524 9.80815
4.0 8.0 0.602833 9.98514
4.0 8.0 0.654237 9.94218
4.0 8.0 0.697237 9.98519
4.0 8.0 1.54497 9.94797
4.0 8.0 0.592845 9.93735
4.0 8.0 0.61127 9.92107
4.0 8.0 0.780811 9.94297
4.0 8.0 0.595854 9.99221
4.0 8.0 0.608502 9.99054
4.0 8.0 0.598102 9.92107
4.0 8.0 0.597296 9.96728
4.0 8.0 0.597438 9.98205
4.0 8.0 0.596466 9.96147
4.0 8.0 0.600842 9.98533
4.0 8.0 0.608808 9.85215
4.0 8.0 0.600037 9.98704
4.0 8.0 0.810833 9.98775
4.0 8.0 0.595885 9.91369
4.0 8.0 0.594262 9.9593
4.0 8.0 0.586677 9.95658
4.0 8.0 0.78991 9.95302
4.0 8.0 0.644942 9.88661
4.0 8.0 0.600325 9.96861
4.0 8.0 0.636747 9.99857
4.0 8.0 0.605477 9.99085
4.0 8.0 0.601469 9.99566
4.0 8.0 0.57683 9.96195
4.0 8.0 0.595569 9.95437
4.0 8.0 0.611526 9.99311
4.0 8.0 0.624425 9.94329
4.0 8.0 0.604607 9.99758
4.0 8.0 0.598243 9.98493
4.0 8.0 0.597973 9.98196
4.0 8.0 0.599476 9.98231
4.0 8.0 0.622914 9.99563
4.0 8.0 0.597682 9.84597
4.0 9.0 0.861194 9.93948
4.0 9.0 0.835035 9.94218
4.0 9.0 0.767472 9.94871
4.0 9.0 1.29958 9.99521
4.0 9.0 0.775575 9.93868
4.0 9.0 0.730792 9.95302
4.0 9.0 0.974902 9.96947
4.0 9.0 0.765696 9.83901
4.0 9.0 0.833782 9.77779
4.0 9.0 1.15503 9.9781
4.0 9.0 0.771872 9.99557
4.0 9.0 0.897387 9.98576
4.0 9.0 0.764777 9.85948
4.0 9.0 0.877358 9.92107
4.0 9.0 0.760012 9.97538
4.0 9.0 0.7516 9.77779
4.0 9.0 0.736497 9.99125
4.0 9.0 0.762757 9.93041
4.0 9.0 0.986213 9.92107
4.0 9.0 0.784412 9.98991
4.0 9.0 0.784402 9.99326
4.0 9.0 0.75981 9.9348
4.0 9.0 0.948328 9.98663
4.0 9.0 0.754237 9.78541
4.0 9.0 0.763525 9.98917
4.0 9.0 0.772957 9.92919
4.0 9.0 0.864111 9.97381
4.0 9.0 0.776258 9.86037
4.0 9.0 0.713155 9.97873
4.0 9.0 0.781546 9.91064
4.0 9.0 0.785453 9.99702
4.0 9.0 0.768293 9.98263
4.0 9.0 0.77391 9.99326
4.0 9.0 0.919472 9.93718
4.0 9.0 0.767308 9.95351
4.0 9.0 0.789691 9.96965
4.0 9.0 0.767419 9.92421
4.0 9.0 0.771372 9.96118
4.0 9.0 0.7687 9.99138
4.0 9.0 0.782337 9.97708
4.0 9.0 0.731785 9.87997
4.0 9.0 0.744994 9.87165
4.0 9.0 0.863046 9.98196
4.0 9.0 0.767018 9.95421
4.0 9.0 0.794806 9.99138
4.0 9.0 0.76752 9.98991
4.0 9.0 0.774749 9.94222
4.0 9.0 0.770015 9.77779
4.0 9.0 0.760268 9.8346
4.0 9.0 1.35595 9.99732
4.0 15.0 0.84085 9.97761
4.0 15.0 0.833378 9.98143
4.0 15.0 0.841376 9.99242
4.0 15.0 0.839943 9.99095
4.0 15.0 0.841033 9.89736
4.0 15.0 0.834505 9.96754
4.0 15.0 0.941241 9.92107
4.0 15.0 1.07204 9.96477
4.0 15.0 0.846043 9.97246
4.0 15.0 0.843848 9.99389
4.0 15.0 0.841623 9.98991
4.0 15.0 0.84602 9.93041
4.0 15.0 0.841582 9.97104
4.0 15.0 0.93084 9.99815
4.0 15.0 0.870966 9.96924
4.0 15.0 0.865319 9.97527
4.0 15.0 0.922548 9.98519
4.0 15.0 0.824832 9.94228
4.0 15.0 0.962258 9.98832
4.0 15.0 0.814605 9.98675
4.0 15.0 0.800184 9.89887
4.0 15.0 0.846329 9.94893
4.0 15.0 0.835027 9.97988
4.0 15.0 0.842676 9.94218
4.0 15.0 0.832023 9.9643
4.0 15.0 0.851568 9.99622
4.0 15.0 0.915294 9.95303
4.0 15.0 0.940516 9.91868
4.0 15.0 0.838257 9.92268
4.0 15.0 0.846738 9.99273
4.0 15.0 0.844626 9.99565
4.0 15.0 0.846939 9.92107
4.0 15.0 0.820942 9.9405
4.0 15.0 0.84773 9.99792
4.0 15.0 0.804913 9.96781
4.0 15.0 0.827557 9.97118
4.0 15.0 0.845294 9.95089
4.0 15.0 0.840043 9.94704
4.0 15.0 0.84055 9.99875
4.0 15.0 0.836412 9.92107
4.0 15.0 0.765435 9.97988
4.0 15.0 0.983429 9.92107
4.0 15.0 0.819026 9.9239
4.0 15.0 0.839935 9.99498
4.0 15.0 0.794297 9.97657
4.0 15.0 0.824418 9.98408
4.0 15.0 0.83933 9.98988
4.0 15.0 0.797153 9.95302
4.0 15.0 0.828974 9.95842
4.0 15.0 0.842396 9.92216
4.0 16.0 0.824768 9.86008
4.0 16.0 0.85064 9.9868
4.0 16.0 0.841598 9.96138
4.0 16.0 0.818384 9.9659
4.0 16.0 0.859718 9.9525
4.0 16.0 0.819308 9.96514
4.0 16.0 0.840557 9.9467
4.0 16.0 0.798526 9.95309
4.0 16.0 0.844349 9.92107
4.0 16.0 0.859505 9.97879
4.0 16.0 0.832632 9.98471
4.0 16.0 0.839872 9.98806
4.0 16.0 0.844481 9.92831
4.0 16.0 0.832371 9.86866
4.0 16.0 0.846786 9.77779
4.0 16.0 0.832646 9.93778
4.0 16.0 0.836367 9.97291
4.0 16.0 0.843411 9.98498
4.0 16.0 0.829524 9.92107
4.0 16.0 0.837979 9.93767
4.0 16.0 0.842054 9.92307
4.0 16.0 0.845277 9.89736
4.0 16.0 0.804381 9.95701
4.0 16.0 0.837594 9.95578
4.0 16.0 0.843551 9.93512
4.0 16.0 0.842012 9.91499
4.0 16.0 0.801075 9.92536
4.0 16.0 0.785053 9.9953
4.0 16.0 0.829011 9.88577
4.0 16.0 0.769913 9.9878
4.0 16.0 0.838614 9.95512
4.0 16.0 0.845211 9.97473
4.0 16.0 0.830709 9.98106
4.0 16.0 0.834157 9.82527
4.0 16.0 0.837139 9.96383
4.0 16.0 0.837742 9.98619
4.0 16.0 0.834784 9.97808
4.0 16.0 0.828406 9.87722
4.0 16.0 0.83675 9.92314
4.0 16.0 0.812008 9.99494
4.0 16.0 0.845633 9.99702
4.0 16.0 0.830632 9.95789
4.0 16.0 0.802129 9.98537
4.0 16.0 0.843021 9.87446
4.0 16.0 0.841297 9.77779
4.0 16.0 0.849372 9.99138
4.0 16.0 0.823519 9.99815
4.0 16.0 0.823788 9.97997
4.0 16.0 0.829558 9.98388
4.0 16.0 0.841658 9.96092
4.0 17.0 1.02642 9.99464
4.0 17.0 1.28324 9.99109
4.0 17.0 0.91612 9.99942
4.0 17.0 0.858052 9.98044
4.0 17.0 1.11552 9.99346
4.0 17.0 0.95533 9.92107
4.0 17.0 0.870499 9.94564
4.0 17.0 0.903776 9.97957
4.0 17.0 0.843742 9.97569
4.0 17.0 0.929156 9.92505
4.0 17.0 0.869751 9.92107
4.0 17.0 1.3223 9.94871
4.0 17.0 0.977125 9.93706
4.0 17.0 0.931405 9.98383
4.0 17.0 1.39935 9.99595
4.0 17.0 0.938613 9.96784
4.0 17.0 0.974475 9.94919
4.0 17.0 1.20607 9.99273
4.0 17.0 0.903832 9.92107
4.0 17.0 0.993491 9.97494
4.0 17.0 0.868306 9.92107
4.0 17.0 0.930886 9.96818
4.0 17.0 1.41017 9.99865
4.0 17.0 0.937006 9.97988
4.0 17.0 0.98535 9.86753
4.0 17.0 0.831678 9.99124
4.0 17.0 0.858108 9.97095
4.0 17.0 1.06306 9.96565
4.0 17.0 0.932611 9.9817
4.0 17.0 1.26449 9.98974
4.0 17.0 0.861387 9.98817
4.0 17.0 0.865089 9.9319
4.0 17.0 1.25265 9.8785
4.0 17.0 1.12944 9.92637
4.0 17.0 0.863316 9.94514
4.0 17.0 0.843834 9.98627
4.0 17.0 1.27349 9.99326
4.0 17.0 0.911311 9.99039
4.0 17.0 0.875511 9.98041
4.0 17.0 1.47187 9.99702
4.0 17.0 0.986881 9.93535
4.0 17.0 0.843104 9.97732
4.0 17.0 0.874363 9.99161
4.0 17.0 1.01852 9.91507
4.0 17.0 1.42394 9.97688
4.0 17.0 0.976978 9.95302
4.0 17.0 0.860895 9.98305
4.0 17.0 1.62184 9.92291
4.0 17.0 1.52667 9.98356
4.0 17.0 0.98342 9.95302
4.0 31.0 0.938279 9.91376
4.0 31.0 0.898098 9.99059
4.0 31.0 0.922567 9.99656
4.0 31.0 0.895493 9.99625
4.0 31.0 0.930138 9.99095
4.0 31.0 0.923444 9.92107
4.0 31.0 1.42372 9.99138
4.0 31.0 0.934518 9.98196
4.0 31.0 1.01944 9.96277
4.0 31.0 0.921896 9.94723
4.0 31.0 0.924569 9.92901
4.0 31.0 0.898521 9.99566
4.0 31.0 0.926766 9.9697
4.0 31.0 0.933914 9.91022
4.0 31.0 1.00909 9.93285
4.0 31.0 0.937944 9.96783
4.0 31.0 0.941893 9.94094
4.0 31.0 0.92805 9.95001
4.0 31.0 1.01991 9.9801
4.0 31.0 1.35708 9.99273
4.0 31.0 0.899977 9.99899
4.0 31.0 0.879557 9.9069
4.0 31.0 1.01776 9.97862
4.0 31.0 0.945891 9.88125
4.0 31.0 1.42843 9.99702
4.0 31.0 0.949737 9.9854
4.0 31.0 1.01359 9.87984
4.0 31.0 0.93244 9.98356
4.0 31.0 0.929191 9.97808
4.0 31.0 0.968906 9.9252
4.0 31.0 1.33093 9.99273
4.0 31.0 0.935996 9.99702
4.0 31.0 0.932427 9.99001
4.0 31.0 0.927721 9.99797
4.0 31.0 0.923886 9.91995
4.0 31.0 0.883195 9.96472
4.0 31.0 0.917625 9.9887
4.0 31.0 0.909259 9.99157
4.0 31.0 0.950068 9.95714
4.0 31.0 0.950956 9.94218
4.0 31.0 0.943342 9.98866
4.0 31.0 0.928727 9.95058
4.0 31.0 1.50092 9.8982
4.0 31.0 0.939848 9.95791
4.0 31.0 0.922159 9.99179
4.0 31.0 0.943277 9.77779
4.0 31.0 1.32879 9.99516
4.0 31.0 1.01047 9.9905
4.0 31.0 0.925745 9.98921
4.0 31.0 1.41007 9.99124
4.0 32.0 0.905855 9.95302
4.0 32.0 1.02952 9.92107
4.0 32.0 0.995037 9.98556
4.0 32.0 0.923206 9.95496
4.0 32.0 0.932246 9.96214
4.0 32.0 0.908717 9.89706
4.0 32.0 0.930371 9.91094
4.0 32.0 0.929438 9.98106
4.0 32.0 0.92266 9.99637
4.0 32.0 0.940943 9.94458
4.0 32.0 1.001 9.95303
4.0 32.0 0.942268 9.98421
4.0 32.0 0.850016 9.93872
4.0 32.0 0.913998 9.85608
4.0 32.0 0.927866 9.93865
4.0 32.0 0.941209 9.93426
4.0 32.0 1.36197 9.98388
4.0 32.0 0.918751 9.87087
4.0 32.0 0.933798 9.96935
4.0 32.0 0.931273 9.98356
4.0 32.0 0.946949 9.98523
4.0 32.0 0.92595 9.9721
4.0 32.0 0.949129 9.97083
4.0 32.0 0.928584 9.99263
4.0 32.0 0.881194 9.95309
4.0 32.0 0.926535 9.9212
4.0 32.0 0.954545 9.92107
4.0 32.0 0.877404 9.84589
4.0 32.0 0.945755 9.93504
4.0 32.0 0.932122 9.98991
4.0 32.0 0.93905 9.77779
4.0 32.0 0.93107 9.92567
4.0 32.0 0.945245 9.97082
4.0 32.0 0.92778 9.95278
4.0 32.0 0.952225 9.97879
4.0 32.0 0.903751 9.95485
4.0 32.0 1.35991 9.99311
4.0 32.0 0.931153 9.93552
4.0 32.0 0.94372 9.80932
4.0 32.0 0.932341 9.97023
4.0 32.0 0.949334 9.97808
4.0 32.0 0.915692 9.94514
4.0 32.0 0.906995 9.96565
4.0 32.0 0.969339 9.94218
4.0 32.0 0.905203 9.92107
4.0 32.0 0.946684 9.99808
4.0 32.0 0.939054 9.98707
4.0 32.0 0.923988 9.9913
4.0 32.0 1.31049 9.99116
4.0 32.0 1.37086 9.92505
4.0 33.0 0.981264 9.98781
4.0 33.0 1.41638 9.98564
4.0 33.0 0.985086 9.99947
4.0 33.0 1.01593 9.989
4.0 33.0 1.28051 9.93526
4.0 33.0 0.988331 9.96261
4.0 33.0 1.05529 9.84704
4.0 33.0 1.04017 9.95577
4.0 33.0 1.01898 9.95353
4.0 33.0 1.02625 9.99629
4.0 33.0 1.04651 9.99273
4.0 33.0 1.3587 9.99088
4.0 33.0 1.02623 9.98679
4.0 33.0 1.01692 9.92734
4.0 33.0 1.37366 9.97163
4.0 33.0 1.04501 9.96584
4.0 33.0 1.0772 9.994
4.0 33.0 1.3686 9.98058
4.0 33.0 1.02259 9.85879
4.0 33.0 1.02127 9.99124
4.0 33.0 1.0139 9.98465
4.0 33.0 0.979104 9.9819
4.0 33.0 1.40128 9.96089
4.0 33.0 1.0253 9.98388
4.0 33.0 1.02163 9.97104
4.0 33.0 0.991593 9.99751
4.0 33.0 0.990678 9.97104
4.0 33.0 1.41735 9.9852
4.0 33.0 1.41636 9.98285
4.0 33.0 1.00697 9.9758
4.0 33.0 1.37 9.99748
4.0 33.0 0.988447 9.98991
4.0 33.0 1.41273 9.89988
4.0 33.0 1.01671 9.97582
4.0 33.0 0.992921 9.92107
4.0 33.0 0.991348 9.95551
4.0 33.0 0.986553 9.89817
4.0 33.0 1.41422 9.99261
4.0 33.0 1.02238 9.98778
4.0 33.0 0.985705 9.99413
4.0 33.0 0.983312 9.95343
4.0 33.0 0.962635 9.99123
4.0 33.0 1.42419 9.98953
4.0 33.0 0.984138 9.98361
4.0 33.0 0.978583 9.95302
4.0 33.0 0.989418 9.9176
4.0 33.0 1.01828 9.97571
4.0 33.0 0.989744 9.96276
4.0 33.0 1.02476 9.99283
4.0 33.0 1.00011 9.991
5.0 3.0 29.0798 25.0221
5.0 3.0 30.712 25.0212
5.0 3.0 28.6592 25.0193
5.0 3.0 27.8271 25.0188
5.0 3.0 29.4122 25.0219
5.0 3.0 30.2027 25.022
5.0 3.0 27.8509 25.021
5.0 3.0 29.3922 25.0222
5.0 3.0 29.5527 25.0184
5.0 3.0 30.031 25.0069
5.0 3.0 28.6787 25.0222
5.0 3.0 28.3632 25.022
5.0 3.0 27.9486 25.0221
5.0 3.0 27.8941 25.022
5.0 3.0 28.1222 25.0221
5.0 3.0 28.4923 25.0219
5.0 3.0 29.2855 25.0222
5.0 3.0 28.0666 25.0222
5.0 3.0 29.6479 25.0219
5.0 3.0 28.6681 25.0216
5.0 3.0 29.4331 25.0222
5.0 3.0 29.772 25.0221
5.0 3.0 29.5018 25.0208
5.0 3.0 29.7335 25.022
5.0 3.0 28.7552 25.022
5.0 3.0 27.9162 25.0221
5.0 3.0 30.3366 25.0221
5.0 3.0 27.8715 25.0222
5.0 3.0 29.9642 25.0211
5.0 3.0 29.6759 25.0222
5.0 3.0 30.0746 25.0222
5.0 3.0 29.5483 25.0215
5.0 3.0 28.469 25.0222
5.0 3.0 29.4916 25.0212
5.0 3.0 29.0263 25.0219
5.0 3.0 27.8739 25.0222
5.0 3.0 27.971 25.0221
5.0 3.0 29.3584 25.0219
5.0 3.0 29.4765 25.0221
5.0 3.0 28.6954 25.0193
5.0 3.0 29.6411 25.0221
5.0 3.0 27.888 25.0217
5.0 3.0 30.3131 25.0222
5.0 3.0 30.1213 25.0217
5.0 3.0 31.8045 25.0222
5.0 3.0 28.5252 25.0222
5.0 3.0 29.6483 25.0221
5.0 3.0 28.4905 25.0173
5.0 3.0 29.9841 24.9886
5.0 3.0 29.5439 25.0219
5.0 4.0 20.0658 25.0218
5.0 4.0 19.4017 25.0205
5.0 4.0 19.1554 25.0216
5.0 4.0 19.6574 25.0222
5.0 4.0 20.0712 25.022
5.0 4.0 19.7061 25.0222
5.0 4.0 19.6765 25.009
5.0 4.0 19.6496 25.0221
5.0 4.0 19.5352 25.0204
5.0 4.0 20.0357 25.0212
5.0 4.0 19.5669 25.0222
5.0 4.0 19.1656 25.0219
5.0 4.0 19.5159 25.0217
5.0 4.0 19.7317 25.0213
5.0 4.0 19.0788 25.0222
5.0 4.0 19.6554 25.022
5.0 4.0 19.134 25.0222
5.0 4.0 19.0898 25.019
5.0 4.0 19.792 25.0216
5.0 4.0 19.7119 25.0214
5.0 4.0 19.118 25.0211
5.0 4.0 19.6285 25.0222
5.0 4.0 20.095 25.022
5.0 4.0 19.8365 25.0221
5.0 4.0 19.9808 25.019
5.0 4.0 20.0618 25.0218
5.0 4.0 20.0588 25.0222
5.0 4.0 19.0558 25.0131
5.0 4.0 19.1257 25.0222
5.0 4.0 19.4668 25.0221
5.0 4.0 19.7472 25.0222
5.0 4.0 19.1337 25.0215
5.0 4.0 19.7144 25.0213
5.0 4.0 19.4809 25.022
5.0 4.0 19.8159 25.0219
5.0 4.0 19.6734 25.0219
5.0 4.0 19.6829 25.0214
5.0 4.0 19.7196 25.0221
5.0 4.0 19.8211 25.0222
5.0 4.0 19.8575 25.017
5.0 4.0 20.0506 25.0221
5.0 4.0 19.4662 25.0221
5.0 4.0 20.0747 25.0221
5.0 4.0 19.83 25.0219
5.0 4.0 20.0765 25.0222
5.0 4.0 19.6163 25.022
5.0 4.0 20.0021 25.022
5.0 4.0 19.4857 25.0211
5.0 4.0 19.1745 25.0183
5.0 4.0 19.6502 24.9898
5.0 5.0 14.479 25.0121
5.0 5.0 14.0546 25.022
5.0 5.0 14.0713 25.0221
5.0 5.0 14.5179 25.0221
5.0 5.0 14.6121 25.0222
5.0 5.0 14.7301 25.0193
5.0 5.0 14.071 25.0222
5.0 5.0 14.1377 25.0212
5.0 5.0 14.0654 25.0221
5.0 5.0 14.4409 25.02
5.0 5.0 14.3974 25.0176
5.0 5.0 14.6434 25.0222
5.0 5.0 14.5138 25.0121
5.0 5.0 14.4055 25.0222
5.0 5.0 14.4347 25.0188
5.0 5.0 14.5406 24.937
5.0 5.0 14.0653 25.0222
5.0 5.0 15.1488 25.0215
5.0 5.0 14.5686 25.0218
5.0 5.0 14.711 25.0222
5.0 5.0 14.1359 25.0222
5.0 5.0 14.4017 25.0219
5.0 5.0 14.5214 25.0221
5.0 5.0 14.6088 25.0221
5.0 5.0 14.3686 25.0222
5.0 5.0 14.5225 25.0149
5.0 5.0 14.0754 25.0219
5.0 5.0 14.5442 24.9848
5.0 5.0 14.6381 25.0221
5.0 5.0 14.4824 25.0222
5.0 5.0 14.5577 25.0222
5.0 5.0 14.3924 25.0222
5.0 5.0 14.411 25.0222
5.0 5.0 14.6182 25.02
5.0 5.0 14.2479 25.0222
5.0 5.0 14.5609 25.022
5.0 5.0 14.7538 25.0216
5.0 5.0 14.5671 25.022
5.0 5.0 14.0742 25.022
5.0 5.0 14.4779 25.0221
5.0 5.0 14.4089 25.0194
5.0 5.0 14.5506 25.0222
5.0 5.0 14.5265 25.0174
5.0 5.0 14.744 25.01
5.0 5.0 14.5146 25.0211
5.0 5.0 14.5279 25.02
5.0 5.0 14.552 25.0208
5.0 5.0 14.0854 25.0094
5.0 5.0 14.5134 25.0221
5.0 5.0 14.075 25.0193
5.0 7.0 9.78886 25.0221
5.0 7.0 9.75354 25.0222
5.0 7.0 9.72331 25.0219
5.0 7.0 9.69297 25.0218
5.0 7.0 9.74975 25.0217
5.0 7.0 9.87306 25.0222
5.0 7.0 9.38445 25.0221
5.0 7.0 9.84553 25.0216
5.0 7.0 9.76155 25.0222
5.0 7.0 9.67356 25.0207
5.0 7.0 9.76031 25.0222
5.0 7.0 9.39755 25.0221
5.0 7.0 9.53283 25.0131
5.0 7.0 9.76264 25.0222
5.0 7.0 9.54065 25.0215
5.0 7.0 9.66292 25.0219
5.0 7.0 9.38378 25.0221
5.0 7.0 9.71828 25.0212
5.0 7.0 9.80171 25.0222
5.0 7.0 9.70766 25.0214
5.0 7.0 9.72796 25.0221
5.0 7.0 9.81949 25.0222
5.0 7.0 9.67168 25.0153
5.0 7.0 9.83485 25.0221
5.0 7.0 9.76494 24.9949
5.0 7.0 9.70299 25.0222
5.0 7.0 9.77453 25.0219
5.0 7.0 9.87007 25.0222
5.0 7.0 9.75505 25.022
5.0 7.0 9.72968 25.0218
5.0 7.0 9.77036 25.0159
5.0 7.0 9.74191 24.9782
5.0 7.0 9.70044 25.0221
5.0 7.0 10.0357 25.0222
5.0 7.0 9.79555 25.022
5.0 7.0 9.82496 25.022
5.0 7.0 9.72127 25.0221
5.0 7.0 9.74698 25.0222
5.0 7.0 9.78903 25.0221
5.0 7.0 9.8126 25.0208
5.0 7.0 9.98643 25.0222
5.0 7.0 9.72114 25.022
5.0 7.0 9.80749 25.0196
5.0 7.0 9.67467 25.0222
5.0 7.0 9.70663 25.0222
5.0 7.0 9.54635 25.0222
5.0 7.0 9.70399 25.0222
5.0 7.0 9.78549 25.0218
5.0 7.0 9.76687 25.0222
5.0 7.0 9.99706 25.022
5.0 8.0 8.33895 25.0219
5.0 8.0 8.33301 25.0221
5.0 8.0 8.34107 25.0217
5.0 8.0 8.34597 25.0221
5.0 8.0 8.33451 25.0215
5.0 8.0 8.34327 25.0221
5.0 8.0 8.32531 25.0217
5.0 8.0 8.33032 25.0222
5.0 8.0 8.1712 25.0181
5.0 8.0 8.1357 25.0045
5.0 8.0 8.08675 25.0222
5.0 8.0 8.32189 25.0221
5.0 8.0 8.34836 25.0222
5.0 8.0 8.38011 25.0141
5.0 8.0 8.36553 25.0216
5.0 8.0 8.36681 25.0222
5.0 8.0 8.33782 25.0139
5.0 8.0 8.42412 24.9782
5.0 8.0 8.37178 25.0222
5.0 8.0 8.3352 25.0131
5.0 8.0 8.09178 25.0203
5.0 8.0 8.32389 25.0131
5.0 8.0 8.31545 25.0222
5.0 8.0 8.30526 25.0221
5.0 8.0 8.36046 25.0105
5.0 8.0 8.36199 25.0208
5.0 8.0 8.40061 25.0147
5.0 8.0 8.45797 25.0214
5.0 8.0 8.38083 25.0187
5.0 8.0 8.32439 25.0221
5.0 8.0 8.1158 25.0152
5.0 8.0 8.3246 24.9955
5.0 8.0 8.26238 25.0222
5.0 8.0 8.3409 25.0197
5.0 8.0 8.33101 25.0222
5.0 8.0 8.47975 25.0219
5.0 8.0 8.29729 25.0192
5.0 8.0 8.08498 24.9782
5.0 8.0 8.34912 25.0186
5.0 8.0 8.31657 25.0151
5.0 8.0 8.32385 25.0222
5.0 8.0 8.31568 25.0212
5.0 8.0 8.31773 25.0204
5.0 8.0 8.36347 25.0221
5.0 8.0 8.35853 25.0094
5.0 8.0 8.34248 25.0197
5.0 8.0 8.31613 25.0219
5.0 8.0 8.38411 25.022
5.0 8.0 8.35451 25.0221
5.0 8.0 8.3308 24.9782
5.0 9.0 7.32452 25.0222
5.0 9.0 7.28081 25.0222
5.0 9.0 7.3137 25.0221
5.0 9.0 7.60778 25.022
5.0 9.0 7.44599 24.9782
5.0 9.0 7.35495 25.0221
5.0 9.0 7.36334 25.0218
5.0 9.0 7.34565 25.0221
5.0 9.0 7.32021 25.0222
5.0 9.0 7.54123 24.9807
5.0 9.0 7.28214 25.0221
5.0 9.0 7.40357 24.9782
5.0 9.0 7.33419 25.0222
5.0 9.0 7.36155 25.0117
5.0 9.0 7.35086 25.0219
5.0 9.0 7.37401 25.0196
5.0 9.0 7.35162 25.0221
5.0 9.0 7.34822 25.0222
5.0 9.0 7.29215 25.0222
5.0 9.0 7.42503 25.022
5.0 9.0 7.31817 25.0222
5.0 9.0 7.46091 25.0221
5.0 9.0 7.30932 25.0208
5.0 9.0 7.14699 25.0154
5.0 9.0 7.39644 25.0131
5.0 9.0 7.30035 25.0222
5.0 9.0 7.36892 25.0221
5.0 9.0 7.31367 25.0221
5.0 9.0 7.30372 25.0183
5.0 9.0 7.32091 25.0222
5.0 9.0 7.31529 24.9987
5.0 9.0 7.26531 25.0131
5.0 9.0 7.31053 25.0217
5.0 9.0 7.28428 25.0215
5.0 9.0 7.34215 25.0222
5.0 9.0 7.35637 25.0221
5.0 9.0 7.3117 25.0203
5.0 9.0 7.31804 25.0219
5.0 9.0 7.29585 25.0219
5.0 9.0 7.32103 25.0222
5.0 9.0 7.30139 25.0193
5.0 9.0 7.36042 25.0222
5.0 9.0 7.27185 25.022
5.0 9.0 7.41274 24.9782
5.0 9.0 7.46032 25.0222
5.0 9.0 7.31468 25.0221
5.0 9.0 7.37417 25.0213
5.0 9.0 7.29702 25.0222
5.0 9.0 7.33479 25.0222
5.0 9.0 7.32147 25.022
5.0 15.0 4.20886 25.0222
5.0 15.0 4.24727 25.0156
5.0 15.0 4.20722 25.0221
5.0 15.0 4.25956 25.0222
5.0 15.0 4.19798 25.0221
5.0 15.0 4.20059 25.0221
5.0 15.0 4.23664 25.0222
5.0 15.0 4.19826 25.0208
5.0 15.0 4.20765 25.0175
5.0 15.0 4.20124 25.0221
5.0 15.0 4.19779 25.0206
5.0 15.0 4.24858 25.0183
5.0 15.0 4.19124 25.0203
5.0 15.0 4.22769 25.0218
5.0 15.0 4.19694 25.0212
5.0 15.0 4.22822 25.0221
5.0 15.0 4.32586 25.0214
5.0 15.0 4.30567 25.0222
5.0 15.0 4.23458 25.0216
5.0 15.0 4.19609 25.0218
5.0 15.0 4.2211 25.022
5.0 15.0 4.25575 25.0218
5.0 15.0 4.19751 24.9937
5.0 15.0 4.20297 25.0221
5.0 15.0 4.27348 25.0221
5.0 15.0 4.19994 25.022
5.0 15.0 4.20105 25.0222
5.0 15.0 4.22625 25.0221
5.0 15.0 4.19922 25.0197
5.0 15.0 4.28203 25.0222
5.0 15.0 4.29238 25.0215
5.0 15.0 4.27105 25.0193
5.0 15.0 4.19911 25.0222
5.0 15.0 4.27953 25.0221
5.0 15.0 4.21097 25.022
5.0 15.0 4.20324 25.021
5.0 15.0 4.58998 25.0222
5.0 15.0 4.20641 25.0217
5.0 15.0 6.38426 25.0222
5.0 15.0 4.26447 24.9975
5.0 15.0 4.20311 25.0221
5.0 15.0 4.27059 25.0222
5.0 15.0 4.20168 25.0221
5.0 15.0 4.20328 25.0222
5.0 15.0 4.20175 25.0217
5.0 15.0 4.30554 25.0221
5.0 15.0 4.23812 25.0222
5.0 15.0 4.22979 25.0209
5.0 15.0 4.23793 25.0219
5.0 15.0 4.20536 25.0024
5.0 16.0 3.9158 25.0221
5.0 16.0 3.94947 25.0222
5.0 16.0 3.91177 25.0222
5.0 16.0 3.9114 25.0213
5.0 16.0 3.91657 25.0222
5.0 16.0 3.93101 25.0222
5.0 16.0 3.91519 25.022
5.0 16.0 3.94646 25.022
5.0 16.0 3.91841 25.0222
5.0 16.0 3.92533 25.0222
5.0 16.0 3.98597 25.0212
5.0 16.0 3.9105 25.0221
5.0 16.0 3.92273 25.0161
5.0 16.0 3.92529 25.0204
5.0 16.0 3.93391 25.0222
5.0 16.0 3.9183 25.0222
5.0 16.0 3.94978 25.0181
5.0 16.0 3.92252 25.0221
5.0 16.0 3.93194 25.0215
5.0 16.0 3.96129 25.0221
5.0 16.0 3.92386 25.0222
5.0 16.0 3.98831 25.0222
5.0 16.0 3.91677 25.022
5.0 16.0 3.91785 24.9985
5.0 16.0 3.92399 25.0222
5.0 16.0 3.91446 25.0221
5.0 16.0 3.9291 25.0187
5.0 16.0 3.93212 25.022
5.0 16.0 3.94951 25.0219
5.0 16.0 3.92006 25.017
5.0 16.0 4.00189 25.0222
5.0 16.0 3.91218 25.0131
5.0 16.0 3.91609 25.0222
5.0 16.0 3.91644 25.0222
5.0 16.0 3.95105 24.9782
5.0 16.0 3.91598 25.0222
5.0 16.0 3.91635 25.0064
5.0 16.0 3.91653 25.0216
5.0 16.0 3.91276 25.0183
5.0 16.0 3.9142 25.022
5.0 16.0 3.9148 25.0215
5.0 16.0 3.91607 25.0201
5.0 16.0 3.91106 25.0048
5.0 16.0 3.96269 25.0222
5.0 16.0 3.98568 25.0221
5.0 16.0 3.95083 25.0182
5.0 16.0 3.98351 25.0222
5.0 16.0 3.92274 25.0213
5.0 16.0 3.92191 25.0221
5.0 16.0 3.93241 25.0158
5.0 17.0 3.69352 24.9782
5.0 17.0 3.70417 25.0195
5.0 17.0 3.72012 25.0219
5.0 17.0 3.69378 25.0199
5.0 17.0 3.80761 25.0218
5.0 17.0 6.1654 25.0167
5.0 17.0 3.68275 25.0222
5.0 17.0 3.805 25.0131
5.0 17.0 3.81071 25.0221
5.0 17.0 3.78295 25.0222
5.0 17.0 3.70318 25.0221
5.0 17.0 3.69034 25.0211
5.0 17.0 3.6892 25.0211
5.0 17.0 3.71193 25.0222
5.0 17.0 3.67607 25.0221
5.0 17.0 3.67875 25.0222
5.0 17.0 3.67537 25.0222
5.0 17.0 3.7128 25.0218
5.0 17.0 3.82537 25.0197
5.0 17.0 3.68334 25.0218
5.0 17.0 3.80231 25.0205
5.0 17.0 3.72419 25.0222
5.0 17.0 3.72831 25.0202
5.0 17.0 3.79787 25.0222
5.0 17.0 3.78119 25.0214
5.0 17.0 3.7264 25.0217
5.0 17.0 3.73219 25.0217
5.0 17.0 3.8256 25.0053
5.0 17.0 3.69649 25.0165
5.0 17.0 3.78016 25.022
5.0 17.0 3.69219 25.0218
5.0 17.0 3.736 25.022
5.0 17.0 3.7044 25.0222
5.0 17.0 3.70125 25.0192
5.0 17.0 3.74135 25.0222
5.0 17.0 3.75822 25.0158
5.0 17.0 3.69044 25.0222
5.0 17.0 3.68649 25.02
5.0 17.0 3.70461 25.0221
5.0 17.0 3.67391 25.0219
5.0 17.0 3.67561 25.0222
5.0 17.0 3.67557 25.0222
5.0 17.0 3.71718 25.0213
5.0 17.0 3.82557 25.0207
5.0 17.0 3.72747 25.0208
5.0 17.0 3.70873 25.0195
5.0 17.0 3.80183 25.0221
5.0 17.0 3.67344 25.0222
5.0 17.0 3.7204 25.022
5.0 17.0 3.7204 25.022
5.0 31.0 1.98634 25.0045
5.0 31.0 2.00031 25.0222
5.0 31.0 1.98505 25.022
5.0 31.0 1.99446 25.0221
5.0 31.0 1.9858 25.0222
5.0 31.0 1.98527 25.0213
5.0 31.0 1.97876 25.0221
5.0 31.0 2.08426 25.0219
5.0 31.0 1.99295 25.0222
5.0 31.0 1.97925 25.0158
5.0 31.0 2.0 25.0104
5.0 31.0 2.05616 25.022
5.0 31.0 2.00742 25.0218
5.0 31.0 1.98323 25.0221
5.0 31.0 1.98074 25.0212
5.0 31.0 1.97837 25.0222
5.0 31.0 1.98664 25.012
5.0 31.0 1.98441 25.022
5.0 31.0 1.97654 25.0221
5.0 31.0 1.9795 25.0161
5.0 31.0 2.81304 25.0221
5.0 31.0 1.98083 25.0221
5.0 31.0 1.97703 25.0198
5.0 31.0 2.00614 25.0217
5.0 31.0 2.2868 25.0222
5.0 31.0 2.06948 25.0214
5.0 31.0 1.98035 25.0221
5.0 31.0 1.97876 25.0221
5.0 31.0 1.99036 25.0222
5.0 31.0 1.98934 24.9983
5.0 31.0 2.02329 25.0221
5.0 31.0 1.99459 25.0172
5.0 31.0 2.01272 25.0212
5.0 31.0 1.98694 25.0221
5.0 31.0 1.97315 25.0219
5.0 31.0 1.98392 25.0222
5.0 31.0 1.99227 25.0221
5.0 31.0 2.00848 25.0221
5.0 31.0 2.08933 25.0221
5.0 31.0 1.97833 25.0215
5.0 31.0 1.9948 25.0221
5.0 31.0 1.98581 25.0216
5.0 31.0 1.97501 25.0222
5.0 31.0 2.00017 25.0221
5.0 31.0 2.02613 25.0212
5.0 31.0 1.97605 25.0218
5.0 31.0 1.97503 25.0221
5.0 31.0 2.16633 25.0204
5.0 31.0 1.98576 25.0221
5.0 31.0 2.17064 24.9935
5.0 32.0 1.926 25.0219
5.0 32.0 1.91516 25.0218
5.0 32.0 2.08108 25.022
5.0 32.0 1.92418 25.0148
5.0 32.0 1.91711 25.0221
5.0 32.0 2.06944 25.0218
5.0 32.0 1.91535 25.0131
5.0 32.0 1.91407 25.0195
5.0 32.0 2.02449 25.0219
5.0 32.0 1.91845 25.0222
5.0 32.0 1.92415 25.0131
5.0 32.0 1.91359 25.0218
5.0 32.0 1.91423 25.0192
5.0 32.0 1.92759 25.0222
5.0 32.0 2.03383 25.0219
5.0 32.0 1.91994 25.0221
5.0 32.0 1.9162 25.0192
5.0 32.0 1.92756 25.0222
5.0 32.0 1.92218 25.022
5.0 32.0 1.91917 25.0221
5.0 32.0 1.92516 25.0221
5.0 32.0 1.91159 25.0171
5.0 32.0 1.92165 25.0218
5.0 32.0 1.92693 25.0221
5.0 32.0 1.91854 25.0219
5.0 32.0 1.92026 25.0221
5.0 32.0 1.9291 25.0222
5.0 32.0 1.92548 25.0221
5.0 32.0 1.91922 25.022
5.0 32.0 1.91943 25.0219
5.0 32.0 1.91947 25.0199
5.0 32.0 1.92343 25.0218
5.0 32.0 1.91761 25.0131
5.0 32.0 1.92122 25.022
5.0 32.0 1.92123 25.0176
5.0 32.0 1.92707 25.0221
5.0 32.0 1.92534 25.0195
5.0 32.0 1.92414 25.0221
5.0 32.0 1.92643 25.0217
5.0 32.0 1.92234 25.0219
5.0 32.0 1.9181 25.0221
5.0 32.0 1.91772 25.0222
5.0 32.0 1.91244 25.022
5.0 32.0 1.92434 25.0221
5.0 32.0 1.92911 25.0175
5.0 32.0 1.9158 25.0222
5.0 32.0 1.91625 25.0221
5.0 32.0 1.9219 25.0165
5.0 32.0 1.91811 25.0221
5.0 32.0 1.9207 25.022
5.0 33.0 1.90563 25.0222
5.0 33.0 1.86192 25.0169
5.0 33.0 1.95119 25.0221
5.0 33.0 1.90499 25.0222
5.0 33.0 1.87403 25.0215
5.0 33.0 1.8701 25.0184
5.0 33.0 1.86984 25.0203
5.0 33.0 1.86109 25.0212
5.0 33.0 1.95101 25.0222
5.0 33.0 1.87734 25.0219
5.0 33.0 1.91301 25.022
5.0 33.0 1.9155 25.0222
5.0 33.0 1.87155 25.0202
5.0 33.0 1.86615 25.0222
5.0 33.0 1.86666 25.0208
5.0 33.0 1.94302 25.0222
5.0 33.0 1.89081 25.0221
5.0 33.0 1.95697 25.0219
5.0 33.0 1.87047 25.0222
5.0 33.0 2.03822 25.022
5.0 33.0 1.86526 25.0222
5.0 33.0 1.86321 25.0222
5.0 33.0 1.86444 25.0117
5.0 33.0 1.87024 25.0222
5.0 33.0 2.02601 25.0222
5.0 33.0 1.89591 25.0222
5.0 33.0 1.86407 25.022
5.0 33.0 1.86741 25.0221
5.0 33.0 1.87522 25.0222
5.0 33.0 1.90394 25.0195
5.0 33.0 1.8958 25.0181
5.0 33.0 1.87152 25.0215
5.0 33.0 1.8875 25.0217
5.0 33.0 1.86253 25.0222
5.0 33.0 1.86882 25.0222
5.0 33.0 1.88833 25.0201
5.0 33.0 1.86011 25.0214
5.0 33.0 1.87625 25.0215
5.0 33.0 1.86988 25.0222
5.0 33.0 1.86963 24.9782
5.0 33.0 1.86247 25.0222
5.0 33.0 1.87019 25.0219
5.0 33.0 1.86978 25.0212
5.0 33.0 2.03939 25.0214
5.0 33.0 1.86527 25.022
5.0 33.0 1.86157 25.0221
5.0 33.0 1.87095 25.0221
5.0 33.0 1.86879 24.9981
5.0 33.0 1.86173 25.0222
5.0 33.0 1.90645 25.0148
