0.0 3.0 0.0651704 2.04198
0.0 3.0 0.0664726 2.04198
0.0 3.0 0.0597497 2.04198
0.0 3.0 0.0585425 2.04198
0.0 3.0 0.0659611 2.04198
0.0 3.0 0.0618608 2.04198
0.0 3.0 0.0639197 2.04198
0.0 3.0 0.0660334 2.04198
0.0 3.0 0.0609883 2.04198
0.0 3.0 0.0593108 2.04198
0.0 3.0 0.0594499 2.04198
0.0 3.0 0.0612966 2.04198
0.0 3.0 0.066095 2.04198
0.0 3.0 0.0633406 2.04198
0.0 3.0 0.0644899 2.04198
0.0 3.0 0.0635515 2.04198
0.0 3.0 0.0653575 2.04198
0.0 3.0 0.0706708 2.04198
0.0 3.0 0.0593131 2.04198
0.0 3.0 0.0660916 2.04198
0.0 3.0 0.0632148 2.04198
0.0 3.0 0.060281 2.04198
0.0 3.0 0.0624951 2.04198
0.0 3.0 0.0628945 2.04198
0.0 3.0 0.0686978 2.04198
0.0 3.0 0.0623672 2.04198
0.0 3.0 0.0617701 2.04198
0.0 3.0 0.0597213 2.04198
0.0 3.0 0.0636496 2.04198
0.0 3.0 0.0644735 2.04198
0.0 3.0 0.0612668 2.04198
0.0 3.0 0.0635512 2.04198
0.0 3.0 0.0737528 2.04198
0.0 3.0 0.0618976 2.04198
0.0 3.0 0.0584203 2.04198
0.0 3.0 0.0615442 2.04198
0.0 3.0 0.0621825 2.04198
0.0 3.0 0.0685479 2.04198
0.0 3.0 0.0645976 2.04198
0.0 3.0 0.0615553 2.04198
0.0 3.0 0.0544108 2.04198
0.0 3.0 0.0674753 2.04198
0.0 3.0 0.0659499 2.04198
0.0 3.0 0.0625404 2.04198
0.0 3.0 0.0636542 2.04198
0.0 3.0 0.0691189 2.04198
0.0 3.0 0.0604151 2.04198
0.0 3.0 0.0645008 2.04198
0.0 3.0 0.0723466 2.04198
0.0 3.0 0.0737384 2.04198
0.0 4.0 0.050558 2.04198
0.0 4.0 0.0580844 2.04198
0.0 4.0 0.049973 2.04198
0.0 4.0 0.0607073 2.04198
0.0 4.0 0.0384907 2.04198
0.0 4.0 0.0401984 2.04198
0.0 4.0 0.0517406 2.04198
0.0 4.0 0.0502231 2.04198
0.0 4.0 0.0607725 2.04198
0.0 4.0 0.0506524 2.04198
0.0 4.0 0.0557158 2.04198
0.0 4.0 0.0440409 2.04198
0.0 4.0 0.0489396 2.04198
0.0 4.0 0.0508612 2.04198
0.0 4.0 0.0602988 2.04198
0.0 4.0 0.052459 2.04198
0.0 4.0 0.0533312 2.04198
0.0 4.0 0.0507176 2.04198
0.0 4.0 0.0542549 2.04198
0.0 4.0 0.047188 2.04198
0.0 4.0 0.0526276 2.04198
0.0 4.0 0.0504268 2.04198
0.0 4.0 0.0512538 2.04198
0.0 4.0 0.0601969 2.04198
0.0 4.0 0.048705 2.04198
0.0 4.0 0.0578666 2.04198
0.0 4.0 0.0520158 2.04198
0.0 4.0 0.0462208 2.04198
0.0 4.0 0.0499253 2.04198
0.0 4.0 0.050542 2.04198
0.0 4.0 0.0542428 2.04198
0.0 4.0 0.0494065 2.04198
0.0 4.0 0.0613627 2.04198
0.0 4.0 0.0463719 2.04198
0.0 4.0 0.0506154 2.04198
0.0 4.0 0.0503273 2.04198
0.0 4.0 0.0513055 2.04198
0.0 4.0 0.0466157 2.04198
0.0 4.0 0.0560885 2.04198
0.0 4.0 0.0465046 2.04198
0.0 4.0 0.040584 2.04198
0.0 4.0 0.047446 2.04198
0.0 4.0 0.0558013 2.04198
0.0 4.0 0.0525256 2.04198
0.0 4.0 0.0465986 2.04198
0.0 4.0 0.0489703 2.04198
0.0 4.0 0.0646149 2.04198
0.0 4.0 0.0550004 2.04198
0.0 4.0 0.055263 2.04198
0.0 4.0 0.0506645 2.04198
0.0 5.0 0.055815 2.04198
0.0 5.0 0.0423042 2.04198
0.0 5.0 0.0457768 2.04198
0.0 5.0 0.0571856 2.04198
0.0 5.0 0.0421491 2.04198
0.0 5.0 0.0388983 2.04198
0.0 5.0 0.0516593 2.04198
0.0 5.0 0.0423633 2.04198
0.0 5.0 0.0418786 2.04198
0.0 5.0 0.0442328 2.04198
0.0 5.0 0.0364726 2.04198
0.0 5.0 0.0386481 2.04198
0.0 5.0 0.046609 2.04198
0.0 5.0 0.0600005 2.04198
0.0 5.0 0.039507 2.04198
0.0 5.0 0.0589029 2.04198
0.0 5.0 0.0450067 2.04198
0.0 5.0 0.0508971 2.04198
0.0 5.0 0.038127 2.04198
0.0 5.0 0.0562882 2.04198
0.0 5.0 0.0556216 2.04198
0.0 5.0 0.0566011 2.04198
0.0 5.0 0.0360168 2.04198
0.0 5.0 0.0397835 2.04198
0.0 5.0 0.0409457 2.04198
0.0 5.0 0.0516733 2.04198
0.0 5.0 0.0382621 2.04198
0.0 5.0 0.0357912 2.04198
0.0 5.0 0.0378342 2.04198
0.0 5.0 0.0380036 2.04198
0.0 5.0 0.0424795 2.04198
0.0 5.0 0.0394285 2.04198
0.0 5.0 0.0405409 2.04198
0.0 5.0 0.039293 2.04198
0.0 5.0 0.0403083 2.04198
0.0 5.0 0.0465922 2.04198
0.0 5.0 0.0556771 2.04198
0.0 5.0 0.0556099 2.04198
0.0 5.0 0.046924 2.04198
0.0 5.0 0.0404017 2.04198
0.0 5.0 0.0387964 2.04198
0.0 5.0 0.0556081 2.04198
0.0 5.0 0.0612205 2.04198
0.0 5.0 0.0388777 2.04198
0.0 5.0 0.0627455 2.04198
0.0 5.0 0.0529107 2.04198
0.0 5.0 0.0370877 2.04198
0.0 5.0 0.0549562 2.04198
0.0 5.0 0.0371745 2.04198
0.0 5.0 0.0361419 2.04198
0.0 7.0 0.0202934 2.02223
0.0 7.0 0.0205984 2.02223
0.0 7.0 0.0232218 2.02223
0.0 7.0 0.0201535 2.02223
0.0 7.0 0.0211558 2.02223
0.0 7.0 0.0201916 2.02223
0.0 7.0 0.0205333 2.02223
0.0 7.0 0.0206516 2.02223
0.0 7.0 0.0296129 2.02223
0.0 7.0 0.0230555 2.02223
0.0 7.0 0.0207313 2.02223
0.0 7.0 0.0224852 2.02223
0.0 7.0 0.0222174 2.02223
0.0 7.0 0.0189866 2.02223
0.0 7.0 0.0220845 2.02223
0.0 7.0 0.0230991 2.02223
0.0 7.0 0.0228477 2.02223
0.0 7.0 0.0235219 2.02223
0.0 7.0 0.0267125 2.02223
0.0 7.0 0.0312772 2.02223
0.0 7.0 0.0211612 2.02223
0.0 7.0 0.0230143 2.02223
0.0 7.0 0.0210174 2.02223
0.0 7.0 0.0234763 2.02223
0.0 7.0 0.0205706 2.02223
0.0 7.0 0.0237649 2.02223
0.0 7.0 0.020114 2.02223
0.0 7.0 0.0192103 2.02223
0.0 7.0 0.0216728 2.02223
0.0 7.0 0.0196741 2.02223
0.0 7.0 0.0225576 2.02223
0.0 7.0 0.0249378 2.02223
0.0 7.0 0.0222413 2.02223
0.0 7.0 0.021738 2.02223
0.0 7.0 0.022069 2.02223
0.0 7.0 0.0239927 2.02223
0.0 7.0 0.0181271 2.02223
0.0 7.0 0.023614 2.02223
0.0 7.0 0.0212292 2.02223
0.0 7.0 0.022352 2.02223
0.0 7.0 0.0215129 2.02223
0.0 7.0 0.0214384 2.02223
0.0 7.0 0.0199912 2.02223
0.0 7.0 0.0315114 2.02223
0.0 7.0 0.0206196 2.02223
0.0 7.0 0.0192561 2.02223
0.0 7.0 0.0217503 2.02223
0.0 7.0 0.0198497 2.02223
0.0 7.0 0.0194126 2.02223
0.0 7.0 0.0211828 2.02223
0.0 8.0 0.0215534 2.04198
0.0 8.0 0.0230363 2.04198
0.0 8.0 0.0165099 2.04198
0.0 8.0 0.0213225 2.04198
0.0 8.0 0.0245029 2.04198
0.0 8.0 0.0196304 2.04198
0.0 8.0 0.0304425 2.04198
0.0 8.0 0.0226446 2.04198
0.0 8.0 0.023919 2.04198
0.0 8.0 0.0251679 2.04198
0.0 8.0 0.0291927 2.04198
0.0 8.0 0.0271404 2.04198
0.0 8.0 0.0208472 2.04198
0.0 8.0 0.0202996 2.04198
0.0 8.0 0.0202874 2.04198
0.0 8.0 0.0185767 2.04198
0.0 8.0 0.0318942 2.04198
0.0 8.0 0.0283776 2.04198
0.0 8.0 0.0252048 2.04198
0.0 8.0 0.0310266 2.04198
0.0 8.0 0.0302945 2.04198
0.0 8.0 0.0204474 2.04198
0.0 8.0 0.0267077 2.04198
0.0 8.0 0.0350472 2.04198
0.0 8.0 0.0243391 2.04198
0.0 8.0 0.0339286 2.04198
0.0 8.0 0.027912 2.04198
0.0 8.0 0.029388 2.04198
0.0 8.0 0.0211728 2.04198
0.0 8.0 0.0280893 2.04198
0.0 8.0 0.019868 2.04198
0.0 8.0 0.0302498 2.04198
0.0 8.0 0.0274715 2.04198
0.0 8.0 0.0198803 2.04198
0.0 8.0 0.0277912 2.04198
0.0 8.0 0.0368179 2.04198
0.0 8.0 0.0241349 2.04198
0.0 8.0 0.0239437 2.04198
0.0 8.0 0.0262624 2.04198
0.0 8.0 0.0263707 2.04198
0.0 8.0 0.0245102 2.04198
0.0 8.0 0.0267795 2.04198
0.0 8.0 0.0207678 2.04198
0.0 8.0 0.0238926 2.04198
0.0 8.0 0.0284924 2.04198
0.0 8.0 0.0238353 2.04198
0.0 8.0 0.0205099 2.04198
0.0 8.0 0.03185 2.04198
0.0 8.0 0.0337402 2.04198
0.0 8.0 0.0424965 2.04198
0.0 9.0 0.023172 2.04198
0.0 9.0 0.0248931 2.04198
0.0 9.0 0.0306784 2.04198
0.0 9.0 0.0277289 2.04198
0.0 9.0 0.0314332 2.04198
0.0 9.0 0.027662 2.04198
0.0 9.0 0.0191247 2.04198
0.0 9.0 0.0305193 2.04198
0.0 9.0 0.0222682 2.04198
0.0 9.0 0.0289982 2.04198
0.0 9.0 0.0206387 2.04198
0.0 9.0 0.0306364 2.04198
0.0 9.0 0.0269449 2.04198
0.0 9.0 0.0244076 2.04198
0.0 9.0 0.0241597 2.04198
0.0 9.0 0.0302373 2.04198
0.0 9.0 0.0203273 2.04198
0.0 9.0 0.0238908 2.04198
0.0 9.0 0.0250647 2.04198
0.0 9.0 0.0211442 2.04198
0.0 9.0 0.0179711 2.04198
0.0 9.0 0.0238513 2.04198
0.0 9.0 0.0238265 2.04198
0.0 9.0 0.0240503 2.04198
0.0 9.0 0.0230311 2.04198
0.0 9.0 0.0204265 2.04198
0.0 9.0 0.0219474 2.04198
0.0 9.0 0.0221148 2.04198
0.0 9.0 0.0225835 2.04198
0.0 9.0 0.0219924 2.04198
0.0 9.0 0.0308468 2.04198
0.0 9.0 0.0287199 2.04198
0.0 9.0 0.0300047 2.04198
0.0 9.0 0.0244083 2.04198
0.0 9.0 0.0285824 2.04198
0.0 9.0 0.0249663 2.04198
0.0 9.0 0.0275439 2.04198
0.0 9.0 0.0229356 2.04198
0.0 9.0 0.0288072 2.04198
0.0 9.0 0.0212831 2.04198
0.0 9.0 0.0290716 2.04198
0.0 9.0 0.0226788 2.04198
0.0 9.0 0.0283028 2.04198
0.0 9.0 0.0252152 2.04198
0.0 9.0 0.0286895 2.04198
0.0 9.0 0.0239204 2.04198
0.0 9.0 0.0319798 2.04198
0.0 9.0 0.0198065 2.04198
0.0 9.0 0.0304312 2.04198
0.0 9.0 0.0280157 2.04198
0.0 15.0 0.0149644 2.04198
0.0 15.0 0.0243983 2.04198
0.0 15.0 0.01659 2.04198
0.0 15.0 0.0238408 2.04198
0.0 15.0 0.0149839 2.04198
0.0 15.0 0.0167382 2.04198
0.0 15.0 0.0156521 2.04198
0.0 15.0 0.0160536 2.04198
0.0 15.0 0.0218425 2.04198
0.0 15.0 0.015357 2.04198
0.0 15.0 0.0172584 2.04198
0.0 15.0 0.014958 2.04198
0.0 15.0 0.0181922 2.04198
0.0 15.0 0.0205792 2.04198
0.0 15.0 0.0183526 2.04198
0.0 15.0 0.0208863 2.04198
0.0 15.0 0.0197089 2.04198
0.0 15.0 0.0212768 2.04198
0.0 15.0 0.0246002 2.04198
0.0 15.0 0.0160926 2.04198
0.0 15.0 0.0143894 2.04198
0.0 15.0 0.0166769 2.04198
0.0 15.0 0.017192 2.04198
0.0 15.0 0.0181147 2.04198
0.0 15.0 0.0150476 2.04198
0.0 15.0 0.0217313 2.04198
0.0 15.0 0.0168039 2.04198
0.0 15.0 0.0162913 2.04198
0.0 15.0 0.0114032 2.04198
0.0 15.0 0.0170115 2.04198
0.0 15.0 0.0153938 2.04198
0.0 15.0 3.06221 2.04198
0.0 15.0 0.0237655 2.04198
0.0 15.0 0.0195994 2.04198
0.0 15.0 0.0165036 2.04198
0.0 15.0 0.0160713 2.04198
0.0 15.0 0.0240031 2.04198
0.0 15.0 0.0246275 2.04198
0.0 15.0 0.0158957 2.04198
0.0 15.0 0.0141745 2.04198
0.0 15.0 0.0204669 2.04198
0.0 15.0 0.0164519 2.04198
0.0 15.0 0.020665 2.04198
0.0 15.0 0.0157137 2.04198
0.0 15.0 0.0253479 2.04198
0.0 15.0 0.0174834 2.04198
0.0 15.0 0.0151663 2.04198
0.0 15.0 0.014588 2.04198
0.0 15.0 0.0154343 2.04198
0.0 15.0 0.0153883 2.04198
0.0 16.0 0.0181663 2.04198
0.0 16.0 0.0218935 2.04198
0.0 16.0 0.0125807 2.04198
0.0 16.0 0.0236172 2.04198
0.0 16.0 0.0131104 2.04198
0.0 16.0 0.0153989 2.04198
0.0 16.0 0.0154759 2.04198
0.0 16.0 0.0161881 2.04198
0.0 16.0 0.0142761 2.04198
0.0 16.0 0.0187552 2.04198
0.0 16.0 0.0150876 2.04198
0.0 16.0 0.0160505 2.04198
0.0 16.0 0.0200588 2.04198
0.0 16.0 0.0148191 2.04198
0.0 16.0 0.0210232 2.04198
0.0 16.0 0.0202291 2.04198
0.0 16.0 0.0158811 2.04198
0.0 16.0 0.0241242 2.04198
0.0 16.0 0.02263 2.04198
0.0 16.0 0.0192347 2.04198
0.0 16.0 0.0164515 2.04198
0.0 16.0 0.0233299 2.04198
0.0 16.0 0.0180722 2.04198
0.0 16.0 0.0200488 2.04198
0.0 16.0 0.0147721 2.04198
0.0 16.0 0.0231946 2.04198
0.0 16.0 0.0245738 2.04198
0.0 16.0 0.0149231 2.04198
0.0 16.0 0.0151544 2.04198
0.0 16.0 0.0176801 2.04198
0.0 16.0 0.0166439 2.04198
0.0 16.0 0.0156476 2.04198
0.0 16.0 0.0161911 2.04198
0.0 16.0 0.02001 2.04198
0.0 16.0 0.0156699 2.04198
0.0 16.0 0.0161649 2.04198
0.0 16.0 0.0156402 2.04198
0.0 16.0 0.017369 2.04198
0.0 16.0 0.0165773 2.04198
0.0 16.0 0.014826 2.04198
0.0 16.0 0.0167636 2.04198
0.0 16.0 0.0148394 2.04198
0.0 16.0 0.0174565 2.04198
0.0 16.0 0.0217704 2.04198
0.0 16.0 0.0170548 2.04198
0.0 16.0 0.0178577 2.04198
0.0 16.0 0.0143023 2.04198
0.0 16.0 0.0231212 2.04198
0.0 16.0 0.0172599 2.04198
0.0 16.0 0.0154982 2.04198
0.0 17.0 0.0224655 2.04198
0.0 17.0 0.0146858 2.04198
0.0 17.0 0.025611 2.04198
0.0 17.0 0.0164431 2.04198
0.0 17.0 0.0161107 2.04198
0.0 17.0 0.0104605 2.04198
0.0 17.0 0.014216 2.04198
0.0 17.0 0.0199797 2.04198
0.0 17.0 0.0144851 2.04198
0.0 17.0 0.0206759 2.04198
0.0 17.0 0.0136177 2.04198
0.0 17.0 0.021574 2.04198
0.0 17.0 0.0213156 2.04198
0.0 17.0 0.0220862 2.04198
0.0 17.0 0.0168694 2.04198
0.0 17.0 0.021247 2.04198
0.0 17.0 0.0209994 2.04198
0.0 17.0 0.0229961 2.04198
0.0 17.0 0.0203536 2.04198
0.0 17.0 0.0170497 2.04198
0.0 17.0 0.0145808 2.04198
0.0 17.0 0.0219675 2.04198
0.0 17.0 0.0154036 2.04198
0.0 17.0 0.0154119 2.04198
0.0 17.0 0.0189834 2.04198
0.0 17.0 0.0210006 2.04198
0.0 17.0 0.012636 2.04198
0.0 17.0 0.0203607 2.04198
0.0 17.0 0.0177311 2.04198
0.0 17.0 0.0155625 2.04198
0.0 17.0 0.0158872 2.04198
0.0 17.0 0.0132003 2.04198
0.0 17.0 0.0203734 2.04198
0.0 17.0 0.0148617 2.04198
0.0 17.0 0.0153693 2.04198
0.0 17.0 0.0211557 2.04198
0.0 17.0 0.0172264 2.04198
0.0 17.0 0.0210866 2.04198
0.0 17.0 0.0215842 2.04198
0.0 17.0 0.0241596 2.04198
0.0 17.0 0.0238296 2.04198
0.0 17.0 0.0119674 2.04198
0.0 17.0 0.0224747 2.04198
0.0 17.0 0.0149791 2.04198
0.0 17.0 0.0246885 2.04198
0.0 17.0 0.0211037 2.04198
0.0 17.0 0.0226663 2.04198
0.0 17.0 0.0160722 2.04198
0.0 17.0 0.0279576 2.04198
0.0 17.0 0.0163774 2.04198
0.0 31.0 0.0158153 2.04198
0.0 31.0 0.0175948 2.04198
0.0 31.0 0.0147626 2.04198
0.0 31.0 0.0207808 2.04198
0.0 31.0 0.0202989 2.04198
0.0 31.0 0.0126319 2.04198
0.0 31.0 0.0103361 2.04198
0.0 31.0 0.0169176 2.04198
0.0 31.0 0.0130254 2.04198
0.0 31.0 0.01069 2.04198
0.0 31.0 0.015231 2.04198
0.0 31.0 0.01201 2.04198
0.0 31.0 0.0103767 2.04198
0.0 31.0 0.0161781 2.04198
0.0 31.0 0.0120127 2.04198
0.0 31.0 0.019724 2.04198
0.0 31.0 0.00953144 2.04198
0.0 31.0 0.0122533 2.04198
0.0 31.0 0.0115543 2.04198
0.0 31.0 0.0145224 2.04198
0.0 31.0 0.0154064 2.04198
0.0 31.0 0.0152157 2.04198
0.0 31.0 0.0143585 2.04198
0.0 31.0 0.0100063 2.04198
0.0 31.0 0.0153169 2.04198
0.0 31.0 0.0202363 2.04198
0.0 31.0 0.0152712 2.04198
0.0 31.0 0.0127614 2.04198
0.0 31.0 0.015998 2.04198
0.0 31.0 0.0192979 2.04198
0.0 31.0 0.013799 2.04198
0.0 31.0 0.0145797 2.04198
0.0 31.0 0.01814 2.04198
0.0 31.0 0.013894 2.04198
0.0 31.0 0.0101011 2.04198
0.0 31.0 0.0171208 2.04198
0.0 31.0 0.0142645 2.04198
0.0 31.0 0.0155593 2.04198
0.0 31.0 0.0156521 2.04198
0.0 31.0 0.0177652 2.04198
0.0 31.0 0.0100448 2.04198
0.0 31.0 0.0155595 2.04198
0.0 31.0 0.0161906 2.04198
0.0 31.0 0.0159677 2.04198
0.0 31.0 0.0129401 2.04198
0.0 31.0 0.0148389 2.04198
0.0 31.0 0.0192987 2.04198
0.0 31.0 0.0154854 2.04198
0.0 31.0 0.0158404 2.04198
0.0 31.0 0.0156334 2.04198
0.0 32.0 0.0220605 2.04198
0.0 32.0 0.0149067 2.04198
0.0 32.0 0.0140342 2.04198
0.0 32.0 0.0211348 2.04198
0.0 32.0 0.00969215 2.04198
0.0 32.0 0.0149473 2.04198
0.0 32.0 0.0108452 2.04198
0.0 32.0 0.0143809 2.04198
0.0 32.0 0.0142675 2.04198
0.0 32.0 0.0129448 2.04198
0.0 32.0 0.0162055 2.04198
0.0 32.0 0.0137359 2.04198
0.0 32.0 0.0100675 2.04198
0.0 32.0 0.0120432 2.04198
0.0 32.0 0.0177308 2.04198
0.0 32.0 0.0160956 2.04198
0.0 32.0 0.0182359 2.04198
0.0 32.0 0.0128493 2.04198
0.0 32.0 0.0200969 2.04198
0.0 32.0 0.0154557 2.04198
0.0 32.0 0.0140232 2.04198
0.0 32.0 0.0197502 2.04198
0.0 32.0 0.0152416 2.04198
0.0 32.0 0.0104797 2.04198
0.0 32.0 0.0151914 2.04198
0.0 32.0 0.0154746 2.04198
0.0 32.0 0.0176333 2.04198
0.0 32.0 0.0137576 2.04198
0.0 32.0 0.00992021 2.04198
0.0 32.0 0.0140584 2.04198
0.0 32.0 0.0182555 2.04198
0.0 32.0 0.0108785 2.04198
0.0 32.0 0.0129382 2.04198
0.0 32.0 0.0193065 2.04198
0.0 32.0 0.0180293 2.04198
0.0 32.0 0.0125813 2.04198
0.0 32.0 0.0167777 2.04198
0.0 32.0 0.0187679 2.04198
0.0 32.0 0.0128482 2.04198
0.0 32.0 0.0115595 2.04198
0.0 32.0 0.012399 2.04198
0.0 32.0 0.0195388 2.04198
0.0 32.0 0.0140003 2.04198
0.0 32.0 0.0156136 2.04198
0.0 32.0 0.0197851 2.04198
0.0 32.0 0.0128941 2.04198
0.0 32.0 0.0174022 2.04198
0.0 32.0 0.0111753 2.04198
0.0 32.0 0.0119637 2.04198
0.0 32.0 0.0131863 2.04198
0.0 33.0 0.0162836 2.04198
0.0 33.0 0.0141762 2.04198
0.0 33.0 0.0143553 2.04198
0.0 33.0 0.0138992 2.04198
0.0 33.0 0.0197738 2.04198
0.0 33.0 0.0141092 2.04198
0.0 33.0 0.0139401 2.04198
0.0 33.0 0.0181266 2.04198
0.0 33.0 0.0135794 2.04198
0.0 33.0 0.01552 2.04198
0.0 33.0 0.0154353 2.04198
0.0 33.0 0.0151482 2.04198
0.0 33.0 0.0149173 2.04198
0.0 33.0 0.0140686 2.04198
0.0 33.0 0.0143347 2.04198
0.0 33.0 0.0142879 2.04198
0.0 33.0 0.0182588 2.04198
0.0 33.0 0.0155524 2.04198
0.0 33.0 0.0142566 2.04198
0.0 33.0 0.0159093 2.04198
0.0 33.0 0.01548 2.04198
0.0 33.0 0.00961375 2.04198
0.0 33.0 0.0103414 2.04198
0.0 33.0 0.0118947 2.04198
0.0 33.0 0.0186122 2.04198
0.0 33.0 0.0157694 2.04198
0.0 33.0 0.00633228 2.04198
0.0 33.0 0.014156 2.04198
0.0 33.0 0.0163673 2.04198
0.0 33.0 0.012639 2.04198
0.0 33.0 0.0150564 2.04198
0.0 33.0 0.0172076 2.04198
0.0 33.0 0.0127259 2.04198
0.0 33.0 0.0108673 2.04198
0.0 33.0 0.00997492 2.04198
0.0 33.0 0.0159228 2.04198
0.0 33.0 0.0174233 2.04198
0.0 33.0 0.00813131 2.04198
0.0 33.0 0.0112794 2.04198
0.0 33.0 0.0138497 2.04198
0.0 33.0 0.0129202 2.04198
0.0 33.0 0.0160784 2.04198
0.0 33.0 0.0136529 2.04198
0.0 33.0 0.0146654 2.04198
0.0 33.0 0.010189 2.04198
0.0 33.0 0.0141958 2.04198
0.0 33.0 0.0127063 2.04198
0.0 33.0 0.0138333 2.04198
0.0 33.0 0.010186 2.04198
0.0 33.0 0.0175397 2.04198
1.0 3.0 0.0939501 16.6528
1.0 3.0 0.0871347 16.6528
1.0 3.0 0.07665 16.6528
1.0 3.0 0.0974933 16.6528
1.0 3.0 0.0971135 16.6528
1.0 3.0 0.0916723 16.6528
1.0 3.0 0.0895744 16.6528
1.0 3.0 0.10101 16.6528
1.0 3.0 0.0934782 16.6528
1.0 3.0 0.0892818 16.6528
1.0 3.0 0.0771354 16.6528
1.0 3.0 0.0896041 16.6528
1.0 3.0 0.0895687 16.6528
1.0 3.0 0.0898951 16.6528
1.0 3.0 0.0924021 16.6528
1.0 3.0 0.096073 16.6528
1.0 3.0 0.0921851 16.6528
1.0 3.0 0.0885194 16.6528
1.0 3.0 0.0768137 16.6528
1.0 3.0 0.092364 16.6528
1.0 3.0 0.0917582 16.6528
1.0 3.0 0.0936455 16.6528
1.0 3.0 0.0935784 16.6528
1.0 3.0 0.0877001 16.6528
1.0 3.0 0.0908239 16.6528
1.0 3.0 0.0822935 16.6528
1.0 3.0 0.0905434 16.6528
1.0 3.0 0.0889087 16.6528
1.0 3.0 0.0893567 16.6528
1.0 3.0 0.0761429 16.6528
1.0 3.0 0.0899669 16.6528
1.0 3.0 0.0904141 16.6528
1.0 3.0 0.0950777 16.6528
1.0 3.0 0.0867726 16.6528
1.0 3.0 0.0858728 16.6528
1.0 3.0 0.0858738 16.6528
1.0 3.0 0.0847846 16.6528
1.0 3.0 0.0904501 16.6528
1.0 3.0 0.0980921 16.6528
1.0 3.0 0.100734 16.6528
1.0 3.0 0.0941446 16.6528
1.0 3.0 0.0895107 16.6528
1.0 3.0 0.0989183 16.6528
1.0 3.0 0.0814706 16.6528
1.0 3.0 0.0960121 16.6528
1.0 3.0 0.0843765 16.6528
1.0 3.0 0.0908155 16.6528
1.0 3.0 0.0902896 16.6528
1.0 3.0 0.113399 16.6528
1.0 3.0 0.116145 16.6528
1.0 4.0 0.0960736 16.6528
1.0 4.0 0.0734688 16.6528
1.0 4.0 0.0725717 16.6528
1.0 4.0 0.0690416 16.6528
1.0 4.0 0.0771567 16.6528
1.0 4.0 0.0986719 16.6528
1.0 4.0 0.0643858 16.6528
1.0 4.0 0.0645552 16.6528
1.0 4.0 0.0684184 16.6528
1.0 4.0 0.102869 16.6528
1.0 4.0 0.104138 16.6528
1.0 4.0 0.0629024 16.6528
1.0 4.0 0.109564 16.6528
1.0 4.0 0.0851521 16.6528
1.0 4.0 0.106888 16.6528
1.0 4.0 0.113256 16.6528
1.0 4.0 0.0739998 16.6528
1.0 4.0 0.0784103 16.6528
1.0 4.0 0.110287 16.6528
1.0 4.0 0.10405 16.6528
1.0 4.0 0.0795745 16.6528
1.0 4.0 0.0638721 16.6528
1.0 4.0 0.0803194 16.6528
1.0 4.0 0.0753924 16.6528
1.0 4.0 0.0601018 16.6528
1.0 4.0 0.0711765 16.6528
1.0 4.0 0.0744256 16.6528
1.0 4.0 0.0765614 16.6528
1.0 4.0 0.0680514 16.6528
1.0 4.0 0.102789 16.6528
1.0 4.0 0.0698591 16.6528
1.0 4.0 0.110528 16.6528
1.0 4.0 0.103164 16.6528
1.0 4.0 0.0715039 16.6528
1.0 4.0 0.0798959 16.6528
1.0 4.0 0.103638 16.6528
1.0 4.0 0.0709888 16.6528
1.0 4.0 0.07195 16.6528
1.0 4.0 0.0771566 16.6528
1.0 4.0 0.103667 16.6528
1.0 4.0 0.0662272 16.6528
1.0 4.0 0.0725826 16.6528
1.0 4.0 0.106612 16.6528
1.0 4.0 0.104537 16.6528
1.0 4.0 0.0746565 16.6528
1.0 4.0 0.0722298 16.6528
1.0 4.0 0.10327 16.6528
1.0 4.0 0.072426 16.6528
1.0 4.0 0.100465 16.6528
1.0 4.0 0.0642386 16.6528
1.0 5.0 0.0471436 16.6528
1.0 5.0 0.0474178 16.6528
1.0 5.0 0.0529761 16.6528
1.0 5.0 0.0594968 16.6528
1.0 5.0 0.0515955 16.6528
1.0 5.0 0.050263 16.6528
1.0 5.0 0.0503107 16.6528
1.0 5.0 0.0672451 16.6528
1.0 5.0 0.0521291 16.6528
1.0 5.0 0.0689596 16.6528
1.0 5.0 0.058236 16.6528
1.0 5.0 0.0832222 16.6528
1.0 5.0 0.0513737 16.6528
1.0 5.0 0.0494766 16.6528
1.0 5.0 0.0538223 16.6528
1.0 5.0 0.0479231 16.6528
1.0 5.0 0.0840934 16.6528
1.0 5.0 0.0512398 16.6528
1.0 5.0 0.0599559 16.6528
1.0 5.0 0.0774331 16.6528
1.0 5.0 0.0484145 16.6528
1.0 5.0 0.0509546 16.6528
1.0 5.0 0.0491407 16.6528
1.0 5.0 0.0503319 16.6528
1.0 5.0 0.0511883 16.6528
1.0 5.0 0.0773093 16.6528
1.0 5.0 0.0532544 16.6528
1.0 5.0 0.0568691 16.6528
1.0 5.0 0.067886 16.6528
1.0 5.0 0.0551003 16.6528
1.0 5.0 0.0596601 16.6528
1.0 5.0 0.0524282 16.6528
1.0 5.0 0.0591337 16.6528
1.0 5.0 0.0541941 16.6528
1.0 5.0 0.0504741 16.6528
1.0 5.0 0.0491187 16.6528
1.0 5.0 0.0525826 16.6528
1.0 5.0 0.0585898 16.6528
1.0 5.0 0.0505954 16.6528
1.0 5.0 0.0575858 16.6528
1.0 5.0 0.0484244 16.6528
1.0 5.0 0.0677746 16.6528
1.0 5.0 0.050195 16.6528
1.0 5.0 0.0561946 16.6528
1.0 5.0 0.0476637 16.6528
1.0 5.0 0.0466066 16.6528
1.0 5.0 0.0511467 16.6528
1.0 5.0 0.0557105 16.6528
1.0 5.0 0.0471261 16.6528
1.0 5.0 0.0609485 16.6528
1.0 7.0 0.0367567 16.6528
1.0 7.0 0.0544385 16.6528
1.0 7.0 0.0579703 16.6528
1.0 7.0 0.0590725 16.6528
1.0 7.0 0.0660281 16.6528
1.0 7.0 0.0599532 16.6528
1.0 7.0 0.0650899 16.6528
1.0 7.0 0.0350598 16.6528
1.0 7.0 0.0349821 16.6528
1.0 7.0 0.0559046 16.6528
1.0 7.0 0.0545991 16.6528
1.0 7.0 0.0578453 16.6528
1.0 7.0 0.0509212 16.6528
1.0 7.0 0.0547059 16.6528
1.0 7.0 0.0572869 16.6528
1.0 7.0 0.0397849 16.6528
1.0 7.0 0.0384136 16.6528
1.0 7.0 0.0523294 16.6528
1.0 7.0 0.05263 16.6528
1.0 7.0 0.0385218 16.6528
1.0 7.0 0.046252 16.6528
1.0 7.0 0.0476806 16.6528
1.0 7.0 0.036163 16.6528
1.0 7.0 0.0501264 16.6528
1.0 7.0 0.0540455 16.6528
1.0 7.0 0.0379592 16.6528
1.0 7.0 0.0415802 16.6528
1.0 7.0 0.0351176 16.6528
1.0 7.0 0.0500774 16.6528
1.0 7.0 0.0546584 16.6528
1.0 7.0 0.0507208 16.6528
1.0 7.0 0.057861 16.6528
1.0 7.0 0.0537964 16.6528
1.0 7.0 0.0493003 16.6528
1.0 7.0 0.0405956 16.6528
1.0 7.0 0.0358624 16.6528
1.0 7.0 0.0509707 16.6528
1.0 7.0 0.0583676 16.6528
1.0 7.0 0.0581462 16.6528
1.0 7.0 0.0669192 16.6528
1.0 7.0 0.0402126 16.6528
1.0 7.0 0.0517169 16.6528
1.0 7.0 0.037586 16.6528
1.0 7.0 0.0387471 16.6528
1.0 7.0 0.0374831 16.6528
1.0 7.0 0.0473041 16.6528
1.0 7.0 0.0510848 16.6528
1.0 7.0 0.0535833 16.6528
1.0 7.0 0.0390019 16.6528
1.0 7.0 0.0550959 16.6528
1.0 8.0 0.033888 16.6528
1.0 8.0 0.0339737 16.6528
1.0 8.0 0.0392688 16.6528
1.0 8.0 0.0325137 16.6528
1.0 8.0 0.0324936 16.6528
1.0 8.0 0.0344595 16.6528
1.0 8.0 0.032413 16.6528
1.0 8.0 0.0333938 16.6528
1.0 8.0 0.0355232 16.6528
1.0 8.0 0.0303091 16.6528
1.0 8.0 0.02903 16.6528
1.0 8.0 0.0331038 16.6528
1.0 8.0 0.0339306 16.6528
1.0 8.0 0.03308 16.6528
1.0 8.0 0.0353715 16.6528
1.0 8.0 0.0367725 16.6528
1.0 8.0 0.0325749 16.6528
1.0 8.0 0.0318365 16.6528
1.0 8.0 0.0360835 16.6528
1.0 8.0 0.0403184 16.6528
1.0 8.0 0.0345064 16.6528
1.0 8.0 0.0364072 16.6528
1.0 8.0 0.0379222 16.6528
1.0 8.0 0.0339369 16.6528
1.0 8.0 0.0362228 16.6528
1.0 8.0 0.0355439 16.6528
1.0 8.0 0.0340435 16.6528
1.0 8.0 0.0352112 16.6528
1.0 8.0 0.0360329 16.6528
1.0 8.0 0.0372788 16.6528
1.0 8.0 0.033407 16.6528
1.0 8.0 0.0347263 16.6528
1.0 8.0 0.036098 16.6528
1.0 8.0 0.0328894 16.6528
1.0 8.0 0.0299857 16.6528
1.0 8.0 0.0345873 16.6528
1.0 8.0 0.0314611 16.6528
1.0 8.0 0.0331294 16.6528
1.0 8.0 0.035066 16.6528
1.0 8.0 0.0314608 16.6528
1.0 8.0 0.0310481 16.6528
1.0 8.0 0.034323 16.6528
1.0 8.0 0.0353124 16.6528
1.0 8.0 0.0349819 16.6528
1.0 8.0 0.0352972 16.6528
1.0 8.0 0.0325314 16.6528
1.0 8.0 0.0349593 16.6528
1.0 8.0 0.0356932 16.6528
1.0 8.0 0.0530757 16.6528
1.0 8.0 0.050846 16.6528
1.0 9.0 0.0392475 16.6528
1.0 9.0 0.0297919 16.6528
1.0 9.0 0.0323136 16.6528
1.0 9.0 0.0337784 16.6528
1.0 9.0 0.0408863 16.6528
1.0 9.0 0.0279958 16.6528
1.0 9.0 0.0342541 16.6528
1.0 9.0 0.0286639 16.6528
1.0 9.0 0.0338607 16.6528
1.0 9.0 0.0331427 16.6528
1.0 9.0 0.0318277 16.6528
1.0 9.0 0.0353347 16.6528
1.0 9.0 0.0461825 16.6528
1.0 9.0 0.0332472 16.6528
1.0 9.0 0.0469172 16.6528
1.0 9.0 0.0449258 16.6528
1.0 9.0 0.0309396 16.6528
1.0 9.0 0.0356872 16.6528
1.0 9.0 0.0372463 16.6528
1.0 9.0 0.0353901 16.6528
1.0 9.0 0.0337298 16.6528
1.0 9.0 0.0323675 16.6528
1.0 9.0 0.0369877 16.6528
1.0 9.0 0.0359917 16.6528
1.0 9.0 0.0331542 16.6528
1.0 9.0 0.0303543 16.6528
1.0 9.0 0.0327629 16.6528
1.0 9.0 0.0325277 16.6528
1.0 9.0 0.039419 16.6528
1.0 9.0 0.0295041 16.6528
1.0 9.0 0.0366434 16.6528
1.0 9.0 0.0463881 16.6528
1.0 9.0 0.0297396 16.6528
1.0 9.0 0.0416947 16.6528
1.0 9.0 0.0462757 16.6528
1.0 9.0 0.0349029 16.6528
1.0 9.0 0.038973 16.6528
1.0 9.0 0.046294 16.6528
1.0 9.0 0.0432949 16.6528
1.0 9.0 0.0462931 16.6528
1.0 9.0 0.0311053 16.6528
1.0 9.0 0.0327467 16.6528
1.0 9.0 0.0273554 16.6528
1.0 9.0 0.0349516 16.6528
1.0 9.0 0.0321525 16.6528
1.0 9.0 0.0342204 16.6528
1.0 9.0 0.0349311 16.6528
1.0 9.0 0.0298377 16.6528
1.0 9.0 0.0416412 16.6528
1.0 9.0 0.0405737 16.6528
1.0 15.0 0.0211969 16.6522
1.0 15.0 0.0178036 16.6522
1.0 15.0 0.0210332 16.6522
1.0 15.0 0.0202659 16.6522
1.0 15.0 0.0187962 16.6522
1.0 15.0 0.0198969 16.6522
1.0 15.0 0.0210841 16.6522
1.0 15.0 0.0180762 16.6522
1.0 15.0 0.0175355 16.6522
1.0 15.0 0.0188429 16.6522
1.0 15.0 0.0177814 16.6522
1.0 15.0 0.0212145 16.6522
1.0 15.0 0.0217476 16.6522
1.0 15.0 0.0177591 16.6522
1.0 15.0 0.0205981 16.6522
1.0 15.0 0.0205759 16.6522
1.0 15.0 0.0220923 16.6522
1.0 15.0 0.0207462 16.6522
1.0 15.0 0.0210821 16.6522
1.0 15.0 0.0179618 16.6522
1.0 15.0 0.0189368 16.6522
1.0 15.0 0.016715 16.6522
1.0 15.0 0.0202861 16.6522
1.0 15.0 0.020772 16.6522
1.0 15.0 0.02012 16.6522
1.0 15.0 0.0202132 16.6522
1.0 15.0 0.0190648 16.6522
1.0 15.0 0.0204844 16.6522
1.0 15.0 0.0224192 16.6522
1.0 15.0 0.0201769 16.6522
1.0 15.0 0.0177282 16.6522
1.0 15.0 0.0220219 16.6522
1.0 15.0 0.0217527 16.6522
1.0 15.0 0.0204881 16.6522
1.0 15.0 0.0210175 16.6522
1.0 15.0 0.0208569 16.6522
1.0 15.0 0.016918 16.6522
1.0 15.0 0.0184539 16.6522
1.0 15.0 0.021177 16.6522
1.0 15.0 0.0186265 16.6522
1.0 15.0 0.0215386 16.6522
1.0 15.0 0.0208122 16.6522
1.0 15.0 0.0195924 16.6522
1.0 15.0 0.0195642 16.6522
1.0 15.0 0.0199894 16.6522
1.0 15.0 0.0176935 16.6522
1.0 15.0 0.0229499 16.6522
1.0 15.0 0.0223057 16.6522
1.0 15.0 0.0196324 16.6522
1.0 15.0 0.0200928 16.6522
1.0 16.0 0.0184355 16.6522
1.0 16.0 0.0213532 16.6522
1.0 16.0 0.0209003 16.6522
1.0 16.0 0.0181312 16.6522
1.0 16.0 0.0192255 16.6522
1.0 16.0 0.018208 16.6522
1.0 16.0 0.0172359 16.6522
1.0 16.0 0.0189272 16.6522
1.0 16.0 0.0175377 16.6522
1.0 16.0 0.0165008 16.6522
1.0 16.0 0.019609 16.6522
1.0 16.0 0.0201971 16.6522
1.0 16.0 0.019211 16.6522
1.0 16.0 0.0216911 16.6522
1.0 16.0 0.0199986 16.6522
1.0 16.0 0.0197799 16.6522
1.0 16.0 0.0188844 16.6522
1.0 16.0 0.0205201 16.6522
1.0 16.0 0.0208829 16.6522
1.0 16.0 0.0190769 16.6522
1.0 16.0 0.0211433 16.6522
1.0 16.0 0.0194778 16.6522
1.0 16.0 0.0178058 16.6522
1.0 16.0 0.020304 16.6522
1.0 16.0 0.0210746 16.6522
1.0 16.0 0.0200883 16.6522
1.0 16.0 0.0214196 16.6522
1.0 16.0 0.0170635 16.6522
1.0 16.0 0.0212553 16.6522
1.0 16.0 0.0169677 16.6522
1.0 16.0 0.0204337 16.6522
1.0 16.0 0.0242124 16.6522
1.0 16.0 0.0211766 16.6522
1.0 16.0 0.0219425 16.6522
1.0 16.0 0.021346 16.6522
1.0 16.0 0.0165759 16.6522
1.0 16.0 0.0196516 16.6522
1.0 16.0 0.0180139 16.6522
1.0 16.0 0.0209272 16.6522
1.0 16.0 0.0177116 16.6522
1.0 16.0 0.0204016 16.6522
1.0 16.0 0.0199296 16.6522
1.0 16.0 0.0204857 16.6522
1.0 16.0 0.0202186 16.6522
1.0 16.0 0.0209741 16.6522
1.0 16.0 0.0191256 16.6522
1.0 16.0 0.0181277 16.6522
1.0 16.0 0.0194035 16.6522
1.0 16.0 0.0208334 16.6522
1.0 16.0 0.0167622 16.6522
1.0 17.0 0.0196493 16.6509
1.0 17.0 0.0173829 16.6509
1.0 17.0 0.0174249 16.6509
1.0 17.0 0.0210596 16.6509
1.0 17.0 0.0194423 16.6509
1.0 17.0 0.0195294 16.6509
1.0 17.0 0.0176339 16.6509
1.0 17.0 0.0208549 16.6509
1.0 17.0 0.0184271 16.6509
1.0 17.0 0.018863 16.6509
1.0 17.0 0.0172002 16.6509
1.0 17.0 0.0168396 16.6509
1.0 17.0 0.0170824 16.6509
1.0 17.0 0.0193303 16.6509
1.0 17.0 0.0193325 16.6509
1.0 17.0 0.0177228 16.6509
1.0 17.0 0.0192139 16.6509
1.0 17.0 0.017163 16.6509
1.0 17.0 0.0171933 16.6509
1.0 17.0 0.0162429 16.6509
1.0 17.0 0.0205691 16.6509
1.0 17.0 0.0191967 16.6509
1.0 17.0 0.0190006 16.6509
1.0 17.0 0.0168981 16.6509
1.0 17.0 0.0172877 16.6509
1.0 17.0 0.0189713 16.6509
1.0 17.0 0.017217 16.6509
1.0 17.0 0.0194475 16.6509
1.0 17.0 0.0178761 16.6509
1.0 17.0 0.0189403 16.6509
1.0 17.0 0.0187541 16.6509
1.0 17.0 0.017909 16.6509
1.0 17.0 0.0176572 16.6509
1.0 17.0 0.0199568 16.6509
1.0 17.0 0.0172923 16.6509
1.0 17.0 0.0183713 16.6509
1.0 17.0 0.01675 16.6509
1.0 17.0 0.0198757 16.6509
1.0 17.0 0.0193952 16.6509
1.0 17.0 0.0158591 16.6509
1.0 17.0 0.0198055 16.6509
1.0 17.0 0.0178527 16.6509
1.0 17.0 0.0200236 16.6509
1.0 17.0 0.0175958 16.6509
1.0 17.0 0.0188503 16.6509
1.0 17.0 0.0185628 16.6509
1.0 17.0 0.0182016 16.6509
1.0 17.0 0.0173479 16.6509
1.0 17.0 0.0158562 16.6509
1.0 17.0 0.02122 16.6509
1.0 31.0 0.0132907 16.6519
1.0 31.0 0.0125102 16.6519
1.0 31.0 0.0134769 16.6519
1.0 31.0 0.0129536 16.6519
1.0 31.0 0.0130563 16.6519
1.0 31.0 0.0116262 16.6519
1.0 31.0 0.0121232 16.6519
1.0 31.0 0.0136017 16.6519
1.0 31.0 0.0121022 16.6519
1.0 31.0 0.0121249 16.6519
1.0 31.0 0.0121307 16.6519
1.0 31.0 0.0130019 16.6519
1.0 31.0 0.0138252 16.6519
1.0 31.0 0.0141235 16.6519
1.0 31.0 0.00940136 16.6519
1.0 31.0 0.0115385 16.6519
1.0 31.0 0.0122613 16.6519
1.0 31.0 0.0131193 16.6519
1.0 31.0 0.0113524 16.6519
1.0 31.0 0.0146537 16.6519
1.0 31.0 0.0138234 16.6519
1.0 31.0 0.0148291 16.6519
1.0 31.0 0.0125222 16.6519
1.0 31.0 0.0130285 16.6519
1.0 31.0 0.0144612 16.6519
1.0 31.0 0.0130915 16.6519
1.0 31.0 0.0117487 16.6519
1.0 31.0 0.0132001 16.6519
1.0 31.0 0.0117623 16.6519
1.0 31.0 0.0118855 16.6519
1.0 31.0 0.0124069 16.6519
1.0 31.0 0.0119 16.6519
1.0 31.0 0.0133843 16.6519
1.0 31.0 0.0111385 16.6519
1.0 31.0 0.0133754 16.6519
1.0 31.0 0.0133432 16.6519
1.0 31.0 0.0120615 16.6519
1.0 31.0 0.0127075 16.6519
1.0 31.0 0.011499 16.6519
1.0 31.0 0.0130985 16.6519
1.0 31.0 0.0124796 16.6519
1.0 31.0 0.0133656 16.6519
1.0 31.0 0.0115138 16.6519
1.0 31.0 0.0142079 16.6519
1.0 31.0 0.0132434 16.6519
1.0 31.0 0.013133 16.6519
1.0 31.0 0.0117365 16.6519
1.0 31.0 0.0110833 16.6519
1.0 31.0 0.013042 16.6519
1.0 31.0 0.0130281 16.6519
1.0 32.0 0.0164702 16.6519
1.0 32.0 0.0126853 16.6519
1.0 32.0 0.0131306 16.6519
1.0 32.0 0.0129372 16.6519
1.0 32.0 0.0123077 16.6519
1.0 32.0 0.0134209 16.6519
1.0 32.0 0.0135321 16.6519
1.0 32.0 0.0150812 16.6519
1.0 32.0 0.0146745 16.6519
1.0 32.0 0.0116751 16.6519
1.0 32.0 0.0131367 16.6519
1.0 32.0 0.0124897 16.6519
1.0 32.0 0.0127904 16.6519
1.0 32.0 0.0118817 16.6519
1.0 32.0 0.0132533 16.6519
1.0 32.0 0.0113601 16.6519
1.0 32.0 0.0147477 16.6519
1.0 32.0 0.012481 16.6519
1.0 32.0 0.0133923 16.6519
1.0 32.0 0.0121528 16.6519
1.0 32.0 0.0131068 16.6519
1.0 32.0 0.0144911 16.6519
1.0 32.0 0.0132379 16.6519
1.0 32.0 0.0155401 16.6519
1.0 32.0 0.0144807 16.6519
1.0 32.0 0.0135426 16.6519
1.0 32.0 0.0127614 16.6519
1.0 32.0 0.0133208 16.6519
1.0 32.0 0.0130018 16.6519
1.0 32.0 0.0126597 16.6519
1.0 32.0 0.0123537 16.6519
1.0 32.0 0.0120961 16.6519
1.0 32.0 0.0116534 16.6519
1.0 32.0 0.0125336 16.6519
1.0 32.0 0.0136366 16.6519
1.0 32.0 0.0101638 16.6519
1.0 32.0 0.0141094 16.6519
1.0 32.0 0.0121576 16.6519
1.0 32.0 0.0140576 16.6519
1.0 32.0 0.0121525 16.6519
1.0 32.0 0.0127926 16.6519
1.0 32.0 0.0134849 16.6519
1.0 32.0 0.0148308 16.6519
1.0 32.0 0.0143721 16.6519
1.0 32.0 0.0131412 16.6519
1.0 32.0 0.013712 16.6519
1.0 32.0 0.0130864 16.6519
1.0 32.0 0.0136273 16.6519
1.0 32.0 0.0129117 16.6519
1.0 32.0 0.0145787 16.6519
1.0 33.0 0.00974827 16.6519
1.0 33.0 0.011933 16.6519
1.0 33.0 0.00805272 16.6519
1.0 33.0 0.0196441 16.6519
1.0 33.0 0.0118775 16.6519
1.0 33.0 0.0112486 16.6519
1.0 33.0 0.0123913 16.6519
1.0 33.0 0.0123122 16.6519
1.0 33.0 0.0137702 16.6519
1.0 33.0 0.0107615 16.6519
1.0 33.0 0.0137046 16.6519
1.0 33.0 0.011357 16.6519
1.0 33.0 0.013267 16.6519
1.0 33.0 0.0122543 16.6519
1.0 33.0 0.0109651 16.6519
1.0 33.0 0.0138881 16.6519
1.0 33.0 0.0143197 16.6519
1.0 33.0 0.0132688 16.6519
1.0 33.0 0.0133554 16.6519
1.0 33.0 0.014371 16.6519
1.0 33.0 0.0129541 16.6519
1.0 33.0 0.0139722 16.6519
1.0 33.0 0.0131166 16.6519
1.0 33.0 0.0145682 16.6519
1.0 33.0 0.013989 16.6519
1.0 33.0 0.0129508 16.6519
1.0 33.0 0.0122141 16.6519
1.0 33.0 0.0130095 16.6519
1.0 33.0 0.0141779 16.6519
1.0 33.0 0.0129708 16.6519
1.0 33.0 0.0118549 16.6519
1.0 33.0 0.0161515 16.6519
1.0 33.0 0.0134394 16.6519
1.0 33.0 0.0126096 16.6519
1.0 33.0 0.013228 16.6519
1.0 33.0 0.0146861 16.6519
1.0 33.0 0.0138043 16.6519
1.0 33.0 0.010648 16.6519
1.0 33.0 0.0100074 16.6519
1.0 33.0 0.0109197 16.6519
1.0 33.0 0.00990569 16.6519
1.0 33.0 0.0132828 16.6519
1.0 33.0 0.0138001 16.6519
1.0 33.0 0.013646 16.6519
1.0 33.0 0.0134445 16.6519
1.0 33.0 0.0140742 16.6519
1.0 33.0 0.0126595 16.6519
1.0 33.0 0.0108378 16.6519
1.0 33.0 0.01253 16.6519
1.0 33.0 0.0146942 16.6519
2.0 3.0 0.22205 -7.10571e-31
2.0 3.0 0.227582 -7.10571e-31
2.0 3.0 0.214094 -7.10571e-31
2.0 3.0 0.253768 -7.10571e-31
2.0 3.0 0.226056 -7.10571e-31
2.0 3.0 0.214157 -7.10571e-31
2.0 3.0 0.240276 -7.10571e-31
2.0 3.0 0.259252 -7.10571e-31
2.0 3.0 0.226011 -7.10571e-31
2.0 3.0 0.237496 -7.10571e-31
2.0 3.0 0.213255 -7.10571e-31
2.0 3.0 0.234345 -7.10571e-31
2.0 3.0 0.228844 -7.10571e-31
2.0 3.0 0.254216 -7.10571e-31
2.0 3.0 0.219081 -7.10571e-31
2.0 3.0 0.268787 -7.10571e-31
2.0 3.0 0.220013 -7.10571e-31
2.0 3.0 0.27608 -7.10571e-31
2.0 3.0 0.249445 -7.10571e-31
2.0 3.0 0.254247 -7.10571e-31
2.0 3.0 0.238547 -7.10571e-31
2.0 3.0 0.20623 -7.10571e-31
2.0 3.0 0.251379 -7.10571e-31
2.0 3.0 0.230321 -7.10571e-31
2.0 3.0 0.228995 -7.10571e-31
2.0 3.0 0.237428 -7.10571e-31
2.0 3.0 0.274989 -7.10571e-31
2.0 3.0 0.25463 -7.10571e-31
2.0 3.0 0.240568 -7.10571e-31
2.0 3.0 0.259406 -7.10571e-31
2.0 3.0 0.256458 -7.10571e-31
2.0 3.0 0.25022 -7.10571e-31
2.0 3.0 0.254666 -7.10571e-31
2.0 3.0 0.256279 -7.10571e-31
2.0 3.0 0.233483 -7.10571e-31
2.0 3.0 0.224451 -7.10571e-31
2.0 3.0 0.232756 -7.10571e-31
2.0 3.0 0.226179 -7.10571e-31
2.0 3.0 0.256057 -7.10571e-31
2.0 3.0 0.244014 -7.10571e-31
2.0 3.0 0.256766 -7.10571e-31
2.0 3.0 0.226256 -7.10571e-31
2.0 3.0 0.205711 -7.10571e-31
2.0 3.0 0.214787 -7.10571e-31
2.0 3.0 0.241505 -7.10571e-31
2.0 3.0 0.231192 -7.10571e-31
2.0 3.0 0.257617 -7.10571e-31
2.0 3.0 0.222922 -7.10571e-31
2.0 3.0 0.253219 -7.10571e-31
2.0 3.0 0.253987 -7.10571e-31
2.0 4.0 0.140554 -0.0
2.0 4.0 0.166914 -0.0
2.0 4.0 0.143495 -0.0
2.0 4.0 0.136548 -0.0
2.0 4.0 0.115744 -0.0
2.0 4.0 0.144535 -0.0
2.0 4.0 0.147455 -0.0
2.0 4.0 0.139129 -0.0
2.0 4.0 0.139997 -0.0
2.0 4.0 0.136894 -0.0
2.0 4.0 0.144221 -0.0
2.0 4.0 0.135238 -0.0
2.0 4.0 0.13662 -0.0
2.0 4.0 0.160111 -0.0
2.0 4.0 0.145382 -0.0
2.0 4.0 0.132046 -0.0
2.0 4.0 0.136363 -0.0
2.0 4.0 0.132824 -0.0
2.0 4.0 0.167045 -0.0
2.0 4.0 0.134726 -0.0
2.0 4.0 0.126713 -0.0
2.0 4.0 0.142646 -0.0
2.0 4.0 0.118293 -0.0
2.0 4.0 0.164592 -0.0
2.0 4.0 0.168087 -0.0
2.0 4.0 0.142816 -0.0
2.0 4.0 0.151994 -0.0
2.0 4.0 0.135158 -0.0
2.0 4.0 0.1485 -0.0
2.0 4.0 0.149865 -0.0
2.0 4.0 0.143916 -0.0
2.0 4.0 0.123549 -0.0
2.0 4.0 0.138545 -0.0
2.0 4.0 0.148846 -0.0
2.0 4.0 0.150544 -0.0
2.0 4.0 0.1597 -0.0
2.0 4.0 0.16315 -0.0
2.0 4.0 0.145806 -0.0
2.0 4.0 0.131032 -0.0
2.0 4.0 0.130707 -0.0
2.0 4.0 0.130193 -0.0
2.0 4.0 0.158693 -0.0
2.0 4.0 0.120685 -0.0
2.0 4.0 0.14098 -0.0
2.0 4.0 0.128111 -0.0
2.0 4.0 0.139607 -0.0
2.0 4.0 0.159911 -0.0
2.0 4.0 0.144194 -0.0
2.0 4.0 0.138377 -0.0
2.0 4.0 0.155181 -0.0
2.0 5.0 0.136826 -2.01644e-31
2.0 5.0 0.141204 -2.01644e-31
2.0 5.0 0.147175 -2.01644e-31
2.0 5.0 0.140617 -2.01644e-31
2.0 5.0 0.138905 -2.01644e-31
2.0 5.0 0.140371 -2.01644e-31
2.0 5.0 0.140942 -2.01644e-31
2.0 5.0 0.140389 -2.01644e-31
2.0 5.0 0.218878 -2.01644e-31
2.0 5.0 0.142622 -2.01644e-31
2.0 5.0 0.142637 -2.01644e-31
2.0 5.0 0.142481 -2.01644e-31
2.0 5.0 0.145728 -2.01644e-31
2.0 5.0 0.136788 -2.01644e-31
2.0 5.0 0.142223 -2.01644e-31
2.0 5.0 0.152178 -2.01644e-31
2.0 5.0 0.138491 -2.01644e-31
2.0 5.0 0.140052 -2.01644e-31
2.0 5.0 0.137978 -2.01644e-31
2.0 5.0 0.144839 -2.01644e-31
2.0 5.0 0.138212 -2.01644e-31
2.0 5.0 0.140072 -2.01644e-31
2.0 5.0 0.13683 -2.01644e-31
2.0 5.0 0.22148 -2.01644e-31
2.0 5.0 0.138148 -2.01644e-31
2.0 5.0 0.228403 -2.01644e-31
2.0 5.0 0.139212 -2.01644e-31
2.0 5.0 0.154332 -2.01644e-31
2.0 5.0 0.219833 -2.01644e-31
2.0 5.0 0.143788 -2.01644e-31
2.0 5.0 0.140391 -2.01644e-31
2.0 5.0 0.227011 -2.01644e-31
2.0 5.0 0.145003 -2.01644e-31
2.0 5.0 0.142692 -2.01644e-31
2.0 5.0 0.219654 -2.01644e-31
2.0 5.0 0.137616 -2.01644e-31
2.0 5.0 0.148447 -2.01644e-31
2.0 5.0 0.136783 -2.01644e-31
2.0 5.0 0.140011 -2.01644e-31
2.0 5.0 0.140197 -2.01644e-31
2.0 5.0 0.140146 -2.01644e-31
2.0 5.0 0.142792 -2.01644e-31
2.0 5.0 0.199164 -2.01644e-31
2.0 5.0 0.137388 -2.01644e-31
2.0 5.0 0.228014 -2.01644e-31
2.0 5.0 0.144154 -2.01644e-31
2.0 5.0 0.150395 -2.01644e-31
2.0 5.0 0.141046 -2.01644e-31
2.0 5.0 0.219838 -2.01644e-31
2.0 5.0 0.139087 -2.01644e-31
2.0 7.0 0.114594 -4.09307e-18
2.0 7.0 0.100121 -4.09307e-18
2.0 7.0 0.131829 -4.09307e-18
2.0 7.0 0.117172 -4.09307e-18
2.0 7.0 0.108501 -4.09307e-18
2.0 7.0 0.117161 -4.09307e-18
2.0 7.0 0.0942694 -4.09307e-18
2.0 7.0 0.116295 -4.09307e-18
2.0 7.0 0.0991513 -4.09307e-18
2.0 7.0 0.0944437 -4.09307e-18
2.0 7.0 0.107952 -4.09307e-18
2.0 7.0 0.0982877 -4.09307e-18
2.0 7.0 0.0938462 -4.09307e-18
2.0 7.0 0.118474 -4.09307e-18
2.0 7.0 0.102311 -4.09307e-18
2.0 7.0 0.0985829 -4.09307e-18
2.0 7.0 0.137074 -4.09307e-18
2.0 7.0 0.113517 -4.09307e-18
2.0 7.0 0.0932745 -4.09307e-18
2.0 7.0 0.138847 -4.09307e-18
2.0 7.0 0.0969385 -4.09307e-18
2.0 7.0 0.0977102 -4.09307e-18
2.0 7.0 0.0990067 -4.09307e-18
2.0 7.0 0.139209 -4.09307e-18
2.0 7.0 0.0963438 -4.09307e-18
2.0 7.0 0.099969 -4.09307e-18
2.0 7.0 0.117502 -4.09307e-18
2.0 7.0 0.0998793 -4.09307e-18
2.0 7.0 0.104054 -4.09307e-18
2.0 7.0 0.0947907 -4.09307e-18
2.0 7.0 0.116059 -4.09307e-18
2.0 7.0 0.0987269 -4.09307e-18
2.0 7.0 0.102994 -4.09307e-18
2.0 7.0 0.104369 -4.09307e-18
2.0 7.0 0.0977919 -4.09307e-18
2.0 7.0 0.0968577 -4.09307e-18
2.0 7.0 0.0929831 -4.09307e-18
2.0 7.0 0.101229 -4.09307e-18
2.0 7.0 0.110871 -4.09307e-18
2.0 7.0 0.113664 -4.09307e-18
2.0 7.0 0.101131 -4.09307e-18
2.0 7.0 0.108251 -4.09307e-18
2.0 7.0 0.0938204 -4.09307e-18
2.0 7.0 0.12141 -4.09307e-18
2.0 7.0 0.102334 -4.09307e-18
2.0 7.0 0.0950955 -4.09307e-18
2.0 7.0 0.116639 -4.09307e-18
2.0 7.0 0.118315 -4.09307e-18
2.0 7.0 0.101186 -4.09307e-18
2.0 7.0 0.0972485 -4.09307e-18
2.0 8.0 0.0603121 -7.73086e-18
2.0 8.0 0.0573478 -7.73086e-18
2.0 8.0 0.0587448 -7.73086e-18
2.0 8.0 0.059935 -7.73086e-18
2.0 8.0 0.077078 -7.73086e-18
2.0 8.0 0.0589576 -7.73086e-18
2.0 8.0 0.0809216 -7.73086e-18
2.0 8.0 0.0605758 -7.73086e-18
2.0 8.0 0.0651031 -7.73086e-18
2.0 8.0 0.0590364 -7.73086e-18
2.0 8.0 0.0785427 -7.73086e-18
2.0 8.0 0.0661883 -7.73086e-18
2.0 8.0 0.0577928 -7.73086e-18
2.0 8.0 0.0728912 -7.73086e-18
2.0 8.0 0.0641423 -7.73086e-18
2.0 8.0 0.0649188 -7.73086e-18
2.0 8.0 0.077568 -7.73086e-18
2.0 8.0 0.0741377 -7.73086e-18
2.0 8.0 0.0636623 -7.73086e-18
2.0 8.0 0.0657326 -7.73086e-18
2.0 8.0 0.0850147 -7.73086e-18
2.0 8.0 0.0783534 -7.73086e-18
2.0 8.0 0.0840969 -7.73086e-18
2.0 8.0 0.0679807 -7.73086e-18
2.0 8.0 0.0668648 -7.73086e-18
2.0 8.0 0.0792889 -7.73086e-18
2.0 8.0 0.0672629 -7.73086e-18
2.0 8.0 0.0577818 -7.73086e-18
2.0 8.0 0.0778 -7.73086e-18
2.0 8.0 0.07985 -7.73086e-18
2.0 8.0 0.0761961 -7.73086e-18
2.0 8.0 0.0690396 -7.73086e-18
2.0 8.0 0.0792682 -7.73086e-18
2.0 8.0 0.0853037 -7.73086e-18
2.0 8.0 0.059632 -7.73086e-18
2.0 8.0 0.0572451 -7.73086e-18
2.0 8.0 0.0669718 -7.73086e-18
2.0 8.0 0.0803353 -7.73086e-18
2.0 8.0 0.0876328 -7.73086e-18
2.0 8.0 0.0604267 -7.73086e-18
2.0 8.0 0.0821596 -7.73086e-18
2.0 8.0 0.0826221 -7.73086e-18
2.0 8.0 0.0788847 -7.73086e-18
2.0 8.0 0.0677752 -7.73086e-18
2.0 8.0 0.0591066 -7.73086e-18
2.0 8.0 0.0687715 -7.73086e-18
2.0 8.0 0.0647792 -7.73086e-18
2.0 8.0 0.0724186 -7.73086e-18
2.0 8.0 0.0714914 -7.73086e-18
2.0 8.0 0.0890893 -7.73086e-18
2.0 9.0 0.027991 -0.0
2.0 9.0 0.0319403 -0.0
2.0 9.0 0.0437645 -0.0
2.0 9.0 0.0319687 -0.0
2.0 9.0 0.03352 -0.0
2.0 9.0 0.0415865 -0.0
2.0 9.0 0.0414126 -0.0
2.0 9.0 0.0329342 -0.0
2.0 9.0 0.025178 -0.0
2.0 9.0 0.0451229 -0.0
2.0 9.0 0.0247302 -0.0
2.0 9.0 0.0332598 -0.0
2.0 9.0 0.0417765 -0.0
2.0 9.0 0.0434261 -0.0
2.0 9.0 0.0448676 -0.0
2.0 9.0 0.0252319 -0.0
2.0 9.0 0.0236202 -0.0
2.0 9.0 0.0316316 -0.0
2.0 9.0 0.0309324 -0.0
2.0 9.0 0.0343481 -0.0
2.0 9.0 0.0334319 -0.0
2.0 9.0 0.0422952 -0.0
2.0 9.0 0.0272351 -0.0
2.0 9.0 0.0432493 -0.0
2.0 9.0 0.0273307 -0.0
2.0 9.0 0.0311424 -0.0
2.0 9.0 0.0266876 -0.0
2.0 9.0 0.0438128 -0.0
2.0 9.0 0.0376246 -0.0
2.0 9.0 0.0355589 -0.0
2.0 9.0 0.0279845 -0.0
2.0 9.0 0.0287735 -0.0
2.0 9.0 0.03636 -0.0
2.0 9.0 0.028891 -0.0
2.0 9.0 0.0368673 -0.0
2.0 9.0 0.0297363 -0.0
2.0 9.0 0.0226713 -0.0
2.0 9.0 0.0265977 -0.0
2.0 9.0 0.0452933 -0.0
2.0 9.0 0.0411524 -0.0
2.0 9.0 0.0423209 -0.0
2.0 9.0 0.0418142 -0.0
2.0 9.0 0.0279185 -0.0
2.0 9.0 0.024112 -0.0
2.0 9.0 0.0294722 -0.0
2.0 9.0 0.0447669 -0.0
2.0 9.0 0.0320294 -0.0
2.0 9.0 0.0305595 -0.0
2.0 9.0 0.0379793 -0.0
2.0 9.0 0.031532 -0.0
2.0 15.0 0.0231754 -5.19097e-16
2.0 15.0 0.0233176 -5.19097e-16
2.0 15.0 0.0308024 -5.19097e-16
2.0 15.0 0.0400948 -5.19097e-16
2.0 15.0 0.0227542 -5.19097e-16
2.0 15.0 0.0285047 -5.19097e-16
2.0 15.0 0.0287002 -5.19097e-16
2.0 15.0 0.0271584 -5.19097e-16
2.0 15.0 0.0336038 -5.19097e-16
2.0 15.0 0.0253216 -5.19097e-16
2.0 15.0 0.039737 -5.19097e-16
2.0 15.0 0.0196781 -5.19097e-16
2.0 15.0 0.0316041 -5.19097e-16
2.0 15.0 0.0214943 -5.19097e-16
2.0 15.0 0.0337836 -5.19097e-16
2.0 15.0 0.0240206 -5.19097e-16
2.0 15.0 0.0326769 -5.19097e-16
2.0 15.0 0.0273026 -5.19097e-16
2.0 15.0 0.0423571 -5.19097e-16
2.0 15.0 0.0345117 -5.19097e-16
2.0 15.0 0.0233522 -5.19097e-16
2.0 15.0 0.0238711 -5.19097e-16
2.0 15.0 0.0331461 -5.19097e-16
2.0 15.0 0.0333807 -5.19097e-16
2.0 15.0 0.0332275 -5.19097e-16
2.0 15.0 0.0222944 -5.19097e-16
2.0 15.0 0.036518 -5.19097e-16
2.0 15.0 0.0342151 -5.19097e-16
2.0 15.0 0.0332442 -5.19097e-16
2.0 15.0 0.0269105 -5.19097e-16
2.0 15.0 0.0358135 -5.19097e-16
2.0 15.0 0.0238413 -5.19097e-16
2.0 15.0 0.023682 -5.19097e-16
2.0 15.0 0.0292193 -5.19097e-16
2.0 15.0 0.0293654 -5.19097e-16
2.0 15.0 0.0394953 -5.19097e-16
2.0 15.0 0.0306425 -5.19097e-16
2.0 15.0 0.0280493 -5.19097e-16
2.0 15.0 0.0287216 -5.19097e-16
2.0 15.0 0.023444 -5.19097e-16
2.0 15.0 0.0328805 -5.19097e-16
2.0 15.0 0.0271434 -5.19097e-16
2.0 15.0 0.0313775 -5.19097e-16
2.0 15.0 0.0243402 -5.19097e-16
2.0 15.0 0.0344633 -5.19097e-16
2.0 15.0 0.0224185 -5.19097e-16
2.0 15.0 0.0265935 -5.19097e-16
2.0 15.0 0.027601 -5.19097e-16
2.0 15.0 0.0291925 -5.19097e-16
2.0 15.0 0.0304181 -5.19097e-16
2.0 16.0 0.0287801 -5.19097e-16
2.0 16.0 0.0293135 -5.19097e-16
2.0 16.0 0.0286327 -5.19097e-16
2.0 16.0 0.0240768 -5.19097e-16
2.0 16.0 0.0324296 -5.19097e-16
2.0 16.0 0.0249324 -5.19097e-16
2.0 16.0 0.0333276 -5.19097e-16
2.0 16.0 0.0264571 -5.19097e-16
2.0 16.0 0.0250038 -5.19097e-16
2.0 16.0 0.0254651 -5.19097e-16
2.0 16.0 0.033387 -5.19097e-16
2.0 16.0 0.0222256 -5.19097e-16
2.0 16.0 0.0250076 -5.19097e-16
2.0 16.0 0.0328609 -5.19097e-16
2.0 16.0 0.0323783 -5.19097e-16
2.0 16.0 0.0288268 -5.19097e-16
2.0 16.0 0.0256494 -5.19097e-16
2.0 16.0 0.0252241 -5.19097e-16
2.0 16.0 0.0313369 -5.19097e-16
2.0 16.0 0.0320539 -5.19097e-16
2.0 16.0 0.0301719 -5.19097e-16
2.0 16.0 0.0291035 -5.19097e-16
2.0 16.0 0.0266286 -5.19097e-16
2.0 16.0 0.0267907 -5.19097e-16
2.0 16.0 0.0239221 -5.19097e-16
2.0 16.0 0.0296803 -5.19097e-16
2.0 16.0 0.0246589 -5.19097e-16
2.0 16.0 0.0320408 -5.19097e-16
2.0 16.0 0.0305183 -5.19097e-16
2.0 16.0 0.0282549 -5.19097e-16
2.0 16.0 0.025133 -5.19097e-16
2.0 16.0 0.0205448 -5.19097e-16
2.0 16.0 0.0255416 -5.19097e-16
2.0 16.0 0.0315072 -5.19097e-16
2.0 16.0 0.0341957 -5.19097e-16
2.0 16.0 0.0318559 -5.19097e-16
2.0 16.0 0.0307012 -5.19097e-16
2.0 16.0 0.0261828 -5.19097e-16
2.0 16.0 0.0282922 -5.19097e-16
2.0 16.0 0.0285719 -5.19097e-16
2.0 16.0 0.0344975 -5.19097e-16
2.0 16.0 0.0323287 -5.19097e-16
2.0 16.0 0.0312349 -5.19097e-16
2.0 16.0 0.0296672 -5.19097e-16
2.0 16.0 0.0308114 -5.19097e-16
2.0 16.0 0.025325 -5.19097e-16
2.0 16.0 0.0314923 -5.19097e-16
2.0 16.0 0.0278855 -5.19097e-16
2.0 16.0 0.0279945 -5.19097e-16
2.0 16.0 0.0236902 -5.19097e-16
2.0 17.0 0.0324051 -5.98164e-17
2.0 17.0 0.03772 -5.98164e-17
2.0 17.0 0.0314358 -5.98164e-17
2.0 17.0 0.0317789 -5.98164e-17
2.0 17.0 0.0248496 -5.98164e-17
2.0 17.0 0.0298818 -5.98164e-17
2.0 17.0 0.0324978 -5.98164e-17
2.0 17.0 0.0263351 -5.98164e-17
2.0 17.0 0.0380324 -5.98164e-17
2.0 17.0 0.0371388 -5.98164e-17
2.0 17.0 0.0255909 -5.98164e-17
2.0 17.0 0.0271117 -5.98164e-17
2.0 17.0 0.0264853 -5.98164e-17
2.0 17.0 0.0314689 -5.98164e-17
2.0 17.0 0.0359383 -5.98164e-17
2.0 17.0 0.0247941 -5.98164e-17
2.0 17.0 0.0326446 -5.98164e-17
2.0 17.0 0.0254091 -5.98164e-17
2.0 17.0 0.0342746 -5.98164e-17
2.0 17.0 0.0291569 -5.98164e-17
2.0 17.0 0.0364805 -5.98164e-17
2.0 17.0 0.036972 -5.98164e-17
2.0 17.0 0.0374854 -5.98164e-17
2.0 17.0 0.0253163 -5.98164e-17
2.0 17.0 0.0363953 -5.98164e-17
2.0 17.0 0.0260968 -5.98164e-17
2.0 17.0 0.0257144 -5.98164e-17
2.0 17.0 0.0362445 -5.98164e-17
2.0 17.0 0.0301289 -5.98164e-17
2.0 17.0 0.036996 -5.98164e-17
2.0 17.0 0.0266896 -5.98164e-17
2.0 17.0 0.0365589 -5.98164e-17
2.0 17.0 0.0380322 -5.98164e-17
2.0 17.0 0.0371796 -5.98164e-17
2.0 17.0 0.0511204 -5.98164e-17
2.0 17.0 0.035407 -5.98164e-17
2.0 17.0 0.0393772 -5.98164e-17
2.0 17.0 0.0464594 -5.98164e-17
2.0 17.0 0.0305623 -5.98164e-17
2.0 17.0 0.0261906 -5.98164e-17
2.0 17.0 0.0370256 -5.98164e-17
2.0 17.0 0.0254923 -5.98164e-17
2.0 17.0 0.0271795 -5.98164e-17
2.0 17.0 0.03103 -5.98164e-17
2.0 17.0 0.0357092 -5.98164e-17
2.0 17.0 0.0370107 -5.98164e-17
2.0 17.0 0.0386411 -5.98164e-17
2.0 17.0 0.0240235 -5.98164e-17
2.0 17.0 0.0361272 -5.98164e-17
2.0 17.0 0.0250984 -5.98164e-17
2.0 31.0 0.0256644 -4.03196e-16
2.0 31.0 0.0244834 -4.03196e-16
2.0 31.0 0.0181343 -4.03196e-16
2.0 31.0 0.0196132 -4.03196e-16
2.0 31.0 0.0203549 -4.03196e-16
2.0 31.0 0.0259279 -4.03196e-16
2.0 31.0 0.0172633 -4.03196e-16
2.0 31.0 0.0274186 -4.03196e-16
2.0 31.0 0.0258511 -4.03196e-16
2.0 31.0 0.0258868 -4.03196e-16
2.0 31.0 0.0196968 -4.03196e-16
2.0 31.0 0.0249053 -4.03196e-16
2.0 31.0 0.0258768 -4.03196e-16
2.0 31.0 0.0179427 -4.03196e-16
2.0 31.0 0.0214829 -4.03196e-16
2.0 31.0 0.0251921 -4.03196e-16
2.0 31.0 0.0270382 -4.03196e-16
2.0 31.0 0.019301 -4.03196e-16
2.0 31.0 0.025261 -4.03196e-16
2.0 31.0 0.0274333 -4.03196e-16
2.0 31.0 0.0254568 -4.03196e-16
2.0 31.0 0.0251613 -4.03196e-16
2.0 31.0 0.0219068 -4.03196e-16
2.0 31.0 0.0247854 -4.03196e-16
2.0 31.0 0.0227309 -4.03196e-16
2.0 31.0 0.0249074 -4.03196e-16
2.0 31.0 0.0233572 -4.03196e-16
2.0 31.0 0.0208864 -4.03196e-16
2.0 31.0 0.0266859 -4.03196e-16
2.0 31.0 0.0250425 -4.03196e-16
2.0 31.0 0.0270374 -4.03196e-16
2.0 31.0 0.0257635 -4.03196e-16
2.0 31.0 0.0256102 -4.03196e-16
2.0 31.0 0.0270344 -4.03196e-16
2.0 31.0 0.0229694 -4.03196e-16
2.0 31.0 0.017531 -4.03196e-16
2.0 31.0 0.0260886 -4.03196e-16
2.0 31.0 0.0218818 -4.03196e-16
2.0 31.0 0.0284419 -4.03196e-16
2.0 31.0 0.0203871 -4.03196e-16
2.0 31.0 0.0179948 -4.03196e-16
2.0 31.0 0.0173467 -4.03196e-16
2.0 31.0 0.0240892 -4.03196e-16
2.0 31.0 0.0256172 -4.03196e-16
2.0 31.0 0.0260076 -4.03196e-16
2.0 31.0 0.0249785 -4.03196e-16
2.0 31.0 0.0178581 -4.03196e-16
2.0 31.0 0.0259197 -4.03196e-16
2.0 31.0 0.0231542 -4.03196e-16
2.0 31.0 17.287 -4.03196e-16
2.0 32.0 0.018594 -4.03196e-16
2.0 32.0 0.0251943 -4.03196e-16
2.0 32.0 0.0229949 -4.03196e-16
2.0 32.0 0.0178426 -4.03196e-16
2.0 32.0 0.0242261 -4.03196e-16
2.0 32.0 0.0220359 -4.03196e-16
2.0 32.0 0.0262941 -4.03196e-16
2.0 32.0 0.025253 -4.03196e-16
2.0 32.0 0.022494 -4.03196e-16
2.0 32.0 0.0277543 -4.03196e-16
2.0 32.0 0.0187875 -4.03196e-16
2.0 32.0 0.0258293 -4.03196e-16
2.0 32.0 0.0216152 -4.03196e-16
2.0 32.0 0.020863 -4.03196e-16
2.0 32.0 0.0201262 -4.03196e-16
2.0 32.0 0.0226609 -4.03196e-16
2.0 32.0 0.0276978 -4.03196e-16
2.0 32.0 0.0198607 -4.03196e-16
2.0 32.0 0.0232406 -4.03196e-16
2.0 32.0 0.0197511 -4.03196e-16
2.0 32.0 0.0249437 -4.03196e-16
2.0 32.0 0.025272 -4.03196e-16
2.0 32.0 0.0263048 -4.03196e-16
2.0 32.0 0.0210997 -4.03196e-16
2.0 32.0 0.025088 -4.03196e-16
2.0 32.0 0.0268108 -4.03196e-16
2.0 32.0 0.0262659 -4.03196e-16
2.0 32.0 0.025488 -4.03196e-16
2.0 32.0 0.0249132 -4.03196e-16
2.0 32.0 0.0232851 -4.03196e-16
2.0 32.0 0.0240208 -4.03196e-16
2.0 32.0 0.0184378 -4.03196e-16
2.0 32.0 0.0279153 -4.03196e-16
2.0 32.0 0.0258707 -4.03196e-16
2.0 32.0 0.0250473 -4.03196e-16
2.0 32.0 0.0262435 -4.03196e-16
2.0 32.0 0.0259794 -4.03196e-16
2.0 32.0 0.0248649 -4.03196e-16
2.0 32.0 0.0262295 -4.03196e-16
2.0 32.0 0.0250781 -4.03196e-16
2.0 32.0 0.0246037 -4.03196e-16
2.0 32.0 0.0199997 -4.03196e-16
2.0 32.0 0.0260999 -4.03196e-16
2.0 32.0 0.0240011 -4.03196e-16
2.0 32.0 0.0265502 -4.03196e-16
2.0 32.0 0.025423 -4.03196e-16
2.0 32.0 0.0269482 -4.03196e-16
2.0 32.0 0.0192014 -4.03196e-16
2.0 32.0 0.0249078 -4.03196e-16
2.0 32.0 0.0270526 -4.03196e-16
2.0 33.0 0.0252843 -4.03196e-16
2.0 33.0 0.023655 -4.03196e-16
2.0 33.0 0.0239807 -4.03196e-16
2.0 33.0 0.0272525 -4.03196e-16
2.0 33.0 0.0240245 -4.03196e-16
2.0 33.0 0.0247617 -4.03196e-16
2.0 33.0 0.0243757 -4.03196e-16
2.0 33.0 0.0278285 -4.03196e-16
2.0 33.0 0.0253721 -4.03196e-16
2.0 33.0 0.0163766 -4.03196e-16
2.0 33.0 0.0259652 -4.03196e-16
2.0 33.0 0.0252815 -4.03196e-16
2.0 33.0 0.0226717 -4.03196e-16
2.0 33.0 0.0185579 -4.03196e-16
2.0 33.0 0.0247894 -4.03196e-16
2.0 33.0 0.0221988 -4.03196e-16
2.0 33.0 0.0201332 -4.03196e-16
2.0 33.0 0.0258507 -4.03196e-16
2.0 33.0 0.0247938 -4.03196e-16
2.0 33.0 0.0267558 -4.03196e-16
2.0 33.0 0.0206508 -4.03196e-16
2.0 33.0 0.0176341 -4.03196e-16
2.0 33.0 0.0190785 -4.03196e-16
2.0 33.0 0.025803 -4.03196e-16
2.0 33.0 0.0255681 -4.03196e-16
2.0 33.0 0.0209546 -4.03196e-16
2.0 33.0 0.0251108 -4.03196e-16
2.0 33.0 0.0195844 -4.03196e-16
2.0 33.0 0.0287587 -4.03196e-16
2.0 33.0 0.0263817 -4.03196e-16
2.0 33.0 0.0189779 -4.03196e-16
2.0 33.0 0.0257647 -4.03196e-16
2.0 33.0 0.0243382 -4.03196e-16
2.0 33.0 0.0280078 -4.03196e-16
2.0 33.0 0.0224936 -4.03196e-16
2.0 33.0 0.0253449 -4.03196e-16
2.0 33.0 0.0223288 -4.03196e-16
2.0 33.0 0.0256422 -4.03196e-16
2.0 33.0 0.027453 -4.03196e-16
2.0 33.0 0.0270933 -4.03196e-16
2.0 33.0 0.0265938 -4.03196e-16
2.0 33.0 0.0254983 -4.03196e-16
2.0 33.0 0.0243106 -4.03196e-16
2.0 33.0 0.0223199 -4.03196e-16
2.0 33.0 0.0225322 -4.03196e-16
2.0 33.0 0.0235402 -4.03196e-16
2.0 33.0 0.0247267 -4.03196e-16
2.0 33.0 0.0271371 -4.03196e-16
2.0 33.0 0.0191516 -4.03196e-16
2.0 33.0 0.0272338 -4.03196e-16
3.0 3.0 0.0815093 211.426
3.0 3.0 0.10777 211.426
3.0 3.0 0.0844393 211.426
3.0 3.0 0.0813001 211.426
3.0 3.0 0.0682154 211.426
3.0 3.0 0.0803587 211.426
3.0 3.0 0.0826045 211.426
3.0 3.0 0.0989048 211.426
3.0 3.0 0.0773413 211.426
3.0 3.0 0.0976448 211.426
3.0 3.0 0.089442 211.426
3.0 3.0 0.0718547 211.426
3.0 3.0 0.0673338 211.426
3.0 3.0 0.099273 211.426
3.0 3.0 0.0831344 211.426
3.0 3.0 0.0760431 211.426
3.0 3.0 0.0824846 211.426
3.0 3.0 0.0791755 211.426
3.0 3.0 0.0833293 211.426
3.0 3.0 0.100054 211.426
3.0 3.0 0.0890293 211.426
3.0 3.0 0.0989736 211.426
3.0 3.0 0.103681 211.426
3.0 3.0 0.0782757 211.426
3.0 3.0 0.0668923 211.426
3.0 3.0 0.0937355 211.426
3.0 3.0 0.0679091 211.426
3.0 3.0 0.0994838 211.426
3.0 3.0 0.0769753 211.426
3.0 3.0 0.0995953 211.426
3.0 3.0 0.0799282 211.426
3.0 3.0 0.0982035 211.426
3.0 3.0 0.0838234 211.426
3.0 3.0 0.0772601 211.426
3.0 3.0 0.100146 211.426
3.0 3.0 0.0849449 211.426
3.0 3.0 0.104721 211.426
3.0 3.0 0.0834885 211.426
3.0 3.0 0.0796122 211.426
3.0 3.0 0.0798094 211.426
3.0 3.0 0.0832129 211.426
3.0 3.0 0.10848 211.426
3.0 3.0 0.0785435 211.426
3.0 3.0 0.0853386 211.426
3.0 3.0 0.104679 211.426
3.0 3.0 0.0805073 211.426
3.0 3.0 0.0930205 211.426
3.0 3.0 0.11066 211.426
3.0 3.0 0.0672888 211.426
3.0 3.0 0.0986765 211.426
3.0 4.0 0.0626572 211.426
3.0 4.0 0.0610102 211.426
3.0 4.0 0.0611829 211.426
3.0 4.0 0.0601892 211.426
3.0 4.0 0.062342 211.426
3.0 4.0 0.058349 211.426
3.0 4.0 0.0569101 211.426
3.0 4.0 0.052599 211.426
3.0 4.0 0.062427 211.426
3.0 4.0 0.0535364 211.426
3.0 4.0 0.0543991 211.426
3.0 4.0 0.0526157 211.426
3.0 4.0 0.0588283 211.426
3.0 4.0 0.0596115 211.426
3.0 4.0 0.058928 211.426
3.0 4.0 0.0616445 211.426
3.0 4.0 0.0608198 211.426
3.0 4.0 0.0554088 211.426
3.0 4.0 0.0626524 211.426
3.0 4.0 0.0565656 211.426
3.0 4.0 0.0627151 211.426
3.0 4.0 0.058456 211.426
3.0 4.0 0.0562225 211.426
3.0 4.0 0.0628863 211.426
3.0 4.0 0.0604751 211.426
3.0 4.0 0.0600378 211.426
3.0 4.0 0.0513664 211.426
3.0 4.0 0.0627084 211.426
3.0 4.0 0.056737 211.426
3.0 4.0 0.053308 211.426
3.0 4.0 0.0604711 211.426
3.0 4.0 0.0580671 211.426
3.0 4.0 0.0621349 211.426
3.0 4.0 0.0624208 211.426
3.0 4.0 0.0628401 211.426
3.0 4.0 0.0537467 211.426
3.0 4.0 0.0542391 211.426
3.0 4.0 0.0607001 211.426
3.0 4.0 0.0581888 211.426
3.0 4.0 0.0605184 211.426
3.0 4.0 0.0578571 211.426
3.0 4.0 0.056298 211.426
3.0 4.0 0.0624907 211.426
3.0 4.0 0.0553368 211.426
3.0 4.0 0.0591348 211.426
3.0 4.0 0.0590102 211.426
3.0 4.0 0.058876 211.426
3.0 4.0 0.0667665 211.426
3.0 4.0 0.0609122 211.426
3.0 4.0 0.0626221 211.426
3.0 5.0 0.0546128 211.426
3.0 5.0 0.0682547 211.426
3.0 5.0 0.0426225 211.426
3.0 5.0 0.0479842 211.426
3.0 5.0 0.040333 211.426
3.0 5.0 0.0435795 211.426
3.0 5.0 0.0437343 211.426
3.0 5.0 0.0678219 211.426
3.0 5.0 0.0473247 211.426
3.0 5.0 0.0720609 211.426
3.0 5.0 0.0461965 211.426
3.0 5.0 0.0417262 211.426
3.0 5.0 0.0489197 211.426
3.0 5.0 0.0504259 211.426
3.0 5.0 0.041653 211.426
3.0 5.0 0.042911 211.426
3.0 5.0 0.0453206 211.426
3.0 5.0 0.0430454 211.426
3.0 5.0 0.0561726 211.426
3.0 5.0 0.0431792 211.426
3.0 5.0 0.0673905 211.426
3.0 5.0 0.0486682 211.426
3.0 5.0 0.0461059 211.426
3.0 5.0 0.0515236 211.426
3.0 5.0 0.0503267 211.426
3.0 5.0 0.0465121 211.426
3.0 5.0 0.0498679 211.426
3.0 5.0 0.0442309 211.426
3.0 5.0 0.0440135 211.426
3.0 5.0 0.0454309 211.426
3.0 5.0 0.0442745 211.426
3.0 5.0 0.055112 211.426
3.0 5.0 0.0463788 211.426
3.0 5.0 0.0553401 211.426
3.0 5.0 0.0605504 211.426
3.0 5.0 0.068085 211.426
3.0 5.0 0.0442875 211.426
3.0 5.0 0.0437323 211.426
3.0 5.0 0.0462475 211.426
3.0 5.0 0.0444549 211.426
3.0 5.0 0.0434747 211.426
3.0 5.0 0.0426265 211.426
3.0 5.0 0.0432124 211.426
3.0 5.0 0.0586693 211.426
3.0 5.0 0.0425226 211.426
3.0 5.0 0.0446241 211.426
3.0 5.0 0.0408858 211.426
3.0 5.0 0.0449154 211.426
3.0 5.0 0.0464823 211.426
3.0 5.0 0.0464823 211.426
3.0 7.0 0.0450325 211.426
3.0 7.0 0.0322834 211.426
3.0 7.0 0.0316297 211.426
3.0 7.0 0.0327146 211.426
3.0 7.0 0.033319 211.426
3.0 7.0 0.0426321 211.426
3.0 7.0 0.0338642 211.426
3.0 7.0 0.0341823 211.426
3.0 7.0 0.0447844 211.426
3.0 7.0 0.0340148 211.426
3.0 7.0 0.0418764 211.426
3.0 7.0 0.035076 211.426
3.0 7.0 0.0359173 211.426
3.0 7.0 0.0304699 211.426
3.0 7.0 0.0417263 211.426
3.0 7.0 0.0484264 211.426
3.0 7.0 0.0331115 211.426
3.0 7.0 0.0334959 211.426
3.0 7.0 0.0325531 211.426
3.0 7.0 0.0370432 211.426
3.0 7.0 0.0436465 211.426
3.0 7.0 0.0336409 211.426
3.0 7.0 0.0426951 211.426
3.0 7.0 0.0423157 211.426
3.0 7.0 0.0380383 211.426
3.0 7.0 0.0338349 211.426
3.0 7.0 0.0340418 211.426
3.0 7.0 0.0411768 211.426
3.0 7.0 0.032839 211.426
3.0 7.0 0.0349585 211.426
3.0 7.0 0.0336266 211.426
3.0 7.0 0.0434909 211.426
3.0 7.0 0.0321274 211.426
3.0 7.0 0.0383267 211.426
3.0 7.0 0.0425082 211.426
3.0 7.0 0.0443147 211.426
3.0 7.0 0.0446843 211.426
3.0 7.0 0.0390373 211.426
3.0 7.0 0.0334362 211.426
3.0 7.0 0.0326165 211.426
3.0 7.0 0.039511 211.426
3.0 7.0 0.0452234 211.426
3.0 7.0 0.0355668 211.426
3.0 7.0 0.0369919 211.426
3.0 7.0 0.0340217 211.426
3.0 7.0 0.0339736 211.426
3.0 7.0 0.0331445 211.426
3.0 7.0 0.0302998 211.426
3.0 7.0 0.0457035 211.426
3.0 7.0 0.0504667 211.426
3.0 8.0 0.0351114 211.406
3.0 8.0 0.0296264 211.406
3.0 8.0 0.0319189 211.406
3.0 8.0 0.0460944 211.406
3.0 8.0 0.0465197 211.406
3.0 8.0 0.0281998 211.406
3.0 8.0 0.0461426 211.406
3.0 8.0 0.0305372 211.406
3.0 8.0 0.0303328 211.406
3.0 8.0 0.0452201 211.406
3.0 8.0 0.032444 211.406
3.0 8.0 0.0325739 211.406
3.0 8.0 0.0324038 211.406
3.0 8.0 0.0434223 211.406
3.0 8.0 0.0284833 211.406
3.0 8.0 0.0316458 211.406
3.0 8.0 0.0458112 211.406
3.0 8.0 0.0295349 211.406
3.0 8.0 0.0337505 211.406
3.0 8.0 0.0292973 211.406
3.0 8.0 0.0426979 211.406
3.0 8.0 0.0458159 211.406
3.0 8.0 0.0294494 211.406
3.0 8.0 0.0342443 211.406
3.0 8.0 0.0434447 211.406
3.0 8.0 0.02863 211.406
3.0 8.0 0.0276928 211.406
3.0 8.0 0.0282297 211.406
3.0 8.0 0.0460499 211.406
3.0 8.0 0.031435 211.406
3.0 8.0 0.0295172 211.406
3.0 8.0 0.0274772 211.406
3.0 8.0 0.0296118 211.406
3.0 8.0 0.0460109 211.406
3.0 8.0 0.0317583 211.406
3.0 8.0 0.0288668 211.406
3.0 8.0 0.0458212 211.406
3.0 8.0 0.0321801 211.406
3.0 8.0 0.0361276 211.406
3.0 8.0 0.0334794 211.406
3.0 8.0 0.0344177 211.406
3.0 8.0 0.0337815 211.406
3.0 8.0 0.045876 211.406
3.0 8.0 0.0336916 211.406
3.0 8.0 0.03263 211.406
3.0 8.0 0.0342941 211.406
3.0 8.0 0.032576 211.406
3.0 8.0 0.045624 211.406
3.0 8.0 0.0430632 211.406
3.0 8.0 0.0321802 211.406
3.0 9.0 0.0240645 211.426
3.0 9.0 0.0287175 211.426
3.0 9.0 0.0283337 211.426
3.0 9.0 0.0358627 211.426
3.0 9.0 0.0339909 211.426
3.0 9.0 0.0263522 211.426
3.0 9.0 0.0289719 211.426
3.0 9.0 0.0402283 211.426
3.0 9.0 0.0301018 211.426
3.0 9.0 0.0396859 211.426
3.0 9.0 0.038316 211.426
3.0 9.0 0.0315788 211.426
3.0 9.0 0.0376872 211.426
3.0 9.0 0.0309978 211.426
3.0 9.0 0.0354456 211.426
3.0 9.0 0.0257948 211.426
3.0 9.0 0.0273633 211.426
3.0 9.0 0.0318925 211.426
3.0 9.0 0.0464159 211.426
3.0 9.0 0.0290372 211.426
3.0 9.0 0.0379197 211.426
3.0 9.0 0.026951 211.426
3.0 9.0 0.0387517 211.426
3.0 9.0 0.0360597 211.426
3.0 9.0 0.0325934 211.426
3.0 9.0 0.025217 211.426
3.0 9.0 0.0303925 211.426
3.0 9.0 0.0301292 211.426
3.0 9.0 0.0312999 211.426
3.0 9.0 0.0394781 211.426
3.0 9.0 0.0371462 211.426
3.0 9.0 0.0299028 211.426
3.0 9.0 0.0392748 211.426
3.0 9.0 0.0376327 211.426
3.0 9.0 0.0281834 211.426
3.0 9.0 0.0402848 211.426
3.0 9.0 0.0289885 211.426
3.0 9.0 0.0274791 211.426
3.0 9.0 0.0422319 211.426
3.0 9.0 0.0302418 211.426
3.0 9.0 0.0280136 211.426
3.0 9.0 0.0362228 211.426
3.0 9.0 0.0320808 211.426
3.0 9.0 0.0390594 211.426
3.0 9.0 0.0396702 211.426
3.0 9.0 0.0396848 211.426
3.0 9.0 0.0371553 211.426
3.0 9.0 0.0299514 211.426
3.0 9.0 0.030216 211.426
3.0 9.0 0.0312414 211.426
3.0 15.0 0.0294594 211.422
3.0 15.0 0.0283343 211.422
3.0 15.0 0.0254411 211.422
3.0 15.0 0.0197725 211.422
3.0 15.0 0.0223984 211.422
3.0 15.0 0.0313783 211.422
3.0 15.0 0.0179886 211.422
3.0 15.0 0.0313681 211.422
3.0 15.0 0.0236518 211.422
3.0 15.0 0.0270281 211.422
3.0 15.0 0.0225337 211.422
3.0 15.0 0.0189146 211.422
3.0 15.0 0.0216881 211.422
3.0 15.0 0.0253707 211.422
3.0 15.0 0.0265438 211.422
3.0 15.0 0.0275914 211.422
3.0 15.0 0.0163271 211.422
3.0 15.0 0.0332418 211.422
3.0 15.0 0.0352049 211.422
3.0 15.0 0.0251334 211.422
3.0 15.0 0.0289365 211.422
3.0 15.0 0.0182262 211.422
3.0 15.0 0.0236226 211.422
3.0 15.0 0.0255598 211.422
3.0 15.0 0.0276655 211.422
3.0 15.0 0.0319278 211.422
3.0 15.0 0.0175501 211.422
3.0 15.0 0.0196655 211.422
3.0 15.0 0.0207984 211.422
3.0 15.0 0.0194157 211.422
3.0 15.0 0.0251638 211.422
3.0 15.0 0.0171932 211.422
3.0 15.0 0.0173468 211.422
3.0 15.0 0.0239069 211.422
3.0 15.0 0.0302621 211.422
3.0 15.0 0.0256264 211.422
3.0 15.0 0.0268172 211.422
3.0 15.0 0.0190314 211.422
3.0 15.0 0.0321352 211.422
3.0 15.0 0.0330716 211.422
3.0 15.0 0.0198985 211.422
3.0 15.0 0.026703 211.422
3.0 15.0 0.0326132 211.422
3.0 15.0 0.0317454 211.422
3.0 15.0 0.0159598 211.422
3.0 15.0 0.0279175 211.422
3.0 15.0 0.0266551 211.422
3.0 15.0 0.0163753 211.422
3.0 15.0 0.0156425 211.422
3.0 15.0 0.0159059 211.422
3.0 16.0 0.0253387 211.422
3.0 16.0 0.0190008 211.422
3.0 16.0 0.0206174 211.422
3.0 16.0 0.0189612 211.422
3.0 16.0 0.0192166 211.422
3.0 16.0 0.016245 211.422
3.0 16.0 0.0172511 211.422
3.0 16.0 0.0167917 211.422
3.0 16.0 0.0247922 211.422
3.0 16.0 0.0245702 211.422
3.0 16.0 0.0288418 211.422
3.0 16.0 0.0238509 211.422
3.0 16.0 0.0260568 211.422
3.0 16.0 0.0281945 211.422
3.0 16.0 0.0157091 211.422
3.0 16.0 0.0156285 211.422
3.0 16.0 0.0194033 211.422
3.0 16.0 0.0339221 211.422
3.0 16.0 0.0238395 211.422
3.0 16.0 0.0218513 211.422
3.0 16.0 0.0182719 211.422
3.0 16.0 0.0132614 211.422
3.0 16.0 0.0255765 211.422
3.0 16.0 0.0179686 211.422
3.0 16.0 0.027738 211.422
3.0 16.0 0.0199746 211.422
3.0 16.0 0.0186024 211.422
3.0 16.0 0.0164958 211.422
3.0 16.0 0.016305 211.422
3.0 16.0 0.0183181 211.422
3.0 16.0 0.0306736 211.422
3.0 16.0 0.0177553 211.422
3.0 16.0 0.0144713 211.422
3.0 16.0 0.0244853 211.422
3.0 16.0 0.0295587 211.422
3.0 16.0 0.01609 211.422
3.0 16.0 0.0164184 211.422
3.0 16.0 0.0236193 211.422
3.0 16.0 0.0168308 211.422
3.0 16.0 0.0294263 211.422
3.0 16.0 0.0224585 211.422
3.0 16.0 0.0185874 211.422
3.0 16.0 0.0295638 211.422
3.0 16.0 0.032374 211.422
3.0 16.0 0.030595 211.422
3.0 16.0 0.0285963 211.422
3.0 16.0 0.0194454 211.422
3.0 16.0 0.0293458 211.422
3.0 16.0 0.0218466 211.422
3.0 16.0 0.0171059 211.422
3.0 17.0 0.0180577 211.385
3.0 17.0 0.0184626 211.385
3.0 17.0 0.018086 211.385
3.0 17.0 0.0145569 211.385
3.0 17.0 0.0129305 211.385
3.0 17.0 0.0158005 211.385
3.0 17.0 0.0128241 211.385
3.0 17.0 0.0172729 211.385
3.0 17.0 0.0164822 211.385
3.0 17.0 0.0173688 211.385
3.0 17.0 0.0175569 211.385
3.0 17.0 0.0181043 211.385
3.0 17.0 0.0185319 211.385
3.0 17.0 0.0161622 211.385
3.0 17.0 0.0158755 211.385
3.0 17.0 0.0149769 211.385
3.0 17.0 0.0165149 211.385
3.0 17.0 0.0169521 211.385
3.0 17.0 0.0172747 211.385
3.0 17.0 0.0151884 211.385
3.0 17.0 0.0181496 211.385
3.0 17.0 0.0138251 211.385
3.0 17.0 0.0161847 211.385
3.0 17.0 0.0175342 211.385
3.0 17.0 0.0170807 211.385
3.0 17.0 0.0180598 211.385
3.0 17.0 0.0188405 211.385
3.0 17.0 0.0161543 211.385
3.0 17.0 0.0191913 211.385
3.0 17.0 0.0174021 211.385
3.0 17.0 0.0165543 211.385
3.0 17.0 0.0139534 211.385
3.0 17.0 0.0168518 211.385
3.0 17.0 0.0180469 211.385
3.0 17.0 0.015621 211.385
3.0 17.0 0.0146378 211.385
3.0 17.0 0.0173633 211.385
3.0 17.0 0.0170431 211.385
3.0 17.0 0.0142351 211.385
3.0 17.0 0.0155369 211.385
3.0 17.0 0.016711 211.385
3.0 17.0 0.0184942 211.385
3.0 17.0 0.0187534 211.385
3.0 17.0 0.0179074 211.385
3.0 17.0 0.0150334 211.385
3.0 17.0 0.0145145 211.385
3.0 17.0 0.017299 211.385
3.0 17.0 0.0176185 211.385
3.0 17.0 0.0243686 211.385
3.0 17.0 0.0161049 211.385
3.0 31.0 0.0127522 211.098
3.0 31.0 0.0127601 211.098
3.0 31.0 0.0126314 211.098
3.0 31.0 0.0138395 211.098
3.0 31.0 0.0151389 211.098
3.0 31.0 0.0109647 211.098
3.0 31.0 0.0135075 211.098
3.0 31.0 0.0120008 211.098
3.0 31.0 0.00981915 211.098
3.0 31.0 0.0141505 211.098
3.0 31.0 0.0125761 211.098
3.0 31.0 0.0131854 211.098
3.0 31.0 0.0136701 211.098
3.0 31.0 0.0151695 211.098
3.0 31.0 0.0125623 211.098
3.0 31.0 0.0141244 211.098
3.0 31.0 0.0144858 211.098
3.0 31.0 0.0129459 211.098
3.0 31.0 0.014813 211.098
3.0 31.0 0.0106762 211.098
3.0 31.0 0.0129342 211.098
3.0 31.0 0.0109971 211.098
3.0 31.0 0.0145047 211.098
3.0 31.0 0.0127015 211.098
3.0 31.0 0.0130151 211.098
3.0 31.0 0.0122734 211.098
3.0 31.0 0.0126024 211.098
3.0 31.0 0.0106129 211.098
3.0 31.0 0.0120512 211.098
3.0 31.0 0.0120711 211.098
3.0 31.0 0.0131021 211.098
3.0 31.0 0.0134647 211.098
3.0 31.0 0.0119373 211.098
3.0 31.0 0.0122356 211.098
3.0 31.0 0.0130382 211.098
3.0 31.0 0.0131471 211.098
3.0 31.0 0.0104431 211.098
3.0 31.0 0.0118828 211.098
3.0 31.0 0.0136539 211.098
3.0 31.0 0.0143133 211.098
3.0 31.0 0.0129174 211.098
3.0 31.0 0.0145393 211.098
3.0 31.0 0.0114339 211.098
3.0 31.0 0.012272 211.098
3.0 31.0 0.0130344 211.098
3.0 31.0 0.0123836 211.098
3.0 31.0 0.0126409 211.098
3.0 31.0 0.0128101 211.098
3.0 31.0 0.0129937 211.098
3.0 31.0 0.013193 211.098
3.0 32.0 0.0124069 211.098
3.0 32.0 0.0155244 211.098
3.0 32.0 0.0125671 211.098
3.0 32.0 0.0151819 211.098
3.0 32.0 0.0131977 211.098
3.0 32.0 0.0129785 211.098
3.0 32.0 0.0121297 211.098
3.0 32.0 0.0139973 211.098
3.0 32.0 0.0112284 211.098
3.0 32.0 0.0121488 211.098
3.0 32.0 0.0139231 211.098
3.0 32.0 0.0130787 211.098
3.0 32.0 0.01354 211.098
3.0 32.0 0.0137006 211.098
3.0 32.0 0.0126706 211.098
3.0 32.0 0.013067 211.098
3.0 32.0 0.0102961 211.098
3.0 32.0 0.0116714 211.098
3.0 32.0 0.0126902 211.098
3.0 32.0 0.0142017 211.098
3.0 32.0 0.0147403 211.098
3.0 32.0 0.0125854 211.098
3.0 32.0 0.0110193 211.098
3.0 32.0 0.0132981 211.098
3.0 32.0 0.0134935 211.098
3.0 32.0 0.0134547 211.098
3.0 32.0 0.0120496 211.098
3.0 32.0 0.0155888 211.098
3.0 32.0 0.0132756 211.098
3.0 32.0 0.012639 211.098
3.0 32.0 0.0136418 211.098
3.0 32.0 0.0125259 211.098
3.0 32.0 0.0133441 211.098
3.0 32.0 0.0135693 211.098
3.0 32.0 0.01286 211.098
3.0 32.0 0.0111399 211.098
3.0 32.0 0.0123894 211.098
3.0 32.0 0.0114468 211.098
3.0 32.0 0.0145374 211.098
3.0 32.0 0.0114246 211.098
3.0 32.0 0.0144973 211.098
3.0 32.0 0.0116963 211.098
3.0 32.0 0.0114087 211.098
3.0 32.0 0.0135104 211.098
3.0 32.0 0.0140663 211.098
3.0 32.0 0.0110777 211.098
3.0 32.0 0.0113861 211.098
3.0 32.0 0.0145497 211.098
3.0 32.0 0.0133244 211.098
3.0 32.0 0.0120823 211.098
3.0 33.0 0.0106043 211.098
3.0 33.0 0.0150542 211.098
3.0 33.0 0.0122672 211.098
3.0 33.0 0.0108635 211.098
3.0 33.0 0.0125063 211.098
3.0 33.0 0.0127436 211.098
3.0 33.0 0.0120955 211.098
3.0 33.0 0.0132907 211.098
3.0 33.0 0.0121096 211.098
3.0 33.0 0.0151365 211.098
3.0 33.0 0.0113063 211.098
3.0 33.0 0.0135234 211.098
3.0 33.0 0.012581 211.098
3.0 33.0 0.0132771 211.098
3.0 33.0 0.0141092 211.098
3.0 33.0 0.0150202 211.098
3.0 33.0 0.0130523 211.098
3.0 33.0 0.0116614 211.098
3.0 33.0 0.013828 211.098
3.0 33.0 0.0123359 211.098
3.0 33.0 0.0115102 211.098
3.0 33.0 0.011618 211.098
3.0 33.0 0.014628 211.098
3.0 33.0 0.0131169 211.098
3.0 33.0 0.0129097 211.098
3.0 33.0 0.0129805 211.098
3.0 33.0 0.0125777 211.098
3.0 33.0 0.0126159 211.098
3.0 33.0 0.0130111 211.098
3.0 33.0 0.0130079 211.098
3.0 33.0 0.0123082 211.098
3.0 33.0 0.0154178 211.098
3.0 33.0 0.0116354 211.098
3.0 33.0 0.0141779 211.098
3.0 33.0 0.014643 211.098
3.0 33.0 0.0131611 211.098
3.0 33.0 0.0113107 211.098
3.0 33.0 0.0118718 211.098
3.0 33.0 0.0145552 211.098
3.0 33.0 0.0108695 211.098
3.0 33.0 0.0110685 211.098
3.0 33.0 0.0137313 211.098
3.0 33.0 0.010466 211.098
3.0 33.0 0.0129994 211.098
3.0 33.0 0.0153127 211.098
3.0 33.0 0.012638 211.098
3.0 33.0 0.0125278 211.098
3.0 33.0 0.0129391 211.098
3.0 33.0 0.0119868 211.098
3.0 33.0 0.0129901 211.098
4.0 3.0 0.0716722 9.99273
4.0 3.0 0.0883875 9.99273
4.0 3.0 0.0715289 9.99273
4.0 3.0 0.0734397 9.99273
4.0 3.0 0.0706355 9.99273
4.0 3.0 0.071701 9.99273
4.0 3.0 0.0887093 9.99273
4.0 3.0 0.0735353 9.99273
4.0 3.0 0.0692248 9.99273
4.0 3.0 0.0702095 9.99273
4.0 3.0 0.0735174 9.99273
4.0 3.0 0.0696507 9.99273
4.0 3.0 0.0583291 9.99273
4.0 3.0 0.0686296 9.99273
4.0 3.0 0.0945927 9.99273
4.0 3.0 0.0707272 9.99273
4.0 3.0 0.0688586 9.99273
4.0 3.0 0.0675992 9.99273
4.0 3.0 0.100616 9.99273
4.0 3.0 0.0686866 9.99273
4.0 3.0 0.0729964 9.99273
4.0 3.0 0.067614 9.99273
4.0 3.0 0.0882424 9.99273
4.0 3.0 0.0883063 9.99273
4.0 3.0 0.070372 9.99273
4.0 3.0 0.0681751 9.99273
4.0 3.0 0.0737941 9.99273
4.0 3.0 0.088778 9.99273
4.0 3.0 0.0883563 9.99273
4.0 3.0 0.0692819 9.99273
4.0 3.0 0.0876789 9.99273
4.0 3.0 0.0757303 9.99273
4.0 3.0 0.0646649 9.99273
4.0 3.0 0.0733544 9.99273
4.0 3.0 0.0887902 9.99273
4.0 3.0 0.0939408 9.99273
4.0 3.0 0.0961346 9.99273
4.0 3.0 0.0748945 9.99273
4.0 3.0 0.0698027 9.99273
4.0 3.0 0.0719014 9.99273
4.0 3.0 0.0709741 9.99273
4.0 3.0 0.0785091 9.99273
4.0 3.0 0.070668 9.99273
4.0 3.0 0.079308 9.99273
4.0 3.0 0.0680303 9.99273
4.0 3.0 0.0701935 9.99273
4.0 3.0 0.0666855 9.99273
4.0 3.0 0.0931793 9.99273
4.0 3.0 0.0706112 9.99273
4.0 3.0 0.0712032 9.99273
4.0 4.0 0.054462 9.99778
4.0 4.0 0.0552777 9.99778
4.0 4.0 0.0494212 9.99778
4.0 4.0 0.0531424 9.99778
4.0 4.0 0.0539662 9.99778
4.0 4.0 0.057024 9.99778
4.0 4.0 0.0485652 9.99778
4.0 4.0 0.0526472 9.99778
4.0 4.0 0.0525424 9.99778
4.0 4.0 0.0565816 9.99778
4.0 4.0 0.0544209 9.99778
4.0 4.0 0.0519838 9.99778
4.0 4.0 0.0640315 9.99778
4.0 4.0 0.0535382 9.99778
4.0 4.0 0.0550719 9.99778
4.0 4.0 0.053163 9.99778
4.0 4.0 0.0534822 9.99778
4.0 4.0 0.056415 9.99778
4.0 4.0 0.0538803 9.99778
4.0 4.0 0.0555086 9.99778
4.0 4.0 0.0542009 9.99778
4.0 4.0 0.0535624 9.99778
4.0 4.0 0.0543762 9.99778
4.0 4.0 0.0572545 9.99778
4.0 4.0 0.0564767 9.99778
4.0 4.0 0.0532818 9.99778
4.0 4.0 0.05117 9.99778
4.0 4.0 0.0561559 9.99778
4.0 4.0 0.0574291 9.99778
4.0 4.0 0.0559416 9.99778
4.0 4.0 0.0488376 9.99778
4.0 4.0 0.0535569 9.99778
4.0 4.0 0.0560985 9.99778
4.0 4.0 0.0551924 9.99778
4.0 4.0 0.0488147 9.99778
4.0 4.0 0.0514247 9.99778
4.0 4.0 0.0505444 9.99778
4.0 4.0 0.0503759 9.99778
4.0 4.0 0.0604122 9.99778
4.0 4.0 0.0549176 9.99778
4.0 4.0 0.0584114 9.99778
4.0 4.0 0.052451 9.99778
4.0 4.0 0.0524575 9.99778
4.0 4.0 0.0569206 9.99778
4.0 4.0 0.056635 9.99778
4.0 4.0 0.0578562 9.99778
4.0 4.0 0.0545694 9.99778
4.0 4.0 0.0585625 9.99778
4.0 4.0 0.050517 9.99778
4.0 4.0 0.0492329 9.99778
4.0 5.0 0.0388867 9.99755
4.0 5.0 0.0377279 9.99755
4.0 5.0 0.034748 9.99755
4.0 5.0 0.0411403 9.99755
4.0 5.0 0.0400392 9.99755
4.0 5.0 0.0405637 9.99755
4.0 5.0 0.0393669 9.99755
4.0 5.0 0.0381701 9.99755
4.0 5.0 0.0411292 9.99755
4.0 5.0 0.0382323 9.99755
4.0 5.0 0.0407781 9.99755
4.0 5.0 0.0407582 9.99755
4.0 5.0 0.0418789 9.99755
4.0 5.0 0.0402459 9.99755
4.0 5.0 0.0394142 9.99755
4.0 5.0 0.0637584 9.99755
4.0 5.0 0.0401823 9.99755
4.0 5.0 0.0422681 9.99755
4.0 5.0 0.0390189 9.99755
4.0 5.0 0.064007 9.99755
4.0 5.0 0.0680977 9.99755
4.0 5.0 0.0375206 9.99755
4.0 5.0 0.043355 9.99755
4.0 5.0 0.0632651 9.99755
4.0 5.0 0.0411763 9.99755
4.0 5.0 0.0399901 9.99755
4.0 5.0 0.0413266 9.99755
4.0 5.0 0.0411587 9.99755
4.0 5.0 0.0634548 9.99755
4.0 5.0 0.0645424 9.99755
4.0 5.0 0.0438447 9.99755
4.0 5.0 0.0636246 9.99755
4.0 5.0 0.0402665 9.99755
4.0 5.0 0.039113 9.99755
4.0 5.0 0.038837 9.99755
4.0 5.0 0.040997 9.99755
4.0 5.0 0.0408494 9.99755
4.0 5.0 0.0456746 9.99755
4.0 5.0 0.0455282 9.99755
4.0 5.0 0.0638613 9.99755
4.0 5.0 0.0675095 9.99755
4.0 5.0 0.0399719 9.99755
4.0 5.0 0.040672 9.99755
4.0 5.0 0.0393444 9.99755
4.0 5.0 0.0682862 9.99755
4.0 5.0 0.0380439 9.99755
4.0 5.0 0.0633587 9.99755
4.0 5.0 0.0375005 9.99755
4.0 5.0 0.0673903 9.99755
4.0 5.0 0.0397092 9.99755
4.0 7.0 0.029237 9.9869
4.0 7.0 0.0271611 9.9869
4.0 7.0 0.0294969 9.9869
4.0 7.0 0.0266379 9.9869
4.0 7.0 0.0310552 9.9869
4.0 7.0 0.0266773 9.9869
4.0 7.0 0.0277711 9.9869
4.0 7.0 0.0259732 9.9869
4.0 7.0 0.0286263 9.9869
4.0 7.0 0.0298458 9.9869
4.0 7.0 0.0281897 9.9869
4.0 7.0 0.0272823 9.9869
4.0 7.0 0.0439902 9.9869
4.0 7.0 0.0273877 9.9869
4.0 7.0 0.0296119 9.9869
4.0 7.0 0.0285375 9.9869
4.0 7.0 0.0413077 9.9869
4.0 7.0 0.0433344 9.9869
4.0 7.0 0.0285689 9.9869
4.0 7.0 0.0258724 9.9869
4.0 7.0 0.0307532 9.9869
4.0 7.0 0.0256193 9.9869
4.0 7.0 0.0310061 9.9869
4.0 7.0 0.0343248 9.9869
4.0 7.0 0.0407393 9.9869
4.0 7.0 0.0282269 9.9869
4.0 7.0 0.0405624 9.9869
4.0 7.0 0.0299792 9.9869
4.0 7.0 0.0249332 9.9869
4.0 7.0 0.0441274 9.9869
4.0 7.0 0.0429937 9.9869
4.0 7.0 0.0263047 9.9869
4.0 7.0 0.0292949 9.9869
4.0 7.0 0.0266956 9.9869
4.0 7.0 0.0407646 9.9869
4.0 7.0 0.0282246 9.9869
4.0 7.0 0.027867 9.9869
4.0 7.0 0.0421456 9.9869
4.0 7.0 0.0283205 9.9869
4.0 7.0 0.0270105 9.9869
4.0 7.0 0.0286622 9.9869
4.0 7.0 0.0278686 9.9869
4.0 7.0 0.0275293 9.9869
4.0 7.0 0.0405013 9.9869
4.0 7.0 0.0297981 9.9869
4.0 7.0 0.0260433 9.9869
4.0 7.0 0.0410669 9.9869
4.0 7.0 0.0438065 9.9869
4.0 7.0 0.0275959 9.9869
4.0 7.0 0.0250606 9.9869
4.0 8.0 0.0245206 9.98285
4.0 8.0 0.0249583 9.98285
4.0 8.0 0.025935 9.98285
4.0 8.0 0.0278702 9.98285
4.0 8.0 0.0245413 9.98285
4.0 8.0 0.0252415 9.98285
4.0 8.0 0.0254727 9.98285
4.0 8.0 0.0278868 9.98285
4.0 8.0 0.0273479 9.98285
4.0 8.0 0.0270304 9.98285
4.0 8.0 0.0385135 9.98285
4.0 8.0 0.0370021 9.98285
4.0 8.0 0.0288392 9.98285
4.0 8.0 0.0254142 9.98285
4.0 8.0 0.0229284 9.98285
4.0 8.0 0.0263906 9.98285
4.0 8.0 0.0236265 9.98285
4.0 8.0 0.0380384 9.98285
4.0 8.0 0.0242089 9.98285
4.0 8.0 0.0263681 9.98285
4.0 8.0 0.0283797 9.98285
4.0 8.0 0.022849 9.98285
4.0 8.0 0.0283769 9.98285
4.0 8.0 0.0270126 9.98285
4.0 8.0 0.0362891 9.98285
4.0 8.0 0.0251038 9.98285
4.0 8.0 0.0286185 9.98285
4.0 8.0 0.0265094 9.98285
4.0 8.0 0.027068 9.98285
4.0 8.0 0.02621 9.98285
4.0 8.0 0.0284358 9.98285
4.0 8.0 0.037127 9.98285
4.0 8.0 0.026245 9.98285
4.0 8.0 0.0254947 9.98285
4.0 8.0 0.0280418 9.98285
4.0 8.0 0.0251426 9.98285
4.0 8.0 0.0238005 9.98285
4.0 8.0 0.0290948 9.98285
4.0 8.0 0.027468 9.98285
4.0 8.0 0.0271126 9.98285
4.0 8.0 0.0272515 9.98285
4.0 8.0 0.0273282 9.98285
4.0 8.0 0.0231276 9.98285
4.0 8.0 0.0388922 9.98285
4.0 8.0 0.0252481 9.98285
4.0 8.0 0.0251107 9.98285
4.0 8.0 0.0271032 9.98285
4.0 8.0 0.025785 9.98285
4.0 8.0 0.0246443 9.98285
4.0 8.0 0.0246913 9.98285
4.0 9.0 0.0284537 9.99521
4.0 9.0 0.0279773 9.99521
4.0 9.0 0.0288559 9.99521
4.0 9.0 0.0243364 9.99521
4.0 9.0 0.0281304 9.99521
4.0 9.0 0.0252511 9.99521
4.0 9.0 0.0277184 9.99521
4.0 9.0 0.0298398 9.99521
4.0 9.0 0.0271123 9.99521
4.0 9.0 0.026343 9.99521
4.0 9.0 0.0240905 9.99521
4.0 9.0 0.0261266 9.99521
4.0 9.0 0.0247379 9.99521
4.0 9.0 0.0264827 9.99521
4.0 9.0 0.0247481 9.99521
4.0 9.0 0.0235418 9.99521
4.0 9.0 0.0263847 9.99521
4.0 9.0 0.0274348 9.99521
4.0 9.0 0.0257358 9.99521
4.0 9.0 0.0283724 9.99521
4.0 9.0 0.0289451 9.99521
4.0 9.0 0.0273935 9.99521
4.0 9.0 0.0328867 9.99521
4.0 9.0 0.0279562 9.99521
4.0 9.0 0.0256792 9.99521
4.0 9.0 0.0292352 9.99521
4.0 9.0 0.0265256 9.99521
4.0 9.0 0.0289725 9.99521
4.0 9.0 0.0302754 9.99521
4.0 9.0 0.0305315 9.99521
4.0 9.0 0.028879 9.99521
4.0 9.0 0.0275681 9.99521
4.0 9.0 0.0254806 9.99521
4.0 9.0 0.0250723 9.99521
4.0 9.0 0.0297887 9.99521
4.0 9.0 0.0307012 9.99521
4.0 9.0 0.0281895 9.99521
4.0 9.0 0.0286697 9.99521
4.0 9.0 0.0297775 9.99521
4.0 9.0 0.0277129 9.99521
4.0 9.0 0.0280584 9.99521
4.0 9.0 0.0340378 9.99521
4.0 9.0 0.0289629 9.99521
4.0 9.0 0.0284397 9.99521
4.0 9.0 0.0263977 9.99521
4.0 9.0 0.0253115 9.99521
4.0 9.0 0.0248194 9.99521
4.0 9.0 0.0245977 9.99521
4.0 9.0 0.0262452 9.99521
4.0 9.0 0.0254296 9.99521
4.0 15.0 0.0246054 9.99521
4.0 15.0 0.0287903 9.99521
4.0 15.0 0.0163086 9.99521
4.0 15.0 0.02771 9.99521
4.0 15.0 0.0286372 9.99521
4.0 15.0 0.0266899 9.99521
4.0 15.0 0.0216133 9.99521
4.0 15.0 0.0253455 9.99521
4.0 15.0 0.0217414 9.99521
4.0 15.0 0.0282156 9.99521
4.0 15.0 0.0238524 9.99521
4.0 15.0 0.0248212 9.99521
4.0 15.0 0.0194465 9.99521
4.0 15.0 0.0256598 9.99521
4.0 15.0 0.0255618 9.99521
4.0 15.0 0.0160646 9.99521
4.0 15.0 0.0217293 9.99521
4.0 15.0 0.0228427 9.99521
4.0 15.0 0.0179603 9.99521
4.0 15.0 0.0244338 9.99521
4.0 15.0 0.0241608 9.99521
4.0 15.0 0.0263948 9.99521
4.0 15.0 0.025147 9.99521
4.0 15.0 0.0288117 9.99521
4.0 15.0 0.0347268 9.99521
4.0 15.0 0.0283284 9.99521
4.0 15.0 0.0310353 9.99521
4.0 15.0 0.0263457 9.99521
4.0 15.0 0.0174513 9.99521
4.0 15.0 0.0248749 9.99521
4.0 15.0 0.0219333 9.99521
4.0 15.0 0.022638 9.99521
4.0 15.0 0.017887 9.99521
4.0 15.0 0.0269701 9.99521
4.0 15.0 0.0272018 9.99521
4.0 15.0 0.021691 9.99521
4.0 15.0 0.0263953 9.99521
4.0 15.0 0.0207683 9.99521
4.0 15.0 0.0247877 9.99521
4.0 15.0 0.0222255 9.99521
4.0 15.0 0.0274492 9.99521
4.0 15.0 0.0178268 9.99521
4.0 15.0 0.017889 9.99521
4.0 15.0 0.0251934 9.99521
4.0 15.0 0.0216595 9.99521
4.0 15.0 0.0186305 9.99521
4.0 15.0 0.0299221 9.99521
4.0 15.0 0.0315155 9.99521
4.0 15.0 0.0240413 9.99521
4.0 15.0 0.0186857 9.99521
4.0 16.0 0.0286491 9.99521
4.0 16.0 0.0183706 9.99521
4.0 16.0 0.0275281 9.99521
4.0 16.0 0.017952 9.99521
4.0 16.0 0.0195163 9.99521
4.0 16.0 0.018236 9.99521
4.0 16.0 0.0240935 9.99521
4.0 16.0 0.0177674 9.99521
4.0 16.0 0.0164001 9.99521
4.0 16.0 0.0187723 9.99521
4.0 16.0 0.0171519 9.99521
4.0 16.0 0.0172295 9.99521
4.0 16.0 0.017881 9.99521
4.0 16.0 0.0164269 9.99521
4.0 16.0 0.021825 9.99521
4.0 16.0 0.0246919 9.99521
4.0 16.0 0.0253756 9.99521
4.0 16.0 0.0238462 9.99521
4.0 16.0 0.0246429 9.99521
4.0 16.0 0.0261031 9.99521
4.0 16.0 0.0250437 9.99521
4.0 16.0 0.0266359 9.99521
4.0 16.0 0.0229766 9.99521
4.0 16.0 0.020433 9.99521
4.0 16.0 0.0269929 9.99521
4.0 16.0 0.0187631 9.99521
4.0 16.0 0.0201318 9.99521
4.0 16.0 0.0199042 9.99521
4.0 16.0 0.0251288 9.99521
4.0 16.0 0.0245044 9.99521
4.0 16.0 0.0216729 9.99521
4.0 16.0 0.0236716 9.99521
4.0 16.0 0.0254613 9.99521
4.0 16.0 0.0176957 9.99521
4.0 16.0 0.0267077 9.99521
4.0 16.0 0.0257282 9.99521
4.0 16.0 0.0180575 9.99521
4.0 16.0 0.0239419 9.99521
4.0 16.0 0.0250346 9.99521
4.0 16.0 0.0208256 9.99521
4.0 16.0 0.0246159 9.99521
4.0 16.0 0.0182686 9.99521
4.0 16.0 0.015522 9.99521
4.0 16.0 0.0178136 9.99521
4.0 16.0 0.0248056 9.99521
4.0 16.0 0.0227353 9.99521
4.0 16.0 0.0243493 9.99521
4.0 16.0 0.0160868 9.99521
4.0 16.0 0.0231746 9.99521
4.0 16.0 0.026768 9.99521
4.0 17.0 0.022656 9.94585
4.0 17.0 0.0181936 9.94585
4.0 17.0 0.0141787 9.94585
4.0 17.0 0.0216392 9.94585
4.0 17.0 0.0167468 9.94585
4.0 17.0 0.0215492 9.94585
4.0 17.0 0.0148477 9.94585
4.0 17.0 0.0185212 9.94585
4.0 17.0 0.0210908 9.94585
4.0 17.0 0.0119033 9.94585
4.0 17.0 0.0236435 9.94585
4.0 17.0 0.022786 9.94585
4.0 17.0 0.0253324 9.94585
4.0 17.0 0.0197169 9.94585
4.0 17.0 0.0152518 9.94585
4.0 17.0 0.0168272 9.94585
4.0 17.0 0.020603 9.94585
4.0 17.0 0.0163255 9.94585
4.0 17.0 0.0215033 9.94585
4.0 17.0 0.0175629 9.94585
4.0 17.0 0.0212993 9.94585
4.0 17.0 0.0110843 9.94585
4.0 17.0 0.0184749 9.94585
4.0 17.0 0.0187817 9.94585
4.0 17.0 0.023681 9.94585
4.0 17.0 0.0210613 9.94585
4.0 17.0 0.01606 9.94585
4.0 17.0 0.0173421 9.94585
4.0 17.0 0.0166548 9.94585
4.0 17.0 0.015064 9.94585
4.0 17.0 0.0201946 9.94585
4.0 17.0 0.0274954 9.94585
4.0 17.0 0.0285947 9.94585
4.0 17.0 0.0221812 9.94585
4.0 17.0 0.014107 9.94585
4.0 17.0 0.0202086 9.94585
4.0 17.0 0.0282497 9.94585
4.0 17.0 0.0233721 9.94585
4.0 17.0 0.0200065 9.94585
4.0 17.0 0.0210582 9.94585
4.0 17.0 0.0173066 9.94585
4.0 17.0 0.0155648 9.94585
4.0 17.0 0.0205101 9.94585
4.0 17.0 0.0190805 9.94585
4.0 17.0 0.0155653 9.94585
4.0 17.0 0.0267639 9.94585
4.0 17.0 0.0186899 9.94585
4.0 17.0 0.0274818 9.94585
4.0 17.0 0.0162946 9.94585
4.0 17.0 0.019267 9.94585
4.0 31.0 0.0101059 9.98959
4.0 31.0 0.0100655 9.98959
4.0 31.0 0.0099377 9.98959
4.0 31.0 0.0139499 9.98959
4.0 31.0 0.010351 9.98959
4.0 31.0 0.0111203 9.98959
4.0 31.0 0.0116293 9.98959
4.0 31.0 0.00759732 9.98959
4.0 31.0 0.0105679 9.98959
4.0 31.0 0.00909803 9.98959
4.0 31.0 0.0119771 9.98959
4.0 31.0 0.0113888 9.98959
4.0 31.0 0.0121658 9.98959
4.0 31.0 0.00923374 9.98959
4.0 31.0 0.012585 9.98959
4.0 31.0 0.0104085 9.98959
4.0 31.0 0.0127145 9.98959
4.0 31.0 0.00898558 9.98959
4.0 31.0 0.0101762 9.98959
4.0 31.0 0.010156 9.98959
4.0 31.0 0.0109054 9.98959
4.0 31.0 0.00941552 9.98959
4.0 31.0 0.010488 9.98959
4.0 31.0 0.0100933 9.98959
4.0 31.0 0.0100961 9.98959
4.0 31.0 0.0101537 9.98959
4.0 31.0 0.00998818 9.98959
4.0 31.0 0.0099391 9.98959
4.0 31.0 0.00991004 9.98959
4.0 31.0 0.00967471 9.98959
4.0 31.0 0.0100928 9.98959
4.0 31.0 0.0100197 9.98959
4.0 31.0 0.0102595 9.98959
4.0 31.0 0.010112 9.98959
4.0 31.0 0.00900896 9.98959
4.0 31.0 0.0109715 9.98959
4.0 31.0 0.00885018 9.98959
4.0 31.0 0.00889951 9.98959
4.0 31.0 0.0121564 9.98959
4.0 31.0 0.00971042 9.98959
4.0 31.0 0.00997613 9.98959
4.0 31.0 0.00585641 9.98959
4.0 31.0 0.0101811 9.98959
4.0 31.0 0.0123513 9.98959
4.0 31.0 0.0106887 9.98959
4.0 31.0 0.00995801 9.98959
4.0 31.0 0.0111859 9.98959
4.0 31.0 0.0105766 9.98959
4.0 31.0 0.0120971 9.98959
4.0 31.0 0.0100591 9.98959
4.0 32.0 0.0119877 9.98959
4.0 32.0 0.0103262 9.98959
4.0 32.0 0.00999064 9.98959
4.0 32.0 0.00990077 9.98959
4.0 32.0 0.0118326 9.98959
4.0 32.0 0.0123244 9.98959
4.0 32.0 0.0113586 9.98959
4.0 32.0 0.0120168 9.98959
4.0 32.0 0.00987389 9.98959
4.0 32.0 0.0101881 9.98959
4.0 32.0 0.0112427 9.98959
4.0 32.0 0.0111191 9.98959
4.0 32.0 0.0103034 9.98959
4.0 32.0 0.00922752 9.98959
4.0 32.0 0.0094333 9.98959
4.0 32.0 0.00921098 9.98959
4.0 32.0 0.010869 9.98959
4.0 32.0 0.0115115 9.98959
4.0 32.0 0.0110369 9.98959
4.0 32.0 0.00990638 9.98959
4.0 32.0 0.00950789 9.98959
4.0 32.0 0.011269 9.98959
4.0 32.0 0.00998518 9.98959
4.0 32.0 0.00970111 9.98959
4.0 32.0 0.0100947 9.98959
4.0 32.0 0.00993503 9.98959
4.0 32.0 0.0111498 9.98959
4.0 32.0 0.0101903 9.98959
4.0 32.0 0.00850098 9.98959
4.0 32.0 0.00974923 9.98959
4.0 32.0 0.0109273 9.98959
4.0 32.0 0.0100832 9.98959
4.0 32.0 0.009622 9.98959
4.0 32.0 0.0116123 9.98959
4.0 32.0 0.0104151 9.98959
4.0 32.0 0.0113714 9.98959
4.0 32.0 0.0107207 9.98959
4.0 32.0 0.0132538 9.98959
4.0 32.0 0.0109159 9.98959
4.0 32.0 0.00987889 9.98959
4.0 32.0 0.0100267 9.98959
4.0 32.0 0.0101995 9.98959
4.0 32.0 0.0102496 9.98959
4.0 32.0 0.012577 9.98959
4.0 32.0 0.0107437 9.98959
4.0 32.0 0.0110001 9.98959
4.0 32.0 0.00992569 9.98959
4.0 32.0 0.0126872 9.98959
4.0 32.0 0.0106248 9.98959
4.0 32.0 0.011072 9.98959
4.0 33.0 0.0120011 9.98959
4.0 33.0 0.0117391 9.98959
4.0 33.0 0.0118423 9.98959
4.0 33.0 0.0122394 9.98959
4.0 33.0 0.0098721 9.98959
4.0 33.0 0.0113929 9.98959
4.0 33.0 0.0117423 9.98959
4.0 33.0 0.0100809 9.98959
4.0 33.0 0.00992683 9.98959
4.0 33.0 0.0101827 9.98959
4.0 33.0 0.00996665 9.98959
4.0 33.0 0.0102217 9.98959
4.0 33.0 0.0119138 9.98959
4.0 33.0 0.00945164 9.98959
4.0 33.0 0.00999702 9.98959
4.0 33.0 0.0110699 9.98959
4.0 33.0 0.0101119 9.98959
4.0 33.0 0.0114095 9.98959
4.0 33.0 0.0091687 9.98959
4.0 33.0 0.00958332 9.98959
4.0 33.0 0.0116503 9.98959
4.0 33.0 0.00961664 9.98959
4.0 33.0 0.011901 9.98959
4.0 33.0 0.0125519 9.98959
4.0 33.0 0.00971988 9.98959
4.0 33.0 0.00816707 9.98959
4.0 33.0 0.0148606 9.98959
4.0 33.0 0.0144749 9.98959
4.0 33.0 0.0114586 9.98959
4.0 33.0 0.0108755 9.98959
4.0 33.0 0.0103262 9.98959
4.0 33.0 0.00962019 9.98959
4.0 33.0 0.011397 9.98959
4.0 33.0 0.00906643 9.98959
4.0 33.0 0.00991185 9.98959
4.0 33.0 0.0101596 9.98959
4.0 33.0 0.0101812 9.98959
4.0 33.0 0.012541 9.98959
4.0 33.0 0.010057 9.98959
4.0 33.0 0.0104228 9.98959
4.0 33.0 0.0099665 9.98959
4.0 33.0 0.00955825 9.98959
4.0 33.0 0.0102147 9.98959
4.0 33.0 0.00991542 9.98959
4.0 33.0 0.00951089 9.98959
4.0 33.0 0.0118691 9.98959
4.0 33.0 0.00994302 9.98959
4.0 33.0 0.00990903 9.98959
4.0 33.0 0.00989581 9.98959
4.0 33.0 0.00989581 9.98959
5.0 3.0 18.0523 25.0222
5.0 3.0 18.0929 25.0222
5.0 3.0 18.4823 25.0222
5.0 3.0 18.4903 25.0222
5.0 3.0 18.5813 25.0222
5.0 3.0 18.7431 25.0222
5.0 3.0 18.8683 25.0222
5.0 3.0 18.9984 25.0222
5.0 3.0 18.3234 25.0222
5.0 3.0 18.7408 25.0222
5.0 3.0 18.5403 25.0222
5.0 3.0 18.5552 25.0222
5.0 3.0 18.5029 25.0222
5.0 3.0 18.5599 25.0222
5.0 3.0 18.4113 25.0222
5.0 3.0 18.1042 25.0222
5.0 3.0 18.7188 25.0222
5.0 3.0 18.62 25.0222
5.0 3.0 18.1263 25.0222
5.0 3.0 18.468 25.0222
5.0 3.0 18.5028 25.0222
5.0 3.0 18.5908 25.0222
5.0 3.0 18.8419 25.0222
5.0 3.0 18.0815 25.0222
5.0 3.0 18.5483 25.0222
5.0 3.0 18.7347 25.0222
5.0 3.0 18.5696 25.0222
5.0 3.0 18.9426 25.0222
5.0 3.0 18.6046 25.0222
5.0 3.0 18.5375 25.0222
5.0 3.0 18.0665 25.0222
5.0 3.0 18.1121 25.0222
5.0 3.0 18.5442 25.0222
5.0 3.0 18.7728 25.0222
5.0 3.0 18.0851 25.0222
5.0 3.0 18.1802 25.0222
5.0 3.0 19.3871 25.0222
5.0 3.0 18.0847 25.0222
5.0 3.0 18.733 25.0222
5.0 3.0 18.5683 25.0222
5.0 3.0 18.5329 25.0222
5.0 3.0 18.5939 25.0222
5.0 3.0 18.0719 25.0222
5.0 3.0 18.6111 25.0222
5.0 3.0 19.5855 25.0222
5.0 3.0 18.7351 25.0222
5.0 3.0 18.645 25.0222
5.0 3.0 18.5418 25.0222
5.0 3.0 18.0796 25.0222
5.0 3.0 18.5828 25.0222
5.0 4.0 13.9564 25.0222
5.0 4.0 14.0848 25.0222
5.0 4.0 14.3921 25.0222
5.0 4.0 14.0065 25.0222
5.0 4.0 14.0385 25.0222
5.0 4.0 14.1003 25.0222
5.0 4.0 14.0199 25.0222
5.0 4.0 14.0989 25.0222
5.0 4.0 14.1178 25.0222
5.0 4.0 14.174 25.0222
5.0 4.0 14.0783 25.0222
5.0 4.0 14.065 25.0222
5.0 4.0 14.0857 25.0222
5.0 4.0 14.0622 25.0222
5.0 4.0 13.952 25.0222
5.0 4.0 14.1039 25.0222
5.0 4.0 14.0605 25.0222
5.0 4.0 14.0529 25.0222
5.0 4.0 14.1668 25.0222
5.0 4.0 14.1118 25.0222
5.0 4.0 14.0304 25.0222
5.0 4.0 14.0918 25.0222
5.0 4.0 13.963 25.0222
5.0 4.0 14.001 25.0222
5.0 4.0 14.0861 25.0222
5.0 4.0 14.0319 25.0222
5.0 4.0 14.3474 25.0222
5.0 4.0 14.1553 25.0222
5.0 4.0 14.1414 25.0222
5.0 4.0 14.0708 25.0222
5.0 4.0 14.1044 25.0222
5.0 4.0 14.0926 25.0222
5.0 4.0 14.0173 25.0222
5.0 4.0 13.9823 25.0222
5.0 4.0 13.9533 25.0222
5.0 4.0 14.0699 25.0222
5.0 4.0 14.047 25.0222
5.0 4.0 14.0803 25.0222
5.0 4.0 14.1423 25.0222
5.0 4.0 14.1003 25.0222
5.0 4.0 14.1137 25.0222
5.0 4.0 14.1161 25.0222
5.0 4.0 14.0958 25.0222
5.0 4.0 14.0017 25.0222
5.0 4.0 13.9912 25.0222
5.0 4.0 14.0917 25.0222
5.0 4.0 14.0061 25.0222
5.0 4.0 13.9798 25.0222
5.0 4.0 13.9964 25.0222
5.0 4.0 14.1231 25.0222
5.0 5.0 11.1553 25.0222
5.0 5.0 12.1205 25.0222
5.0 5.0 11.1696 25.0222
5.0 5.0 11.1612 25.0222
5.0 5.0 11.1519 25.0222
5.0 5.0 11.0449 25.0222
5.0 5.0 11.124 25.0222
5.0 5.0 11.1945 25.0222
5.0 5.0 11.1761 25.0222
5.0 5.0 11.0271 25.0222
5.0 5.0 11.251 25.0222
5.0 5.0 11.2316 25.0222
5.0 5.0 11.1736 25.0222
5.0 5.0 11.1934 25.0222
5.0 5.0 11.2472 25.0222
5.0 5.0 11.191 25.0222
5.0 5.0 11.1995 25.0222
5.0 5.0 11.2028 25.0222
5.0 5.0 11.3378 25.0222
5.0 5.0 11.1967 25.0222
5.0 5.0 11.1147 25.0222
5.0 5.0 11.2048 25.0222
5.0 5.0 11.2616 25.0222
5.0 5.0 11.179 25.0222
5.0 5.0 11.2205 25.0222
5.0 5.0 11.2011 25.0222
5.0 5.0 11.2749 25.0222
5.0 5.0 11.0367 25.0222
5.0 5.0 11.3253 25.0222
5.0 5.0 11.1805 25.0222
5.0 5.0 11.2078 25.0222
5.0 5.0 11.4168 25.0222
5.0 5.0 11.2391 25.0222
5.0 5.0 11.1515 25.0222
5.0 5.0 11.1671 25.0222
5.0 5.0 11.2162 25.0222
5.0 5.0 11.2108 25.0222
5.0 5.0 11.2627 25.0222
5.0 5.0 12.0875 25.0222
5.0 5.0 11.2384 25.0222
5.0 5.0 11.1937 25.0222
5.0 5.0 11.2336 25.0222
5.0 5.0 11.2015 25.0222
5.0 5.0 11.2381 25.0222
5.0 5.0 11.1766 25.0222
5.0 5.0 11.2046 25.0222
5.0 5.0 11.2099 25.0222
5.0 5.0 11.1931 25.0222
5.0 5.0 11.2165 25.0222
5.0 5.0 11.4263 25.0222
5.0 7.0 7.82358 25.0222
5.0 7.0 7.82008 25.0222
5.0 7.0 7.72592 25.0222
5.0 7.0 7.79858 25.0222
5.0 7.0 7.87967 25.0222
5.0 7.0 7.88261 25.0222
5.0 7.0 7.85849 25.0222
5.0 7.0 7.81541 25.0222
5.0 7.0 7.86008 25.0222
5.0 7.0 7.84894 25.0222
5.0 7.0 7.83867 25.0222
5.0 7.0 7.82198 25.0222
5.0 7.0 7.83706 25.0222
5.0 7.0 7.82452 25.0222
5.0 7.0 7.87041 25.0222
5.0 7.0 7.79512 25.0222
5.0 7.0 7.86576 25.0222
5.0 7.0 7.85895 25.0222
5.0 7.0 7.84168 25.0222
5.0 7.0 7.82618 25.0222
5.0 7.0 7.8459 25.0222
5.0 7.0 7.85932 25.0222
5.0 7.0 7.8627 25.0222
5.0 7.0 7.85448 25.0222
5.0 7.0 7.85407 25.0222
5.0 7.0 7.83501 25.0222
5.0 7.0 7.85127 25.0222
5.0 7.0 7.87095 25.0222
5.0 7.0 7.99154 25.0222
5.0 7.0 7.82605 25.0222
5.0 7.0 7.86896 25.0222
5.0 7.0 7.83145 25.0222
5.0 7.0 7.75436 25.0222
5.0 7.0 7.83071 25.0222
5.0 7.0 7.85314 25.0222
5.0 7.0 7.89688 25.0222
5.0 7.0 7.79592 25.0222
5.0 7.0 7.83433 25.0222
5.0 7.0 7.92697 25.0222
5.0 7.0 7.83746 25.0222
5.0 7.0 7.83681 25.0222
5.0 7.0 8.0183 25.0222
5.0 7.0 7.85768 25.0222
5.0 7.0 7.82988 25.0222
5.0 7.0 7.8762 25.0222
5.0 7.0 7.84524 25.0222
5.0 7.0 7.75708 25.0222
5.0 7.0 7.8297 25.0222
5.0 7.0 7.83786 25.0222
5.0 7.0 7.72031 25.0222
5.0 8.0 6.62908 25.0221
5.0 8.0 6.71007 25.0221
5.0 8.0 6.71793 25.0221
5.0 8.0 6.71005 25.0221
5.0 8.0 6.71881 25.0221
5.0 8.0 6.70719 25.0221
5.0 8.0 6.71639 25.0221
5.0 8.0 6.7048 25.0221
5.0 8.0 6.72397 25.0221
5.0 8.0 6.62903 25.0221
5.0 8.0 6.67291 25.0221
5.0 8.0 6.72118 25.0221
5.0 8.0 6.72233 25.0221
5.0 8.0 6.71352 25.0221
5.0 8.0 6.7038 25.0221
5.0 8.0 6.62925 25.0221
5.0 8.0 6.72481 25.0221
5.0 8.0 6.74033 25.0221
5.0 8.0 6.71841 25.0221
5.0 8.0 6.73758 25.0221
5.0 8.0 6.72276 25.0221
5.0 8.0 7.22867 25.0221
5.0 8.0 6.71608 25.0221
5.0 8.0 6.71624 25.0221
5.0 8.0 6.71382 25.0221
5.0 8.0 6.71413 25.0221
5.0 8.0 6.70352 25.0221
5.0 8.0 6.80894 25.0221
5.0 8.0 6.71415 25.0221
5.0 8.0 6.71166 25.0221
5.0 8.0 6.71149 25.0221
5.0 8.0 6.73357 25.0221
5.0 8.0 6.69924 25.0221
5.0 8.0 6.78172 25.0221
5.0 8.0 6.72734 25.0221
5.0 8.0 6.72188 25.0221
5.0 8.0 6.68152 25.0221
5.0 8.0 6.7209 25.0221
5.0 8.0 6.80589 25.0221
5.0 8.0 7.23053 25.0221
5.0 8.0 6.70761 25.0221
5.0 8.0 6.71475 25.0221
5.0 8.0 6.71603 25.0221
5.0 8.0 6.76164 25.0221
5.0 8.0 6.67563 25.0221
5.0 8.0 6.72641 25.0221
5.0 8.0 6.71959 25.0221
5.0 8.0 6.67348 25.0221
5.0 8.0 6.7337 25.0221
5.0 8.0 6.7095 25.0221
5.0 9.0 6.14501 25.0222
5.0 9.0 6.1393 25.0222
5.0 9.0 6.15783 25.0222
5.0 9.0 6.17768 25.0222
5.0 9.0 6.18834 25.0222
5.0 9.0 6.17308 25.0222
5.0 9.0 6.20086 25.0222
5.0 9.0 6.16727 25.0222
5.0 9.0 6.15094 25.0222
5.0 9.0 6.14385 25.0222
5.0 9.0 6.17269 25.0222
5.0 9.0 6.19877 25.0222
5.0 9.0 6.17265 25.0222
5.0 9.0 6.20369 25.0222
5.0 9.0 6.15168 25.0222
5.0 9.0 6.19844 25.0222
5.0 9.0 6.17901 25.0222
5.0 9.0 6.18404 25.0222
5.0 9.0 6.16334 25.0222
5.0 9.0 6.28218 25.0222
5.0 9.0 6.18441 25.0222
5.0 9.0 6.20172 25.0222
5.0 9.0 6.13458 25.0222
5.0 9.0 6.16146 25.0222
5.0 9.0 6.18323 25.0222
5.0 9.0 6.16696 25.0222
5.0 9.0 6.17498 25.0222
5.0 9.0 6.17491 25.0222
5.0 9.0 6.17684 25.0222
5.0 9.0 6.14822 25.0222
5.0 9.0 6.14006 25.0222
5.0 9.0 6.2027 25.0222
5.0 9.0 6.17081 25.0222
5.0 9.0 6.15199 25.0222
5.0 9.0 6.12063 25.0222
5.0 9.0 6.17615 25.0222
5.0 9.0 6.14692 25.0222
5.0 9.0 6.15745 25.0222
5.0 9.0 6.18144 25.0222
5.0 9.0 6.16752 25.0222
5.0 9.0 6.19586 25.0222
5.0 9.0 6.16787 25.0222
5.0 9.0 6.1562 25.0222
5.0 9.0 6.17554 25.0222
5.0 9.0 6.16292 25.0222
5.0 9.0 6.16522 25.0222
5.0 9.0 6.15545 25.0222
5.0 9.0 6.16717 25.0222
5.0 9.0 6.15512 25.0222
5.0 9.0 6.15722 25.0222
5.0 15.0 3.39114 25.0222
5.0 15.0 3.37406 25.0222
5.0 15.0 3.36227 25.0222
5.0 15.0 3.36624 25.0222
5.0 15.0 3.37028 25.0222
5.0 15.0 3.36084 25.0222
5.0 15.0 3.37545 25.0222
5.0 15.0 3.36714 25.0222
5.0 15.0 3.36679 25.0222
5.0 15.0 3.35305 25.0222
5.0 15.0 3.6062 25.0222
5.0 15.0 3.35771 25.0222
5.0 15.0 3.3653 25.0222
5.0 15.0 3.37077 25.0222
5.0 15.0 3.51092 25.0222
5.0 15.0 3.36712 25.0222
5.0 15.0 3.36291 25.0222
5.0 15.0 3.3683 25.0222
5.0 15.0 3.37449 25.0222
5.0 15.0 3.37206 25.0222
5.0 15.0 3.37198 25.0222
5.0 15.0 3.37234 25.0222
5.0 15.0 3.36505 25.0222
5.0 15.0 3.36201 25.0222
5.0 15.0 3.35619 25.0222
5.0 15.0 3.39256 25.0222
5.0 15.0 3.38039 25.0222
5.0 15.0 3.3769 25.0222
5.0 15.0 3.37648 25.0222
5.0 15.0 3.36545 25.0222
5.0 15.0 3.353 25.0222
5.0 15.0 3.3769 25.0222
5.0 15.0 3.38378 25.0222
5.0 15.0 3.36396 25.0222
5.0 15.0 3.35731 25.0222
5.0 15.0 3.37106 25.0222
5.0 15.0 3.36192 25.0222
5.0 15.0 3.3931 25.0222
5.0 15.0 3.37448 25.0222
5.0 15.0 3.3622 25.0222
5.0 15.0 3.36602 25.0222
5.0 15.0 3.36075 25.0222
5.0 15.0 3.3792 25.0222
5.0 15.0 3.36966 25.0222
5.0 15.0 3.36942 25.0222
5.0 15.0 3.36518 25.0222
5.0 15.0 3.39928 25.0222
5.0 15.0 3.36813 25.0222
5.0 15.0 3.37407 25.0222
5.0 15.0 3.36145 25.0222
5.0 16.0 3.38119 25.0222
5.0 16.0 3.36822 25.0222
5.0 16.0 3.37198 25.0222
5.0 16.0 3.35378 25.0222
5.0 16.0 3.36545 25.0222
5.0 16.0 3.36661 25.0222
5.0 16.0 3.36116 25.0222
5.0 16.0 3.36411 25.0222
5.0 16.0 3.36998 25.0222
5.0 16.0 3.36689 25.0222
5.0 16.0 3.37134 25.0222
5.0 16.0 3.39287 25.0222
5.0 16.0 3.37082 25.0222
5.0 16.0 3.36304 25.0222
5.0 16.0 3.40116 25.0222
5.0 16.0 3.37182 25.0222
5.0 16.0 3.36681 25.0222
5.0 16.0 3.37185 25.0222
5.0 16.0 3.38458 25.0222
5.0 16.0 3.38359 25.0222
5.0 16.0 3.3625 25.0222
5.0 16.0 3.38477 25.0222
5.0 16.0 3.35666 25.0222
5.0 16.0 3.40531 25.0222
5.0 16.0 3.36486 25.0222
5.0 16.0 3.36618 25.0222
5.0 16.0 3.39206 25.0222
5.0 16.0 3.35763 25.0222
5.0 16.0 3.36485 25.0222
5.0 16.0 3.36336 25.0222
5.0 16.0 3.37556 25.0222
5.0 16.0 3.39955 25.0222
5.0 16.0 3.36159 25.0222
5.0 16.0 3.36847 25.0222
5.0 16.0 3.37288 25.0222
5.0 16.0 3.35838 25.0222
5.0 16.0 3.36298 25.0222
5.0 16.0 3.34949 25.0222
5.0 16.0 3.3551 25.0222
5.0 16.0 3.36084 25.0222
5.0 16.0 3.36406 25.0222
5.0 16.0 3.35257 25.0222
5.0 16.0 3.35722 25.0222
5.0 16.0 3.36343 25.0222
5.0 16.0 3.36979 25.0222
5.0 16.0 3.43283 25.0222
5.0 16.0 3.35753 25.0222
5.0 16.0 3.36105 25.0222
5.0 16.0 3.41385 25.0222
5.0 16.0 3.36381 25.0222
5.0 17.0 2.83394 25.0222
5.0 17.0 2.81368 25.0222
5.0 17.0 2.81752 25.0222
5.0 17.0 2.82572 25.0222
5.0 17.0 2.81831 25.0222
5.0 17.0 2.81213 25.0222
5.0 17.0 2.80269 25.0222
5.0 17.0 2.81474 25.0222
5.0 17.0 2.83005 25.0222
5.0 17.0 2.80219 25.0222
5.0 17.0 2.80895 25.0222
5.0 17.0 2.83063 25.0222
5.0 17.0 2.79697 25.0222
5.0 17.0 2.80602 25.0222
5.0 17.0 2.80425 25.0222
5.0 17.0 2.82864 25.0222
5.0 17.0 2.80232 25.0222
5.0 17.0 2.80345 25.0222
5.0 17.0 2.80209 25.0222
5.0 17.0 2.82205 25.0222
5.0 17.0 2.83227 25.0222
5.0 17.0 2.83478 25.0222
5.0 17.0 2.80158 25.0222
5.0 17.0 2.79964 25.0222
5.0 17.0 2.79514 25.0222
5.0 17.0 2.82964 25.0222
5.0 17.0 2.81017 25.0222
5.0 17.0 2.81456 25.0222
5.0 17.0 2.80619 25.0222
5.0 17.0 2.82039 25.0222
5.0 17.0 2.80729 25.0222
5.0 17.0 2.80369 25.0222
5.0 17.0 2.82396 25.0222
5.0 17.0 2.8137 25.0222
5.0 17.0 2.80886 25.0222
5.0 17.0 2.8227 25.0222
5.0 17.0 2.81139 25.0222
5.0 17.0 2.80704 25.0222
5.0 17.0 2.80072 25.0222
5.0 17.0 2.81221 25.0222
5.0 17.0 2.80645 25.0222
5.0 17.0 2.79693 25.0222
5.0 17.0 2.79858 25.0222
5.0 17.0 2.80761 25.0222
5.0 17.0 2.80128 25.0222
5.0 17.0 2.81646 25.0222
5.0 17.0 2.82261 25.0222
5.0 17.0 2.80469 25.0222
5.0 17.0 2.81847 25.0222
5.0 17.0 2.83794 25.0222
5.0 31.0 1.72788 25.0222
5.0 31.0 1.68839 25.0222
5.0 31.0 1.68573 25.0222
5.0 31.0 1.72457 25.0222
5.0 31.0 1.69526 25.0222
5.0 31.0 1.69855 25.0222
5.0 31.0 1.68963 25.0222
5.0 31.0 1.68803 25.0222
5.0 31.0 1.68491 25.0222
5.0 31.0 1.68534 25.0222
5.0 31.0 1.69014 25.0222
5.0 31.0 1.68141 25.0222
5.0 31.0 1.6908 25.0222
5.0 31.0 1.68884 25.0222
5.0 31.0 1.70688 25.0222
5.0 31.0 1.69029 25.0222
5.0 31.0 1.68768 25.0222
5.0 31.0 1.68514 25.0222
5.0 31.0 1.68591 25.0222
5.0 31.0 1.68602 25.0222
5.0 31.0 1.68823 25.0222
5.0 31.0 1.68335 25.0222
5.0 31.0 1.68615 25.0222
5.0 31.0 1.68952 25.0222
5.0 31.0 1.70495 25.0222
5.0 31.0 1.69518 25.0222
5.0 31.0 1.69141 25.0222
5.0 31.0 1.68701 25.0222
5.0 31.0 1.68683 25.0222
5.0 31.0 1.68549 25.0222
5.0 31.0 1.70602 25.0222
5.0 31.0 1.68924 25.0222
5.0 31.0 1.6879 25.0222
5.0 31.0 1.70229 25.0222
5.0 31.0 1.68262 25.0222
5.0 31.0 1.70017 25.0222
5.0 31.0 1.68372 25.0222
5.0 31.0 1.69338 25.0222
5.0 31.0 1.68914 25.0222
5.0 31.0 1.68523 25.0222
5.0 31.0 1.73116 25.0222
5.0 31.0 1.68748 25.0222
5.0 31.0 1.68944 25.0222
5.0 31.0 1.68612 25.0222
5.0 31.0 1.69157 25.0222
5.0 31.0 1.6944 25.0222
5.0 31.0 1.68695 25.0222
5.0 31.0 1.68405 25.0222
5.0 31.0 1.68518 25.0222
5.0 31.0 1.67911 25.0222
5.0 32.0 1.6859 25.0222
5.0 32.0 1.68681 25.0222
5.0 32.0 1.68923 25.0222
5.0 32.0 1.68539 25.0222
5.0 32.0 1.692 25.0222
5.0 32.0 1.6889 25.0222
5.0 32.0 1.68586 25.0222
5.0 32.0 1.68937 25.0222
5.0 32.0 1.68041 25.0222
5.0 32.0 1.70345 25.0222
5.0 32.0 1.6902 25.0222
5.0 32.0 1.69036 25.0222
5.0 32.0 1.68852 25.0222
5.0 32.0 1.70889 25.0222
5.0 32.0 1.70404 25.0222
5.0 32.0 1.68567 25.0222
5.0 32.0 1.6864 25.0222
5.0 32.0 1.68832 25.0222
5.0 32.0 1.68604 25.0222
5.0 32.0 1.69116 25.0222
5.0 32.0 1.69404 25.0222
5.0 32.0 1.68839 25.0222
5.0 32.0 1.68748 25.0222
5.0 32.0 1.69111 25.0222
5.0 32.0 1.69206 25.0222
5.0 32.0 1.69027 25.0222
5.0 32.0 1.6899 25.0222
5.0 32.0 1.69356 25.0222
5.0 32.0 1.69163 25.0222
5.0 32.0 1.67903 25.0222
5.0 32.0 1.69495 25.0222
5.0 32.0 1.68614 25.0222
5.0 32.0 1.68831 25.0222
5.0 32.0 1.69138 25.0222
5.0 32.0 1.68056 25.0222
5.0 32.0 1.68812 25.0222
5.0 32.0 1.68585 25.0222
5.0 32.0 1.68754 25.0222
5.0 32.0 1.6901 25.0222
5.0 32.0 1.68902 25.0222
5.0 32.0 1.68887 25.0222
5.0 32.0 1.68811 25.0222
5.0 32.0 1.69136 25.0222
5.0 32.0 1.68457 25.0222
5.0 32.0 1.68531 25.0222
5.0 32.0 1.70002 25.0222
5.0 32.0 1.68501 25.0222
5.0 32.0 1.68935 25.0222
5.0 32.0 1.68748 25.0222
5.0 32.0 1.69617 25.0222
5.0 33.0 1.68802 25.0222
5.0 33.0 1.6826 25.0222
5.0 33.0 1.68523 25.0222
5.0 33.0 1.69172 25.0222
5.0 33.0 1.68582 25.0222
5.0 33.0 1.68644 25.0222
5.0 33.0 1.68779 25.0222
5.0 33.0 1.69137 25.0222
5.0 33.0 1.68918 25.0222
5.0 33.0 1.68736 25.0222
5.0 33.0 1.68753 25.0222
5.0 33.0 1.67755 25.0222
5.0 33.0 1.69484 25.0222
5.0 33.0 1.68873 25.0222
5.0 33.0 1.68588 25.0222
5.0 33.0 1.68363 25.0222
5.0 33.0 1.69159 25.0222
5.0 33.0 1.68721 25.0222
5.0 33.0 1.6842 25.0222
5.0 33.0 1.68408 25.0222
5.0 33.0 1.69515 25.0222
5.0 33.0 1.68405 25.0222
5.0 33.0 1.68362 25.0222
5.0 33.0 1.6956 25.0222
5.0 33.0 1.68836 25.0222
5.0 33.0 1.69378 25.0222
5.0 33.0 1.68558 25.0222
5.0 33.0 1.68432 25.0222
5.0 33.0 1.68704 25.0222
5.0 33.0 1.68233 25.0222
5.0 33.0 1.68759 25.0222
5.0 33.0 1.68698 25.0222
5.0 33.0 1.67906 25.0222
5.0 33.0 1.6881 25.0222
5.0 33.0 1.68805 25.0222
5.0 33.0 1.68466 25.0222
5.0 33.0 1.69144 25.0222
5.0 33.0 1.68056 25.0222
5.0 33.0 1.6917 25.0222
5.0 33.0 1.68602 25.0222
5.0 33.0 1.68223 25.0222
5.0 33.0 1.68506 25.0222
5.0 33.0 1.68266 25.0222
5.0 33.0 1.68683 25.0222
5.0 33.0 1.68816 25.0222
5.0 33.0 1.68722 25.0222
5.0 33.0 1.70258 25.0222
5.0 33.0 1.68183 25.0222
5.0 33.0 1.68839 25.0222
5.0 33.0 1.69451 25.0222
