0.0 3.0 0.452194 2.04198
0.0 3.0 1.43614 2.04198
0.0 3.0 2.09936 2.04198
0.0 3.0 0.460369 2.04197
0.0 3.0 1.79427 2.04197
0.0 3.0 0.962594 2.04198
0.0 3.0 1.62448 2.04198
0.0 3.0 0.483684 2.04197
0.0 3.0 1.78282 2.04197
0.0 3.0 0.955155 2.04197
0.0 3.0 1.7906 2.04197
0.0 3.0 1.91921 2.04197
0.0 3.0 1.74793 2.04197
0.0 3.0 1.90343 2.04197
0.0 3.0 1.85868 2.04198
0.0 3.0 0.475992 2.04198
0.0 3.0 0.475069 2.04197
0.0 3.0 1.85281 2.04197
0.0 3.0 0.466488 2.04197
0.0 3.0 0.481687 2.04197
0.0 3.0 0.97977 2.04197
0.0 3.0 0.471423 2.04197
0.0 3.0 0.977598 2.04197
0.0 3.0 1.84007 2.04198
0.0 3.0 1.73737 2.04197
0.0 3.0 1.06771 2.04198
0.0 3.0 1.69788 2.04198
0.0 3.0 0.96469 2.04197
0.0 3.0 1.12654 2.04198
0.0 3.0 1.92319 2.04198
0.0 3.0 0.450543 2.04198
0.0 3.0 0.952058 2.04198
0.0 3.0 0.40619 2.04197
0.0 3.0 1.09174 2.04197
0.0 3.0 1.05571 2.04198
0.0 3.0 1.16786 2.04198
0.0 3.0 0.974004 2.04197
0.0 3.0 0.404736 2.04198
0.0 3.0 1.01048 2.04197
0.0 3.0 0.995999 2.04198
0.0 3.0 1.64255 2.04197
0.0 3.0 2.07571 2.04197
0.0 3.0 0.43304 2.04198
0.0 3.0 0.955291 2.04197
0.0 3.0 0.438087 2.04198
0.0 3.0 1.76527 2.04197
0.0 3.0 0.953113 2.04198
0.0 3.0 1.05178 2.04198
0.0 3.0 1.11977 2.04197
0.0 3.0 0.450921 2.04198
0.0 4.0 0.504767 2.04198
0.0 4.0 1.55814 2.04197
0.0 4.0 0.51989 2.04198
0.0 4.0 0.515335 2.04198
0.0 4.0 1.7607 2.04198
0.0 4.0 0.478797 2.04197
0.0 4.0 1.09151 2.04198
0.0 4.0 0.483333 2.04198
0.0 4.0 0.49381 2.04198
0.0 4.0 1.83988 2.04197
0.0 4.0 0.502141 2.04197
0.0 4.0 1.08028 2.04197
0.0 4.0 0.501885 2.04197
0.0 4.0 1.04199 2.04198
0.0 4.0 1.71285 2.04198
0.0 4.0 1.03274 2.04198
0.0 4.0 0.499343 2.04198
0.0 4.0 1.5824 2.04197
0.0 4.0 0.475907 2.04197
0.0 4.0 0.483375 2.04198
0.0 4.0 1.63213 2.04198
0.0 4.0 1.46817 2.04197
0.0 4.0 1.06681 2.04198
0.0 4.0 0.485889 2.04198
0.0 4.0 0.497562 2.04197
0.0 4.0 1.53438 2.04197
0.0 4.0 0.514364 2.04198
0.0 4.0 0.50176 2.04197
0.0 4.0 0.553818 2.04197
0.0 4.0 1.47832 2.04198
0.0 4.0 1.06243 2.04198
0.0 4.0 0.455643 2.04198
0.0 4.0 0.469991 2.04198
0.0 4.0 0.512244 2.04198
0.0 4.0 1.5858 2.04197
0.0 4.0 1.06147 2.04197
0.0 4.0 1.80427 2.04198
0.0 4.0 1.07052 2.04197
0.0 4.0 0.476136 2.04198
0.0 4.0 1.67286 2.04198
0.0 4.0 0.468056 2.04197
0.0 4.0 0.462865 2.04198
0.0 4.0 0.484494 2.04198
0.0 4.0 1.69647 2.04197
0.0 4.0 1.49039 2.04198
0.0 4.0 1.66638 2.04197
0.0 4.0 1.08653 2.04198
0.0 4.0 1.53682 2.04197
0.0 4.0 1.4936 2.04198
0.0 4.0 1.06949 2.04198
0.0 5.0 0.673062 2.04198
0.0 5.0 0.629326 2.04197
0.0 5.0 0.561953 2.04197
0.0 5.0 0.979572 2.04197
0.0 5.0 0.99588 2.04197
0.0 5.0 0.572516 2.04198
0.0 5.0 0.684652 2.04197
0.0 5.0 0.686212 2.04197
0.0 5.0 0.792724 2.04197
0.0 5.0 0.967066 2.04198
0.0 5.0 0.591968 2.04198
0.0 5.0 0.789559 2.04197
0.0 5.0 0.799964 2.04197
0.0 5.0 0.797376 2.04198
0.0 5.0 0.967751 2.04197
0.0 5.0 1.19865 2.04197
0.0 5.0 0.563596 2.04197
0.0 5.0 0.56664 2.04198
0.0 5.0 0.613281 2.04197
0.0 5.0 0.590445 2.04197
0.0 5.0 0.729674 2.04197
0.0 5.0 0.704418 2.04198
0.0 5.0 0.700186 2.04197
0.0 5.0 0.70137 2.04197
0.0 5.0 0.811956 2.04197
0.0 5.0 0.690709 2.04197
0.0 5.0 0.74834 2.04197
0.0 5.0 0.576659 2.04197
0.0 5.0 0.688045 2.04197
0.0 5.0 0.681563 2.04197
0.0 5.0 0.680639 2.04197
0.0 5.0 0.694917 2.04198
0.0 5.0 0.7977 2.04198
0.0 5.0 0.796105 2.04198
0.0 5.0 0.800695 2.04198
0.0 5.0 0.986452 2.04197
0.0 5.0 0.618065 2.04197
0.0 5.0 0.731411 2.04197
0.0 5.0 0.727419 2.04198
0.0 5.0 0.683379 2.04197
0.0 5.0 1.07125 2.04197
0.0 5.0 1.37583 2.04198
0.0 5.0 0.576497 2.04197
0.0 5.0 0.629891 2.04198
0.0 5.0 0.825123 2.04197
0.0 5.0 0.71486 2.04197
0.0 5.0 0.657742 2.04198
0.0 5.0 0.969361 2.04197
0.0 5.0 0.727534 2.04197
0.0 5.0 0.567757 2.04197
0.0 7.0 1.08267 2.04197
0.0 7.0 0.648262 2.04197
0.0 7.0 0.645073 2.04197
0.0 7.0 0.633786 2.04197
0.0 7.0 0.645694 2.04197
0.0 7.0 0.675886 2.04197
0.0 7.0 0.640454 2.04197
0.0 7.0 0.715439 2.04197
0.0 7.0 0.641658 2.04198
0.0 7.0 0.637766 2.04197
0.0 7.0 0.646168 2.04198
0.0 7.0 0.885367 2.04197
0.0 7.0 0.786034 2.04197
0.0 7.0 0.675163 2.04197
0.0 7.0 1.02808 2.04197
0.0 7.0 0.97544 2.04198
0.0 7.0 0.716351 2.04198
0.0 7.0 1.4579 2.04197
0.0 7.0 0.659127 2.04197
0.0 7.0 0.64135 2.04197
0.0 7.0 0.639303 2.04197
0.0 7.0 0.674074 2.04197
0.0 7.0 0.921436 2.04197
0.0 7.0 0.930745 2.04197
0.0 7.0 0.882296 2.04197
0.0 7.0 0.652491 2.04197
0.0 7.0 0.994497 2.04198
0.0 7.0 1.11976 2.04198
0.0 7.0 0.855262 2.04198
0.0 7.0 0.960277 2.04198
0.0 7.0 1.05502 2.04197
0.0 7.0 0.643916 2.04197
0.0 7.0 0.896758 2.04198
0.0 7.0 0.72175 2.04198
0.0 7.0 0.947564 2.04198
0.0 7.0 0.701584 2.04197
0.0 7.0 0.729063 2.04197
0.0 7.0 0.909108 2.04197
0.0 7.0 0.910317 2.04197
0.0 7.0 0.711057 2.04198
0.0 7.0 0.67083 2.04198
0.0 7.0 1.38624 2.04197
0.0 7.0 0.703109 2.04198
0.0 7.0 1.14957 2.04197
0.0 7.0 0.636831 2.04197
0.0 7.0 0.639544 2.04197
0.0 7.0 0.64852 2.04197
0.0 7.0 1.45797 2.04197
0.0 7.0 0.887356 2.04197
0.0 7.0 0.6599 2.04197
0.0 8.0 1.19173 2.04197
0.0 8.0 1.31873 2.04197
0.0 8.0 0.678107 2.04197
0.0 8.0 0.746625 2.04197
0.0 8.0 1.13701 2.04197
0.0 8.0 0.757068 2.04197
0.0 8.0 0.892557 2.04197
0.0 8.0 0.680845 2.04197
0.0 8.0 0.760153 2.04198
0.0 8.0 0.69721 2.04197
0.0 8.0 1.15069 2.04197
0.0 8.0 1.37439 2.04197
0.0 8.0 0.874998 2.04197
0.0 8.0 0.704713 2.04197
0.0 8.0 1.05179 2.04198
0.0 8.0 0.878461 2.04198
0.0 8.0 0.661665 2.04197
0.0 8.0 0.774477 2.04197
0.0 8.0 1.03956 2.04198
0.0 8.0 0.767642 2.04197
0.0 8.0 0.663332 2.04197
0.0 8.0 1.18961 2.04198
0.0 8.0 1.48045 2.04198
0.0 8.0 1.31137 2.04197
0.0 8.0 0.772978 2.04198
0.0 8.0 0.66433 2.04197
0.0 8.0 0.662002 2.04197
0.0 8.0 0.660953 2.04197
0.0 8.0 1.02388 2.04197
0.0 8.0 0.705145 2.04197
0.0 8.0 0.658345 2.04197
0.0 8.0 0.669908 2.04197
0.0 8.0 0.660449 2.04197
0.0 8.0 0.663976 2.04198
0.0 8.0 0.694914 2.04197
0.0 8.0 0.638186 2.04197
0.0 8.0 0.679206 2.04197
0.0 8.0 0.679122 2.04197
0.0 8.0 0.696336 2.04197
0.0 8.0 1.62737 2.04197
0.0 8.0 0.652184 2.04198
0.0 8.0 0.666562 2.04197
0.0 8.0 0.664884 2.04198
0.0 8.0 1.21183 2.04197
0.0 8.0 0.653724 2.04197
0.0 8.0 0.664963 2.04197
0.0 8.0 0.667357 2.04197
0.0 8.0 0.67739 2.04197
0.0 8.0 1.8296 2.04197
0.0 8.0 0.664908 2.04197
0.0 9.0 0.896956 2.04197
0.0 9.0 0.756382 2.04198
0.0 9.0 0.804883 2.04197
0.0 9.0 0.925146 2.04197
0.0 9.0 1.03045 2.04197
0.0 9.0 0.771821 2.04198
0.0 9.0 0.740375 2.04197
0.0 9.0 0.765472 2.04197
0.0 9.0 1.00928 2.04198
0.0 9.0 0.750306 2.04197
0.0 9.0 0.744744 2.04197
0.0 9.0 0.924301 2.04197
0.0 9.0 0.759564 2.04197
0.0 9.0 0.753748 2.04197
0.0 9.0 0.758731 2.04197
0.0 9.0 0.751827 2.04198
0.0 9.0 0.775283 2.04197
0.0 9.0 0.743739 2.04197
0.0 9.0 0.735948 2.04197
0.0 9.0 0.739163 2.04197
0.0 9.0 0.741056 2.04197
0.0 9.0 0.777587 2.04197
0.0 9.0 0.904102 2.04198
0.0 9.0 0.741115 2.04197
0.0 9.0 0.740682 2.04197
0.0 9.0 0.751551 2.04197
0.0 9.0 0.772183 2.04197
0.0 9.0 0.744904 2.04198
0.0 9.0 0.757076 2.04197
0.0 9.0 0.861891 2.04198
0.0 9.0 1.04328 2.04198
0.0 9.0 0.727112 2.04197
0.0 9.0 0.773728 2.04197
0.0 9.0 0.959069 2.04198
0.0 9.0 0.729681 2.04197
0.0 9.0 0.770122 2.04198
0.0 9.0 0.742183 2.04197
0.0 9.0 0.749602 2.04197
0.0 9.0 0.750456 2.04197
0.0 9.0 1.0626 2.04198
0.0 9.0 0.766021 2.04197
0.0 9.0 0.75281 2.04197
0.0 9.0 0.735006 2.04198
0.0 9.0 0.73602 2.04197
0.0 9.0 0.73801 2.04197
0.0 9.0 0.738142 2.04197
0.0 9.0 0.744761 2.04197
0.0 9.0 1.0243 2.04198
0.0 9.0 0.752422 2.04197
0.0 9.0 0.740937 2.04197
0.0 15.0 0.823544 2.04197
0.0 15.0 0.912917 2.04197
0.0 15.0 0.804569 2.04197
0.0 15.0 0.815483 2.04198
0.0 15.0 0.822815 2.04197
0.0 15.0 0.823874 2.04198
0.0 15.0 0.869474 2.04197
0.0 15.0 0.891339 2.04198
0.0 15.0 0.802054 2.04197
0.0 15.0 0.852357 2.04197
0.0 15.0 0.875415 2.04197
0.0 15.0 0.836354 2.04197
0.0 15.0 0.880447 2.04197
0.0 15.0 0.816842 2.04197
0.0 15.0 0.789076 2.04197
0.0 15.0 0.825893 2.04198
0.0 15.0 0.800303 2.04197
0.0 15.0 0.817597 2.04197
0.0 15.0 0.849953 2.04197
0.0 15.0 0.830293 2.04197
0.0 15.0 0.986814 2.04198
0.0 15.0 0.811564 2.04198
0.0 15.0 1.48324 2.04198
0.0 15.0 0.803967 2.04197
0.0 15.0 0.823078 2.04197
0.0 15.0 0.832244 2.04197
0.0 15.0 0.840625 2.04197
0.0 15.0 0.967898 2.04197
0.0 15.0 0.841762 2.04198
0.0 15.0 0.925593 2.04197
0.0 15.0 0.816526 2.04197
0.0 15.0 0.830349 2.04197
0.0 15.0 0.837 2.04197
0.0 15.0 0.800311 2.04197
0.0 15.0 0.801489 2.04197
0.0 15.0 0.80589 2.04197
0.0 15.0 0.811013 2.04197
0.0 15.0 0.811164 2.04197
0.0 15.0 0.824585 2.04197
0.0 15.0 0.849632 2.04198
0.0 15.0 1.08794 2.04197
0.0 15.0 0.80208 2.04197
0.0 15.0 0.84911 2.04197
0.0 15.0 0.838734 2.04197
0.0 15.0 0.89963 2.04198
0.0 15.0 0.837616 2.04197
0.0 15.0 1.4566 2.04197
0.0 15.0 0.845524 2.04198
0.0 15.0 1.06286 2.04197
0.0 15.0 0.926139 2.04198
0.0 16.0 0.802075 2.04198
0.0 16.0 0.813893 2.04197
0.0 16.0 0.808697 2.04197
0.0 16.0 0.838911 2.04197
0.0 16.0 0.813726 2.04198
0.0 16.0 0.881671 2.04197
0.0 16.0 0.822978 2.04197
0.0 16.0 0.818128 2.04197
0.0 16.0 0.815506 2.04197
0.0 16.0 0.806431 2.04197
0.0 16.0 0.80495 2.04198
0.0 16.0 0.798033 2.04197
0.0 16.0 0.822228 2.04197
0.0 16.0 0.84293 2.04198
0.0 16.0 0.805946 2.04197
0.0 16.0 0.833513 2.04198
0.0 16.0 0.800783 2.04197
0.0 16.0 0.794456 2.04198
0.0 16.0 0.808042 2.04198
0.0 16.0 0.757279 2.04198
0.0 16.0 0.81642 2.04197
0.0 16.0 0.81121 2.04197
0.0 16.0 0.848809 2.04198
0.0 16.0 0.803264 2.04197
0.0 16.0 0.828207 2.04198
0.0 16.0 0.847317 2.04198
0.0 16.0 0.784026 2.04197
0.0 16.0 0.809449 2.04197
0.0 16.0 0.804537 2.04197
0.0 16.0 0.763311 2.04198
0.0 16.0 0.820195 2.04197
0.0 16.0 0.818157 2.04197
0.0 16.0 0.798422 2.04198
0.0 16.0 0.813329 2.04197
0.0 16.0 0.800658 2.04197
0.0 16.0 0.942733 2.04197
0.0 16.0 0.804689 2.04198
0.0 16.0 0.86368 2.04197
0.0 16.0 0.827865 2.04197
0.0 16.0 0.853403 2.04198
0.0 16.0 0.831447 2.04197
0.0 16.0 0.819704 2.04197
0.0 16.0 0.796028 2.04197
0.0 16.0 0.822464 2.04198
0.0 16.0 0.801294 2.04197
0.0 16.0 0.832949 2.04197
0.0 16.0 0.818807 2.04198
0.0 16.0 0.808735 2.04198
0.0 16.0 0.799467 2.04197
0.0 16.0 0.816878 2.04198
0.0 17.0 0.881509 2.04197
0.0 17.0 0.866936 2.04198
0.0 17.0 0.887331 2.04197
0.0 17.0 0.878755 2.04197
0.0 17.0 1.02786 2.04197
0.0 17.0 1.01792 2.04197
0.0 17.0 1.0687 2.04197
0.0 17.0 0.927264 2.04198
0.0 17.0 0.956186 2.04197
0.0 17.0 0.98643 2.04198
0.0 17.0 0.877937 2.04197
0.0 17.0 0.875 2.04197
0.0 17.0 0.995702 2.04198
0.0 17.0 0.883113 2.04197
0.0 17.0 1.03694 2.04198
0.0 17.0 0.951075 2.04197
0.0 17.0 1.00061 2.04197
0.0 17.0 1.05057 2.04197
0.0 17.0 0.966514 2.04197
0.0 17.0 1.03414 2.04198
0.0 17.0 1.36383 2.04197
0.0 17.0 0.953668 2.04197
0.0 17.0 1.04633 2.04198
0.0 17.0 1.07066 2.04198
0.0 17.0 0.898078 2.04198
0.0 17.0 0.876939 2.04197
0.0 17.0 0.997212 2.04197
0.0 17.0 0.893791 2.04197
0.0 17.0 1.02972 2.04198
0.0 17.0 0.887008 2.04197
0.0 17.0 0.885801 2.04198
0.0 17.0 0.954659 2.04197
0.0 17.0 0.863118 2.04197
0.0 17.0 0.878077 2.04197
0.0 17.0 1.05551 2.04198
0.0 17.0 1.36812 2.04197
0.0 17.0 0.868752 2.04197
0.0 17.0 0.985646 2.04198
0.0 17.0 0.860577 2.04198
0.0 17.0 1.04128 2.04197
0.0 17.0 0.846175 2.04197
0.0 17.0 0.888728 2.04197
0.0 17.0 1.04294 2.04198
0.0 17.0 1.01701 2.04198
0.0 17.0 0.879657 2.04197
0.0 17.0 0.872341 2.04197
0.0 17.0 1.04151 2.04197
0.0 17.0 0.862724 2.04198
0.0 17.0 0.867553 2.04198
0.0 17.0 0.920301 2.04198
0.0 31.0 0.884519 2.04197
0.0 31.0 1.33102 2.04198
0.0 31.0 0.951542 2.04197
0.0 31.0 0.948676 2.04198
0.0 31.0 0.967442 2.04197
0.0 31.0 0.95306 2.04197
0.0 31.0 0.933156 2.04197
0.0 31.0 0.915429 2.04197
0.0 31.0 0.963862 2.04197
0.0 31.0 0.943604 2.04197
0.0 31.0 1.40004 2.04198
0.0 31.0 0.918924 2.04197
0.0 31.0 0.960236 2.04197
0.0 31.0 1.06028 2.04197
0.0 31.0 1.3736 2.04197
0.0 31.0 0.898206 2.04197
0.0 31.0 0.957046 2.04197
0.0 31.0 0.925295 2.04197
0.0 31.0 0.959962 2.04197
0.0 31.0 0.908046 2.04197
0.0 31.0 0.962775 2.04197
0.0 31.0 1.04116 2.04197
0.0 31.0 0.932908 2.04197
0.0 31.0 0.951404 2.04197
0.0 31.0 0.979459 2.04197
0.0 31.0 0.96162 2.04197
0.0 31.0 1.41902 2.04197
0.0 31.0 0.884692 2.04197
0.0 31.0 1.45305 2.04198
0.0 31.0 0.976052 2.04197
0.0 31.0 0.963446 2.04197
0.0 31.0 0.984443 2.04197
0.0 31.0 0.935028 2.04198
0.0 31.0 0.923684 2.04197
0.0 31.0 1.01677 2.04197
0.0 31.0 0.906903 2.04197
0.0 31.0 1.43212 2.04197
0.0 31.0 0.96944 2.04197
0.0 31.0 0.931177 2.04197
0.0 31.0 0.996322 2.04197
0.0 31.0 1.05711 2.04197
0.0 31.0 0.916373 2.04197
0.0 31.0 0.917628 2.04197
0.0 31.0 1.38053 2.04197
0.0 31.0 0.9191 2.04197
0.0 31.0 1.15332 2.04197
0.0 31.0 1.56756 2.04198
0.0 31.0 1.00666 2.04197
0.0 31.0 0.947669 2.04198
0.0 31.0 0.942392 2.04197
0.0 32.0 0.949926 2.04197
0.0 32.0 1.04859 2.04197
0.0 32.0 1.04685 2.04197
0.0 32.0 1.0629 2.04197
0.0 32.0 1.39994 2.04197
0.0 32.0 1.39631 2.04197
0.0 32.0 0.951395 2.04198
0.0 32.0 0.964572 2.04198
0.0 32.0 1.44448 2.04197
0.0 32.0 1.39094 2.04197
0.0 32.0 1.04596 2.04197
0.0 32.0 1.83399 2.04197
0.0 32.0 0.962419 2.04197
0.0 32.0 0.95193 2.04198
0.0 32.0 0.968188 2.04198
0.0 32.0 0.883858 2.04197
0.0 32.0 1.05661 2.04197
0.0 32.0 0.982128 2.04198
0.0 32.0 0.935884 2.04197
0.0 32.0 0.955901 2.04197
0.0 32.0 0.943097 2.04197
0.0 32.0 1.4217 2.04197
0.0 32.0 1.00761 2.04197
0.0 32.0 0.976126 2.04197
0.0 32.0 0.916264 2.04198
0.0 32.0 0.966955 2.04197
0.0 32.0 1.46003 2.04197
0.0 32.0 1.37355 2.04197
0.0 32.0 0.967786 2.04198
0.0 32.0 1.4209 2.04198
0.0 32.0 0.93921 2.04198
0.0 32.0 1.4374 2.04197
0.0 32.0 0.903939 2.04197
0.0 32.0 1.41748 2.04198
0.0 32.0 1.51104 2.04197
0.0 32.0 0.930091 2.04198
0.0 32.0 1.39441 2.04198
0.0 32.0 0.912495 2.04197
0.0 32.0 1.45286 2.04197
0.0 32.0 0.968435 2.04197
0.0 32.0 1.01633 2.04197
0.0 32.0 0.917379 2.04197
0.0 32.0 0.979119 2.04197
0.0 32.0 0.919114 2.04198
0.0 32.0 0.905963 2.04198
0.0 32.0 0.972012 2.04197
0.0 32.0 1.47597 2.04197
0.0 32.0 0.907886 2.04198
0.0 32.0 1.0118 2.04197
0.0 32.0 0.899312 2.04198
0.0 33.0 1.12319 2.04198
0.0 33.0 1.01886 2.04197
0.0 33.0 1.37558 2.04197
0.0 33.0 1.04714 2.04198
0.0 33.0 1.03962 2.04197
0.0 33.0 1.09895 2.04197
0.0 33.0 1.03085 2.04197
0.0 33.0 1.04444 2.04197
0.0 33.0 1.39772 2.04197
0.0 33.0 1.02792 2.04197
0.0 33.0 1.06016 2.04197
0.0 33.0 1.41323 2.04197
0.0 33.0 1.47112 2.04198
0.0 33.0 1.03308 2.04197
0.0 33.0 1.03852 2.04197
0.0 33.0 1.42109 2.04197
0.0 33.0 0.963203 2.04197
0.0 33.0 1.01104 2.04198
0.0 33.0 1.05575 2.04197
0.0 33.0 1.01751 2.04197
0.0 33.0 1.48517 2.04197
0.0 33.0 1.03007 2.04197
0.0 33.0 1.01443 2.04197
0.0 33.0 1.37676 2.04198
0.0 33.0 1.02468 2.04198
0.0 33.0 1.04161 2.04197
0.0 33.0 1.03289 2.04198
0.0 33.0 1.04772 2.04197
0.0 33.0 1.49694 2.04197
0.0 33.0 1.04577 2.04197
0.0 33.0 1.06225 2.04197
0.0 33.0 1.11138 2.04197
0.0 33.0 1.48551 2.04197
0.0 33.0 1.06776 2.04198
0.0 33.0 1.45115 2.04197
0.0 33.0 1.43059 2.04197
0.0 33.0 1.11156 2.04197
0.0 33.0 1.48843 2.04198
0.0 33.0 1.02152 2.04198
0.0 33.0 1.43657 2.04197
0.0 33.0 1.12905 2.04198
0.0 33.0 1.05293 2.04198
0.0 33.0 1.04032 2.04197
0.0 33.0 1.0349 2.04197
0.0 33.0 1.04041 2.04197
0.0 33.0 1.50244 2.04197
0.0 33.0 1.38879 2.04198
0.0 33.0 1.46997 2.04197
0.0 33.0 1.01667 2.04198
0.0 33.0 1.00054 2.04197
1.0 3.0 0.969081 16.6528
1.0 3.0 0.471997 16.6528
1.0 3.0 1.12917 16.6528
1.0 3.0 0.462566 16.6528
1.0 3.0 1.15709 16.6528
1.0 3.0 1.06316 16.6528
1.0 3.0 0.463525 16.6528
1.0 3.0 0.46608 16.6528
1.0 3.0 1.83509 16.6528
1.0 3.0 1.6603 16.6528
1.0 3.0 0.495213 16.6528
1.0 3.0 1.78731 16.6528
1.0 3.0 1.04925 16.6528
1.0 3.0 0.474704 16.6528
1.0 3.0 0.470586 16.6527
1.0 3.0 0.500901 16.6528
1.0 3.0 1.65646 16.6528
1.0 3.0 1.88284 16.6528
1.0 3.0 1.74341 16.6528
1.0 3.0 1.22187 16.6528
1.0 3.0 1.90622 16.6528
1.0 3.0 1.08622 16.6528
1.0 3.0 1.15704 16.6528
1.0 3.0 1.1598 16.6528
1.0 3.0 0.453418 16.6528
1.0 3.0 1.73211 16.6528
1.0 3.0 0.428255 16.6528
1.0 3.0 1.07657 16.6528
1.0 3.0 1.15181 16.6528
1.0 3.0 1.14507 16.6528
1.0 3.0 0.471634 16.6528
1.0 3.0 1.07387 16.6528
1.0 3.0 1.90557 16.6528
1.0 3.0 1.95717 16.6528
1.0 3.0 1.22144 16.6528
1.0 3.0 1.13889 16.6528
1.0 3.0 1.64505 16.6528
1.0 3.0 1.10631 16.6528
1.0 3.0 1.66363 16.6528
1.0 3.0 1.65337 16.6528
1.0 3.0 1.97394 16.6528
1.0 3.0 1.13267 16.6528
1.0 3.0 1.29239 16.6528
1.0 3.0 1.08773 16.6528
1.0 3.0 1.11042 16.6528
1.0 3.0 0.989604 16.6528
1.0 3.0 1.12249 16.6528
1.0 3.0 0.737715 16.6528
1.0 3.0 1.84555 16.6528
1.0 3.0 1.12093 16.6528
1.0 4.0 0.969416 16.6528
1.0 4.0 1.08598 16.6528
1.0 4.0 0.461252 16.6528
1.0 4.0 0.986875 16.6528
1.0 4.0 0.479547 16.6527
1.0 4.0 0.717639 16.6528
1.0 4.0 0.478192 16.6528
1.0 4.0 0.443717 16.6528
1.0 4.0 1.05497 16.6528
1.0 4.0 0.481605 16.6528
1.0 4.0 0.968269 16.6528
1.0 4.0 0.99231 16.6528
1.0 4.0 0.797523 16.6528
1.0 4.0 0.473615 16.6528
1.0 4.0 0.476279 16.6528
1.0 4.0 1.48472 16.6528
1.0 4.0 0.871927 16.6527
1.0 4.0 1.06448 16.6528
1.0 4.0 1.10807 16.6528
1.0 4.0 1.13803 16.6528
1.0 4.0 1.06183 16.6528
1.0 4.0 0.494308 16.6528
1.0 4.0 1.55696 16.6528
1.0 4.0 0.714502 16.6528
1.0 4.0 0.506259 16.6527
1.0 4.0 1.10728 16.6528
1.0 4.0 0.515244 16.6527
1.0 4.0 1.78152 16.6528
1.0 4.0 1.04216 16.6528
1.0 4.0 1.75198 16.6528
1.0 4.0 1.08198 16.6528
1.0 4.0 1.05551 16.6528
1.0 4.0 1.11998 16.6528
1.0 4.0 0.999582 16.6528
1.0 4.0 1.55449 16.6528
1.0 4.0 1.66177 16.6528
1.0 4.0 1.05071 16.6528
1.0 4.0 0.481532 16.6528
1.0 4.0 1.57221 16.6528
1.0 4.0 1.07036 16.6528
1.0 4.0 1.05626 16.6528
1.0 4.0 0.997354 16.6528
1.0 4.0 1.0405 16.6528
1.0 4.0 1.02842 16.6528
1.0 4.0 1.42993 16.6528
1.0 4.0 1.06846 16.6528
1.0 4.0 1.16671 16.6528
1.0 4.0 1.04222 16.6528
1.0 4.0 1.06915 16.6528
1.0 4.0 1.76153 16.6528
1.0 5.0 0.811385 16.6528
1.0 5.0 0.690409 16.6527
1.0 5.0 0.771883 16.6528
1.0 5.0 0.787926 16.6528
1.0 5.0 1.00953 16.6526
1.0 5.0 0.698012 16.6528
1.0 5.0 0.57149 16.6528
1.0 5.0 0.603525 16.6528
1.0 5.0 0.686914 16.6528
1.0 5.0 1.03756 16.6528
1.0 5.0 0.997865 16.6527
1.0 5.0 0.571194 16.6528
1.0 5.0 0.574023 16.6528
1.0 5.0 0.69307 16.6527
1.0 5.0 0.685339 16.6528
1.0 5.0 0.576115 16.6527
1.0 5.0 0.718969 16.6528
1.0 5.0 1.05915 16.6528
1.0 5.0 0.793657 16.6528
1.0 5.0 0.564012 16.6527
1.0 5.0 0.564347 16.6528
1.0 5.0 1.06417 16.6528
1.0 5.0 0.59076 16.6528
1.0 5.0 0.570612 16.6528
1.0 5.0 0.798114 16.6528
1.0 5.0 0.721978 16.6527
1.0 5.0 0.578147 16.6528
1.0 5.0 0.772517 16.6528
1.0 5.0 0.586389 16.6528
1.0 5.0 0.710802 16.6527
1.0 5.0 0.578634 16.6526
1.0 5.0 0.780383 16.6528
1.0 5.0 0.579602 16.6528
1.0 5.0 0.863162 16.6528
1.0 5.0 0.610355 16.6527
1.0 5.0 0.695931 16.6528
1.0 5.0 0.574252 16.6528
1.0 5.0 0.884039 16.6528
1.0 5.0 0.570722 16.6528
1.0 5.0 0.734723 16.6528
1.0 5.0 0.694714 16.6528
1.0 5.0 1.20679 16.6527
1.0 5.0 0.685322 16.6528
1.0 5.0 0.814865 16.6528
1.0 5.0 0.693475 16.6528
1.0 5.0 0.693179 16.6527
1.0 5.0 0.684884 16.6526
1.0 5.0 0.572955 16.6527
1.0 5.0 0.571919 16.6528
1.0 5.0 1.0234 16.6527
1.0 7.0 0.704662 16.6528
1.0 7.0 0.733525 16.6528
1.0 7.0 0.918752 16.6528
1.0 7.0 0.651651 16.6526
1.0 7.0 0.74817 16.6528
1.0 7.0 0.765058 16.6528
1.0 7.0 0.752716 16.6528
1.0 7.0 0.900536 16.6528
1.0 7.0 0.754708 16.6528
1.0 7.0 0.906767 16.6528
1.0 7.0 0.759552 16.6528
1.0 7.0 0.776913 16.6528
1.0 7.0 0.695531 16.6528
1.0 7.0 0.683975 16.6528
1.0 7.0 0.673425 16.6526
1.0 7.0 0.662042 16.6526
1.0 7.0 1.06151 16.6526
1.0 7.0 0.989679 16.6528
1.0 7.0 0.721671 16.6526
1.0 7.0 0.660875 16.6527
1.0 7.0 0.678462 16.6528
1.0 7.0 0.894819 16.6528
1.0 7.0 1.16471 16.6526
1.0 7.0 1.19243 16.6528
1.0 7.0 0.89801 16.6528
1.0 7.0 0.707841 16.6528
1.0 7.0 1.53397 16.6528
1.0 7.0 0.854785 16.6528
1.0 7.0 0.906157 16.6528
1.0 7.0 0.85244 16.6528
1.0 7.0 1.05397 16.6528
1.0 7.0 0.668953 16.6528
1.0 7.0 0.642686 16.6527
1.0 7.0 1.00199 16.6528
1.0 7.0 0.644966 16.6526
1.0 7.0 0.659978 16.6527
1.0 7.0 0.856739 16.6528
1.0 7.0 0.868684 16.6528
1.0 7.0 0.675198 16.6528
1.0 7.0 0.638253 16.6526
1.0 7.0 0.647913 16.6527
1.0 7.0 0.919201 16.6528
1.0 7.0 0.901604 16.6528
1.0 7.0 0.852146 16.6528
1.0 7.0 1.5466 16.6526
1.0 7.0 0.883513 16.6528
1.0 7.0 0.894951 16.6528
1.0 7.0 0.85312 16.6528
1.0 7.0 0.83884 16.6528
1.0 7.0 0.697286 16.6528
1.0 8.0 0.741319 16.6528
1.0 8.0 0.898545 16.6527
1.0 8.0 0.868302 16.6528
1.0 8.0 0.714159 16.6528
1.0 8.0 0.840754 16.6528
1.0 8.0 0.663521 16.6528
1.0 8.0 0.66273 16.6528
1.0 8.0 1.53853 16.6528
1.0 8.0 0.935729 16.6528
1.0 8.0 0.66074 16.6526
1.0 8.0 0.679804 16.6526
1.0 8.0 0.663996 16.6528
1.0 8.0 0.961017 16.6528
1.0 8.0 0.670218 16.6528
1.0 8.0 0.674587 16.6527
1.0 8.0 0.907613 16.6528
1.0 8.0 0.692025 16.6528
1.0 8.0 0.679409 16.6527
1.0 8.0 0.667371 16.6528
1.0 8.0 0.909423 16.6528
1.0 8.0 0.666824 16.6528
1.0 8.0 0.841079 16.6528
1.0 8.0 0.667747 16.6528
1.0 8.0 0.907368 16.6527
1.0 8.0 0.672292 16.6527
1.0 8.0 0.719101 16.6527
1.0 8.0 0.671278 16.6528
1.0 8.0 1.08034 16.6528
1.0 8.0 0.675289 16.6528
1.0 8.0 0.669847 16.6528
1.0 8.0 0.694893 16.6527
1.0 8.0 0.718652 16.6527
1.0 8.0 0.673053 16.6526
1.0 8.0 0.665082 16.6528
1.0 8.0 0.863477 16.6528
1.0 8.0 0.671554 16.6527
1.0 8.0 0.652389 16.6528
1.0 8.0 0.662 16.6526
1.0 8.0 0.738407 16.6528
1.0 8.0 0.846161 16.6527
1.0 8.0 0.673444 16.6528
1.0 8.0 0.668489 16.6526
1.0 8.0 0.697855 16.6526
1.0 8.0 0.670414 16.6527
1.0 8.0 0.663666 16.6528
1.0 8.0 0.681856 16.6527
1.0 8.0 0.852286 16.6528
1.0 8.0 0.666248 16.6528
1.0 8.0 0.706906 16.6528
1.0 8.0 0.661768 16.6528
1.0 9.0 1.11709 16.6528
1.0 9.0 1.0015 16.6528
1.0 9.0 0.734444 16.6527
1.0 9.0 0.728125 16.6528
1.0 9.0 1.17153 16.6527
1.0 9.0 0.776578 16.6528
1.0 9.0 1.00793 16.6528
1.0 9.0 0.740417 16.6528
1.0 9.0 1.01263 16.6528
1.0 9.0 0.811169 16.6528
1.0 9.0 0.723618 16.6526
1.0 9.0 1.85555 16.6527
1.0 9.0 0.983925 16.6528
1.0 9.0 0.737147 16.6528
1.0 9.0 0.737151 16.6527
1.0 9.0 0.92888 16.6528
1.0 9.0 0.738121 16.6526
1.0 9.0 0.723993 16.6528
1.0 9.0 1.84222 16.6528
1.0 9.0 0.807076 16.6527
1.0 9.0 0.732033 16.6527
1.0 9.0 1.82232 16.6528
1.0 9.0 0.722682 16.6526
1.0 9.0 0.99025 16.6528
1.0 9.0 1.88353 16.6528
1.0 9.0 1.01035 16.6528
1.0 9.0 0.738885 16.6528
1.0 9.0 0.732763 16.6526
1.0 9.0 0.904889 16.6528
1.0 9.0 0.734937 16.6528
1.0 9.0 0.91015 16.6528
1.0 9.0 1.04145 16.6528
1.0 9.0 0.793659 16.6528
1.0 9.0 0.938893 16.6528
1.0 9.0 0.895285 16.6528
1.0 9.0 0.793071 16.6528
1.0 9.0 0.939546 16.6528
1.0 9.0 0.959983 16.6528
1.0 9.0 0.728815 16.6527
1.0 9.0 0.726866 16.6528
1.0 9.0 0.725058 16.6528
1.0 9.0 0.914513 16.6528
1.0 9.0 0.822475 16.6528
1.0 9.0 0.739211 16.6528
1.0 9.0 0.732641 16.6527
1.0 9.0 0.770519 16.6528
1.0 9.0 0.744757 16.6527
1.0 9.0 0.92675 16.6528
1.0 9.0 1.02794 16.6528
1.0 9.0 1.02794 16.6528
1.0 15.0 1.00006 16.6528
1.0 15.0 1.59825 16.6526
1.0 15.0 0.759658 16.6528
1.0 15.0 0.998457 16.6528
1.0 15.0 0.794576 16.6528
1.0 15.0 0.986127 16.6528
1.0 15.0 1.65765 16.6528
1.0 15.0 0.848793 16.6528
1.0 15.0 0.831252 16.6528
1.0 15.0 0.81394 16.6528
1.0 15.0 0.971282 16.6528
1.0 15.0 0.81766 16.6528
1.0 15.0 1.63698 16.6527
1.0 15.0 0.996719 16.6528
1.0 15.0 0.821068 16.6528
1.0 15.0 0.816189 16.6528
1.0 15.0 0.790099 16.6528
1.0 15.0 0.791759 16.6528
1.0 15.0 0.840322 16.6528
1.0 15.0 0.807839 16.6528
1.0 15.0 0.840451 16.6528
1.0 15.0 0.809465 16.6528
1.0 15.0 0.806783 16.6528
1.0 15.0 1.02925 16.6528
1.0 15.0 0.826112 16.6527
1.0 15.0 0.845548 16.6527
1.0 15.0 1.70701 16.6527
1.0 15.0 0.808713 16.6528
1.0 15.0 1.03042 16.6528
1.0 15.0 0.903088 16.6528
1.0 15.0 0.97931 16.6528
1.0 15.0 1.04046 16.6528
1.0 15.0 0.801933 16.6528
1.0 15.0 0.81718 16.6528
1.0 15.0 0.825267 16.6528
1.0 15.0 0.812932 16.6528
1.0 15.0 0.827639 16.6527
1.0 15.0 0.808702 16.6528
1.0 15.0 0.826854 16.6528
1.0 15.0 1.04895 16.6528
1.0 15.0 0.795249 16.6528
1.0 15.0 0.841102 16.6528
1.0 15.0 0.796897 16.6528
1.0 15.0 1.01546 16.6528
1.0 15.0 0.812704 16.6527
1.0 15.0 0.808947 16.6528
1.0 15.0 0.801595 16.6528
1.0 15.0 0.800456 16.6528
1.0 15.0 1.04403 16.6528
1.0 15.0 1.02679 16.6528
1.0 16.0 0.823228 16.6528
1.0 16.0 0.79993 16.6528
1.0 16.0 0.82189 16.6528
1.0 16.0 0.836737 16.6528
1.0 16.0 0.807839 16.6528
1.0 16.0 0.818041 16.6528
1.0 16.0 0.816238 16.6528
1.0 16.0 0.795431 16.6528
1.0 16.0 0.8023 16.6528
1.0 16.0 0.804866 16.6527
1.0 16.0 0.795922 16.6527
1.0 16.0 0.807365 16.6528
1.0 16.0 0.788993 16.6528
1.0 16.0 0.803716 16.6528
1.0 16.0 0.777132 16.6527
1.0 16.0 0.817605 16.6528
1.0 16.0 0.798485 16.6528
1.0 16.0 0.827365 16.6528
1.0 16.0 0.80169 16.6528
1.0 16.0 0.792444 16.6528
1.0 16.0 0.793677 16.6528
1.0 16.0 0.834461 16.6528
1.0 16.0 0.806538 16.6528
1.0 16.0 0.813919 16.6528
1.0 16.0 1.01012 16.6528
1.0 16.0 0.807545 16.6528
1.0 16.0 0.798447 16.6528
1.0 16.0 0.801774 16.6528
1.0 16.0 0.96086 16.6528
1.0 16.0 0.818794 16.6528
1.0 16.0 1.46838 16.6528
1.0 16.0 0.814217 16.6528
1.0 16.0 0.835205 16.6528
1.0 16.0 0.895269 16.6528
1.0 16.0 0.792835 16.6528
1.0 16.0 0.843713 16.6528
1.0 16.0 0.816239 16.6528
1.0 16.0 0.806815 16.6528
1.0 16.0 0.801658 16.6528
1.0 16.0 1.4315 16.6528
1.0 16.0 0.80215 16.6527
1.0 16.0 0.81545 16.6528
1.0 16.0 0.998665 16.6528
1.0 16.0 0.89342 16.6527
1.0 16.0 0.986811 16.6528
1.0 16.0 0.795685 16.6528
1.0 16.0 0.750248 16.6527
1.0 16.0 0.798428 16.6528
1.0 16.0 0.830602 16.6528
1.0 16.0 0.83522 16.6526
1.0 17.0 1.07456 16.6528
1.0 17.0 0.862746 16.6528
1.0 17.0 0.94808 16.6528
1.0 17.0 1.57101 16.6528
1.0 17.0 1.01932 16.6528
1.0 17.0 0.942239 16.6528
1.0 17.0 0.900617 16.6526
1.0 17.0 1.04394 16.6528
1.0 17.0 0.920036 16.6528
1.0 17.0 1.52106 16.6528
1.0 17.0 0.900265 16.6527
1.0 17.0 1.03887 16.6528
1.0 17.0 1.03841 16.6528
1.0 17.0 1.03454 16.6528
1.0 17.0 0.898264 16.6528
1.0 17.0 1.54019 16.6528
1.0 17.0 0.868775 16.6528
1.0 17.0 1.04261 16.6528
1.0 17.0 0.908735 16.6528
1.0 17.0 1.06997 16.6528
1.0 17.0 0.861431 16.6528
1.0 17.0 1.03853 16.6528
1.0 17.0 1.50646 16.6528
1.0 17.0 0.899077 16.6527
1.0 17.0 1.52385 16.6528
1.0 17.0 1.16825 16.6528
1.0 17.0 1.0019 16.6528
1.0 17.0 0.849937 16.6528
1.0 17.0 0.901638 16.6528
1.0 17.0 1.02119 16.6528
1.0 17.0 1.06601 16.6528
1.0 17.0 1.04157 16.6528
1.0 17.0 0.941903 16.6528
1.0 17.0 1.53382 16.6528
1.0 17.0 1.03785 16.6528
1.0 17.0 0.87022 16.6528
1.0 17.0 1.47442 16.6528
1.0 17.0 0.862772 16.6527
1.0 17.0 0.925365 16.6528
1.0 17.0 0.856781 16.6528
1.0 17.0 1.04336 16.6528
1.0 17.0 0.924103 16.6528
1.0 17.0 1.04459 16.6528
1.0 17.0 0.901174 16.6528
1.0 17.0 1.04881 16.6528
1.0 17.0 1.08378 16.6528
1.0 17.0 0.883067 16.6528
1.0 17.0 1.05162 16.6528
1.0 17.0 0.921669 16.6528
1.0 17.0 1.08958 16.6528
1.0 31.0 0.923489 16.6528
1.0 31.0 1.0722 16.6527
1.0 31.0 0.895945 16.6528
1.0 31.0 1.00712 16.6528
1.0 31.0 1.09271 16.6526
1.0 31.0 0.92593 16.6528
1.0 31.0 1.00358 16.6526
1.0 31.0 1.09045 16.6528
1.0 31.0 0.941188 16.6528
1.0 31.0 1.01058 16.6526
1.0 31.0 1.51892 16.6528
1.0 31.0 0.967044 16.6528
1.0 31.0 1.10162 16.6528
1.0 31.0 0.929705 16.6526
1.0 31.0 1.64317 16.6528
1.0 31.0 0.942212 16.6528
1.0 31.0 0.950503 16.6526
1.0 31.0 0.948598 16.6526
1.0 31.0 0.944935 16.6526
1.0 31.0 0.952217 16.6528
1.0 31.0 0.916619 16.6528
1.0 31.0 0.94882 16.6526
1.0 31.0 0.888652 16.6528
1.0 31.0 0.918436 16.6527
1.0 31.0 1.09636 16.6528
1.0 31.0 0.885559 16.6528
1.0 31.0 0.939343 16.6528
1.0 31.0 0.964232 16.6528
1.0 31.0 1.03713 16.6528
1.0 31.0 0.960086 16.6528
1.0 31.0 0.894586 16.6528
1.0 31.0 0.955492 16.6528
1.0 31.0 0.98773 16.6528
1.0 31.0 0.958308 16.6528
1.0 31.0 0.883037 16.6528
1.0 31.0 1.4392 16.6527
1.0 31.0 0.94617 16.6528
1.0 31.0 1.53092 16.6528
1.0 31.0 1.05716 16.6526
1.0 31.0 0.874888 16.6528
1.0 31.0 1.43948 16.6527
1.0 31.0 0.942169 16.6528
1.0 31.0 0.933332 16.6528
1.0 31.0 0.886772 16.6528
1.0 31.0 0.959176 16.6528
1.0 31.0 0.908883 16.6528
1.0 31.0 0.860623 16.6528
1.0 31.0 0.945928 16.6528
1.0 31.0 0.887684 16.6528
1.0 31.0 1.51446 16.6528
1.0 32.0 1.40475 16.6526
1.0 32.0 1.03328 16.6527
1.0 32.0 0.915849 16.6528
1.0 32.0 1.65194 16.6528
1.0 32.0 0.898624 16.6527
1.0 32.0 0.950874 16.6527
1.0 32.0 0.935979 16.6526
1.0 32.0 1.0168 16.6528
1.0 32.0 1.06588 16.6527
1.0 32.0 0.882311 16.6528
1.0 32.0 0.942106 16.6527
1.0 32.0 0.940979 16.6528
1.0 32.0 0.917928 16.6527
1.0 32.0 0.955114 16.6528
1.0 32.0 0.956778 16.6527
1.0 32.0 0.890797 16.6528
1.0 32.0 1.04707 16.6528
1.0 32.0 0.922893 16.6528
1.0 32.0 0.92629 16.6527
1.0 32.0 0.9523 16.6527
1.0 32.0 0.934412 16.6528
1.0 32.0 0.948997 16.6527
1.0 32.0 0.947923 16.6527
1.0 32.0 0.967024 16.6527
1.0 32.0 0.893621 16.6528
1.0 32.0 0.945576 16.6528
1.0 32.0 0.948224 16.6528
1.0 32.0 0.947845 16.6526
1.0 32.0 0.954875 16.6528
1.0 32.0 0.928122 16.6528
1.0 32.0 1.01635 16.6528
1.0 32.0 0.983116 16.6528
1.0 32.0 0.909125 16.6528
1.0 32.0 0.950549 16.6526
1.0 32.0 1.38507 16.6528
1.0 32.0 1.41436 16.6526
1.0 32.0 0.945997 16.6528
1.0 32.0 0.92436 16.6528
1.0 32.0 0.932453 16.6527
1.0 32.0 1.03031 16.6528
1.0 32.0 0.947994 16.6528
1.0 32.0 1.46676 16.6528
1.0 32.0 1.44722 16.6528
1.0 32.0 0.942347 16.6526
1.0 32.0 0.967686 16.6527
1.0 32.0 0.936373 16.6528
1.0 32.0 0.943176 16.6527
1.0 32.0 0.931005 16.6528
1.0 32.0 0.898572 16.6528
1.0 32.0 0.898572 16.6528
1.0 33.0 1.05442 16.6527
1.0 33.0 1.00485 16.6527
1.0 33.0 1.0811 16.6528
1.0 33.0 1.01195 16.6526
1.0 33.0 1.5694 16.6528
1.0 33.0 1.02962 16.6526
1.0 33.0 1.09109 16.6528
1.0 33.0 1.05557 16.6528
1.0 33.0 0.998902 16.6528
1.0 33.0 0.863778 16.6527
1.0 33.0 1.05597 16.6526
1.0 33.0 0.990162 16.6526
1.0 33.0 1.039 16.6528
1.0 33.0 1.01329 16.6528
1.0 33.0 1.49486 16.6528
1.0 33.0 1.47044 16.6528
1.0 33.0 1.05188 16.6526
1.0 33.0 1.05055 16.6527
1.0 33.0 1.01241 16.6527
1.0 33.0 1.01893 16.6528
1.0 33.0 1.04392 16.6526
1.0 33.0 1.03269 16.6527
1.0 33.0 1.08201 16.6528
1.0 33.0 0.993579 16.6526
1.0 33.0 1.04671 16.6527
1.0 33.0 1.02386 16.6527
1.0 33.0 1.03333 16.6528
1.0 33.0 1.07858 16.6528
1.0 33.0 1.03299 16.6527
1.0 33.0 1.03148 16.6528
1.0 33.0 1.48441 16.6528
1.0 33.0 1.03109 16.6528
1.0 33.0 1.08423 16.6528
1.0 33.0 1.00339 16.6528
1.0 33.0 1.07324 16.6528
1.0 33.0 1.07694 16.6528
1.0 33.0 1.00049 16.6528
1.0 33.0 1.38104 16.6528
1.0 33.0 0.955876 16.6528
1.0 33.0 0.928063 16.6526
1.0 33.0 1.00588 16.6528
1.0 33.0 1.04817 16.6528
1.0 33.0 1.01406 16.6527
1.0 33.0 0.99961 16.6528
1.0 33.0 1.0144 16.6526
1.0 33.0 1.0453 16.6528
1.0 33.0 1.04225 16.6528
1.0 33.0 1.07816 16.6527
1.0 33.0 1.41684 16.6528
1.0 33.0 1.03976 16.6528
2.0 3.0 0.442942 -3.72476e-12
2.0 3.0 0.934885 -3.74547e-07
2.0 3.0 0.674395 -9.20332e-10
2.0 3.0 1.6036 -6.2535e-12
2.0 3.0 1.06471 -1.68463e-08
2.0 3.0 1.1601 -5.13845e-10
2.0 3.0 0.467902 -6.31642e-11
2.0 3.0 1.76598 -1.93026e-09
2.0 3.0 1.66902 -2.65306e-08
2.0 3.0 0.765861 -7.03813e-09
2.0 3.0 0.766387 -4.77613e-09
2.0 3.0 0.965261 -1.47783e-10
2.0 3.0 1.27164 -4.03868e-10
2.0 3.0 0.682111 -5.19527e-10
2.0 3.0 0.426005 -2.71368e-09
2.0 3.0 0.677303 -1.25765e-08
2.0 3.0 1.10641 -6.09788e-08
2.0 3.0 0.643779 -5.82579e-09
2.0 3.0 1.76235 -3.0741e-12
2.0 3.0 1.1681 -1.53788e-10
2.0 3.0 0.755386 -5.35469e-10
2.0 3.0 0.665263 -2.81356e-09
2.0 3.0 0.715448 -2.08657e-10
2.0 3.0 1.05098 -1.99323e-11
2.0 3.0 1.01547 -3.16469e-08
2.0 3.0 1.11285 -3.91073e-09
2.0 3.0 0.693064 -7.80179e-10
2.0 3.0 1.02735 -2.60241e-10
2.0 3.0 0.451199 -7.19696e-09
2.0 3.0 1.1698 -9.59053e-10
2.0 3.0 1.82273 -1.49885e-09
2.0 3.0 1.35956 -6.15508e-10
2.0 3.0 1.07837 -3.4915e-08
2.0 3.0 0.666674 -9.4146e-10
2.0 3.0 0.681228 -1.74825e-09
2.0 3.0 0.446579 -3.63173e-09
2.0 3.0 1.05341 -2.06516e-11
2.0 3.0 1.09279 -8.9654e-13
2.0 3.0 0.678778 -1.00392e-08
2.0 3.0 1.82547 -8.54229e-09
2.0 3.0 0.433288 -2.3965e-10
2.0 3.0 0.649148 -1.26705e-12
2.0 3.0 0.681571 -5.31938e-09
2.0 3.0 1.15015 -4.03779e-08
2.0 3.0 0.667959 -5.18382e-10
2.0 3.0 1.96372 -2.34518e-09
2.0 3.0 1.18605 -2.53008e-09
2.0 3.0 1.12952 -1.57983e-10
2.0 3.0 1.06817 -6.45992e-09
2.0 3.0 1.5345 -1.93242e-07
2.0 4.0 0.957921 -3.37708e-08
2.0 4.0 1.06336 -1.23339e-09
2.0 4.0 0.820641 -7.0931e-10
2.0 4.0 1.00736 -9.49951e-14
2.0 4.0 0.456495 -2.55286e-10
2.0 4.0 0.416275 -1.60356e-09
2.0 4.0 1.10888 -2.08921e-09
2.0 4.0 0.97523 -3.06465e-13
2.0 4.0 1.02603 -1.66802e-11
2.0 4.0 1.55295 -4.03888e-11
2.0 4.0 0.851221 -7.45244e-09
2.0 4.0 1.0598 -5.04864e-12
2.0 4.0 0.40931 -1.99891e-08
2.0 4.0 0.924149 -2.41543e-08
2.0 4.0 1.00425 -3.70098e-10
2.0 4.0 0.973664 -2.84779e-10
2.0 4.0 1.54665 -7.64733e-10
2.0 4.0 0.978595 -5.26097e-09
2.0 4.0 1.5669 -5.59044e-11
2.0 4.0 1.91603 -5.04251e-08
2.0 4.0 0.450329 -2.60246e-09
2.0 4.0 1.4323 -5.23411e-11
2.0 4.0 1.17775 -2.40924e-11
2.0 4.0 0.443701 -1.48028e-12
2.0 4.0 1.05044 -3.48401e-10
2.0 4.0 1.47219 -3.24651e-08
2.0 4.0 0.408671 -3.51122e-10
2.0 4.0 1.07049 -3.02031e-11
2.0 4.0 1.08792 -1.24041e-12
2.0 4.0 1.1203 -1.58865e-10
2.0 4.0 0.998855 -4.84485e-11
2.0 4.0 1.40395 -1.94164e-08
2.0 4.0 0.926641 -2.93071e-10
2.0 4.0 0.882126 -3.81504e-09
2.0 4.0 0.937264 -5.00829e-09
2.0 4.0 1.02205 -9.96573e-12
2.0 4.0 1.63507 -1.41351e-08
2.0 4.0 0.403553 -1.31147e-07
2.0 4.0 1.02879 -4.38452e-08
2.0 4.0 0.43038 -8.82326e-08
2.0 4.0 1.00171 -1.10974e-08
2.0 4.0 0.972907 -5.00843e-12
2.0 4.0 0.810461 -3.72918e-08
2.0 4.0 1.73202 -2.22349e-08
2.0 4.0 0.674082 -7.11418e-10
2.0 4.0 0.901053 -1.61118e-08
2.0 4.0 0.939584 -1.18378e-09
2.0 4.0 0.429681 -9.90923e-10
2.0 4.0 1.44664 -1.36734e-07
2.0 4.0 1.41493 -2.64278e-11
2.0 5.0 0.730377 -1.01042e-08
2.0 5.0 0.585973 -3.46682e-08
2.0 5.0 0.538521 -2.52433e-09
2.0 5.0 0.755676 -4.67904e-11
2.0 5.0 0.593156 -1.26156e-09
2.0 5.0 0.716559 -5.34181e-09
2.0 5.0 0.559013 -8.37822e-09
2.0 5.0 0.560207 -2.54324e-08
2.0 5.0 0.780544 -4.31644e-09
2.0 5.0 0.524224 -7.5237e-10
2.0 5.0 0.558039 -9.41045e-09
2.0 5.0 0.678895 -1.3988e-07
2.0 5.0 0.77582 -6.22348e-11
2.0 5.0 0.763308 -2.03631e-09
2.0 5.0 0.668445 -2.51518e-10
2.0 5.0 0.55365 -1.45224e-09
2.0 5.0 0.678361 -5.67031e-10
2.0 5.0 0.558433 -1.6805e-11
2.0 5.0 0.562436 -7.2926e-08
2.0 5.0 0.563751 -1.69727e-08
2.0 5.0 0.55318 -7.65073e-08
2.0 5.0 0.560779 -1.99049e-09
2.0 5.0 0.553169 -5.34758e-10
2.0 5.0 0.573554 -5.25888e-09
2.0 5.0 0.683049 -1.49243e-11
2.0 5.0 0.802757 -1.35348e-08
2.0 5.0 0.828274 -1.95863e-08
2.0 5.0 0.53214 -5.16318e-08
2.0 5.0 1.34592 -2.41567e-08
2.0 5.0 0.712527 -7.73152e-10
2.0 5.0 0.941573 -6.10593e-10
2.0 5.0 0.546779 -1.79617e-07
2.0 5.0 0.676584 -1.73325e-09
2.0 5.0 0.563416 -7.0238e-08
2.0 5.0 0.582945 -5.76878e-08
2.0 5.0 0.709299 -9.61214e-08
2.0 5.0 0.764053 -1.93527e-09
2.0 5.0 0.527648 -1.03508e-08
2.0 5.0 0.558063 -1.23724e-09
2.0 5.0 0.551129 -2.83362e-08
2.0 5.0 0.688898 -8.81159e-11
2.0 5.0 0.730743 -1.16862e-07
2.0 5.0 0.683697 -1.87897e-09
2.0 5.0 0.554142 -1.07364e-08
2.0 5.0 0.553346 -2.1619e-09
2.0 5.0 0.535884 -4.30874e-10
2.0 5.0 0.555603 -8.00425e-08
2.0 5.0 0.765471 -5.96537e-10
2.0 5.0 1.00936 -1.41337e-08
2.0 5.0 0.557411 -1.86922e-10
2.0 7.0 0.77527 -4.72882e-09
2.0 7.0 0.628953 -3.94419e-10
2.0 7.0 0.782426 -6.50066e-09
2.0 7.0 0.637526 -1.45653e-09
2.0 7.0 1.57291 -8.91922e-08
2.0 7.0 0.787745 -1.18576e-08
2.0 7.0 0.639303 -3.09071e-08
2.0 7.0 0.84271 -9.68403e-11
2.0 7.0 0.643452 -1.71143e-07
2.0 7.0 0.696563 -7.63218e-09
2.0 7.0 0.635325 -1.22046e-07
2.0 7.0 0.862678 -1.23038e-11
2.0 7.0 0.823129 -1.49464e-13
2.0 7.0 0.602416 -8.67865e-11
2.0 7.0 0.827559 -1.18014e-09
2.0 7.0 0.701502 -1.93316e-09
2.0 7.0 0.817139 -1.08698e-08
2.0 7.0 0.937007 -2.17475e-09
2.0 7.0 0.978877 -1.35484e-11
2.0 7.0 0.813372 -2.56515e-10
2.0 7.0 0.62444 -1.54934e-09
2.0 7.0 0.693476 -2.52525e-09
2.0 7.0 0.862446 -1.19145e-12
2.0 7.0 0.631312 -2.86431e-08
2.0 7.0 1.20942 -6.09803e-09
2.0 7.0 0.907276 -2.90593e-08
2.0 7.0 0.901952 -2.93702e-11
2.0 7.0 1.0071 -4.67912e-09
2.0 7.0 0.769807 -1.67028e-08
2.0 7.0 0.838805 -4.16317e-10
2.0 7.0 0.604299 -3.74378e-12
2.0 7.0 0.86411 -6.20871e-12
2.0 7.0 0.898987 -5.59621e-10
2.0 7.0 1.02168 -2.34278e-08
2.0 7.0 0.643285 -5.86865e-09
2.0 7.0 0.831516 -2.35204e-12
2.0 7.0 0.632247 -1.17157e-08
2.0 7.0 0.689552 -2.58563e-08
2.0 7.0 0.79575 -1.19214e-10
2.0 7.0 0.867946 -1.88791e-10
2.0 7.0 0.730788 -2.65099e-11
2.0 7.0 0.650496 -4.02706e-08
2.0 7.0 0.630006 -2.691e-08
2.0 7.0 0.852619 -1.97696e-11
2.0 7.0 0.871416 -1.71177e-08
2.0 7.0 0.783809 -1.05267e-10
2.0 7.0 0.938588 -4.1228e-11
2.0 7.0 0.995076 -7.08803e-12
2.0 7.0 0.821091 -6.7197e-09
2.0 7.0 0.640463 -1.06597e-08
2.0 8.0 0.650766 -1.85476e-07
2.0 8.0 0.616648 -7.80386e-10
2.0 8.0 0.956237 -8.33256e-11
2.0 8.0 0.646461 -6.27389e-10
2.0 8.0 0.615367 -3.04897e-10
2.0 8.0 0.653525 -5.57202e-08
2.0 8.0 0.627814 -5.12327e-09
2.0 8.0 0.643615 -1.6898e-07
2.0 8.0 0.617957 -4.29104e-10
2.0 8.0 0.621904 -1.03986e-08
2.0 8.0 1.1921 -4.2048e-11
2.0 8.0 0.609516 -9.1356e-09
2.0 8.0 0.613459 -6.36846e-08
2.0 8.0 0.619269 -3.60324e-09
2.0 8.0 0.612661 -2.97492e-10
2.0 8.0 0.695337 -5.67268e-10
2.0 8.0 0.636093 -3.81345e-08
2.0 8.0 0.790806 -5.99278e-11
2.0 8.0 0.613092 -2.53536e-09
2.0 8.0 0.687958 -7.45978e-09
2.0 8.0 0.63363 -2.13993e-08
2.0 8.0 0.635982 -2.38832e-07
2.0 8.0 0.632295 -1.97359e-08
2.0 8.0 2.02272 -3.39122e-08
2.0 8.0 0.742994 -2.67847e-11
2.0 8.0 0.826404 -9.80859e-11
2.0 8.0 0.662403 -1.5015e-08
2.0 8.0 1.52953 -3.37081e-08
2.0 8.0 0.614482 -8.41824e-08
2.0 8.0 0.637496 -1.07559e-08
2.0 8.0 0.615658 -1.14252e-09
2.0 8.0 0.625463 -2.06044e-08
2.0 8.0 1.96966 -4.3875e-10
2.0 8.0 0.619482 -1.39437e-08
2.0 8.0 0.667456 -9.50383e-09
2.0 8.0 0.641669 -7.13754e-11
2.0 8.0 0.638496 -1.16618e-10
2.0 8.0 0.618922 -1.01734e-09
2.0 8.0 1.57466 -1.65172e-10
2.0 8.0 0.64807 -6.48723e-09
2.0 8.0 0.635076 -4.81332e-10
2.0 8.0 0.636457 -1.35365e-08
2.0 8.0 2.06576 -3.00673e-07
2.0 8.0 0.62842 -1.16997e-11
2.0 8.0 0.681403 -9.3614e-08
2.0 8.0 0.650453 -8.79225e-10
2.0 8.0 0.827819 -4.93941e-10
2.0 8.0 0.794487 -1.32402e-07
2.0 8.0 1.2207 -1.30906e-09
2.0 8.0 0.662439 -1.16583e-09
2.0 9.0 0.784514 -2.69059e-08
2.0 9.0 0.753976 -1.07079e-08
2.0 9.0 0.83462 -4.43904e-08
2.0 9.0 0.750036 -5.73537e-09
2.0 9.0 0.756191 -1.43918e-07
2.0 9.0 0.769566 -5.40598e-09
2.0 9.0 0.755047 -1.30549e-08
2.0 9.0 0.802537 -2.01883e-08
2.0 9.0 0.789817 -3.15763e-09
2.0 9.0 0.939059 -9.6981e-12
2.0 9.0 0.984467 -2.75663e-10
2.0 9.0 0.85995 -3.32517e-09
2.0 9.0 0.730447 -1.46906e-10
2.0 9.0 0.746436 -6.81078e-09
2.0 9.0 0.783004 -8.92952e-08
2.0 9.0 1.01464 -2.95694e-11
2.0 9.0 0.874381 -2.7694e-13
2.0 9.0 0.908191 -9.97232e-09
2.0 9.0 0.730002 -4.27242e-10
2.0 9.0 0.851062 -6.0775e-10
2.0 9.0 0.724804 -7.26346e-10
2.0 9.0 0.907412 -3.53102e-10
2.0 9.0 0.965502 -1.58255e-10
2.0 9.0 0.907379 -6.85941e-10
2.0 9.0 0.702421 -2.82295e-07
2.0 9.0 0.786652 -1.26449e-08
2.0 9.0 0.916045 -6.75347e-10
2.0 9.0 0.833202 -7.97112e-10
2.0 9.0 0.768176 -3.73604e-08
2.0 9.0 0.766947 -4.45849e-09
2.0 9.0 0.791902 -1.97205e-09
2.0 9.0 0.767464 -5.12495e-10
2.0 9.0 0.771921 -3.66699e-08
2.0 9.0 0.844836 -2.8058e-08
2.0 9.0 0.716922 -6.32194e-08
2.0 9.0 0.776826 -1.83843e-08
2.0 9.0 0.772856 -3.37173e-09
2.0 9.0 0.761767 -5.17222e-08
2.0 9.0 0.783651 -1.14895e-08
2.0 9.0 0.78333 -7.29873e-08
2.0 9.0 0.884344 -1.40316e-11
2.0 9.0 0.696253 -2.01664e-08
2.0 9.0 0.768065 -5.982e-08
2.0 9.0 0.757669 -4.56476e-08
2.0 9.0 0.763508 -2.0518e-08
2.0 9.0 1.00499 -3.6304e-08
2.0 9.0 0.739451 -2.01196e-08
2.0 9.0 0.789404 -1.64098e-07
2.0 9.0 0.779939 -1.85873e-07
2.0 9.0 0.776978 -3.97571e-09
2.0 15.0 0.839774 -6.50894e-08
2.0 15.0 1.15287 -7.70492e-12
2.0 15.0 0.831599 -7.47745e-08
2.0 15.0 0.804826 -6.1176e-12
2.0 15.0 0.815515 -8.49817e-08
2.0 15.0 0.826782 -1.04136e-07
2.0 15.0 0.8209 -1.32049e-08
2.0 15.0 0.804213 -6.61953e-10
2.0 15.0 0.83375 -9.99002e-09
2.0 15.0 0.837399 -2.78236e-08
2.0 15.0 0.849332 -1.02537e-08
2.0 15.0 0.923269 -4.17813e-08
2.0 15.0 0.837017 -1.42049e-09
2.0 15.0 0.842905 -1.46221e-08
2.0 15.0 0.795273 -2.86179e-08
2.0 15.0 0.762974 -2.11656e-08
2.0 15.0 0.846485 -6.6532e-08
2.0 15.0 0.798518 -4.6055e-08
2.0 15.0 0.827625 -2.74742e-08
2.0 15.0 0.825083 -7.66905e-09
2.0 15.0 0.822486 -4.76607e-08
2.0 15.0 0.850695 -3.1124e-08
2.0 15.0 0.831472 -4.63504e-09
2.0 15.0 0.909513 -1.39871e-07
2.0 15.0 0.795249 -2.56985e-08
2.0 15.0 0.838077 -1.70477e-11
2.0 15.0 0.850899 -1.61684e-08
2.0 15.0 0.831299 -7.43661e-08
2.0 15.0 0.835114 -1.31604e-07
2.0 15.0 0.837562 -2.93444e-08
2.0 15.0 0.861863 -7.3171e-09
2.0 15.0 0.802969 -1.1741e-08
2.0 15.0 1.0083 -1.33589e-09
2.0 15.0 0.841396 -6.09979e-09
2.0 15.0 0.805585 -8.22617e-09
2.0 15.0 0.804923 -1.40988e-08
2.0 15.0 0.843558 -1.58013e-08
2.0 15.0 0.837972 -9.90806e-10
2.0 15.0 0.838841 -8.64771e-08
2.0 15.0 0.824958 -7.42542e-09
2.0 15.0 0.831834 -2.35414e-08
2.0 15.0 0.791758 -5.56871e-09
2.0 15.0 0.840233 -1.30094e-07
2.0 15.0 0.824265 -8.8561e-08
2.0 15.0 0.973315 -5.46611e-10
2.0 15.0 0.802122 -1.10997e-07
2.0 15.0 0.825924 -2.93651e-10
2.0 15.0 0.819741 -5.93778e-08
2.0 15.0 0.84533 -4.03585e-09
2.0 15.0 0.832927 -2.37758e-08
2.0 16.0 0.824682 -1.06638e-08
2.0 16.0 1.19172 -2.47615e-09
2.0 16.0 0.823904 -2.32715e-08
2.0 16.0 0.826168 -4.44555e-08
2.0 16.0 1.36534 -1.57386e-09
2.0 16.0 1.06213 -1.82639e-08
2.0 16.0 0.809072 -2.96124e-08
2.0 16.0 0.840681 -1.33041e-07
2.0 16.0 1.3202 -2.96494e-10
2.0 16.0 0.80372 -2.41518e-09
2.0 16.0 1.01478 -1.27867e-09
2.0 16.0 1.03086 -1.70815e-09
2.0 16.0 0.813836 -3.59399e-10
2.0 16.0 0.8703 -3.64383e-09
2.0 16.0 0.830434 -2.55702e-11
2.0 16.0 0.796177 -1.45431e-09
2.0 16.0 0.800298 -1.03055e-08
2.0 16.0 0.839348 -2.39509e-07
2.0 16.0 0.818375 -1.26724e-11
2.0 16.0 0.852248 -9.07557e-08
2.0 16.0 0.843706 -1.30958e-08
2.0 16.0 0.793388 -4.03682e-11
2.0 16.0 1.36316 -1.54726e-08
2.0 16.0 0.980748 -9.9951e-09
2.0 16.0 0.820422 -2.2577e-10
2.0 16.0 1.02559 -3.50293e-08
2.0 16.0 0.821004 -1.99503e-07
2.0 16.0 0.987964 -1.61669e-08
2.0 16.0 0.833088 -2.969e-08
2.0 16.0 0.819998 -1.77008e-07
2.0 16.0 0.800142 -1.49546e-08
2.0 16.0 0.826189 -9.01926e-09
2.0 16.0 0.789208 -2.98875e-08
2.0 16.0 0.811241 -6.50869e-11
2.0 16.0 0.848239 -1.05378e-07
2.0 16.0 0.841393 -1.13328e-08
2.0 16.0 0.830583 -2.7381e-07
2.0 16.0 0.83195 -1.26366e-07
2.0 16.0 0.808821 -6.29354e-08
2.0 16.0 0.804174 -3.16718e-08
2.0 16.0 0.832278 -1.43518e-08
2.0 16.0 0.837135 -1.5153e-11
2.0 16.0 0.812581 -9.65292e-10
2.0 16.0 0.747067 -1.508e-11
2.0 16.0 0.828919 -3.07511e-07
2.0 16.0 0.864884 -7.51437e-10
2.0 16.0 0.818811 -2.09141e-08
2.0 16.0 0.811018 -2.24553e-08
2.0 16.0 0.833293 -6.06461e-08
2.0 16.0 0.847867 -2.41064e-08
2.0 17.0 0.89063 -1.5328e-08
2.0 17.0 0.970722 -1.0701e-09
2.0 17.0 0.875959 -1.52541e-07
2.0 17.0 0.903131 -3.56325e-11
2.0 17.0 0.866968 -2.7373e-08
2.0 17.0 0.832313 -4.41983e-08
2.0 17.0 0.981646 -1.42279e-10
2.0 17.0 1.02826 -3.24517e-11
2.0 17.0 0.880416 -6.0074e-09
2.0 17.0 0.88923 -1.6743e-07
2.0 17.0 0.884993 -1.44988e-08
2.0 17.0 1.1115 -6.66519e-09
2.0 17.0 1.49413 -6.89731e-10
2.0 17.0 0.997873 -1.13367e-10
2.0 17.0 1.02065 -3.70274e-14
2.0 17.0 0.850693 -2.27825e-08
2.0 17.0 1.16169 -5.72813e-09
2.0 17.0 0.88353 -5.55925e-09
2.0 17.0 0.886931 -9.64575e-10
2.0 17.0 1.11612 -6.73421e-09
2.0 17.0 1.36295 -1.56352e-07
2.0 17.0 1.62441 -2.2304e-08
2.0 17.0 0.884396 -5.43097e-09
2.0 17.0 0.869291 -2.16432e-07
2.0 17.0 0.859923 -3.01652e-11
2.0 17.0 0.965105 -5.16329e-11
2.0 17.0 0.920464 -3.47961e-09
2.0 17.0 0.97811 -8.31274e-11
2.0 17.0 1.01502 -2.92133e-09
2.0 17.0 1.54126 -6.31216e-10
2.0 17.0 0.878021 -8.64449e-08
2.0 17.0 0.922805 -1.1055e-08
2.0 17.0 0.876882 -2.77753e-08
2.0 17.0 0.978273 -1.25787e-09
2.0 17.0 0.916265 -5.18793e-08
2.0 17.0 1.01567 -1.97358e-10
2.0 17.0 0.977693 -3.34817e-09
2.0 17.0 1.12624 -1.27748e-12
2.0 17.0 1.00986 -5.85834e-09
2.0 17.0 0.866177 -4.02741e-08
2.0 17.0 1.06027 -4.50846e-13
2.0 17.0 0.877593 -9.80731e-10
2.0 17.0 0.941598 -6.22338e-08
2.0 17.0 0.941876 -2.58733e-07
2.0 17.0 0.872898 -1.68889e-09
2.0 17.0 1.29391 -2.47952e-11
2.0 17.0 0.988686 -4.59401e-10
2.0 17.0 0.87501 -1.47038e-08
2.0 17.0 0.869332 -7.00494e-10
2.0 17.0 0.894409 -4.69942e-11
2.0 31.0 0.930032 -3.13354e-08
2.0 31.0 0.942908 -2.38713e-09
2.0 31.0 0.958545 -5.97843e-08
2.0 31.0 0.969545 -1.85232e-08
2.0 31.0 0.941267 -5.08225e-08
2.0 31.0 0.906769 -1.53408e-07
2.0 31.0 0.973513 -1.787e-08
2.0 31.0 0.955417 -8.1926e-08
2.0 31.0 0.908197 -4.47627e-08
2.0 31.0 0.947621 -1.07028e-09
2.0 31.0 0.959135 -1.73973e-10
2.0 31.0 0.976071 -2.02496e-10
2.0 31.0 1.39068 -1.83268e-08
2.0 31.0 1.00148 -1.28302e-09
2.0 31.0 0.931149 -8.38347e-08
2.0 31.0 0.934137 -1.33084e-09
2.0 31.0 1.06386 -6.61595e-09
2.0 31.0 0.907567 -8.54958e-09
2.0 31.0 0.952271 -1.89914e-10
2.0 31.0 0.956093 -1.69965e-10
2.0 31.0 0.902087 -6.93127e-10
2.0 31.0 1.02685 -3.31898e-11
2.0 31.0 0.953313 -9.60235e-08
2.0 31.0 1.3565 -1.89132e-09
2.0 31.0 1.0014 -7.00378e-08
2.0 31.0 1.37269 -1.9692e-08
2.0 31.0 0.954344 -9.55197e-08
2.0 31.0 0.904345 -3.9848e-08
2.0 31.0 0.99846 -2.29058e-10
2.0 31.0 1.01305 -6.02485e-12
2.0 31.0 1.40567 -1.66518e-07
2.0 31.0 0.953861 -1.92494e-07
2.0 31.0 0.953658 -7.9121e-10
2.0 31.0 0.954235 -3.5197e-09
2.0 31.0 0.970458 -1.12223e-08
2.0 31.0 0.942711 -2.36383e-10
2.0 31.0 1.05005 -1.15794e-07
2.0 31.0 0.961138 -1.67566e-07
2.0 31.0 0.823141 -3.76584e-09
2.0 31.0 0.950975 -5.11785e-09
2.0 31.0 0.953682 -1.07077e-09
2.0 31.0 0.956469 -1.07179e-07
2.0 31.0 0.929057 -2.23145e-08
2.0 31.0 0.946087 -7.4001e-08
2.0 31.0 0.950575 -3.70512e-11
2.0 31.0 0.982414 -5.47202e-09
2.0 31.0 1.02542 -1.06135e-07
2.0 31.0 1.38397 -2.0014e-09
2.0 31.0 0.897015 -6.71346e-09
2.0 31.0 0.974327 -1.83572e-07
2.0 32.0 0.94764 -5.89605e-10
2.0 32.0 0.974892 -8.05064e-08
2.0 32.0 0.998442 -3.42409e-10
2.0 32.0 0.949997 -1.06829e-08
2.0 32.0 0.956412 -9.74131e-09
2.0 32.0 0.923284 -1.00703e-08
2.0 32.0 1.47333 -1.16206e-10
2.0 32.0 0.964346 -1.5715e-08
2.0 32.0 0.947803 -8.15948e-08
2.0 32.0 0.939574 -6.4152e-09
2.0 32.0 0.915079 -2.42128e-08
2.0 32.0 0.965327 -1.8819e-07
2.0 32.0 0.9556 -4.2949e-08
2.0 32.0 1.08501 -4.88e-10
2.0 32.0 0.95338 -9.85242e-10
2.0 32.0 0.956385 -6.90485e-10
2.0 32.0 1.37586 -3.70406e-08
2.0 32.0 0.96129 -2.00662e-07
2.0 32.0 0.931874 -7.36318e-08
2.0 32.0 1.38862 -4.73494e-10
2.0 32.0 0.961745 -4.55955e-09
2.0 32.0 0.871812 -1.03914e-07
2.0 32.0 0.936625 -2.27989e-09
2.0 32.0 0.950139 -5.04044e-08
2.0 32.0 0.960139 -1.28216e-07
2.0 32.0 0.925764 -3.32428e-08
2.0 32.0 0.955992 -5.73755e-08
2.0 32.0 0.956705 -2.16432e-07
2.0 32.0 0.95789 -2.91395e-07
2.0 32.0 0.931061 -8.51039e-09
2.0 32.0 1.41654 -4.75617e-08
2.0 32.0 0.962444 -4.10743e-08
2.0 32.0 0.954031 -3.13522e-09
2.0 32.0 0.948514 -1.10288e-07
2.0 32.0 0.959066 -1.65968e-07
2.0 32.0 0.952496 -1.29606e-08
2.0 32.0 1.02695 -5.68878e-08
2.0 32.0 0.955202 -3.92466e-10
2.0 32.0 0.951582 -9.76771e-11
2.0 32.0 0.987062 -4.60551e-12
2.0 32.0 0.940272 -9.72347e-08
2.0 32.0 0.951503 -1.95256e-08
2.0 32.0 1.41307 -3.88708e-09
2.0 32.0 0.953702 -6.6718e-10
2.0 32.0 1.00108 -3.85418e-12
2.0 32.0 0.953839 -4.24634e-09
2.0 32.0 0.958824 -6.19729e-08
2.0 32.0 1.61263 -1.58254e-08
2.0 32.0 1.38108 -1.12204e-09
2.0 32.0 1.3951 -1.06132e-07
2.0 33.0 1.33662 -6.05766e-11
2.0 33.0 1.04941 -4.39907e-09
2.0 33.0 1.04963 -3.76253e-07
2.0 33.0 1.04618 -7.76007e-09
2.0 33.0 1.03703 -4.81522e-09
2.0 33.0 1.06741 -9.01501e-09
2.0 33.0 1.00779 -1.18787e-08
2.0 33.0 1.07897 -2.61412e-09
2.0 33.0 1.04423 -1.80982e-11
2.0 33.0 1.43798 -4.12079e-09
2.0 33.0 1.00459 -1.57528e-08
2.0 33.0 1.2977 -2.60446e-10
2.0 33.0 1.04476 -1.07896e-07
2.0 33.0 1.04452 -8.90788e-11
2.0 33.0 1.05775 -7.67081e-10
2.0 33.0 1.05111 -1.43984e-07
2.0 33.0 1.01442 -5.97099e-11
2.0 33.0 1.00135 -5.69648e-09
2.0 33.0 1.42784 -4.20199e-10
2.0 33.0 1.0503 -2.5114e-08
2.0 33.0 1.01868 -1.46024e-09
2.0 33.0 1.45756 -2.69661e-09
2.0 33.0 0.926005 -1.91132e-08
2.0 33.0 1.04931 -1.77653e-07
2.0 33.0 1.00973 -4.44134e-12
2.0 33.0 0.993796 -3.63103e-09
2.0 33.0 1.06768 -3.26656e-10
2.0 33.0 1.47641 -1.0552e-08
2.0 33.0 1.04259 -9.392e-09
2.0 33.0 1.47078 -2.8812e-08
2.0 33.0 1.44666 -8.09318e-08
2.0 33.0 1.01046 -6.12368e-08
2.0 33.0 0.974148 -1.18545e-07
2.0 33.0 1.08282 -5.5418e-08
2.0 33.0 1.01575 -1.1818e-11
2.0 33.0 1.05826 -2.8881e-09
2.0 33.0 1.05021 -4.8198e-10
2.0 33.0 0.990235 -1.22011e-11
2.0 33.0 1.4346 -4.25528e-08
2.0 33.0 1.05201 -5.49658e-08
2.0 33.0 1.47676 -3.83518e-08
2.0 33.0 1.00941 -1.79422e-10
2.0 33.0 1.01113 -1.06616e-08
2.0 33.0 1.48235 -3.93769e-10
2.0 33.0 1.48078 -2.60773e-07
2.0 33.0 1.01312 -4.8624e-08
2.0 33.0 1.00753 -4.65836e-09
2.0 33.0 1.50459 -1.44271e-08
2.0 33.0 1.00771 -3.47623e-09
2.0 33.0 1.03645 -4.26984e-08
3.0 3.0 1.16293 211.421
3.0 3.0 0.708635 211.425
3.0 3.0 1.08996 211.424
3.0 3.0 0.403455 211.422
3.0 3.0 0.773009 211.423
3.0 3.0 0.444452 211.422
3.0 3.0 0.452488 211.422
3.0 3.0 0.665867 211.426
3.0 3.0 1.71417 211.426
3.0 3.0 0.674155 211.425
3.0 3.0 1.11454 211.423
3.0 3.0 0.671752 211.419
3.0 3.0 2.06636 211.425
3.0 3.0 0.691039 211.421
3.0 3.0 0.701174 211.424
3.0 3.0 0.955013 211.423
3.0 3.0 0.68306 211.426
3.0 3.0 1.10409 211.425
3.0 3.0 1.39448 211.426
3.0 3.0 0.475927 211.422
3.0 3.0 1.07641 211.423
3.0 3.0 0.668109 211.424
3.0 3.0 1.04896 211.423
3.0 3.0 1.55157 211.426
3.0 3.0 1.30985 211.424
3.0 3.0 0.990447 211.423
3.0 3.0 0.691254 211.425
3.0 3.0 0.425628 211.426
3.0 3.0 0.436511 211.425
3.0 3.0 1.24138 211.426
3.0 3.0 1.54575 211.422
3.0 3.0 1.66172 211.425
3.0 3.0 0.666642 211.426
3.0 3.0 0.744796 211.424
3.0 3.0 0.432153 211.426
3.0 3.0 1.5249 211.426
3.0 3.0 0.855659 211.426
3.0 3.0 0.688326 211.422
3.0 3.0 0.673268 211.425
3.0 3.0 0.655809 211.426
3.0 3.0 0.444492 211.426
3.0 3.0 0.690937 211.423
3.0 3.0 0.673941 211.425
3.0 3.0 0.68406 211.416
3.0 3.0 0.67331 211.426
3.0 3.0 1.75658 211.424
3.0 3.0 0.48297 211.426
3.0 3.0 1.08036 211.423
3.0 3.0 1.51163 211.425
3.0 3.0 0.699073 211.426
3.0 4.0 0.480821 211.426
3.0 4.0 1.09938 211.425
3.0 4.0 1.45966 211.425
3.0 4.0 0.77972 211.422
3.0 4.0 1.16008 211.426
3.0 4.0 1.66377 211.422
3.0 4.0 1.11531 211.419
3.0 4.0 0.782788 211.426
3.0 4.0 1.05682 211.423
3.0 4.0 0.489268 211.422
3.0 4.0 0.714764 211.424
3.0 4.0 1.082 211.423
3.0 4.0 1.42784 211.417
3.0 4.0 0.981305 211.425
3.0 4.0 0.476824 211.423
3.0 4.0 1.74211 211.418
3.0 4.0 0.907946 211.425
3.0 4.0 0.936136 211.426
3.0 4.0 1.09615 211.426
3.0 4.0 1.6865 211.425
3.0 4.0 0.457095 211.424
3.0 4.0 0.97384 211.426
3.0 4.0 1.71095 211.425
3.0 4.0 1.47461 211.426
3.0 4.0 1.09799 211.426
3.0 4.0 0.452926 211.424
3.0 4.0 1.57889 211.424
3.0 4.0 1.09049 211.426
3.0 4.0 0.976611 211.421
3.0 4.0 1.10242 211.426
3.0 4.0 0.952812 211.422
3.0 4.0 1.00344 211.426
3.0 4.0 0.456411 211.426
3.0 4.0 1.02053 211.426
3.0 4.0 0.956067 211.425
3.0 4.0 1.03642 211.426
3.0 4.0 1.03636 211.426
3.0 4.0 0.782787 211.425
3.0 4.0 0.689847 211.426
3.0 4.0 1.20474 211.424
3.0 4.0 0.885128 211.423
3.0 4.0 1.44274 211.425
3.0 4.0 1.44237 211.423
3.0 4.0 0.44981 211.423
3.0 4.0 1.58845 211.423
3.0 4.0 0.47535 211.424
3.0 4.0 0.886445 211.422
3.0 4.0 1.00098 211.425
3.0 4.0 1.13036 211.426
3.0 4.0 1.65344 211.425
3.0 5.0 0.579123 211.425
3.0 5.0 0.876494 211.425
3.0 5.0 0.689208 211.422
3.0 5.0 0.56429 211.423
3.0 5.0 0.582919 211.42
3.0 5.0 0.583524 211.425
3.0 5.0 0.98413 211.425
3.0 5.0 0.795946 211.426
3.0 5.0 0.576436 211.424
3.0 5.0 0.720651 211.423
3.0 5.0 0.701657 211.417
3.0 5.0 0.798078 211.425
3.0 5.0 0.767642 211.423
3.0 5.0 0.565788 211.426
3.0 5.0 0.558141 211.413
3.0 5.0 0.682443 211.426
3.0 5.0 0.560993 211.426
3.0 5.0 1.05006 211.426
3.0 5.0 0.788724 211.423
3.0 5.0 0.857864 211.422
3.0 5.0 0.796285 211.425
3.0 5.0 0.567815 211.414
3.0 5.0 0.695689 211.426
3.0 5.0 0.690876 211.423
3.0 5.0 0.79641 211.424
3.0 5.0 0.719223 211.426
3.0 5.0 0.571668 211.425
3.0 5.0 0.578239 211.426
3.0 5.0 1.06432 211.426
3.0 5.0 0.547898 211.426
3.0 5.0 0.872439 211.426
3.0 5.0 0.828221 211.426
3.0 5.0 0.68928 211.426
3.0 5.0 0.80166 211.426
3.0 5.0 0.580798 211.421
3.0 5.0 0.566659 211.423
3.0 5.0 0.794319 211.425
3.0 5.0 0.661871 211.423
3.0 5.0 0.804123 211.425
3.0 5.0 0.576382 211.413
3.0 5.0 0.802383 211.425
3.0 5.0 0.568329 211.413
3.0 5.0 0.687146 211.426
3.0 5.0 0.793423 211.426
3.0 5.0 0.802178 211.426
3.0 5.0 0.866061 211.426
3.0 5.0 0.566881 211.424
3.0 5.0 0.603918 211.422
3.0 5.0 0.79247 211.426
3.0 5.0 0.693185 211.418
3.0 7.0 0.714941 211.426
3.0 7.0 0.949832 211.426
3.0 7.0 0.625782 211.413
3.0 7.0 0.639145 211.424
3.0 7.0 0.742599 211.425
3.0 7.0 0.639453 211.423
3.0 7.0 0.870496 211.422
3.0 7.0 0.701427 211.426
3.0 7.0 0.83526 211.426
3.0 7.0 0.720044 211.426
3.0 7.0 0.640412 211.413
3.0 7.0 0.853967 211.426
3.0 7.0 0.899598 211.42
3.0 7.0 0.940893 211.426
3.0 7.0 0.736994 211.424
3.0 7.0 0.671273 211.424
3.0 7.0 0.692303 211.426
3.0 7.0 0.733712 211.424
3.0 7.0 0.638559 211.413
3.0 7.0 1.08931 211.421
3.0 7.0 0.698512 211.419
3.0 7.0 0.643277 211.426
3.0 7.0 0.64881 211.425
3.0 7.0 0.936877 211.424
3.0 7.0 0.640049 211.426
3.0 7.0 0.669271 211.422
3.0 7.0 0.960082 211.426
3.0 7.0 0.641615 211.414
3.0 7.0 0.706595 211.424
3.0 7.0 0.665059 211.422
3.0 7.0 0.734465 211.425
3.0 7.0 0.633895 211.423
3.0 7.0 0.642245 211.426
3.0 7.0 0.656747 211.422
3.0 7.0 0.639632 211.417
3.0 7.0 0.64763 211.415
3.0 7.0 0.908109 211.426
3.0 7.0 0.633959 211.424
3.0 7.0 0.654243 211.426
3.0 7.0 0.862824 211.423
3.0 7.0 0.653277 211.426
3.0 7.0 0.722647 211.424
3.0 7.0 0.651287 211.425
3.0 7.0 0.649891 211.413
3.0 7.0 0.64004 211.421
3.0 7.0 0.643146 211.425
3.0 7.0 0.770643 211.423
3.0 7.0 0.649543 211.421
3.0 7.0 0.776404 211.425
3.0 7.0 0.776404 211.425
3.0 8.0 0.715107 211.424
3.0 8.0 0.695772 211.422
3.0 8.0 0.885759 211.426
3.0 8.0 0.696698 211.421
3.0 8.0 1.49193 211.423
3.0 8.0 0.783616 211.426
3.0 8.0 0.969552 211.424
3.0 8.0 0.884952 211.426
3.0 8.0 0.663858 211.418
3.0 8.0 0.68768 211.42
3.0 8.0 0.656439 211.426
3.0 8.0 1.42905 211.423
3.0 8.0 0.680379 211.42
3.0 8.0 0.89299 211.423
3.0 8.0 0.772602 211.425
3.0 8.0 0.666744 211.426
3.0 8.0 0.738118 211.424
3.0 8.0 0.661068 211.421
3.0 8.0 0.766241 211.426
3.0 8.0 0.666253 211.413
3.0 8.0 0.657453 211.425
3.0 8.0 0.733044 211.426
3.0 8.0 0.746792 211.422
3.0 8.0 0.675319 211.417
3.0 8.0 0.659375 211.426
3.0 8.0 0.659613 211.425
3.0 8.0 0.675208 211.423
3.0 8.0 0.665902 211.414
3.0 8.0 0.660729 211.418
3.0 8.0 1.56763 211.423
3.0 8.0 0.771549 211.426
3.0 8.0 1.24567 211.424
3.0 8.0 0.686998 211.421
3.0 8.0 0.80824 211.424
3.0 8.0 0.698863 211.422
3.0 8.0 0.659964 211.424
3.0 8.0 0.672799 211.426
3.0 8.0 0.658507 211.422
3.0 8.0 0.656648 211.416
3.0 8.0 0.671125 211.426
3.0 8.0 0.706823 211.424
3.0 8.0 0.736387 211.426
3.0 8.0 0.668337 211.425
3.0 8.0 0.660155 211.426
3.0 8.0 0.714217 211.423
3.0 8.0 0.670596 211.417
3.0 8.0 0.704307 211.416
3.0 8.0 0.671452 211.426
3.0 8.0 1.47212 211.413
3.0 8.0 0.665027 211.415
3.0 9.0 1.04074 211.424
3.0 9.0 0.911024 211.424
3.0 9.0 0.968656 211.426
3.0 9.0 0.946007 211.421
3.0 9.0 0.742795 211.414
3.0 9.0 0.743552 211.422
3.0 9.0 0.775085 211.422
3.0 9.0 0.742161 211.426
3.0 9.0 0.734036 211.42
3.0 9.0 0.750302 211.417
3.0 9.0 0.737645 211.423
3.0 9.0 0.734934 211.415
3.0 9.0 0.915724 211.426
3.0 9.0 0.747057 211.421
3.0 9.0 0.730395 211.418
3.0 9.0 1.04944 211.424
3.0 9.0 0.716589 211.416
3.0 9.0 0.750141 211.425
3.0 9.0 1.17958 211.423
3.0 9.0 0.747598 211.426
3.0 9.0 0.777152 211.425
3.0 9.0 0.742697 211.413
3.0 9.0 1.02876 211.426
3.0 9.0 0.852603 211.425
3.0 9.0 0.750967 211.426
3.0 9.0 1.61344 211.42
3.0 9.0 0.740288 211.413
3.0 9.0 0.735957 211.418
3.0 9.0 0.770359 211.423
3.0 9.0 0.892233 211.421
3.0 9.0 1.05017 211.426
3.0 9.0 0.886573 211.426
3.0 9.0 0.964925 211.424
3.0 9.0 0.717351 211.419
3.0 9.0 0.941651 211.424
3.0 9.0 1.03602 211.426
3.0 9.0 0.802661 211.422
3.0 9.0 0.819284 211.426
3.0 9.0 1.17695 211.424
3.0 9.0 0.872453 211.413
3.0 9.0 0.740584 211.421
3.0 9.0 0.900795 211.426
3.0 9.0 0.780569 211.422
3.0 9.0 0.743955 211.419
3.0 9.0 0.746997 211.421
3.0 9.0 0.750995 211.424
3.0 9.0 0.744636 211.421
3.0 9.0 0.75274 211.418
3.0 9.0 0.882148 211.426
3.0 9.0 0.738346 211.424
3.0 15.0 0.803938 211.425
3.0 15.0 0.803061 211.424
3.0 15.0 0.928243 211.42
3.0 15.0 0.795002 211.422
3.0 15.0 0.821228 211.422
3.0 15.0 0.805203 211.421
3.0 15.0 0.914307 211.422
3.0 15.0 0.790849 211.425
3.0 15.0 0.822001 211.421
3.0 15.0 0.798174 211.426
3.0 15.0 0.817616 211.426
3.0 15.0 0.833328 211.426
3.0 15.0 0.82007 211.425
3.0 15.0 0.792941 211.426
3.0 15.0 0.797866 211.424
3.0 15.0 0.815101 211.426
3.0 15.0 0.834505 211.424
3.0 15.0 0.803531 211.423
3.0 15.0 0.792201 211.421
3.0 15.0 0.836396 211.413
3.0 15.0 0.808144 211.422
3.0 15.0 0.813184 211.426
3.0 15.0 0.794553 211.424
3.0 15.0 0.816939 211.425
3.0 15.0 0.787606 211.426
3.0 15.0 0.839123 211.424
3.0 15.0 0.79438 211.424
3.0 15.0 0.82978 211.424
3.0 15.0 0.820704 211.419
3.0 15.0 0.853275 211.426
3.0 15.0 0.805594 211.425
3.0 15.0 0.811034 211.423
3.0 15.0 0.802573 211.426
3.0 15.0 0.799772 211.425
3.0 15.0 0.820262 211.422
3.0 15.0 0.801196 211.423
3.0 15.0 0.827985 211.426
3.0 15.0 0.818342 211.423
3.0 15.0 0.823964 211.421
3.0 15.0 0.831308 211.426
3.0 15.0 0.821324 211.42
3.0 15.0 0.834672 211.425
3.0 15.0 0.834138 211.425
3.0 15.0 0.816841 211.426
3.0 15.0 0.836264 211.413
3.0 15.0 0.801549 211.425
3.0 15.0 0.832738 211.423
3.0 15.0 0.805902 211.426
3.0 15.0 0.818659 211.426
3.0 15.0 0.97645 211.422
3.0 16.0 0.821088 211.426
3.0 16.0 0.799468 211.426
3.0 16.0 0.801028 211.422
3.0 16.0 0.871415 211.422
3.0 16.0 0.797863 211.419
3.0 16.0 0.810823 211.425
3.0 16.0 0.82904 211.421
3.0 16.0 0.80836 211.424
3.0 16.0 0.810831 211.426
3.0 16.0 0.796206 211.426
3.0 16.0 0.818354 211.425
3.0 16.0 0.806656 211.424
3.0 16.0 0.805764 211.426
3.0 16.0 0.799233 211.426
3.0 16.0 0.835148 211.426
3.0 16.0 0.802313 211.426
3.0 16.0 0.810704 211.425
3.0 16.0 0.824322 211.426
3.0 16.0 0.821825 211.421
3.0 16.0 0.86567 211.424
3.0 16.0 0.814892 211.426
3.0 16.0 0.809861 211.423
3.0 16.0 0.820692 211.426
3.0 16.0 0.803904 211.425
3.0 16.0 0.80338 211.423
3.0 16.0 0.81886 211.424
3.0 16.0 0.79734 211.425
3.0 16.0 0.8551 211.422
3.0 16.0 0.807112 211.426
3.0 16.0 0.881226 211.426
3.0 16.0 0.949446 211.426
3.0 16.0 0.805264 211.425
3.0 16.0 0.816907 211.413
3.0 16.0 0.813218 211.424
3.0 16.0 0.764458 211.426
3.0 16.0 0.814316 211.424
3.0 16.0 0.804096 211.425
3.0 16.0 0.84936 211.423
3.0 16.0 0.824635 211.426
3.0 16.0 0.797764 211.422
3.0 16.0 0.860293 211.426
3.0 16.0 0.814067 211.426
3.0 16.0 0.803394 211.423
3.0 16.0 0.844526 211.422
3.0 16.0 0.81354 211.424
3.0 16.0 0.805477 211.426
3.0 16.0 0.813739 211.416
3.0 16.0 0.813992 211.418
3.0 16.0 0.820981 211.418
3.0 16.0 1.30965 211.422
3.0 17.0 0.920263 211.413
3.0 17.0 0.948622 211.421
3.0 17.0 0.883662 211.417
3.0 17.0 1.35111 211.426
3.0 17.0 0.911084 211.426
3.0 17.0 0.950745 211.422
3.0 17.0 0.88427 211.422
3.0 17.0 0.869587 211.426
3.0 17.0 0.954266 211.413
3.0 17.0 0.873441 211.415
3.0 17.0 1.05392 211.426
3.0 17.0 0.880673 211.418
3.0 17.0 1.00082 211.426
3.0 17.0 1.05931 211.423
3.0 17.0 0.883564 211.422
3.0 17.0 0.937579 211.413
3.0 17.0 1.54994 211.423
3.0 17.0 0.868931 211.425
3.0 17.0 0.94486 211.426
3.0 17.0 0.935425 211.424
3.0 17.0 0.879351 211.415
3.0 17.0 1.05322 211.426
3.0 17.0 1.10831 211.426
3.0 17.0 0.909446 211.425
3.0 17.0 1.37531 211.424
3.0 17.0 0.876176 211.426
3.0 17.0 0.874516 211.426
3.0 17.0 1.06983 211.423
3.0 17.0 0.934509 211.416
3.0 17.0 0.94022 211.423
3.0 17.0 1.3981 211.426
3.0 17.0 1.10888 211.424
3.0 17.0 0.908615 211.417
3.0 17.0 1.40111 211.426
3.0 17.0 1.44984 211.426
3.0 17.0 1.01655 211.423
3.0 17.0 1.06551 211.423
3.0 17.0 0.937543 211.418
3.0 17.0 0.946667 211.424
3.0 17.0 0.957666 211.425
3.0 17.0 0.933021 211.421
3.0 17.0 1.41718 211.416
3.0 17.0 1.04847 211.426
3.0 17.0 1.01064 211.423
3.0 17.0 1.01128 211.425
3.0 17.0 0.874225 211.419
3.0 17.0 1.04704 211.424
3.0 17.0 1.00554 211.424
3.0 17.0 1.01518 211.422
3.0 17.0 1.11761 211.426
3.0 31.0 0.943996 211.426
3.0 31.0 0.919446 211.414
3.0 31.0 1.03088 211.426
3.0 31.0 0.962918 211.42
3.0 31.0 0.947327 211.417
3.0 31.0 0.96725 211.424
3.0 31.0 0.948036 211.426
3.0 31.0 1.01936 211.418
3.0 31.0 0.935911 211.424
3.0 31.0 0.864092 211.426
3.0 31.0 0.889943 211.426
3.0 31.0 0.899356 211.418
3.0 31.0 0.913036 211.425
3.0 31.0 1.39055 211.419
3.0 31.0 0.887801 211.422
3.0 31.0 0.908407 211.423
3.0 31.0 1.43594 211.426
3.0 31.0 1.00794 211.424
3.0 31.0 0.904694 211.426
3.0 31.0 1.0326 211.421
3.0 31.0 0.948992 211.419
3.0 31.0 0.958171 211.424
3.0 31.0 0.959292 211.422
3.0 31.0 0.972729 211.422
3.0 31.0 1.05133 211.422
3.0 31.0 0.908947 211.423
3.0 31.0 0.963432 211.413
3.0 31.0 0.969412 211.422
3.0 31.0 0.953811 211.424
3.0 31.0 0.895568 211.42
3.0 31.0 0.953427 211.423
3.0 31.0 0.865907 211.426
3.0 31.0 0.974587 211.426
3.0 31.0 0.920998 211.42
3.0 31.0 0.887188 211.42
3.0 31.0 0.910908 211.422
3.0 31.0 0.912705 211.426
3.0 31.0 0.962285 211.413
3.0 31.0 0.911631 211.424
3.0 31.0 0.917353 211.413
3.0 31.0 0.933907 211.424
3.0 31.0 0.910616 211.424
3.0 31.0 0.914215 211.425
3.0 31.0 1.44761 211.424
3.0 31.0 1.05138 211.42
3.0 31.0 0.925548 211.413
3.0 31.0 0.945577 211.424
3.0 31.0 0.931285 211.415
3.0 31.0 0.919897 211.423
3.0 31.0 1.39678 211.426
3.0 32.0 0.955054 211.426
3.0 32.0 0.961457 211.413
3.0 32.0 0.968315 211.417
3.0 32.0 1.45296 211.425
3.0 32.0 0.91574 211.424
3.0 32.0 1.01481 211.426
3.0 32.0 0.954197 211.413
3.0 32.0 1.00315 211.424
3.0 32.0 0.91488 211.419
3.0 32.0 0.922512 211.425
3.0 32.0 0.962054 211.424
3.0 32.0 0.963776 211.422
3.0 32.0 1.36249 211.423
3.0 32.0 0.946913 211.42
3.0 32.0 0.977922 211.426
3.0 32.0 0.954857 211.425
3.0 32.0 0.944635 211.425
3.0 32.0 0.949894 211.424
3.0 32.0 0.929506 211.422
3.0 32.0 0.975459 211.423
3.0 32.0 1.06788 211.415
3.0 32.0 0.911903 211.425
3.0 32.0 0.957655 211.424
3.0 32.0 0.959756 211.413
3.0 32.0 0.965803 211.426
3.0 32.0 0.933309 211.423
3.0 32.0 0.964366 211.415
3.0 32.0 0.932225 211.421
3.0 32.0 0.903396 211.425
3.0 32.0 1.67775 211.423
3.0 32.0 0.942085 211.419
3.0 32.0 0.917416 211.416
3.0 32.0 0.967572 211.421
3.0 32.0 0.93486 211.421
3.0 32.0 0.92624 211.421
3.0 32.0 1.05337 211.421
3.0 32.0 0.891448 211.426
3.0 32.0 0.969981 211.418
3.0 32.0 1.19488 211.424
3.0 32.0 0.907873 211.417
3.0 32.0 0.909446 211.425
3.0 32.0 0.960372 211.413
3.0 32.0 0.887115 211.424
3.0 32.0 0.911347 211.426
3.0 32.0 0.901263 211.423
3.0 32.0 1.40665 211.425
3.0 32.0 0.923763 211.421
3.0 32.0 0.902598 211.421
3.0 32.0 0.942807 211.421
3.0 32.0 0.948251 211.422
3.0 33.0 1.04339 211.425
3.0 33.0 1.04448 211.418
3.0 33.0 1.03424 211.422
3.0 33.0 1.09926 211.421
3.0 33.0 1.042 211.422
3.0 33.0 1.07776 211.422
3.0 33.0 1.04371 211.414
3.0 33.0 1.45353 211.417
3.0 33.0 1.01313 211.413
3.0 33.0 1.05203 211.42
3.0 33.0 1.0131 211.425
3.0 33.0 1.40731 211.425
3.0 33.0 1.05023 211.425
3.0 33.0 1.02568 211.423
3.0 33.0 1.46603 211.426
3.0 33.0 1.04328 211.425
3.0 33.0 1.46515 211.42
3.0 33.0 1.05355 211.416
3.0 33.0 1.4104 211.425
3.0 33.0 1.04012 211.419
3.0 33.0 0.998835 211.422
3.0 33.0 1.39321 211.413
3.0 33.0 1.45465 211.424
3.0 33.0 1.03443 211.415
3.0 33.0 1.06041 211.421
3.0 33.0 1.46981 211.425
3.0 33.0 0.998435 211.425
3.0 33.0 1.45152 211.422
3.0 33.0 1.40947 211.423
3.0 33.0 1.02128 211.423
3.0 33.0 1.47266 211.426
3.0 33.0 1.05605 211.417
3.0 33.0 1.46006 211.422
3.0 33.0 1.02115 211.416
3.0 33.0 1.04361 211.413
3.0 33.0 1.05197 211.423
3.0 33.0 1.04647 211.426
3.0 33.0 1.00655 211.42
3.0 33.0 1.04473 211.421
3.0 33.0 1.05117 211.416
3.0 33.0 1.43226 211.426
3.0 33.0 1.05557 211.419
3.0 33.0 1.02305 211.414
3.0 33.0 1.04686 211.418
3.0 33.0 1.05655 211.421
3.0 33.0 0.991153 211.421
3.0 33.0 1.01547 211.424
3.0 33.0 1.42891 211.413
3.0 33.0 1.45737 211.423
3.0 33.0 1.02905 211.413
4.0 3.0 0.673145 9.99838
4.0 3.0 1.66374 9.9996
4.0 3.0 0.749029 9.99884
4.0 3.0 1.05739 9.99964
4.0 3.0 1.05626 9.99964
4.0 3.0 0.40811 9.99915
4.0 3.0 0.682416 9.99865
4.0 3.0 0.658069 9.99514
4.0 3.0 1.11334 9.99648
4.0 3.0 0.672751 9.99972
4.0 3.0 1.90211 9.99995
4.0 3.0 1.16491 9.99852
4.0 3.0 1.04694 9.99852
4.0 3.0 1.02932 9.99824
4.0 3.0 1.90587 9.9987
4.0 3.0 1.85004 9.9966
4.0 3.0 1.43169 9.99885
4.0 3.0 0.43957 9.99876
4.0 3.0 0.649275 9.99976
4.0 3.0 1.81993 9.99714
4.0 3.0 1.15411 9.99961
4.0 3.0 0.645255 9.99927
4.0 3.0 1.75236 9.99887
4.0 3.0 1.45396 9.99901
4.0 3.0 0.649125 9.99895
4.0 3.0 1.1471 9.99873
4.0 3.0 1.03735 9.998
4.0 3.0 1.42465 9.99982
4.0 3.0 1.10713 9.99952
4.0 3.0 1.01988 9.99897
4.0 3.0 1.14869 9.99662
4.0 3.0 0.441278 9.99877
4.0 3.0 2.0402 9.99646
4.0 3.0 1.05745 9.99797
4.0 3.0 1.15372 9.99895
4.0 3.0 0.439541 9.99851
4.0 3.0 1.06481 9.99761
4.0 3.0 0.650977 9.99756
4.0 3.0 1.71916 9.99855
4.0 3.0 0.649647 9.99831
4.0 3.0 0.687819 9.99788
4.0 3.0 0.441695 9.99848
4.0 3.0 0.468943 9.9993
4.0 3.0 0.668243 9.99854
4.0 3.0 0.661501 9.99944
4.0 3.0 0.959129 9.99817
4.0 3.0 1.11252 9.99773
4.0 3.0 0.663157 9.99757
4.0 3.0 0.965201 9.99931
4.0 3.0 0.404771 9.99908
4.0 4.0 0.937296 9.9991
4.0 4.0 1.56544 9.99844
4.0 4.0 0.453358 9.99937
4.0 4.0 0.469135 9.99858
4.0 4.0 0.688579 9.99937
4.0 4.0 0.985254 9.99887
4.0 4.0 1.01687 9.99915
4.0 4.0 1.52589 9.99829
4.0 4.0 1.9611 9.9976
4.0 4.0 0.467495 9.99867
4.0 4.0 1.09707 9.99924
4.0 4.0 0.928471 9.9993
4.0 4.0 0.97905 9.99964
4.0 4.0 0.484627 9.99953
4.0 4.0 1.01044 9.99736
4.0 4.0 1.73065 9.99755
4.0 4.0 1.05019 9.99944
4.0 4.0 0.449484 9.99649
4.0 4.0 0.472244 9.9999
4.0 4.0 1.52234 9.99903
4.0 4.0 0.970849 9.9991
4.0 4.0 0.53865 9.99743
4.0 4.0 1.70762 9.9981
4.0 4.0 1.64818 9.99869
4.0 4.0 1.51211 9.99944
4.0 4.0 1.08265 9.99622
4.0 4.0 1.47342 9.99995
4.0 4.0 0.459856 9.99808
4.0 4.0 1.51983 9.99942
4.0 4.0 1.02227 9.99988
4.0 4.0 0.478171 9.99869
4.0 4.0 0.472721 9.99977
4.0 4.0 0.451519 9.99883
4.0 4.0 0.938846 9.99589
4.0 4.0 0.750663 9.99852
4.0 4.0 1.71589 9.99439
4.0 4.0 1.02245 9.99736
4.0 4.0 1.05877 9.99716
4.0 4.0 1.07659 9.99928
4.0 4.0 1.03976 9.99841
4.0 4.0 0.879948 9.99887
4.0 4.0 0.952198 9.99888
4.0 4.0 1.04489 9.99904
4.0 4.0 0.474349 9.99877
4.0 4.0 1.06309 9.99752
4.0 4.0 1.1171 9.99988
4.0 4.0 1.05083 9.99816
4.0 4.0 0.94754 9.99866
4.0 4.0 0.475863 9.99801
4.0 4.0 1.72238 9.99958
4.0 5.0 0.70132 9.99821
4.0 5.0 0.790106 9.99995
4.0 5.0 0.67457 9.99869
4.0 5.0 0.697401 9.99649
4.0 5.0 0.936375 9.99768
4.0 5.0 0.676671 9.99789
4.0 5.0 0.791545 9.99823
4.0 5.0 0.67399 9.99729
4.0 5.0 0.797205 9.99992
4.0 5.0 0.676771 9.99763
4.0 5.0 0.672057 9.99813
4.0 5.0 0.581574 9.99536
4.0 5.0 0.682615 9.99843
4.0 5.0 0.787742 9.99972
4.0 5.0 0.555705 9.99938
4.0 5.0 0.754693 9.99906
4.0 5.0 0.567099 9.99545
4.0 5.0 0.676252 9.9995
4.0 5.0 1.03769 9.99948
4.0 5.0 0.685628 9.9987
4.0 5.0 0.797479 9.99851
4.0 5.0 0.56141 9.99501
4.0 5.0 0.719371 9.99942
4.0 5.0 0.73449 9.9987
4.0 5.0 0.713751 9.99908
4.0 5.0 0.689811 9.99947
4.0 5.0 0.690435 9.99808
4.0 5.0 0.736098 9.99922
4.0 5.0 1.20253 9.99889
4.0 5.0 0.572697 9.99919
4.0 5.0 0.700097 9.99767
4.0 5.0 0.597636 9.99651
4.0 5.0 0.790729 9.99934
4.0 5.0 0.843558 9.99903
4.0 5.0 0.826642 9.99747
4.0 5.0 0.797144 9.99924
4.0 5.0 0.68601 9.99948
4.0 5.0 0.795923 9.99925
4.0 5.0 0.819427 9.99976
4.0 5.0 0.578214 9.99685
4.0 5.0 0.671466 9.99954
4.0 5.0 0.694716 9.99716
4.0 5.0 0.782565 9.99771
4.0 5.0 0.733245 9.99729
4.0 5.0 0.790234 9.99878
4.0 5.0 0.578614 9.99801
4.0 5.0 0.57848 9.99835
4.0 5.0 0.681631 9.9997
4.0 5.0 0.723846 9.99778
4.0 5.0 0.774404 9.99871
4.0 7.0 0.886455 9.99914
4.0 7.0 0.845765 9.9988
4.0 7.0 0.633037 9.99757
4.0 7.0 0.649474 9.99632
4.0 7.0 0.695708 9.99887
4.0 7.0 0.875498 9.99937
4.0 7.0 0.639977 9.99458
4.0 7.0 0.638733 9.99813
4.0 7.0 0.832455 9.99953
4.0 7.0 1.15096 9.99586
4.0 7.0 0.64219 9.99919
4.0 7.0 0.903543 9.99749
4.0 7.0 0.850913 9.99798
4.0 7.0 0.658769 9.99681
4.0 7.0 0.629795 9.99837
4.0 7.0 0.772327 9.99977
4.0 7.0 0.672792 9.99789
4.0 7.0 0.634582 9.99837
4.0 7.0 0.888383 9.99912
4.0 7.0 1.02153 9.99859
4.0 7.0 0.745261 9.9991
4.0 7.0 0.689899 9.99866
4.0 7.0 0.713466 9.9991
4.0 7.0 1.11847 9.99856
4.0 7.0 0.730856 9.99504
4.0 7.0 0.849364 9.99756
4.0 7.0 0.743214 9.99828
4.0 7.0 0.637026 9.9982
4.0 7.0 0.736108 9.99955
4.0 7.0 0.677426 9.99972
4.0 7.0 0.875214 9.99571
4.0 7.0 0.642652 9.99882
4.0 7.0 0.675701 9.99777
4.0 7.0 0.853277 9.99783
4.0 7.0 0.638321 9.99846
4.0 7.0 1.0102 9.99497
4.0 7.0 1.19194 9.99977
4.0 7.0 0.851643 9.99543
4.0 7.0 0.642013 9.99913
4.0 7.0 0.641551 9.99896
4.0 7.0 1.17637 9.99697
4.0 7.0 0.646224 9.9975
4.0 7.0 0.648655 9.99538
4.0 7.0 1.2188 9.9979
4.0 7.0 0.712945 9.99874
4.0 7.0 0.737008 9.99678
4.0 7.0 0.65286 9.9979
4.0 7.0 0.880872 9.99811
4.0 7.0 1.47207 9.99927
4.0 7.0 0.751387 9.9987
4.0 8.0 0.836443 9.99955
4.0 8.0 0.653556 9.99528
4.0 8.0 0.837946 9.996
4.0 8.0 0.864257 9.99876
4.0 8.0 0.661708 9.9976
4.0 8.0 0.669874 9.99447
4.0 8.0 0.651103 9.99691
4.0 8.0 0.701246 9.99951
4.0 8.0 0.703671 9.9934
4.0 8.0 0.704755 9.99971
4.0 8.0 0.943101 9.99859
4.0 8.0 0.662151 9.99706
4.0 8.0 0.666169 9.99902
4.0 8.0 0.678373 9.99765
4.0 8.0 0.72169 9.99762
4.0 8.0 1.94886 9.99913
4.0 8.0 0.980227 9.99943
4.0 8.0 0.655818 9.9981
4.0 8.0 0.72602 9.99987
4.0 8.0 0.695272 9.9967
4.0 8.0 0.697142 9.99861
4.0 8.0 0.665106 9.99629
4.0 8.0 0.656174 9.99887
4.0 8.0 0.701256 9.99832
4.0 8.0 0.656895 9.99825
4.0 8.0 0.720037 9.99948
4.0 8.0 1.53312 9.99737
4.0 8.0 0.730978 9.99683
4.0 8.0 0.755248 9.9981
4.0 8.0 1.5781 9.99904
4.0 8.0 0.648882 9.99701
4.0 8.0 0.725186 9.9984
4.0 8.0 0.675556 9.9979
4.0 8.0 0.653737 9.99438
4.0 8.0 0.660156 9.99906
4.0 8.0 0.881752 9.99781
4.0 8.0 0.66712 9.99685
4.0 8.0 0.682861 9.9984
4.0 8.0 0.647017 9.99632
4.0 8.0 0.663519 9.99899
4.0 8.0 1.51242 9.99769
4.0 8.0 0.660828 9.99523
4.0 8.0 0.672298 9.99944
4.0 8.0 0.647021 9.9977
4.0 8.0 0.876997 9.99893
4.0 8.0 0.661657 9.99958
4.0 8.0 0.662442 9.99761
4.0 8.0 0.667349 9.99901
4.0 8.0 0.65468 9.99394
4.0 8.0 0.723596 9.99958
4.0 9.0 0.999596 9.99946
4.0 9.0 0.712818 9.99525
4.0 9.0 0.730789 9.99805
4.0 9.0 1.27143 9.99394
4.0 9.0 0.763173 9.99171
4.0 9.0 0.747001 9.99395
4.0 9.0 0.893584 9.99634
4.0 9.0 0.819777 9.99815
4.0 9.0 1.28205 9.99865
4.0 9.0 0.738918 9.9915
4.0 9.0 0.75466 9.99772
4.0 9.0 1.15451 9.9953
4.0 9.0 0.73822 9.9972
4.0 9.0 0.734743 9.99799
4.0 9.0 1.00764 9.99488
4.0 9.0 0.7422 9.99675
4.0 9.0 0.923791 9.99825
4.0 9.0 0.73439 9.9956
4.0 9.0 0.927723 9.99963
4.0 9.0 0.760969 9.99886
4.0 9.0 0.819405 9.99845
4.0 9.0 0.747206 9.99707
4.0 9.0 0.750378 9.99138
4.0 9.0 0.743025 9.99713
4.0 9.0 0.772171 9.99995
4.0 9.0 0.923843 9.99871
4.0 9.0 0.87317 9.99974
4.0 9.0 0.775035 9.99752
4.0 9.0 0.757549 9.99531
4.0 9.0 0.742273 9.99607
4.0 9.0 0.995869 9.99138
4.0 9.0 0.741076 9.9992
4.0 9.0 0.738034 9.99829
4.0 9.0 0.748633 9.99816
4.0 9.0 0.95938 9.99932
4.0 9.0 0.750668 9.99702
4.0 9.0 0.750132 9.99351
4.0 9.0 1.04036 9.99932
4.0 9.0 0.735306 9.99534
4.0 9.0 1.05476 9.99659
4.0 9.0 0.75133 9.99715
4.0 9.0 0.926358 9.99898
4.0 9.0 1.01574 9.99634
4.0 9.0 0.739522 9.99554
4.0 9.0 0.734938 9.99979
4.0 9.0 0.861979 9.99986
4.0 9.0 0.890863 9.99967
4.0 9.0 0.744969 9.99864
4.0 9.0 1.02436 9.99833
4.0 9.0 0.747289 9.99618
4.0 15.0 0.806996 9.99709
4.0 15.0 0.799552 9.99964
4.0 15.0 0.847721 9.99912
4.0 15.0 0.793748 9.99767
4.0 15.0 0.840044 9.99626
4.0 15.0 0.796687 9.99811
4.0 15.0 0.821243 9.99882
4.0 15.0 0.851514 9.99683
4.0 15.0 0.804882 9.99878
4.0 15.0 0.84569 9.99878
4.0 15.0 0.797382 9.99659
4.0 15.0 0.999184 9.99833
4.0 15.0 0.871191 9.99879
4.0 15.0 0.788344 9.99833
4.0 15.0 0.82649 9.99231
4.0 15.0 0.84988 9.99433
4.0 15.0 0.988397 9.99667
4.0 15.0 0.840161 9.99967
4.0 15.0 0.791541 9.99941
4.0 15.0 1.44526 9.99731
4.0 15.0 0.841868 9.99821
4.0 15.0 0.848618 9.99942
4.0 15.0 0.810125 9.99865
4.0 15.0 0.903796 9.99975
4.0 15.0 0.840841 9.99759
4.0 15.0 0.818713 9.99946
4.0 15.0 0.81044 9.99842
4.0 15.0 0.791088 9.99567
4.0 15.0 0.822511 9.99952
4.0 15.0 0.833753 9.99868
4.0 15.0 0.808761 9.99834
4.0 15.0 0.834319 9.99503
4.0 15.0 0.793736 9.99804
4.0 15.0 0.892106 9.99706
4.0 15.0 0.83462 9.99515
4.0 15.0 0.820653 9.99953
4.0 15.0 0.969609 9.99953
4.0 15.0 0.803068 9.99842
4.0 15.0 0.838974 9.99439
4.0 15.0 0.913705 9.99625
4.0 15.0 0.798871 9.99869
4.0 15.0 0.799982 9.9991
4.0 15.0 0.845481 9.99972
4.0 15.0 1.50415 9.9993
4.0 15.0 0.824673 9.99852
4.0 15.0 0.807707 9.99653
4.0 15.0 0.826222 9.99993
4.0 15.0 0.925867 9.99904
4.0 15.0 0.79623 9.99987
4.0 15.0 0.846145 9.99809
4.0 16.0 0.799072 9.99554
4.0 16.0 0.82351 9.99851
4.0 16.0 0.819258 9.9982
4.0 16.0 0.821159 9.99894
4.0 16.0 0.841477 9.99928
4.0 16.0 0.819111 9.99699
4.0 16.0 0.807824 9.99907
4.0 16.0 0.817503 9.99931
4.0 16.0 0.807922 9.9994
4.0 16.0 0.917946 9.99584
4.0 16.0 0.795355 9.99952
4.0 16.0 0.815978 9.99853
4.0 16.0 0.829743 9.99964
4.0 16.0 0.826864 9.99974
4.0 16.0 0.811713 9.99889
4.0 16.0 0.803358 9.998
4.0 16.0 1.33899 9.99937
4.0 16.0 0.897377 9.99801
4.0 16.0 0.842933 9.99775
4.0 16.0 0.802473 9.99844
4.0 16.0 0.793439 9.99846
4.0 16.0 0.801001 9.99769
4.0 16.0 0.832138 9.99812
4.0 16.0 0.809159 9.99891
4.0 16.0 0.789923 9.99734
4.0 16.0 0.839689 9.99732
4.0 16.0 0.795151 9.99821
4.0 16.0 0.803546 9.99943
4.0 16.0 0.792283 9.99838
4.0 16.0 0.823835 9.99955
4.0 16.0 0.791377 9.99821
4.0 16.0 0.814175 9.99871
4.0 16.0 0.795976 9.99867
4.0 16.0 0.794722 9.99764
4.0 16.0 0.807517 9.99899
4.0 16.0 0.902545 9.99981
4.0 16.0 0.869559 9.99757
4.0 16.0 0.826689 9.99882
4.0 16.0 0.803148 9.99823
4.0 16.0 0.807681 9.99926
4.0 16.0 0.8123 9.99961
4.0 16.0 0.814798 9.99917
4.0 16.0 0.79581 9.99667
4.0 16.0 0.802666 9.99564
4.0 16.0 0.798372 9.99963
4.0 16.0 0.800928 9.99975
4.0 16.0 0.798074 9.99952
4.0 16.0 0.806778 9.99439
4.0 16.0 0.794269 9.99969
4.0 16.0 0.758192 9.99933
4.0 17.0 0.91576 9.99977
4.0 17.0 0.994071 9.99632
4.0 17.0 1.03334 9.99931
4.0 17.0 1.00373 9.99929
4.0 17.0 0.996626 9.99976
4.0 17.0 0.996666 9.99898
4.0 17.0 1.06622 9.9989
4.0 17.0 0.88152 9.99908
4.0 17.0 1.03953 9.99749
4.0 17.0 1.55662 9.99899
4.0 17.0 0.883692 9.99758
4.0 17.0 0.940111 9.99758
4.0 17.0 0.941896 9.99812
4.0 17.0 1.26826 9.99309
4.0 17.0 0.965861 9.99923
4.0 17.0 0.95884 9.99921
4.0 17.0 1.29112 9.99792
4.0 17.0 0.914258 9.99773
4.0 17.0 1.03805 9.99858
4.0 17.0 0.846478 9.99871
4.0 17.0 1.16068 9.99807
4.0 17.0 1.346 9.99924
4.0 17.0 1.03961 9.99996
4.0 17.0 0.990414 9.99616
4.0 17.0 0.928908 9.9999
4.0 17.0 0.914349 9.99927
4.0 17.0 0.880214 9.99807
4.0 17.0 0.88516 9.99902
4.0 17.0 0.868571 9.99912
4.0 17.0 0.931811 9.99802
4.0 17.0 0.927064 9.99681
4.0 17.0 0.977592 9.99898
4.0 17.0 1.12715 9.99488
4.0 17.0 0.866056 9.99775
4.0 17.0 0.943678 9.99907
4.0 17.0 1.23084 9.99897
4.0 17.0 0.916027 9.99776
4.0 17.0 0.919273 9.99703
4.0 17.0 0.889777 9.99671
4.0 17.0 0.956886 9.99775
4.0 17.0 0.936852 9.99732
4.0 17.0 0.904583 9.99824
4.0 17.0 0.986782 9.99726
4.0 17.0 0.884503 9.99991
4.0 17.0 1.12297 9.99989
4.0 17.0 1.3935 9.99941
4.0 17.0 0.898526 9.9985
4.0 17.0 0.92311 9.99669
4.0 17.0 1.4354 9.99929
4.0 17.0 0.915201 9.99719
4.0 31.0 0.985315 9.99769
4.0 31.0 0.976624 9.99647
4.0 31.0 0.932727 9.99439
4.0 31.0 1.44763 9.99572
4.0 31.0 0.970084 9.99843
4.0 31.0 0.897905 9.99557
4.0 31.0 1.44717 9.99545
4.0 31.0 0.97484 9.99823
4.0 31.0 0.996922 9.99575
4.0 31.0 0.949242 9.99868
4.0 31.0 1.04894 9.99702
4.0 31.0 0.973515 9.99765
4.0 31.0 0.897759 9.99842
4.0 31.0 1.0115 9.99521
4.0 31.0 0.961119 9.99607
4.0 31.0 0.897762 9.99651
4.0 31.0 0.970723 9.99708
4.0 31.0 0.961246 9.9987
4.0 31.0 0.942323 9.99494
4.0 31.0 0.889667 9.99974
4.0 31.0 1.00553 9.99914
4.0 31.0 0.948749 9.99439
4.0 31.0 0.911361 9.9989
4.0 31.0 0.911364 9.99828
4.0 31.0 0.862393 9.99762
4.0 31.0 0.891082 9.99464
4.0 31.0 0.949316 9.99843
4.0 31.0 1.0437 9.99504
4.0 31.0 0.967801 9.99877
4.0 31.0 0.940312 9.99961
4.0 31.0 1.04292 9.99511
4.0 31.0 0.919676 9.99765
4.0 31.0 0.928274 9.99639
4.0 31.0 1.47481 9.99892
4.0 31.0 0.967702 9.99491
4.0 31.0 0.935832 9.99891
4.0 31.0 0.959488 9.99721
4.0 31.0 1.43495 9.99842
4.0 31.0 0.95971 9.99711
4.0 31.0 0.941583 9.99945
4.0 31.0 0.951581 9.99839
4.0 31.0 1.82073 9.99638
4.0 31.0 0.946614 9.99464
4.0 31.0 0.968568 9.99976
4.0 31.0 1.05712 9.99906
4.0 31.0 1.41206 9.99778
4.0 31.0 0.975787 9.9947
4.0 31.0 1.05453 9.99654
4.0 31.0 0.940329 9.99916
4.0 31.0 1.45081 9.99675
4.0 32.0 0.966233 9.99765
4.0 32.0 0.966567 9.99849
4.0 32.0 0.977146 9.99562
4.0 32.0 0.970101 9.99663
4.0 32.0 0.919179 9.99982
4.0 32.0 0.945255 9.99736
4.0 32.0 0.911337 9.99549
4.0 32.0 0.972221 9.99944
4.0 32.0 0.958717 9.99713
4.0 32.0 0.965264 9.9981
4.0 32.0 0.949766 9.99705
4.0 32.0 0.907563 9.99416
4.0 32.0 1.09526 9.99552
4.0 32.0 0.968291 9.99788
4.0 32.0 0.904704 9.99867
4.0 32.0 0.907002 9.99945
4.0 32.0 0.961113 9.99783
4.0 32.0 0.965519 9.99885
4.0 32.0 0.921373 9.99851
4.0 32.0 1.65338 9.99249
4.0 32.0 0.935841 9.99658
4.0 32.0 0.958788 9.99652
4.0 32.0 0.964747 9.99518
4.0 32.0 0.922482 9.99693
4.0 32.0 0.953731 9.99411
4.0 32.0 0.915015 9.99681
4.0 32.0 0.968856 9.99775
4.0 32.0 1.72572 9.99593
4.0 32.0 0.954641 9.99582
4.0 32.0 0.968949 9.9975
4.0 32.0 0.970137 9.99791
4.0 32.0 0.936164 9.9994
4.0 32.0 1.58305 9.99571
4.0 32.0 0.965654 9.99656
4.0 32.0 0.941547 9.99932
4.0 32.0 0.930198 9.99909
4.0 32.0 0.96969 9.99969
4.0 32.0 0.971092 9.99836
4.0 32.0 0.953223 9.99898
4.0 32.0 0.950102 9.99639
4.0 32.0 0.947069 9.99603
4.0 32.0 0.969546 9.99353
4.0 32.0 0.970467 9.99896
4.0 32.0 0.962718 9.99941
4.0 32.0 0.98329 9.99974
4.0 32.0 0.962921 9.99246
4.0 32.0 0.886592 9.9989
4.0 32.0 0.911927 9.99932
4.0 32.0 0.969147 9.99898
4.0 32.0 1.06849 9.99566
4.0 33.0 1.06689 9.99816
4.0 33.0 1.06305 9.99799
4.0 33.0 1.0318 9.99458
4.0 33.0 1.45086 9.99633
4.0 33.0 1.44392 9.99746
4.0 33.0 1.06335 9.99934
4.0 33.0 1.37119 9.99838
4.0 33.0 1.06316 9.9917
4.0 33.0 1.06163 9.99734
4.0 33.0 1.04269 9.99547
4.0 33.0 1.45694 9.99936
4.0 33.0 1.44053 9.99852
4.0 33.0 1.04391 9.99947
4.0 33.0 1.04307 9.99675
4.0 33.0 1.41566 9.99594
4.0 33.0 1.03796 9.99874
4.0 33.0 1.44353 9.9996
4.0 33.0 1.05483 9.99692
4.0 33.0 1.06113 9.9966
4.0 33.0 1.4818 9.99916
4.0 33.0 1.46455 9.99953
4.0 33.0 0.998827 9.99787
4.0 33.0 1.05609 9.99904
4.0 33.0 1.01141 9.99867
4.0 33.0 1.02167 9.99358
4.0 33.0 1.10094 9.99896
4.0 33.0 1.39223 9.99316
4.0 33.0 1.02953 9.99939
4.0 33.0 1.11406 9.99725
4.0 33.0 1.05773 9.99731
4.0 33.0 1.45399 9.99764
4.0 33.0 1.01791 9.99672
4.0 33.0 1.3865 9.99606
4.0 33.0 1.44513 9.99498
4.0 33.0 1.04892 9.99576
4.0 33.0 1.054 9.99898
4.0 33.0 1.01429 9.99548
4.0 33.0 1.0251 9.99696
4.0 33.0 1.05239 9.99657
4.0 33.0 1.06551 9.99776
4.0 33.0 1.01978 9.99793
4.0 33.0 1.05027 9.99509
4.0 33.0 1.05652 9.9924
4.0 33.0 1.0398 9.99149
4.0 33.0 1.13416 9.99295
4.0 33.0 1.03667 9.99793
4.0 33.0 1.01173 9.99392
4.0 33.0 1.38955 9.99866
4.0 33.0 0.998311 9.99911
4.0 33.0 1.05759 9.99533
5.0 3.0 28.794 25.0222
5.0 3.0 28.014 25.0222
5.0 3.0 27.9283 25.0222
5.0 3.0 29.6389 25.0222
5.0 3.0 29.6526 25.0222
5.0 3.0 28.7666 25.0222
5.0 3.0 27.9811 25.0222
5.0 3.0 29.7773 25.0222
5.0 3.0 27.9591 25.0222
5.0 3.0 30.0228 25.0222
5.0 3.0 29.8032 25.0222
5.0 3.0 29.2921 25.0222
5.0 3.0 29.6259 25.0222
5.0 3.0 28.3368 25.0222
5.0 3.0 29.5887 25.0222
5.0 3.0 29.5319 25.0222
5.0 3.0 29.9069 25.0222
5.0 3.0 27.9433 25.0222
5.0 3.0 27.9707 25.0222
5.0 3.0 30.099 25.0222
5.0 3.0 30.1827 25.0222
5.0 3.0 28.7966 25.0222
5.0 3.0 30.0061 25.0222
5.0 3.0 29.5512 25.0222
5.0 3.0 27.9786 25.0222
5.0 3.0 27.9448 25.0222
5.0 3.0 30.3087 25.0222
5.0 3.0 28.8776 25.0222
5.0 3.0 27.8997 25.0222
5.0 3.0 28.2402 25.0222
5.0 3.0 28.2361 25.0222
5.0 3.0 29.1886 25.0222
5.0 3.0 27.9075 25.0222
5.0 3.0 30.047 25.0222
5.0 3.0 29.9117 25.0222
5.0 3.0 29.4552 25.0222
5.0 3.0 28.1382 25.0222
5.0 3.0 30.2009 25.0222
5.0 3.0 30.3363 25.0222
5.0 3.0 29.4904 25.0222
5.0 3.0 30.1832 25.0222
5.0 3.0 28.6952 25.0222
5.0 3.0 27.9686 25.0222
5.0 3.0 29.5566 25.0222
5.0 3.0 29.4696 25.0222
5.0 3.0 29.5873 25.0222
5.0 3.0 28.9039 25.0222
5.0 3.0 29.3489 25.0222
5.0 3.0 27.9946 25.0222
5.0 3.0 29.8988 25.0222
5.0 4.0 19.0954 25.0222
5.0 4.0 19.6974 25.0222
5.0 4.0 19.1969 25.0222
5.0 4.0 20.006 25.0222
5.0 4.0 19.7091 25.0222
5.0 4.0 19.7847 25.0222
5.0 4.0 19.219 25.0222
5.0 4.0 19.176 25.0222
5.0 4.0 20.1027 25.0222
5.0 4.0 20.1249 25.0222
5.0 4.0 19.1742 25.0222
5.0 4.0 20.038 25.0222
5.0 4.0 19.766 25.0222
5.0 4.0 19.1249 25.0222
5.0 4.0 19.8451 25.0222
5.0 4.0 19.1735 25.0222
5.0 4.0 19.56 25.0222
5.0 4.0 20.1489 25.0222
5.0 4.0 19.732 25.0222
5.0 4.0 19.7443 25.0222
5.0 4.0 19.753 25.0222
5.0 4.0 20.133 25.0222
5.0 4.0 20.157 25.0222
5.0 4.0 19.3838 25.0222
5.0 4.0 20.1043 25.0222
5.0 4.0 20.1746 25.0222
5.0 4.0 19.1483 25.0222
5.0 4.0 19.4846 25.0222
5.0 4.0 19.5454 25.0222
5.0 4.0 19.9865 25.0222
5.0 4.0 19.6374 25.0222
5.0 4.0 19.0889 25.0222
5.0 4.0 19.6921 25.0222
5.0 4.0 19.0674 25.0222
5.0 4.0 19.7676 25.0222
5.0 4.0 20.0296 25.0222
5.0 4.0 19.727 25.0222
5.0 4.0 19.7742 25.0222
5.0 4.0 20.133 25.0222
5.0 4.0 20.0972 25.0222
5.0 4.0 19.8173 25.0222
5.0 4.0 19.3295 25.0222
5.0 4.0 20.1517 25.0222
5.0 4.0 19.7844 25.0222
5.0 4.0 20.0016 25.0222
5.0 4.0 20.0731 25.0222
5.0 4.0 19.5133 25.0222
5.0 4.0 19.7696 25.0222
5.0 4.0 19.7736 25.0222
5.0 4.0 19.7918 25.0222
5.0 5.0 14.5288 25.0222
5.0 5.0 14.1015 25.0222
5.0 5.0 14.5369 25.0222
5.0 5.0 14.2387 25.0222
5.0 5.0 14.5751 25.0222
5.0 5.0 14.4765 25.0222
5.0 5.0 14.4465 25.0222
5.0 5.0 14.462 25.0222
5.0 5.0 14.1123 25.0222
5.0 5.0 14.4437 25.0222
5.0 5.0 14.4542 25.0222
5.0 5.0 14.5607 25.0222
5.0 5.0 14.5374 25.0222
5.0 5.0 14.6075 25.0222
5.0 5.0 14.5679 25.0222
5.0 5.0 14.935 25.0222
5.0 5.0 14.4591 25.0222
5.0 5.0 14.4693 25.0222
5.0 5.0 15.0059 25.0222
5.0 5.0 14.6322 25.0222
5.0 5.0 14.5858 25.0222
5.0 5.0 14.5728 25.0222
5.0 5.0 14.7206 25.0222
5.0 5.0 14.4933 25.0222
5.0 5.0 14.208 25.0222
5.0 5.0 14.2344 25.0222
5.0 5.0 14.4884 25.0222
5.0 5.0 14.5425 25.0222
5.0 5.0 14.5538 25.0222
5.0 5.0 14.4826 25.0222
5.0 5.0 14.6751 25.0222
5.0 5.0 14.6826 25.0222
5.0 5.0 14.4689 25.0222
5.0 5.0 14.5939 25.0222
5.0 5.0 14.4474 25.0222
5.0 5.0 14.542 25.0222
5.0 5.0 14.0876 25.0222
5.0 5.0 15.1561 25.0222
5.0 5.0 14.5315 25.0222
5.0 5.0 14.6433 25.0222
5.0 5.0 14.4507 25.0222
5.0 5.0 14.6544 25.0222
5.0 5.0 14.2343 25.0222
5.0 5.0 14.5625 25.0222
5.0 5.0 14.6498 25.0222
5.0 5.0 14.5969 25.0222
5.0 5.0 14.1079 25.0222
5.0 5.0 14.2157 25.0222
5.0 5.0 14.5387 25.0222
5.0 5.0 14.5606 25.0222
5.0 7.0 9.71011 25.0222
5.0 7.0 9.71742 25.0222
5.0 7.0 9.74757 25.0222
5.0 7.0 9.69435 25.0222
5.0 7.0 9.80787 25.0222
5.0 7.0 9.49072 25.0222
5.0 7.0 9.77632 25.0222
5.0 7.0 9.7813 25.0222
5.0 7.0 9.58794 25.0222
5.0 7.0 9.79824 25.0222
5.0 7.0 9.40969 25.0222
5.0 7.0 9.83461 25.0222
5.0 7.0 9.47392 25.0222
5.0 7.0 9.70833 25.0222
5.0 7.0 9.73342 25.0222
5.0 7.0 9.72745 25.0222
5.0 7.0 9.89189 25.0222
5.0 7.0 9.75867 25.0222
5.0 7.0 9.71265 25.0222
5.0 7.0 9.82534 25.0222
5.0 7.0 9.40182 25.0222
5.0 7.0 9.82239 25.0222
5.0 7.0 9.72477 25.0222
5.0 7.0 9.8694 25.0222
5.0 7.0 9.72808 25.0222
5.0 7.0 9.84868 25.0222
5.0 7.0 9.66888 25.0222
5.0 7.0 9.80148 25.0222
5.0 7.0 9.81411 25.0222
5.0 7.0 9.40068 25.0222
5.0 7.0 9.73295 25.0222
5.0 7.0 9.7302 25.0222
5.0 7.0 9.7438 25.0222
5.0 7.0 9.83306 25.0222
5.0 7.0 9.68264 25.0222
5.0 7.0 9.87868 25.0222
5.0 7.0 9.74652 25.0222
5.0 7.0 9.66745 25.0222
5.0 7.0 9.82311 25.0222
5.0 7.0 9.72507 25.0222
5.0 7.0 9.71321 25.0222
5.0 7.0 9.75724 25.0222
5.0 7.0 9.71811 25.0222
5.0 7.0 9.74598 25.0222
5.0 7.0 9.8132 25.0222
5.0 7.0 9.72344 25.0222
5.0 7.0 9.83671 25.0222
5.0 7.0 9.74577 25.0222
5.0 7.0 9.91276 25.0222
5.0 7.0 9.40773 25.0222
5.0 8.0 8.33246 25.0222
5.0 8.0 8.32476 25.0222
5.0 8.0 8.35234 25.0222
5.0 8.0 8.3495 25.0222
5.0 8.0 8.35522 25.0222
5.0 8.0 8.35575 25.0222
5.0 8.0 8.35089 25.0222
5.0 8.0 8.37448 25.0222
5.0 8.0 8.35521 25.0222
5.0 8.0 8.34163 25.0222
5.0 8.0 8.22504 25.0222
5.0 8.0 8.37586 25.0222
5.0 8.0 8.4808 25.0222
5.0 8.0 8.62981 25.0222
5.0 8.0 8.38124 25.0222
5.0 8.0 8.36729 25.0222
5.0 8.0 8.48017 25.0222
5.0 8.0 8.34158 25.0222
5.0 8.0 8.37645 25.0222
5.0 8.0 8.3599 25.0222
5.0 8.0 8.37164 25.0222
5.0 8.0 8.40693 25.0222
5.0 8.0 8.37609 25.0222
5.0 8.0 8.33237 25.0222
5.0 8.0 8.34918 25.0222
5.0 8.0 8.37241 25.0222
5.0 8.0 8.46315 25.0222
5.0 8.0 8.36073 25.0222
5.0 8.0 8.34651 25.0222
5.0 8.0 8.36066 25.0222
5.0 8.0 8.34308 25.0222
5.0 8.0 8.39077 25.0222
5.0 8.0 8.36489 25.0222
5.0 8.0 8.38043 25.0222
5.0 8.0 8.35742 25.0222
5.0 8.0 8.36043 25.0222
5.0 8.0 8.3394 25.0222
5.0 8.0 8.35968 25.0222
5.0 8.0 8.3919 25.0222
5.0 8.0 8.19762 25.0222
5.0 8.0 8.3664 25.0222
5.0 8.0 8.3354 25.0222
5.0 8.0 8.55689 25.0222
5.0 8.0 8.40513 25.0222
5.0 8.0 8.3385 25.0222
5.0 8.0 8.37136 25.0222
5.0 8.0 8.39812 25.0222
5.0 8.0 8.49287 25.0222
5.0 8.0 8.45962 25.0222
5.0 8.0 8.46856 25.0222
5.0 9.0 7.31411 25.0222
5.0 9.0 7.30589 25.0222
5.0 9.0 7.40865 25.0222
5.0 9.0 7.31774 25.0222
5.0 9.0 7.38732 25.0222
5.0 9.0 7.46316 25.0222
5.0 9.0 7.30713 25.0222
5.0 9.0 7.33233 25.0222
5.0 9.0 7.16835 25.0222
5.0 9.0 7.36462 25.0222
5.0 9.0 7.3852 25.0222
5.0 9.0 7.32655 25.0222
5.0 9.0 7.30562 25.0222
5.0 9.0 7.38669 25.0222
5.0 9.0 7.43541 25.0222
5.0 9.0 7.31703 25.0222
5.0 9.0 7.36313 25.0222
5.0 9.0 7.39932 25.0222
5.0 9.0 7.48417 25.0222
5.0 9.0 7.34164 25.0222
5.0 9.0 7.55571 25.0222
5.0 9.0 7.3352 25.0222
5.0 9.0 7.33854 25.0222
5.0 9.0 7.41593 25.0222
5.0 9.0 7.32252 25.0222
5.0 9.0 7.29255 25.0222
5.0 9.0 7.32238 25.0222
5.0 9.0 7.48167 25.0222
5.0 9.0 7.35542 25.0222
5.0 9.0 7.35567 25.0222
5.0 9.0 7.42493 25.0222
5.0 9.0 7.34906 25.0222
5.0 9.0 7.3651 25.0222
5.0 9.0 7.46694 25.0222
5.0 9.0 7.40086 25.0222
5.0 9.0 7.30904 25.0222
5.0 9.0 7.52646 25.0222
5.0 9.0 7.40181 25.0222
5.0 9.0 7.35137 25.0222
5.0 9.0 7.36897 25.0222
5.0 9.0 7.33635 25.0222
5.0 9.0 7.47284 25.0222
5.0 9.0 7.40893 25.0222
5.0 9.0 7.36254 25.0222
5.0 9.0 7.32909 25.0222
5.0 9.0 7.16959 25.0222
5.0 9.0 7.28627 25.0222
5.0 9.0 7.32317 25.0222
5.0 9.0 7.12479 25.0222
5.0 9.0 7.36417 25.0222
5.0 15.0 4.20542 25.0222
5.0 15.0 4.2154 25.0222
5.0 15.0 4.22014 25.0222
5.0 15.0 4.23701 25.0222
5.0 15.0 4.24365 25.0222
5.0 15.0 4.24342 25.0222
5.0 15.0 4.29093 25.0222
5.0 15.0 4.19857 25.0222
5.0 15.0 4.20446 25.0222
5.0 15.0 4.22857 25.0222
5.0 15.0 4.20977 25.0222
5.0 15.0 4.21193 25.0222
5.0 15.0 4.25047 25.0222
5.0 15.0 4.20858 25.0222
5.0 15.0 4.19935 25.0222
5.0 15.0 4.21562 25.0222
5.0 15.0 4.19968 25.0222
5.0 15.0 4.34538 25.0222
5.0 15.0 4.21875 25.0222
5.0 15.0 4.20198 25.0222
5.0 15.0 4.23256 25.0222
5.0 15.0 4.20039 25.0222
5.0 15.0 4.19985 25.0222
5.0 15.0 4.20824 25.0222
5.0 15.0 6.21281 25.0222
5.0 15.0 4.20604 25.0222
5.0 15.0 4.20849 25.0222
5.0 15.0 4.29375 25.0222
5.0 15.0 4.21857 25.0222
5.0 15.0 4.23701 25.0222
5.0 15.0 4.35401 25.0222
5.0 15.0 4.25555 25.0222
5.0 15.0 4.22847 25.0222
5.0 15.0 4.2132 25.0222
5.0 15.0 4.19846 25.0222
5.0 15.0 4.22088 25.0222
5.0 15.0 4.20546 25.0222
5.0 15.0 4.40703 25.0222
5.0 15.0 4.52685 25.0222
5.0 15.0 4.2367 25.0222
5.0 15.0 4.3088 25.0222
5.0 15.0 4.20325 25.0222
5.0 15.0 4.23684 25.0222
5.0 15.0 4.19782 25.0222
5.0 15.0 4.23114 25.0222
5.0 15.0 4.26462 25.0222
5.0 15.0 4.28865 25.0222
5.0 15.0 4.32549 25.0222
5.0 15.0 4.20904 25.0222
5.0 15.0 4.24897 25.0222
5.0 16.0 3.9403 25.0222
5.0 16.0 3.91667 25.0222
5.0 16.0 3.92385 25.0222
5.0 16.0 3.9163 25.0222
5.0 16.0 4.1685 25.0222
5.0 16.0 3.93777 25.0222
5.0 16.0 3.929 25.0222
5.0 16.0 4.00307 25.0222
5.0 16.0 3.9189 25.0222
5.0 16.0 4.32695 25.0222
5.0 16.0 3.93222 25.0222
5.0 16.0 3.92168 25.0222
5.0 16.0 3.92333 25.0222
5.0 16.0 3.92707 25.0222
5.0 16.0 3.92964 25.0222
5.0 16.0 3.93396 25.0222
5.0 16.0 3.92304 25.0222
5.0 16.0 3.97294 25.0222
5.0 16.0 3.96088 25.0222
5.0 16.0 3.92317 25.0222
5.0 16.0 3.94068 25.0222
5.0 16.0 3.91943 25.0222
5.0 16.0 3.93566 25.0222
5.0 16.0 3.92553 25.0222
5.0 16.0 3.9227 25.0222
5.0 16.0 3.92066 25.0222
5.0 16.0 3.92184 25.0222
5.0 16.0 3.9483 25.0222
5.0 16.0 3.93807 25.0222
5.0 16.0 3.92373 25.0222
5.0 16.0 3.9516 25.0222
5.0 16.0 3.92618 25.0222
5.0 16.0 3.92711 25.0222
5.0 16.0 3.9262 25.0222
5.0 16.0 3.92348 25.0222
5.0 16.0 3.91614 25.0222
5.0 16.0 3.92353 25.0222
5.0 16.0 3.92082 25.0222
5.0 16.0 3.92155 25.0222
5.0 16.0 3.91745 25.0222
5.0 16.0 3.92235 25.0222
5.0 16.0 3.92028 25.0222
5.0 16.0 3.92074 25.0222
5.0 16.0 3.91782 25.0222
5.0 16.0 3.92783 25.0222
5.0 16.0 3.92266 25.0222
5.0 16.0 3.95683 25.0222
5.0 16.0 3.92833 25.0222
5.0 16.0 3.91815 25.0222
5.0 16.0 3.91912 25.0222
5.0 17.0 3.6922 25.0222
5.0 17.0 3.76428 25.0222
5.0 17.0 3.69652 25.0222
5.0 17.0 3.70057 25.0222
5.0 17.0 3.68582 25.0222
5.0 17.0 3.71181 25.0222
5.0 17.0 3.83812 25.0222
5.0 17.0 3.71037 25.0222
5.0 17.0 3.67928 25.0222
5.0 17.0 3.7026 25.0222
5.0 17.0 3.80098 25.0222
5.0 17.0 3.84439 25.0222
5.0 17.0 3.71264 25.0222
5.0 17.0 3.7103 25.0222
5.0 17.0 3.72532 25.0222
5.0 17.0 3.82869 25.0222
5.0 17.0 4.58275 25.0222
5.0 17.0 3.69716 25.0222
5.0 17.0 3.72068 25.0222
5.0 17.0 3.84955 25.0222
5.0 17.0 3.73391 25.0222
5.0 17.0 3.69206 25.0222
5.0 17.0 3.70084 25.0222
5.0 17.0 3.71837 25.0222
5.0 17.0 3.68159 25.0222
5.0 17.0 3.71756 25.0222
5.0 17.0 3.68403 25.0222
5.0 17.0 3.7194 25.0222
5.0 17.0 3.84469 25.0222
5.0 17.0 3.72815 25.0222
5.0 17.0 3.73045 25.0222
5.0 17.0 3.75679 25.0222
5.0 17.0 3.81448 25.0222
5.0 17.0 3.68309 25.0222
5.0 17.0 3.70448 25.0222
5.0 17.0 3.8341 25.0222
5.0 17.0 3.70994 25.0222
5.0 17.0 3.68153 25.0222
5.0 17.0 3.68538 25.0222
5.0 17.0 3.80023 25.0222
5.0 17.0 3.72323 25.0222
5.0 17.0 3.81337 25.0222
5.0 17.0 3.81171 25.0222
5.0 17.0 3.81016 25.0222
5.0 17.0 3.79368 25.0222
5.0 17.0 3.71148 25.0222
5.0 17.0 3.71045 25.0222
5.0 17.0 3.7196 25.0222
5.0 17.0 3.80062 25.0222
5.0 17.0 3.69527 25.0222
5.0 31.0 2.00028 25.0222
5.0 31.0 1.98303 25.0222
5.0 31.0 1.98503 25.0222
5.0 31.0 2.21133 25.0222
5.0 31.0 1.99665 25.0222
5.0 31.0 1.98641 25.0222
5.0 31.0 1.98857 25.0222
5.0 31.0 2.00682 25.0222
5.0 31.0 2.13607 25.0222
5.0 31.0 2.00689 25.0222
5.0 31.0 1.98812 25.0222
5.0 31.0 1.98644 25.0222
5.0 31.0 1.9847 25.0222
5.0 31.0 2.15701 25.0222
5.0 31.0 2.00374 25.0222
5.0 31.0 1.99488 25.0222
5.0 31.0 2.19619 25.0222
5.0 31.0 1.98393 25.0222
5.0 31.0 2.00655 25.0222
5.0 31.0 1.98854 25.0222
5.0 31.0 1.98838 25.0222
5.0 31.0 2.1763 25.0222
5.0 31.0 2.12823 25.0222
5.0 31.0 2.00348 25.0222
5.0 31.0 1.97891 25.0222
5.0 31.0 1.98132 25.0222
5.0 31.0 1.98156 25.0222
5.0 31.0 2.10902 25.0222
5.0 31.0 2.25556 25.0222
5.0 31.0 1.98323 25.0222
5.0 31.0 2.18215 25.0222
5.0 31.0 1.98723 25.0222
5.0 31.0 1.99443 25.0222
5.0 31.0 2.08367 25.0222
5.0 31.0 1.98893 25.0222
5.0 31.0 1.98126 25.0222
5.0 31.0 1.98719 25.0222
5.0 31.0 2.19758 25.0222
5.0 31.0 2.02339 25.0222
5.0 31.0 1.98348 25.0222
5.0 31.0 1.9855 25.0222
5.0 31.0 2.05355 25.0222
5.0 31.0 1.97903 25.0222
5.0 31.0 1.99623 25.0222
5.0 31.0 2.11985 25.0222
5.0 31.0 2.22811 25.0222
5.0 31.0 1.99176 25.0222
5.0 31.0 1.97896 25.0222
5.0 31.0 2.09052 25.0222
5.0 31.0 1.98156 25.0222
5.0 32.0 1.92612 25.0222
5.0 32.0 1.9263 25.0222
5.0 32.0 1.91529 25.0222
5.0 32.0 1.92978 25.0222
5.0 32.0 1.91904 25.0222
5.0 32.0 1.91786 25.0222
5.0 32.0 1.91706 25.0222
5.0 32.0 1.92765 25.0222
5.0 32.0 1.92174 25.0222
5.0 32.0 1.91676 25.0222
5.0 32.0 1.91672 25.0222
5.0 32.0 1.91644 25.0222
5.0 32.0 1.91451 25.0222
5.0 32.0 1.91585 25.0222
5.0 32.0 1.93426 25.0222
5.0 32.0 1.95798 25.0222
5.0 32.0 1.92468 25.0222
5.0 32.0 1.92471 25.0222
5.0 32.0 1.92205 25.0222
5.0 32.0 1.94978 25.0222
5.0 32.0 1.93562 25.0222
5.0 32.0 1.92583 25.0222
5.0 32.0 1.93514 25.0222
5.0 32.0 2.08112 25.0222
5.0 32.0 1.92377 25.0222
5.0 32.0 1.92531 25.0222
5.0 32.0 1.92931 25.0222
5.0 32.0 1.92176 25.0222
5.0 32.0 1.93159 25.0222
5.0 32.0 1.91713 25.0222
5.0 32.0 1.92767 25.0222
5.0 32.0 1.92911 25.0222
5.0 32.0 1.92315 25.0222
5.0 32.0 1.92285 25.0222
5.0 32.0 1.92041 25.0222
5.0 32.0 1.93027 25.0222
5.0 32.0 1.92404 25.0222
5.0 32.0 1.92985 25.0222
5.0 32.0 1.9262 25.0222
5.0 32.0 2.09875 25.0222
5.0 32.0 1.91478 25.0222
5.0 32.0 1.93257 25.0222
5.0 32.0 1.92009 25.0222
5.0 32.0 1.93641 25.0222
5.0 32.0 2.12502 25.0222
5.0 32.0 1.91414 25.0222
5.0 32.0 1.94513 25.0222
5.0 32.0 1.93198 25.0222
5.0 32.0 1.92656 25.0222
5.0 32.0 1.92402 25.0222
5.0 33.0 1.86771 25.0222
5.0 33.0 1.86866 25.0222
5.0 33.0 1.87112 25.0222
5.0 33.0 1.86705 25.0222
5.0 33.0 1.86876 25.0222
5.0 33.0 1.86105 25.0222
5.0 33.0 1.86883 25.0222
5.0 33.0 1.86356 25.0222
5.0 33.0 1.86909 25.0222
5.0 33.0 1.86865 25.0222
5.0 33.0 1.8649 25.0222
5.0 33.0 1.87042 25.0222
5.0 33.0 1.87394 25.0222
5.0 33.0 1.98919 25.0222
5.0 33.0 1.99381 25.0222
5.0 33.0 1.96609 25.0222
5.0 33.0 1.91499 25.0222
5.0 33.0 1.8726 25.0222
5.0 33.0 1.87517 25.0222
5.0 33.0 1.86891 25.0222
5.0 33.0 1.88146 25.0222
5.0 33.0 1.86389 25.0222
5.0 33.0 1.87114 25.0222
5.0 33.0 1.87029 25.0222
5.0 33.0 1.87593 25.0222
5.0 33.0 1.86861 25.0222
5.0 33.0 1.87051 25.0222
5.0 33.0 1.86841 25.0222
5.0 33.0 1.88646 25.0222
5.0 33.0 1.86671 25.0222
5.0 33.0 1.87841 25.0222
5.0 33.0 1.87812 25.0222
5.0 33.0 1.86826 25.0222
5.0 33.0 1.86784 25.0222
5.0 33.0 1.86711 25.0222
5.0 33.0 1.86288 25.0222
5.0 33.0 1.88181 25.0222
5.0 33.0 1.87412 25.0222
5.0 33.0 1.87426 25.0222
5.0 33.0 1.86931 25.0222
5.0 33.0 1.8753 25.0222
5.0 33.0 1.99697 25.0222
5.0 33.0 1.93852 25.0222
5.0 33.0 1.88117 25.0222
5.0 33.0 1.86338 25.0222
5.0 33.0 2.07861 25.0222
5.0 33.0 1.98469 25.0222
5.0 33.0 1.8862 25.0222
5.0 33.0 1.92813 25.0222
5.0 33.0 2.0927 25.0222
