0.0 3.0 0.347469 2.04187
0.0 3.0 0.364033 2.04196
0.0 3.0 0.359695 2.04082
0.0 3.0 0.363348 2.04162
0.0 3.0 0.358807 2.04159
0.0 3.0 0.34489 2.03814
0.0 3.0 0.351269 2.04148
0.0 3.0 0.340668 2.02892
0.0 3.0 0.34671 2.02472
0.0 3.0 0.374091 2.04058
0.0 3.0 0.357076 2.04197
0.0 3.0 0.362297 2.04188
0.0 3.0 0.350083 2.03926
0.0 3.0 0.369602 2.04197
0.0 3.0 0.34728 2.03814
0.0 3.0 0.365998 2.04195
0.0 3.0 0.356522 2.04032
0.0 3.0 0.353836 2.04129
0.0 3.0 0.354604 2.04032
0.0 3.0 0.352502 2.03973
0.0 3.0 0.332984 2.03983
0.0 3.0 0.366165 2.04184
0.0 3.0 0.34977 2.04032
0.0 3.0 0.339842 2.04053
0.0 3.0 0.385447 2.04198
0.0 3.0 0.36716 2.02346
0.0 3.0 0.335615 2.02044
0.0 3.0 0.340139 2.04143
0.0 3.0 0.362732 2.04196
0.0 3.0 0.34554 2.04174
0.0 3.0 0.336293 2.02044
0.0 3.0 0.358781 2.04187
0.0 3.0 0.356192 2.0419
0.0 3.0 0.364914 2.04198
0.0 3.0 0.333049 2.04182
0.0 3.0 0.320839 2.04032
0.0 3.0 0.361044 2.04198
0.0 3.0 0.349688 2.04116
0.0 3.0 0.356367 2.04025
0.0 3.0 0.336905 2.03983
0.0 3.0 0.368181 2.04007
0.0 3.0 0.378891 2.04198
0.0 3.0 0.345459 2.04092
0.0 3.0 0.340528 2.04153
0.0 3.0 0.329606 2.02044
0.0 3.0 0.332326 2.04183
0.0 3.0 0.352173 2.04163
0.0 3.0 0.340705 2.04149
0.0 3.0 0.358851 2.04191
0.0 3.0 0.351158 2.04173
0.0 4.0 0.688183 2.01305
0.0 4.0 0.322153 2.04121
0.0 4.0 0.941503 2.03577
0.0 4.0 0.3337 2.03872
0.0 4.0 0.357405 2.03613
0.0 4.0 0.36855 2.04113
0.0 4.0 0.378736 2.04192
0.0 4.0 0.354632 2.02778
0.0 4.0 0.737965 2.02605
0.0 4.0 0.321208 2.04016
0.0 4.0 0.749571 2.04196
0.0 4.0 0.383649 2.04197
0.0 4.0 0.766248 2.04187
0.0 4.0 0.342516 2.04018
0.0 4.0 0.722607 2.04081
0.0 4.0 0.366769 2.01648
0.0 4.0 0.762317 2.02151
0.0 4.0 0.354167 2.02433
0.0 4.0 0.321524 2.03328
0.0 4.0 0.757857 2.03856
0.0 4.0 0.907352 2.04188
0.0 4.0 0.741754 2.03514
0.0 4.0 0.372068 2.04133
0.0 4.0 0.681159 2.04181
0.0 4.0 0.375871 2.04168
0.0 4.0 0.321804 2.04197
0.0 4.0 0.760869 2.02986
0.0 4.0 0.761162 2.03899
0.0 4.0 0.322291 2.04016
0.0 4.0 0.360411 2.04081
0.0 4.0 0.716259 2.02835
0.0 4.0 0.734091 2.0164
0.0 4.0 0.895219 2.04189
0.0 4.0 0.373655 2.02153
0.0 4.0 0.712785 2.02603
0.0 4.0 0.363723 2.04195
0.0 4.0 0.767852 2.0407
0.0 4.0 0.790631 2.04195
0.0 4.0 0.904795 2.04189
0.0 4.0 0.38158 2.04061
0.0 4.0 0.758178 2.04182
0.0 4.0 0.381686 2.02185
0.0 4.0 0.916047 2.03752
0.0 4.0 0.742802 2.03456
0.0 4.0 0.383092 2.04
0.0 4.0 0.352335 2.02433
0.0 4.0 0.710317 2.039
0.0 4.0 0.426387 2.04197
0.0 4.0 0.794162 2.04171
0.0 4.0 0.892944 2.03729
0.0 5.0 0.720637 2.02162
0.0 5.0 0.552049 2.04181
0.0 5.0 0.720764 2.01447
0.0 5.0 0.56714 2.04117
0.0 5.0 0.581525 2.04079
0.0 5.0 0.593614 2.04075
0.0 5.0 0.826026 2.02433
0.0 5.0 0.578752 2.04194
0.0 5.0 0.538126 2.03584
0.0 5.0 0.536153 2.02433
0.0 5.0 0.537431 2.02221
0.0 5.0 0.58352 2.02162
0.0 5.0 0.551925 2.02985
0.0 5.0 0.570602 2.03334
0.0 5.0 0.536414 2.03493
0.0 5.0 0.618319 2.04166
0.0 5.0 0.588066 2.02817
0.0 5.0 0.840602 2.04162
0.0 5.0 0.540435 2.03514
0.0 5.0 0.540898 2.04068
0.0 5.0 0.785628 2.04188
0.0 5.0 0.884641 2.04149
0.0 5.0 0.547447 2.04197
0.0 5.0 0.593093 2.04136
0.0 5.0 0.587372 2.03573
0.0 5.0 0.637346 2.04166
0.0 5.0 0.801751 2.03263
0.0 5.0 0.783417 2.01481
0.0 5.0 0.871069 2.04032
0.0 5.0 0.886955 2.02933
0.0 5.0 0.645931 2.04182
0.0 5.0 0.594005 2.04136
0.0 5.0 0.575487 2.02213
0.0 5.0 0.649754 2.03724
0.0 5.0 0.587934 2.03537
0.0 5.0 0.586351 2.03023
0.0 5.0 0.587738 2.02069
0.0 5.0 0.739146 2.04198
0.0 5.0 0.658741 2.02942
0.0 5.0 0.658483 2.03639
0.0 5.0 0.745752 2.04184
0.0 5.0 0.729474 2.04138
0.0 5.0 0.883624 2.0164
0.0 5.0 0.544866 2.0418
0.0 5.0 0.554223 2.0164
0.0 5.0 0.544215 2.01368
0.0 5.0 0.639773 2.04083
0.0 5.0 0.543128 2.04163
0.0 5.0 0.536064 2.0164
0.0 5.0 0.594695 2.04198
0.0 7.0 1.57393 2.02674
0.0 7.0 0.680227 2.03438
0.0 7.0 1.58202 2.04129
0.0 7.0 0.631617 2.03573
0.0 7.0 0.651503 2.04113
0.0 7.0 0.609955 2.01435
0.0 7.0 0.640838 2.03293
0.0 7.0 1.61517 2.03627
0.0 7.0 1.59703 2.02634
0.0 7.0 0.583146 2.04175
0.0 7.0 1.57365 2.04191
0.0 7.0 0.64929 2.03557
0.0 7.0 0.649162 2.04188
0.0 7.0 0.633084 2.03107
0.0 7.0 0.63437 2.02424
0.0 7.0 1.60123 2.04123
0.0 7.0 1.63068 2.03217
0.0 7.0 0.651496 2.02147
0.0 7.0 0.618548 2.03796
0.0 7.0 1.64739 2.03591
0.0 7.0 0.851474 2.01635
0.0 7.0 1.65383 2.04134
0.0 7.0 0.621812 2.03818
0.0 7.0 0.586616 2.04197
0.0 7.0 0.827044 2.04166
0.0 7.0 1.51064 2.03131
0.0 7.0 0.583127 2.03637
0.0 7.0 1.5662 2.0418
0.0 7.0 0.600204 2.01481
0.0 7.0 0.626548 2.01097
0.0 7.0 0.888421 2.04194
0.0 7.0 0.821575 2.04196
0.0 7.0 0.615751 2.04139
0.0 7.0 0.899243 2.04019
0.0 7.0 0.872229 2.03308
0.0 7.0 0.849829 2.03087
0.0 7.0 0.621702 2.04032
0.0 7.0 0.639337 2.04194
0.0 7.0 0.623018 2.02498
0.0 7.0 0.578238 2.03997
0.0 7.0 0.665511 2.01617
0.0 7.0 0.853667 2.03791
0.0 7.0 0.835967 2.04078
0.0 7.0 0.566911 2.03581
0.0 7.0 0.60416 2.04065
0.0 7.0 0.617669 2.04018
0.0 7.0 0.553505 2.03725
0.0 7.0 0.607243 2.04183
0.0 7.0 0.907031 2.04126
0.0 7.0 0.558987 2.03818
0.0 8.0 0.554627 2.02962
0.0 8.0 0.603569 2.04197
0.0 8.0 0.608255 2.0419
0.0 8.0 0.803994 2.04154
0.0 8.0 0.566824 2.04136
0.0 8.0 0.56579 2.04187
0.0 8.0 0.561047 2.04136
0.0 8.0 0.559712 2.04157
0.0 8.0 0.566149 2.04189
0.0 8.0 0.572513 2.04196
0.0 8.0 0.571597 2.04198
0.0 8.0 0.565178 2.04187
0.0 8.0 0.57262 2.04074
0.0 8.0 0.603081 2.02172
0.0 8.0 0.604005 2.04133
0.0 8.0 0.564401 2.04191
0.0 8.0 0.740603 2.03919
0.0 8.0 1.51992 2.02385
0.0 8.0 0.603829 2.04136
0.0 8.0 0.566514 2.04189
0.0 8.0 0.558383 2.03311
0.0 8.0 0.558642 2.03978
0.0 8.0 0.762179 2.02037
0.0 8.0 0.564035 2.00812
0.0 8.0 0.575415 2.02016
0.0 8.0 0.606426 2.0043
0.0 8.0 0.564588 2.0164
0.0 8.0 0.600794 2.04185
0.0 8.0 0.813184 2.01845
0.0 8.0 0.565116 2.04195
0.0 8.0 0.559086 2.0416
0.0 8.0 0.603491 2.01996
0.0 8.0 0.568129 2.02762
0.0 8.0 0.61281 2.04196
0.0 8.0 0.561085 2.03644
0.0 8.0 0.569259 2.01876
0.0 8.0 0.594635 2.04139
0.0 8.0 0.602121 2.01481
0.0 8.0 0.554931 2.01844
0.0 8.0 0.570742 2.0389
0.0 8.0 0.580177 2.03878
0.0 8.0 0.566101 2.02051
0.0 8.0 0.579145 2.03805
0.0 8.0 0.612014 2.04195
0.0 8.0 0.561031 2.03991
0.0 8.0 0.598738 2.04062
0.0 8.0 0.589606 2.0418
0.0 8.0 0.743598 2.04101
0.0 8.0 0.71728 2.04108
0.0 8.0 0.585304 2.01664
0.0 9.0 0.690805 2.03538
0.0 9.0 0.711753 2.04118
0.0 9.0 0.85722 2.0403
0.0 9.0 0.99901 2.04194
0.0 9.0 0.71181 2.03819
0.0 9.0 0.720825 2.04007
0.0 9.0 0.852016 2.04048
0.0 9.0 0.71281 2.01883
0.0 9.0 0.995569 2.04126
0.0 9.0 0.734691 2.03921
0.0 9.0 0.6966 2.00247
0.0 9.0 0.719433 2.03478
0.0 9.0 0.760598 2.03746
0.0 9.0 0.709247 2.0384
0.0 9.0 0.899185 2.01638
0.0 9.0 0.779257 2.04008
0.0 9.0 0.860972 2.03092
0.0 9.0 0.858662 2.04186
0.0 9.0 0.829588 2.03836
0.0 9.0 0.768971 2.03534
0.0 9.0 0.70224 2.04136
0.0 9.0 0.797733 2.04182
0.0 9.0 0.79016 2.03625
0.0 9.0 0.85548 2.01466
0.0 9.0 0.940223 2.04192
0.0 9.0 0.703351 2.04188
0.0 9.0 0.705798 2.03569
0.0 9.0 0.767077 2.0396
0.0 9.0 0.692102 2.03241
0.0 9.0 0.707205 2.04032
0.0 9.0 0.693733 2.02605
0.0 9.0 0.819952 2.02083
0.0 9.0 0.703171 2.02664
0.0 9.0 0.896707 2.04194
0.0 9.0 0.74141 2.01296
0.0 9.0 0.712474 2.0199
0.0 9.0 0.67978 2.01481
0.0 9.0 0.832379 2.04133
0.0 9.0 0.70162 2.04194
0.0 9.0 0.73917 2.0418
0.0 9.0 0.68824 2.04195
0.0 9.0 0.735406 2.04149
0.0 9.0 0.770265 2.04136
0.0 9.0 0.706978 2.03193
0.0 9.0 0.854284 2.03593
0.0 9.0 0.714448 2.03966
0.0 9.0 0.696314 2.03532
0.0 9.0 0.708653 2.04189
0.0 9.0 0.672574 2.04157
0.0 9.0 0.749089 2.04167
0.0 15.0 0.730732 2.04117
0.0 15.0 0.83974 2.04192
0.0 15.0 0.872627 2.01481
0.0 15.0 0.838332 2.01598
0.0 15.0 0.769596 2.0209
0.0 15.0 0.849033 2.04178
0.0 15.0 0.750431 2.04044
0.0 15.0 0.764749 2.04148
0.0 15.0 0.789457 2.04038
0.0 15.0 0.787301 2.04166
0.0 15.0 0.761581 2.0365
0.0 15.0 1.32471 2.04166
0.0 15.0 0.742754 2.03942
0.0 15.0 0.745214 2.0419
0.0 15.0 0.786108 2.01958
0.0 15.0 0.834751 2.03628
0.0 15.0 0.770635 2.02194
0.0 15.0 0.767874 2.04132
0.0 15.0 0.879835 2.03808
0.0 15.0 0.748892 2.03984
0.0 15.0 0.743163 2.01987
0.0 15.0 0.75887 2.02385
0.0 15.0 0.933441 2.04183
0.0 15.0 0.767887 2.00247
0.0 15.0 0.732792 2.0418
0.0 15.0 0.742421 2.03674
0.0 15.0 0.746716 2.03053
0.0 15.0 0.746813 2.04079
0.0 15.0 0.745888 2.02717
0.0 15.0 0.76536 2.04151
0.0 15.0 0.890608 2.0413
0.0 15.0 0.891996 2.04188
0.0 15.0 0.838824 2.02674
0.0 15.0 0.750432 2.02584
0.0 15.0 0.742285 2.03944
0.0 15.0 0.757162 2.0417
0.0 15.0 0.73867 2.01473
0.0 15.0 0.841071 2.01099
0.0 15.0 0.763596 2.04181
0.0 15.0 1.31186 2.03914
0.0 15.0 0.759403 2.02214
0.0 15.0 0.738818 2.04031
0.0 15.0 0.765966 2.04192
0.0 15.0 0.758322 2.02181
0.0 15.0 0.877843 2.04193
0.0 15.0 0.836368 2.04197
0.0 15.0 0.758384 2.01065
0.0 15.0 0.776167 2.01863
0.0 15.0 1.15732 2.03751
0.0 15.0 0.745573 2.03885
0.0 16.0 0.784124 2.03824
0.0 16.0 0.756915 2.03496
0.0 16.0 0.757193 2.02512
0.0 16.0 0.744132 2.04165
0.0 16.0 0.750187 2.0395
0.0 16.0 0.754362 2.03019
0.0 16.0 0.757671 2.03668
0.0 16.0 0.780218 2.04194
0.0 16.0 0.754337 2.02219
0.0 16.0 0.75583 2.04176
0.0 16.0 0.751299 2.04192
0.0 16.0 0.767356 2.03971
0.0 16.0 0.747189 2.02748
0.0 16.0 0.765573 2.03981
0.0 16.0 0.832187 2.03762
0.0 16.0 0.7824 2.04175
0.0 16.0 0.747149 2.04109
0.0 16.0 0.742837 2.01466
0.0 16.0 0.860065 2.04076
0.0 16.0 0.78607 2.03854
0.0 16.0 0.760198 2.04175
0.0 16.0 0.765627 2.03913
0.0 16.0 0.751987 2.04142
0.0 16.0 0.744742 2.04183
0.0 16.0 0.757294 2.04109
0.0 16.0 0.781331 2.04189
0.0 16.0 0.819937 2.04188
0.0 16.0 0.73429 2.03885
0.0 16.0 0.846594 2.02512
0.0 16.0 0.753659 2.04139
0.0 16.0 0.754514 2.02197
0.0 16.0 0.762092 2.04062
0.0 16.0 0.766785 2.01917
0.0 16.0 0.756997 2.04082
0.0 16.0 0.810005 2.03779
0.0 16.0 0.752369 2.04184
0.0 16.0 0.777509 2.03672
0.0 16.0 0.752299 2.03057
0.0 16.0 0.764295 2.04169
0.0 16.0 0.886863 2.0164
0.0 16.0 0.75275 2.03577
0.0 16.0 0.744438 2.04079
0.0 16.0 0.758363 2.04013
0.0 16.0 0.965022 2.03808
0.0 16.0 0.757744 2.02145
0.0 16.0 0.749044 2.02185
0.0 16.0 0.916991 2.01481
0.0 16.0 0.856311 2.02674
0.0 16.0 0.757854 2.04037
0.0 16.0 0.787567 2.04183
0.0 17.0 0.854728 2.03808
0.0 17.0 0.874454 2.04079
0.0 17.0 1.19277 2.01805
0.0 17.0 1.35659 2.01481
0.0 17.0 0.800877 2.02674
0.0 17.0 0.947134 2.0418
0.0 17.0 0.779242 2.02932
0.0 17.0 1.28897 2.01481
0.0 17.0 0.87448 2.04161
0.0 17.0 1.01162 2.04171
0.0 17.0 0.83603 2.02209
0.0 17.0 1.1903 2.04113
0.0 17.0 1.38413 2.04058
0.0 17.0 0.835209 2.04117
0.0 17.0 0.763528 2.03863
0.0 17.0 1.20792 2.04105
0.0 17.0 0.788698 2.04019
0.0 17.0 0.791323 2.04129
0.0 17.0 0.940002 2.02214
0.0 17.0 1.13416 2.04155
0.0 17.0 0.812524 2.0418
0.0 17.0 0.907501 2.03475
0.0 17.0 0.79224 2.04194
0.0 17.0 0.942963 2.02563
0.0 17.0 0.816148 2.03768
0.0 17.0 0.99657 2.02076
0.0 17.0 0.988579 2.01204
0.0 17.0 1.37887 2.04195
0.0 17.0 0.784825 2.02691
0.0 17.0 1.27696 2.04177
0.0 17.0 0.828124 2.02809
0.0 17.0 0.800595 2.0184
0.0 17.0 1.95981 2.04197
0.0 17.0 1.14751 2.03615
0.0 17.0 0.968524 2.03315
0.0 17.0 0.999806 2.03784
0.0 17.0 0.886826 2.04175
0.0 17.0 1.16297 2.01412
0.0 17.0 0.829665 2.04168
0.0 17.0 0.94407 2.04194
0.0 17.0 1.14582 2.0166
0.0 17.0 1.19214 2.04196
0.0 17.0 1.38001 2.04133
0.0 17.0 0.779692 2.04185
0.0 17.0 0.950518 2.0277
0.0 17.0 1.23183 2.01518
0.0 17.0 1.24449 2.02118
0.0 17.0 1.30669 2.0403
0.0 17.0 1.3529 2.04197
0.0 17.0 0.819857 2.04136
0.0 31.0 0.927696 2.022
0.0 31.0 0.905683 2.04032
0.0 31.0 0.947682 2.03559
0.0 31.0 0.848411 2.02872
0.0 31.0 0.942779 2.04149
0.0 31.0 0.919238 2.02099
0.0 31.0 0.9271 2.01065
0.0 31.0 0.796331 2.0411
0.0 31.0 0.997041 2.03336
0.0 31.0 0.92992 2.04094
0.0 31.0 0.844467 2.0416
0.0 31.0 0.844003 2.04184
0.0 31.0 0.841322 2.04134
0.0 31.0 0.925662 2.02872
0.0 31.0 0.93972 2.03882
0.0 31.0 0.923298 2.04168
0.0 31.0 0.82749 2.04171
0.0 31.0 0.944707 2.03803
0.0 31.0 0.852931 2.01709
0.0 31.0 0.882451 2.03784
0.0 31.0 0.923456 2.04172
0.0 31.0 0.817965 2.03917
0.0 31.0 0.817476 2.01729
0.0 31.0 0.880374 2.03885
0.0 31.0 1.2904 2.01862
0.0 31.0 0.815778 2.0257
0.0 31.0 0.933771 2.01919
0.0 31.0 0.893942 2.02145
0.0 31.0 0.922595 2.0419
0.0 31.0 0.843856 2.03824
0.0 31.0 0.94374 2.03706
0.0 31.0 0.833202 2.04181
0.0 31.0 1.03431 2.02218
0.0 31.0 0.804843 2.03932
0.0 31.0 0.817005 2.04198
0.0 31.0 0.911295 2.03508
0.0 31.0 0.882719 2.02198
0.0 31.0 1.0004 2.02134
0.0 31.0 1.01265 2.01473
0.0 31.0 0.899794 2.0417
0.0 31.0 0.844572 2.04064
0.0 31.0 0.943705 2.0404
0.0 31.0 0.933023 2.04032
0.0 31.0 0.934582 2.04183
0.0 31.0 0.841552 2.04166
0.0 31.0 0.851843 2.01888
0.0 31.0 1.01415 2.01056
0.0 31.0 1.01986 2.04135
0.0 31.0 0.940516 2.0418
0.0 31.0 0.818567 2.04179
0.0 32.0 0.928448 2.03001
0.0 32.0 0.930153 2.04173
0.0 32.0 1.45264 2.04189
0.0 32.0 0.916812 2.01481
0.0 32.0 0.909247 2.04198
0.0 32.0 1.4233 2.04166
0.0 32.0 0.951774 2.01413
0.0 32.0 0.930595 2.04189
0.0 32.0 1.33886 2.04023
0.0 32.0 1.34976 2.01863
0.0 32.0 0.929942 2.04179
0.0 32.0 1.47888 2.01693
0.0 32.0 1.45827 2.01452
0.0 32.0 0.925454 2.04081
0.0 32.0 0.931041 2.04192
0.0 32.0 0.915202 2.03914
0.0 32.0 1.33428 2.04136
0.0 32.0 0.925334 2.04032
0.0 32.0 0.951107 2.04051
0.0 32.0 0.933023 2.04197
0.0 32.0 1.51387 2.04139
0.0 32.0 0.948936 2.03516
0.0 32.0 0.929024 2.0276
0.0 32.0 0.931589 2.0418
0.0 32.0 0.891492 2.04029
0.0 32.0 0.92212 2.0357
0.0 32.0 0.956057 2.04189
0.0 32.0 0.85635 2.04187
0.0 32.0 0.938705 2.04157
0.0 32.0 0.935225 2.01431
0.0 32.0 0.936865 2.02263
0.0 32.0 0.863606 2.03961
0.0 32.0 0.872141 2.0164
0.0 32.0 1.49148 2.02978
0.0 32.0 0.905263 2.04198
0.0 32.0 1.2316 2.02203
0.0 32.0 1.25723 2.04037
0.0 32.0 0.870306 2.04189
0.0 32.0 0.935019 2.04175
0.0 32.0 1.21657 2.01551
0.0 32.0 0.898206 2.04188
0.0 32.0 0.81882 2.03947
0.0 32.0 0.806354 2.01303
0.0 32.0 0.840442 2.04187
0.0 32.0 0.870991 2.03517
0.0 32.0 0.900085 2.04071
0.0 32.0 0.905601 2.01993
0.0 32.0 1.03452 2.01448
0.0 32.0 0.816901 2.04153
0.0 32.0 0.935635 2.04181
0.0 33.0 0.990342 2.04131
0.0 33.0 0.998251 2.04032
0.0 33.0 1.01923 2.0104
0.0 33.0 0.903804 2.04177
0.0 33.0 0.888363 2.04184
0.0 33.0 0.854093 2.04195
0.0 33.0 0.985686 2.03281
0.0 33.0 0.864003 2.02682
0.0 33.0 1.03483 2.03279
0.0 33.0 1.01771 2.04057
0.0 33.0 1.30567 2.04172
0.0 33.0 1.24886 2.0414
0.0 33.0 0.992561 2.03835
0.0 33.0 1.01004 2.04187
0.0 33.0 1.66044 2.04166
0.0 33.0 0.895126 2.04197
0.0 33.0 0.896511 2.0418
0.0 33.0 0.90151 2.0404
0.0 33.0 0.917837 2.04032
0.0 33.0 0.896667 2.04011
0.0 33.0 0.99044 2.03449
0.0 33.0 1.32069 2.04181
0.0 33.0 1.31504 2.03267
0.0 33.0 1.35972 2.02633
0.0 33.0 0.966374 2.03724
0.0 33.0 1.34484 2.00411
0.0 33.0 1.20432 2.04041
0.0 33.0 0.891593 2.04098
0.0 33.0 0.891947 2.03887
0.0 33.0 0.985159 2.01614
0.0 33.0 0.989785 2.0146
0.0 33.0 1.02849 2.03868
0.0 33.0 1.34726 2.04143
0.0 33.0 0.996656 2.02474
0.0 33.0 1.4165 2.02154
0.0 33.0 0.915481 2.02704
0.0 33.0 0.89545 2.03674
0.0 33.0 1.0179 2.01658
0.0 33.0 0.992751 2.04074
0.0 33.0 0.990152 2.04165
0.0 33.0 1.36091 2.02963
0.0 33.0 0.999004 2.01964
0.0 33.0 1.25148 2.04116
0.0 33.0 0.972871 2.04063
0.0 33.0 0.995108 2.01483
0.0 33.0 1.00422 2.04133
0.0 33.0 0.873887 2.0164
0.0 33.0 1.02555 2.02385
0.0 33.0 0.896557 2.04181
0.0 33.0 1.38695 2.01901
1.0 3.0 0.407578 16.6067
1.0 3.0 0.493969 16.6505
1.0 3.0 0.462364 16.6399
1.0 3.0 0.996735 16.6506
1.0 3.0 1.03526 16.6517
1.0 3.0 0.401919 16.6523
1.0 3.0 0.465724 16.6514
1.0 3.0 1.02639 16.6125
1.0 3.0 0.430828 16.6508
1.0 3.0 1.00941 16.6526
1.0 3.0 0.93007 16.6523
1.0 3.0 1.06173 16.6505
1.0 3.0 1.01323 16.6168
1.0 3.0 0.925597 16.6516
1.0 3.0 1.00042 16.651
1.0 3.0 1.02378 16.648
1.0 3.0 0.464225 16.6415
1.0 3.0 0.439015 16.6201
1.0 3.0 0.501097 16.5955
1.0 3.0 0.535176 16.6527
1.0 3.0 0.950463 16.6419
1.0 3.0 1.05211 16.6481
1.0 3.0 1.01865 16.6528
1.0 3.0 1.03486 16.6466
1.0 3.0 0.409025 16.6427
1.0 3.0 0.441544 16.65
1.0 3.0 0.52521 16.6451
1.0 3.0 1.04103 16.6514
1.0 3.0 0.413645 16.5873
1.0 3.0 0.997201 16.6515
1.0 3.0 0.413626 16.6469
1.0 3.0 0.402559 16.6519
1.0 3.0 0.402997 16.3433
1.0 3.0 0.405051 16.6004
1.0 3.0 0.403019 16.6262
1.0 3.0 0.473633 16.6483
1.0 3.0 0.403486 16.6522
1.0 3.0 0.995182 16.6466
1.0 3.0 1.05221 16.6396
1.0 3.0 1.09594 16.6425
1.0 3.0 0.400255 16.6382
1.0 3.0 1.34296 16.6507
1.0 3.0 0.482037 16.6521
1.0 3.0 0.403696 16.6383
1.0 3.0 0.989166 16.6513
1.0 3.0 0.417878 16.6467
1.0 3.0 0.479446 16.643
1.0 3.0 0.423628 16.6505
1.0 3.0 0.405369 16.6359
1.0 3.0 0.988458 16.6144
1.0 4.0 0.808789 16.6527
1.0 4.0 0.760836 16.6424
1.0 4.0 0.684767 16.5296
1.0 4.0 0.767092 16.6498
1.0 4.0 0.37767 16.6525
1.0 4.0 0.379013 16.651
1.0 4.0 0.383884 16.638
1.0 4.0 0.765145 16.6526
1.0 4.0 0.727586 16.6517
1.0 4.0 0.330885 16.6505
1.0 4.0 0.329563 16.6506
1.0 4.0 0.39831 16.6524
1.0 4.0 0.372646 16.6488
1.0 4.0 0.371819 16.6517
1.0 4.0 0.373256 16.6517
1.0 4.0 0.414086 16.6335
1.0 4.0 0.389931 16.5262
1.0 4.0 0.7412 16.648
1.0 4.0 0.790078 16.6457
1.0 4.0 0.363901 16.6082
1.0 4.0 0.379502 16.6295
1.0 4.0 0.332451 16.6476
1.0 4.0 0.680841 16.6441
1.0 4.0 0.905632 16.6504
1.0 4.0 0.700425 16.6513
1.0 4.0 0.742092 16.6521
1.0 4.0 0.331621 16.6507
1.0 4.0 0.751223 16.65
1.0 4.0 0.378191 16.6483
1.0 4.0 0.397505 16.6355
1.0 4.0 0.758967 16.5288
1.0 4.0 0.376786 16.6485
1.0 4.0 0.788477 16.6513
1.0 4.0 0.741451 16.6483
1.0 4.0 0.377327 16.6369
1.0 4.0 0.386826 16.6269
1.0 4.0 0.411077 16.6528
1.0 4.0 0.768593 16.6513
1.0 4.0 0.372422 16.5688
1.0 4.0 0.407301 16.6517
1.0 4.0 0.75837 16.6524
1.0 4.0 0.340939 16.6506
1.0 4.0 0.40448 16.6459
1.0 4.0 0.41168 16.6528
1.0 4.0 0.763461 16.6446
1.0 4.0 0.373732 16.5317
1.0 4.0 0.380604 16.5265
1.0 4.0 0.8369 16.6435
1.0 4.0 0.369556 16.6508
1.0 4.0 0.765213 16.49
1.0 5.0 0.666565 16.6487
1.0 5.0 0.670835 16.6508
1.0 5.0 0.886418 16.6506
1.0 5.0 0.589974 16.5262
1.0 5.0 0.663168 16.6528
1.0 5.0 0.670615 16.651
1.0 5.0 0.738449 16.6435
1.0 5.0 0.842876 16.6521
1.0 5.0 0.741471 16.644
1.0 5.0 0.548468 16.6481
1.0 5.0 0.642751 16.6269
1.0 5.0 0.535506 16.6502
1.0 5.0 0.546347 16.593
1.0 5.0 0.677206 16.6528
1.0 5.0 0.579082 16.6508
1.0 5.0 0.562658 16.6451
1.0 5.0 0.546313 16.6395
1.0 5.0 0.731702 16.6527
1.0 5.0 1.30653 16.628
1.0 5.0 1.21219 16.6471
1.0 5.0 0.567006 16.6363
1.0 5.0 0.551832 16.5262
1.0 5.0 0.544591 16.5953
1.0 5.0 0.546003 16.6482
1.0 5.0 0.837613 16.6457
1.0 5.0 1.37842 16.6014
1.0 5.0 0.830826 16.5546
1.0 5.0 0.569816 16.6508
1.0 5.0 0.600135 16.6517
1.0 5.0 0.716104 16.6482
1.0 5.0 0.55077 16.5875
1.0 5.0 0.555039 16.6503
1.0 5.0 0.738651 16.6106
1.0 5.0 0.706874 16.6528
1.0 5.0 0.583074 16.6527
1.0 5.0 0.816993 16.6517
1.0 5.0 0.674383 16.6528
1.0 5.0 0.659804 16.6517
1.0 5.0 0.686666 16.6523
1.0 5.0 0.675775 16.652
1.0 5.0 0.561359 16.6487
1.0 5.0 0.536627 16.6487
1.0 5.0 0.691003 16.6492
1.0 5.0 0.620254 16.5655
1.0 5.0 0.568306 16.6499
1.0 5.0 0.550893 16.6488
1.0 5.0 0.862089 16.6527
1.0 5.0 0.563728 16.6415
1.0 5.0 0.600077 16.6352
1.0 5.0 0.537947 16.6504
1.0 7.0 0.586938 16.6517
1.0 7.0 0.622609 16.6509
1.0 7.0 0.890967 16.6407
1.0 7.0 0.640741 16.652
1.0 7.0 0.573907 16.6517
1.0 7.0 0.883143 16.5991
1.0 7.0 0.578557 16.6436
1.0 7.0 0.603757 16.6136
1.0 7.0 0.869813 16.582
1.0 7.0 0.619202 16.6525
1.0 7.0 1.58173 16.6448
1.0 7.0 0.676277 16.652
1.0 7.0 0.675972 16.6462
1.0 7.0 0.884811 16.6372
1.0 7.0 0.87803 16.644
1.0 7.0 0.887437 16.6517
1.0 7.0 0.57637 16.5991
1.0 7.0 0.898403 16.6482
1.0 7.0 1.52 16.6372
1.0 7.0 0.592821 16.6361
1.0 7.0 1.63941 16.6509
1.0 7.0 0.614537 16.6438
1.0 7.0 0.579653 16.6479
1.0 7.0 0.842115 16.5262
1.0 7.0 0.580372 16.6507
1.0 7.0 0.677055 16.6528
1.0 7.0 0.681257 16.6385
1.0 7.0 0.593959 16.6501
1.0 7.0 0.690273 16.6522
1.0 7.0 0.684884 16.638
1.0 7.0 0.630534 16.6481
1.0 7.0 0.619316 16.6476
1.0 7.0 0.632997 16.6381
1.0 7.0 0.847923 16.6468
1.0 7.0 1.25663 16.6424
1.0 7.0 0.623747 16.608
1.0 7.0 0.590804 16.6272
1.0 7.0 1.64476 16.6518
1.0 7.0 0.856066 16.6226
1.0 7.0 0.632151 16.6524
1.0 7.0 0.586337 16.6487
1.0 7.0 0.627727 16.5892
1.0 7.0 0.680554 16.6402
1.0 7.0 0.65586 16.6525
1.0 7.0 0.670017 16.6516
1.0 7.0 0.650448 16.6505
1.0 7.0 0.670966 16.5816
1.0 7.0 0.634889 16.5992
1.0 7.0 0.662679 16.6527
1.0 7.0 0.641378 16.6033
1.0 8.0 0.672267 16.65
1.0 8.0 0.572491 16.6473
1.0 8.0 0.584254 16.6524
1.0 8.0 0.672178 16.6034
1.0 8.0 0.572055 16.646
1.0 8.0 0.579564 16.5262
1.0 8.0 0.579273 16.6527
1.0 8.0 0.583309 16.6067
1.0 8.0 0.617535 16.6524
1.0 8.0 0.573467 16.6525
1.0 8.0 0.571746 16.5265
1.0 8.0 0.607034 16.6406
1.0 8.0 0.675137 16.6504
1.0 8.0 0.618854 16.6464
1.0 8.0 0.572103 16.6396
1.0 8.0 0.581801 16.6523
1.0 8.0 0.565043 16.634
1.0 8.0 0.566482 16.6374
1.0 8.0 0.567516 16.6505
1.0 8.0 1.5521 16.6431
1.0 8.0 0.643934 16.6172
1.0 8.0 0.579073 16.6512
1.0 8.0 0.589128 16.6511
1.0 8.0 0.57771 16.6341
1.0 8.0 0.576765 16.6517
1.0 8.0 0.617142 16.6519
1.0 8.0 0.747969 16.6506
1.0 8.0 0.649469 16.5262
1.0 8.0 0.66701 16.6517
1.0 8.0 0.570276 16.652
1.0 8.0 0.570961 16.6522
1.0 8.0 0.635894 16.6126
1.0 8.0 0.598966 16.649
1.0 8.0 0.583553 16.6219
1.0 8.0 0.614747 16.6501
1.0 8.0 0.595263 16.6495
1.0 8.0 0.607131 16.6508
1.0 8.0 0.564402 16.6443
1.0 8.0 0.58649 16.6033
1.0 8.0 0.611259 16.6481
1.0 8.0 0.614197 16.6371
1.0 8.0 0.595455 16.6526
1.0 8.0 0.577261 16.6421
1.0 8.0 0.570109 16.6416
1.0 8.0 0.595424 16.6506
1.0 8.0 0.571556 16.598
1.0 8.0 0.574139 16.5399
1.0 8.0 0.592228 16.651
1.0 8.0 0.629921 16.6485
1.0 8.0 0.613418 16.649
1.0 9.0 0.894011 16.6025
1.0 9.0 0.703753 16.649
1.0 9.0 0.722171 16.6396
1.0 9.0 1.12454 16.6517
1.0 9.0 0.772725 16.6521
1.0 9.0 1.42281 16.6528
1.0 9.0 0.705171 16.6502
1.0 9.0 0.757301 16.6521
1.0 9.0 0.689662 16.6505
1.0 9.0 0.702756 16.6506
1.0 9.0 0.705718 16.5984
1.0 9.0 0.730972 16.6527
1.0 9.0 0.746233 16.651
1.0 9.0 0.712916 16.6017
1.0 9.0 0.77606 16.6412
1.0 9.0 0.706123 16.6479
1.0 9.0 0.824337 16.6528
1.0 9.0 0.76604 16.6315
1.0 9.0 1.1607 16.6518
1.0 9.0 0.709411 16.6445
1.0 9.0 0.714113 16.6427
1.0 9.0 0.706968 16.6381
1.0 9.0 0.699723 16.6499
1.0 9.0 1.08507 16.6524
1.0 9.0 0.83576 16.6524
1.0 9.0 0.774683 16.6521
1.0 9.0 0.715285 16.6516
1.0 9.0 0.702954 16.6412
1.0 9.0 0.737203 16.6516
1.0 9.0 0.721617 16.6507
1.0 9.0 0.756461 16.6443
1.0 9.0 0.767248 16.6514
1.0 9.0 0.712103 16.6452
1.0 9.0 0.854753 16.6372
1.0 9.0 0.704704 16.5236
1.0 9.0 0.97055 16.6498
1.0 9.0 0.754365 16.6522
1.0 9.0 0.695225 16.6526
1.0 9.0 0.706238 16.6326
1.0 9.0 0.974074 16.6514
1.0 9.0 0.986451 16.6212
1.0 9.0 0.902643 16.6451
1.0 9.0 0.815239 16.646
1.0 9.0 0.79666 16.6517
1.0 9.0 0.77833 16.6512
1.0 9.0 0.769903 16.6512
1.0 9.0 0.706348 16.6435
1.0 9.0 0.706523 16.652
1.0 9.0 0.771155 16.6099
1.0 9.0 0.771155 16.6099
1.0 15.0 0.745773 16.6513
1.0 15.0 0.74877 16.5757
1.0 15.0 0.745897 16.5987
1.0 15.0 0.76417 16.6464
1.0 15.0 0.740836 16.6412
1.0 15.0 1.16489 16.6366
1.0 15.0 0.748128 16.6487
1.0 15.0 0.881657 16.6521
1.0 15.0 0.783494 16.6319
1.0 15.0 0.836996 16.6513
1.0 15.0 0.925075 16.6486
1.0 15.0 0.756207 16.6508
1.0 15.0 0.724577 16.6408
1.0 15.0 0.769303 16.6526
1.0 15.0 0.83526 16.6519
1.0 15.0 0.825861 16.6514
1.0 15.0 0.754417 16.6126
1.0 15.0 0.766112 16.6527
1.0 15.0 0.757693 16.6522
1.0 15.0 0.752815 16.6352
1.0 15.0 0.764119 16.6254
1.0 15.0 0.77172 16.649
1.0 15.0 0.771727 16.635
1.0 15.0 0.781037 16.6267
1.0 15.0 0.810777 16.6498
1.0 15.0 0.76927 16.6006
1.0 15.0 0.806613 16.6364
1.0 15.0 0.790393 16.6522
1.0 15.0 0.832764 16.6466
1.0 15.0 0.722267 16.6397
1.0 15.0 0.752933 16.6391
1.0 15.0 0.741666 16.5595
1.0 15.0 0.757631 16.6523
1.0 15.0 0.744387 16.6366
1.0 15.0 0.927552 16.65
1.0 15.0 0.774207 16.6526
1.0 15.0 0.925027 16.6412
1.0 15.0 0.956051 16.6482
1.0 15.0 0.74798 16.6526
1.0 15.0 0.831197 16.6527
1.0 15.0 0.766856 16.6445
1.0 15.0 0.773387 16.6509
1.0 15.0 0.813043 16.6528
1.0 15.0 0.749918 16.6509
1.0 15.0 0.755439 16.6414
1.0 15.0 0.769814 16.6245
1.0 15.0 0.80981 16.6071
1.0 15.0 0.727911 16.6453
1.0 15.0 0.759447 16.6354
1.0 15.0 0.759447 16.6354
1.0 16.0 0.768163 16.6461
1.0 16.0 0.76241 16.6368
1.0 16.0 0.872715 16.6528
1.0 16.0 1.23268 16.6419
1.0 16.0 0.747619 16.6349
1.0 16.0 0.750902 16.6524
1.0 16.0 0.762084 16.6485
1.0 16.0 0.809038 16.6391
1.0 16.0 0.774085 16.6528
1.0 16.0 0.840365 16.6395
1.0 16.0 0.749601 16.6303
1.0 16.0 0.773927 16.6454
1.0 16.0 0.731428 16.6237
1.0 16.0 0.787809 16.646
1.0 16.0 0.736353 16.6519
1.0 16.0 1.62244 16.6042
1.0 16.0 0.764651 16.6522
1.0 16.0 0.741564 16.5763
1.0 16.0 0.785332 16.6471
1.0 16.0 0.979022 16.6476
1.0 16.0 0.744919 16.6527
1.0 16.0 0.837309 16.6453
1.0 16.0 0.747528 16.6363
1.0 16.0 0.766 16.6528
1.0 16.0 0.828006 16.5715
1.0 16.0 0.75691 16.6226
1.0 16.0 0.761147 16.6322
1.0 16.0 0.766354 16.6492
1.0 16.0 0.749955 16.6235
1.0 16.0 0.745346 16.6474
1.0 16.0 0.780806 16.6526
1.0 16.0 0.778168 16.6517
1.0 16.0 0.750249 16.6527
1.0 16.0 0.737946 16.6514
1.0 16.0 0.779908 16.6524
1.0 16.0 0.747242 16.6114
1.0 16.0 0.759461 16.6135
1.0 16.0 0.749618 16.6442
1.0 16.0 0.823882 16.6509
1.0 16.0 0.795501 16.6396
1.0 16.0 0.770122 16.6506
1.0 16.0 0.761024 16.6425
1.0 16.0 0.764203 16.5563
1.0 16.0 0.79661 16.6523
1.0 16.0 0.72722 16.6491
1.0 16.0 0.766242 16.6501
1.0 16.0 0.787507 16.6524
1.0 16.0 0.965143 16.649
1.0 16.0 0.76133 16.6528
1.0 16.0 0.752263 16.649
1.0 17.0 0.826597 16.6476
1.0 17.0 0.842826 16.6511
1.0 17.0 0.900471 16.6505
1.0 17.0 0.814062 16.6342
1.0 17.0 1.02656 16.6528
1.0 17.0 0.856039 16.6524
1.0 17.0 1.16761 16.6498
1.0 17.0 1.19434 16.6487
1.0 17.0 0.835376 16.6457
1.0 17.0 0.793206 16.6395
1.0 17.0 0.938153 16.6502
1.0 17.0 0.82694 16.6522
1.0 17.0 0.778444 16.6498
1.0 17.0 0.88726 16.6163
1.0 17.0 0.998887 16.6517
1.0 17.0 1.12782 16.6257
1.0 17.0 0.858873 16.5977
1.0 17.0 1.26357 16.6482
1.0 17.0 1.00148 16.6476
1.0 17.0 1.19753 16.6514
1.0 17.0 1.31003 16.6514
1.0 17.0 0.973731 16.59
1.0 17.0 1.46196 16.5749
1.0 17.0 0.841743 16.6528
1.0 17.0 0.824834 16.6517
1.0 17.0 1.32983 16.5404
1.0 17.0 0.939753 16.6504
1.0 17.0 1.17033 16.6525
1.0 17.0 0.897783 16.6334
1.0 17.0 0.834891 16.6078
1.0 17.0 1.16822 16.6152
1.0 17.0 0.772596 16.6316
1.0 17.0 0.81595 16.6479
1.0 17.0 0.786551 16.6526
1.0 17.0 1.25204 16.6512
1.0 17.0 0.846237 16.6406
1.0 17.0 0.837139 16.6501
1.0 17.0 0.787209 16.6526
1.0 17.0 0.833696 16.646
1.0 17.0 1.62823 16.6482
1.0 17.0 0.849291 16.588
1.0 17.0 1.12541 16.5262
1.0 17.0 1.34119 16.6085
1.0 17.0 0.82667 16.508
1.0 17.0 0.792931 16.6343
1.0 17.0 0.797098 16.6487
1.0 17.0 1.16658 16.6187
1.0 17.0 0.862311 16.6351
1.0 17.0 0.860608 16.6445
1.0 17.0 0.938452 16.6126
1.0 31.0 0.834329 16.6379
1.0 31.0 0.769447 16.607
1.0 31.0 0.827192 16.6504
1.0 31.0 0.838281 16.6467
1.0 31.0 0.887386 16.6513
1.0 31.0 0.854312 16.6058
1.0 31.0 0.917971 16.6213
1.0 31.0 0.887235 16.6459
1.0 31.0 0.93941 16.6528
1.0 31.0 0.926709 16.6487
1.0 31.0 1.01357 16.6527
1.0 31.0 0.877122 16.6522
1.0 31.0 0.932511 16.6172
1.0 31.0 0.828246 16.6483
1.0 31.0 0.818033 16.6517
1.0 31.0 0.921348 16.6512
1.0 31.0 0.812962 16.6517
1.0 31.0 0.92813 16.6474
1.0 31.0 0.797779 16.6485
1.0 31.0 0.815998 16.624
1.0 31.0 0.820624 16.6516
1.0 31.0 0.910666 16.6466
1.0 31.0 0.902884 16.527
1.0 31.0 0.917651 16.6528
1.0 31.0 0.891866 16.6446
1.0 31.0 0.91828 16.6233
1.0 31.0 0.801933 16.6516
1.0 31.0 0.914995 16.6527
1.0 31.0 0.868421 16.6361
1.0 31.0 0.922894 16.6389
1.0 31.0 0.85634 16.6363
1.0 31.0 0.810084 16.5759
1.0 31.0 0.87371 16.6497
1.0 31.0 0.882287 16.6528
1.0 31.0 0.898089 16.643
1.0 31.0 0.815884 16.6517
1.0 31.0 0.95633 16.6528
1.0 31.0 0.868598 16.6237
1.0 31.0 0.828208 16.6512
1.0 31.0 1.23915 16.6528
1.0 31.0 0.801742 16.63
1.0 31.0 0.969671 16.6481
1.0 31.0 0.814964 16.6527
1.0 31.0 0.929356 16.6434
1.0 31.0 0.928249 16.6466
1.0 31.0 0.832986 16.6487
1.0 31.0 0.881472 16.6514
1.0 31.0 0.914399 16.6527
1.0 31.0 0.919794 16.6482
1.0 31.0 0.821318 16.6406
1.0 32.0 0.889146 16.6513
1.0 32.0 0.932841 16.5536
1.0 32.0 0.916332 16.6482
1.0 32.0 1.31741 16.6517
1.0 32.0 0.862443 16.6467
1.0 32.0 0.882674 16.65
1.0 32.0 0.867227 16.6527
1.0 32.0 0.908756 16.6527
1.0 32.0 1.01464 16.6527
1.0 32.0 1.33585 16.6421
1.0 32.0 0.864111 16.65
1.0 32.0 0.876707 16.6139
1.0 32.0 0.852783 16.6515
1.0 32.0 0.928141 16.6239
1.0 32.0 0.943883 16.6133
1.0 32.0 0.979777 16.6445
1.0 32.0 0.945606 16.6471
1.0 32.0 0.861911 16.6473
1.0 32.0 0.916533 16.6469
1.0 32.0 0.945418 16.6518
1.0 32.0 0.891379 16.6305
1.0 32.0 0.839661 16.6436
1.0 32.0 0.919059 16.6511
1.0 32.0 0.900918 16.6509
1.0 32.0 0.902931 16.6273
1.0 32.0 1.37614 16.6528
1.0 32.0 0.862921 16.6214
1.0 32.0 0.852648 16.6527
1.0 32.0 0.915118 16.646
1.0 32.0 0.873094 16.6355
1.0 32.0 0.927053 16.6224
1.0 32.0 0.843507 16.6465
1.0 32.0 1.01211 16.5262
1.0 32.0 0.835908 16.6527
1.0 32.0 0.865556 16.6517
1.0 32.0 0.880099 16.5976
1.0 32.0 0.856521 16.6272
1.0 32.0 0.811776 16.6487
1.0 32.0 0.935288 16.5905
1.0 32.0 0.915635 16.6453
1.0 32.0 1.0042 16.6427
1.0 32.0 0.927744 16.6396
1.0 32.0 0.903406 16.6502
1.0 32.0 0.945618 16.6482
1.0 32.0 0.926398 16.6516
1.0 32.0 0.914768 16.6403
1.0 32.0 1.01731 16.6486
1.0 32.0 0.949421 16.6396
1.0 32.0 0.94964 16.6519
1.0 32.0 0.94964 16.6519
1.0 33.0 0.942438 16.652
1.0 33.0 1.34633 16.6415
1.0 33.0 1.02792 16.6503
1.0 33.0 0.863436 16.6476
1.0 33.0 0.993859 16.6457
1.0 33.0 1.04587 16.6182
1.0 33.0 0.965211 16.6368
1.0 33.0 1.33096 16.6322
1.0 33.0 1.31669 16.6526
1.0 33.0 0.890066 16.6508
1.0 33.0 0.992296 16.6317
1.0 33.0 0.881049 16.5262
1.0 33.0 0.97377 16.6126
1.0 33.0 1.02971 16.6517
1.0 33.0 0.905469 16.5746
1.0 33.0 0.889722 16.4777
1.0 33.0 1.03084 16.6517
1.0 33.0 1.01328 16.6136
1.0 33.0 1.02543 16.6442
1.0 33.0 1.26976 16.6524
1.0 33.0 0.862643 16.6519
1.0 33.0 0.859257 16.635
1.0 33.0 0.870017 16.6466
1.0 33.0 0.988396 16.6476
1.0 33.0 1.00641 16.6494
1.0 33.0 0.880778 16.5761
1.0 33.0 0.86784 16.5845
1.0 33.0 1.25007 16.6517
1.0 33.0 0.875586 16.6522
1.0 33.0 1.26375 16.6516
1.0 33.0 1.17736 16.6361
1.0 33.0 1.30383 16.6385
1.0 33.0 0.8851 16.6429
1.0 33.0 1.01307 16.6369
1.0 33.0 0.988727 16.6527
1.0 33.0 0.986134 16.6396
1.0 33.0 1.00298 16.6528
1.0 33.0 1.0086 16.6273
1.0 33.0 1.32107 16.6526
1.0 33.0 1.02891 16.6481
1.0 33.0 1.4368 16.5851
1.0 33.0 0.87886 16.6067
1.0 33.0 0.864847 16.6404
1.0 33.0 0.889766 16.5262
1.0 33.0 0.916584 16.6474
1.0 33.0 0.92067 16.6525
1.0 33.0 0.984924 16.6527
1.0 33.0 1.37782 16.6462
1.0 33.0 1.31848 16.6525
1.0 33.0 1.31848 16.6525
2.0 3.0 1.0472 -5.25613e-07
2.0 3.0 0.389528 -3.65613e-09
2.0 3.0 0.961778 -1.89437e-06
2.0 3.0 1.04239 -9.38501e-07
2.0 3.0 0.432736 -2.72126e-07
2.0 3.0 0.344006 -8.08913e-07
2.0 3.0 0.916237 -2.20478e-10
2.0 3.0 0.358178 -2.70415e-08
2.0 3.0 1.02457 -1.34763e-05
2.0 3.0 0.930245 -2.50554e-06
2.0 3.0 1.08002 -3.07369e-11
2.0 3.0 0.912319 -4.38616e-07
2.0 3.0 0.440889 -2.64348e-07
2.0 3.0 0.350529 -2.40699e-09
2.0 3.0 1.47073 -4.82468e-06
2.0 3.0 0.423381 -6.2715e-06
2.0 3.0 0.91076 -9.96703e-08
2.0 3.0 0.42918 -9.64642e-11
2.0 3.0 0.353901 -3.37265e-07
2.0 3.0 1.10848 -1.84775e-06
2.0 3.0 1.09918 -7.19881e-10
2.0 3.0 1.41367 -1.48628e-11
2.0 3.0 1.09994 -1.62725e-10
2.0 3.0 0.41426 -2.1483e-08
2.0 3.0 1.08478 -2.80041e-07
2.0 3.0 1.34771 -8.81602e-08
2.0 3.0 0.46147 -8.67237e-08
2.0 3.0 0.403071 -7.03689e-07
2.0 3.0 0.361696 -1.94296e-06
2.0 3.0 0.416543 -9.0918e-08
2.0 3.0 0.341187 -1.28178e-06
2.0 3.0 0.373594 -1.3533e-08
2.0 3.0 0.457649 -6.2742e-08
2.0 3.0 0.414984 -8.10706e-10
2.0 3.0 0.445087 -4.3214e-06
2.0 3.0 1.02701 -3.65768e-06
2.0 3.0 1.07975 -9.54178e-07
2.0 3.0 0.435572 -1.37676e-07
2.0 3.0 0.984978 -1.19515e-07
2.0 3.0 0.371607 -5.63834e-07
2.0 3.0 0.335551 -1.09929e-07
2.0 3.0 1.07882 -6.10759e-07
2.0 3.0 1.07382 -5.09079e-08
2.0 3.0 1.00856 -3.80856e-20
2.0 3.0 1.09377 -7.2927e-08
2.0 3.0 0.969901 -2.28202e-10
2.0 3.0 0.338519 -2.37187e-07
2.0 3.0 0.42788 -5.91066e-08
2.0 3.0 0.469161 -7.29157e-07
2.0 3.0 0.974725 -8.87246e-12
2.0 4.0 0.321607 -1.66243e-06
2.0 4.0 0.774303 -6.54033e-08
2.0 4.0 0.352153 -9.35352e-08
2.0 4.0 0.723259 -1.11145e-06
2.0 4.0 0.786113 -3.50155e-09
2.0 4.0 0.754665 -1.26815e-08
2.0 4.0 0.364345 -1.29497e-07
2.0 4.0 0.339448 -1.37607e-09
2.0 4.0 0.359182 -3.48341e-06
2.0 4.0 0.77979 -4.45403e-07
2.0 4.0 0.795426 -2.69423e-07
2.0 4.0 0.775286 -1.11581e-05
2.0 4.0 0.779381 -2.81947e-07
2.0 4.0 0.338486 -6.4103e-10
2.0 4.0 0.321537 -6.3892e-14
2.0 4.0 0.805079 -1.73438e-15
2.0 4.0 0.369713 -1.61576e-11
2.0 4.0 0.782517 -6.38067e-08
2.0 4.0 0.383331 -6.18827e-11
2.0 4.0 0.320496 -8.82886e-08
2.0 4.0 0.779073 -9.61917e-10
2.0 4.0 0.795777 -1.34265e-11
2.0 4.0 0.685347 -9.28267e-07
2.0 4.0 0.800745 -6.29023e-08
2.0 4.0 0.698131 -9.98138e-08
2.0 4.0 0.372749 -3.68927e-08
2.0 4.0 0.888382 -4.19157e-06
2.0 4.0 0.375389 -7.45413e-07
2.0 4.0 0.740495 -2.0544e-06
2.0 4.0 0.698368 -3.55404e-08
2.0 4.0 0.796944 -1.43697e-06
2.0 4.0 0.360071 -4.51969e-09
2.0 4.0 0.79469 -2.61843e-13
2.0 4.0 0.901653 -1.13377e-06
2.0 4.0 0.364557 -5.96149e-08
2.0 4.0 0.758763 -2.26588e-08
2.0 4.0 0.367191 -8.63489e-11
2.0 4.0 0.762197 -7.03511e-07
2.0 4.0 0.794621 -3.07282e-08
2.0 4.0 0.90443 -1.01225e-06
2.0 4.0 0.742298 -4.2716e-08
2.0 4.0 0.358585 -3.85146e-06
2.0 4.0 0.699328 -1.10573e-06
2.0 4.0 0.356974 -7.969e-14
2.0 4.0 0.353081 -1.40539e-05
2.0 4.0 0.365376 -2.85002e-06
2.0 4.0 0.722318 -2.62002e-18
2.0 4.0 0.747354 -4.20946e-12
2.0 4.0 0.753356 -1.05219e-07
2.0 4.0 0.777871 -1.66298e-06
2.0 5.0 1.20909 -8.87312e-07
2.0 5.0 1.12773 -2.68971e-06
2.0 5.0 0.71046 -1.0461e-17
2.0 5.0 0.842582 -1.02311e-07
2.0 5.0 0.604028 -1.17691e-06
2.0 5.0 0.593729 -3.76253e-07
2.0 5.0 0.669838 -3.09231e-06
2.0 5.0 0.591768 -7.12389e-08
2.0 5.0 1.23765 -6.94092e-09
2.0 5.0 0.542465 -2.3014e-09
2.0 5.0 0.885672 -2.16071e-12
2.0 5.0 0.558921 -4.5325e-06
2.0 5.0 0.58471 -2.55614e-06
2.0 5.0 1.23195 -8.69551e-13
2.0 5.0 0.541999 -8.89744e-07
2.0 5.0 0.534163 -2.3063e-12
2.0 5.0 0.664073 -1.32812e-13
2.0 5.0 0.864988 -3.09467e-08
2.0 5.0 0.535145 -2.96511e-10
2.0 5.0 0.666469 -1.8213e-07
2.0 5.0 0.661455 -7.28208e-10
2.0 5.0 0.674981 -1.02396e-05
2.0 5.0 0.527436 -2.56964e-05
2.0 5.0 0.53988 -1.07901e-06
2.0 5.0 0.540309 -8.39114e-08
2.0 5.0 0.572992 -1.92713e-06
2.0 5.0 0.531779 -3.97941e-13
2.0 5.0 0.544771 -2.30369e-06
2.0 5.0 0.573985 -2.01801e-07
2.0 5.0 0.539504 -3.55542e-07
2.0 5.0 0.591836 -6.0104e-08
2.0 5.0 0.542915 -4.19808e-06
2.0 5.0 0.551018 -1.48769e-09
2.0 5.0 0.669146 -1.35739e-08
2.0 5.0 0.821434 -4.17421e-05
2.0 5.0 1.23184 -1.2219e-06
2.0 5.0 0.680013 -3.64449e-06
2.0 5.0 0.835654 -1.74426e-07
2.0 5.0 0.530298 -5.22501e-07
2.0 5.0 0.79783 -1.65288e-08
2.0 5.0 0.698287 -1.88354e-08
2.0 5.0 0.722633 -1.8981e-06
2.0 5.0 0.616166 -8.11737e-11
2.0 5.0 0.536794 -4.60297e-08
2.0 5.0 0.613078 -1.34184e-07
2.0 5.0 0.554199 -1.84799e-07
2.0 5.0 0.613313 -1.70014e-07
2.0 5.0 0.662408 -1.38074e-13
2.0 5.0 1.12971 -1.76158e-08
2.0 5.0 0.561386 -2.11891e-08
2.0 7.0 0.692206 -1.18397e-05
2.0 7.0 0.65401 -2.45751e-10
2.0 7.0 0.670867 -4.65929e-07
2.0 7.0 0.61786 -4.12093e-07
2.0 7.0 0.69043 -2.2658e-16
2.0 7.0 0.642271 -7.29e-08
2.0 7.0 0.565162 -3.94769e-08
2.0 7.0 0.571383 -2.78777e-06
2.0 7.0 0.573167 -2.22072e-08
2.0 7.0 0.743343 -1.02995e-08
2.0 7.0 0.706986 -4.66287e-11
2.0 7.0 0.589176 -1.76504e-06
2.0 7.0 0.730785 -1.10954e-07
2.0 7.0 0.723157 -1.02011e-17
2.0 7.0 0.594963 -3.17748e-08
2.0 7.0 0.562977 -1.71118e-08
2.0 7.0 0.709067 -3.09047e-09
2.0 7.0 0.73573 -3.29798e-06
2.0 7.0 0.724705 -4.4571e-09
2.0 7.0 0.579949 -1.00263e-15
2.0 7.0 0.781307 -2.78989e-14
2.0 7.0 0.627412 -3.87878e-06
2.0 7.0 0.62797 -6.71893e-07
2.0 7.0 1.18475 -1.11089e-07
2.0 7.0 1.14116 -4.07141e-06
2.0 7.0 0.617061 -4.84009e-11
2.0 7.0 0.706321 -6.19317e-12
2.0 7.0 0.567929 -2.11622e-06
2.0 7.0 0.569021 -8.931e-14
2.0 7.0 0.569457 -4.81945e-06
2.0 7.0 1.58866 -1.42161e-07
2.0 7.0 0.579164 -1.16558e-07
2.0 7.0 0.607868 -8.23158e-13
2.0 7.0 0.733722 -8.62667e-06
2.0 7.0 0.572383 -1.65491e-09
2.0 7.0 0.583062 -3.60102e-07
2.0 7.0 0.7067 -1.49814e-06
2.0 7.0 0.569975 -1.0469e-05
2.0 7.0 0.757685 -1.33842e-06
2.0 7.0 0.785316 -8.32748e-06
2.0 7.0 0.721319 -4.66008e-08
2.0 7.0 0.697339 -1.29521e-07
2.0 7.0 0.805787 -1.80108e-06
2.0 7.0 1.11338 -4.65207e-07
2.0 7.0 0.580641 -1.65772e-06
2.0 7.0 0.611998 -3.87481e-08
2.0 7.0 0.577793 -7.55246e-07
2.0 7.0 0.812612 -4.37182e-08
2.0 7.0 0.581035 -1.17086e-11
2.0 7.0 0.788414 -7.43486e-07
2.0 8.0 0.565262 -3.29949e-09
2.0 8.0 0.565863 -2.53855e-08
2.0 8.0 0.56834 -2.54266e-07
2.0 8.0 0.56614 -6.19529e-08
2.0 8.0 0.565862 -2.67626e-06
2.0 8.0 0.557842 -1.28529e-06
2.0 8.0 0.564503 -6.622e-08
2.0 8.0 0.62281 -2.22988e-06
2.0 8.0 0.607691 -2.85336e-08
2.0 8.0 0.569668 -2.93557e-09
2.0 8.0 0.565055 -4.62094e-10
2.0 8.0 0.565307 -1.48569e-08
2.0 8.0 0.792612 -3.02802e-07
2.0 8.0 0.614065 -8.45003e-08
2.0 8.0 0.628127 -6.15395e-08
2.0 8.0 0.562905 -8.37086e-06
2.0 8.0 0.81176 -3.13422e-06
2.0 8.0 0.561559 -2.96061e-10
2.0 8.0 0.569111 -1.94923e-06
2.0 8.0 0.558569 -1.92684e-05
2.0 8.0 0.567072 -1.45566e-06
2.0 8.0 0.567302 -2.43697e-15
2.0 8.0 0.610976 -3.16528e-10
2.0 8.0 0.568306 -7.83119e-08
2.0 8.0 0.611187 -3.13522e-13
2.0 8.0 0.561394 -4.7304e-06
2.0 8.0 0.5906 -1.3947e-09
2.0 8.0 0.56103 -2.60782e-06
2.0 8.0 0.599951 -1.61747e-05
2.0 8.0 0.61214 -3.43629e-07
2.0 8.0 0.564087 -7.09431e-08
2.0 8.0 0.614479 -1.30791e-06
2.0 8.0 0.779028 -1.10414e-09
2.0 8.0 0.566812 -1.27879e-09
2.0 8.0 0.564574 -4.29389e-06
2.0 8.0 0.560588 -1.70681e-06
2.0 8.0 0.608393 -6.39146e-07
2.0 8.0 0.571589 -5.6432e-09
2.0 8.0 0.606051 -2.26958e-05
2.0 8.0 0.60596 -9.29707e-10
2.0 8.0 0.567031 -2.621e-07
2.0 8.0 0.560991 -6.99471e-07
2.0 8.0 0.565284 -4.24199e-07
2.0 8.0 0.583156 -6.11486e-06
2.0 8.0 0.570373 -8.78025e-06
2.0 8.0 0.600625 -2.24496e-11
2.0 8.0 0.562175 -7.88335e-08
2.0 8.0 0.568479 -4.07836e-08
2.0 8.0 0.590527 -2.68414e-07
2.0 8.0 0.566875 -2.15904e-05
2.0 9.0 0.854982 -2.11213e-09
2.0 9.0 0.85422 -2.48292e-09
2.0 9.0 0.656766 -6.73394e-06
2.0 9.0 0.698837 -1.41457e-06
2.0 9.0 0.78205 -1.31824e-06
2.0 9.0 0.705399 -7.83242e-08
2.0 9.0 0.833783 -1.92002e-06
2.0 9.0 0.677397 -1.79931e-08
2.0 9.0 0.835067 -4.31183e-06
2.0 9.0 0.857885 -4.69698e-11
2.0 9.0 0.870094 -9.09209e-08
2.0 9.0 1.08282 -1.35368e-08
2.0 9.0 1.18603 -3.17119e-08
2.0 9.0 0.680048 -2.96216e-16
2.0 9.0 0.713522 -2.77399e-07
2.0 9.0 0.812046 -5.03364e-10
2.0 9.0 0.782615 -1.45368e-06
2.0 9.0 0.963721 -2.35395e-10
2.0 9.0 0.707346 -6.59978e-06
2.0 9.0 0.697589 -8.36661e-11
2.0 9.0 0.710294 -1.55551e-09
2.0 9.0 0.796178 -1.62718e-11
2.0 9.0 0.713888 -9.56031e-09
2.0 9.0 0.706869 -2.6323e-07
2.0 9.0 0.827766 -5.15386e-07
2.0 9.0 0.693212 -7.23392e-12
2.0 9.0 1.13937 -4.53543e-06
2.0 9.0 1.12852 -1.2462e-07
2.0 9.0 0.755597 -3.14538e-06
2.0 9.0 0.949454 -7.22295e-08
2.0 9.0 0.723193 -2.09845e-05
2.0 9.0 0.869844 -7.22426e-10
2.0 9.0 0.695543 -4.30837e-06
2.0 9.0 0.699128 -5.7734e-09
2.0 9.0 0.959485 -4.36688e-07
2.0 9.0 0.685597 -2.63333e-10
2.0 9.0 0.938741 -3.70066e-13
2.0 9.0 0.869183 -1.29586e-33
2.0 9.0 0.766321 -3.51513e-10
2.0 9.0 0.699899 -3.45823e-08
2.0 9.0 0.706832 -4.47152e-08
2.0 9.0 0.721148 -1.82408e-13
2.0 9.0 0.681373 -1.08455e-06
2.0 9.0 0.697826 -2.00332e-06
2.0 9.0 0.879847 -7.51308e-07
2.0 9.0 0.703517 -8.92469e-18
2.0 9.0 0.817183 -2.5916e-06
2.0 9.0 1.24759 -4.29731e-11
2.0 9.0 0.717325 -4.09591e-06
2.0 9.0 0.793169 -3.65525e-06
2.0 15.0 0.76828 -1.05639e-13
2.0 15.0 0.855608 -1.58962e-08
2.0 15.0 0.783093 -2.95566e-06
2.0 15.0 0.746789 -2.39761e-08
2.0 15.0 0.754614 -4.39973e-10
2.0 15.0 0.840459 -2.96422e-08
2.0 15.0 0.75607 -4.08123e-08
2.0 15.0 0.758224 -1.47204e-07
2.0 15.0 0.84882 -2.71682e-16
2.0 15.0 0.82007 -6.15694e-07
2.0 15.0 0.774913 -3.48082e-07
2.0 15.0 0.747019 -1.54775e-15
2.0 15.0 0.751862 -7.32328e-08
2.0 15.0 0.758332 -6.86599e-08
2.0 15.0 0.881917 -1.12355e-06
2.0 15.0 0.841467 -5.38827e-09
2.0 15.0 0.751305 -7.9996e-14
2.0 15.0 0.762003 -1.25009e-07
2.0 15.0 0.754246 -5.04179e-07
2.0 15.0 0.839658 -2.63483e-07
2.0 15.0 0.844304 -2.10396e-09
2.0 15.0 0.766954 -8.038e-07
2.0 15.0 0.76855 -1.15531e-08
2.0 15.0 0.760371 -2.86454e-07
2.0 15.0 0.790762 -2.03304e-09
2.0 15.0 0.840175 -1.22967e-08
2.0 15.0 0.768039 -7.41354e-07
2.0 15.0 0.813347 -1.21489e-07
2.0 15.0 0.750726 -2.4482e-07
2.0 15.0 0.728065 -1.89179e-06
2.0 15.0 0.794149 -3.45975e-05
2.0 15.0 0.746066 -5.7051e-05
2.0 15.0 0.825774 -1.09065e-06
2.0 15.0 1.61968 -1.30265e-06
2.0 15.0 0.775542 -1.1176e-06
2.0 15.0 0.745427 -3.43728e-11
2.0 15.0 0.835025 -1.03359e-09
2.0 15.0 0.753585 -2.25529e-05
2.0 15.0 0.769544 -3.51468e-10
2.0 15.0 0.83607 -1.18569e-08
2.0 15.0 0.765418 -8.50314e-08
2.0 15.0 0.759786 -2.92155e-08
2.0 15.0 0.757564 -5.4425e-06
2.0 15.0 0.76759 -4.28621e-10
2.0 15.0 0.760413 -5.07135e-08
2.0 15.0 0.839371 -9.29668e-10
2.0 15.0 0.724732 -6.43176e-07
2.0 15.0 0.747997 -5.55285e-12
2.0 15.0 0.857249 -6.98663e-08
2.0 15.0 0.82969 -1.24874e-08
2.0 16.0 0.753606 -5.39118e-08
2.0 16.0 0.769989 -5.22979e-11
2.0 16.0 0.814589 -4.358e-08
2.0 16.0 0.752877 -5.69381e-08
2.0 16.0 0.754778 -4.0729e-07
2.0 16.0 0.742656 -1.83064e-06
2.0 16.0 0.75193 -0.000124292
2.0 16.0 0.76566 -2.53914e-10
2.0 16.0 0.759505 -1.66722e-05
2.0 16.0 0.838447 -1.2736e-06
2.0 16.0 0.754013 -2.3403e-07
2.0 16.0 0.77583 -2.38214e-08
2.0 16.0 0.738694 -1.52195e-14
2.0 16.0 0.758072 -1.97997e-09
2.0 16.0 0.760163 -3.64441e-05
2.0 16.0 0.781189 -9.06677e-10
2.0 16.0 0.762345 -1.29089e-08
2.0 16.0 0.734903 -9.56065e-07
2.0 16.0 0.789732 -2.72865e-06
2.0 16.0 0.899753 -5.92779e-07
2.0 16.0 0.763388 -2.57204e-07
2.0 16.0 0.750066 -1.03481e-11
2.0 16.0 0.75042 -2.9513e-09
2.0 16.0 0.747415 -1.87725e-07
2.0 16.0 0.769529 -4.48725e-12
2.0 16.0 0.748977 -1.7947e-08
2.0 16.0 0.749994 -5.5988e-08
2.0 16.0 0.754782 -6.76102e-06
2.0 16.0 0.765688 -2.47493e-09
2.0 16.0 0.75277 -6.0517e-09
2.0 16.0 0.82285 -1.67737e-11
2.0 16.0 0.986376 -1.58604e-07
2.0 16.0 0.748672 -5.35096e-15
2.0 16.0 0.758081 -3.00359e-06
2.0 16.0 0.757966 -1.05087e-06
2.0 16.0 0.75355 -1.77627e-08
2.0 16.0 0.771625 -1.58122e-09
2.0 16.0 0.790032 -2.33661e-07
2.0 16.0 0.771635 -2.05777e-07
2.0 16.0 0.726428 -1.83391e-07
2.0 16.0 0.827172 -1.56451e-13
2.0 16.0 0.742166 -1.86107e-06
2.0 16.0 0.863521 -9.88226e-08
2.0 16.0 1.01181 -9.1948e-09
2.0 16.0 0.761558 -1.89892e-15
2.0 16.0 1.07832 -1.5839e-07
2.0 16.0 0.769309 -3.78371e-08
2.0 16.0 0.766375 -5.95735e-11
2.0 16.0 0.759477 -1.62676e-07
2.0 16.0 0.759477 -1.62676e-07
2.0 17.0 1.01823 -2.29862e-09
2.0 17.0 0.788494 -7.82774e-08
2.0 17.0 0.821205 -8.07254e-15
2.0 17.0 0.938025 -5.24565e-06
2.0 17.0 0.86942 -2.46851e-07
2.0 17.0 1.34916 -9.2084e-09
2.0 17.0 0.905123 -9.18781e-09
2.0 17.0 1.43993 -3.76471e-15
2.0 17.0 0.880823 -2.23173e-06
2.0 17.0 0.93138 -3.22272e-05
2.0 17.0 0.978135 -4.29075e-06
2.0 17.0 0.999995 -2.08228e-07
2.0 17.0 1.16694 -1.15194e-06
2.0 17.0 1.13227 -4.06777e-07
2.0 17.0 0.829618 -8.12784e-07
2.0 17.0 0.859219 -2.31011e-07
2.0 17.0 0.928962 -7.94689e-08
2.0 17.0 1.1872 -2.35154e-09
2.0 17.0 1.14924 -6.06049e-10
2.0 17.0 1.14499 -4.12173e-10
2.0 17.0 1.2767 -9.15885e-10
2.0 17.0 0.773441 -1.70218e-09
2.0 17.0 0.807884 -3.2925e-06
2.0 17.0 0.829135 -9.2275e-08
2.0 17.0 0.840717 -3.57284e-08
2.0 17.0 1.31812 -2.10184e-06
2.0 17.0 0.974951 -1.03195e-08
2.0 17.0 0.789865 -3.5675e-07
2.0 17.0 0.864078 -8.27326e-07
2.0 17.0 1.16946 -4.44139e-06
2.0 17.0 0.818634 -1.18374e-09
2.0 17.0 0.823735 -5.39638e-09
2.0 17.0 0.81464 -5.39559e-08
2.0 17.0 0.890482 -5.79743e-07
2.0 17.0 0.845097 -7.77362e-07
2.0 17.0 0.982386 -2.17941e-11
2.0 17.0 0.876685 -6.15678e-09
2.0 17.0 0.985854 -4.16102e-09
2.0 17.0 1.45361 -4.70341e-07
2.0 17.0 0.769216 -1.82579e-10
2.0 17.0 0.881648 -9.46974e-07
2.0 17.0 0.813739 -2.86434e-08
2.0 17.0 1.19716 -3.10252e-06
2.0 17.0 1.15 -7.89182e-06
2.0 17.0 0.993706 -5.94729e-07
2.0 17.0 1.21712 -2.83621e-06
2.0 17.0 0.851785 -1.26504e-09
2.0 17.0 0.790343 -7.83213e-06
2.0 17.0 0.991997 -1.40624e-10
2.0 17.0 1.19458 -1.42189e-08
2.0 31.0 0.844237 -2.02996e-07
2.0 31.0 0.865745 -4.70602e-11
2.0 31.0 0.940799 -2.04313e-07
2.0 31.0 0.947201 -2.24583e-10
2.0 31.0 0.768959 -7.28006e-09
2.0 31.0 0.785942 -4.05671e-06
2.0 31.0 0.822324 -5.51379e-07
2.0 31.0 0.877857 -1.70277e-07
2.0 31.0 1.01872 -3.63002e-11
2.0 31.0 0.880434 -1.35492e-05
2.0 31.0 0.927083 -2.53829e-07
2.0 31.0 1.26267 -1.92862e-07
2.0 31.0 0.920954 -2.57403e-06
2.0 31.0 0.874105 -2.71425e-08
2.0 31.0 0.88138 -4.84946e-09
2.0 31.0 0.938658 -2.99027e-06
2.0 31.0 0.849684 -4.77307e-05
2.0 31.0 0.932799 -4.81226e-18
2.0 31.0 0.930773 -3.08456e-08
2.0 31.0 0.925875 -5.60848e-08
2.0 31.0 0.842467 -6.27566e-07
2.0 31.0 1.02092 -1.99932e-07
2.0 31.0 0.882972 -1.97273e-05
2.0 31.0 0.850165 -1.6656e-08
2.0 31.0 0.854764 -1.15162e-05
2.0 31.0 0.94145 -2.41765e-08
2.0 31.0 0.840879 -6.65868e-06
2.0 31.0 0.947024 -1.13507e-06
2.0 31.0 0.876585 -5.19606e-06
2.0 31.0 1.01232 -8.25086e-07
2.0 31.0 0.852264 -7.67285e-10
2.0 31.0 0.923708 -4.23465e-07
2.0 31.0 0.941253 -7.03508e-08
2.0 31.0 0.937611 -7.24158e-09
2.0 31.0 0.927859 -8.77213e-08
2.0 31.0 0.825515 -1.5958e-06
2.0 31.0 1.03325 -9.0105e-08
2.0 31.0 0.826895 -1.37722e-05
2.0 31.0 0.932596 -4.09161e-06
2.0 31.0 0.936102 -4.05583e-07
2.0 31.0 0.852428 -9.31584e-08
2.0 31.0 0.888776 -2.85046e-07
2.0 31.0 0.874564 -6.17066e-07
2.0 31.0 0.9214 -5.54267e-09
2.0 31.0 0.943442 -4.78454e-07
2.0 31.0 0.825552 -1.20476e-06
2.0 31.0 0.811689 -9.31569e-09
2.0 31.0 0.92002 -3.95244e-08
2.0 31.0 0.872289 -1.1315e-13
2.0 31.0 0.933673 -1.91686e-08
2.0 32.0 0.824242 -1.39635e-08
2.0 32.0 0.838192 -3.95569e-07
2.0 32.0 0.875051 -3.62657e-07
2.0 32.0 0.950107 -9.02402e-06
2.0 32.0 1.34846 -2.44111e-06
2.0 32.0 1.31226 -1.10194e-09
2.0 32.0 0.844316 -1.02375e-07
2.0 32.0 0.95099 -4.06582e-07
2.0 32.0 0.933255 -4.66765e-06
2.0 32.0 0.951847 -6.74491e-10
2.0 32.0 0.889275 -1.91407e-07
2.0 32.0 1.01273 -8.48139e-07
2.0 32.0 0.950042 -1.60318e-07
2.0 32.0 1.32747 -3.62066e-12
2.0 32.0 0.952494 -7.74418e-08
2.0 32.0 1.35074 -6.13929e-08
2.0 32.0 0.874129 -2.58678e-10
2.0 32.0 0.868627 -3.96418e-06
2.0 32.0 0.876269 -1.81798e-14
2.0 32.0 0.86451 -4.70984e-07
2.0 32.0 0.870953 -1.5855e-09
2.0 32.0 0.931769 -4.23431e-14
2.0 32.0 0.934834 -8.23204e-09
2.0 32.0 0.848513 -1.21655e-15
2.0 32.0 0.868194 -1.33706e-07
2.0 32.0 0.815444 -4.41375e-08
2.0 32.0 0.931765 -1.08649e-08
2.0 32.0 0.926759 -2.75435e-07
2.0 32.0 1.31223 -2.74844e-09
2.0 32.0 1.03018 -8.59067e-10
2.0 32.0 0.873792 -3.36198e-07
2.0 32.0 0.937237 -2.49539e-10
2.0 32.0 0.864537 -3.26104e-08
2.0 32.0 0.815354 -1.49905e-08
2.0 32.0 1.0291 -9.73623e-10
2.0 32.0 1.31621 -2.03705e-10
2.0 32.0 1.2253 -3.86865e-07
2.0 32.0 0.807371 -1.66477e-14
2.0 32.0 0.941962 -3.38693e-07
2.0 32.0 0.867614 -3.43768e-06
2.0 32.0 0.939912 -5.3565e-09
2.0 32.0 0.858865 -3.71083e-10
2.0 32.0 0.82063 -2.22999e-08
2.0 32.0 1.05984 -6.38669e-08
2.0 32.0 1.27035 -3.57165e-07
2.0 32.0 0.951876 -3.57738e-07
2.0 32.0 0.970424 -1.01928e-07
2.0 32.0 0.857618 -3.12931e-10
2.0 32.0 0.92247 -2.95576e-05
2.0 32.0 0.987151 -4.61348e-07
2.0 33.0 0.902782 -3.13634e-13
2.0 33.0 0.893803 -1.85871e-11
2.0 33.0 1.29442 -2.82612e-12
2.0 33.0 0.919062 -6.70631e-06
2.0 33.0 0.997912 -6.81602e-06
2.0 33.0 0.881375 -1.49333e-06
2.0 33.0 0.888801 -9.32738e-07
2.0 33.0 0.981463 -1.98789e-11
2.0 33.0 0.968421 -1.24659e-05
2.0 33.0 1.25784 -4.25493e-09
2.0 33.0 0.881946 -3.93131e-07
2.0 33.0 1.0694 -1.56494e-08
2.0 33.0 0.846715 -2.2079e-09
2.0 33.0 1.02948 -1.09537e-11
2.0 33.0 1.01388 -3.76959e-05
2.0 33.0 1.03053 -3.0414e-12
2.0 33.0 1.01803 -1.98612e-14
2.0 33.0 1.05707 -2.64419e-08
2.0 33.0 0.893346 -3.42587e-07
2.0 33.0 1.25112 -1.47886e-12
2.0 33.0 1.34537 -2.70813e-08
2.0 33.0 0.896746 -2.35549e-08
2.0 33.0 0.991753 -1.01927e-09
2.0 33.0 1.07328 -2.2066e-07
2.0 33.0 1.02634 -8.57253e-07
2.0 33.0 0.884409 -5.15448e-07
2.0 33.0 1.01068 -3.35609e-09
2.0 33.0 0.903778 -2.69075e-08
2.0 33.0 1.00799 -3.87467e-08
2.0 33.0 1.03295 -2.69708e-12
2.0 33.0 1.44102 -1.25537e-07
2.0 33.0 1.35851 -1.04375e-06
2.0 33.0 1.39074 -2.87181e-09
2.0 33.0 1.21848 -2.34614e-06
2.0 33.0 0.923242 -1.92743e-08
2.0 33.0 1.01391 -2.58104e-08
2.0 33.0 1.02292 -1.08996e-07
2.0 33.0 0.892561 -2.08047e-08
2.0 33.0 0.992642 -7.6474e-07
2.0 33.0 1.41287 -1.5034e-08
2.0 33.0 1.29076 -6.89666e-08
2.0 33.0 1.33451 -2.90333e-17
2.0 33.0 1.29759 -1.30585e-07
2.0 33.0 1.32366 -9.41886e-07
2.0 33.0 1.33081 -4.4126e-10
2.0 33.0 0.867371 -2.52179e-06
2.0 33.0 0.919965 -1.29949e-09
2.0 33.0 1.27448 -9.53139e-10
2.0 33.0 1.27448 -9.53139e-10
2.0 33.0 1.27448 -9.53139e-10
3.0 3.0 1.0138 211.156
3.0 3.0 0.409792 209.72
3.0 3.0 0.412605 211.426
3.0 3.0 1.08355 210.379
3.0 3.0 0.360752 211.321
3.0 3.0 1.133 211.287
3.0 3.0 0.352589 211.342
3.0 3.0 1.01945 211.133
3.0 3.0 1.29354 210.025
3.0 3.0 0.396544 211.183
3.0 3.0 0.447325 211.097
3.0 3.0 0.91134 210.502
3.0 3.0 1.00231 210.899
3.0 3.0 0.383982 210.789
3.0 3.0 1.10196 211.259
3.0 3.0 0.45298 211.401
3.0 3.0 0.429075 211.334
3.0 3.0 1.0492 210.747
3.0 3.0 0.390271 211.374
3.0 3.0 0.348413 206.745
3.0 3.0 1.00391 211.058
3.0 3.0 0.356026 209.875
3.0 3.0 0.416477 211.215
3.0 3.0 1.07044 211.332
3.0 3.0 0.371337 204.225
3.0 3.0 1.07626 211.302
3.0 3.0 0.369723 207.475
3.0 3.0 0.352097 211.244
3.0 3.0 0.36399 210.305
3.0 3.0 1.10749 211.421
3.0 3.0 0.371642 211.278
3.0 3.0 1.17357 208.652
3.0 3.0 0.351861 210.943
3.0 3.0 1.17632 211.414
3.0 3.0 0.354705 210.114
3.0 3.0 0.355824 210.642
3.0 3.0 0.388742 211.348
3.0 3.0 0.398443 208.933
3.0 3.0 0.343024 211.194
3.0 3.0 0.369321 211.106
3.0 3.0 1.31286 211.403
3.0 3.0 0.462601 211.424
3.0 3.0 1.03742 211.237
3.0 3.0 0.343588 211.335
3.0 3.0 1.22914 211.064
3.0 3.0 1.44636 209.338
3.0 3.0 1.1496 209.021
3.0 3.0 0.988271 210.942
3.0 3.0 0.391301 210.765
3.0 3.0 0.914605 210.76
3.0 4.0 0.7832 211.17
3.0 4.0 0.729335 211.347
3.0 4.0 0.793888 211.403
3.0 4.0 0.790495 211.361
3.0 4.0 0.899636 211.22
3.0 4.0 0.338633 210.509
3.0 4.0 0.366318 211.139
3.0 4.0 0.762471 209.323
3.0 4.0 0.360854 210.414
3.0 4.0 0.754196 211.215
3.0 4.0 0.357921 211.339
3.0 4.0 0.344524 210.979
3.0 4.0 0.90718 211.413
3.0 4.0 0.764162 210.362
3.0 4.0 0.369669 210.55
3.0 4.0 0.783633 211.104
3.0 4.0 0.354715 211.42
3.0 4.0 0.903651 209.828
3.0 4.0 0.763956 210.574
3.0 4.0 0.889646 211.147
3.0 4.0 0.785758 211.42
3.0 4.0 0.35698 208.989
3.0 4.0 0.655751 211.349
3.0 4.0 0.728011 210.126
3.0 4.0 0.810614 211.278
3.0 4.0 0.765193 210.926
3.0 4.0 0.7882 211.129
3.0 4.0 0.741081 211.405
3.0 4.0 0.353494 210.056
3.0 4.0 0.360755 208.593
3.0 4.0 0.371206 211.139
3.0 4.0 0.355404 208.123
3.0 4.0 0.75238 210.296
3.0 4.0 0.35914 211.414
3.0 4.0 0.79067 210.686
3.0 4.0 0.385836 209.875
3.0 4.0 0.356841 211.397
3.0 4.0 0.741554 209.548
3.0 4.0 0.73644 211.36
3.0 4.0 0.77962 211.342
3.0 4.0 0.901542 210.909
3.0 4.0 0.753333 211.419
3.0 4.0 0.775784 210.962
3.0 4.0 0.355837 211.287
3.0 4.0 0.932285 210.481
3.0 4.0 0.760118 210.529
3.0 4.0 0.377378 211.09
3.0 4.0 0.337646 211.229
3.0 4.0 1.42461 210.093
3.0 4.0 0.360383 211.325
3.0 5.0 0.583064 210.943
3.0 5.0 1.17713 211.395
3.0 5.0 0.534523 211.388
3.0 5.0 0.556393 211.348
3.0 5.0 0.703902 211.242
3.0 5.0 0.631907 210.679
3.0 5.0 0.846109 211.426
3.0 5.0 0.540862 210.51
3.0 5.0 0.552438 211.266
3.0 5.0 0.657224 211.247
3.0 5.0 0.651193 211.426
3.0 5.0 0.59669 211.394
3.0 5.0 0.617761 211.265
3.0 5.0 0.698208 211.345
3.0 5.0 0.696992 210.587
3.0 5.0 0.610457 211.357
3.0 5.0 0.928971 210.707
3.0 5.0 0.910822 211.11
3.0 5.0 0.559707 211.413
3.0 5.0 0.547804 211.248
3.0 5.0 0.658781 210.164
3.0 5.0 0.621151 210.013
3.0 5.0 0.554561 210.877
3.0 5.0 0.564151 211.3
3.0 5.0 0.569433 211.008
3.0 5.0 0.59886 211.04
3.0 5.0 0.703113 211.092
3.0 5.0 0.701731 211.42
3.0 5.0 0.86162 211.426
3.0 5.0 0.560173 211.408
3.0 5.0 0.564529 211.288
3.0 5.0 0.530477 209.425
3.0 5.0 0.537902 211.374
3.0 5.0 0.624748 211.412
3.0 5.0 0.54246 210.933
3.0 5.0 0.58642 211.134
3.0 5.0 0.546697 211.347
3.0 5.0 0.712435 211.069
3.0 5.0 0.819554 211.089
3.0 5.0 0.832866 211.3
3.0 5.0 0.833536 211.279
3.0 5.0 0.708925 211.338
3.0 5.0 0.592654 210.97
3.0 5.0 0.528876 210.538
3.0 5.0 0.576388 210.461
3.0 5.0 0.820071 211.205
3.0 5.0 0.732875 211.18
3.0 5.0 0.591552 209.16
3.0 5.0 1.29521 207.295
3.0 5.0 0.546034 211.422
3.0 7.0 0.765155 211.278
3.0 7.0 0.582727 211.347
3.0 7.0 0.570281 210.926
3.0 7.0 0.612028 211.414
3.0 7.0 0.822991 211.362
3.0 7.0 0.875079 210.877
3.0 7.0 0.575713 211.035
3.0 7.0 0.712425 211.397
3.0 7.0 0.793573 210.933
3.0 7.0 1.19439 209.684
3.0 7.0 0.578931 211.426
3.0 7.0 0.75265 210.148
3.0 7.0 0.734613 210.991
3.0 7.0 0.794302 211.403
3.0 7.0 0.577078 211.403
3.0 7.0 0.568192 210.929
3.0 7.0 0.574398 210.959
3.0 7.0 0.71599 211.046
3.0 7.0 0.707033 211.376
3.0 7.0 0.574895 211.409
3.0 7.0 0.719611 207.664
3.0 7.0 0.572994 211.401
3.0 7.0 0.73487 211.317
3.0 7.0 1.17877 211.289
3.0 7.0 0.622096 210.957
3.0 7.0 0.717858 211.394
3.0 7.0 0.613808 211.33
3.0 7.0 0.783524 211.175
3.0 7.0 0.564091 211.073
3.0 7.0 0.566472 211.423
3.0 7.0 0.616109 211.42
3.0 7.0 0.73788 210.949
3.0 7.0 0.569108 210.997
3.0 7.0 0.574115 211.349
3.0 7.0 0.570494 210.814
3.0 7.0 0.572016 211.361
3.0 7.0 0.573598 210.572
3.0 7.0 0.580297 211.193
3.0 7.0 0.588501 209.481
3.0 7.0 0.711789 210.904
3.0 7.0 0.708283 211.42
3.0 7.0 0.720013 211.42
3.0 7.0 0.780442 211.374
3.0 7.0 1.16009 211.426
3.0 7.0 0.586271 211.123
3.0 7.0 0.763462 210.514
3.0 7.0 0.565149 211.412
3.0 7.0 0.581219 211.426
3.0 7.0 0.79936 209.784
3.0 7.0 1.75454 210.964
3.0 8.0 0.566463 207.781
3.0 8.0 0.608327 211.41
3.0 8.0 0.559811 210.305
3.0 8.0 0.618584 211.134
3.0 8.0 1.01845 211.064
3.0 8.0 0.561953 209.143
3.0 8.0 0.572716 211.248
3.0 8.0 0.588568 211.037
3.0 8.0 0.564582 211.197
3.0 8.0 0.57392 211.214
3.0 8.0 0.564649 211.205
3.0 8.0 1.7043 210.97
3.0 8.0 0.564476 211.323
3.0 8.0 0.605906 210.214
3.0 8.0 0.567778 211.008
3.0 8.0 0.591453 207.576
3.0 8.0 0.560559 211.332
3.0 8.0 0.583907 209.296
3.0 8.0 0.560347 211.185
3.0 8.0 1.59195 210.332
3.0 8.0 0.582407 210.239
3.0 8.0 0.568039 211.279
3.0 8.0 0.568363 211.297
3.0 8.0 0.678639 210.785
3.0 8.0 0.58318 211.334
3.0 8.0 0.604936 211.148
3.0 8.0 0.578132 211.426
3.0 8.0 0.559059 211.001
3.0 8.0 0.565893 210.88
3.0 8.0 0.56469 211.037
3.0 8.0 0.575756 211.403
3.0 8.0 0.605191 210.047
3.0 8.0 0.812253 211.413
3.0 8.0 0.566556 211.069
3.0 8.0 0.564114 211.214
3.0 8.0 0.772974 211.098
3.0 8.0 0.568833 211.254
3.0 8.0 0.567077 210.825
3.0 8.0 0.627182 211.418
3.0 8.0 0.608086 211.046
3.0 8.0 0.5559 211.413
3.0 8.0 0.622487 209.95
3.0 8.0 0.564354 210.373
3.0 8.0 0.603904 211.287
3.0 8.0 0.584134 210.652
3.0 8.0 0.596713 211.421
3.0 8.0 0.566747 211.409
3.0 8.0 0.995228 211.382
3.0 8.0 0.57068 210.532
3.0 8.0 0.739233 211.37
3.0 9.0 0.683244 211.097
3.0 9.0 0.755254 211.231
3.0 9.0 0.697834 210.819
3.0 9.0 0.701219 210.501
3.0 9.0 0.863933 210.861
3.0 9.0 0.698725 211.361
3.0 9.0 0.703977 210.94
3.0 9.0 0.754064 211.318
3.0 9.0 0.782413 211.364
3.0 9.0 0.708028 211.246
3.0 9.0 0.699329 210.79
3.0 9.0 0.763343 211.19
3.0 9.0 0.705655 210.814
3.0 9.0 0.764877 211.018
3.0 9.0 0.699649 211.041
3.0 9.0 0.694793 211.348
3.0 9.0 0.771533 211.394
3.0 9.0 0.844642 210.877
3.0 9.0 0.705789 209.499
3.0 9.0 0.679763 211.319
3.0 9.0 0.712277 210.716
3.0 9.0 0.66727 208.885
3.0 9.0 0.688418 211.392
3.0 9.0 0.704035 211.403
3.0 9.0 0.700166 211.247
3.0 9.0 0.703966 210.921
3.0 9.0 1.14737 210.892
3.0 9.0 0.691222 211.161
3.0 9.0 0.793538 211.4
3.0 9.0 0.797146 211.196
3.0 9.0 0.838835 211.089
3.0 9.0 0.759456 211.078
3.0 9.0 0.772318 210.973
3.0 9.0 0.857993 209.611
3.0 9.0 0.755251 209.717
3.0 9.0 0.858599 211.069
3.0 9.0 0.708512 211.042
3.0 9.0 0.698622 211.211
3.0 9.0 0.859232 211.412
3.0 9.0 0.700966 211.416
3.0 9.0 0.700723 211.001
3.0 9.0 0.774569 210.125
3.0 9.0 0.694123 211.375
3.0 9.0 0.715948 209.516
3.0 9.0 0.758762 211.38
3.0 9.0 0.705587 211.358
3.0 9.0 0.837431 209.864
3.0 9.0 0.745501 210.231
3.0 9.0 0.86269 208.885
3.0 9.0 0.86269 208.885
3.0 15.0 0.759823 209.478
3.0 15.0 0.759715 211.116
3.0 15.0 0.770482 209.759
3.0 15.0 0.755268 211.361
3.0 15.0 0.757117 211.004
3.0 15.0 0.771264 207.408
3.0 15.0 0.75388 210.012
3.0 15.0 0.812152 211.194
3.0 15.0 0.752325 211.2
3.0 15.0 0.769096 211.104
3.0 15.0 0.75072 211.287
3.0 15.0 0.831736 211.42
3.0 15.0 0.752175 210.885
3.0 15.0 0.853313 211.339
3.0 15.0 0.753191 211.345
3.0 15.0 0.744287 211.333
3.0 15.0 0.766081 209.939
3.0 15.0 0.760959 211.401
3.0 15.0 0.858153 211.214
3.0 15.0 0.749522 210.929
3.0 15.0 0.754745 210.94
3.0 15.0 0.769331 211.188
3.0 15.0 0.881604 210.934
3.0 15.0 0.744289 211.232
3.0 15.0 0.815566 211.426
3.0 15.0 0.776868 211.414
3.0 15.0 0.768231 211.22
3.0 15.0 0.869057 208.944
3.0 15.0 0.915968 211.306
3.0 15.0 0.746627 211.257
3.0 15.0 0.739732 211.31
3.0 15.0 0.749097 210.442
3.0 15.0 0.744151 211.221
3.0 15.0 0.745354 211.064
3.0 15.0 0.778764 211.375
3.0 15.0 0.776363 211.392
3.0 15.0 0.761346 207.242
3.0 15.0 0.767338 211.42
3.0 15.0 0.828701 211.18
3.0 15.0 1.00868 211.42
3.0 15.0 0.827545 211.139
3.0 15.0 0.744765 206.962
3.0 15.0 0.761254 211.194
3.0 15.0 0.76172 210.997
3.0 15.0 0.84193 210.606
3.0 15.0 0.88243 211.387
3.0 15.0 0.863198 211.069
3.0 15.0 0.925604 211.342
3.0 15.0 1.0071 211.423
3.0 15.0 0.747867 211.413
3.0 16.0 0.75357 211.289
3.0 16.0 0.776004 210.765
3.0 16.0 0.763156 211.3
3.0 16.0 0.754981 211.3
3.0 16.0 0.769519 210.194
3.0 16.0 0.758878 210.912
3.0 16.0 0.760982 211.194
3.0 16.0 0.772539 211.065
3.0 16.0 0.767108 211.42
3.0 16.0 0.761837 211.065
3.0 16.0 0.748317 210.719
3.0 16.0 0.777109 211.318
3.0 16.0 0.969503 210.955
3.0 16.0 0.729988 211.008
3.0 16.0 0.752004 211.035
3.0 16.0 0.759062 211.08
3.0 16.0 0.758024 211.42
3.0 16.0 0.732243 211.253
3.0 16.0 0.74552 211.222
3.0 16.0 0.783337 211.066
3.0 16.0 0.75679 210.021
3.0 16.0 0.752649 211.399
3.0 16.0 0.755053 211.42
3.0 16.0 0.842772 210.351
3.0 16.0 0.881839 209.97
3.0 16.0 0.753305 211.046
3.0 16.0 0.742977 211.404
3.0 16.0 0.74575 210.858
3.0 16.0 0.748422 211.296
3.0 16.0 0.755541 211.3
3.0 16.0 0.752023 210.454
3.0 16.0 0.764614 209.924
3.0 16.0 0.770597 211.3
3.0 16.0 0.757578 211.042
3.0 16.0 0.771071 211.394
3.0 16.0 0.751274 210.819
3.0 16.0 0.773451 211.069
3.0 16.0 0.79145 211.348
3.0 16.0 0.766672 210.79
3.0 16.0 0.751751 211.326
3.0 16.0 0.756544 211.385
3.0 16.0 0.740731 211.312
3.0 16.0 0.772815 211.001
3.0 16.0 0.763984 211.405
3.0 16.0 0.773812 210.561
3.0 16.0 0.748242 211.289
3.0 16.0 0.765466 211.06
3.0 16.0 0.74904 211.426
3.0 16.0 0.74904 211.426
3.0 16.0 0.74904 211.426
3.0 17.0 0.868589 211.0
3.0 17.0 0.943327 211.42
3.0 17.0 0.940563 211.066
3.0 17.0 0.945227 211.425
3.0 17.0 1.34178 211.262
3.0 17.0 1.0059 211.419
3.0 17.0 1.19932 211.092
3.0 17.0 1.31992 211.218
3.0 17.0 0.871058 211.161
3.0 17.0 0.899136 209.338
3.0 17.0 0.853426 210.507
3.0 17.0 0.809327 211.394
3.0 17.0 0.880278 211.3
3.0 17.0 1.01099 211.194
3.0 17.0 0.896071 210.791
3.0 17.0 0.839579 210.623
3.0 17.0 1.18261 211.353
3.0 17.0 1.23755 211.254
3.0 17.0 0.77936 210.358
3.0 17.0 0.835391 209.224
3.0 17.0 0.833059 210.735
3.0 17.0 0.862966 211.339
3.0 17.0 0.9329 211.3
3.0 17.0 1.21751 210.861
3.0 17.0 1.4504 210.964
3.0 17.0 0.8252 211.358
3.0 17.0 0.830356 211.426
3.0 17.0 0.88625 210.323
3.0 17.0 1.12175 211.191
3.0 17.0 1.1292 211.321
3.0 17.0 1.44403 210.707
3.0 17.0 0.905268 211.089
3.0 17.0 0.863226 210.944
3.0 17.0 0.997737 211.403
3.0 17.0 1.16554 211.4
3.0 17.0 0.852866 206.425
3.0 17.0 0.979189 211.377
3.0 17.0 0.825979 211.091
3.0 17.0 0.853136 210.374
3.0 17.0 0.819848 211.194
3.0 17.0 0.902113 210.216
3.0 17.0 0.853529 211.239
3.0 17.0 0.863051 210.328
3.0 17.0 0.802769 211.398
3.0 17.0 0.978615 211.049
3.0 17.0 0.861823 209.538
3.0 17.0 1.11776 211.397
3.0 17.0 0.869244 209.733
3.0 17.0 0.817025 210.848
3.0 17.0 0.846053 211.345
3.0 31.0 0.893707 210.78
3.0 31.0 0.929855 210.581
3.0 31.0 0.815682 208.364
3.0 31.0 0.862956 211.3
3.0 31.0 0.931764 211.426
3.0 31.0 0.83084 207.987
3.0 31.0 0.927138 211.302
3.0 31.0 0.917117 211.342
3.0 31.0 0.822168 211.042
3.0 31.0 1.00599 211.123
3.0 31.0 1.18433 211.214
3.0 31.0 0.803948 210.955
3.0 31.0 0.789719 211.109
3.0 31.0 0.918913 211.349
3.0 31.0 0.811917 208.573
3.0 31.0 0.832671 210.892
3.0 31.0 0.989649 211.426
3.0 31.0 0.95747 210.793
3.0 31.0 0.839358 208.238
3.0 31.0 1.15086 211.424
3.0 31.0 0.942358 211.415
3.0 31.0 0.887235 209.347
3.0 31.0 0.976445 211.081
3.0 31.0 1.02501 211.403
3.0 31.0 0.928319 211.287
3.0 31.0 0.849152 211.342
3.0 31.0 0.811919 211.342
3.0 31.0 0.936943 211.299
3.0 31.0 0.866976 209.189
3.0 31.0 0.822572 211.069
3.0 31.0 1.04482 211.31
3.0 31.0 0.817762 211.42
3.0 31.0 0.80201 208.897
3.0 31.0 0.928032 211.348
3.0 31.0 0.946296 210.822
3.0 31.0 0.820529 211.27
3.0 31.0 0.832607 211.339
3.0 31.0 0.84928 209.786
3.0 31.0 0.941111 211.229
3.0 31.0 0.872724 211.419
3.0 31.0 0.835771 210.999
3.0 31.0 0.813537 211.241
3.0 31.0 1.25407 211.392
3.0 31.0 0.906666 210.341
3.0 31.0 0.922213 209.729
3.0 31.0 0.842067 211.339
3.0 31.0 0.928637 211.351
3.0 31.0 0.849167 211.23
3.0 31.0 0.898695 210.944
3.0 31.0 0.918228 211.069
3.0 32.0 0.947182 208.384
3.0 32.0 0.830455 211.3
3.0 32.0 1.23319 210.402
3.0 32.0 1.33918 211.366
3.0 32.0 1.45625 210.808
3.0 32.0 0.849533 211.374
3.0 32.0 1.01124 211.412
3.0 32.0 0.929838 210.688
3.0 32.0 0.979891 211.114
3.0 32.0 0.933237 211.403
3.0 32.0 0.859589 211.344
3.0 32.0 0.855518 208.904
3.0 32.0 0.811669 210.786
3.0 32.0 0.902393 211.373
3.0 32.0 0.909387 207.886
3.0 32.0 0.926197 210.081
3.0 32.0 0.93746 210.904
3.0 32.0 0.967981 211.408
3.0 32.0 0.979266 210.278
3.0 32.0 1.02077 211.2
3.0 32.0 1.01695 211.403
3.0 32.0 0.920523 210.543
3.0 32.0 0.931999 210.171
3.0 32.0 1.26953 210.851
3.0 32.0 0.872764 211.223
3.0 32.0 0.847353 211.402
3.0 32.0 0.850375 211.42
3.0 32.0 0.933002 211.155
3.0 32.0 0.920872 210.815
3.0 32.0 0.928627 208.423
3.0 32.0 0.8885 211.314
3.0 32.0 0.942095 211.298
3.0 32.0 0.925012 210.909
3.0 32.0 1.00008 211.214
3.0 32.0 1.24659 210.833
3.0 32.0 0.829452 211.305
3.0 32.0 0.823809 211.211
3.0 32.0 0.940943 210.904
3.0 32.0 0.850125 208.934
3.0 32.0 0.84476 210.664
3.0 32.0 0.893409 211.378
3.0 32.0 1.26935 207.896
3.0 32.0 1.17957 211.425
3.0 32.0 1.08641 211.374
3.0 32.0 0.847303 211.311
3.0 32.0 0.825407 210.688
3.0 32.0 0.896617 211.346
3.0 32.0 0.882994 211.397
3.0 32.0 0.934465 210.939
3.0 32.0 0.934465 210.939
3.0 33.0 1.41157 210.65
3.0 33.0 1.10272 210.953
3.0 33.0 0.874018 211.247
3.0 33.0 1.02938 211.414
3.0 33.0 1.01827 211.097
3.0 33.0 0.914188 211.03
3.0 33.0 0.990686 210.694
3.0 33.0 1.01631 210.76
3.0 33.0 1.30604 211.252
3.0 33.0 1.28967 210.913
3.0 33.0 1.43595 209.926
3.0 33.0 0.882266 211.405
3.0 33.0 1.01006 211.307
3.0 33.0 0.982418 211.417
3.0 33.0 1.0249 211.139
3.0 33.0 1.25943 211.374
3.0 33.0 1.34679 211.339
3.0 33.0 0.883571 210.231
3.0 33.0 0.882201 211.089
3.0 33.0 0.999867 211.425
3.0 33.0 1.02148 211.299
3.0 33.0 0.865338 210.178
3.0 33.0 1.34426 210.964
3.0 33.0 1.33268 211.084
3.0 33.0 1.01952 207.972
3.0 33.0 0.989228 211.425
3.0 33.0 1.02867 210.882
3.0 33.0 0.987346 211.426
3.0 33.0 1.30439 211.378
3.0 33.0 1.02518 211.024
3.0 33.0 1.34139 210.732
3.0 33.0 1.01277 211.248
3.0 33.0 1.21343 211.415
3.0 33.0 0.898256 211.11
3.0 33.0 1.0182 211.107
3.0 33.0 1.31131 211.069
3.0 33.0 1.00326 211.396
3.0 33.0 1.01747 211.357
3.0 33.0 1.40907 211.223
3.0 33.0 1.35758 211.223
3.0 33.0 1.01984 211.403
3.0 33.0 0.846731 210.757
3.0 33.0 0.994653 209.691
3.0 33.0 0.894964 210.6
3.0 33.0 1.01253 210.635
3.0 33.0 1.03483 211.426
3.0 33.0 0.990928 211.412
3.0 33.0 1.3894 210.669
3.0 33.0 1.35797 209.994
3.0 33.0 1.00248 211.2
4.0 3.0 0.386901 9.97194
4.0 3.0 1.35576 9.98639
4.0 3.0 0.318717 9.88911
4.0 3.0 0.35209 9.77779
4.0 3.0 1.35116 9.94596
4.0 3.0 0.397337 9.82021
4.0 3.0 0.407697 9.97082
4.0 3.0 0.321879 9.98341
4.0 3.0 1.14033 9.83738
4.0 3.0 1.09128 9.98597
4.0 3.0 0.403084 9.80102
4.0 3.0 0.318071 9.92505
4.0 3.0 0.929115 9.99149
4.0 3.0 0.395885 9.80454
4.0 3.0 1.00599 9.99273
4.0 3.0 0.346827 9.85179
4.0 3.0 0.323781 9.91597
4.0 3.0 0.317562 9.95049
4.0 3.0 1.03932 9.98451
4.0 3.0 1.05666 9.9801
4.0 3.0 1.10546 9.9073
4.0 3.0 1.16191 9.9014
4.0 3.0 1.04943 9.77779
4.0 3.0 1.13084 9.98976
4.0 3.0 0.924292 9.97198
4.0 3.0 0.940692 9.96901
4.0 3.0 0.372587 9.91676
4.0 3.0 0.913016 9.82948
4.0 3.0 1.05164 9.90514
4.0 3.0 0.352713 9.96573
4.0 3.0 0.405296 9.91597
4.0 3.0 0.344836 9.77779
4.0 3.0 0.370785 9.98716
4.0 3.0 1.05762 9.95273
4.0 3.0 1.13153 9.97256
4.0 3.0 0.966966 9.94682
4.0 3.0 0.910964 9.93663
4.0 3.0 0.325493 9.88008
4.0 3.0 1.07338 9.96941
4.0 3.0 0.311402 9.89606
4.0 3.0 0.347449 9.95441
4.0 3.0 0.908979 9.9297
4.0 3.0 0.314669 9.83295
4.0 3.0 0.344813 9.97374
4.0 3.0 0.326083 9.95047
4.0 3.0 0.374733 9.99138
4.0 3.0 0.349848 9.94185
4.0 3.0 0.429974 9.84836
4.0 3.0 0.361339 9.98866
4.0 3.0 0.968964 9.92511
4.0 4.0 0.357803 9.98696
4.0 4.0 0.792679 9.99335
4.0 4.0 0.713029 9.91349
4.0 4.0 0.758919 9.96202
4.0 4.0 0.747214 9.98467
4.0 4.0 0.746804 9.99673
4.0 4.0 0.330656 9.96884
4.0 4.0 0.758453 9.97862
4.0 4.0 0.341647 9.92509
4.0 4.0 0.345871 9.92107
4.0 4.0 0.89627 9.99398
4.0 4.0 0.723192 9.95668
4.0 4.0 0.769438 9.83295
4.0 4.0 0.883255 9.99311
4.0 4.0 0.371151 9.97552
4.0 4.0 0.773773 9.94737
4.0 4.0 0.342462 9.9581
4.0 4.0 0.34336 9.94792
4.0 4.0 0.369203 9.97104
4.0 4.0 0.778654 9.98974
4.0 4.0 0.3353 9.92107
4.0 4.0 0.751583 9.93287
4.0 4.0 0.347639 9.93778
4.0 4.0 0.372195 9.99311
4.0 4.0 0.349629 9.81552
4.0 4.0 0.338459 9.98691
4.0 4.0 0.762979 9.97563
4.0 4.0 0.752457 9.98737
4.0 4.0 0.821457 9.90456
4.0 4.0 0.343573 9.98829
4.0 4.0 0.361508 9.9687
4.0 4.0 0.77703 9.976
4.0 4.0 0.329066 9.96307
4.0 4.0 0.806098 9.96493
4.0 4.0 0.693108 9.92107
4.0 4.0 0.810663 9.98651
4.0 4.0 0.337824 9.83561
4.0 4.0 0.763142 9.94514
4.0 4.0 0.92514 9.87331
4.0 4.0 0.759309 9.98517
4.0 4.0 0.784257 9.95868
4.0 4.0 0.79809 9.97988
4.0 4.0 0.362767 9.99902
4.0 4.0 1.00339 9.90175
4.0 4.0 0.335464 9.99038
4.0 4.0 0.773944 9.93696
4.0 4.0 0.784964 9.91229
4.0 4.0 0.754377 9.9581
4.0 4.0 0.919474 9.99619
4.0 4.0 0.334648 9.96183
4.0 5.0 0.530336 9.97128
4.0 5.0 0.685989 9.93446
4.0 5.0 0.808481 9.99667
4.0 5.0 0.565736 9.99746
4.0 5.0 1.16682 9.99702
4.0 5.0 0.665813 9.97808
4.0 5.0 0.659963 9.97064
4.0 5.0 0.560883 9.77779
4.0 5.0 0.581333 9.93041
4.0 5.0 0.540674 9.97605
4.0 5.0 0.553042 9.92812
4.0 5.0 0.685093 9.89573
4.0 5.0 1.31329 9.85413
4.0 5.0 0.697572 9.97062
4.0 5.0 0.666306 9.92107
4.0 5.0 0.538784 9.97718
4.0 5.0 0.663106 9.972
4.0 5.0 0.729888 9.94638
4.0 5.0 0.671065 9.97243
4.0 5.0 0.666328 9.96261
4.0 5.0 0.714321 9.99476
4.0 5.0 0.702498 9.95342
4.0 5.0 0.662349 9.81145
4.0 5.0 0.742309 9.9959
4.0 5.0 0.569951 9.98262
4.0 5.0 0.649017 9.96641
4.0 5.0 0.70249 9.98196
4.0 5.0 0.534533 9.88725
4.0 5.0 0.666849 9.97617
4.0 5.0 0.711291 9.86494
4.0 5.0 1.1322 9.98512
4.0 5.0 0.700054 9.98106
4.0 5.0 0.573629 9.99521
4.0 5.0 1.18998 9.96141
4.0 5.0 0.826772 9.97666
4.0 5.0 0.58302 9.899
4.0 5.0 0.592945 9.98291
4.0 5.0 0.672304 9.96208
4.0 5.0 0.610392 9.93667
4.0 5.0 0.696555 9.97104
4.0 5.0 0.822636 9.99521
4.0 5.0 0.568615 9.92107
4.0 5.0 0.664709 9.92388
4.0 5.0 1.41775 9.95302
4.0 5.0 0.6878 9.99748
4.0 5.0 0.531159 9.99702
4.0 5.0 0.995157 9.87026
4.0 5.0 0.616248 9.99273
4.0 5.0 0.579381 9.95238
4.0 5.0 0.713176 9.99551
4.0 7.0 0.570054 9.98709
4.0 7.0 0.554171 9.97104
4.0 7.0 0.705973 9.94893
4.0 7.0 0.792716 9.95629
4.0 7.0 0.775533 9.99317
4.0 7.0 0.900546 9.94138
4.0 7.0 0.98625 9.8794
4.0 7.0 1.11006 9.986
4.0 7.0 0.559319 9.92107
4.0 7.0 0.583437 9.99712
4.0 7.0 0.558437 9.97874
4.0 7.0 0.569484 9.97267
4.0 7.0 1.54839 9.99239
4.0 7.0 0.75599 9.93778
4.0 7.0 0.721823 9.93559
4.0 7.0 0.72802 9.9877
4.0 7.0 0.602839 9.92962
4.0 7.0 1.4961 9.98378
4.0 7.0 0.574468 9.94218
4.0 7.0 0.573678 9.95741
4.0 7.0 0.562052 9.99273
4.0 7.0 0.574914 9.79981
4.0 7.0 0.59976 9.99702
4.0 7.0 0.595569 9.98601
4.0 7.0 0.717492 9.97104
4.0 7.0 0.760105 9.9801
4.0 7.0 0.717879 9.92107
4.0 7.0 0.713151 9.9793
4.0 7.0 0.815512 9.9631
4.0 7.0 0.778784 9.93749
4.0 7.0 0.568445 9.94275
4.0 7.0 0.571093 9.81328
4.0 7.0 0.74812 9.92357
4.0 7.0 0.718721 9.96493
4.0 7.0 0.715849 9.92366
4.0 7.0 0.726347 9.94091
4.0 7.0 0.784878 9.9615
4.0 7.0 0.750935 9.95321
4.0 7.0 0.59777 9.9396
4.0 7.0 0.554839 9.96965
4.0 7.0 0.566412 9.99521
4.0 7.0 0.572445 9.96764
4.0 7.0 0.592054 9.98818
4.0 7.0 0.558884 9.94726
4.0 7.0 1.15853 9.89837
4.0 7.0 0.734653 9.88435
4.0 7.0 0.706176 9.91872
4.0 7.0 0.723084 9.94811
4.0 7.0 0.77584 9.87598
4.0 7.0 0.699828 9.9647
4.0 8.0 0.55877 9.99381
4.0 8.0 0.562856 9.99118
4.0 8.0 0.566236 9.77779
4.0 8.0 0.608802 9.96024
4.0 8.0 0.646062 9.99095
4.0 8.0 0.578819 9.84245
4.0 8.0 0.564359 9.89215
4.0 8.0 0.558685 9.94221
4.0 8.0 0.562138 9.99124
4.0 8.0 0.570397 9.98038
4.0 8.0 0.62258 9.94387
4.0 8.0 0.559356 9.95226
4.0 8.0 0.571774 9.96518
4.0 8.0 0.603429 9.99702
4.0 8.0 0.708478 9.97018
4.0 8.0 0.558553 9.94573
4.0 8.0 0.562499 9.98707
4.0 8.0 0.566628 9.91251
4.0 8.0 0.572889 9.99968
4.0 8.0 0.595024 9.9665
4.0 8.0 0.602822 9.98997
4.0 8.0 0.564577 9.92323
4.0 8.0 0.608457 9.9966
4.0 8.0 0.563676 9.94456
4.0 8.0 0.591831 9.96103
4.0 8.0 0.943957 9.94572
4.0 8.0 0.580317 9.99786
4.0 8.0 0.583259 9.98196
4.0 8.0 0.579274 9.88205
4.0 8.0 0.60676 9.96231
4.0 8.0 0.555089 9.92107
4.0 8.0 0.575937 9.98765
4.0 8.0 0.564777 9.98576
4.0 8.0 0.573585 9.96562
4.0 8.0 0.572855 9.99237
4.0 8.0 0.559245 9.97284
4.0 8.0 0.713086 9.98647
4.0 8.0 0.574492 9.99812
4.0 8.0 0.566251 9.91709
4.0 8.0 0.605757 9.97169
4.0 8.0 0.556343 9.96313
4.0 8.0 0.568084 9.77779
4.0 8.0 0.560648 9.98585
4.0 8.0 0.557537 9.96229
4.0 8.0 0.568719 9.98667
4.0 8.0 0.558086 9.94218
4.0 8.0 0.574645 9.96581
4.0 8.0 0.604158 9.89856
4.0 8.0 0.565245 9.97775
4.0 8.0 0.565245 9.97775
4.0 9.0 0.680516 9.89293
4.0 9.0 0.691574 9.84551
4.0 9.0 0.701843 9.92107
4.0 9.0 0.706172 9.98707
4.0 9.0 1.13996 9.95466
4.0 9.0 0.873327 9.98991
4.0 9.0 0.859779 9.95195
4.0 9.0 0.716442 9.87002
4.0 9.0 0.748632 9.93238
4.0 9.0 0.714308 9.98872
4.0 9.0 0.772201 9.99606
4.0 9.0 0.846655 9.99509
4.0 9.0 0.792707 9.96449
4.0 9.0 0.670279 9.97666
4.0 9.0 0.703879 9.9913
4.0 9.0 0.710363 9.99103
4.0 9.0 0.852023 9.87473
4.0 9.0 0.647487 9.77779
4.0 9.0 0.774219 9.98026
4.0 9.0 0.70285 9.97743
4.0 9.0 0.704055 9.77779
4.0 9.0 0.716381 9.94291
4.0 9.0 0.693067 9.97845
4.0 9.0 0.710302 9.91439
4.0 9.0 0.784633 9.97105
4.0 9.0 0.757141 9.91342
4.0 9.0 0.718467 9.99311
4.0 9.0 0.699823 9.94968
4.0 9.0 0.718121 9.95167
4.0 9.0 0.861726 9.99902
4.0 9.0 0.967151 9.9936
4.0 9.0 0.743632 9.92499
4.0 9.0 0.729197 9.88437
4.0 9.0 0.782573 9.83953
4.0 9.0 0.83554 9.9723
4.0 9.0 1.26418 9.9649
4.0 9.0 0.781922 9.9544
4.0 9.0 0.751577 9.98629
4.0 9.0 0.759505 9.95353
4.0 9.0 0.847279 9.9874
4.0 9.0 0.680853 9.96979
4.0 9.0 0.704137 9.99501
4.0 9.0 0.683772 9.89154
4.0 9.0 0.752371 9.99026
4.0 9.0 0.954115 9.90493
4.0 9.0 1.24167 9.98519
4.0 9.0 0.701415 9.86355
4.0 9.0 0.814809 9.92545
4.0 9.0 0.767786 9.98866
4.0 9.0 0.788097 9.97677
4.0 15.0 0.733553 9.98095
4.0 15.0 0.822616 9.82171
4.0 15.0 0.78009 9.9683
4.0 15.0 0.776423 9.92107
4.0 15.0 0.778628 9.99259
4.0 15.0 0.759757 9.96514
4.0 15.0 0.872846 9.94218
4.0 15.0 0.775187 9.95868
4.0 15.0 0.754533 9.88585
4.0 15.0 0.76039 9.9768
4.0 15.0 0.769975 9.94561
4.0 15.0 1.00696 9.98378
4.0 15.0 0.844776 9.92107
4.0 15.0 0.756546 9.99297
4.0 15.0 0.742084 9.97477
4.0 15.0 1.67018 9.99334
4.0 15.0 1.72504 9.99311
4.0 15.0 0.727126 9.99836
4.0 15.0 0.753015 9.99822
4.0 15.0 0.751515 9.99118
4.0 15.0 0.723643 9.99682
4.0 15.0 0.766051 9.96875
4.0 15.0 0.773251 9.99337
4.0 15.0 0.783996 9.99775
4.0 15.0 0.838534 9.92107
4.0 15.0 0.781157 9.95198
4.0 15.0 0.73697 9.98231
4.0 15.0 0.73119 9.82054
4.0 15.0 0.7563 9.96655
4.0 15.0 0.799659 9.97862
4.0 15.0 0.78844 9.9027
4.0 15.0 0.915945 9.96161
4.0 15.0 0.762905 9.98292
4.0 15.0 0.771343 9.9453
4.0 15.0 0.762178 9.95085
4.0 15.0 0.842623 9.90846
4.0 15.0 0.804352 9.99724
4.0 15.0 0.758527 9.98552
4.0 15.0 0.723496 9.95303
4.0 15.0 0.755372 9.94447
4.0 15.0 0.757331 9.99123
4.0 15.0 0.783303 9.99138
4.0 15.0 0.848415 9.89705
4.0 15.0 0.925111 9.97104
4.0 15.0 0.769424 9.94745
4.0 15.0 0.758361 9.97077
4.0 15.0 0.822312 9.97907
4.0 15.0 0.84535 9.94623
4.0 15.0 0.752759 9.99473
4.0 15.0 0.757635 9.99842
4.0 16.0 0.742061 9.9398
4.0 16.0 0.765022 9.9316
4.0 16.0 0.749942 9.94874
4.0 16.0 1.48499 9.98187
4.0 16.0 0.738715 9.99382
4.0 16.0 0.754306 9.92107
4.0 16.0 0.769531 9.95045
4.0 16.0 0.757836 9.98106
4.0 16.0 0.760467 9.94352
4.0 16.0 0.726519 9.9446
4.0 16.0 0.757327 9.94573
4.0 16.0 0.76914 9.96364
4.0 16.0 0.849575 9.89562
4.0 16.0 0.782488 9.98472
4.0 16.0 0.752631 9.99095
4.0 16.0 0.832913 9.97437
4.0 16.0 0.752176 9.9014
4.0 16.0 0.833446 9.99702
4.0 16.0 0.736535 9.98639
4.0 16.0 0.735094 9.98614
4.0 16.0 0.753061 9.92107
4.0 16.0 0.919568 9.77779
4.0 16.0 0.736382 9.99202
4.0 16.0 1.00953 9.98991
4.0 16.0 0.758695 9.97808
4.0 16.0 0.755534 9.98991
4.0 16.0 0.767037 9.92107
4.0 16.0 0.786719 9.8492
4.0 16.0 0.770144 9.92117
4.0 16.0 0.783333 9.98623
4.0 16.0 0.754458 9.97862
4.0 16.0 0.984528 9.90195
4.0 16.0 0.763039 9.90649
4.0 16.0 0.755399 9.77779
4.0 16.0 0.759973 9.98589
4.0 16.0 0.749307 9.98707
4.0 16.0 0.807853 9.99908
4.0 16.0 0.755006 9.99138
4.0 16.0 0.753374 9.84056
4.0 16.0 0.762239 9.9467
4.0 16.0 1.00032 9.89502
4.0 16.0 0.740031 9.93041
4.0 16.0 0.755365 9.99463
4.0 16.0 0.735184 9.94331
4.0 16.0 0.775018 9.95324
4.0 16.0 0.766053 9.94466
4.0 16.0 0.771626 9.98555
4.0 16.0 0.748573 9.9782
4.0 16.0 0.77783 9.98285
4.0 16.0 0.789929 9.99148
4.0 17.0 0.816243 9.99465
4.0 17.0 0.831088 9.92107
4.0 17.0 0.89563 9.91054
4.0 17.0 0.783628 9.99092
4.0 17.0 0.973144 9.99271
4.0 17.0 0.787737 9.98746
4.0 17.0 0.867759 9.92107
4.0 17.0 0.823872 9.99273
4.0 17.0 0.835562 9.93836
4.0 17.0 0.810481 9.96686
4.0 17.0 0.794585 9.95368
4.0 17.0 0.821093 9.9539
4.0 17.0 0.954735 9.98585
4.0 17.0 0.924276 9.92107
4.0 17.0 0.863782 9.97946
4.0 17.0 0.863978 9.98026
4.0 17.0 1.21065 9.99885
4.0 17.0 1.17398 9.92982
4.0 17.0 1.51751 9.99563
4.0 17.0 1.62181 9.94018
4.0 17.0 0.93721 9.97861
4.0 17.0 0.868969 9.93615
4.0 17.0 0.867408 9.9935
4.0 17.0 0.984056 9.96478
4.0 17.0 0.899398 9.92107
4.0 17.0 0.778822 9.97301
4.0 17.0 0.813603 9.92107
4.0 17.0 0.820656 9.8094
4.0 17.0 0.923321 9.99326
4.0 17.0 1.31667 9.99727
4.0 17.0 1.02576 9.86349
4.0 17.0 0.81108 9.97173
4.0 17.0 0.789339 9.94517
4.0 17.0 0.93262 9.97546
4.0 17.0 0.865339 9.98834
4.0 17.0 0.830269 9.92107
4.0 17.0 0.869927 9.97104
4.0 17.0 1.03919 9.92951
4.0 17.0 0.915923 9.96577
4.0 17.0 0.995781 9.98887
4.0 17.0 0.891221 9.95466
4.0 17.0 1.12464 9.99724
4.0 17.0 0.822036 9.98106
4.0 17.0 0.77886 9.97988
4.0 17.0 0.868841 9.91673
4.0 17.0 0.874917 9.99702
4.0 17.0 0.886378 9.97138
4.0 17.0 0.995629 9.96673
4.0 17.0 1.18692 9.96079
4.0 17.0 0.813655 9.98697
4.0 31.0 0.826764 9.97902
4.0 31.0 0.962297 9.93565
4.0 31.0 0.942634 9.96147
4.0 31.0 0.85057 9.98379
4.0 31.0 0.941709 9.99095
4.0 31.0 0.886528 9.98634
4.0 31.0 0.944919 9.99063
4.0 31.0 0.826252 9.907
4.0 31.0 0.839079 9.95881
4.0 31.0 0.84588 9.95302
4.0 31.0 0.920946 9.93259
4.0 31.0 0.943199 9.92107
4.0 31.0 0.943642 9.87698
4.0 31.0 0.775095 9.92107
4.0 31.0 0.845771 9.99259
4.0 31.0 0.928726 9.94218
4.0 31.0 1.25626 9.99138
4.0 31.0 0.93807 9.84789
4.0 31.0 1.01602 9.91615
4.0 31.0 0.799336 9.99249
4.0 31.0 0.853875 9.96218
4.0 31.0 0.895546 9.94893
4.0 31.0 0.892131 9.97309
4.0 31.0 1.01359 9.97062
4.0 31.0 0.882648 9.99419
4.0 31.0 0.847088 9.91912
4.0 31.0 0.846818 9.88439
4.0 31.0 0.898296 9.89736
4.0 31.0 0.942075 9.99117
4.0 31.0 1.02846 9.95907
4.0 31.0 0.884969 9.98923
4.0 31.0 0.848595 9.96891
4.0 31.0 0.934947 9.97289
4.0 31.0 0.912572 9.93154
4.0 31.0 0.942184 9.98386
4.0 31.0 0.831403 9.97658
4.0 31.0 0.885611 9.78024
4.0 31.0 0.813043 9.99548
4.0 31.0 0.948323 9.92107
4.0 31.0 0.92723 9.80403
4.0 31.0 0.823226 9.99576
4.0 31.0 0.88201 9.97313
4.0 31.0 0.857768 9.81522
4.0 31.0 0.895473 9.89975
4.0 31.0 0.897072 9.98081
4.0 31.0 0.947421 9.99138
4.0 31.0 0.867979 9.99574
4.0 31.0 0.886253 9.98697
4.0 31.0 0.839681 9.92107
4.0 31.0 0.943802 9.98109
4.0 32.0 0.849893 9.98267
4.0 32.0 0.836267 9.98707
4.0 32.0 0.858389 9.98579
4.0 32.0 0.908051 9.97979
4.0 32.0 0.808456 9.97862
4.0 32.0 0.928375 9.99177
4.0 32.0 0.94621 9.92107
4.0 32.0 0.950783 9.98797
4.0 32.0 0.856571 9.91969
4.0 32.0 0.834356 9.99035
4.0 32.0 0.932182 9.92505
4.0 32.0 0.821407 9.91865
4.0 32.0 0.930993 9.98078
4.0 32.0 1.00859 9.99273
4.0 32.0 0.97161 9.88103
4.0 32.0 0.972862 9.95167
4.0 32.0 0.886555 9.98082
4.0 32.0 0.921538 9.98991
4.0 32.0 1.27209 9.97609
4.0 32.0 0.98714 9.98486
4.0 32.0 0.94322 9.99433
4.0 32.0 0.817205 9.93742
4.0 32.0 0.938347 9.97013
4.0 32.0 0.8537 9.87555
4.0 32.0 0.964317 9.92107
4.0 32.0 0.886334 9.98196
4.0 32.0 0.936109 9.95025
4.0 32.0 0.896804 9.88052
4.0 32.0 0.947017 9.95725
4.0 32.0 0.943477 9.96261
4.0 32.0 1.20121 9.97104
4.0 32.0 1.35647 9.99542
4.0 32.0 1.19507 9.95779
4.0 32.0 0.899428 9.98551
4.0 32.0 0.948734 9.97963
4.0 32.0 0.927335 9.92005
4.0 32.0 0.909107 9.97487
4.0 32.0 0.975822 9.97842
4.0 32.0 1.27801 9.97682
4.0 32.0 1.37996 9.93041
4.0 32.0 0.882398 9.83044
4.0 32.0 0.939814 9.99323
4.0 32.0 0.934606 9.91956
4.0 32.0 0.839469 9.89516
4.0 32.0 0.865392 9.80846
4.0 32.0 0.929383 9.96501
4.0 32.0 0.888506 9.87698
4.0 32.0 0.998989 9.97527
4.0 32.0 0.899114 9.97171
4.0 32.0 0.906751 9.99741
4.0 33.0 1.29349 9.93984
4.0 33.0 0.907383 9.91053
4.0 33.0 0.965552 9.92115
4.0 33.0 1.01867 9.99811
4.0 33.0 1.0187 9.91342
4.0 33.0 1.32358 9.96501
4.0 33.0 0.903718 9.98991
4.0 33.0 1.57773 9.96575
4.0 33.0 0.894759 9.98016
4.0 33.0 0.892624 9.98458
4.0 33.0 0.874112 9.93304
4.0 33.0 0.898129 9.96163
4.0 33.0 1.0017 9.92314
4.0 33.0 1.02121 9.98983
4.0 33.0 1.3475 9.89817
4.0 33.0 1.34428 9.94834
4.0 33.0 0.985996 9.99311
4.0 33.0 0.900267 9.97977
4.0 33.0 0.977928 9.89817
4.0 33.0 1.0326 9.88756
4.0 33.0 0.999245 9.96819
4.0 33.0 0.898969 9.96589
4.0 33.0 1.08671 9.83581
4.0 33.0 1.2165 9.87923
4.0 33.0 0.862467 9.95736
4.0 33.0 1.00175 9.99126
4.0 33.0 0.998388 9.98793
4.0 33.0 0.977928 9.98043
4.0 33.0 0.950378 9.95383
4.0 33.0 1.02826 9.94319
4.0 33.0 1.02551 9.95717
4.0 33.0 0.984502 9.9643
4.0 33.0 1.02578 9.95253
4.0 33.0 0.994901 9.95653
4.0 33.0 0.980207 9.99311
4.0 33.0 1.19351 9.93683
4.0 33.0 1.1077 9.96369
4.0 33.0 1.39982 9.96847
4.0 33.0 1.00481 9.98991
4.0 33.0 0.999341 9.78246
4.0 33.0 0.966942 9.93953
4.0 33.0 0.988848 9.9718
4.0 33.0 0.985388 9.97472
4.0 33.0 1.41264 9.98852
4.0 33.0 1.29123 9.92107
4.0 33.0 1.14159 9.98009
4.0 33.0 1.34877 9.97418
4.0 33.0 1.42839 9.99996
4.0 33.0 1.02807 9.98993
4.0 33.0 1.02807 9.98993
5.0 3.0 27.8504 25.0084
5.0 3.0 29.8269 25.0221
5.0 3.0 29.036 25.0222
5.0 3.0 28.6478 25.0218
5.0 3.0 27.867 25.0221
5.0 3.0 28.8628 25.0213
5.0 3.0 29.5488 25.0205
5.0 3.0 28.8502 25.0221
5.0 3.0 29.0199 25.0222
5.0 3.0 29.1756 25.0222
5.0 3.0 28.9707 25.0218
5.0 3.0 29.3616 25.0222
5.0 3.0 27.8687 25.0221
5.0 3.0 29.167 25.0216
5.0 3.0 29.0582 25.0218
5.0 3.0 31.079 25.0218
5.0 3.0 29.0359 25.0222
5.0 3.0 29.2596 25.0217
5.0 3.0 28.7646 25.0222
5.0 3.0 28.9442 25.0222
5.0 3.0 29.45 25.022
5.0 3.0 29.1859 25.019
5.0 3.0 29.1337 25.0198
5.0 3.0 29.0472 25.0217
5.0 3.0 29.0417 25.0218
5.0 3.0 29.3917 25.0222
5.0 3.0 28.8949 25.0219
5.0 3.0 28.9662 24.9938
5.0 3.0 28.0092 25.0221
5.0 3.0 28.0453 25.0221
5.0 3.0 29.1174 25.0186
5.0 3.0 29.0471 25.0222
5.0 3.0 27.8641 25.021
5.0 3.0 29.0417 25.02
5.0 3.0 28.9829 25.0221
5.0 3.0 27.9933 25.0218
5.0 3.0 28.864 25.0221
5.0 3.0 27.8857 25.0215
5.0 3.0 29.0965 25.0207
5.0 3.0 29.1818 25.0222
5.0 3.0 28.0015 25.0218
5.0 3.0 29.1305 24.9984
5.0 3.0 29.0119 25.0221
5.0 3.0 27.8434 25.0221
5.0 3.0 29.0292 25.0221
5.0 3.0 27.8688 25.0222
5.0 3.0 30.5228 25.0221
5.0 3.0 29.1276 25.0222
5.0 3.0 28.6588 25.0148
5.0 3.0 29.0054 25.0217
5.0 4.0 19.5043 25.0219
5.0 4.0 19.8022 25.0222
5.0 4.0 19.2395 25.0222
5.0 4.0 19.2256 25.0164
5.0 4.0 19.0308 25.0211
5.0 4.0 19.4425 25.0139
5.0 4.0 19.5765 25.0222
5.0 4.0 19.6316 25.0215
5.0 4.0 19.6077 25.0208
5.0 4.0 19.1787 25.0222
5.0 4.0 19.0474 25.0222
5.0 4.0 19.6253 25.0222
5.0 4.0 19.4419 25.0222
5.0 4.0 19.8834 25.0222
5.0 4.0 19.7131 25.0215
5.0 4.0 19.5923 25.0205
5.0 4.0 20.1378 25.0221
5.0 4.0 19.6006 25.0212
5.0 4.0 19.2451 25.0214
5.0 4.0 19.6075 25.0222
5.0 4.0 19.4368 25.0222
5.0 4.0 19.2264 25.0131
5.0 4.0 19.7918 25.0197
5.0 4.0 19.5991 25.0222
5.0 4.0 19.5969 25.0191
5.0 4.0 19.8502 25.0201
5.0 4.0 19.2011 25.0222
5.0 4.0 20.1794 25.0222
5.0 4.0 19.5833 25.0222
5.0 4.0 19.6026 25.0221
5.0 4.0 19.8534 25.0186
5.0 4.0 19.0191 25.0207
5.0 4.0 19.5418 25.0219
5.0 4.0 19.0327 25.022
5.0 4.0 19.9958 25.0178
5.0 4.0 19.4336 25.0221
5.0 4.0 19.2113 25.0054
5.0 4.0 19.0677 25.022
5.0 4.0 19.0408 25.0222
5.0 4.0 19.0467 25.0179
5.0 4.0 19.4552 25.0221
5.0 4.0 20.1132 25.0222
5.0 4.0 18.9884 25.0141
5.0 4.0 20.0531 25.0222
5.0 4.0 19.6577 24.9942
5.0 4.0 19.4833 25.0222
5.0 4.0 20.0112 25.0214
5.0 4.0 19.5178 25.0221
5.0 4.0 19.6634 25.0221
5.0 4.0 19.5662 25.0163
5.0 5.0 14.6741 25.0131
5.0 5.0 14.1207 25.0222
5.0 5.0 14.0662 25.0222
5.0 5.0 14.3063 25.0221
5.0 5.0 14.1287 25.0208
5.0 5.0 14.1338 25.0221
5.0 5.0 14.5799 25.022
5.0 5.0 14.054 25.0215
5.0 5.0 14.5817 25.0206
5.0 5.0 14.1307 25.0222
5.0 5.0 14.6197 25.0203
5.0 5.0 14.4127 25.0211
5.0 5.0 14.4423 25.0217
5.0 5.0 14.4787 25.0207
5.0 5.0 14.4199 25.0221
5.0 5.0 14.0825 25.0171
5.0 5.0 14.3941 25.0221
5.0 5.0 14.0693 25.0221
5.0 5.0 14.5237 25.0183
5.0 5.0 14.0808 25.0222
5.0 5.0 14.0768 25.0219
5.0 5.0 14.391 25.0221
5.0 5.0 14.3918 25.0219
5.0 5.0 14.3635 25.0222
5.0 5.0 14.3455 25.0222
5.0 5.0 14.0653 25.0221
5.0 5.0 14.079 25.0218
5.0 5.0 14.0683 25.021
5.0 5.0 14.0699 25.007
5.0 5.0 14.067 25.014
5.0 5.0 14.0748 25.022
5.0 5.0 14.0718 25.0219
5.0 5.0 14.077 25.0222
5.0 5.0 14.0837 25.0213
5.0 5.0 14.0886 25.0221
5.0 5.0 14.5468 25.0221
5.0 5.0 14.3868 25.01
5.0 5.0 14.4022 25.0221
5.0 5.0 14.3911 25.0222
5.0 5.0 14.3982 25.0222
5.0 5.0 14.3744 25.0221
5.0 5.0 14.4212 25.0221
5.0 5.0 14.4855 25.0202
5.0 5.0 14.3661 25.0222
5.0 5.0 14.551 25.0221
5.0 5.0 14.395 25.0221
5.0 5.0 14.3585 25.0015
5.0 5.0 14.0743 25.0221
5.0 5.0 14.2363 25.0222
5.0 5.0 14.3861 25.0219
5.0 7.0 9.60872 25.0218
5.0 7.0 9.66001 25.021
5.0 7.0 9.78681 25.0179
5.0 7.0 9.75246 25.0221
5.0 7.0 9.659 25.02
5.0 7.0 9.63681 25.0222
5.0 7.0 9.76673 25.0221
5.0 7.0 9.73828 25.0222
5.0 7.0 9.77688 25.0219
5.0 7.0 9.81907 25.0222
5.0 7.0 9.59937 25.0211
5.0 7.0 9.5945 25.0176
5.0 7.0 9.58554 25.0222
5.0 7.0 9.74549 25.0131
5.0 7.0 9.76245 25.0156
5.0 7.0 9.7413 25.0156
5.0 7.0 9.70323 25.0207
5.0 7.0 9.72316 25.0198
5.0 7.0 9.65131 25.0219
5.0 7.0 9.77337 25.022
5.0 7.0 9.62916 25.0221
5.0 7.0 9.66955 25.0221
5.0 7.0 9.74534 25.0222
5.0 7.0 9.72902 25.0137
5.0 7.0 9.64724 25.0221
5.0 7.0 9.67304 25.0221
5.0 7.0 9.64194 25.0221
5.0 7.0 9.76401 25.021
5.0 7.0 9.68805 24.9782
5.0 7.0 9.59131 25.0221
5.0 7.0 9.89504 25.0161
5.0 7.0 9.65245 24.9782
5.0 7.0 9.6382 25.0219
5.0 7.0 9.82687 25.0221
5.0 7.0 9.77954 25.0222
5.0 7.0 9.62696 25.0128
5.0 7.0 9.64554 25.0222
5.0 7.0 9.77999 25.0194
5.0 7.0 9.9473 25.0216
5.0 7.0 10.0501 25.0216
5.0 7.0 9.62788 25.0221
5.0 7.0 9.7143 25.0222
5.0 7.0 9.79442 25.0221
5.0 7.0 9.90017 25.022
5.0 7.0 9.87028 25.0222
5.0 7.0 9.88834 25.0216
5.0 7.0 9.66755 25.0131
5.0 7.0 10.1407 25.0201
5.0 7.0 9.77182 25.0214
5.0 7.0 9.7707 25.0197
5.0 8.0 8.26455 25.0221
5.0 8.0 8.26274 25.0207
5.0 8.0 8.29549 25.0158
5.0 8.0 8.26465 25.022
5.0 8.0 8.32702 25.019
5.0 8.0 8.33514 25.0165
5.0 8.0 8.35509 25.0207
5.0 8.0 8.43189 25.022
5.0 8.0 8.27621 24.9782
5.0 8.0 8.28651 25.0219
5.0 8.0 8.26141 24.9782
5.0 8.0 8.29386 25.0221
5.0 8.0 8.3265 25.0221
5.0 8.0 8.28554 25.0222
5.0 8.0 8.31708 25.0198
5.0 8.0 8.3385 24.9928
5.0 8.0 8.35027 25.0221
5.0 8.0 8.36288 25.0213
5.0 8.0 8.32177 25.0193
5.0 8.0 8.33485 25.008
5.0 8.0 8.34561 25.0216
5.0 8.0 8.47301 25.0221
5.0 8.0 8.30724 25.0222
5.0 8.0 8.32045 25.0222
5.0 8.0 8.30856 25.0173
5.0 8.0 8.3215 25.0222
5.0 8.0 8.30254 25.0221
5.0 8.0 8.31781 25.0219
5.0 8.0 8.29511 25.0185
5.0 8.0 8.35622 25.0221
5.0 8.0 8.34988 25.0222
5.0 8.0 8.30925 25.0222
5.0 8.0 8.3499 25.0221
5.0 8.0 8.35641 25.0208
5.0 8.0 8.31866 25.0222
5.0 8.0 8.29332 25.0222
5.0 8.0 8.28668 25.02
5.0 8.0 8.34118 24.9782
5.0 8.0 8.36309 25.0221
5.0 8.0 8.29618 25.0161
5.0 8.0 8.39962 25.0211
5.0 8.0 8.35498 24.9782
5.0 8.0 8.27728 25.0222
5.0 8.0 8.27677 25.01
5.0 8.0 8.29985 24.9782
5.0 8.0 8.37353 25.0222
5.0 8.0 8.3715 24.9885
5.0 8.0 8.29409 25.0221
5.0 8.0 8.30645 25.0222
5.0 8.0 8.30539 25.0144
5.0 9.0 7.26645 24.9843
5.0 9.0 7.32729 25.0219
5.0 9.0 7.31668 25.022
5.0 9.0 7.44776 24.9782
5.0 9.0 7.39375 25.0221
5.0 9.0 7.28357 25.0221
5.0 9.0 7.27761 25.0221
5.0 9.0 7.28896 25.0222
5.0 9.0 7.30345 25.0186
5.0 9.0 7.28029 25.0221
5.0 9.0 7.34074 25.0211
5.0 9.0 7.3701 24.9782
5.0 9.0 7.32657 25.0216
5.0 9.0 7.3382 24.9987
5.0 9.0 7.36956 25.016
5.0 9.0 7.28634 25.0221
5.0 9.0 7.32479 25.022
5.0 9.0 7.24031 25.0222
5.0 9.0 7.27299 25.022
5.0 9.0 7.32254 25.0209
5.0 9.0 7.38683 24.9782
5.0 9.0 7.27929 25.0222
5.0 9.0 7.29678 25.0208
5.0 9.0 7.37076 25.0221
5.0 9.0 7.3639 25.0222
5.0 9.0 7.31441 25.0194
5.0 9.0 7.35989 25.0222
5.0 9.0 7.36025 25.0215
5.0 9.0 7.32516 25.0093
5.0 9.0 7.39204 25.0215
5.0 9.0 7.36448 25.0222
5.0 9.0 7.30447 25.0222
5.0 9.0 7.28789 25.0214
5.0 9.0 7.33926 24.9906
5.0 9.0 7.43118 25.0181
5.0 9.0 7.36526 25.0221
5.0 9.0 7.34109 25.0221
5.0 9.0 7.37445 25.0097
5.0 9.0 7.36251 25.0222
5.0 9.0 7.29809 25.0221
5.0 9.0 7.3003 25.0222
5.0 9.0 7.36426 25.0222
5.0 9.0 7.30594 25.0221
5.0 9.0 7.28936 25.0216
5.0 9.0 7.30239 25.0222
5.0 9.0 7.36085 25.0222
5.0 9.0 7.27517 25.0221
5.0 9.0 7.31459 25.0222
5.0 9.0 7.36924 25.0222
5.0 9.0 7.23037 25.0021
5.0 15.0 4.1819 25.0221
5.0 15.0 4.2022 25.0222
5.0 15.0 4.20143 25.0218
5.0 15.0 4.21583 25.0222
5.0 15.0 4.20578 25.022
5.0 15.0 4.18569 25.0222
5.0 15.0 4.1788 25.0215
5.0 15.0 4.19149 25.0221
5.0 15.0 4.20455 25.0222
5.0 15.0 4.18726 25.0131
5.0 15.0 4.32249 25.0219
5.0 15.0 4.18442 25.0177
5.0 15.0 4.19027 25.0222
5.0 15.0 4.20109 25.0222
5.0 15.0 4.19883 25.0219
5.0 15.0 4.18782 25.0222
5.0 15.0 4.19348 25.0221
5.0 15.0 4.18385 25.0221
5.0 15.0 4.20831 25.0221
5.0 15.0 4.21793 25.0222
5.0 15.0 4.20323 25.0222
5.0 15.0 4.19342 25.0222
5.0 15.0 4.18846 25.021
5.0 15.0 4.18638 25.0131
5.0 15.0 4.18909 25.0222
5.0 15.0 4.20545 25.0199
5.0 15.0 4.18545 25.0222
5.0 15.0 4.18563 25.0216
5.0 15.0 4.20507 25.0221
5.0 15.0 4.19818 25.0173
5.0 15.0 4.2103 25.0221
5.0 15.0 4.19958 25.0219
5.0 15.0 4.1816 25.0221
5.0 15.0 4.1893 25.0217
5.0 15.0 4.20871 25.0221
5.0 15.0 4.21425 25.0219
5.0 15.0 4.20681 25.0213
5.0 15.0 4.19262 25.0222
5.0 15.0 4.18107 25.0221
5.0 15.0 4.2113 25.0221
5.0 15.0 4.18878 25.0222
5.0 15.0 4.18506 25.0219
5.0 15.0 4.19915 25.0222
5.0 15.0 4.18493 25.0196
5.0 15.0 4.18667 25.0221
5.0 15.0 4.19275 24.9782
5.0 15.0 4.19297 25.0221
5.0 15.0 4.2053 25.0222
5.0 15.0 4.3141 25.0222
5.0 15.0 4.215 25.0221
5.0 16.0 3.92099 25.0221
5.0 16.0 3.97543 24.9895
5.0 16.0 4.06649 25.0208
5.0 16.0 4.02253 25.0222
5.0 16.0 3.90944 25.0215
5.0 16.0 3.9266 25.0057
5.0 16.0 3.92185 25.0215
5.0 16.0 3.91569 25.0222
5.0 16.0 3.91659 25.0222
5.0 16.0 3.91518 25.0221
5.0 16.0 3.92062 25.0204
5.0 16.0 3.91377 25.0218
5.0 16.0 3.92061 25.0168
5.0 16.0 3.9209 25.0219
5.0 16.0 3.92587 25.0222
5.0 16.0 3.92228 25.022
5.0 16.0 3.9225 25.0222
5.0 16.0 3.92289 25.0215
5.0 16.0 3.91077 25.0208
5.0 16.0 3.92392 25.0212
5.0 16.0 3.92459 25.0222
5.0 16.0 3.91818 25.022
5.0 16.0 3.90589 25.0222
5.0 16.0 3.92365 25.0182
5.0 16.0 3.9137 25.0222
5.0 16.0 3.9567 25.0221
5.0 16.0 3.96969 24.9782
5.0 16.0 4.08428 25.0221
5.0 16.0 3.91736 25.0216
5.0 16.0 3.90916 25.0221
5.0 16.0 3.94994 25.0219
5.0 16.0 3.91042 25.0217
5.0 16.0 3.92199 25.0222
5.0 16.0 3.90919 25.016
5.0 16.0 3.94946 25.0221
5.0 16.0 3.92931 25.0222
5.0 16.0 3.91603 25.0209
5.0 16.0 3.91 25.0221
5.0 16.0 3.95502 25.0164
5.0 16.0 3.91223 25.0215
5.0 16.0 3.91867 25.0222
5.0 16.0 3.91928 25.0221
5.0 16.0 3.95861 25.0196
5.0 16.0 3.91812 25.0222
5.0 16.0 3.9184 25.0181
5.0 16.0 4.08983 25.0222
5.0 16.0 3.91593 25.0217
5.0 16.0 3.90994 25.0222
5.0 16.0 3.93636 25.0221
5.0 16.0 4.01441 25.0222
5.0 17.0 3.67577 25.022
5.0 17.0 3.69919 25.0214
5.0 17.0 3.68427 25.0222
5.0 17.0 3.72803 25.0194
5.0 17.0 3.69445 25.0219
5.0 17.0 3.72682 25.022
5.0 17.0 3.76183 25.014
5.0 17.0 3.6899 25.0222
5.0 17.0 3.67538 25.0221
5.0 17.0 3.70731 25.0222
5.0 17.0 3.71348 25.0222
5.0 17.0 3.67235 25.0197
5.0 17.0 3.75177 25.0221
5.0 17.0 3.67684 25.0222
5.0 17.0 3.71581 25.0219
5.0 17.0 3.67609 25.0207
5.0 17.0 3.68021 25.0216
5.0 17.0 3.66854 25.022
5.0 17.0 3.6819 25.0221
5.0 17.0 3.74632 25.0222
5.0 17.0 3.68555 25.0192
5.0 17.0 3.68902 25.0221
5.0 17.0 3.68712 25.0221
5.0 17.0 3.69739 25.0222
5.0 17.0 3.69368 25.0222
5.0 17.0 3.76965 25.0198
5.0 17.0 3.71305 25.0199
5.0 17.0 3.70631 25.0222
5.0 17.0 3.69244 25.0222
5.0 17.0 3.72933 25.022
5.0 17.0 3.68694 25.022
5.0 17.0 3.70159 25.0219
5.0 17.0 3.73262 25.0222
5.0 17.0 3.67807 25.0221
5.0 17.0 3.73063 25.0219
5.0 17.0 3.76962 25.0216
5.0 17.0 3.7362 25.0222
5.0 17.0 3.68982 25.0201
5.0 17.0 3.68009 25.0222
5.0 17.0 3.67699 25.0214
5.0 17.0 3.72766 25.0222
5.0 17.0 3.70392 25.0221
5.0 17.0 3.79788 25.0221
5.0 17.0 3.82024 25.0222
5.0 17.0 3.68927 25.0218
5.0 17.0 3.67684 25.0209
5.0 17.0 3.68662 25.0213
5.0 17.0 3.67725 25.0205
5.0 17.0 3.75186 25.022
5.0 17.0 3.68237 25.018
5.0 31.0 1.98776 25.022
5.0 31.0 1.9774 25.0222
5.0 31.0 1.97528 25.0218
5.0 31.0 1.98579 25.0222
5.0 31.0 1.98381 25.0207
5.0 31.0 1.98369 25.0212
5.0 31.0 1.98432 25.0206
5.0 31.0 2.35807 25.0221
5.0 31.0 1.9846 25.0221
5.0 31.0 1.97598 25.0222
5.0 31.0 1.98863 25.0221
5.0 31.0 1.98591 25.0195
5.0 31.0 1.97245 25.017
5.0 31.0 1.99076 25.0222
5.0 31.0 1.9681 25.0222
5.0 31.0 1.98543 25.022
5.0 31.0 1.97664 24.9928
5.0 31.0 1.98406 25.0067
5.0 31.0 1.99132 25.0222
5.0 31.0 2.01949 25.0221
5.0 31.0 1.98833 25.0188
5.0 31.0 1.97128 25.0222
5.0 31.0 1.98362 24.9906
5.0 31.0 1.97269 25.0221
5.0 31.0 1.97619 25.0216
5.0 31.0 2.22345 25.022
5.0 31.0 1.97429 25.0221
5.0 31.0 1.98848 25.0197
5.0 31.0 1.97284 25.0221
5.0 31.0 1.98539 25.0194
5.0 31.0 1.9865 25.0222
5.0 31.0 2.03044 25.0222
5.0 31.0 1.98254 25.0221
5.0 31.0 1.98406 25.0222
5.0 31.0 1.98477 25.0222
5.0 31.0 1.98202 25.0221
5.0 31.0 1.98484 25.0219
5.0 31.0 1.97057 25.0201
5.0 31.0 1.97837 25.0035
5.0 31.0 1.98771 24.9782
5.0 31.0 2.00871 25.0222
5.0 31.0 1.98199 25.0219
5.0 31.0 2.06692 25.0222
5.0 31.0 1.97071 25.0219
5.0 31.0 1.98792 25.0222
5.0 31.0 1.97865 24.9965
5.0 31.0 1.98352 25.022
5.0 31.0 1.99058 25.0207
5.0 31.0 1.97468 25.0222
5.0 31.0 1.98089 25.0222
5.0 32.0 1.91423 25.017
5.0 32.0 1.92642 25.0222
5.0 32.0 1.9257 25.0222
5.0 32.0 1.94775 25.021
5.0 32.0 1.91148 25.006
5.0 32.0 1.92639 25.0217
5.0 32.0 1.93349 25.0221
5.0 32.0 1.92474 25.0093
5.0 32.0 1.92882 25.0222
5.0 32.0 1.91525 25.0221
5.0 32.0 2.03705 25.0222
5.0 32.0 1.93174 25.0222
5.0 32.0 1.92142 25.0222
5.0 32.0 1.91946 25.0222
5.0 32.0 1.92423 25.0219
5.0 32.0 1.91285 25.0222
5.0 32.0 1.93115 25.0222
5.0 32.0 2.10406 24.9874
5.0 32.0 1.91698 25.022
5.0 32.0 1.99134 25.0221
5.0 32.0 2.00515 25.0131
5.0 32.0 1.92194 25.0221
5.0 32.0 2.05136 25.0222
5.0 32.0 1.90923 25.0206
5.0 32.0 1.91095 25.0204
5.0 32.0 1.92105 25.0221
5.0 32.0 1.94007 25.0222
5.0 32.0 1.91039 25.0222
5.0 32.0 2.02951 25.0156
5.0 32.0 2.04546 25.0222
5.0 32.0 2.03538 25.0176
5.0 32.0 2.19846 25.0221
5.0 32.0 1.92425 25.0203
5.0 32.0 1.92844 25.0222
5.0 32.0 1.93463 25.0221
5.0 32.0 1.92458 25.0219
5.0 32.0 1.90793 25.0194
5.0 32.0 1.92173 25.0217
5.0 32.0 1.93239 25.0221
5.0 32.0 1.92079 25.0222
5.0 32.0 2.10733 25.0221
5.0 32.0 1.95895 25.0221
5.0 32.0 1.92269 25.0222
5.0 32.0 1.93272 24.9782
5.0 32.0 1.91782 25.0221
5.0 32.0 1.94032 24.9853
5.0 32.0 1.91466 25.0222
5.0 32.0 1.9395 25.0204
5.0 32.0 2.04202 25.0217
5.0 32.0 1.92493 25.0222
5.0 33.0 1.8759 25.022
5.0 33.0 1.86213 25.0222
5.0 33.0 1.85973 25.0221
5.0 33.0 1.87501 25.0211
5.0 33.0 1.87373 25.0222
5.0 33.0 1.86722 25.0222
5.0 33.0 1.89192 25.022
5.0 33.0 1.86653 25.0221
5.0 33.0 1.86363 25.022
5.0 33.0 1.86899 25.0221
5.0 33.0 1.92019 25.0204
5.0 33.0 1.87715 25.0215
5.0 33.0 1.85959 25.0131
5.0 33.0 1.86531 25.0131
5.0 33.0 1.86848 25.0213
5.0 33.0 1.92119 25.0221
5.0 33.0 1.8541 25.0221
5.0 33.0 1.90542 25.0216
5.0 33.0 1.89151 25.0214
5.0 33.0 1.87022 25.0222
5.0 33.0 1.85969 25.0211
5.0 33.0 1.87562 24.9907
5.0 33.0 1.87196 25.0166
5.0 33.0 1.91385 25.022
5.0 33.0 1.89198 25.0222
5.0 33.0 1.93257 25.0156
5.0 33.0 2.11836 25.0204
5.0 33.0 1.86287 25.0207
5.0 33.0 1.86143 25.0222
5.0 33.0 1.91086 24.9782
5.0 33.0 1.88121 25.0222
5.0 33.0 1.91439 25.0205
5.0 33.0 1.86639 25.0219
5.0 33.0 1.85322 25.0105
5.0 33.0 1.87418 25.0222
5.0 33.0 1.88894 25.0219
5.0 33.0 1.88779 25.0222
5.0 33.0 1.91152 25.0218
5.0 33.0 1.87344 25.0198
5.0 33.0 1.87094 25.0201
5.0 33.0 1.93642 25.022
5.0 33.0 1.87212 25.0177
5.0 33.0 1.92422 25.0218
5.0 33.0 1.88602 25.0203
5.0 33.0 1.86557 25.018
5.0 33.0 1.85335 25.0219
5.0 33.0 1.86521 25.0221
5.0 33.0 1.97447 25.0222
5.0 33.0 1.8626 24.9934
5.0 33.0 1.90183 25.0221
