0.0 3.0 0.0537791 2.04198
0.0 3.0 0.051028 2.04198
0.0 3.0 0.0534946 2.04198
0.0 3.0 0.0536067 2.04198
0.0 3.0 0.0538728 2.04198
0.0 3.0 0.0512492 2.04198
0.0 3.0 0.0518482 2.04198
0.0 3.0 0.0540737 2.04198
0.0 3.0 0.0537465 2.04198
0.0 3.0 0.0532488 2.04198
0.0 3.0 0.0535597 2.04198
0.0 3.0 0.0520672 2.04198
0.0 3.0 0.0546366 2.04198
0.0 3.0 0.0514477 2.04198
0.0 3.0 0.0539703 2.04198
0.0 3.0 0.0511841 2.04198
0.0 3.0 0.0506841 2.04198
0.0 3.0 0.0542547 2.04198
0.0 3.0 0.0541509 2.04198
0.0 3.0 0.0513336 2.04198
0.0 3.0 0.0641826 2.04198
0.0 3.0 0.0527313 2.04198
0.0 3.0 0.0537557 2.04198
0.0 3.0 0.0546412 2.04198
0.0 3.0 0.0538837 2.04198
0.0 3.0 0.0512019 2.04198
0.0 3.0 0.0533762 2.04198
0.0 3.0 0.0526179 2.04198
0.0 3.0 0.0532824 2.04198
0.0 3.0 0.0534972 2.04198
0.0 3.0 0.0539623 2.04198
0.0 3.0 0.0519466 2.04198
0.0 3.0 0.0539526 2.04198
0.0 3.0 0.0516667 2.04198
0.0 3.0 0.0540879 2.04198
0.0 3.0 0.0532007 2.04198
0.0 3.0 0.0533948 2.04198
0.0 3.0 0.0543742 2.04198
0.0 3.0 0.0536718 2.04198
0.0 3.0 0.0514219 2.04198
0.0 3.0 0.0537121 2.04198
0.0 3.0 0.0531172 2.04198
0.0 3.0 0.0508225 2.04198
0.0 3.0 0.05369 2.04198
0.0 3.0 0.0592469 2.04198
0.0 3.0 0.0536662 2.04198
0.0 3.0 0.0547615 2.04198
0.0 3.0 0.052017 2.04198
0.0 3.0 0.0531832 2.04198
0.0 3.0 0.0513931 2.04198
0.0 4.0 0.0504512 2.04198
0.0 4.0 0.0426245 2.04198
0.0 4.0 0.0462242 2.04198
0.0 4.0 0.0484592 2.04198
0.0 4.0 0.0424385 2.04198
0.0 4.0 0.0440073 2.04198
0.0 4.0 0.047965 2.04198
0.0 4.0 0.0465288 2.04198
0.0 4.0 0.0453291 2.04198
0.0 4.0 0.0390441 2.04198
0.0 4.0 0.0428076 2.04198
0.0 4.0 0.0556348 2.04198
0.0 4.0 0.0488097 2.04198
0.0 4.0 0.0410603 2.04198
0.0 4.0 0.0654737 2.04198
0.0 4.0 0.0474289 2.04198
0.0 4.0 0.0450694 2.04198
0.0 4.0 0.0450718 2.04198
0.0 4.0 0.0451598 2.04198
0.0 4.0 0.0462286 2.04198
0.0 4.0 0.0478553 2.04198
0.0 4.0 0.0431433 2.04198
0.0 4.0 0.0478378 2.04198
0.0 4.0 0.0492464 2.04198
0.0 4.0 0.0367251 2.04198
0.0 4.0 0.046477 2.04198
0.0 4.0 0.0481209 2.04198
0.0 4.0 0.0460789 2.04198
0.0 4.0 0.0429415 2.04198
0.0 4.0 0.0461333 2.04198
0.0 4.0 0.0480278 2.04198
0.0 4.0 0.050298 2.04198
0.0 4.0 0.0567888 2.04198
0.0 4.0 0.0398423 2.04198
0.0 4.0 0.0522828 2.04198
0.0 4.0 0.0458908 2.04198
0.0 4.0 0.0449483 2.04198
0.0 4.0 0.0550173 2.04198
0.0 4.0 0.0437958 2.04198
0.0 4.0 0.0406216 2.04198
0.0 4.0 0.0518929 2.04198
0.0 4.0 0.0474516 2.04198
0.0 4.0 0.0441953 2.04198
0.0 4.0 0.0441025 2.04198
0.0 4.0 0.0444526 2.04198
0.0 4.0 0.0467573 2.04198
0.0 4.0 0.0425586 2.04198
0.0 4.0 0.0465402 2.04198
0.0 4.0 0.0437905 2.04198
0.0 4.0 0.0487895 2.04198
0.0 5.0 0.0390919 2.04198
0.0 5.0 0.0381731 2.04198
0.0 5.0 0.0598541 2.04198
0.0 5.0 0.0489416 2.04198
0.0 5.0 0.0553561 2.04198
0.0 5.0 0.037703 2.04198
0.0 5.0 0.0550984 2.04198
0.0 5.0 0.0371952 2.04198
0.0 5.0 0.0404016 2.04198
0.0 5.0 0.0395196 2.04198
0.0 5.0 0.0385832 2.04198
0.0 5.0 0.0371594 2.04198
0.0 5.0 0.0361625 2.04198
0.0 5.0 0.0503692 2.04198
0.0 5.0 0.0559457 2.04198
0.0 5.0 0.0551183 2.04198
0.0 5.0 0.055143 2.04198
0.0 5.0 0.0394039 2.04198
0.0 5.0 0.0410233 2.04198
0.0 5.0 0.0371081 2.04198
0.0 5.0 0.0565152 2.04198
0.0 5.0 0.0328635 2.04198
0.0 5.0 0.0431181 2.04198
0.0 5.0 0.0399395 2.04198
0.0 5.0 0.0393766 2.04198
0.0 5.0 0.0374338 2.04198
0.0 5.0 0.0331017 2.04198
0.0 5.0 0.0487476 2.04198
0.0 5.0 0.0528116 2.04198
0.0 5.0 0.0472272 2.04198
0.0 5.0 0.0536749 2.04198
0.0 5.0 0.032809 2.04198
0.0 5.0 0.0369469 2.04198
0.0 5.0 0.0337763 2.04198
0.0 5.0 0.0551946 2.04198
0.0 5.0 0.0559601 2.04198
0.0 5.0 0.0500062 2.04198
0.0 5.0 0.0551829 2.04198
0.0 5.0 0.043786 2.04198
0.0 5.0 0.0553375 2.04198
0.0 5.0 0.0380263 2.04198
0.0 5.0 0.0417896 2.04198
0.0 5.0 0.0509336 2.04198
0.0 5.0 0.0406983 2.04198
0.0 5.0 0.059284 2.04198
0.0 5.0 0.056003 2.04198
0.0 5.0 0.0564342 2.04198
0.0 5.0 0.0555909 2.04198
0.0 5.0 0.0361766 2.04198
0.0 5.0 0.0416549 2.04198
0.0 7.0 0.031337 2.02223
0.0 7.0 0.0312096 2.02223
0.0 7.0 0.0320521 2.02223
0.0 7.0 0.0315413 2.02223
0.0 7.0 0.0314081 2.02223
0.0 7.0 0.0319052 2.02223
0.0 7.0 0.0319198 2.02223
0.0 7.0 0.0311003 2.02223
0.0 7.0 0.0311666 2.02223
0.0 7.0 0.0318868 2.02223
0.0 7.0 0.0314869 2.02223
0.0 7.0 0.0258166 2.02223
0.0 7.0 0.0215787 2.02223
0.0 7.0 0.0311486 2.02223
0.0 7.0 0.0246102 2.02223
0.0 7.0 0.0322456 2.02223
0.0 7.0 0.024029 2.02223
0.0 7.0 0.0312352 2.02223
0.0 7.0 0.031917 2.02223
0.0 7.0 0.0220096 2.02223
0.0 7.0 0.0316395 2.02223
0.0 7.0 0.0248939 2.02223
0.0 7.0 0.0266872 2.02223
0.0 7.0 0.0225005 2.02223
0.0 7.0 0.0214267 2.02223
0.0 7.0 0.0222886 2.02223
0.0 7.0 0.0313158 2.02223
0.0 7.0 0.0234535 2.02223
0.0 7.0 0.0227628 2.02223
0.0 7.0 0.0312505 2.02223
0.0 7.0 0.0283704 2.02223
0.0 7.0 0.0240449 2.02223
0.0 7.0 0.0213816 2.02223
0.0 7.0 0.0236239 2.02223
0.0 7.0 0.02257 2.02223
0.0 7.0 0.0317878 2.02223
0.0 7.0 0.0319994 2.02223
0.0 7.0 0.0225079 2.02223
0.0 7.0 0.0278458 2.02223
0.0 7.0 0.0312132 2.02223
0.0 7.0 0.0312205 2.02223
0.0 7.0 0.0316552 2.02223
0.0 7.0 0.0249109 2.02223
0.0 7.0 0.0243347 2.02223
0.0 7.0 0.0220192 2.02223
0.0 7.0 0.0229527 2.02223
0.0 7.0 0.0296855 2.02223
0.0 7.0 0.0239479 2.02223
0.0 7.0 0.0224741 2.02223
0.0 7.0 0.031345 2.02223
0.0 8.0 0.0214167 2.04198
0.0 8.0 0.0213886 2.04198
0.0 8.0 0.0264105 2.04198
0.0 8.0 0.0233914 2.04198
0.0 8.0 0.0324008 2.04198
0.0 8.0 0.027046 2.04198
0.0 8.0 0.0298827 2.04198
0.0 8.0 0.023015 2.04198
0.0 8.0 0.023171 2.04198
0.0 8.0 0.0235138 2.04198
0.0 8.0 0.0339429 2.04198
0.0 8.0 0.0223752 2.04198
0.0 8.0 0.019931 2.04198
0.0 8.0 0.0264974 2.04198
0.0 8.0 0.0293119 2.04198
0.0 8.0 0.02377 2.04198
0.0 8.0 0.0264875 2.04198
0.0 8.0 0.025825 2.04198
0.0 8.0 0.0296455 2.04198
0.0 8.0 0.0208024 2.04198
0.0 8.0 0.0218457 2.04198
0.0 8.0 0.0237838 2.04198
0.0 8.0 0.0229596 2.04198
0.0 8.0 0.0308036 2.04198
0.0 8.0 0.0209357 2.04198
0.0 8.0 0.0345697 2.04198
0.0 8.0 0.0270646 2.04198
0.0 8.0 0.022773 2.04198
0.0 8.0 0.0303341 2.04198
0.0 8.0 0.0279178 2.04198
0.0 8.0 0.0247594 2.04198
0.0 8.0 0.0294863 2.04198
0.0 8.0 0.0285023 2.04198
0.0 8.0 0.0276414 2.04198
0.0 8.0 0.0289385 2.04198
0.0 8.0 0.0252011 2.04198
0.0 8.0 0.024071 2.04198
0.0 8.0 0.0263582 2.04198
0.0 8.0 0.0213871 2.04198
0.0 8.0 0.0237353 2.04198
0.0 8.0 0.028685 2.04198
0.0 8.0 0.0288193 2.04198
0.0 8.0 0.0357234 2.04198
0.0 8.0 0.0216716 2.04198
0.0 8.0 0.0269211 2.04198
0.0 8.0 0.0229263 2.04198
0.0 8.0 0.0217411 2.04198
0.0 8.0 0.0206347 2.04198
0.0 8.0 0.0272229 2.04198
0.0 8.0 0.0351614 2.04198
0.0 9.0 0.026643 2.04198
0.0 9.0 0.0228435 2.04198
0.0 9.0 0.0230225 2.04198
0.0 9.0 0.0264913 2.04198
0.0 9.0 0.0196667 2.04198
0.0 9.0 0.0336388 2.04198
0.0 9.0 0.0313225 2.04198
0.0 9.0 0.0229135 2.04198
0.0 9.0 0.0215638 2.04198
0.0 9.0 0.0431127 2.04198
0.0 9.0 0.0212621 2.04198
0.0 9.0 0.0303253 2.04198
0.0 9.0 0.0303349 2.04198
0.0 9.0 0.0278628 2.04198
0.0 9.0 0.0308868 2.04198
0.0 9.0 0.0214376 2.04198
0.0 9.0 0.0291912 2.04198
0.0 9.0 0.0212548 2.04198
0.0 9.0 0.0242122 2.04198
0.0 9.0 0.0212808 2.04198
0.0 9.0 0.0332913 2.04198
0.0 9.0 0.0267662 2.04198
0.0 9.0 0.0250739 2.04198
0.0 9.0 0.0212149 2.04198
0.0 9.0 0.0204375 2.04198
0.0 9.0 0.0222894 2.04198
0.0 9.0 0.0242491 2.04198
0.0 9.0 0.0282641 2.04198
0.0 9.0 0.0272675 2.04198
0.0 9.0 0.0240013 2.04198
0.0 9.0 0.0247799 2.04198
0.0 9.0 0.0232988 2.04198
0.0 9.0 0.0206391 2.04198
0.0 9.0 0.0200543 2.04198
0.0 9.0 0.0202293 2.04198
0.0 9.0 0.0301122 2.04198
0.0 9.0 0.0216226 2.04198
0.0 9.0 0.0194547 2.04198
0.0 9.0 0.0213427 2.04198
0.0 9.0 0.029656 2.04198
0.0 9.0 0.0225523 2.04198
0.0 9.0 0.0275677 2.04198
0.0 9.0 0.0266388 2.04198
0.0 9.0 0.0198987 2.04198
0.0 9.0 0.0263692 2.04198
0.0 9.0 0.028735 2.04198
0.0 9.0 0.022459 2.04198
0.0 9.0 0.027328 2.04198
0.0 9.0 0.0264352 2.04198
0.0 9.0 0.0211137 2.04198
0.0 15.0 0.0155806 2.04198
0.0 15.0 0.0168444 2.04198
0.0 15.0 0.0161606 2.04198
0.0 15.0 0.0176472 2.04198
0.0 15.0 0.0127183 2.04198
0.0 15.0 0.0176913 2.04198
0.0 15.0 0.016055 2.04198
0.0 15.0 0.0132381 2.04198
0.0 15.0 0.0173706 2.04198
0.0 15.0 0.024551 2.04198
0.0 15.0 0.0163478 2.04198
0.0 15.0 0.0159873 2.04198
0.0 15.0 0.0217558 2.04198
0.0 15.0 0.0153606 2.04198
0.0 15.0 0.0237245 2.04198
0.0 15.0 0.0165443 2.04198
0.0 15.0 0.0246286 2.04198
0.0 15.0 0.0161139 2.04198
0.0 15.0 0.0136298 2.04198
0.0 15.0 0.0178489 2.04198
0.0 15.0 0.0244281 2.04198
0.0 15.0 0.0234146 2.04198
0.0 15.0 0.0181193 2.04198
0.0 15.0 0.0146827 2.04198
0.0 15.0 0.0234329 2.04198
0.0 15.0 0.0148838 2.04198
0.0 15.0 0.0233492 2.04198
0.0 15.0 0.0248808 2.04198
0.0 15.0 0.0184857 2.04198
0.0 15.0 0.0144757 2.04198
0.0 15.0 0.0229359 2.04198
0.0 15.0 0.0147099 2.04198
0.0 15.0 0.0139335 2.04198
0.0 15.0 0.0190049 2.04198
0.0 15.0 0.017727 2.04198
0.0 15.0 0.019038 2.04198
0.0 15.0 0.0189946 2.04198
0.0 15.0 0.0157534 2.04198
0.0 15.0 0.014494 2.04198
0.0 15.0 0.0158223 2.04198
0.0 15.0 0.0192523 2.04198
0.0 15.0 0.0182581 2.04198
0.0 15.0 0.0166572 2.04198
0.0 15.0 0.0166428 2.04198
0.0 15.0 0.0181646 2.04198
0.0 15.0 0.0197529 2.04198
0.0 15.0 0.0124354 2.04198
0.0 15.0 0.0160474 2.04198
0.0 15.0 0.0157931 2.04198
0.0 15.0 0.0209636 2.04198
0.0 16.0 0.0184132 2.04198
0.0 16.0 0.0161851 2.04198
0.0 16.0 0.0164728 2.04198
0.0 16.0 0.0169046 2.04198
0.0 16.0 0.0145881 2.04198
0.0 16.0 0.0240859 2.04198
0.0 16.0 0.0166617 2.04198
0.0 16.0 0.0159927 2.04198
0.0 16.0 0.0151966 2.04198
0.0 16.0 0.0167427 2.04198
0.0 16.0 0.0128138 2.04198
0.0 16.0 0.0145141 2.04198
0.0 16.0 0.0254229 2.04198
0.0 16.0 0.0139058 2.04198
0.0 16.0 0.0134386 2.04198
0.0 16.0 0.0193381 2.04198
0.0 16.0 0.013169 2.04198
0.0 16.0 0.023943 2.04198
0.0 16.0 0.0166603 2.04198
0.0 16.0 0.0253392 2.04198
0.0 16.0 0.016457 2.04198
0.0 16.0 0.0165713 2.04198
0.0 16.0 0.0111359 2.04198
0.0 16.0 0.0117996 2.04198
0.0 16.0 0.0157784 2.04198
0.0 16.0 0.0161553 2.04198
0.0 16.0 0.0204402 2.04198
0.0 16.0 0.0108405 2.04198
0.0 16.0 0.01388 2.04198
0.0 16.0 0.0156246 2.04198
0.0 16.0 0.013246 2.04198
0.0 16.0 0.0154983 2.04198
0.0 16.0 0.0147804 2.04198
0.0 16.0 0.014927 2.04198
0.0 16.0 0.0145544 2.04198
0.0 16.0 0.0139548 2.04198
0.0 16.0 0.0155813 2.04198
0.0 16.0 0.0198399 2.04198
0.0 16.0 0.0212949 2.04198
0.0 16.0 0.0254315 2.04198
0.0 16.0 0.017339 2.04198
0.0 16.0 0.0149954 2.04198
0.0 16.0 0.0157823 2.04198
0.0 16.0 0.0163459 2.04198
0.0 16.0 0.0195657 2.04198
0.0 16.0 0.016888 2.04198
0.0 16.0 0.0165838 2.04198
0.0 16.0 0.0154981 2.04198
0.0 16.0 0.0204003 2.04198
0.0 16.0 0.0121072 2.04198
0.0 17.0 0.0219553 2.04198
0.0 17.0 0.0166416 2.04198
0.0 17.0 0.0225616 2.04198
0.0 17.0 0.0159614 2.04198
0.0 17.0 0.0150838 2.04198
0.0 17.0 0.0198846 2.04198
0.0 17.0 0.014444 2.04198
0.0 17.0 0.0179974 2.04198
0.0 17.0 0.021984 2.04198
0.0 17.0 0.0207543 2.04198
0.0 17.0 0.018874 2.04198
0.0 17.0 0.0206742 2.04198
0.0 17.0 0.0173286 2.04198
0.0 17.0 0.0196183 2.04198
0.0 17.0 0.0141552 2.04198
0.0 17.0 0.0221935 2.04198
0.0 17.0 0.0205731 2.04198
0.0 17.0 0.0218665 2.04198
0.0 17.0 0.0152236 2.04198
0.0 17.0 0.0273319 2.04198
0.0 17.0 0.0208244 2.04198
0.0 17.0 0.0150027 2.04198
0.0 17.0 0.0218658 2.04198
0.0 17.0 0.0197276 2.04198
0.0 17.0 0.0213155 2.04198
0.0 17.0 0.0216423 2.04198
0.0 17.0 0.0188805 2.04198
0.0 17.0 0.0203918 2.04198
0.0 17.0 0.0188923 2.04198
0.0 17.0 0.0148449 2.04198
0.0 17.0 0.0166702 2.04198
0.0 17.0 0.0163002 2.04198
0.0 17.0 0.0159754 2.04198
0.0 17.0 0.0161102 2.04198
0.0 17.0 0.0212007 2.04198
0.0 17.0 0.0231626 2.04198
0.0 17.0 0.0150007 2.04198
0.0 17.0 0.0207867 2.04198
0.0 17.0 0.0208775 2.04198
0.0 17.0 0.0138816 2.04198
0.0 17.0 0.0131255 2.04198
0.0 17.0 0.0198717 2.04198
0.0 17.0 0.0179671 2.04198
0.0 17.0 0.0131135 2.04198
0.0 17.0 0.0145155 2.04198
0.0 17.0 0.0175806 2.04198
0.0 17.0 0.0161504 2.04198
0.0 17.0 0.0168776 2.04198
0.0 17.0 0.0195563 2.04198
0.0 17.0 0.0205436 2.04198
0.0 31.0 0.00840717 2.04198
0.0 31.0 0.0128879 2.04198
0.0 31.0 0.0160041 2.04198
0.0 31.0 0.0153758 2.04198
0.0 31.0 0.0165528 2.04198
0.0 31.0 0.0156613 2.04198
0.0 31.0 0.0126511 2.04198
0.0 31.0 0.0149363 2.04198
0.0 31.0 0.0118479 2.04198
0.0 31.0 0.0147642 2.04198
0.0 31.0 0.0137018 2.04198
0.0 31.0 0.0161644 2.04198
0.0 31.0 0.0172065 2.04198
0.0 31.0 0.0182736 2.04198
0.0 31.0 0.0122598 2.04198
0.0 31.0 0.0130355 2.04198
0.0 31.0 0.0132943 2.04198
0.0 31.0 0.0132468 2.04198
0.0 31.0 0.0102529 2.04198
0.0 31.0 0.0123168 2.04198
0.0 31.0 0.0103917 2.04198
0.0 31.0 0.0149467 2.04198
0.0 31.0 0.0137786 2.04198
0.0 31.0 0.0100941 2.04198
0.0 31.0 0.0162079 2.04198
0.0 31.0 0.0154663 2.04198
0.0 31.0 0.0166078 2.04198
0.0 31.0 0.0123275 2.04198
0.0 31.0 0.0104143 2.04198
0.0 31.0 0.0140817 2.04198
0.0 31.0 0.0102277 2.04198
0.0 31.0 0.0102518 2.04198
0.0 31.0 0.0159554 2.04198
0.0 31.0 0.015932 2.04198
0.0 31.0 0.0146888 2.04198
0.0 31.0 0.00918446 2.04198
0.0 31.0 0.0157802 2.04198
0.0 31.0 0.011336 2.04198
0.0 31.0 0.0144603 2.04198
0.0 31.0 0.0101489 2.04198
0.0 31.0 0.0137095 2.04198
0.0 31.0 0.0164485 2.04198
0.0 31.0 0.0160518 2.04198
0.0 31.0 0.0164522 2.04198
0.0 31.0 0.0154503 2.04198
0.0 31.0 0.0129631 2.04198
0.0 31.0 0.0170226 2.04198
0.0 31.0 0.0180584 2.04198
0.0 31.0 0.0104661 2.04198
0.0 31.0 0.0130846 2.04198
0.0 32.0 0.0163701 2.04198
0.0 32.0 0.0159982 2.04198
0.0 32.0 0.0197923 2.04198
0.0 32.0 0.0156704 2.04198
0.0 32.0 0.018306 2.04198
0.0 32.0 0.0180516 2.04198
0.0 32.0 0.0173696 2.04198
0.0 32.0 0.0153891 2.04198
0.0 32.0 0.0155571 2.04198
0.0 32.0 0.0137751 2.04198
0.0 32.0 0.0158673 2.04198
0.0 32.0 0.0141494 2.04198
0.0 32.0 0.0171121 2.04198
0.0 32.0 0.0167768 2.04198
0.0 32.0 0.0156884 2.04198
0.0 32.0 0.0193533 2.04198
0.0 32.0 0.0143161 2.04198
0.0 32.0 0.0106109 2.04198
0.0 32.0 0.0143573 2.04198
0.0 32.0 0.0123632 2.04198
0.0 32.0 0.0124834 2.04198
0.0 32.0 0.0161815 2.04198
0.0 32.0 0.0162839 2.04198
0.0 32.0 0.0132742 2.04198
0.0 32.0 0.0144692 2.04198
0.0 32.0 0.010151 2.04198
0.0 32.0 0.0169551 2.04198
0.0 32.0 0.0132876 2.04198
0.0 32.0 0.0109233 2.04198
0.0 32.0 0.0145648 2.04198
0.0 32.0 0.0196225 2.04198
0.0 32.0 0.0139979 2.04198
0.0 32.0 0.0154414 2.04198
0.0 32.0 0.015378 2.04198
0.0 32.0 0.014945 2.04198
0.0 32.0 0.0153804 2.04198
0.0 32.0 0.0169773 2.04198
0.0 32.0 0.0129716 2.04198
0.0 32.0 0.0111605 2.04198
0.0 32.0 0.0188804 2.04198
0.0 32.0 0.0169806 2.04198
0.0 32.0 0.0175907 2.04198
0.0 32.0 0.016435 2.04198
0.0 32.0 0.0098826 2.04198
0.0 32.0 0.0161677 2.04198
0.0 32.0 0.00864771 2.04198
0.0 32.0 0.0199843 2.04198
0.0 32.0 0.0164123 2.04198
0.0 32.0 0.012754 2.04198
0.0 32.0 0.0105594 2.04198
0.0 33.0 0.010203 2.04198
0.0 33.0 0.0143123 2.04198
0.0 33.0 0.0201932 2.04198
0.0 33.0 0.0143817 2.04198
0.0 33.0 0.0144933 2.04198
0.0 33.0 0.0123992 2.04198
0.0 33.0 0.0109561 2.04198
0.0 33.0 0.0129847 2.04198
0.0 33.0 0.0110621 2.04198
0.0 33.0 0.0113985 2.04198
0.0 33.0 0.00618602 2.04198
0.0 33.0 0.0153266 2.04198
0.0 33.0 0.0103231 2.04198
0.0 33.0 0.0131069 2.04198
0.0 33.0 0.0143374 2.04198
0.0 33.0 0.0123795 2.04198
0.0 33.0 0.0146438 2.04198
0.0 33.0 0.0165036 2.04198
0.0 33.0 0.0155392 2.04198
0.0 33.0 0.0195597 2.04198
0.0 33.0 0.015548 2.04198
0.0 33.0 0.0150142 2.04198
0.0 33.0 0.0156294 2.04198
0.0 33.0 0.0087302 2.04198
0.0 33.0 0.0154478 2.04198
0.0 33.0 0.0157849 2.04198
0.0 33.0 0.0137121 2.04198
0.0 33.0 0.0180756 2.04198
0.0 33.0 0.0158687 2.04198
0.0 33.0 0.0163251 2.04198
0.0 33.0 0.00973941 2.04198
0.0 33.0 0.0100031 2.04198
0.0 33.0 0.0178315 2.04198
0.0 33.0 0.00788485 2.04198
0.0 33.0 0.0107774 2.04198
0.0 33.0 0.0146522 2.04198
0.0 33.0 0.0174868 2.04198
0.0 33.0 0.0149598 2.04198
0.0 33.0 0.0177161 2.04198
0.0 33.0 0.0145866 2.04198
0.0 33.0 0.0156872 2.04198
0.0 33.0 0.0140938 2.04198
0.0 33.0 0.0106807 2.04198
0.0 33.0 0.0139432 2.04198
0.0 33.0 0.0152221 2.04198
0.0 33.0 0.0177568 2.04198
0.0 33.0 0.016494 2.04198
0.0 33.0 0.0135477 2.04198
0.0 33.0 0.0152647 2.04198
0.0 33.0 0.0101703 2.04198
1.0 3.0 0.0890787 16.6528
1.0 3.0 0.0870545 16.6528
1.0 3.0 0.0874557 16.6528
1.0 3.0 0.0759344 16.6528
1.0 3.0 0.0778788 16.6528
1.0 3.0 0.0760984 16.6528
1.0 3.0 0.0747843 16.6528
1.0 3.0 0.0875981 16.6528
1.0 3.0 0.0723571 16.6528
1.0 3.0 0.096969 16.6528
1.0 3.0 0.101111 16.6528
1.0 3.0 0.0760236 16.6528
1.0 3.0 0.099177 16.6528
1.0 3.0 0.0869956 16.6528
1.0 3.0 0.094572 16.6528
1.0 3.0 0.0883349 16.6528
1.0 3.0 0.0768303 16.6528
1.0 3.0 0.0763014 16.6528
1.0 3.0 0.0882633 16.6528
1.0 3.0 0.0873775 16.6528
1.0 3.0 0.0718012 16.6528
1.0 3.0 0.0889315 16.6528
1.0 3.0 0.0811623 16.6528
1.0 3.0 0.0900576 16.6528
1.0 3.0 0.0920656 16.6528
1.0 3.0 0.087705 16.6528
1.0 3.0 0.0788835 16.6528
1.0 3.0 0.0960618 16.6528
1.0 3.0 0.094351 16.6528
1.0 3.0 0.0945018 16.6528
1.0 3.0 0.0789304 16.6528
1.0 3.0 0.083933 16.6528
1.0 3.0 0.0873761 16.6528
1.0 3.0 0.0903974 16.6528
1.0 3.0 0.075812 16.6528
1.0 3.0 0.0879068 16.6528
1.0 3.0 0.0852995 16.6528
1.0 3.0 0.0793988 16.6528
1.0 3.0 0.0895786 16.6528
1.0 3.0 0.0879138 16.6528
1.0 3.0 0.0913437 16.6528
1.0 3.0 0.087154 16.6528
1.0 3.0 0.0767576 16.6528
1.0 3.0 0.0771862 16.6528
1.0 3.0 0.0830005 16.6528
1.0 3.0 0.0917933 16.6528
1.0 3.0 0.082271 16.6528
1.0 3.0 0.0916137 16.6528
1.0 3.0 0.0817532 16.6528
1.0 3.0 0.0881636 16.6528
1.0 4.0 0.0599891 16.6528
1.0 4.0 0.0611612 16.6528
1.0 4.0 0.105685 16.6528
1.0 4.0 0.0582701 16.6528
1.0 4.0 0.0744457 16.6528
1.0 4.0 0.0667743 16.6528
1.0 4.0 0.0656933 16.6528
1.0 4.0 0.0669084 16.6528
1.0 4.0 0.0660633 16.6528
1.0 4.0 0.0657862 16.6528
1.0 4.0 0.0651624 16.6528
1.0 4.0 0.0684664 16.6528
1.0 4.0 0.0651554 16.6528
1.0 4.0 0.0706429 16.6528
1.0 4.0 0.0684393 16.6528
1.0 4.0 0.069141 16.6528
1.0 4.0 0.0690485 16.6528
1.0 4.0 0.0970876 16.6528
1.0 4.0 0.0695004 16.6528
1.0 4.0 0.0665631 16.6528
1.0 4.0 0.0576211 16.6528
1.0 4.0 0.0614517 16.6528
1.0 4.0 0.0678504 16.6528
1.0 4.0 0.0690798 16.6528
1.0 4.0 0.0682181 16.6528
1.0 4.0 0.0705729 16.6528
1.0 4.0 0.0731365 16.6528
1.0 4.0 0.0586347 16.6528
1.0 4.0 0.0601136 16.6528
1.0 4.0 0.0697468 16.6528
1.0 4.0 0.067042 16.6528
1.0 4.0 0.0747258 16.6528
1.0 4.0 0.0620347 16.6528
1.0 4.0 0.0654548 16.6528
1.0 4.0 0.068477 16.6528
1.0 4.0 0.0679121 16.6528
1.0 4.0 0.0638251 16.6528
1.0 4.0 0.0733921 16.6528
1.0 4.0 0.0717681 16.6528
1.0 4.0 0.09146 16.6528
1.0 4.0 0.0616493 16.6528
1.0 4.0 0.063616 16.6528
1.0 4.0 0.0715001 16.6528
1.0 4.0 0.0582781 16.6528
1.0 4.0 0.0655346 16.6528
1.0 4.0 0.0623315 16.6528
1.0 4.0 0.073438 16.6528
1.0 4.0 0.0865444 16.6528
1.0 4.0 0.0678503 16.6528
1.0 4.0 0.0750989 16.6528
1.0 5.0 0.0769889 16.6528
1.0 5.0 0.0782541 16.6528
1.0 5.0 0.0550559 16.6528
1.0 5.0 0.0776586 16.6528
1.0 5.0 0.0515996 16.6528
1.0 5.0 0.0827621 16.6528
1.0 5.0 0.0760834 16.6528
1.0 5.0 0.0548503 16.6528
1.0 5.0 0.0492204 16.6528
1.0 5.0 0.0761283 16.6528
1.0 5.0 0.057702 16.6528
1.0 5.0 0.0827613 16.6528
1.0 5.0 0.0822798 16.6528
1.0 5.0 0.0767727 16.6528
1.0 5.0 0.0557659 16.6528
1.0 5.0 0.046155 16.6528
1.0 5.0 0.07722 16.6528
1.0 5.0 0.0544551 16.6528
1.0 5.0 0.0849475 16.6528
1.0 5.0 0.0571261 16.6528
1.0 5.0 0.0772083 16.6528
1.0 5.0 0.0676786 16.6528
1.0 5.0 0.0766807 16.6528
1.0 5.0 0.0769557 16.6528
1.0 5.0 0.077769 16.6528
1.0 5.0 0.0769584 16.6528
1.0 5.0 0.0761411 16.6528
1.0 5.0 0.0555301 16.6528
1.0 5.0 0.0827499 16.6528
1.0 5.0 0.0823906 16.6528
1.0 5.0 0.0583509 16.6528
1.0 5.0 0.0574443 16.6528
1.0 5.0 0.0505124 16.6528
1.0 5.0 0.083165 16.6528
1.0 5.0 0.083863 16.6528
1.0 5.0 0.0555464 16.6528
1.0 5.0 0.0786603 16.6528
1.0 5.0 0.0841091 16.6528
1.0 5.0 0.0532939 16.6528
1.0 5.0 0.0772397 16.6528
1.0 5.0 0.0587851 16.6528
1.0 5.0 0.0826844 16.6528
1.0 5.0 0.052634 16.6528
1.0 5.0 0.0543128 16.6528
1.0 5.0 0.0781263 16.6528
1.0 5.0 0.082517 16.6528
1.0 5.0 0.0825702 16.6528
1.0 5.0 0.0767063 16.6528
1.0 5.0 0.0525086 16.6528
1.0 5.0 0.0826271 16.6528
1.0 7.0 0.0600216 16.6528
1.0 7.0 0.043729 16.6528
1.0 7.0 0.0393195 16.6528
1.0 7.0 0.0383876 16.6528
1.0 7.0 0.0577147 16.6528
1.0 7.0 0.058582 16.6528
1.0 7.0 0.0581499 16.6528
1.0 7.0 0.0582417 16.6528
1.0 7.0 0.0581919 16.6528
1.0 7.0 0.0418725 16.6528
1.0 7.0 0.0362818 16.6528
1.0 7.0 0.0447425 16.6528
1.0 7.0 0.0402036 16.6528
1.0 7.0 0.05458 16.6528
1.0 7.0 0.05936 16.6528
1.0 7.0 0.0587389 16.6528
1.0 7.0 0.0543841 16.6528
1.0 7.0 0.0552226 16.6528
1.0 7.0 0.038527 16.6528
1.0 7.0 0.0384915 16.6528
1.0 7.0 0.0404115 16.6528
1.0 7.0 0.0374658 16.6528
1.0 7.0 0.0360593 16.6528
1.0 7.0 0.0349026 16.6528
1.0 7.0 0.0392003 16.6528
1.0 7.0 0.04262 16.6528
1.0 7.0 0.0371533 16.6528
1.0 7.0 0.0395812 16.6528
1.0 7.0 0.0519147 16.6528
1.0 7.0 0.0590681 16.6528
1.0 7.0 0.0347993 16.6528
1.0 7.0 0.0628304 16.6528
1.0 7.0 0.0355054 16.6528
1.0 7.0 0.0467639 16.6528
1.0 7.0 0.0648867 16.6528
1.0 7.0 0.0383395 16.6528
1.0 7.0 0.0604855 16.6528
1.0 7.0 0.0400415 16.6528
1.0 7.0 0.0403629 16.6528
1.0 7.0 0.0581524 16.6528
1.0 7.0 0.0366381 16.6528
1.0 7.0 0.0424717 16.6528
1.0 7.0 0.0510061 16.6528
1.0 7.0 0.0385597 16.6528
1.0 7.0 0.0588101 16.6528
1.0 7.0 0.0413763 16.6528
1.0 7.0 0.0533329 16.6528
1.0 7.0 0.0457258 16.6528
1.0 7.0 0.065073 16.6528
1.0 7.0 0.0499095 16.6528
1.0 8.0 0.0369519 16.6528
1.0 8.0 0.032631 16.6528
1.0 8.0 0.032891 16.6528
1.0 8.0 0.0352328 16.6528
1.0 8.0 0.0307822 16.6528
1.0 8.0 0.0328199 16.6528
1.0 8.0 0.0387671 16.6528
1.0 8.0 0.0359242 16.6528
1.0 8.0 0.0370516 16.6528
1.0 8.0 0.0352186 16.6528
1.0 8.0 0.0339098 16.6528
1.0 8.0 0.0357021 16.6528
1.0 8.0 0.0359298 16.6528
1.0 8.0 0.0380378 16.6528
1.0 8.0 0.0368779 16.6528
1.0 8.0 0.0322708 16.6528
1.0 8.0 0.034291 16.6528
1.0 8.0 0.0383014 16.6528
1.0 8.0 0.0357829 16.6528
1.0 8.0 0.0369101 16.6528
1.0 8.0 0.0357253 16.6528
1.0 8.0 0.038363 16.6528
1.0 8.0 0.0330807 16.6528
1.0 8.0 0.0348129 16.6528
1.0 8.0 0.0346221 16.6528
1.0 8.0 0.0322284 16.6528
1.0 8.0 0.0357702 16.6528
1.0 8.0 0.0373084 16.6528
1.0 8.0 0.0368445 16.6528
1.0 8.0 0.0403008 16.6528
1.0 8.0 0.0378079 16.6528
1.0 8.0 0.0346571 16.6528
1.0 8.0 0.0342931 16.6528
1.0 8.0 0.033395 16.6528
1.0 8.0 0.0343149 16.6528
1.0 8.0 0.0405709 16.6528
1.0 8.0 0.0375023 16.6528
1.0 8.0 0.0452057 16.6528
1.0 8.0 0.0360295 16.6528
1.0 8.0 0.0346118 16.6528
1.0 8.0 0.0356219 16.6528
1.0 8.0 0.0335507 16.6528
1.0 8.0 0.0345121 16.6528
1.0 8.0 0.0353555 16.6528
1.0 8.0 0.0384095 16.6528
1.0 8.0 0.0371148 16.6528
1.0 8.0 0.0340035 16.6528
1.0 8.0 0.0347389 16.6528
1.0 8.0 0.0354258 16.6528
1.0 8.0 0.0362317 16.6528
1.0 9.0 0.0357382 16.6528
1.0 9.0 0.0332508 16.6528
1.0 9.0 0.032912 16.6528
1.0 9.0 0.033273 16.6528
1.0 9.0 0.0331068 16.6528
1.0 9.0 0.0382197 16.6528
1.0 9.0 0.0319267 16.6528
1.0 9.0 0.0312211 16.6528
1.0 9.0 0.0302445 16.6528
1.0 9.0 0.031557 16.6528
1.0 9.0 0.0323148 16.6528
1.0 9.0 0.0349835 16.6528
1.0 9.0 0.0364631 16.6528
1.0 9.0 0.0355726 16.6528
1.0 9.0 0.0312085 16.6528
1.0 9.0 0.0341476 16.6528
1.0 9.0 0.0300583 16.6528
1.0 9.0 0.0368552 16.6528
1.0 9.0 0.0351974 16.6528
1.0 9.0 0.0361725 16.6528
1.0 9.0 0.0303718 16.6528
1.0 9.0 0.0313057 16.6528
1.0 9.0 0.0388489 16.6528
1.0 9.0 0.0353887 16.6528
1.0 9.0 0.0303899 16.6528
1.0 9.0 0.0338831 16.6528
1.0 9.0 0.0365179 16.6528
1.0 9.0 0.0321803 16.6528
1.0 9.0 0.0363566 16.6528
1.0 9.0 0.0346361 16.6528
1.0 9.0 0.0362163 16.6528
1.0 9.0 0.0330308 16.6528
1.0 9.0 0.0327085 16.6528
1.0 9.0 0.0347894 16.6528
1.0 9.0 0.033339 16.6528
1.0 9.0 0.0277807 16.6528
1.0 9.0 0.0328394 16.6528
1.0 9.0 0.0325422 16.6528
1.0 9.0 0.0359023 16.6528
1.0 9.0 0.0383003 16.6528
1.0 9.0 0.0325706 16.6528
1.0 9.0 0.0357743 16.6528
1.0 9.0 0.0337747 16.6528
1.0 9.0 0.0364656 16.6528
1.0 9.0 0.0312296 16.6528
1.0 9.0 0.0297192 16.6528
1.0 9.0 0.0341758 16.6528
1.0 9.0 0.0295476 16.6528
1.0 9.0 0.0339035 16.6528
1.0 9.0 0.0304953 16.6528
1.0 15.0 0.0205535 16.6522
1.0 15.0 0.0173916 16.6522
1.0 15.0 0.0204354 16.6522
1.0 15.0 0.0189324 16.6522
1.0 15.0 0.0208681 16.6522
1.0 15.0 0.017731 16.6522
1.0 15.0 0.0191335 16.6522
1.0 15.0 0.018929 16.6522
1.0 15.0 0.0206698 16.6522
1.0 15.0 0.0218389 16.6522
1.0 15.0 0.0197679 16.6522
1.0 15.0 0.0188188 16.6522
1.0 15.0 0.0204492 16.6522
1.0 15.0 0.0181614 16.6522
1.0 15.0 0.0199079 16.6522
1.0 15.0 0.0211163 16.6522
1.0 15.0 0.0214747 16.6522
1.0 15.0 0.0212915 16.6522
1.0 15.0 0.0185465 16.6522
1.0 15.0 0.0204822 16.6522
1.0 15.0 0.0192347 16.6522
1.0 15.0 0.0193848 16.6522
1.0 15.0 0.0176438 16.6522
1.0 15.0 0.021037 16.6522
1.0 15.0 0.0179397 16.6522
1.0 15.0 0.020878 16.6522
1.0 15.0 0.0195967 16.6522
1.0 15.0 0.0211432 16.6522
1.0 15.0 0.0179038 16.6522
1.0 15.0 0.0203273 16.6522
1.0 15.0 0.0178164 16.6522
1.0 15.0 0.0196882 16.6522
1.0 15.0 0.019107 16.6522
1.0 15.0 0.0181344 16.6522
1.0 15.0 0.0202569 16.6522
1.0 15.0 0.0213053 16.6522
1.0 15.0 0.0208004 16.6522
1.0 15.0 0.0210798 16.6522
1.0 15.0 0.0206392 16.6522
1.0 15.0 0.0185638 16.6522
1.0 15.0 0.0200659 16.6522
1.0 15.0 0.0213124 16.6522
1.0 15.0 0.02029 16.6522
1.0 15.0 0.0192171 16.6522
1.0 15.0 0.0221765 16.6522
1.0 15.0 0.0216268 16.6522
1.0 15.0 0.0201264 16.6522
1.0 15.0 0.0209262 16.6522
1.0 15.0 0.0207411 16.6522
1.0 15.0 0.0179038 16.6522
1.0 16.0 0.019285 16.6522
1.0 16.0 0.0192755 16.6522
1.0 16.0 0.0229726 16.6522
1.0 16.0 0.0206798 16.6522
1.0 16.0 0.0195703 16.6522
1.0 16.0 0.0215136 16.6522
1.0 16.0 0.0202418 16.6522
1.0 16.0 0.0211112 16.6522
1.0 16.0 0.0211982 16.6522
1.0 16.0 0.0180553 16.6522
1.0 16.0 0.0206645 16.6522
1.0 16.0 0.0194458 16.6522
1.0 16.0 0.019681 16.6522
1.0 16.0 0.0196079 16.6522
1.0 16.0 0.021473 16.6522
1.0 16.0 0.0205922 16.6522
1.0 16.0 0.0216456 16.6522
1.0 16.0 0.0208859 16.6522
1.0 16.0 0.0175145 16.6522
1.0 16.0 0.0216339 16.6522
1.0 16.0 0.019875 16.6522
1.0 16.0 0.0193794 16.6522
1.0 16.0 0.0177949 16.6522
1.0 16.0 0.0208428 16.6522
1.0 16.0 0.0207138 16.6522
1.0 16.0 0.0205771 16.6522
1.0 16.0 0.0178158 16.6522
1.0 16.0 0.020315 16.6522
1.0 16.0 0.0204554 16.6522
1.0 16.0 0.0194068 16.6522
1.0 16.0 0.0207673 16.6522
1.0 16.0 0.0203689 16.6522
1.0 16.0 0.0195271 16.6522
1.0 16.0 0.0212076 16.6522
1.0 16.0 0.0183902 16.6522
1.0 16.0 0.019123 16.6522
1.0 16.0 0.020972 16.6522
1.0 16.0 0.0189414 16.6522
1.0 16.0 0.0190255 16.6522
1.0 16.0 0.020413 16.6522
1.0 16.0 0.0191851 16.6522
1.0 16.0 0.0219106 16.6522
1.0 16.0 0.0204668 16.6522
1.0 16.0 0.016838 16.6522
1.0 16.0 0.0183304 16.6522
1.0 16.0 0.0196318 16.6522
1.0 16.0 0.0220387 16.6522
1.0 16.0 0.0240825 16.6522
1.0 16.0 0.0192956 16.6522
1.0 16.0 0.0214573 16.6522
1.0 17.0 0.018847 16.6509
1.0 17.0 0.0182934 16.6509
1.0 17.0 0.0211274 16.6509
1.0 17.0 0.0185162 16.6509
1.0 17.0 0.0186456 16.6509
1.0 17.0 0.0205195 16.6509
1.0 17.0 0.0194495 16.6509
1.0 17.0 0.0161205 16.6509
1.0 17.0 0.0184261 16.6509
1.0 17.0 0.019079 16.6509
1.0 17.0 0.019898 16.6509
1.0 17.0 0.016421 16.6509
1.0 17.0 0.0185873 16.6509
1.0 17.0 0.0175329 16.6509
1.0 17.0 0.0212544 16.6509
1.0 17.0 0.023711 16.6509
1.0 17.0 0.0199374 16.6509
1.0 17.0 0.0187296 16.6509
1.0 17.0 0.0210639 16.6509
1.0 17.0 0.0213174 16.6509
1.0 17.0 0.0200446 16.6509
1.0 17.0 0.0194793 16.6509
1.0 17.0 0.0162388 16.6509
1.0 17.0 0.0200024 16.6509
1.0 17.0 0.0176757 16.6509
1.0 17.0 0.0209438 16.6509
1.0 17.0 0.017534 16.6509
1.0 17.0 0.0176343 16.6509
1.0 17.0 0.0162174 16.6509
1.0 17.0 0.0194786 16.6509
1.0 17.0 0.0174766 16.6509
1.0 17.0 0.0199017 16.6509
1.0 17.0 0.0173185 16.6509
1.0 17.0 0.018901 16.6509
1.0 17.0 0.0192771 16.6509
1.0 17.0 0.016925 16.6509
1.0 17.0 0.0167859 16.6509
1.0 17.0 0.0209939 16.6509
1.0 17.0 0.0198888 16.6509
1.0 17.0 0.0161955 16.6509
1.0 17.0 0.0189633 16.6509
1.0 17.0 0.0199042 16.6509
1.0 17.0 0.020945 16.6509
1.0 17.0 0.0194114 16.6509
1.0 17.0 0.0182842 16.6509
1.0 17.0 0.0185133 16.6509
1.0 17.0 0.0200061 16.6509
1.0 17.0 0.0181918 16.6509
1.0 17.0 0.0179165 16.6509
1.0 17.0 0.018207 16.6509
1.0 31.0 0.0103493 16.6519
1.0 31.0 0.0130379 16.6519
1.0 31.0 0.0131081 16.6519
1.0 31.0 0.0131028 16.6519
1.0 31.0 0.0139413 16.6519
1.0 31.0 0.0131808 16.6519
1.0 31.0 0.0130489 16.6519
1.0 31.0 0.0131231 16.6519
1.0 31.0 0.0156617 16.6519
1.0 31.0 0.0135162 16.6519
1.0 31.0 0.0130762 16.6519
1.0 31.0 0.011827 16.6519
1.0 31.0 0.0121272 16.6519
1.0 31.0 0.0131244 16.6519
1.0 31.0 0.0132706 16.6519
1.0 31.0 0.0139671 16.6519
1.0 31.0 0.0133552 16.6519
1.0 31.0 0.0131407 16.6519
1.0 31.0 0.0125912 16.6519
1.0 31.0 0.0145072 16.6519
1.0 31.0 0.0139868 16.6519
1.0 31.0 0.0136725 16.6519
1.0 31.0 0.0131618 16.6519
1.0 31.0 0.0139812 16.6519
1.0 31.0 0.0127815 16.6519
1.0 31.0 0.0122896 16.6519
1.0 31.0 0.0123344 16.6519
1.0 31.0 0.0131401 16.6519
1.0 31.0 0.0146575 16.6519
1.0 31.0 0.0131464 16.6519
1.0 31.0 0.013199 16.6519
1.0 31.0 0.0134486 16.6519
1.0 31.0 0.0130104 16.6519
1.0 31.0 0.0118921 16.6519
1.0 31.0 0.0130587 16.6519
1.0 31.0 0.0122224 16.6519
1.0 31.0 0.0123592 16.6519
1.0 31.0 0.0145103 16.6519
1.0 31.0 0.013221 16.6519
1.0 31.0 0.0130324 16.6519
1.0 31.0 0.0121956 16.6519
1.0 31.0 0.0133399 16.6519
1.0 31.0 0.0138829 16.6519
1.0 31.0 0.0136916 16.6519
1.0 31.0 0.0124977 16.6519
1.0 31.0 0.0139994 16.6519
1.0 31.0 0.0135847 16.6519
1.0 31.0 0.0126189 16.6519
1.0 31.0 0.011786 16.6519
1.0 31.0 0.0117891 16.6519
1.0 32.0 0.0132001 16.6519
1.0 32.0 0.0134732 16.6519
1.0 32.0 0.0131197 16.6519
1.0 32.0 0.012961 16.6519
1.0 32.0 0.0131567 16.6519
1.0 32.0 0.0134657 16.6519
1.0 32.0 0.0128454 16.6519
1.0 32.0 0.0122716 16.6519
1.0 32.0 0.0152402 16.6519
1.0 32.0 0.0130818 16.6519
1.0 32.0 0.0138266 16.6519
1.0 32.0 0.0128003 16.6519
1.0 32.0 0.0133408 16.6519
1.0 32.0 0.013336 16.6519
1.0 32.0 0.0123093 16.6519
1.0 32.0 0.0113514 16.6519
1.0 32.0 0.016691 16.6519
1.0 32.0 0.0129834 16.6519
1.0 32.0 0.0115208 16.6519
1.0 32.0 0.0148211 16.6519
1.0 32.0 0.0153469 16.6519
1.0 32.0 0.0139753 16.6519
1.0 32.0 0.0136771 16.6519
1.0 32.0 0.0121645 16.6519
1.0 32.0 0.0140502 16.6519
1.0 32.0 0.0144359 16.6519
1.0 32.0 0.0139559 16.6519
1.0 32.0 0.0144027 16.6519
1.0 32.0 0.0136632 16.6519
1.0 32.0 0.0141961 16.6519
1.0 32.0 0.0125024 16.6519
1.0 32.0 0.0134783 16.6519
1.0 32.0 0.0143298 16.6519
1.0 32.0 0.0141648 16.6519
1.0 32.0 0.0151841 16.6519
1.0 32.0 0.0132606 16.6519
1.0 32.0 0.0132729 16.6519
1.0 32.0 0.0133826 16.6519
1.0 32.0 0.0118565 16.6519
1.0 32.0 0.0141698 16.6519
1.0 32.0 0.0110832 16.6519
1.0 32.0 0.0140508 16.6519
1.0 32.0 0.0115344 16.6519
1.0 32.0 0.0132292 16.6519
1.0 32.0 0.0130697 16.6519
1.0 32.0 0.0115078 16.6519
1.0 32.0 0.0146515 16.6519
1.0 32.0 0.0131968 16.6519
1.0 32.0 0.0140559 16.6519
1.0 32.0 0.0140559 16.6519
1.0 33.0 0.0133691 16.6519
1.0 33.0 0.0105671 16.6519
1.0 33.0 0.0128295 16.6519
1.0 33.0 0.0125838 16.6519
1.0 33.0 0.0126753 16.6519
1.0 33.0 0.0135138 16.6519
1.0 33.0 0.0103515 16.6519
1.0 33.0 0.0121502 16.6519
1.0 33.0 0.0129863 16.6519
1.0 33.0 0.0128307 16.6519
1.0 33.0 0.0130728 16.6519
1.0 33.0 0.0131169 16.6519
1.0 33.0 0.0134119 16.6519
1.0 33.0 0.0125349 16.6519
1.0 33.0 0.0131956 16.6519
1.0 33.0 0.0138029 16.6519
1.0 33.0 0.013378 16.6519
1.0 33.0 0.0133982 16.6519
1.0 33.0 0.0125995 16.6519
1.0 33.0 0.0141087 16.6519
1.0 33.0 0.0140851 16.6519
1.0 33.0 0.014067 16.6519
1.0 33.0 0.0139103 16.6519
1.0 33.0 0.0149398 16.6519
1.0 33.0 0.0144616 16.6519
1.0 33.0 0.0131071 16.6519
1.0 33.0 0.0120585 16.6519
1.0 33.0 0.0131622 16.6519
1.0 33.0 0.0113307 16.6519
1.0 33.0 0.0125165 16.6519
1.0 33.0 0.0133475 16.6519
1.0 33.0 0.0132743 16.6519
1.0 33.0 0.0127724 16.6519
1.0 33.0 0.0119488 16.6519
1.0 33.0 0.0131827 16.6519
1.0 33.0 0.0152151 16.6519
1.0 33.0 0.0134773 16.6519
1.0 33.0 0.0153385 16.6519
1.0 33.0 0.0098265 16.6519
1.0 33.0 0.0125679 16.6519
1.0 33.0 0.0125204 16.6519
1.0 33.0 0.0133442 16.6519
1.0 33.0 0.0128226 16.6519
1.0 33.0 0.0114363 16.6519
1.0 33.0 0.0130379 16.6519
1.0 33.0 0.0132565 16.6519
1.0 33.0 0.0104444 16.6519
1.0 33.0 0.0134109 16.6519
1.0 33.0 0.0150426 16.6519
1.0 33.0 0.0134584 16.6519
2.0 3.0 0.214101 -7.10571e-31
2.0 3.0 0.225878 -7.10571e-31
2.0 3.0 0.227853 -7.10571e-31
2.0 3.0 0.191372 -7.10571e-31
2.0 3.0 0.210394 -7.10571e-31
2.0 3.0 0.221707 -7.10571e-31
2.0 3.0 0.221812 -7.10571e-31
2.0 3.0 0.22037 -7.10571e-31
2.0 3.0 0.218491 -7.10571e-31
2.0 3.0 0.228679 -7.10571e-31
2.0 3.0 0.228266 -7.10571e-31
2.0 3.0 0.1939 -7.10571e-31
2.0 3.0 0.227852 -7.10571e-31
2.0 3.0 0.224014 -7.10571e-31
2.0 3.0 0.236489 -7.10571e-31
2.0 3.0 0.214733 -7.10571e-31
2.0 3.0 0.231859 -7.10571e-31
2.0 3.0 0.205292 -7.10571e-31
2.0 3.0 0.231408 -7.10571e-31
2.0 3.0 0.227075 -7.10571e-31
2.0 3.0 0.222253 -7.10571e-31
2.0 3.0 0.226862 -7.10571e-31
2.0 3.0 0.192846 -7.10571e-31
2.0 3.0 0.227417 -7.10571e-31
2.0 3.0 0.22877 -7.10571e-31
2.0 3.0 0.243556 -7.10571e-31
2.0 3.0 0.206563 -7.10571e-31
2.0 3.0 0.216994 -7.10571e-31
2.0 3.0 0.214567 -7.10571e-31
2.0 3.0 0.222922 -7.10571e-31
2.0 3.0 0.227839 -7.10571e-31
2.0 3.0 0.224257 -7.10571e-31
2.0 3.0 0.227385 -7.10571e-31
2.0 3.0 0.220576 -7.10571e-31
2.0 3.0 0.232044 -7.10571e-31
2.0 3.0 0.249623 -7.10571e-31
2.0 3.0 0.226618 -7.10571e-31
2.0 3.0 0.215082 -7.10571e-31
2.0 3.0 0.228055 -7.10571e-31
2.0 3.0 0.221378 -7.10571e-31
2.0 3.0 0.21935 -7.10571e-31
2.0 3.0 0.228055 -7.10571e-31
2.0 3.0 0.213968 -7.10571e-31
2.0 3.0 0.219871 -7.10571e-31
2.0 3.0 0.22681 -7.10571e-31
2.0 3.0 0.242847 -7.10571e-31
2.0 3.0 0.231768 -7.10571e-31
2.0 3.0 0.227722 -7.10571e-31
2.0 3.0 0.253474 -7.10571e-31
2.0 3.0 0.230699 -7.10571e-31
2.0 4.0 0.125104 -0.0
2.0 4.0 0.115429 -0.0
2.0 4.0 0.116599 -0.0
2.0 4.0 0.130645 -0.0
2.0 4.0 0.126805 -0.0
2.0 4.0 0.131874 -0.0
2.0 4.0 0.132519 -0.0
2.0 4.0 0.115525 -0.0
2.0 4.0 0.125656 -0.0
2.0 4.0 0.11886 -0.0
2.0 4.0 0.105036 -0.0
2.0 4.0 0.11444 -0.0
2.0 4.0 0.111534 -0.0
2.0 4.0 0.125729 -0.0
2.0 4.0 0.120566 -0.0
2.0 4.0 0.109178 -0.0
2.0 4.0 0.105369 -0.0
2.0 4.0 0.109199 -0.0
2.0 4.0 0.106521 -0.0
2.0 4.0 0.120429 -0.0
2.0 4.0 0.12244 -0.0
2.0 4.0 0.105381 -0.0
2.0 4.0 0.122272 -0.0
2.0 4.0 0.119986 -0.0
2.0 4.0 0.123494 -0.0
2.0 4.0 0.122944 -0.0
2.0 4.0 0.119427 -0.0
2.0 4.0 0.124543 -0.0
2.0 4.0 0.124955 -0.0
2.0 4.0 0.113825 -0.0
2.0 4.0 0.12605 -0.0
2.0 4.0 0.114819 -0.0
2.0 4.0 0.117189 -0.0
2.0 4.0 0.118587 -0.0
2.0 4.0 0.125565 -0.0
2.0 4.0 0.114087 -0.0
2.0 4.0 0.119988 -0.0
2.0 4.0 0.11312 -0.0
2.0 4.0 0.120459 -0.0
2.0 4.0 0.114532 -0.0
2.0 4.0 0.128848 -0.0
2.0 4.0 0.1214 -0.0
2.0 4.0 0.119957 -0.0
2.0 4.0 0.117765 -0.0
2.0 4.0 0.111217 -0.0
2.0 4.0 0.112383 -0.0
2.0 4.0 0.146304 -0.0
2.0 4.0 0.120207 -0.0
2.0 4.0 0.114122 -0.0
2.0 4.0 0.111723 -0.0
2.0 5.0 0.219234 -2.01644e-31
2.0 5.0 0.139393 -2.01644e-31
2.0 5.0 0.219856 -2.01644e-31
2.0 5.0 0.144453 -2.01644e-31
2.0 5.0 0.204231 -2.01644e-31
2.0 5.0 0.143723 -2.01644e-31
2.0 5.0 0.1456 -2.01644e-31
2.0 5.0 0.210534 -2.01644e-31
2.0 5.0 0.208853 -2.01644e-31
2.0 5.0 0.211685 -2.01644e-31
2.0 5.0 0.154095 -2.01644e-31
2.0 5.0 0.152773 -2.01644e-31
2.0 5.0 0.221289 -2.01644e-31
2.0 5.0 0.142101 -2.01644e-31
2.0 5.0 0.143769 -2.01644e-31
2.0 5.0 0.203833 -2.01644e-31
2.0 5.0 0.213922 -2.01644e-31
2.0 5.0 0.203447 -2.01644e-31
2.0 5.0 0.15632 -2.01644e-31
2.0 5.0 0.221488 -2.01644e-31
2.0 5.0 0.13561 -2.01644e-31
2.0 5.0 0.203843 -2.01644e-31
2.0 5.0 0.159854 -2.01644e-31
2.0 5.0 0.144645 -2.01644e-31
2.0 5.0 0.217804 -2.01644e-31
2.0 5.0 0.177047 -2.01644e-31
2.0 5.0 0.220181 -2.01644e-31
2.0 5.0 0.13654 -2.01644e-31
2.0 5.0 0.202904 -2.01644e-31
2.0 5.0 0.140428 -2.01644e-31
2.0 5.0 0.134592 -2.01644e-31
2.0 5.0 0.209996 -2.01644e-31
2.0 5.0 0.148215 -2.01644e-31
2.0 5.0 0.143979 -2.01644e-31
2.0 5.0 0.220897 -2.01644e-31
2.0 5.0 0.202369 -2.01644e-31
2.0 5.0 0.220313 -2.01644e-31
2.0 5.0 0.201409 -2.01644e-31
2.0 5.0 0.153584 -2.01644e-31
2.0 5.0 0.220644 -2.01644e-31
2.0 5.0 0.210237 -2.01644e-31
2.0 5.0 0.220451 -2.01644e-31
2.0 5.0 0.156646 -2.01644e-31
2.0 5.0 0.22142 -2.01644e-31
2.0 5.0 0.145889 -2.01644e-31
2.0 5.0 0.212629 -2.01644e-31
2.0 5.0 0.152333 -2.01644e-31
2.0 5.0 0.219633 -2.01644e-31
2.0 5.0 0.208026 -2.01644e-31
2.0 5.0 0.212045 -2.01644e-31
2.0 7.0 0.11143 -4.09887e-18
2.0 7.0 0.108367 -4.09887e-18
2.0 7.0 0.0982286 -4.09887e-18
2.0 7.0 0.0979818 -4.09887e-18
2.0 7.0 0.101619 -4.09887e-18
2.0 7.0 0.123831 -4.09887e-18
2.0 7.0 0.104669 -4.09887e-18
2.0 7.0 0.0943668 -4.09887e-18
2.0 7.0 0.116813 -4.09887e-18
2.0 7.0 0.114421 -4.09887e-18
2.0 7.0 0.113803 -4.09887e-18
2.0 7.0 0.112178 -4.09887e-18
2.0 7.0 0.100687 -4.09887e-18
2.0 7.0 0.107855 -4.09887e-18
2.0 7.0 0.111626 -4.09887e-18
2.0 7.0 0.107981 -4.09887e-18
2.0 7.0 0.096246 -4.09887e-18
2.0 7.0 0.0948452 -4.09887e-18
2.0 7.0 0.100251 -4.09887e-18
2.0 7.0 0.102571 -4.09887e-18
2.0 7.0 0.12162 -4.09887e-18
2.0 7.0 0.100806 -4.09887e-18
2.0 7.0 0.1042 -4.09887e-18
2.0 7.0 0.114066 -4.09887e-18
2.0 7.0 0.0956531 -4.09887e-18
2.0 7.0 0.113054 -4.09887e-18
2.0 7.0 0.108841 -4.09887e-18
2.0 7.0 0.0974023 -4.09887e-18
2.0 7.0 0.0981107 -4.09887e-18
2.0 7.0 0.0981995 -4.09887e-18
2.0 7.0 0.116812 -4.09887e-18
2.0 7.0 0.0921848 -4.09887e-18
2.0 7.0 0.112147 -4.09887e-18
2.0 7.0 0.106111 -4.09887e-18
2.0 7.0 0.0920241 -4.09887e-18
2.0 7.0 0.10794 -4.09887e-18
2.0 7.0 0.0957963 -4.09887e-18
2.0 7.0 0.114234 -4.09887e-18
2.0 7.0 0.0948257 -4.09887e-18
2.0 7.0 0.0913426 -4.09887e-18
2.0 7.0 0.0983072 -4.09887e-18
2.0 7.0 0.0923848 -4.09887e-18
2.0 7.0 0.100417 -4.09887e-18
2.0 7.0 0.128596 -4.09887e-18
2.0 7.0 0.108519 -4.09887e-18
2.0 7.0 0.0922558 -4.09887e-18
2.0 7.0 0.0965089 -4.09887e-18
2.0 7.0 0.0981827 -4.09887e-18
2.0 7.0 0.0952739 -4.09887e-18
2.0 7.0 0.0946726 -4.09887e-18
2.0 8.0 0.0568389 -7.73124e-18
2.0 8.0 0.059354 -7.73124e-18
2.0 8.0 0.0636845 -7.73124e-18
2.0 8.0 0.0746937 -7.73124e-18
2.0 8.0 0.0598598 -7.73124e-18
2.0 8.0 0.0658879 -7.73124e-18
2.0 8.0 0.0586878 -7.73124e-18
2.0 8.0 0.0747227 -7.73124e-18
2.0 8.0 0.0576907 -7.73124e-18
2.0 8.0 0.0576592 -7.73124e-18
2.0 8.0 0.0609443 -7.73124e-18
2.0 8.0 0.0595997 -7.73124e-18
2.0 8.0 0.064425 -7.73124e-18
2.0 8.0 0.0730501 -7.73124e-18
2.0 8.0 0.0640456 -7.73124e-18
2.0 8.0 0.0616385 -7.73124e-18
2.0 8.0 0.0725392 -7.73124e-18
2.0 8.0 0.0667547 -7.73124e-18
2.0 8.0 0.0752251 -7.73124e-18
2.0 8.0 0.0757284 -7.73124e-18
2.0 8.0 0.0588058 -7.73124e-18
2.0 8.0 0.062685 -7.73124e-18
2.0 8.0 0.0722011 -7.73124e-18
2.0 8.0 0.0569325 -7.73124e-18
2.0 8.0 0.0626584 -7.73124e-18
2.0 8.0 0.0647676 -7.73124e-18
2.0 8.0 0.0566553 -7.73124e-18
2.0 8.0 0.0734229 -7.73124e-18
2.0 8.0 0.0571514 -7.73124e-18
2.0 8.0 0.0601169 -7.73124e-18
2.0 8.0 0.0551276 -7.73124e-18
2.0 8.0 0.0785831 -7.73124e-18
2.0 8.0 0.0710885 -7.73124e-18
2.0 8.0 0.0729932 -7.73124e-18
2.0 8.0 0.0687954 -7.73124e-18
2.0 8.0 0.0622759 -7.73124e-18
2.0 8.0 0.0616394 -7.73124e-18
2.0 8.0 0.0570424 -7.73124e-18
2.0 8.0 0.0569371 -7.73124e-18
2.0 8.0 0.0752808 -7.73124e-18
2.0 8.0 0.0762958 -7.73124e-18
2.0 8.0 0.0728111 -7.73124e-18
2.0 8.0 0.0568755 -7.73124e-18
2.0 8.0 0.0761484 -7.73124e-18
2.0 8.0 0.0648045 -7.73124e-18
2.0 8.0 0.0730636 -7.73124e-18
2.0 8.0 0.0769981 -7.73124e-18
2.0 8.0 0.0576827 -7.73124e-18
2.0 8.0 0.0722704 -7.73124e-18
2.0 8.0 0.0722704 -7.73124e-18
2.0 9.0 0.0307417 -0.0
2.0 9.0 0.02255 -0.0
2.0 9.0 0.022773 -0.0
2.0 9.0 0.0263939 -0.0
2.0 9.0 0.0223824 -0.0
2.0 9.0 0.022113 -0.0
2.0 9.0 0.0243806 -0.0
2.0 9.0 0.0222443 -0.0
2.0 9.0 0.0377072 -0.0
2.0 9.0 0.0254276 -0.0
2.0 9.0 0.0315273 -0.0
2.0 9.0 0.0263142 -0.0
2.0 9.0 0.0393874 -0.0
2.0 9.0 0.022661 -0.0
2.0 9.0 0.0291993 -0.0
2.0 9.0 0.0248105 -0.0
2.0 9.0 0.0393295 -0.0
2.0 9.0 0.02293 -0.0
2.0 9.0 0.0241071 -0.0
2.0 9.0 0.0370247 -0.0
2.0 9.0 0.0381269 -0.0
2.0 9.0 0.0373151 -0.0
2.0 9.0 0.0256926 -0.0
2.0 9.0 0.0400907 -0.0
2.0 9.0 0.0294495 -0.0
2.0 9.0 0.0409441 -0.0
2.0 9.0 0.0439369 -0.0
2.0 9.0 0.025792 -0.0
2.0 9.0 0.0291281 -0.0
2.0 9.0 0.0358551 -0.0
2.0 9.0 0.0299767 -0.0
2.0 9.0 0.040924 -0.0
2.0 9.0 0.0276189 -0.0
2.0 9.0 0.023299 -0.0
2.0 9.0 0.0221835 -0.0
2.0 9.0 0.0369839 -0.0
2.0 9.0 0.0378985 -0.0
2.0 9.0 0.0224796 -0.0
2.0 9.0 0.0254198 -0.0
2.0 9.0 0.0289999 -0.0
2.0 9.0 0.037215 -0.0
2.0 9.0 0.0234499 -0.0
2.0 9.0 0.0404665 -0.0
2.0 9.0 0.0292569 -0.0
2.0 9.0 0.0381728 -0.0
2.0 9.0 0.0372335 -0.0
2.0 9.0 0.0390693 -0.0
2.0 9.0 0.0400072 -0.0
2.0 9.0 0.0383769 -0.0
2.0 9.0 0.0299772 -0.0
2.0 15.0 0.0317809 -5.19097e-16
2.0 15.0 0.0235566 -5.19097e-16
2.0 15.0 0.0332366 -5.19097e-16
2.0 15.0 0.0301402 -5.19097e-16
2.0 15.0 0.0236882 -5.19097e-16
2.0 15.0 0.0316357 -5.19097e-16
2.0 15.0 0.0325892 -5.19097e-16
2.0 15.0 0.0360035 -5.19097e-16
2.0 15.0 0.0300192 -5.19097e-16
2.0 15.0 0.0305624 -5.19097e-16
2.0 15.0 0.0253895 -5.19097e-16
2.0 15.0 0.0278494 -5.19097e-16
2.0 15.0 0.0252031 -5.19097e-16
2.0 15.0 0.0234569 -5.19097e-16
2.0 15.0 0.0248753 -5.19097e-16
2.0 15.0 0.0282231 -5.19097e-16
2.0 15.0 0.0225892 -5.19097e-16
2.0 15.0 0.0328606 -5.19097e-16
2.0 15.0 0.02401 -5.19097e-16
2.0 15.0 0.027245 -5.19097e-16
2.0 15.0 0.0298823 -5.19097e-16
2.0 15.0 0.0278859 -5.19097e-16
2.0 15.0 0.0231811 -5.19097e-16
2.0 15.0 0.0306017 -5.19097e-16
2.0 15.0 0.0362297 -5.19097e-16
2.0 15.0 0.0198237 -5.19097e-16
2.0 15.0 0.0238587 -5.19097e-16
2.0 15.0 0.0268052 -5.19097e-16
2.0 15.0 0.0340963 -5.19097e-16
2.0 15.0 0.0272307 -5.19097e-16
2.0 15.0 0.0300493 -5.19097e-16
2.0 15.0 0.0300116 -5.19097e-16
2.0 15.0 0.0236055 -5.19097e-16
2.0 15.0 0.0306236 -5.19097e-16
2.0 15.0 0.021844 -5.19097e-16
2.0 15.0 0.0307209 -5.19097e-16
2.0 15.0 0.0251521 -5.19097e-16
2.0 15.0 0.0323457 -5.19097e-16
2.0 15.0 0.0247452 -5.19097e-16
2.0 15.0 0.0250952 -5.19097e-16
2.0 15.0 0.0281629 -5.19097e-16
2.0 15.0 0.030918 -5.19097e-16
2.0 15.0 0.0240013 -5.19097e-16
2.0 15.0 0.0250498 -5.19097e-16
2.0 15.0 0.0334149 -5.19097e-16
2.0 15.0 0.0235943 -5.19097e-16
2.0 15.0 0.0236513 -5.19097e-16
2.0 15.0 0.024143 -5.19097e-16
2.0 15.0 0.0350166 -5.19097e-16
2.0 15.0 0.0303646 -5.19097e-16
2.0 16.0 0.0244471 -5.19097e-16
2.0 16.0 0.0305288 -5.19097e-16
2.0 16.0 0.031512 -5.19097e-16
2.0 16.0 0.0315136 -5.19097e-16
2.0 16.0 0.0252561 -5.19097e-16
2.0 16.0 0.0277985 -5.19097e-16
2.0 16.0 0.0286404 -5.19097e-16
2.0 16.0 0.0310225 -5.19097e-16
2.0 16.0 0.0309991 -5.19097e-16
2.0 16.0 0.0282286 -5.19097e-16
2.0 16.0 0.0234383 -5.19097e-16
2.0 16.0 0.0294379 -5.19097e-16
2.0 16.0 0.0290938 -5.19097e-16
2.0 16.0 0.0281494 -5.19097e-16
2.0 16.0 0.0298223 -5.19097e-16
2.0 16.0 0.034752 -5.19097e-16
2.0 16.0 0.0231427 -5.19097e-16
2.0 16.0 0.0243962 -5.19097e-16
2.0 16.0 0.0353261 -5.19097e-16
2.0 16.0 0.033722 -5.19097e-16
2.0 16.0 0.0302665 -5.19097e-16
2.0 16.0 0.0245237 -5.19097e-16
2.0 16.0 0.0235909 -5.19097e-16
2.0 16.0 0.024549 -5.19097e-16
2.0 16.0 0.027444 -5.19097e-16
2.0 16.0 0.0242036 -5.19097e-16
2.0 16.0 0.0232802 -5.19097e-16
2.0 16.0 0.0302571 -5.19097e-16
2.0 16.0 0.0232191 -5.19097e-16
2.0 16.0 0.0326225 -5.19097e-16
2.0 16.0 0.0219733 -5.19097e-16
2.0 16.0 0.0235219 -5.19097e-16
2.0 16.0 0.0242792 -5.19097e-16
2.0 16.0 0.0237979 -5.19097e-16
2.0 16.0 0.0256038 -5.19097e-16
2.0 16.0 0.032155 -5.19097e-16
2.0 16.0 0.0292601 -5.19097e-16
2.0 16.0 0.0263466 -5.19097e-16
2.0 16.0 0.024051 -5.19097e-16
2.0 16.0 0.0251916 -5.19097e-16
2.0 16.0 0.0309447 -5.19097e-16
2.0 16.0 0.0238132 -5.19097e-16
2.0 16.0 0.0340723 -5.19097e-16
2.0 16.0 0.0305178 -5.19097e-16
2.0 16.0 0.0327524 -5.19097e-16
2.0 16.0 0.0230059 -5.19097e-16
2.0 16.0 0.0233968 -5.19097e-16
2.0 16.0 0.0228218 -5.19097e-16
2.0 16.0 0.0235049 -5.19097e-16
2.0 16.0 0.030075 -5.19097e-16
2.0 17.0 0.036156 -5.98164e-17
2.0 17.0 0.026982 -5.98164e-17
2.0 17.0 0.0352097 -5.98164e-17
2.0 17.0 0.0362134 -5.98164e-17
2.0 17.0 0.032327 -5.98164e-17
2.0 17.0 0.0252193 -5.98164e-17
2.0 17.0 0.0321398 -5.98164e-17
2.0 17.0 0.0269087 -5.98164e-17
2.0 17.0 0.0359837 -5.98164e-17
2.0 17.0 0.0316461 -5.98164e-17
2.0 17.0 0.0397832 -5.98164e-17
2.0 17.0 0.0280485 -5.98164e-17
2.0 17.0 0.0372125 -5.98164e-17
2.0 17.0 0.0334689 -5.98164e-17
2.0 17.0 0.0345904 -5.98164e-17
2.0 17.0 0.0295941 -5.98164e-17
2.0 17.0 0.0367567 -5.98164e-17
2.0 17.0 0.0337483 -5.98164e-17
2.0 17.0 0.0250601 -5.98164e-17
2.0 17.0 0.0378699 -5.98164e-17
2.0 17.0 0.0256884 -5.98164e-17
2.0 17.0 0.0371827 -5.98164e-17
2.0 17.0 0.0311749 -5.98164e-17
2.0 17.0 0.024322 -5.98164e-17
2.0 17.0 0.0287133 -5.98164e-17
2.0 17.0 0.0336369 -5.98164e-17
2.0 17.0 0.0409065 -5.98164e-17
2.0 17.0 0.0279523 -5.98164e-17
2.0 17.0 0.0355627 -5.98164e-17
2.0 17.0 0.0290179 -5.98164e-17
2.0 17.0 0.0259262 -5.98164e-17
2.0 17.0 0.0344805 -5.98164e-17
2.0 17.0 0.0347368 -5.98164e-17
2.0 17.0 0.0241426 -5.98164e-17
2.0 17.0 0.0319258 -5.98164e-17
2.0 17.0 0.0351295 -5.98164e-17
2.0 17.0 0.0330647 -5.98164e-17
2.0 17.0 0.0319261 -5.98164e-17
2.0 17.0 0.0384829 -5.98164e-17
2.0 17.0 0.0296132 -5.98164e-17
2.0 17.0 0.0317394 -5.98164e-17
2.0 17.0 0.0349826 -5.98164e-17
2.0 17.0 0.0316721 -5.98164e-17
2.0 17.0 0.0334099 -5.98164e-17
2.0 17.0 0.034758 -5.98164e-17
2.0 17.0 0.0379301 -5.98164e-17
2.0 17.0 0.0306087 -5.98164e-17
2.0 17.0 0.0325205 -5.98164e-17
2.0 17.0 0.0354208 -5.98164e-17
2.0 17.0 0.0354208 -5.98164e-17
2.0 31.0 0.0207316 -4.03196e-16
2.0 31.0 0.0259011 -4.03196e-16
2.0 31.0 0.0273544 -4.03196e-16
2.0 31.0 0.0225806 -4.03196e-16
2.0 31.0 0.0225859 -4.03196e-16
2.0 31.0 0.0247572 -4.03196e-16
2.0 31.0 0.0258965 -4.03196e-16
2.0 31.0 0.0186669 -4.03196e-16
2.0 31.0 0.0184295 -4.03196e-16
2.0 31.0 0.0239933 -4.03196e-16
2.0 31.0 0.0225818 -4.03196e-16
2.0 31.0 0.0277208 -4.03196e-16
2.0 31.0 0.0227858 -4.03196e-16
2.0 31.0 0.0173685 -4.03196e-16
2.0 31.0 0.0249366 -4.03196e-16
2.0 31.0 0.0194128 -4.03196e-16
2.0 31.0 0.0252859 -4.03196e-16
2.0 31.0 0.0188629 -4.03196e-16
2.0 31.0 0.0257424 -4.03196e-16
2.0 31.0 0.0253834 -4.03196e-16
2.0 31.0 0.0204359 -4.03196e-16
2.0 31.0 0.0210437 -4.03196e-16
2.0 31.0 0.0253072 -4.03196e-16
2.0 31.0 0.023179 -4.03196e-16
2.0 31.0 0.025604 -4.03196e-16
2.0 31.0 0.024263 -4.03196e-16
2.0 31.0 0.0209362 -4.03196e-16
2.0 31.0 0.0205979 -4.03196e-16
2.0 31.0 0.0220384 -4.03196e-16
2.0 31.0 0.0244093 -4.03196e-16
2.0 31.0 0.0270633 -4.03196e-16
2.0 31.0 0.0230603 -4.03196e-16
2.0 31.0 0.0216561 -4.03196e-16
2.0 31.0 0.0249347 -4.03196e-16
2.0 31.0 0.0206122 -4.03196e-16
2.0 31.0 0.0252767 -4.03196e-16
2.0 31.0 0.0227106 -4.03196e-16
2.0 31.0 0.0251752 -4.03196e-16
2.0 31.0 0.0253256 -4.03196e-16
2.0 31.0 0.0269551 -4.03196e-16
2.0 31.0 0.0215674 -4.03196e-16
2.0 31.0 0.0221192 -4.03196e-16
2.0 31.0 0.0247918 -4.03196e-16
2.0 31.0 0.0245224 -4.03196e-16
2.0 31.0 0.0240329 -4.03196e-16
2.0 31.0 0.0193993 -4.03196e-16
2.0 31.0 0.0221196 -4.03196e-16
2.0 31.0 0.0210284 -4.03196e-16
2.0 31.0 0.0273683 -4.03196e-16
2.0 31.0 0.0253697 -4.03196e-16
2.0 32.0 0.022867 -4.03196e-16
2.0 32.0 0.0192914 -4.03196e-16
2.0 32.0 0.0169835 -4.03196e-16
2.0 32.0 0.0200648 -4.03196e-16
2.0 32.0 0.028281 -4.03196e-16
2.0 32.0 0.0212208 -4.03196e-16
2.0 32.0 0.0222991 -4.03196e-16
2.0 32.0 0.0262291 -4.03196e-16
2.0 32.0 0.0191132 -4.03196e-16
2.0 32.0 0.0252905 -4.03196e-16
2.0 32.0 0.0258599 -4.03196e-16
2.0 32.0 0.0275583 -4.03196e-16
2.0 32.0 0.0192921 -4.03196e-16
2.0 32.0 0.0215984 -4.03196e-16
2.0 32.0 0.0285965 -4.03196e-16
2.0 32.0 0.0253812 -4.03196e-16
2.0 32.0 0.0270556 -4.03196e-16
2.0 32.0 0.0250271 -4.03196e-16
2.0 32.0 0.0183475 -4.03196e-16
2.0 32.0 0.0246664 -4.03196e-16
2.0 32.0 0.0253133 -4.03196e-16
2.0 32.0 0.0190245 -4.03196e-16
2.0 32.0 0.0284736 -4.03196e-16
2.0 32.0 0.0174601 -4.03196e-16
2.0 32.0 0.0224171 -4.03196e-16
2.0 32.0 0.0249953 -4.03196e-16
2.0 32.0 0.0255354 -4.03196e-16
2.0 32.0 0.0250823 -4.03196e-16
2.0 32.0 0.0285321 -4.03196e-16
2.0 32.0 0.0295013 -4.03196e-16
2.0 32.0 0.0218193 -4.03196e-16
2.0 32.0 0.0251731 -4.03196e-16
2.0 32.0 0.0267158 -4.03196e-16
2.0 32.0 0.0262766 -4.03196e-16
2.0 32.0 0.0259693 -4.03196e-16
2.0 32.0 0.0266034 -4.03196e-16
2.0 32.0 0.0204445 -4.03196e-16
2.0 32.0 0.0253432 -4.03196e-16
2.0 32.0 0.0262175 -4.03196e-16
2.0 32.0 0.02654 -4.03196e-16
2.0 32.0 0.0208918 -4.03196e-16
2.0 32.0 0.0197912 -4.03196e-16
2.0 32.0 0.0215652 -4.03196e-16
2.0 32.0 0.0253745 -4.03196e-16
2.0 32.0 0.0235339 -4.03196e-16
2.0 32.0 0.0247164 -4.03196e-16
2.0 32.0 0.0259024 -4.03196e-16
2.0 32.0 0.024143 -4.03196e-16
2.0 32.0 0.0204133 -4.03196e-16
2.0 32.0 0.0258196 -4.03196e-16
2.0 33.0 0.0243109 -4.03196e-16
2.0 33.0 0.0263091 -4.03196e-16
2.0 33.0 0.0185258 -4.03196e-16
2.0 33.0 0.0241895 -4.03196e-16
2.0 33.0 0.0254833 -4.03196e-16
2.0 33.0 0.0137519 -4.03196e-16
2.0 33.0 0.0171758 -4.03196e-16
2.0 33.0 0.0140772 -4.03196e-16
2.0 33.0 0.0177899 -4.03196e-16
2.0 33.0 0.0224194 -4.03196e-16
2.0 33.0 0.0187041 -4.03196e-16
2.0 33.0 0.0219873 -4.03196e-16
2.0 33.0 0.0207037 -4.03196e-16
2.0 33.0 0.0246193 -4.03196e-16
2.0 33.0 0.0186106 -4.03196e-16
2.0 33.0 0.0221271 -4.03196e-16
2.0 33.0 0.0286397 -4.03196e-16
2.0 33.0 0.0236618 -4.03196e-16
2.0 33.0 0.0226939 -4.03196e-16
2.0 33.0 0.0229044 -4.03196e-16
2.0 33.0 0.0240448 -4.03196e-16
2.0 33.0 0.0351164 -4.03196e-16
2.0 33.0 0.0259038 -4.03196e-16
2.0 33.0 0.0187361 -4.03196e-16
2.0 33.0 0.0257355 -4.03196e-16
2.0 33.0 0.0156906 -4.03196e-16
2.0 33.0 0.0229152 -4.03196e-16
2.0 33.0 0.0266203 -4.03196e-16
2.0 33.0 0.0185914 -4.03196e-16
2.0 33.0 0.0254092 -4.03196e-16
2.0 33.0 0.0207468 -4.03196e-16
2.0 33.0 0.0164836 -4.03196e-16
2.0 33.0 0.0187132 -4.03196e-16
2.0 33.0 0.0253076 -4.03196e-16
2.0 33.0 0.0287759 -4.03196e-16
2.0 33.0 0.0252849 -4.03196e-16
2.0 33.0 0.0288754 -4.03196e-16
2.0 33.0 0.0267757 -4.03196e-16
2.0 33.0 0.0218864 -4.03196e-16
2.0 33.0 0.0183176 -4.03196e-16
2.0 33.0 0.028717 -4.03196e-16
2.0 33.0 0.0255699 -4.03196e-16
2.0 33.0 0.0218052 -4.03196e-16
2.0 33.0 0.0204889 -4.03196e-16
2.0 33.0 0.0191834 -4.03196e-16
2.0 33.0 0.0246698 -4.03196e-16
2.0 33.0 0.0271773 -4.03196e-16
2.0 33.0 0.0295855 -4.03196e-16
2.0 33.0 0.0191263 -4.03196e-16
2.0 33.0 0.0254176 -4.03196e-16
3.0 3.0 0.0808293 211.426
3.0 3.0 0.0805721 211.426
3.0 3.0 0.076971 211.426
3.0 3.0 0.0639915 211.426
3.0 3.0 0.0752291 211.426
3.0 3.0 0.0768498 211.426
3.0 3.0 0.068199 211.426
3.0 3.0 0.09692 211.426
3.0 3.0 0.0837517 211.426
3.0 3.0 0.0805721 211.426
3.0 3.0 0.0799249 211.426
3.0 3.0 0.064182 211.426
3.0 3.0 0.0780005 211.426
3.0 3.0 0.0630313 211.426
3.0 3.0 0.0853296 211.426
3.0 3.0 0.079021 211.426
3.0 3.0 0.0806998 211.426
3.0 3.0 0.0834161 211.426
3.0 3.0 0.0828408 211.426
3.0 3.0 0.077316 211.426
3.0 3.0 0.0756323 211.426
3.0 3.0 0.0849565 211.426
3.0 3.0 0.081519 211.426
3.0 3.0 0.0669941 211.426
3.0 3.0 0.0750421 211.426
3.0 3.0 0.0632905 211.426
3.0 3.0 0.0633104 211.426
3.0 3.0 0.0737333 211.426
3.0 3.0 0.0652916 211.426
3.0 3.0 0.0799374 211.426
3.0 3.0 0.0780833 211.426
3.0 3.0 0.0789265 211.426
3.0 3.0 0.0808951 211.426
3.0 3.0 0.0867794 211.426
3.0 3.0 0.0635851 211.426
3.0 3.0 0.062814 211.426
3.0 3.0 0.0627762 211.426
3.0 3.0 0.0796374 211.426
3.0 3.0 0.0773902 211.426
3.0 3.0 0.0784337 211.426
3.0 3.0 0.0794817 211.426
3.0 3.0 0.0629195 211.426
3.0 3.0 0.0814806 211.426
3.0 3.0 0.0935681 211.426
3.0 3.0 0.0780562 211.426
3.0 3.0 0.0883933 211.426
3.0 3.0 0.0860545 211.426
3.0 3.0 0.0730921 211.426
3.0 3.0 0.0771813 211.426
3.0 3.0 0.0797581 211.426
3.0 4.0 0.0503352 211.426
3.0 4.0 0.062305 211.426
3.0 4.0 0.0556327 211.426
3.0 4.0 0.0618077 211.426
3.0 4.0 0.0587875 211.426
3.0 4.0 0.0572588 211.426
3.0 4.0 0.0561678 211.426
3.0 4.0 0.0558129 211.426
3.0 4.0 0.0610299 211.426
3.0 4.0 0.053438 211.426
3.0 4.0 0.0659101 211.426
3.0 4.0 0.061431 211.426
3.0 4.0 0.0509213 211.426
3.0 4.0 0.0584051 211.426
3.0 4.0 0.0531254 211.426
3.0 4.0 0.0537316 211.426
3.0 4.0 0.0567746 211.426
3.0 4.0 0.0534699 211.426
3.0 4.0 0.0587724 211.426
3.0 4.0 0.0558664 211.426
3.0 4.0 0.0539224 211.426
3.0 4.0 0.0552591 211.426
3.0 4.0 0.0565467 211.426
3.0 4.0 0.0528807 211.426
3.0 4.0 0.0571785 211.426
3.0 4.0 0.0532104 211.426
3.0 4.0 0.0588816 211.426
3.0 4.0 0.0547131 211.426
3.0 4.0 0.054609 211.426
3.0 4.0 0.0548776 211.426
3.0 4.0 0.0528267 211.426
3.0 4.0 0.0582786 211.426
3.0 4.0 0.0578701 211.426
3.0 4.0 0.0610527 211.426
3.0 4.0 0.0554714 211.426
3.0 4.0 0.05573 211.426
3.0 4.0 0.0502303 211.426
3.0 4.0 0.0564644 211.426
3.0 4.0 0.0644848 211.426
3.0 4.0 0.065929 211.426
3.0 4.0 0.0606471 211.426
3.0 4.0 0.0646388 211.426
3.0 4.0 0.0574968 211.426
3.0 4.0 0.0596859 211.426
3.0 4.0 0.0564295 211.426
3.0 4.0 0.0576139 211.426
3.0 4.0 0.0585728 211.426
3.0 4.0 0.060118 211.426
3.0 4.0 0.0616451 211.426
3.0 4.0 0.0577947 211.426
3.0 5.0 0.0669528 211.426
3.0 5.0 0.0666468 211.426
3.0 5.0 0.0560245 211.426
3.0 5.0 0.066923 211.426
3.0 5.0 0.0674271 211.426
3.0 5.0 0.0670143 211.426
3.0 5.0 0.0426984 211.426
3.0 5.0 0.0527033 211.426
3.0 5.0 0.0438186 211.426
3.0 5.0 0.0719314 211.426
3.0 5.0 0.0468552 211.426
3.0 5.0 0.0669572 211.426
3.0 5.0 0.0657991 211.426
3.0 5.0 0.0421972 211.426
3.0 5.0 0.0721562 211.426
3.0 5.0 0.0474459 211.426
3.0 5.0 0.0718394 211.426
3.0 5.0 0.0706451 211.426
3.0 5.0 0.0667346 211.426
3.0 5.0 0.0720411 211.426
3.0 5.0 0.0681979 211.426
3.0 5.0 0.0708982 211.426
3.0 5.0 0.0715108 211.426
3.0 5.0 0.0500886 211.426
3.0 5.0 0.0671199 211.426
3.0 5.0 0.0499128 211.426
3.0 5.0 0.0398197 211.426
3.0 5.0 0.0716565 211.426
3.0 5.0 0.0556943 211.426
3.0 5.0 0.071868 211.426
3.0 5.0 0.0661809 211.426
3.0 5.0 0.0532008 211.426
3.0 5.0 0.0672549 211.426
3.0 5.0 0.0469144 211.426
3.0 5.0 0.0723273 211.426
3.0 5.0 0.0484178 211.426
3.0 5.0 0.0477765 211.426
3.0 5.0 0.0486233 211.426
3.0 5.0 0.0440715 211.426
3.0 5.0 0.047756 211.426
3.0 5.0 0.0438684 211.426
3.0 5.0 0.066419 211.426
3.0 5.0 0.0447995 211.426
3.0 5.0 0.0660508 211.426
3.0 5.0 0.0451553 211.426
3.0 5.0 0.0659451 211.426
3.0 5.0 0.0673517 211.426
3.0 5.0 0.0693077 211.426
3.0 5.0 0.0664967 211.426
3.0 5.0 0.0454417 211.426
3.0 7.0 0.044083 211.426
3.0 7.0 0.0330643 211.426
3.0 7.0 0.0334434 211.426
3.0 7.0 0.0403576 211.426
3.0 7.0 0.0343535 211.426
3.0 7.0 0.047581 211.426
3.0 7.0 0.0414992 211.426
3.0 7.0 0.0336147 211.426
3.0 7.0 0.0436844 211.426
3.0 7.0 0.0348309 211.426
3.0 7.0 0.0329181 211.426
3.0 7.0 0.0336368 211.426
3.0 7.0 0.0381916 211.426
3.0 7.0 0.0413332 211.426
3.0 7.0 0.0327969 211.426
3.0 7.0 0.0329528 211.426
3.0 7.0 0.0350787 211.426
3.0 7.0 0.038058 211.426
3.0 7.0 0.0461531 211.426
3.0 7.0 0.0348147 211.426
3.0 7.0 0.0327578 211.426
3.0 7.0 0.0445745 211.426
3.0 7.0 0.0331235 211.426
3.0 7.0 0.0334018 211.426
3.0 7.0 0.0349598 211.426
3.0 7.0 0.0333265 211.426
3.0 7.0 0.0377942 211.426
3.0 7.0 0.03333 211.426
3.0 7.0 0.0340714 211.426
3.0 7.0 0.0384976 211.426
3.0 7.0 0.0388926 211.426
3.0 7.0 0.0440981 211.426
3.0 7.0 0.0340445 211.426
3.0 7.0 0.0328056 211.426
3.0 7.0 0.0390974 211.426
3.0 7.0 0.0381672 211.426
3.0 7.0 0.0375359 211.426
3.0 7.0 0.0373016 211.426
3.0 7.0 0.0294428 211.426
3.0 7.0 0.0473559 211.426
3.0 7.0 0.0411929 211.426
3.0 7.0 0.0343571 211.426
3.0 7.0 0.0369408 211.426
3.0 7.0 0.0462456 211.426
3.0 7.0 0.0328346 211.426
3.0 7.0 0.0350726 211.426
3.0 7.0 0.0409332 211.426
3.0 7.0 0.0324259 211.426
3.0 7.0 0.0335675 211.426
3.0 7.0 0.0335675 211.426
3.0 8.0 0.0299366 211.406
3.0 8.0 0.0338874 211.406
3.0 8.0 0.0317969 211.406
3.0 8.0 0.0307596 211.406
3.0 8.0 0.0313904 211.406
3.0 8.0 0.0303019 211.406
3.0 8.0 0.0295426 211.406
3.0 8.0 0.0327723 211.406
3.0 8.0 0.0329394 211.406
3.0 8.0 0.024464 211.406
3.0 8.0 0.0316155 211.406
3.0 8.0 0.0305731 211.406
3.0 8.0 0.0305781 211.406
3.0 8.0 0.0312464 211.406
3.0 8.0 0.0276402 211.406
3.0 8.0 0.0332971 211.406
3.0 8.0 0.0307987 211.406
3.0 8.0 0.0247435 211.406
3.0 8.0 0.0275232 211.406
3.0 8.0 0.030045 211.406
3.0 8.0 0.0302423 211.406
3.0 8.0 0.0319609 211.406
3.0 8.0 0.0333182 211.406
3.0 8.0 0.028799 211.406
3.0 8.0 0.0308959 211.406
3.0 8.0 0.0299576 211.406
3.0 8.0 0.0281653 211.406
3.0 8.0 0.0319991 211.406
3.0 8.0 0.0318485 211.406
3.0 8.0 0.0284236 211.406
3.0 8.0 0.0301211 211.406
3.0 8.0 0.0278834 211.406
3.0 8.0 0.0310134 211.406
3.0 8.0 0.0263342 211.406
3.0 8.0 0.0283047 211.406
3.0 8.0 0.0322135 211.406
3.0 8.0 0.0278772 211.406
3.0 8.0 0.0283397 211.406
3.0 8.0 0.0294626 211.406
3.0 8.0 0.0279209 211.406
3.0 8.0 0.0293018 211.406
3.0 8.0 0.0307702 211.406
3.0 8.0 0.0306468 211.406
3.0 8.0 0.0297486 211.406
3.0 8.0 0.0303925 211.406
3.0 8.0 0.0299753 211.406
3.0 8.0 0.0303388 211.406
3.0 8.0 0.0314186 211.406
3.0 8.0 0.0279501 211.406
3.0 8.0 0.0327049 211.406
3.0 9.0 0.0407268 211.426
3.0 9.0 0.0319493 211.426
3.0 9.0 0.0281404 211.426
3.0 9.0 0.0395582 211.426
3.0 9.0 0.0397612 211.426
3.0 9.0 0.0365284 211.426
3.0 9.0 0.0387166 211.426
3.0 9.0 0.0339477 211.426
3.0 9.0 0.0377379 211.426
3.0 9.0 0.0274018 211.426
3.0 9.0 0.0271142 211.426
3.0 9.0 0.0311529 211.426
3.0 9.0 0.0303145 211.426
3.0 9.0 0.0333033 211.426
3.0 9.0 0.0338357 211.426
3.0 9.0 0.0300257 211.426
3.0 9.0 0.0381962 211.426
3.0 9.0 0.0285502 211.426
3.0 9.0 0.0275694 211.426
3.0 9.0 0.0280381 211.426
3.0 9.0 0.0389452 211.426
3.0 9.0 0.0249598 211.426
3.0 9.0 0.0401359 211.426
3.0 9.0 0.0276596 211.426
3.0 9.0 0.0279175 211.426
3.0 9.0 0.0287835 211.426
3.0 9.0 0.0315036 211.426
3.0 9.0 0.029469 211.426
3.0 9.0 0.032082 211.426
3.0 9.0 0.0282298 211.426
3.0 9.0 0.0289693 211.426
3.0 9.0 0.0319861 211.426
3.0 9.0 0.0386084 211.426
3.0 9.0 0.0297233 211.426
3.0 9.0 0.0283643 211.426
3.0 9.0 0.0412456 211.426
3.0 9.0 0.0324397 211.426
3.0 9.0 0.0355642 211.426
3.0 9.0 0.0299127 211.426
3.0 9.0 0.0287484 211.426
3.0 9.0 0.0284697 211.426
3.0 9.0 0.028448 211.426
3.0 9.0 0.0361604 211.426
3.0 9.0 0.0306332 211.426
3.0 9.0 0.0260642 211.426
3.0 9.0 0.0350672 211.426
3.0 9.0 0.0280351 211.426
3.0 9.0 0.0261801 211.426
3.0 9.0 0.0355107 211.426
3.0 9.0 0.0271271 211.426
3.0 15.0 0.021304 211.422
3.0 15.0 0.0199703 211.422
3.0 15.0 0.0258608 211.422
3.0 15.0 0.0179317 211.422
3.0 15.0 0.0292449 211.422
3.0 15.0 0.0192187 211.422
3.0 15.0 0.0311129 211.422
3.0 15.0 0.0273865 211.422
3.0 15.0 0.0233418 211.422
3.0 15.0 0.0180649 211.422
3.0 15.0 0.0185065 211.422
3.0 15.0 0.0156419 211.422
3.0 15.0 0.0246266 211.422
3.0 15.0 0.0165905 211.422
3.0 15.0 0.0224017 211.422
3.0 15.0 0.0268058 211.422
3.0 15.0 0.0217609 211.422
3.0 15.0 0.0306771 211.422
3.0 15.0 0.0184459 211.422
3.0 15.0 0.0180769 211.422
3.0 15.0 0.0232552 211.422
3.0 15.0 0.0186735 211.422
3.0 15.0 0.021565 211.422
3.0 15.0 0.01904 211.422
3.0 15.0 0.0292785 211.422
3.0 15.0 0.0169766 211.422
3.0 15.0 0.0156667 211.422
3.0 15.0 0.0184697 211.422
3.0 15.0 0.0292648 211.422
3.0 15.0 0.0158986 211.422
3.0 15.0 0.0185749 211.422
3.0 15.0 0.030848 211.422
3.0 15.0 0.0203173 211.422
3.0 15.0 0.019118 211.422
3.0 15.0 0.0187881 211.422
3.0 15.0 0.0272795 211.422
3.0 15.0 0.0182895 211.422
3.0 15.0 0.0229345 211.422
3.0 15.0 0.0173346 211.422
3.0 15.0 0.022629 211.422
3.0 15.0 0.0189096 211.422
3.0 15.0 0.0240265 211.422
3.0 15.0 0.0318819 211.422
3.0 15.0 0.0182399 211.422
3.0 15.0 0.0313779 211.422
3.0 15.0 0.0248174 211.422
3.0 15.0 0.023721 211.422
3.0 15.0 0.0175628 211.422
3.0 15.0 0.0214059 211.422
3.0 15.0 0.024888 211.422
3.0 16.0 0.0185531 211.422
3.0 16.0 0.0196241 211.422
3.0 16.0 0.0267408 211.422
3.0 16.0 0.0236514 211.422
3.0 16.0 0.0247567 211.422
3.0 16.0 0.0268004 211.422
3.0 16.0 0.0169761 211.422
3.0 16.0 0.0246912 211.422
3.0 16.0 0.0204936 211.422
3.0 16.0 0.0164658 211.422
3.0 16.0 0.0195876 211.422
3.0 16.0 0.0187361 211.422
3.0 16.0 0.0174794 211.422
3.0 16.0 0.0180386 211.422
3.0 16.0 0.0192525 211.422
3.0 16.0 0.0182337 211.422
3.0 16.0 0.0211545 211.422
3.0 16.0 0.0263245 211.422
3.0 16.0 0.0308442 211.422
3.0 16.0 0.0182842 211.422
3.0 16.0 0.0239569 211.422
3.0 16.0 0.0191592 211.422
3.0 16.0 0.0226888 211.422
3.0 16.0 0.0200325 211.422
3.0 16.0 0.0195366 211.422
3.0 16.0 0.017233 211.422
3.0 16.0 0.0195948 211.422
3.0 16.0 0.0202874 211.422
3.0 16.0 0.018839 211.422
3.0 16.0 0.0280154 211.422
3.0 16.0 0.0189508 211.422
3.0 16.0 0.0174142 211.422
3.0 16.0 0.0260206 211.422
3.0 16.0 0.0279767 211.422
3.0 16.0 0.0187164 211.422
3.0 16.0 0.0310427 211.422
3.0 16.0 0.02269 211.422
3.0 16.0 0.0182544 211.422
3.0 16.0 0.0208957 211.422
3.0 16.0 0.0228304 211.422
3.0 16.0 0.026111 211.422
3.0 16.0 0.0253598 211.422
3.0 16.0 0.0176554 211.422
3.0 16.0 0.0189179 211.422
3.0 16.0 0.0301145 211.422
3.0 16.0 0.02524 211.422
3.0 16.0 0.022617 211.422
3.0 16.0 0.0202937 211.422
3.0 16.0 0.0247995 211.422
3.0 16.0 0.0271136 211.422
3.0 17.0 0.0173378 211.385
3.0 17.0 0.0145345 211.385
3.0 17.0 0.0184114 211.385
3.0 17.0 0.018298 211.385
3.0 17.0 0.0183781 211.385
3.0 17.0 0.0181334 211.385
3.0 17.0 0.0181932 211.385
3.0 17.0 0.0146517 211.385
3.0 17.0 0.0143971 211.385
3.0 17.0 0.0162161 211.385
3.0 17.0 0.0142458 211.385
3.0 17.0 0.0169538 211.385
3.0 17.0 0.0177535 211.385
3.0 17.0 0.0160925 211.385
3.0 17.0 0.0190835 211.385
3.0 17.0 0.0175879 211.385
3.0 17.0 0.0164255 211.385
3.0 17.0 0.0187429 211.385
3.0 17.0 0.0166162 211.385
3.0 17.0 0.0173491 211.385
3.0 17.0 0.016141 211.385
3.0 17.0 0.0167391 211.385
3.0 17.0 0.0188139 211.385
3.0 17.0 0.0165112 211.385
3.0 17.0 0.0205553 211.385
3.0 17.0 0.0167845 211.385
3.0 17.0 0.0175125 211.385
3.0 17.0 0.0166769 211.385
3.0 17.0 0.0176683 211.385
3.0 17.0 0.0206299 211.385
3.0 17.0 0.0142405 211.385
3.0 17.0 0.0158973 211.385
3.0 17.0 0.0174779 211.385
3.0 17.0 0.0172245 211.385
3.0 17.0 0.0172571 211.385
3.0 17.0 0.0174737 211.385
3.0 17.0 0.0177872 211.385
3.0 17.0 0.0160636 211.385
3.0 17.0 0.019271 211.385
3.0 17.0 0.0162755 211.385
3.0 17.0 0.0182515 211.385
3.0 17.0 0.0154405 211.385
3.0 17.0 0.0183259 211.385
3.0 17.0 0.0168075 211.385
3.0 17.0 0.0177993 211.385
3.0 17.0 0.0178968 211.385
3.0 17.0 0.0183755 211.385
3.0 17.0 0.0177828 211.385
3.0 17.0 0.0172932 211.385
3.0 17.0 0.0168592 211.385
3.0 31.0 0.0122392 211.098
3.0 31.0 0.0129554 211.098
3.0 31.0 0.012282 211.098
3.0 31.0 0.0135245 211.098
3.0 31.0 0.0131846 211.098
3.0 31.0 0.012573 211.098
3.0 31.0 0.0120445 211.098
3.0 31.0 0.0132083 211.098
3.0 31.0 0.0129891 211.098
3.0 31.0 0.013479 211.098
3.0 31.0 0.0127179 211.098
3.0 31.0 0.012993 211.098
3.0 31.0 0.00859176 211.098
3.0 31.0 0.013292 211.098
3.0 31.0 0.0126134 211.098
3.0 31.0 0.0134914 211.098
3.0 31.0 0.0137648 211.098
3.0 31.0 0.0120105 211.098
3.0 31.0 0.0151692 211.098
3.0 31.0 0.0142915 211.098
3.0 31.0 0.0132477 211.098
3.0 31.0 0.0131717 211.098
3.0 31.0 0.0131252 211.098
3.0 31.0 0.0131663 211.098
3.0 31.0 0.0126277 211.098
3.0 31.0 0.0114016 211.098
3.0 31.0 0.0132043 211.098
3.0 31.0 0.0117114 211.098
3.0 31.0 0.0147915 211.098
3.0 31.0 0.0119913 211.098
3.0 31.0 0.0124844 211.098
3.0 31.0 0.0114239 211.098
3.0 31.0 0.0136308 211.098
3.0 31.0 0.0139224 211.098
3.0 31.0 0.0109494 211.098
3.0 31.0 0.0133062 211.098
3.0 31.0 0.0123366 211.098
3.0 31.0 0.0122865 211.098
3.0 31.0 0.0123607 211.098
3.0 31.0 0.0142587 211.098
3.0 31.0 0.0121829 211.098
3.0 31.0 0.0139524 211.098
3.0 31.0 0.0136954 211.098
3.0 31.0 0.0131508 211.098
3.0 31.0 0.0114295 211.098
3.0 31.0 0.0155493 211.098
3.0 31.0 0.0116892 211.098
3.0 31.0 0.0138895 211.098
3.0 31.0 0.0115143 211.098
3.0 31.0 0.0115143 211.098
3.0 32.0 0.0130748 211.098
3.0 32.0 0.0131857 211.098
3.0 32.0 0.0145278 211.098
3.0 32.0 0.0107496 211.098
3.0 32.0 0.0132203 211.098
3.0 32.0 0.0147841 211.098
3.0 32.0 0.0111658 211.098
3.0 32.0 0.0130664 211.098
3.0 32.0 0.0107088 211.098
3.0 32.0 0.0132422 211.098
3.0 32.0 0.0134004 211.098
3.0 32.0 0.0120433 211.098
3.0 32.0 0.0123616 211.098
3.0 32.0 0.0123299 211.098
3.0 32.0 0.0134002 211.098
3.0 32.0 0.0131543 211.098
3.0 32.0 0.0130738 211.098
3.0 32.0 0.0130237 211.098
3.0 32.0 0.0129058 211.098
3.0 32.0 0.0147546 211.098
3.0 32.0 0.0130124 211.098
3.0 32.0 0.0146626 211.098
3.0 32.0 0.0142616 211.098
3.0 32.0 0.0117454 211.098
3.0 32.0 0.0131569 211.098
3.0 32.0 0.00929335 211.098
3.0 32.0 0.0138262 211.098
3.0 32.0 0.0145606 211.098
3.0 32.0 0.0146455 211.098
3.0 32.0 0.01304 211.098
3.0 32.0 0.0141658 211.098
3.0 32.0 0.0112284 211.098
3.0 32.0 0.0131643 211.098
3.0 32.0 0.0134593 211.098
3.0 32.0 0.0132346 211.098
3.0 32.0 0.0136425 211.098
3.0 32.0 0.0132764 211.098
3.0 32.0 0.0135193 211.098
3.0 32.0 0.0135398 211.098
3.0 32.0 0.0137269 211.098
3.0 32.0 0.0132345 211.098
3.0 32.0 0.0119422 211.098
3.0 32.0 0.0151966 211.098
3.0 32.0 0.0131346 211.098
3.0 32.0 0.0124208 211.098
3.0 32.0 0.0134937 211.098
3.0 32.0 0.012795 211.098
3.0 32.0 0.0115047 211.098
3.0 32.0 0.0111253 211.098
3.0 32.0 0.0111253 211.098
3.0 33.0 0.00907738 211.098
3.0 33.0 0.0134683 211.098
3.0 33.0 0.0141183 211.098
3.0 33.0 0.0115467 211.098
3.0 33.0 0.0131818 211.098
3.0 33.0 0.0131574 211.098
3.0 33.0 0.0130729 211.098
3.0 33.0 0.0103617 211.098
3.0 33.0 0.0144679 211.098
3.0 33.0 0.0126496 211.098
3.0 33.0 0.0126753 211.098
3.0 33.0 0.0126118 211.098
3.0 33.0 0.0132498 211.098
3.0 33.0 0.0133029 211.098
3.0 33.0 0.0102827 211.098
3.0 33.0 0.0133297 211.098
3.0 33.0 0.0124983 211.098
3.0 33.0 0.0126118 211.098
3.0 33.0 0.013758 211.098
3.0 33.0 0.0119469 211.098
3.0 33.0 0.0130954 211.098
3.0 33.0 0.0133998 211.098
3.0 33.0 0.0131902 211.098
3.0 33.0 0.0130771 211.098
3.0 33.0 0.0121071 211.098
3.0 33.0 0.0137769 211.098
3.0 33.0 0.0114585 211.098
3.0 33.0 0.0143491 211.098
3.0 33.0 0.0115833 211.098
3.0 33.0 0.0137351 211.098
3.0 33.0 0.0129819 211.098
3.0 33.0 0.0130403 211.098
3.0 33.0 0.0135643 211.098
3.0 33.0 0.0119254 211.098
3.0 33.0 0.0135078 211.098
3.0 33.0 0.011409 211.098
3.0 33.0 0.0117237 211.098
3.0 33.0 0.012116 211.098
3.0 33.0 0.0109063 211.098
3.0 33.0 0.0131646 211.098
3.0 33.0 0.0134279 211.098
3.0 33.0 0.0129328 211.098
3.0 33.0 0.012938 211.098
3.0 33.0 0.0144115 211.098
3.0 33.0 0.0133156 211.098
3.0 33.0 0.0115366 211.098
3.0 33.0 0.0105192 211.098
3.0 33.0 0.0133533 211.098
3.0 33.0 0.0133633 211.098
3.0 33.0 0.0133633 211.098
4.0 3.0 0.0669904 9.99273
4.0 3.0 0.0709884 9.99273
4.0 3.0 0.067835 9.99273
4.0 3.0 0.0751955 9.99273
4.0 3.0 0.0547851 9.99273
4.0 3.0 0.0559048 9.99273
4.0 3.0 0.0543684 9.99273
4.0 3.0 0.0681509 9.99273
4.0 3.0 0.0714879 9.99273
4.0 3.0 0.0705564 9.99273
4.0 3.0 0.0706616 9.99273
4.0 3.0 0.0633701 9.99273
4.0 3.0 0.0757883 9.99273
4.0 3.0 0.0714278 9.99273
4.0 3.0 0.0667122 9.99273
4.0 3.0 0.0568852 9.99273
4.0 3.0 0.0666339 9.99273
4.0 3.0 0.0664769 9.99273
4.0 3.0 0.0694346 9.99273
4.0 3.0 0.0571086 9.99273
4.0 3.0 0.0660106 9.99273
4.0 3.0 0.0669523 9.99273
4.0 3.0 0.0735597 9.99273
4.0 3.0 0.0543936 9.99273
4.0 3.0 0.0727687 9.99273
4.0 3.0 0.0545405 9.99273
4.0 3.0 0.0739933 9.99273
4.0 3.0 0.0576331 9.99273
4.0 3.0 0.0566676 9.99273
4.0 3.0 0.0669545 9.99273
4.0 3.0 0.0666737 9.99273
4.0 3.0 0.0749491 9.99273
4.0 3.0 0.067407 9.99273
4.0 3.0 0.0566391 9.99273
4.0 3.0 0.0711202 9.99273
4.0 3.0 0.0576497 9.99273
4.0 3.0 0.0737502 9.99273
4.0 3.0 0.0697572 9.99273
4.0 3.0 0.0731177 9.99273
4.0 3.0 0.0642665 9.99273
4.0 3.0 0.0733692 9.99273
4.0 3.0 0.0695546 9.99273
4.0 3.0 0.0672789 9.99273
4.0 3.0 0.0718802 9.99273
4.0 3.0 0.0677303 9.99273
4.0 3.0 0.0656457 9.99273
4.0 3.0 0.0688048 9.99273
4.0 3.0 0.0629431 9.99273
4.0 3.0 0.0543954 9.99273
4.0 3.0 0.067173 9.99273
4.0 4.0 0.0478908 9.99778
4.0 4.0 0.0545697 9.99778
4.0 4.0 0.0546521 9.99778
4.0 4.0 0.0505741 9.99778
4.0 4.0 0.0543813 9.99778
4.0 4.0 0.0469726 9.99778
4.0 4.0 0.0566312 9.99778
4.0 4.0 0.052035 9.99778
4.0 4.0 0.0526967 9.99778
4.0 4.0 0.0506541 9.99778
4.0 4.0 0.0515153 9.99778
4.0 4.0 0.0568595 9.99778
4.0 4.0 0.052882 9.99778
4.0 4.0 0.055079 9.99778
4.0 4.0 0.0480043 9.99778
4.0 4.0 0.0476026 9.99778
4.0 4.0 0.046642 9.99778
4.0 4.0 0.0494087 9.99778
4.0 4.0 0.0519059 9.99778
4.0 4.0 0.053569 9.99778
4.0 4.0 0.0579977 9.99778
4.0 4.0 0.0543647 9.99778
4.0 4.0 0.0533731 9.99778
4.0 4.0 0.0493248 9.99778
4.0 4.0 0.0481437 9.99778
4.0 4.0 0.0507321 9.99778
4.0 4.0 0.0583091 9.99778
4.0 4.0 0.0477281 9.99778
4.0 4.0 0.046997 9.99778
4.0 4.0 0.0454912 9.99778
4.0 4.0 0.0467292 9.99778
4.0 4.0 0.0499299 9.99778
4.0 4.0 0.0495732 9.99778
4.0 4.0 0.0525229 9.99778
4.0 4.0 0.0530625 9.99778
4.0 4.0 0.0495393 9.99778
4.0 4.0 0.0475717 9.99778
4.0 4.0 0.0506019 9.99778
4.0 4.0 0.0462934 9.99778
4.0 4.0 0.0527761 9.99778
4.0 4.0 0.0472763 9.99778
4.0 4.0 0.0466589 9.99778
4.0 4.0 0.0545487 9.99778
4.0 4.0 0.0528196 9.99778
4.0 4.0 0.0521285 9.99778
4.0 4.0 0.0512934 9.99778
4.0 4.0 0.053014 9.99778
4.0 4.0 0.0557736 9.99778
4.0 4.0 0.0560672 9.99778
4.0 4.0 0.0547215 9.99778
4.0 5.0 0.0667958 9.99755
4.0 5.0 0.0371231 9.99755
4.0 5.0 0.0380693 9.99755
4.0 5.0 0.0671548 9.99755
4.0 5.0 0.0670179 9.99755
4.0 5.0 0.0468379 9.99755
4.0 5.0 0.0671669 9.99755
4.0 5.0 0.0378881 9.99755
4.0 5.0 0.0449001 9.99755
4.0 5.0 0.0412718 9.99755
4.0 5.0 0.0343665 9.99755
4.0 5.0 0.03871 9.99755
4.0 5.0 0.0671674 9.99755
4.0 5.0 0.0620817 9.99755
4.0 5.0 0.0626519 9.99755
4.0 5.0 0.0344165 9.99755
4.0 5.0 0.0465236 9.99755
4.0 5.0 0.0403282 9.99755
4.0 5.0 0.0450069 9.99755
4.0 5.0 0.0682485 9.99755
4.0 5.0 0.0361237 9.99755
4.0 5.0 0.067885 9.99755
4.0 5.0 0.062151 9.99755
4.0 5.0 0.0413276 9.99755
4.0 5.0 0.0626173 9.99755
4.0 5.0 0.0437736 9.99755
4.0 5.0 0.0629295 9.99755
4.0 5.0 0.0419512 9.99755
4.0 5.0 0.0359426 9.99755
4.0 5.0 0.0408789 9.99755
4.0 5.0 0.0616463 9.99755
4.0 5.0 0.041415 9.99755
4.0 5.0 0.0634921 9.99755
4.0 5.0 0.062412 9.99755
4.0 5.0 0.0631301 9.99755
4.0 5.0 0.0395869 9.99755
4.0 5.0 0.0388077 9.99755
4.0 5.0 0.0631178 9.99755
4.0 5.0 0.0378591 9.99755
4.0 5.0 0.0365056 9.99755
4.0 5.0 0.0629365 9.99755
4.0 5.0 0.0366666 9.99755
4.0 5.0 0.0370464 9.99755
4.0 5.0 0.0404666 9.99755
4.0 5.0 0.0414033 9.99755
4.0 5.0 0.0389208 9.99755
4.0 5.0 0.0394032 9.99755
4.0 5.0 0.0446982 9.99755
4.0 5.0 0.0637165 9.99755
4.0 5.0 0.0666258 9.99755
4.0 7.0 0.0263744 9.9869
4.0 7.0 0.0270061 9.9869
4.0 7.0 0.0280159 9.9869
4.0 7.0 0.0312024 9.9869
4.0 7.0 0.0264498 9.9869
4.0 7.0 0.0276272 9.9869
4.0 7.0 0.0284118 9.9869
4.0 7.0 0.0260497 9.9869
4.0 7.0 0.0301618 9.9869
4.0 7.0 0.0261118 9.9869
4.0 7.0 0.0276762 9.9869
4.0 7.0 0.0247879 9.9869
4.0 7.0 0.0282189 9.9869
4.0 7.0 0.0288673 9.9869
4.0 7.0 0.0263438 9.9869
4.0 7.0 0.0267657 9.9869
4.0 7.0 0.0255347 9.9869
4.0 7.0 0.0279638 9.9869
4.0 7.0 0.0264985 9.9869
4.0 7.0 0.0271606 9.9869
4.0 7.0 0.0301354 9.9869
4.0 7.0 0.0312511 9.9869
4.0 7.0 0.0267683 9.9869
4.0 7.0 0.0282913 9.9869
4.0 7.0 0.0251741 9.9869
4.0 7.0 0.0263908 9.9869
4.0 7.0 0.0269549 9.9869
4.0 7.0 0.0268415 9.9869
4.0 7.0 0.0287733 9.9869
4.0 7.0 0.029742 9.9869
4.0 7.0 0.0303512 9.9869
4.0 7.0 0.0277598 9.9869
4.0 7.0 0.0265337 9.9869
4.0 7.0 0.0266816 9.9869
4.0 7.0 0.0250413 9.9869
4.0 7.0 0.0278644 9.9869
4.0 7.0 0.0241158 9.9869
4.0 7.0 0.0261752 9.9869
4.0 7.0 0.0279658 9.9869
4.0 7.0 0.0268291 9.9869
4.0 7.0 0.0253301 9.9869
4.0 7.0 0.0273583 9.9869
4.0 7.0 0.0257114 9.9869
4.0 7.0 0.0312884 9.9869
4.0 7.0 0.0303486 9.9869
4.0 7.0 0.0239084 9.9869
4.0 7.0 0.0268815 9.9869
4.0 7.0 0.0284704 9.9869
4.0 7.0 0.0284704 9.9869
4.0 7.0 0.0284704 9.9869
4.0 8.0 0.0266011 9.98285
4.0 8.0 0.0258497 9.98285
4.0 8.0 0.0266423 9.98285
4.0 8.0 0.0240992 9.98285
4.0 8.0 0.0250933 9.98285
4.0 8.0 0.0274566 9.98285
4.0 8.0 0.0253748 9.98285
4.0 8.0 0.025989 9.98285
4.0 8.0 0.0260178 9.98285
4.0 8.0 0.0261757 9.98285
4.0 8.0 0.024255 9.98285
4.0 8.0 0.0265749 9.98285
4.0 8.0 0.0258365 9.98285
4.0 8.0 0.0236955 9.98285
4.0 8.0 0.0232475 9.98285
4.0 8.0 0.0287034 9.98285
4.0 8.0 0.027416 9.98285
4.0 8.0 0.0259777 9.98285
4.0 8.0 0.0247273 9.98285
4.0 8.0 0.0242164 9.98285
4.0 8.0 0.0250674 9.98285
4.0 8.0 0.0266034 9.98285
4.0 8.0 0.0286776 9.98285
4.0 8.0 0.0236775 9.98285
4.0 8.0 0.024905 9.98285
4.0 8.0 0.0274221 9.98285
4.0 8.0 0.0223099 9.98285
4.0 8.0 0.0225649 9.98285
4.0 8.0 0.0236959 9.98285
4.0 8.0 0.026485 9.98285
4.0 8.0 0.0329108 9.98285
4.0 8.0 0.0230435 9.98285
4.0 8.0 0.0252675 9.98285
4.0 8.0 0.0233968 9.98285
4.0 8.0 0.0241375 9.98285
4.0 8.0 0.0249974 9.98285
4.0 8.0 0.0299361 9.98285
4.0 8.0 0.0244549 9.98285
4.0 8.0 0.0256601 9.98285
4.0 8.0 0.0248601 9.98285
4.0 8.0 0.0248997 9.98285
4.0 8.0 0.0262221 9.98285
4.0 8.0 0.0302674 9.98285
4.0 8.0 0.0250982 9.98285
4.0 8.0 0.0262321 9.98285
4.0 8.0 0.0242615 9.98285
4.0 8.0 0.0283173 9.98285
4.0 8.0 0.0258368 9.98285
4.0 8.0 0.0257417 9.98285
4.0 8.0 0.0257417 9.98285
4.0 9.0 0.0255729 9.99521
4.0 9.0 0.0268871 9.99521
4.0 9.0 0.0273914 9.99521
4.0 9.0 0.0282769 9.99521
4.0 9.0 0.0289264 9.99521
4.0 9.0 0.0248584 9.99521
4.0 9.0 0.0260471 9.99521
4.0 9.0 0.0258067 9.99521
4.0 9.0 0.0284027 9.99521
4.0 9.0 0.0311564 9.99521
4.0 9.0 0.0281595 9.99521
4.0 9.0 0.0254683 9.99521
4.0 9.0 0.0293918 9.99521
4.0 9.0 0.0250969 9.99521
4.0 9.0 0.0301192 9.99521
4.0 9.0 0.0285225 9.99521
4.0 9.0 0.0273825 9.99521
4.0 9.0 0.0268675 9.99521
4.0 9.0 0.0271783 9.99521
4.0 9.0 0.0282757 9.99521
4.0 9.0 0.0279601 9.99521
4.0 9.0 0.0288056 9.99521
4.0 9.0 0.0273395 9.99521
4.0 9.0 0.0275248 9.99521
4.0 9.0 0.0246143 9.99521
4.0 9.0 0.0273305 9.99521
4.0 9.0 0.0278051 9.99521
4.0 9.0 0.0288377 9.99521
4.0 9.0 0.0255669 9.99521
4.0 9.0 0.0277962 9.99521
4.0 9.0 0.0262755 9.99521
4.0 9.0 0.0261229 9.99521
4.0 9.0 0.0268779 9.99521
4.0 9.0 0.0282367 9.99521
4.0 9.0 0.0254545 9.99521
4.0 9.0 0.0246679 9.99521
4.0 9.0 0.0265237 9.99521
4.0 9.0 0.0270323 9.99521
4.0 9.0 0.0258504 9.99521
4.0 9.0 0.0268703 9.99521
4.0 9.0 0.0287614 9.99521
4.0 9.0 0.0279566 9.99521
4.0 9.0 0.0285339 9.99521
4.0 9.0 0.0264363 9.99521
4.0 9.0 0.0250135 9.99521
4.0 9.0 0.0257369 9.99521
4.0 9.0 0.0293023 9.99521
4.0 9.0 0.0266347 9.99521
4.0 9.0 0.0249357 9.99521
4.0 9.0 0.0285247 9.99521
4.0 15.0 0.023443 9.99521
4.0 15.0 0.0195198 9.99521
4.0 15.0 0.0176936 9.99521
4.0 15.0 0.0188572 9.99521
4.0 15.0 0.0260951 9.99521
4.0 15.0 0.0248316 9.99521
4.0 15.0 0.0251861 9.99521
4.0 15.0 0.0211398 9.99521
4.0 15.0 0.0228035 9.99521
4.0 15.0 0.023162 9.99521
4.0 15.0 0.0191649 9.99521
4.0 15.0 0.0212857 9.99521
4.0 15.0 0.0188039 9.99521
4.0 15.0 0.0286507 9.99521
4.0 15.0 0.0218248 9.99521
4.0 15.0 0.0182033 9.99521
4.0 15.0 0.0239597 9.99521
4.0 15.0 0.0200815 9.99521
4.0 15.0 0.0223377 9.99521
4.0 15.0 0.0184961 9.99521
4.0 15.0 0.0241498 9.99521
4.0 15.0 0.023352 9.99521
4.0 15.0 0.0243556 9.99521
4.0 15.0 0.0217694 9.99521
4.0 15.0 0.0219618 9.99521
4.0 15.0 0.0247871 9.99521
4.0 15.0 0.0199632 9.99521
4.0 15.0 0.0244497 9.99521
4.0 15.0 0.0201949 9.99521
4.0 15.0 0.0232841 9.99521
4.0 15.0 0.0278552 9.99521
4.0 15.0 0.0172381 9.99521
4.0 15.0 0.0228629 9.99521
4.0 15.0 0.0209948 9.99521
4.0 15.0 0.0263708 9.99521
4.0 15.0 0.0171164 9.99521
4.0 15.0 0.0194735 9.99521
4.0 15.0 0.0250649 9.99521
4.0 15.0 0.0188908 9.99521
4.0 15.0 0.020175 9.99521
4.0 15.0 0.0167685 9.99521
4.0 15.0 0.0197671 9.99521
4.0 15.0 0.0309867 9.99521
4.0 15.0 0.0242946 9.99521
4.0 15.0 0.0171605 9.99521
4.0 15.0 0.0240781 9.99521
4.0 15.0 0.019091 9.99521
4.0 15.0 0.0232742 9.99521
4.0 15.0 0.0247265 9.99521
4.0 15.0 0.0247265 9.99521
4.0 16.0 0.0247854 9.99521
4.0 16.0 0.0218749 9.99521
4.0 16.0 0.0170437 9.99521
4.0 16.0 0.020561 9.99521
4.0 16.0 0.0258496 9.99521
4.0 16.0 0.022634 9.99521
4.0 16.0 0.0207692 9.99521
4.0 16.0 0.0219015 9.99521
4.0 16.0 0.0177805 9.99521
4.0 16.0 0.0202629 9.99521
4.0 16.0 0.01768 9.99521
4.0 16.0 0.0212919 9.99521
4.0 16.0 0.0229835 9.99521
4.0 16.0 0.0227265 9.99521
4.0 16.0 0.01578 9.99521
4.0 16.0 0.0244612 9.99521
4.0 16.0 0.0151941 9.99521
4.0 16.0 0.0175974 9.99521
4.0 16.0 0.0258382 9.99521
4.0 16.0 0.027967 9.99521
4.0 16.0 0.0217543 9.99521
4.0 16.0 0.0211548 9.99521
4.0 16.0 0.0246001 9.99521
4.0 16.0 0.0293526 9.99521
4.0 16.0 0.0225432 9.99521
4.0 16.0 0.018975 9.99521
4.0 16.0 0.0194354 9.99521
4.0 16.0 0.0196811 9.99521
4.0 16.0 0.0259573 9.99521
4.0 16.0 0.0250139 9.99521
4.0 16.0 0.0234149 9.99521
4.0 16.0 0.0185895 9.99521
4.0 16.0 0.0234376 9.99521
4.0 16.0 0.0221894 9.99521
4.0 16.0 0.0178966 9.99521
4.0 16.0 0.0178086 9.99521
4.0 16.0 0.0187311 9.99521
4.0 16.0 0.0180818 9.99521
4.0 16.0 0.025534 9.99521
4.0 16.0 0.0212423 9.99521
4.0 16.0 0.0184243 9.99521
4.0 16.0 0.0249594 9.99521
4.0 16.0 0.0162618 9.99521
4.0 16.0 0.0259422 9.99521
4.0 16.0 0.0285761 9.99521
4.0 16.0 0.0256665 9.99521
4.0 16.0 0.0258177 9.99521
4.0 16.0 0.0174022 9.99521
4.0 16.0 0.0234097 9.99521
4.0 16.0 0.0234097 9.99521
4.0 17.0 0.01496 9.94585
4.0 17.0 0.0128337 9.94585
4.0 17.0 0.0153636 9.94585
4.0 17.0 0.0169615 9.94585
4.0 17.0 0.0262236 9.94585
4.0 17.0 0.0190302 9.94585
4.0 17.0 0.0197699 9.94585
4.0 17.0 0.015035 9.94585
4.0 17.0 0.0196596 9.94585
4.0 17.0 0.0233632 9.94585
4.0 17.0 0.013457 9.94585
4.0 17.0 0.0201056 9.94585
4.0 17.0 0.0197515 9.94585
4.0 17.0 0.0157584 9.94585
4.0 17.0 0.017892 9.94585
4.0 17.0 0.0183421 9.94585
4.0 17.0 0.0225388 9.94585
4.0 17.0 0.01973 9.94585
4.0 17.0 0.0203238 9.94585
4.0 17.0 0.0202991 9.94585
4.0 17.0 0.0148066 9.94585
4.0 17.0 0.0127166 9.94585
4.0 17.0 0.0230094 9.94585
4.0 17.0 0.0189505 9.94585
4.0 17.0 0.0175851 9.94585
4.0 17.0 0.0185347 9.94585
4.0 17.0 0.0152983 9.94585
4.0 17.0 0.0190953 9.94585
4.0 17.0 0.0157299 9.94585
4.0 17.0 0.027164 9.94585
4.0 17.0 0.0183015 9.94585
4.0 17.0 0.0133056 9.94585
4.0 17.0 0.0154451 9.94585
4.0 17.0 0.0262105 9.94585
4.0 17.0 0.020808 9.94585
4.0 17.0 0.0192958 9.94585
4.0 17.0 0.0197037 9.94585
4.0 17.0 0.0262754 9.94585
4.0 17.0 0.0197151 9.94585
4.0 17.0 0.0160179 9.94585
4.0 17.0 0.0202754 9.94585
4.0 17.0 0.0143952 9.94585
4.0 17.0 0.0134956 9.94585
4.0 17.0 0.0226767 9.94585
4.0 17.0 0.0198521 9.94585
4.0 17.0 0.0150647 9.94585
4.0 17.0 0.0178934 9.94585
4.0 17.0 0.0168853 9.94585
4.0 17.0 0.018115 9.94585
4.0 17.0 0.0221832 9.94585
4.0 31.0 0.00996626 9.98959
4.0 31.0 0.0100521 9.98959
4.0 31.0 0.00994505 9.98959
4.0 31.0 0.00991393 9.98959
4.0 31.0 0.0120742 9.98959
4.0 31.0 0.0104022 9.98959
4.0 31.0 0.00993791 9.98959
4.0 31.0 0.00920318 9.98959
4.0 31.0 0.0104375 9.98959
4.0 31.0 0.0097911 9.98959
4.0 31.0 0.0100634 9.98959
4.0 31.0 0.00993687 9.98959
4.0 31.0 0.0100106 9.98959
4.0 31.0 0.010854 9.98959
4.0 31.0 0.00998373 9.98959
4.0 31.0 0.0110956 9.98959
4.0 31.0 0.0110498 9.98959
4.0 31.0 0.0101917 9.98959
4.0 31.0 0.010075 9.98959
4.0 31.0 0.010326 9.98959
4.0 31.0 0.010016 9.98959
4.0 31.0 0.00990054 9.98959
4.0 31.0 0.0100984 9.98959
4.0 31.0 0.0101912 9.98959
4.0 31.0 0.0100773 9.98959
4.0 31.0 0.0121725 9.98959
4.0 31.0 0.00929268 9.98959
4.0 31.0 0.0102655 9.98959
4.0 31.0 0.00997313 9.98959
4.0 31.0 0.0122943 9.98959
4.0 31.0 0.00997718 9.98959
4.0 31.0 0.00905129 9.98959
4.0 31.0 0.0116526 9.98959
4.0 31.0 0.00963485 9.98959
4.0 31.0 0.0104422 9.98959
4.0 31.0 0.0101315 9.98959
4.0 31.0 0.00985211 9.98959
4.0 31.0 0.00985502 9.98959
4.0 31.0 0.00898245 9.98959
4.0 31.0 0.00991281 9.98959
4.0 31.0 0.00911603 9.98959
4.0 31.0 0.0123436 9.98959
4.0 31.0 0.0100584 9.98959
4.0 31.0 0.00985827 9.98959
4.0 31.0 0.0117571 9.98959
4.0 31.0 0.0108512 9.98959
4.0 31.0 0.0102017 9.98959
4.0 31.0 0.0101948 9.98959
4.0 31.0 0.0115845 9.98959
4.0 31.0 0.0115845 9.98959
4.0 32.0 0.0100513 9.98959
4.0 32.0 0.011082 9.98959
4.0 32.0 0.0105548 9.98959
4.0 32.0 0.0110286 9.98959
4.0 32.0 0.010065 9.98959
4.0 32.0 0.00928571 9.98959
4.0 32.0 0.0105701 9.98959
4.0 32.0 0.0111059 9.98959
4.0 32.0 0.0106162 9.98959
4.0 32.0 0.0106916 9.98959
4.0 32.0 0.00993421 9.98959
4.0 32.0 0.00988188 9.98959
4.0 32.0 0.00962016 9.98959
4.0 32.0 0.0123662 9.98959
4.0 32.0 0.0116208 9.98959
4.0 32.0 0.0100573 9.98959
4.0 32.0 0.0101693 9.98959
4.0 32.0 0.00981046 9.98959
4.0 32.0 0.0101409 9.98959
4.0 32.0 0.0113667 9.98959
4.0 32.0 0.0112119 9.98959
4.0 32.0 0.0103336 9.98959
4.0 32.0 0.0113264 9.98959
4.0 32.0 0.00990688 9.98959
4.0 32.0 0.00988776 9.98959
4.0 32.0 0.0106485 9.98959
4.0 32.0 0.0108865 9.98959
4.0 32.0 0.0103742 9.98959
4.0 32.0 0.0098415 9.98959
4.0 32.0 0.0102016 9.98959
4.0 32.0 0.0114537 9.98959
4.0 32.0 0.0102412 9.98959
4.0 32.0 0.0101095 9.98959
4.0 32.0 0.00988538 9.98959
4.0 32.0 0.00998064 9.98959
4.0 32.0 0.0100195 9.98959
4.0 32.0 0.0115517 9.98959
4.0 32.0 0.0107386 9.98959
4.0 32.0 0.0121107 9.98959
4.0 32.0 0.0102781 9.98959
4.0 32.0 0.0118365 9.98959
4.0 32.0 0.00992816 9.98959
4.0 32.0 0.0126421 9.98959
4.0 32.0 0.0103012 9.98959
4.0 32.0 0.00998526 9.98959
4.0 32.0 0.00989081 9.98959
4.0 32.0 0.00585651 9.98959
4.0 32.0 0.0107999 9.98959
4.0 32.0 0.010052 9.98959
4.0 32.0 0.0102308 9.98959
4.0 33.0 0.0101331 9.98959
4.0 33.0 0.0101481 9.98959
4.0 33.0 0.0103672 9.98959
4.0 33.0 0.0107667 9.98959
4.0 33.0 0.00838934 9.98959
4.0 33.0 0.0100445 9.98959
4.0 33.0 0.00993771 9.98959
4.0 33.0 0.0102212 9.98959
4.0 33.0 0.00896317 9.98959
4.0 33.0 0.00833839 9.98959
4.0 33.0 0.0102858 9.98959
4.0 33.0 0.0103141 9.98959
4.0 33.0 0.00990545 9.98959
4.0 33.0 0.0102228 9.98959
4.0 33.0 0.0109953 9.98959
4.0 33.0 0.00999565 9.98959
4.0 33.0 0.0108387 9.98959
4.0 33.0 0.00986045 9.98959
4.0 33.0 0.0104886 9.98959
4.0 33.0 0.0101288 9.98959
4.0 33.0 0.0104499 9.98959
4.0 33.0 0.00945913 9.98959
4.0 33.0 0.00950109 9.98959
4.0 33.0 0.0100016 9.98959
4.0 33.0 0.0118254 9.98959
4.0 33.0 0.00935231 9.98959
4.0 33.0 0.0072847 9.98959
4.0 33.0 0.0122333 9.98959
4.0 33.0 0.0105353 9.98959
4.0 33.0 0.0118323 9.98959
4.0 33.0 0.00898168 9.98959
4.0 33.0 0.0112908 9.98959
4.0 33.0 0.00876325 9.98959
4.0 33.0 0.010878 9.98959
4.0 33.0 0.0100168 9.98959
4.0 33.0 0.0118606 9.98959
4.0 33.0 0.01009 9.98959
4.0 33.0 0.0101292 9.98959
4.0 33.0 0.0110702 9.98959
4.0 33.0 0.00993921 9.98959
4.0 33.0 0.0099489 9.98959
4.0 33.0 0.0100805 9.98959
4.0 33.0 0.0104722 9.98959
4.0 33.0 0.0112013 9.98959
4.0 33.0 0.0115583 9.98959
4.0 33.0 0.00916828 9.98959
4.0 33.0 0.0107482 9.98959
4.0 33.0 0.00990552 9.98959
4.0 33.0 0.00990552 9.98959
4.0 33.0 0.00990552 9.98959
5.0 3.0 18.2034 25.0222
5.0 3.0 18.4988 25.0222
5.0 3.0 18.1959 25.0222
5.0 3.0 18.4792 25.0222
5.0 3.0 18.5029 25.0222
5.0 3.0 18.6395 25.0222
5.0 3.0 18.2018 25.0222
5.0 3.0 18.6796 25.0222
5.0 3.0 18.4866 25.0222
5.0 3.0 18.1507 25.0222
5.0 3.0 18.7132 25.0222
5.0 3.0 18.6052 25.0222
5.0 3.0 18.1572 25.0222
5.0 3.0 18.5558 25.0222
5.0 3.0 18.2218 25.0222
5.0 3.0 18.5752 25.0222
5.0 3.0 18.6223 25.0222
5.0 3.0 18.1426 25.0222
5.0 3.0 18.2273 25.0222
5.0 3.0 18.6469 25.0222
5.0 3.0 18.737 25.0222
5.0 3.0 18.2336 25.0222
5.0 3.0 18.1375 25.0222
5.0 3.0 18.4676 25.0222
5.0 3.0 18.6145 25.0222
5.0 3.0 18.6646 25.0222
5.0 3.0 18.2146 25.0222
5.0 3.0 18.1391 25.0222
5.0 3.0 18.4775 25.0222
5.0 3.0 18.4871 25.0222
5.0 3.0 18.416 25.0222
5.0 3.0 18.8456 25.0222
5.0 3.0 18.4657 25.0222
5.0 3.0 18.1454 25.0222
5.0 3.0 18.7962 25.0222
5.0 3.0 18.755 25.0222
5.0 3.0 18.6127 25.0222
5.0 3.0 18.6613 25.0222
5.0 3.0 18.6635 25.0222
5.0 3.0 18.4292 25.0222
5.0 3.0 18.4537 25.0222
5.0 3.0 18.5012 25.0222
5.0 3.0 19.5813 25.0222
5.0 3.0 18.7137 25.0222
5.0 3.0 18.4851 25.0222
5.0 3.0 18.627 25.0222
5.0 3.0 18.1615 25.0222
5.0 3.0 18.2161 25.0222
5.0 3.0 18.4593 25.0222
5.0 3.0 20.1658 25.0222
5.0 4.0 14.0171 25.0222
5.0 4.0 14.2271 25.0222
5.0 4.0 14.0398 25.0222
5.0 4.0 14.0743 25.0222
5.0 4.0 14.2505 25.0222
5.0 4.0 14.0404 25.0222
5.0 4.0 14.1667 25.0222
5.0 4.0 14.0288 25.0222
5.0 4.0 13.9963 25.0222
5.0 4.0 14.0744 25.0222
5.0 4.0 13.9894 25.0222
5.0 4.0 14.1046 25.0222
5.0 4.0 13.9988 25.0222
5.0 4.0 14.1169 25.0222
5.0 4.0 14.058 25.0222
5.0 4.0 14.0339 25.0222
5.0 4.0 14.0067 25.0222
5.0 4.0 14.0665 25.0222
5.0 4.0 13.994 25.0222
5.0 4.0 14.0165 25.0222
5.0 4.0 14.056 25.0222
5.0 4.0 14.0895 25.0222
5.0 4.0 14.0326 25.0222
5.0 4.0 14.051 25.0222
5.0 4.0 14.0972 25.0222
5.0 4.0 13.9906 25.0222
5.0 4.0 14.0824 25.0222
5.0 4.0 14.1224 25.0222
5.0 4.0 14.1514 25.0222
5.0 4.0 14.0055 25.0222
5.0 4.0 14.0746 25.0222
5.0 4.0 13.9506 25.0222
5.0 4.0 14.0781 25.0222
5.0 4.0 14.1435 25.0222
5.0 4.0 14.032 25.0222
5.0 4.0 13.9647 25.0222
5.0 4.0 14.0322 25.0222
5.0 4.0 14.1979 25.0222
5.0 4.0 14.1027 25.0222
5.0 4.0 14.1517 25.0222
5.0 4.0 14.0646 25.0222
5.0 4.0 14.0118 25.0222
5.0 4.0 14.073 25.0222
5.0 4.0 14.034 25.0222
5.0 4.0 14.187 25.0222
5.0 4.0 14.8069 25.0222
5.0 4.0 13.9648 25.0222
5.0 4.0 14.0769 25.0222
5.0 4.0 14.1079 25.0222
5.0 4.0 14.0752 25.0222
5.0 5.0 11.175 25.0222
5.0 5.0 11.2218 25.0222
5.0 5.0 11.2257 25.0222
5.0 5.0 11.3166 25.0222
5.0 5.0 11.2513 25.0222
5.0 5.0 11.0275 25.0222
5.0 5.0 11.254 25.0222
5.0 5.0 11.2157 25.0222
5.0 5.0 11.4471 25.0222
5.0 5.0 11.2 25.0222
5.0 5.0 12.0604 25.0222
5.0 5.0 11.3113 25.0222
5.0 5.0 11.1999 25.0222
5.0 5.0 11.2863 25.0222
5.0 5.0 11.19 25.0222
5.0 5.0 11.1955 25.0222
5.0 5.0 11.1961 25.0222
5.0 5.0 11.2112 25.0222
5.0 5.0 11.0748 25.0222
5.0 5.0 11.2638 25.0222
5.0 5.0 11.0287 25.0222
5.0 5.0 11.0955 25.0222
5.0 5.0 11.1885 25.0222
5.0 5.0 11.0265 25.0222
5.0 5.0 11.2748 25.0222
5.0 5.0 11.2732 25.0222
5.0 5.0 11.2771 25.0222
5.0 5.0 11.1749 25.0222
5.0 5.0 11.1957 25.0222
5.0 5.0 11.1958 25.0222
5.0 5.0 11.1683 25.0222
5.0 5.0 11.1677 25.0222
5.0 5.0 11.2033 25.0222
5.0 5.0 11.1604 25.0222
5.0 5.0 11.1883 25.0222
5.0 5.0 11.1726 25.0222
5.0 5.0 11.0407 25.0222
5.0 5.0 11.1877 25.0222
5.0 5.0 11.0924 25.0222
5.0 5.0 11.0357 25.0222
5.0 5.0 11.1744 25.0222
5.0 5.0 11.1795 25.0222
5.0 5.0 11.0367 25.0222
5.0 5.0 11.0301 25.0222
5.0 5.0 11.2826 25.0222
5.0 5.0 11.1737 25.0222
5.0 5.0 11.0352 25.0222
5.0 5.0 11.0961 25.0222
5.0 5.0 11.164 25.0222
5.0 5.0 11.1773 25.0222
5.0 7.0 7.82885 25.0222
5.0 7.0 7.83428 25.0222
5.0 7.0 7.90272 25.0222
5.0 7.0 7.8546 25.0222
5.0 7.0 8.13282 25.0222
5.0 7.0 7.80272 25.0222
5.0 7.0 7.81575 25.0222
5.0 7.0 7.82973 25.0222
5.0 7.0 7.86382 25.0222
5.0 7.0 7.92547 25.0222
5.0 7.0 7.86553 25.0222
5.0 7.0 7.86286 25.0222
5.0 7.0 7.86089 25.0222
5.0 7.0 7.82529 25.0222
5.0 7.0 7.82259 25.0222
5.0 7.0 7.82801 25.0222
5.0 7.0 7.81977 25.0222
5.0 7.0 7.82981 25.0222
5.0 7.0 7.84042 25.0222
5.0 7.0 7.82813 25.0222
5.0 7.0 7.84329 25.0222
5.0 7.0 7.80369 25.0222
5.0 7.0 7.81966 25.0222
5.0 7.0 7.82732 25.0222
5.0 7.0 7.82221 25.0222
5.0 7.0 7.8402 25.0222
5.0 7.0 7.84623 25.0222
5.0 7.0 7.80405 25.0222
5.0 7.0 7.86667 25.0222
5.0 7.0 7.84281 25.0222
5.0 7.0 7.81263 25.0222
5.0 7.0 7.8261 25.0222
5.0 7.0 7.81573 25.0222
5.0 7.0 7.82307 25.0222
5.0 7.0 7.81226 25.0222
5.0 7.0 7.82364 25.0222
5.0 7.0 7.82286 25.0222
5.0 7.0 7.83918 25.0222
5.0 7.0 8.18668 25.0222
5.0 7.0 7.85749 25.0222
5.0 7.0 7.85338 25.0222
5.0 7.0 7.91418 25.0222
5.0 7.0 7.83265 25.0222
5.0 7.0 7.85586 25.0222
5.0 7.0 7.84024 25.0222
5.0 7.0 7.83211 25.0222
5.0 7.0 7.83553 25.0222
5.0 7.0 7.84191 25.0222
5.0 7.0 7.901 25.0222
5.0 7.0 7.901 25.0222
5.0 8.0 6.71277 25.0221
5.0 8.0 6.72042 25.0221
5.0 8.0 6.71991 25.0221
5.0 8.0 6.69847 25.0221
5.0 8.0 6.70344 25.0221
5.0 8.0 6.71398 25.0221
5.0 8.0 6.80645 25.0221
5.0 8.0 6.85992 25.0221
5.0 8.0 6.70255 25.0221
5.0 8.0 6.7172 25.0221
5.0 8.0 6.69312 25.0221
5.0 8.0 6.74762 25.0221
5.0 8.0 6.73278 25.0221
5.0 8.0 6.72594 25.0221
5.0 8.0 6.7195 25.0221
5.0 8.0 6.72483 25.0221
5.0 8.0 6.71573 25.0221
5.0 8.0 6.71214 25.0221
5.0 8.0 6.71588 25.0221
5.0 8.0 6.72349 25.0221
5.0 8.0 6.74104 25.0221
5.0 8.0 6.70595 25.0221
5.0 8.0 6.71011 25.0221
5.0 8.0 6.71518 25.0221
5.0 8.0 6.7212 25.0221
5.0 8.0 6.72775 25.0221
5.0 8.0 6.72365 25.0221
5.0 8.0 6.69539 25.0221
5.0 8.0 6.691 25.0221
5.0 8.0 6.74233 25.0221
5.0 8.0 6.71627 25.0221
5.0 8.0 6.70704 25.0221
5.0 8.0 6.69836 25.0221
5.0 8.0 6.73355 25.0221
5.0 8.0 6.70811 25.0221
5.0 8.0 6.7057 25.0221
5.0 8.0 6.71316 25.0221
5.0 8.0 6.72763 25.0221
5.0 8.0 6.7214 25.0221
5.0 8.0 6.71133 25.0221
5.0 8.0 6.73895 25.0221
5.0 8.0 6.70891 25.0221
5.0 8.0 6.75816 25.0221
5.0 8.0 6.88966 25.0221
5.0 8.0 6.69944 25.0221
5.0 8.0 6.71614 25.0221
5.0 8.0 6.72264 25.0221
5.0 8.0 6.71548 25.0221
5.0 8.0 6.71816 25.0221
5.0 8.0 6.71816 25.0221
5.0 9.0 6.14248 25.0222
5.0 9.0 6.15112 25.0222
5.0 9.0 6.16261 25.0222
5.0 9.0 6.1638 25.0222
5.0 9.0 6.13234 25.0222
5.0 9.0 6.15508 25.0222
5.0 9.0 6.17326 25.0222
5.0 9.0 6.14585 25.0222
5.0 9.0 6.1606 25.0222
5.0 9.0 6.23392 25.0222
5.0 9.0 6.16215 25.0222
5.0 9.0 6.16008 25.0222
5.0 9.0 6.17813 25.0222
5.0 9.0 6.15397 25.0222
5.0 9.0 6.18897 25.0222
5.0 9.0 6.18592 25.0222
5.0 9.0 6.1463 25.0222
5.0 9.0 6.16363 25.0222
5.0 9.0 6.1465 25.0222
5.0 9.0 6.1513 25.0222
5.0 9.0 6.20228 25.0222
5.0 9.0 6.1504 25.0222
5.0 9.0 6.2304 25.0222
5.0 9.0 6.15426 25.0222
5.0 9.0 6.20018 25.0222
5.0 9.0 6.23713 25.0222
5.0 9.0 6.13803 25.0222
5.0 9.0 6.13693 25.0222
5.0 9.0 6.19458 25.0222
5.0 9.0 6.15981 25.0222
5.0 9.0 6.16445 25.0222
5.0 9.0 6.17543 25.0222
5.0 9.0 6.16702 25.0222
5.0 9.0 6.18265 25.0222
5.0 9.0 6.14388 25.0222
5.0 9.0 6.17522 25.0222
5.0 9.0 6.14512 25.0222
5.0 9.0 6.1996 25.0222
5.0 9.0 6.22587 25.0222
5.0 9.0 6.15143 25.0222
5.0 9.0 6.1486 25.0222
5.0 9.0 6.17485 25.0222
5.0 9.0 6.16771 25.0222
5.0 9.0 6.1586 25.0222
5.0 9.0 6.17185 25.0222
5.0 9.0 6.19865 25.0222
5.0 9.0 6.17075 25.0222
5.0 9.0 6.16553 25.0222
5.0 9.0 6.17459 25.0222
5.0 9.0 6.14926 25.0222
5.0 15.0 3.38092 25.0222
5.0 15.0 3.35992 25.0222
5.0 15.0 3.3668 25.0222
5.0 15.0 3.42141 25.0222
5.0 15.0 3.36045 25.0222
5.0 15.0 3.37103 25.0222
5.0 15.0 3.36579 25.0222
5.0 15.0 3.34987 25.0222
5.0 15.0 3.36128 25.0222
5.0 15.0 3.36633 25.0222
5.0 15.0 3.3554 25.0222
5.0 15.0 3.37006 25.0222
5.0 15.0 3.38333 25.0222
5.0 15.0 3.38359 25.0222
5.0 15.0 3.36233 25.0222
5.0 15.0 3.36657 25.0222
5.0 15.0 3.3618 25.0222
5.0 15.0 3.35634 25.0222
5.0 15.0 3.36439 25.0222
5.0 15.0 3.35852 25.0222
5.0 15.0 3.36262 25.0222
5.0 15.0 3.37024 25.0222
5.0 15.0 3.37045 25.0222
5.0 15.0 3.35538 25.0222
5.0 15.0 3.36169 25.0222
5.0 15.0 3.36004 25.0222
5.0 15.0 3.36603 25.0222
5.0 15.0 3.37034 25.0222
5.0 15.0 3.36694 25.0222
5.0 15.0 3.36257 25.0222
5.0 15.0 3.36719 25.0222
5.0 15.0 3.36579 25.0222
5.0 15.0 3.34993 25.0222
5.0 15.0 3.36376 25.0222
5.0 15.0 3.37896 25.0222
5.0 15.0 3.41952 25.0222
5.0 15.0 3.35928 25.0222
5.0 15.0 3.37079 25.0222
5.0 15.0 3.37014 25.0222
5.0 15.0 3.35529 25.0222
5.0 15.0 3.36028 25.0222
5.0 15.0 3.35994 25.0222
5.0 15.0 3.37359 25.0222
5.0 15.0 3.39451 25.0222
5.0 15.0 3.36477 25.0222
5.0 15.0 3.35164 25.0222
5.0 15.0 3.37307 25.0222
5.0 15.0 3.36722 25.0222
5.0 15.0 3.36722 25.0222
5.0 15.0 3.36722 25.0222
5.0 16.0 3.389 25.0222
5.0 16.0 3.34589 25.0222
5.0 16.0 3.37806 25.0222
5.0 16.0 3.38561 25.0222
5.0 16.0 3.36464 25.0222
5.0 16.0 3.37229 25.0222
5.0 16.0 3.35837 25.0222
5.0 16.0 3.36437 25.0222
5.0 16.0 3.36824 25.0222
5.0 16.0 3.39595 25.0222
5.0 16.0 3.36575 25.0222
5.0 16.0 3.35398 25.0222
5.0 16.0 3.36069 25.0222
5.0 16.0 3.39815 25.0222
5.0 16.0 3.38057 25.0222
5.0 16.0 3.36841 25.0222
5.0 16.0 3.36404 25.0222
5.0 16.0 3.38991 25.0222
5.0 16.0 3.37961 25.0222
5.0 16.0 3.34827 25.0222
5.0 16.0 3.37037 25.0222
5.0 16.0 3.36643 25.0222
5.0 16.0 3.39801 25.0222
5.0 16.0 3.36128 25.0222
5.0 16.0 3.36646 25.0222
5.0 16.0 3.36875 25.0222
5.0 16.0 3.36497 25.0222
5.0 16.0 3.35622 25.0222
5.0 16.0 3.35921 25.0222
5.0 16.0 3.35751 25.0222
5.0 16.0 3.36472 25.0222
5.0 16.0 3.37163 25.0222
5.0 16.0 3.36797 25.0222
5.0 16.0 3.36849 25.0222
5.0 16.0 3.40666 25.0222
5.0 16.0 3.35554 25.0222
5.0 16.0 3.38724 25.0222
5.0 16.0 3.36855 25.0222
5.0 16.0 3.35773 25.0222
5.0 16.0 3.37042 25.0222
5.0 16.0 3.36205 25.0222
5.0 16.0 3.36924 25.0222
5.0 16.0 3.3641 25.0222
5.0 16.0 3.37289 25.0222
5.0 16.0 3.3644 25.0222
5.0 16.0 3.37193 25.0222
5.0 16.0 3.36419 25.0222
5.0 16.0 3.36126 25.0222
5.0 16.0 3.36061 25.0222
5.0 16.0 3.36105 25.0222
5.0 17.0 2.81063 25.0222
5.0 17.0 2.80149 25.0222
5.0 17.0 2.8079 25.0222
5.0 17.0 2.80705 25.0222
5.0 17.0 2.80718 25.0222
5.0 17.0 2.8082 25.0222
5.0 17.0 2.79346 25.0222
5.0 17.0 2.81552 25.0222
5.0 17.0 2.81175 25.0222
5.0 17.0 2.80446 25.0222
5.0 17.0 2.80723 25.0222
5.0 17.0 2.80309 25.0222
5.0 17.0 2.81618 25.0222
5.0 17.0 2.80446 25.0222
5.0 17.0 2.81005 25.0222
5.0 17.0 2.79697 25.0222
5.0 17.0 2.82086 25.0222
5.0 17.0 2.7954 25.0222
5.0 17.0 2.79899 25.0222
5.0 17.0 2.8009 25.0222
5.0 17.0 2.82485 25.0222
5.0 17.0 2.8092 25.0222
5.0 17.0 2.81458 25.0222
5.0 17.0 2.803 25.0222
5.0 17.0 2.81067 25.0222
5.0 17.0 2.80612 25.0222
5.0 17.0 2.79964 25.0222
5.0 17.0 2.79934 25.0222
5.0 17.0 2.81299 25.0222
5.0 17.0 2.80608 25.0222
5.0 17.0 2.80573 25.0222
5.0 17.0 2.80258 25.0222
5.0 17.0 2.80691 25.0222
5.0 17.0 2.79041 25.0222
5.0 17.0 2.81442 25.0222
5.0 17.0 2.8004 25.0222
5.0 17.0 2.80548 25.0222
5.0 17.0 2.80158 25.0222
5.0 17.0 2.79899 25.0222
5.0 17.0 2.81408 25.0222
5.0 17.0 2.80532 25.0222
5.0 17.0 2.80375 25.0222
5.0 17.0 2.80697 25.0222
5.0 17.0 2.81215 25.0222
5.0 17.0 2.8077 25.0222
5.0 17.0 2.80316 25.0222
5.0 17.0 2.79692 25.0222
5.0 17.0 2.79714 25.0222
5.0 17.0 2.79806 25.0222
5.0 17.0 2.78855 25.0222
5.0 31.0 1.69268 25.0222
5.0 31.0 1.69104 25.0222
5.0 31.0 1.69078 25.0222
5.0 31.0 1.69086 25.0222
5.0 31.0 1.68153 25.0222
5.0 31.0 1.68964 25.0222
5.0 31.0 1.68749 25.0222
5.0 31.0 1.68304 25.0222
5.0 31.0 1.68912 25.0222
5.0 31.0 1.69367 25.0222
5.0 31.0 1.68673 25.0222
5.0 31.0 1.6809 25.0222
5.0 31.0 1.69575 25.0222
5.0 31.0 1.69399 25.0222
5.0 31.0 1.68443 25.0222
5.0 31.0 1.68512 25.0222
5.0 31.0 1.68687 25.0222
5.0 31.0 1.70082 25.0222
5.0 31.0 1.68999 25.0222
5.0 31.0 1.68334 25.0222
5.0 31.0 1.68663 25.0222
5.0 31.0 1.69506 25.0222
5.0 31.0 1.68598 25.0222
5.0 31.0 1.68551 25.0222
5.0 31.0 1.68902 25.0222
5.0 31.0 1.68515 25.0222
5.0 31.0 1.68391 25.0222
5.0 31.0 1.68897 25.0222
5.0 31.0 1.69016 25.0222
5.0 31.0 1.69024 25.0222
5.0 31.0 1.69148 25.0222
5.0 31.0 1.68735 25.0222
5.0 31.0 1.68416 25.0222
5.0 31.0 1.68787 25.0222
5.0 31.0 1.69524 25.0222
5.0 31.0 1.68577 25.0222
5.0 31.0 1.6855 25.0222
5.0 31.0 1.68627 25.0222
5.0 31.0 1.68569 25.0222
5.0 31.0 1.68223 25.0222
5.0 31.0 1.7008 25.0222
5.0 31.0 1.68334 25.0222
5.0 31.0 1.68458 25.0222
5.0 31.0 1.68549 25.0222
5.0 31.0 1.6823 25.0222
5.0 31.0 1.68465 25.0222
5.0 31.0 1.68646 25.0222
5.0 31.0 1.68129 25.0222
5.0 31.0 1.6887 25.0222
5.0 31.0 1.68869 25.0222
5.0 32.0 1.69748 25.0222
5.0 32.0 1.68504 25.0222
5.0 32.0 1.68494 25.0222
5.0 32.0 1.69918 25.0222
5.0 32.0 1.68902 25.0222
5.0 32.0 1.6855 25.0222
5.0 32.0 1.69331 25.0222
5.0 32.0 1.68383 25.0222
5.0 32.0 1.68457 25.0222
5.0 32.0 1.68382 25.0222
5.0 32.0 1.68719 25.0222
5.0 32.0 1.69379 25.0222
5.0 32.0 1.68435 25.0222
5.0 32.0 1.68861 25.0222
5.0 32.0 1.69847 25.0222
5.0 32.0 1.71832 25.0222
5.0 32.0 1.69363 25.0222
5.0 32.0 1.69025 25.0222
5.0 32.0 1.68396 25.0222
5.0 32.0 1.69065 25.0222
5.0 32.0 1.69066 25.0222
5.0 32.0 1.68025 25.0222
5.0 32.0 1.6878 25.0222
5.0 32.0 1.68563 25.0222
5.0 32.0 1.68925 25.0222
5.0 32.0 1.68684 25.0222
5.0 32.0 1.68333 25.0222
5.0 32.0 1.69322 25.0222
5.0 32.0 1.70256 25.0222
5.0 32.0 1.68264 25.0222
5.0 32.0 1.68618 25.0222
5.0 32.0 1.68644 25.0222
5.0 32.0 1.68839 25.0222
5.0 32.0 1.69 25.0222
5.0 32.0 1.68425 25.0222
5.0 32.0 1.68797 25.0222
5.0 32.0 1.69044 25.0222
5.0 32.0 1.68978 25.0222
5.0 32.0 1.68736 25.0222
5.0 32.0 1.68225 25.0222
5.0 32.0 1.68595 25.0222
5.0 32.0 1.68344 25.0222
5.0 32.0 1.68525 25.0222
5.0 32.0 1.71701 25.0222
5.0 32.0 1.68604 25.0222
5.0 32.0 1.69174 25.0222
5.0 32.0 1.68899 25.0222
5.0 32.0 1.69327 25.0222
5.0 32.0 1.68876 25.0222
5.0 32.0 1.68876 25.0222
5.0 33.0 1.68107 25.0222
5.0 33.0 1.68283 25.0222
5.0 33.0 1.68984 25.0222
5.0 33.0 1.6909 25.0222
5.0 33.0 1.6868 25.0222
5.0 33.0 1.68797 25.0222
5.0 33.0 1.68427 25.0222
5.0 33.0 1.68733 25.0222
5.0 33.0 1.68554 25.0222
5.0 33.0 1.68522 25.0222
5.0 33.0 1.68639 25.0222
5.0 33.0 1.68296 25.0222
5.0 33.0 1.69121 25.0222
5.0 33.0 1.68871 25.0222
5.0 33.0 1.68184 25.0222
5.0 33.0 1.78068 25.0222
5.0 33.0 1.68139 25.0222
5.0 33.0 1.68594 25.0222
5.0 33.0 1.68573 25.0222
5.0 33.0 1.68911 25.0222
5.0 33.0 1.68306 25.0222
5.0 33.0 1.69235 25.0222
5.0 33.0 1.67723 25.0222
5.0 33.0 1.6864 25.0222
5.0 33.0 1.69662 25.0222
5.0 33.0 1.6842 25.0222
5.0 33.0 1.68216 25.0222
5.0 33.0 1.68635 25.0222
5.0 33.0 1.68758 25.0222
5.0 33.0 1.69122 25.0222
5.0 33.0 1.68141 25.0222
5.0 33.0 1.69544 25.0222
5.0 33.0 1.68593 25.0222
5.0 33.0 1.68556 25.0222
5.0 33.0 1.69056 25.0222
5.0 33.0 1.68636 25.0222
5.0 33.0 1.68195 25.0222
5.0 33.0 1.68466 25.0222
5.0 33.0 1.68422 25.0222
5.0 33.0 1.69331 25.0222
5.0 33.0 1.68431 25.0222
5.0 33.0 1.68723 25.0222
5.0 33.0 1.67789 25.0222
5.0 33.0 1.68491 25.0222
5.0 33.0 1.68375 25.0222
5.0 33.0 1.68412 25.0222
5.0 33.0 1.68818 25.0222
5.0 33.0 1.7005 25.0222
5.0 33.0 1.68832 25.0222
5.0 33.0 1.6873 25.0222
