0.0 3.0 0.407143 2.04198
0.0 3.0 0.38127 2.04198
0.0 3.0 0.384085 2.04198
0.0 3.0 0.380768 2.04198
0.0 3.0 0.407323 2.04198
0.0 3.0 0.409103 2.04197
0.0 3.0 0.414682 2.04198
0.0 3.0 0.387808 2.04197
0.0 3.0 0.405202 2.04197
0.0 3.0 0.412426 2.04198
0.0 3.0 0.40586 2.04198
0.0 3.0 0.412149 2.04198
0.0 3.0 0.40579 2.04197
0.0 3.0 0.40395 2.04197
0.0 3.0 0.412424 2.04198
0.0 3.0 0.384587 2.04197
0.0 3.0 0.402425 2.04197
0.0 3.0 0.379405 2.04197
0.0 3.0 0.413696 2.04198
0.0 3.0 0.403285 2.04197
0.0 3.0 0.400552 2.04197
0.0 3.0 0.384405 2.04197
0.0 3.0 0.40152 2.04198
0.0 3.0 0.412181 2.04197
0.0 3.0 0.401847 2.04197
0.0 3.0 0.415595 2.04198
0.0 3.0 0.41743 2.04197
0.0 3.0 0.400292 2.04197
0.0 3.0 0.415425 2.04197
0.0 3.0 0.410522 2.04198
0.0 3.0 0.410748 2.04198
0.0 3.0 0.41053 2.04197
0.0 3.0 0.409956 2.04197
0.0 3.0 0.382252 2.04198
0.0 3.0 0.41297 2.04197
0.0 3.0 0.414342 2.04197
0.0 3.0 0.4041 2.04197
0.0 3.0 0.377751 2.04198
0.0 3.0 0.412065 2.04198
0.0 3.0 0.403701 2.04198
0.0 3.0 0.422104 2.04198
0.0 3.0 0.405835 2.04197
0.0 3.0 0.390065 2.04197
0.0 3.0 0.382304 2.04197
0.0 3.0 0.400479 2.04197
0.0 3.0 0.384792 2.04198
0.0 3.0 0.37872 2.04197
0.0 3.0 0.40212 2.04198
0.0 3.0 0.379726 2.04197
0.0 3.0 0.431359 2.04197
0.0 4.0 0.418552 2.04197
0.0 4.0 0.773633 2.04197
0.0 4.0 0.751068 2.04197
0.0 4.0 0.812442 2.04198
0.0 4.0 0.727222 2.04197
0.0 4.0 0.759544 2.04198
0.0 4.0 0.379763 2.04198
0.0 4.0 0.796565 2.04197
0.0 4.0 0.43183 2.04198
0.0 4.0 0.417349 2.04197
0.0 4.0 0.816167 2.04197
0.0 4.0 0.8081 2.04198
0.0 4.0 0.960356 2.04197
0.0 4.0 0.748444 2.04197
0.0 4.0 0.962827 2.04197
0.0 4.0 0.740218 2.04198
0.0 4.0 0.419905 2.04198
0.0 4.0 0.804295 2.04197
0.0 4.0 0.423644 2.04198
0.0 4.0 0.436828 2.04197
0.0 4.0 0.862876 2.04198
0.0 4.0 0.742553 2.04197
0.0 4.0 0.787959 2.04198
0.0 4.0 0.849761 2.04197
0.0 4.0 0.990115 2.04197
0.0 4.0 0.432388 2.04198
0.0 4.0 0.890073 2.04198
0.0 4.0 0.417387 2.04197
0.0 4.0 0.448944 2.04197
0.0 4.0 0.453514 2.04197
0.0 4.0 0.965671 2.04198
0.0 4.0 0.432079 2.04197
0.0 4.0 0.839354 2.04197
0.0 4.0 0.786478 2.04198
0.0 4.0 0.81145 2.04198
0.0 4.0 0.818733 2.04198
0.0 4.0 0.953282 2.04198
0.0 4.0 0.442995 2.04198
0.0 4.0 0.422954 2.04198
0.0 4.0 0.437204 2.04197
0.0 4.0 0.828552 2.04197
0.0 4.0 0.423395 2.04197
0.0 4.0 0.459415 2.04197
0.0 4.0 0.874472 2.04197
0.0 4.0 0.377816 2.04198
0.0 4.0 0.508468 2.04198
0.0 4.0 0.851175 2.04197
0.0 4.0 0.837929 2.04197
0.0 4.0 0.880696 2.04198
0.0 4.0 0.382173 2.04198
0.0 5.0 0.675028 2.04198
0.0 5.0 0.693712 2.04198
0.0 5.0 0.752646 2.04197
0.0 5.0 1.24105 2.04198
0.0 5.0 0.667182 2.04198
0.0 5.0 0.684819 2.04197
0.0 5.0 0.796834 2.04197
0.0 5.0 0.800576 2.04198
0.0 5.0 0.689155 2.04197
0.0 5.0 0.952273 2.04198
0.0 5.0 0.933773 2.04198
0.0 5.0 0.862518 2.04198
0.0 5.0 1.34707 2.04197
0.0 5.0 0.692526 2.04197
0.0 5.0 0.778878 2.04197
0.0 5.0 0.796582 2.04197
0.0 5.0 0.688015 2.04197
0.0 5.0 0.725668 2.04198
0.0 5.0 0.664171 2.04197
0.0 5.0 0.706345 2.04198
0.0 5.0 0.749658 2.04198
0.0 5.0 0.708552 2.04197
0.0 5.0 0.774619 2.04197
0.0 5.0 0.775468 2.04197
0.0 5.0 0.772325 2.04197
0.0 5.0 0.745976 2.04198
0.0 5.0 0.73149 2.04197
0.0 5.0 0.730225 2.04197
0.0 5.0 0.707306 2.04198
0.0 5.0 0.707022 2.04198
0.0 5.0 0.729242 2.04198
0.0 5.0 0.748741 2.04198
0.0 5.0 0.700226 2.04198
0.0 5.0 0.915046 2.04198
0.0 5.0 0.79123 2.04197
0.0 5.0 0.694534 2.04198
0.0 5.0 0.701847 2.04198
0.0 5.0 0.783243 2.04197
0.0 5.0 0.902259 2.04197
0.0 5.0 0.692152 2.04198
0.0 5.0 0.691449 2.04197
0.0 5.0 0.845226 2.04198
0.0 5.0 0.773478 2.04197
0.0 5.0 0.692971 2.04197
0.0 5.0 0.885002 2.04198
0.0 5.0 0.950003 2.04197
0.0 5.0 0.692791 2.04197
0.0 5.0 0.717154 2.04198
0.0 5.0 0.702033 2.04197
0.0 5.0 0.698605 2.04197
0.0 7.0 1.58482 2.04197
0.0 7.0 0.725724 2.04197
0.0 7.0 1.58287 2.04197
0.0 7.0 1.55502 2.04198
0.0 7.0 1.5406 2.04197
0.0 7.0 0.674963 2.04198
0.0 7.0 0.726854 2.04198
0.0 7.0 1.53375 2.04197
0.0 7.0 1.54479 2.04197
0.0 7.0 0.675063 2.04198
0.0 7.0 1.50626 2.04197
0.0 7.0 0.645228 2.04197
0.0 7.0 0.713775 2.04198
0.0 7.0 0.688235 2.04198
0.0 7.0 0.678601 2.04198
0.0 7.0 0.676441 2.04197
0.0 7.0 0.676144 2.04198
0.0 7.0 0.844929 2.04198
0.0 7.0 0.725182 2.04198
0.0 7.0 0.721868 2.04197
0.0 7.0 0.665561 2.04197
0.0 7.0 0.890997 2.04197
0.0 7.0 0.615894 2.04197
0.0 7.0 0.88955 2.04197
0.0 7.0 1.59754 2.04197
0.0 7.0 0.70751 2.04197
0.0 7.0 0.891588 2.04197
0.0 7.0 0.826926 2.04197
0.0 7.0 0.830166 2.04197
0.0 7.0 0.887766 2.04197
0.0 7.0 0.745638 2.04197
0.0 7.0 0.628301 2.04197
0.0 7.0 1.55166 2.04197
0.0 7.0 0.674427 2.04197
0.0 7.0 0.756008 2.04198
0.0 7.0 0.784624 2.04197
0.0 7.0 0.755813 2.04197
0.0 7.0 0.889826 2.04197
0.0 7.0 0.609344 2.04197
0.0 7.0 0.674852 2.04197
0.0 7.0 0.764177 2.04197
0.0 7.0 0.605923 2.04197
0.0 7.0 0.719984 2.04197
0.0 7.0 0.661722 2.04198
0.0 7.0 1.50826 2.04197
0.0 7.0 0.829859 2.04197
0.0 7.0 0.738062 2.04197
0.0 7.0 1.48448 2.04197
0.0 7.0 0.609534 2.04198
0.0 7.0 1.51559 2.04197
0.0 8.0 0.616696 2.04197
0.0 8.0 0.621641 2.04197
0.0 8.0 0.646946 2.04197
0.0 8.0 0.658758 2.04197
0.0 8.0 0.629743 2.04197
0.0 8.0 0.62358 2.04197
0.0 8.0 0.710892 2.04197
0.0 8.0 0.6659 2.04197
0.0 8.0 0.643155 2.04197
0.0 8.0 0.644606 2.04197
0.0 8.0 0.722144 2.04198
0.0 8.0 0.626368 2.04197
0.0 8.0 0.660276 2.04197
0.0 8.0 1.7388 2.04197
0.0 8.0 0.637149 2.04198
0.0 8.0 0.619084 2.04198
0.0 8.0 0.634061 2.04197
0.0 8.0 0.616281 2.04197
0.0 8.0 0.646361 2.04197
0.0 8.0 0.624512 2.04197
0.0 8.0 0.629871 2.04197
0.0 8.0 0.638329 2.04197
0.0 8.0 0.629326 2.04198
0.0 8.0 0.719693 2.04197
0.0 8.0 0.632326 2.04197
0.0 8.0 0.663728 2.04197
0.0 8.0 0.726853 2.04198
0.0 8.0 0.637962 2.04197
0.0 8.0 0.687726 2.04197
0.0 8.0 0.633574 2.04198
0.0 8.0 0.632428 2.04197
0.0 8.0 0.645998 2.04197
0.0 8.0 0.705891 2.04197
0.0 8.0 0.625339 2.04197
0.0 8.0 0.620935 2.04197
0.0 8.0 0.628892 2.04197
0.0 8.0 0.691359 2.04198
0.0 8.0 0.637515 2.04198
0.0 8.0 0.619071 2.04197
0.0 8.0 0.629458 2.04198
0.0 8.0 0.625372 2.04198
0.0 8.0 0.634183 2.04198
0.0 8.0 0.627501 2.04197
0.0 8.0 0.62403 2.04198
0.0 8.0 0.619309 2.04197
0.0 8.0 0.630748 2.04197
0.0 8.0 0.649348 2.04198
0.0 8.0 0.657374 2.04197
0.0 8.0 0.642639 2.04197
0.0 8.0 0.632986 2.04197
0.0 9.0 0.681681 2.04197
0.0 9.0 0.672203 2.04197
0.0 9.0 0.660844 2.04198
0.0 9.0 0.668669 2.04197
0.0 9.0 0.667177 2.04197
0.0 9.0 0.667143 2.04198
0.0 9.0 0.774026 2.04197
0.0 9.0 0.713931 2.04198
0.0 9.0 0.729486 2.04197
0.0 9.0 0.803033 2.04197
0.0 9.0 0.930863 2.04198
0.0 9.0 1.05528 2.04197
0.0 9.0 0.664015 2.04197
0.0 9.0 0.83366 2.04197
0.0 9.0 0.678024 2.04197
0.0 9.0 0.827869 2.04197
0.0 9.0 1.01525 2.04198
0.0 9.0 0.680791 2.04198
0.0 9.0 1.06447 2.04198
0.0 9.0 0.747852 2.04197
0.0 9.0 0.661391 2.04197
0.0 9.0 0.739237 2.04198
0.0 9.0 0.720398 2.04197
0.0 9.0 0.692442 2.04198
0.0 9.0 0.760879 2.04197
0.0 9.0 0.91598 2.04198
0.0 9.0 0.662133 2.04197
0.0 9.0 0.790972 2.04197
0.0 9.0 0.772339 2.04198
0.0 9.0 0.962097 2.04198
0.0 9.0 1.21707 2.04198
0.0 9.0 0.85214 2.04198
0.0 9.0 0.893733 2.04198
0.0 9.0 0.680288 2.04197
0.0 9.0 0.674481 2.04197
0.0 9.0 0.75777 2.04198
0.0 9.0 0.822439 2.04198
0.0 9.0 0.915254 2.04197
0.0 9.0 0.897221 2.04197
0.0 9.0 1.19376 2.04198
0.0 9.0 0.725547 2.04197
0.0 9.0 0.680481 2.04197
0.0 9.0 0.674241 2.04197
0.0 9.0 0.820049 2.04197
0.0 9.0 0.736897 2.04197
0.0 9.0 0.675304 2.04197
0.0 9.0 0.785489 2.04198
0.0 9.0 0.820412 2.04197
0.0 9.0 0.851575 2.04197
0.0 9.0 0.659226 2.04197
0.0 15.0 0.759233 2.04197
0.0 15.0 0.741769 2.04198
0.0 15.0 0.738997 2.04197
0.0 15.0 0.835874 2.04198
0.0 15.0 0.80176 2.04198
0.0 15.0 0.733674 2.04197
0.0 15.0 0.782895 2.04198
0.0 15.0 1.10579 2.04197
0.0 15.0 0.847099 2.04198
0.0 15.0 0.752952 2.04197
0.0 15.0 0.978455 2.04197
0.0 15.0 0.838809 2.04197
0.0 15.0 0.748495 2.04197
0.0 15.0 0.801446 2.04198
0.0 15.0 0.755719 2.04197
0.0 15.0 0.818913 2.04197
0.0 15.0 0.825443 2.04198
0.0 15.0 0.727027 2.04197
0.0 15.0 0.848915 2.04197
0.0 15.0 0.775852 2.04197
0.0 15.0 0.729104 2.04198
0.0 15.0 0.739158 2.04198
0.0 15.0 0.741143 2.04198
0.0 15.0 0.743507 2.04198
0.0 15.0 0.731507 2.04197
0.0 15.0 0.741765 2.04197
0.0 15.0 0.745575 2.04197
0.0 15.0 0.895986 2.04198
0.0 15.0 0.784581 2.04197
0.0 15.0 0.73301 2.04198
0.0 15.0 0.731534 2.04198
0.0 15.0 0.809585 2.04197
0.0 15.0 0.824588 2.04198
0.0 15.0 0.980679 2.04198
0.0 15.0 0.817324 2.04197
0.0 15.0 0.7478 2.04198
0.0 15.0 0.771686 2.04197
0.0 15.0 0.745031 2.04197
0.0 15.0 0.732369 2.04198
0.0 15.0 0.794479 2.04197
0.0 15.0 0.757521 2.04197
0.0 15.0 0.764187 2.04198
0.0 15.0 0.771133 2.04197
0.0 15.0 1.26836 2.04197
0.0 15.0 0.832869 2.04198
0.0 15.0 0.749074 2.04197
0.0 15.0 0.808732 2.04197
0.0 15.0 0.767918 2.04197
0.0 15.0 0.828313 2.04197
0.0 15.0 0.916404 2.04197
0.0 16.0 0.7892 2.04198
0.0 16.0 0.796272 2.04198
0.0 16.0 0.768301 2.04198
0.0 16.0 0.763775 2.04198
0.0 16.0 0.755342 2.04198
0.0 16.0 0.924745 2.04197
0.0 16.0 0.938875 2.04197
0.0 16.0 0.763415 2.04198
0.0 16.0 0.821849 2.04197
0.0 16.0 0.838197 2.04198
0.0 16.0 0.769291 2.04198
0.0 16.0 0.773953 2.04198
0.0 16.0 0.80699 2.04197
0.0 16.0 0.885531 2.04198
0.0 16.0 0.791964 2.04198
0.0 16.0 0.830888 2.04198
0.0 16.0 0.812547 2.04197
0.0 16.0 0.785491 2.04197
0.0 16.0 1.0448 2.04197
0.0 16.0 1.72527 2.04198
0.0 16.0 0.790154 2.04197
0.0 16.0 0.806202 2.04197
0.0 16.0 0.786467 2.04197
0.0 16.0 0.786535 2.04198
0.0 16.0 0.792093 2.04197
0.0 16.0 0.765892 2.04197
0.0 16.0 0.829371 2.04197
0.0 16.0 0.799098 2.04198
0.0 16.0 0.752709 2.04198
0.0 16.0 0.821671 2.04198
0.0 16.0 0.742278 2.04198
0.0 16.0 0.739514 2.04198
0.0 16.0 0.761107 2.04198
0.0 16.0 0.910216 2.04197
0.0 16.0 0.826315 2.04198
0.0 16.0 0.751472 2.04198
0.0 16.0 0.746575 2.04198
0.0 16.0 0.7561 2.04198
0.0 16.0 0.823137 2.04197
0.0 16.0 0.847897 2.04198
0.0 16.0 0.820069 2.04197
0.0 16.0 0.806154 2.04198
0.0 16.0 0.813246 2.04198
0.0 16.0 0.785008 2.04197
0.0 16.0 0.74436 2.04198
0.0 16.0 0.785893 2.04197
0.0 16.0 0.942999 2.04198
0.0 16.0 0.756357 2.04198
0.0 16.0 0.763243 2.04198
0.0 16.0 0.892404 2.04197
0.0 17.0 0.775234 2.04197
0.0 17.0 1.18849 2.04197
0.0 17.0 1.22443 2.04197
0.0 17.0 0.816133 2.04197
0.0 17.0 1.07468 2.04198
0.0 17.0 1.31163 2.04197
0.0 17.0 1.19262 2.04198
0.0 17.0 0.982336 2.04197
0.0 17.0 1.42426 2.04198
0.0 17.0 0.774829 2.04197
0.0 17.0 1.01429 2.04197
0.0 17.0 1.08613 2.04198
0.0 17.0 1.07535 2.04198
0.0 17.0 1.01864 2.04197
0.0 17.0 1.24135 2.04197
0.0 17.0 1.18887 2.04197
0.0 17.0 0.822379 2.04197
0.0 17.0 0.838935 2.04197
0.0 17.0 0.79489 2.04198
0.0 17.0 0.926064 2.04198
0.0 17.0 0.851188 2.04197
0.0 17.0 0.852423 2.04197
0.0 17.0 0.887385 2.04197
0.0 17.0 0.95121 2.04198
0.0 17.0 0.828109 2.04197
0.0 17.0 0.944894 2.04197
0.0 17.0 1.06546 2.04198
0.0 17.0 0.825258 2.04197
0.0 17.0 1.17307 2.04197
0.0 17.0 1.24918 2.04197
0.0 17.0 0.836929 2.04198
0.0 17.0 0.853405 2.04197
0.0 17.0 1.01408 2.04198
0.0 17.0 1.05172 2.04198
0.0 17.0 0.877334 2.04197
0.0 17.0 1.0181 2.04197
0.0 17.0 1.16257 2.04197
0.0 17.0 0.923171 2.04197
0.0 17.0 0.856215 2.04197
0.0 17.0 1.02501 2.04197
0.0 17.0 0.861256 2.04197
0.0 17.0 1.18687 2.04197
0.0 17.0 0.766134 2.04197
0.0 17.0 0.901039 2.04197
0.0 17.0 0.91376 2.04197
0.0 17.0 1.23133 2.04197
0.0 17.0 1.12611 2.04197
0.0 17.0 1.48584 2.04197
0.0 17.0 0.844302 2.04197
0.0 17.0 0.88672 2.04197
0.0 31.0 0.910005 2.04198
0.0 31.0 0.937525 2.04198
0.0 31.0 0.965364 2.04197
0.0 31.0 0.865652 2.04198
0.0 31.0 0.953677 2.04197
0.0 31.0 0.900675 2.04197
0.0 31.0 0.830135 2.04197
0.0 31.0 0.925489 2.04197
0.0 31.0 0.856163 2.04198
0.0 31.0 0.920159 2.04197
0.0 31.0 0.907517 2.04197
0.0 31.0 0.85761 2.04198
0.0 31.0 0.938698 2.04197
0.0 31.0 0.826362 2.04197
0.0 31.0 0.868626 2.04197
0.0 31.0 0.851209 2.04197
0.0 31.0 1.22299 2.04197
0.0 31.0 0.926096 2.04197
0.0 31.0 0.849237 2.04197
0.0 31.0 0.861867 2.04198
0.0 31.0 0.952162 2.04197
0.0 31.0 0.934197 2.04197
0.0 31.0 0.912964 2.04197
0.0 31.0 0.82349 2.04198
0.0 31.0 0.909534 2.04197
0.0 31.0 0.855097 2.04197
0.0 31.0 0.964744 2.04197
0.0 31.0 0.966373 2.04197
0.0 31.0 0.966571 2.04197
0.0 31.0 0.89368 2.04197
0.0 31.0 1.03056 2.04197
0.0 31.0 0.931973 2.04197
0.0 31.0 0.917407 2.04197
0.0 31.0 0.860271 2.04197
0.0 31.0 0.937157 2.04197
0.0 31.0 1.04493 2.04197
0.0 31.0 0.89508 2.04197
0.0 31.0 0.8909 2.04197
0.0 31.0 0.966185 2.04197
0.0 31.0 0.915334 2.04197
0.0 31.0 0.95876 2.04197
0.0 31.0 0.876124 2.04197
0.0 31.0 0.960963 2.04197
0.0 31.0 0.936799 2.04197
0.0 31.0 0.92152 2.04198
0.0 31.0 0.954106 2.04197
0.0 31.0 0.924164 2.04197
0.0 31.0 0.842479 2.04197
0.0 31.0 0.934664 2.04197
0.0 31.0 1.01677 2.04197
0.0 32.0 0.899524 2.04197
0.0 32.0 1.38093 2.04197
0.0 32.0 0.909608 2.04198
0.0 32.0 0.971926 2.04197
0.0 32.0 0.967508 2.04198
0.0 32.0 0.940754 2.04197
0.0 32.0 0.961212 2.04197
0.0 32.0 1.53108 2.04198
0.0 32.0 0.919672 2.04197
0.0 32.0 0.931521 2.04197
0.0 32.0 0.968281 2.04197
0.0 32.0 0.901612 2.04197
0.0 32.0 1.56358 2.04198
0.0 32.0 1.37392 2.04197
0.0 32.0 1.54269 2.04198
0.0 32.0 0.967191 2.04198
0.0 32.0 0.960135 2.04197
0.0 32.0 1.40301 2.04197
0.0 32.0 0.918842 2.04198
0.0 32.0 0.949612 2.04197
0.0 32.0 0.972142 2.04197
0.0 32.0 1.59138 2.04197
0.0 32.0 0.947254 2.04197
0.0 32.0 0.929531 2.04197
0.0 32.0 0.97023 2.04197
0.0 32.0 0.888082 2.04198
0.0 32.0 0.894907 2.04197
0.0 32.0 0.884722 2.04197
0.0 32.0 0.919511 2.04198
0.0 32.0 0.973823 2.04197
0.0 32.0 0.84591 2.04197
0.0 32.0 0.934111 2.04197
0.0 32.0 0.902001 2.04197
0.0 32.0 0.876545 2.04198
0.0 32.0 0.848192 2.04198
0.0 32.0 1.27802 2.04197
0.0 32.0 0.921043 2.04197
0.0 32.0 0.915544 2.04197
0.0 32.0 0.966002 2.04197
0.0 32.0 1.3023 2.04197
0.0 32.0 0.914637 2.04197
0.0 32.0 0.855737 2.04197
0.0 32.0 0.92564 2.04197
0.0 32.0 1.04931 2.04197
0.0 32.0 1.06296 2.04197
0.0 32.0 0.937019 2.04197
0.0 32.0 0.900204 2.04197
0.0 32.0 0.971912 2.04198
0.0 32.0 0.938315 2.04198
0.0 32.0 1.33198 2.04197
0.0 33.0 0.864551 2.04197
0.0 33.0 1.00956 2.04197
0.0 33.0 0.919592 2.04197
0.0 33.0 0.932542 2.04197
0.0 33.0 0.902903 2.04197
0.0 33.0 1.0175 2.04197
0.0 33.0 0.861851 2.04197
0.0 33.0 0.904788 2.04198
0.0 33.0 0.948568 2.04197
0.0 33.0 1.33946 2.04198
0.0 33.0 1.04827 2.04197
0.0 33.0 0.942391 2.04197
0.0 33.0 1.06887 2.04197
0.0 33.0 0.934058 2.04197
0.0 33.0 0.871035 2.04198
0.0 33.0 0.919513 2.04197
0.0 33.0 0.987455 2.04197
0.0 33.0 1.35589 2.04197
0.0 33.0 1.32141 2.04197
0.0 33.0 1.37841 2.04197
0.0 33.0 0.882609 2.04197
0.0 33.0 0.942664 2.04198
0.0 33.0 0.966457 2.04197
0.0 33.0 1.05885 2.04197
0.0 33.0 0.948869 2.04198
0.0 33.0 1.02029 2.04197
0.0 33.0 1.33612 2.04197
0.0 33.0 0.969393 2.04198
0.0 33.0 0.936471 2.04197
0.0 33.0 0.991638 2.04197
0.0 33.0 1.20952 2.04197
0.0 33.0 0.896852 2.04197
0.0 33.0 1.39751 2.04198
0.0 33.0 1.04487 2.04198
0.0 33.0 1.30199 2.04198
0.0 33.0 1.44167 2.04197
0.0 33.0 0.917695 2.04197
0.0 33.0 1.05624 2.04197
0.0 33.0 0.935282 2.04197
0.0 33.0 1.00937 2.04197
0.0 33.0 1.06873 2.04197
0.0 33.0 0.927136 2.04198
0.0 33.0 1.51028 2.04197
0.0 33.0 1.40707 2.04197
0.0 33.0 1.03541 2.04197
0.0 33.0 1.0508 2.04197
0.0 33.0 1.38457 2.04197
0.0 33.0 0.911054 2.04197
0.0 33.0 1.01637 2.04197
0.0 33.0 1.117 2.04197
1.0 3.0 0.42749 16.6528
1.0 3.0 0.551837 16.6528
1.0 3.0 1.02287 16.6528
1.0 3.0 1.06995 16.6528
1.0 3.0 0.988212 16.6528
1.0 3.0 1.07266 16.6528
1.0 3.0 0.40711 16.6528
1.0 3.0 0.544231 16.6528
1.0 3.0 1.048 16.6528
1.0 3.0 1.06752 16.6528
1.0 3.0 0.495326 16.6528
1.0 3.0 0.42818 16.6528
1.0 3.0 0.481993 16.6528
1.0 3.0 0.530465 16.6528
1.0 3.0 0.476859 16.6528
1.0 3.0 0.431873 16.6528
1.0 3.0 1.16747 16.6528
1.0 3.0 1.02214 16.6528
1.0 3.0 0.417199 16.6528
1.0 3.0 1.29397 16.6528
1.0 3.0 0.413238 16.6528
1.0 3.0 0.545527 16.6528
1.0 3.0 0.485884 16.6528
1.0 3.0 1.05037 16.6528
1.0 3.0 0.479043 16.6528
1.0 3.0 0.974041 16.6528
1.0 3.0 0.484472 16.6528
1.0 3.0 0.407933 16.6528
1.0 3.0 1.27811 16.6528
1.0 3.0 0.49305 16.6528
1.0 3.0 0.546877 16.6528
1.0 3.0 0.977904 16.6528
1.0 3.0 1.24549 16.6528
1.0 3.0 1.04427 16.6528
1.0 3.0 0.462742 16.6528
1.0 3.0 1.12051 16.6528
1.0 3.0 0.41937 16.6528
1.0 3.0 0.42227 16.6528
1.0 3.0 0.418223 16.6528
1.0 3.0 0.436392 16.6528
1.0 3.0 0.976188 16.6528
1.0 3.0 1.04083 16.6528
1.0 3.0 1.00132 16.6528
1.0 3.0 0.99044 16.6528
1.0 3.0 0.492489 16.6528
1.0 3.0 1.11975 16.6528
1.0 3.0 0.459018 16.6528
1.0 3.0 0.508878 16.6528
1.0 3.0 0.407288 16.6528
1.0 3.0 1.11585 16.6528
1.0 4.0 0.791173 16.6528
1.0 4.0 0.75198 16.6528
1.0 4.0 0.830399 16.6528
1.0 4.0 0.426855 16.6528
1.0 4.0 0.796712 16.6528
1.0 4.0 0.437104 16.6528
1.0 4.0 0.436041 16.6528
1.0 4.0 0.946134 16.6528
1.0 4.0 0.424072 16.6528
1.0 4.0 0.766596 16.6528
1.0 4.0 0.885679 16.6528
1.0 4.0 0.81544 16.6528
1.0 4.0 0.816898 16.6528
1.0 4.0 0.883734 16.6528
1.0 4.0 0.445727 16.6528
1.0 4.0 0.439867 16.6528
1.0 4.0 0.434228 16.6528
1.0 4.0 0.762347 16.6528
1.0 4.0 0.927954 16.6528
1.0 4.0 0.418116 16.6528
1.0 4.0 0.438462 16.6528
1.0 4.0 0.815343 16.6528
1.0 4.0 0.80321 16.6528
1.0 4.0 0.455543 16.6528
1.0 4.0 0.438531 16.6528
1.0 4.0 0.457121 16.6528
1.0 4.0 0.88437 16.6528
1.0 4.0 0.456861 16.6528
1.0 4.0 0.382085 16.6528
1.0 4.0 0.795723 16.6528
1.0 4.0 0.790188 16.6528
1.0 4.0 0.762812 16.6528
1.0 4.0 0.972748 16.6528
1.0 4.0 0.387413 16.6528
1.0 4.0 0.86295 16.6528
1.0 4.0 0.770443 16.6528
1.0 4.0 0.876509 16.6528
1.0 4.0 0.464291 16.6528
1.0 4.0 0.777558 16.6528
1.0 4.0 0.398562 16.6528
1.0 4.0 0.754847 16.6528
1.0 4.0 0.425278 16.6528
1.0 4.0 0.751902 16.6528
1.0 4.0 0.477653 16.6528
1.0 4.0 0.863418 16.6528
1.0 4.0 0.96662 16.6528
1.0 4.0 0.862338 16.6528
1.0 4.0 0.468168 16.6528
1.0 4.0 0.43871 16.6527
1.0 4.0 0.789664 16.6528
1.0 5.0 0.727908 16.6528
1.0 5.0 0.709114 16.6528
1.0 5.0 0.925633 16.6528
1.0 5.0 0.935364 16.6528
1.0 5.0 0.725596 16.6528
1.0 5.0 0.929971 16.6528
1.0 5.0 0.798766 16.6528
1.0 5.0 0.711292 16.6528
1.0 5.0 0.763253 16.6528
1.0 5.0 0.813885 16.6528
1.0 5.0 0.713606 16.6528
1.0 5.0 0.686422 16.6528
1.0 5.0 0.702975 16.6528
1.0 5.0 0.698428 16.6527
1.0 5.0 0.709571 16.6528
1.0 5.0 0.880302 16.6528
1.0 5.0 0.808491 16.6528
1.0 5.0 1.43694 16.6528
1.0 5.0 0.691643 16.6528
1.0 5.0 0.753197 16.6528
1.0 5.0 0.748714 16.6528
1.0 5.0 0.746553 16.6528
1.0 5.0 0.867511 16.6528
1.0 5.0 1.53024 16.6528
1.0 5.0 0.819771 16.6528
1.0 5.0 0.722675 16.6528
1.0 5.0 0.700833 16.6528
1.0 5.0 0.733483 16.6527
1.0 5.0 0.711484 16.6528
1.0 5.0 0.938561 16.6528
1.0 5.0 0.723999 16.6528
1.0 5.0 0.716315 16.6528
1.0 5.0 0.725976 16.6528
1.0 5.0 1.63873 16.6528
1.0 5.0 0.779986 16.6528
1.0 5.0 0.733887 16.6528
1.0 5.0 0.725633 16.6528
1.0 5.0 0.704461 16.6528
1.0 5.0 0.693498 16.6528
1.0 5.0 0.573176 16.6526
1.0 5.0 0.696827 16.6528
1.0 5.0 0.711299 16.6528
1.0 5.0 0.699009 16.6528
1.0 5.0 0.848969 16.6528
1.0 5.0 0.916245 16.6528
1.0 5.0 0.729308 16.6528
1.0 5.0 0.767181 16.6528
1.0 5.0 0.705371 16.6528
1.0 5.0 0.730676 16.6528
1.0 5.0 0.737271 16.6528
1.0 7.0 0.937648 16.6528
1.0 7.0 0.698403 16.6528
1.0 7.0 1.62753 16.6527
1.0 7.0 1.57835 16.6528
1.0 7.0 0.67918 16.6526
1.0 7.0 0.633887 16.6526
1.0 7.0 0.940518 16.6528
1.0 7.0 0.894925 16.6528
1.0 7.0 0.599662 16.6527
1.0 7.0 0.604842 16.6528
1.0 7.0 0.937375 16.6528
1.0 7.0 0.9404 16.6528
1.0 7.0 0.640924 16.6526
1.0 7.0 0.645789 16.6527
1.0 7.0 0.651426 16.6528
1.0 7.0 1.06406 16.6528
1.0 7.0 0.631674 16.6528
1.0 7.0 0.693626 16.6528
1.0 7.0 0.611988 16.6528
1.0 7.0 0.696948 16.6528
1.0 7.0 0.607628 16.6528
1.0 7.0 0.650546 16.6528
1.0 7.0 0.628455 16.6528
1.0 7.0 0.648981 16.6528
1.0 7.0 0.852262 16.6528
1.0 7.0 0.842383 16.6528
1.0 7.0 0.686419 16.6528
1.0 7.0 0.877425 16.6528
1.0 7.0 0.882729 16.6528
1.0 7.0 0.928208 16.6528
1.0 7.0 1.516 16.6528
1.0 7.0 0.9098 16.6528
1.0 7.0 0.606482 16.6527
1.0 7.0 0.737652 16.6528
1.0 7.0 0.825121 16.6528
1.0 7.0 0.598449 16.6528
1.0 7.0 0.648982 16.6527
1.0 7.0 0.741831 16.6528
1.0 7.0 0.737173 16.6528
1.0 7.0 0.658008 16.6527
1.0 7.0 0.658575 16.6528
1.0 7.0 0.733907 16.6528
1.0 7.0 0.659223 16.6527
1.0 7.0 0.661416 16.6528
1.0 7.0 0.685248 16.6526
1.0 7.0 0.713971 16.6527
1.0 7.0 0.693423 16.6527
1.0 7.0 0.699319 16.6527
1.0 7.0 0.680068 16.6528
1.0 7.0 0.741653 16.6526
1.0 8.0 0.627747 16.6528
1.0 8.0 0.628737 16.6527
1.0 8.0 0.650009 16.6528
1.0 8.0 0.665964 16.6528
1.0 8.0 0.645883 16.6528
1.0 8.0 0.684996 16.6528
1.0 8.0 0.647185 16.6528
1.0 8.0 0.642314 16.6528
1.0 8.0 0.667077 16.6526
1.0 8.0 0.641248 16.6527
1.0 8.0 0.64692 16.6528
1.0 8.0 0.650404 16.6528
1.0 8.0 0.670318 16.6528
1.0 8.0 0.693676 16.6528
1.0 8.0 0.649494 16.6526
1.0 8.0 0.663907 16.6528
1.0 8.0 0.632985 16.6528
1.0 8.0 0.6823 16.6528
1.0 8.0 0.648624 16.6528
1.0 8.0 0.634822 16.6528
1.0 8.0 0.64359 16.6528
1.0 8.0 0.661066 16.6527
1.0 8.0 0.641379 16.6528
1.0 8.0 0.709411 16.6526
1.0 8.0 0.665061 16.6528
1.0 8.0 0.628318 16.6526
1.0 8.0 0.646823 16.6528
1.0 8.0 0.635154 16.6528
1.0 8.0 0.630363 16.6527
1.0 8.0 0.64108 16.6528
1.0 8.0 0.649352 16.6528
1.0 8.0 0.672742 16.6528
1.0 8.0 0.667289 16.6528
1.0 8.0 0.657856 16.6527
1.0 8.0 0.64937 16.6528
1.0 8.0 0.649103 16.6528
1.0 8.0 0.664819 16.6527
1.0 8.0 0.649403 16.6528
1.0 8.0 0.664084 16.6528
1.0 8.0 0.646596 16.6528
1.0 8.0 0.635333 16.6527
1.0 8.0 0.641564 16.6528
1.0 8.0 0.627086 16.6528
1.0 8.0 0.666829 16.6528
1.0 8.0 0.641357 16.6528
1.0 8.0 0.667344 16.6527
1.0 8.0 1.47237 16.6526
1.0 8.0 0.631764 16.6528
1.0 8.0 0.628952 16.6528
1.0 8.0 0.711216 16.6527
1.0 9.0 0.669322 16.6528
1.0 9.0 0.745685 16.6528
1.0 9.0 0.661145 16.6527
1.0 9.0 0.712357 16.6527
1.0 9.0 0.896107 16.6528
1.0 9.0 0.670771 16.6528
1.0 9.0 0.66015 16.6527
1.0 9.0 0.65902 16.6528
1.0 9.0 0.870783 16.6528
1.0 9.0 0.820353 16.6528
1.0 9.0 0.739115 16.6526
1.0 9.0 0.784396 16.6528
1.0 9.0 0.907967 16.6528
1.0 9.0 0.766968 16.6528
1.0 9.0 0.948905 16.6528
1.0 9.0 0.662277 16.6528
1.0 9.0 1.05602 16.6528
1.0 9.0 0.836796 16.6528
1.0 9.0 0.668715 16.6528
1.0 9.0 0.691763 16.6528
1.0 9.0 0.68017 16.6528
1.0 9.0 0.882701 16.6526
1.0 9.0 0.709596 16.6527
1.0 9.0 0.810364 16.6528
1.0 9.0 0.94502 16.6528
1.0 9.0 0.684731 16.6527
1.0 9.0 0.773531 16.6528
1.0 9.0 0.806685 16.6528
1.0 9.0 0.750476 16.6527
1.0 9.0 0.754132 16.6528
1.0 9.0 0.668462 16.6528
1.0 9.0 0.855504 16.6528
1.0 9.0 0.673999 16.6528
1.0 9.0 0.848256 16.6528
1.0 9.0 0.667301 16.6528
1.0 9.0 0.709756 16.6528
1.0 9.0 1.18817 16.6528
1.0 9.0 1.05617 16.6528
1.0 9.0 0.663344 16.6528
1.0 9.0 0.680429 16.6527
1.0 9.0 0.658869 16.6528
1.0 9.0 0.738176 16.6528
1.0 9.0 0.819625 16.6528
1.0 9.0 0.790255 16.6526
1.0 9.0 0.895126 16.6528
1.0 9.0 0.683618 16.6528
1.0 9.0 0.674226 16.6527
1.0 9.0 0.742965 16.6526
1.0 9.0 0.668918 16.6528
1.0 9.0 1.31801 16.6528
1.0 15.0 0.772694 16.6528
1.0 15.0 0.865348 16.6528
1.0 15.0 0.743208 16.6528
1.0 15.0 1.33988 16.6528
1.0 15.0 0.768196 16.6528
1.0 15.0 0.746627 16.6528
1.0 15.0 0.787811 16.6528
1.0 15.0 0.831857 16.6528
1.0 15.0 0.965806 16.6528
1.0 15.0 0.731707 16.6528
1.0 15.0 0.767182 16.6528
1.0 15.0 0.795731 16.6528
1.0 15.0 0.731984 16.6528
1.0 15.0 1.31938 16.6528
1.0 15.0 0.751035 16.6528
1.0 15.0 0.783736 16.6528
1.0 15.0 0.973376 16.6526
1.0 15.0 1.70648 16.6527
1.0 15.0 0.72994 16.6528
1.0 15.0 0.777436 16.6528
1.0 15.0 0.744545 16.6527
1.0 15.0 0.747835 16.6528
1.0 15.0 0.804313 16.6528
1.0 15.0 1.08279 16.6527
1.0 15.0 0.773963 16.6528
1.0 15.0 0.73673 16.6528
1.0 15.0 0.736779 16.6528
1.0 15.0 0.828784 16.6528
1.0 15.0 1.00979 16.6528
1.0 15.0 0.903556 16.6528
1.0 15.0 0.787346 16.6528
1.0 15.0 0.737262 16.6528
1.0 15.0 0.767917 16.6528
1.0 15.0 0.814196 16.6528
1.0 15.0 0.931904 16.6528
1.0 15.0 0.728414 16.6528
1.0 15.0 0.794348 16.6528
1.0 15.0 0.827525 16.6527
1.0 15.0 0.84158 16.6528
1.0 15.0 0.759367 16.6528
1.0 15.0 0.815718 16.6528
1.0 15.0 0.737696 16.6528
1.0 15.0 0.791877 16.6528
1.0 15.0 0.799512 16.6528
1.0 15.0 0.923684 16.6528
1.0 15.0 0.73571 16.6528
1.0 15.0 0.750702 16.6528
1.0 15.0 0.819422 16.6528
1.0 15.0 0.827818 16.6528
1.0 15.0 0.803927 16.6528
1.0 16.0 0.750771 16.6528
1.0 16.0 0.802021 16.6528
1.0 16.0 0.751608 16.6528
1.0 16.0 0.992545 16.6528
1.0 16.0 0.797271 16.6527
1.0 16.0 0.792926 16.6528
1.0 16.0 0.779083 16.6528
1.0 16.0 0.744546 16.6528
1.0 16.0 0.80865 16.6528
1.0 16.0 0.809056 16.6528
1.0 16.0 0.833732 16.6528
1.0 16.0 0.875048 16.6528
1.0 16.0 0.752051 16.6528
1.0 16.0 0.780725 16.6528
1.0 16.0 0.807837 16.6528
1.0 16.0 0.774858 16.6528
1.0 16.0 0.779822 16.6528
1.0 16.0 0.788833 16.6528
1.0 16.0 0.834047 16.6528
1.0 16.0 0.741024 16.6528
1.0 16.0 0.82087 16.6528
1.0 16.0 0.75155 16.6528
1.0 16.0 0.82017 16.6528
1.0 16.0 0.816657 16.6528
1.0 16.0 0.785611 16.6528
1.0 16.0 0.820474 16.6528
1.0 16.0 1.1194 16.6527
1.0 16.0 0.784347 16.6528
1.0 16.0 0.753594 16.6527
1.0 16.0 0.750304 16.6528
1.0 16.0 0.803039 16.6527
1.0 16.0 0.825107 16.6528
1.0 16.0 0.799446 16.6528
1.0 16.0 0.777942 16.6528
1.0 16.0 0.782532 16.6528
1.0 16.0 1.60084 16.6528
1.0 16.0 0.776538 16.6528
1.0 16.0 0.758833 16.6528
1.0 16.0 0.783175 16.6528
1.0 16.0 0.832873 16.6528
1.0 16.0 0.75452 16.6528
1.0 16.0 0.789139 16.6528
1.0 16.0 0.8206 16.6527
1.0 16.0 0.74398 16.6528
1.0 16.0 0.745014 16.6528
1.0 16.0 0.744558 16.6528
1.0 16.0 0.783378 16.6528
1.0 16.0 0.827133 16.6528
1.0 16.0 0.763157 16.6528
1.0 16.0 0.828798 16.6528
1.0 17.0 0.838321 16.6528
1.0 17.0 0.877204 16.6528
1.0 17.0 1.37859 16.6528
1.0 17.0 0.880857 16.6526
1.0 17.0 0.858194 16.6526
1.0 17.0 1.18922 16.6527
1.0 17.0 1.21372 16.6526
1.0 17.0 0.913045 16.6527
1.0 17.0 0.780673 16.6528
1.0 17.0 0.84934 16.6527
1.0 17.0 0.900609 16.6528
1.0 17.0 0.954525 16.6528
1.0 17.0 1.14555 16.6528
1.0 17.0 0.763659 16.6528
1.0 17.0 0.850014 16.6528
1.0 17.0 0.820112 16.6528
1.0 17.0 1.35168 16.6526
1.0 17.0 1.26998 16.6528
1.0 17.0 0.855667 16.6528
1.0 17.0 1.01269 16.6528
1.0 17.0 0.912112 16.6526
1.0 17.0 1.21512 16.6527
1.0 17.0 1.37058 16.6528
1.0 17.0 1.55742 16.6528
1.0 17.0 0.77078 16.6528
1.0 17.0 0.843527 16.6528
1.0 17.0 0.941152 16.6528
1.0 17.0 1.17611 16.6528
1.0 17.0 1.28711 16.6528
1.0 17.0 0.949282 16.6528
1.0 17.0 0.881659 16.6526
1.0 17.0 0.769819 16.6528
1.0 17.0 0.85242 16.6528
1.0 17.0 1.16536 16.6527
1.0 17.0 0.808378 16.6528
1.0 17.0 1.27534 16.6527
1.0 17.0 1.27936 16.6528
1.0 17.0 1.35308 16.6528
1.0 17.0 1.44899 16.6528
1.0 17.0 0.791092 16.6528
1.0 17.0 0.909722 16.6527
1.0 17.0 1.06027 16.6528
1.0 17.0 1.17741 16.6528
1.0 17.0 0.77193 16.6528
1.0 17.0 0.864058 16.6528
1.0 17.0 0.834208 16.6528
1.0 17.0 1.2159 16.6528
1.0 17.0 0.874931 16.6526
1.0 17.0 0.777391 16.6528
1.0 17.0 0.945168 16.6527
1.0 31.0 0.899071 16.6528
1.0 31.0 0.864385 16.6528
1.0 31.0 0.921279 16.6528
1.0 31.0 0.948299 16.6527
1.0 31.0 0.905847 16.6528
1.0 31.0 0.918308 16.6528
1.0 31.0 0.924824 16.6527
1.0 31.0 0.889579 16.6528
1.0 31.0 0.910799 16.6527
1.0 31.0 0.943348 16.6527
1.0 31.0 0.953732 16.6526
1.0 31.0 0.868663 16.6528
1.0 31.0 0.868523 16.6527
1.0 31.0 0.864935 16.6528
1.0 31.0 1.00554 16.6528
1.0 31.0 0.900886 16.6528
1.0 31.0 0.906751 16.6527
1.0 31.0 0.843125 16.6526
1.0 31.0 0.872382 16.6528
1.0 31.0 0.894933 16.6526
1.0 31.0 0.817079 16.6527
1.0 31.0 0.904837 16.6528
1.0 31.0 0.90712 16.6527
1.0 31.0 0.852218 16.6528
1.0 31.0 0.836033 16.6528
1.0 31.0 0.908501 16.6528
1.0 31.0 0.873702 16.6528
1.0 31.0 1.06592 16.6528
1.0 31.0 0.845673 16.6527
1.0 31.0 0.900987 16.6528
1.0 31.0 0.906269 16.6528
1.0 31.0 0.825059 16.6528
1.0 31.0 1.20577 16.6528
1.0 31.0 0.910468 16.6528
1.0 31.0 0.947856 16.6528
1.0 31.0 0.870527 16.6527
1.0 31.0 0.950667 16.6526
1.0 31.0 0.945195 16.6528
1.0 31.0 0.812447 16.6528
1.0 31.0 0.907625 16.6527
1.0 31.0 0.946048 16.6526
1.0 31.0 0.950768 16.6527
1.0 31.0 0.943484 16.6528
1.0 31.0 0.838728 16.6527
1.0 31.0 0.955447 16.6526
1.0 31.0 0.819822 16.6528
1.0 31.0 0.926526 16.6528
1.0 31.0 0.914113 16.6528
1.0 31.0 0.924884 16.6526
1.0 31.0 0.831126 16.6528
1.0 32.0 0.911884 16.6526
1.0 32.0 1.01505 16.6528
1.0 32.0 1.29038 16.6526
1.0 32.0 0.954674 16.6527
1.0 32.0 0.889064 16.6527
1.0 32.0 0.912479 16.6528
1.0 32.0 0.932149 16.6527
1.0 32.0 0.945464 16.6528
1.0 32.0 0.924121 16.6528
1.0 32.0 0.942316 16.6527
1.0 32.0 1.32976 16.6526
1.0 32.0 0.863415 16.6526
1.0 32.0 0.833046 16.6528
1.0 32.0 1.03011 16.6527
1.0 32.0 0.883662 16.6528
1.0 32.0 0.92071 16.6526
1.0 32.0 1.36105 16.6528
1.0 32.0 1.23446 16.6528
1.0 32.0 0.884567 16.6528
1.0 32.0 0.885786 16.6528
1.0 32.0 0.926788 16.6528
1.0 32.0 0.958524 16.6528
1.0 32.0 0.835065 16.6528
1.0 32.0 0.90355 16.6527
1.0 32.0 1.10154 16.6526
1.0 32.0 0.954466 16.6528
1.0 32.0 0.918776 16.6527
1.0 32.0 0.81367 16.6528
1.0 32.0 0.943751 16.6528
1.0 32.0 0.905882 16.6527
1.0 32.0 1.0272 16.6526
1.0 32.0 1.26077 16.6528
1.0 32.0 0.924148 16.6528
1.0 32.0 1.37461 16.6528
1.0 32.0 1.58503 16.6528
1.0 32.0 0.846102 16.6526
1.0 32.0 0.91424 16.6528
1.0 32.0 0.882272 16.6528
1.0 32.0 0.95157 16.6528
1.0 32.0 0.955992 16.6526
1.0 32.0 0.947207 16.6528
1.0 32.0 0.91224 16.6528
1.0 32.0 0.959 16.6528
1.0 32.0 1.2555 16.6527
1.0 32.0 0.909107 16.6527
1.0 32.0 1.33157 16.6527
1.0 32.0 1.28553 16.6528
1.0 32.0 0.917219 16.6528
1.0 32.0 1.38841 16.6528
1.0 32.0 0.962434 16.6527
1.0 33.0 1.00908 16.6526
1.0 33.0 0.955927 16.6527
1.0 33.0 0.932921 16.6527
1.0 33.0 1.04426 16.6526
1.0 33.0 0.946394 16.6528
1.0 33.0 1.04354 16.6527
1.0 33.0 1.04397 16.6528
1.0 33.0 1.04988 16.6528
1.0 33.0 1.4503 16.6528
1.0 33.0 0.903342 16.6527
1.0 33.0 1.04071 16.6526
1.0 33.0 1.0405 16.6528
1.0 33.0 0.864429 16.6528
1.0 33.0 1.03945 16.6527
1.0 33.0 1.05499 16.6528
1.0 33.0 1.40992 16.6528
1.0 33.0 1.053 16.6527
1.0 33.0 1.30782 16.6528
1.0 33.0 1.29516 16.6528
1.0 33.0 1.34093 16.6526
1.0 33.0 0.928605 16.6526
1.0 33.0 0.914143 16.6526
1.0 33.0 0.900281 16.6526
1.0 33.0 0.992141 16.6528
1.0 33.0 1.05259 16.6528
1.0 33.0 1.01028 16.6528
1.0 33.0 1.05487 16.6528
1.0 33.0 1.0397 16.6526
1.0 33.0 1.27521 16.6527
1.0 33.0 1.04637 16.6526
1.0 33.0 1.38388 16.6528
1.0 33.0 1.43822 16.6527
1.0 33.0 1.42108 16.6528
1.0 33.0 0.954139 16.6528
1.0 33.0 1.05327 16.6527
1.0 33.0 1.04748 16.6527
1.0 33.0 1.18028 16.6528
1.0 33.0 1.29318 16.6526
1.0 33.0 1.53377 16.6528
1.0 33.0 1.36284 16.6528
1.0 33.0 1.40448 16.6528
1.0 33.0 1.39508 16.6528
1.0 33.0 0.882349 16.6528
1.0 33.0 1.00053 16.6528
1.0 33.0 0.908848 16.6526
1.0 33.0 0.894693 16.6528
1.0 33.0 1.35037 16.6528
1.0 33.0 1.38086 16.6528
1.0 33.0 1.43501 16.6528
1.0 33.0 1.30011 16.6528
2.0 3.0 0.401357 -1.29547e-08
2.0 3.0 1.11655 -1.33839e-09
2.0 3.0 0.39833 -7.20387e-09
2.0 3.0 1.0709 -2.03805e-10
2.0 3.0 1.45529 -1.80022e-09
2.0 3.0 1.03547 -2.50231e-08
2.0 3.0 0.406165 -6.6206e-08
2.0 3.0 1.43578 -4.2444e-08
2.0 3.0 1.08042 -1.41095e-08
2.0 3.0 0.450949 -9.80322e-12
2.0 3.0 1.02921 -8.09587e-11
2.0 3.0 1.06852 -4.2781e-10
2.0 3.0 1.14292 -2.96647e-09
2.0 3.0 0.396879 -6.25439e-09
2.0 3.0 0.983581 -1.58781e-10
2.0 3.0 0.370313 -9.31386e-10
2.0 3.0 0.414089 -1.50218e-08
2.0 3.0 0.434544 -9.97124e-12
2.0 3.0 0.402599 -3.87018e-11
2.0 3.0 0.429544 -9.84268e-10
2.0 3.0 0.398675 -1.66883e-09
2.0 3.0 1.00833 -5.7096e-11
2.0 3.0 0.432467 -1.42629e-10
2.0 3.0 0.475054 -8.21298e-11
2.0 3.0 0.394388 -3.5604e-10
2.0 3.0 0.948506 -1.87266e-10
2.0 3.0 0.405177 -2.56537e-09
2.0 3.0 0.392367 -4.26529e-09
2.0 3.0 1.08046 -1.43047e-07
2.0 3.0 1.33201 -4.36037e-12
2.0 3.0 0.526497 -8.74786e-11
2.0 3.0 0.391873 -2.81112e-08
2.0 3.0 1.03232 -1.43246e-08
2.0 3.0 0.409808 -5.82381e-09
2.0 3.0 1.30041 -9.00872e-09
2.0 3.0 0.386822 -1.23317e-08
2.0 3.0 0.405298 -1.88639e-08
2.0 3.0 0.406034 -7.17016e-10
2.0 3.0 0.476245 -3.56381e-12
2.0 3.0 0.46815 -1.02698e-09
2.0 3.0 1.04963 -2.98709e-09
2.0 3.0 0.385838 -2.53898e-09
2.0 3.0 0.395934 -3.91958e-11
2.0 3.0 0.484298 -5.40645e-11
2.0 3.0 0.408187 -1.3949e-08
2.0 3.0 0.923595 -1.66688e-09
2.0 3.0 0.424676 -5.94777e-11
2.0 3.0 0.4454 -1.34858e-09
2.0 3.0 1.48583 -1.10882e-09
2.0 3.0 1.03257 -4.0821e-11
2.0 4.0 0.760693 -7.05549e-09
2.0 4.0 0.367153 -2.47864e-10
2.0 4.0 0.480448 -1.26083e-08
2.0 4.0 0.808444 -2.0472e-11
2.0 4.0 0.412391 -3.01042e-08
2.0 4.0 0.830835 -1.86248e-10
2.0 4.0 0.789889 -2.47024e-09
2.0 4.0 0.788934 -6.70772e-09
2.0 4.0 0.380392 -4.15754e-09
2.0 4.0 0.35598 -1.10193e-12
2.0 4.0 0.411716 -1.07978e-09
2.0 4.0 0.68761 -2.23085e-07
2.0 4.0 0.477097 -7.30162e-11
2.0 4.0 0.762705 -2.93357e-10
2.0 4.0 0.369896 -2.6961e-10
2.0 4.0 0.956342 -7.27119e-10
2.0 4.0 0.4224 -2.69563e-12
2.0 4.0 0.836312 -2.32915e-09
2.0 4.0 0.429235 -1.15099e-11
2.0 4.0 0.743256 -4.38649e-09
2.0 4.0 0.382725 -1.15783e-08
2.0 4.0 0.365793 -3.50789e-12
2.0 4.0 0.901473 -1.78212e-08
2.0 4.0 0.423763 -3.55062e-10
2.0 4.0 0.725182 -7.57277e-09
2.0 4.0 0.814125 -1.29996e-10
2.0 4.0 0.761894 -1.9628e-08
2.0 4.0 0.82251 -8.96528e-11
2.0 4.0 0.72681 -8.46296e-09
2.0 4.0 0.744283 -4.53046e-08
2.0 4.0 0.359451 -1.39548e-08
2.0 4.0 0.754705 -4.21559e-10
2.0 4.0 0.887083 -7.55921e-09
2.0 4.0 0.751523 -7.27027e-08
2.0 4.0 0.945624 -4.66985e-11
2.0 4.0 0.420307 -3.30171e-11
2.0 4.0 0.745306 -2.00631e-09
2.0 4.0 0.851199 -9.45475e-09
2.0 4.0 0.767562 -2.12463e-07
2.0 4.0 0.361169 -2.37424e-09
2.0 4.0 0.421541 -2.65126e-09
2.0 4.0 0.782402 -5.72358e-11
2.0 4.0 0.72018 -6.38029e-10
2.0 4.0 0.390921 -9.40616e-09
2.0 4.0 0.349143 -9.51673e-08
2.0 4.0 0.748603 -5.56792e-11
2.0 4.0 0.713184 -3.21302e-09
2.0 4.0 0.754454 -5.95959e-09
2.0 4.0 0.723119 -2.00904e-11
2.0 4.0 0.744737 -8.74599e-10
2.0 5.0 0.638577 -1.9656e-09
2.0 5.0 0.859426 -9.23474e-09
2.0 5.0 0.725721 -1.17505e-09
2.0 5.0 0.725823 -6.40463e-09
2.0 5.0 0.904558 -1.71057e-10
2.0 5.0 0.564767 -3.94592e-09
2.0 5.0 0.72929 -1.45563e-08
2.0 5.0 0.562436 -6.24511e-09
2.0 5.0 0.658006 -1.62736e-11
2.0 5.0 0.701281 -2.76432e-09
2.0 5.0 0.764497 -2.77622e-09
2.0 5.0 0.551957 -4.21761e-09
2.0 5.0 0.884341 -8.69098e-10
2.0 5.0 0.708623 -4.96571e-08
2.0 5.0 0.658362 -2.51535e-09
2.0 5.0 0.564991 -3.26793e-07
2.0 5.0 0.898893 -1.02147e-09
2.0 5.0 0.53326 -3.06038e-09
2.0 5.0 0.542972 -2.25968e-09
2.0 5.0 0.929986 -5.20836e-08
2.0 5.0 0.692288 -4.58302e-10
2.0 5.0 0.688062 -8.39058e-14
2.0 5.0 0.87003 -3.02932e-11
2.0 5.0 0.570327 -1.37879e-08
2.0 5.0 0.851797 -3.47943e-12
2.0 5.0 1.21524 -3.98248e-08
2.0 5.0 0.716382 -1.5153e-09
2.0 5.0 0.715302 -4.1318e-10
2.0 5.0 0.669288 -1.76648e-08
2.0 5.0 0.694156 -1.81484e-09
2.0 5.0 0.694633 -6.82843e-10
2.0 5.0 0.690226 -2.37314e-09
2.0 5.0 0.603269 -2.31566e-08
2.0 5.0 0.722449 -3.49022e-10
2.0 5.0 0.559275 -3.31597e-08
2.0 5.0 0.694083 -4.17816e-10
2.0 5.0 0.593988 -1.55303e-09
2.0 5.0 0.723296 -2.60974e-08
2.0 5.0 1.34881 -9.48285e-14
2.0 5.0 0.593838 -1.95384e-07
2.0 5.0 0.726914 -1.0885e-10
2.0 5.0 0.554531 -9.41588e-10
2.0 5.0 0.676164 -1.17016e-09
2.0 5.0 0.635479 -4.84068e-09
2.0 5.0 0.656255 -3.64581e-09
2.0 5.0 0.663407 -5.37996e-09
2.0 5.0 0.728192 -8.92965e-09
2.0 5.0 0.723947 -1.37032e-09
2.0 5.0 0.627424 -1.09104e-08
2.0 5.0 1.22474 -7.11424e-10
2.0 7.0 0.660782 -2.40433e-08
2.0 7.0 0.704527 -4.99493e-08
2.0 7.0 0.687597 -6.84183e-09
2.0 7.0 0.700545 -6.42511e-08
2.0 7.0 0.698293 -2.10858e-10
2.0 7.0 0.764192 -1.12635e-09
2.0 7.0 0.635363 -2.1359e-10
2.0 7.0 0.588701 -4.35372e-08
2.0 7.0 0.59726 -1.68305e-09
2.0 7.0 0.786008 -1.10386e-09
2.0 7.0 0.80503 -2.00584e-12
2.0 7.0 0.818728 -7.82757e-14
2.0 7.0 0.730371 -2.23239e-08
2.0 7.0 0.631136 -4.14874e-08
2.0 7.0 0.629924 -4.9733e-09
2.0 7.0 0.756499 -3.86456e-11
2.0 7.0 0.606482 -1.25835e-07
2.0 7.0 0.768213 -7.13745e-12
2.0 7.0 0.780156 -1.33186e-11
2.0 7.0 0.59761 -5.9893e-09
2.0 7.0 0.809124 -1.87909e-09
2.0 7.0 0.596038 -2.88476e-08
2.0 7.0 0.784258 -2.50882e-10
2.0 7.0 0.785427 -1.47641e-10
2.0 7.0 0.804697 -2.48065e-12
2.0 7.0 0.645436 -4.94041e-08
2.0 7.0 0.583517 -1.17361e-07
2.0 7.0 0.585512 -8.50458e-10
2.0 7.0 0.582087 -1.7187e-08
2.0 7.0 0.600705 -1.6504e-07
2.0 7.0 0.594933 -7.12007e-08
2.0 7.0 0.636322 -4.98578e-10
2.0 7.0 0.76927 -6.71634e-11
2.0 7.0 0.589939 -7.89407e-09
2.0 7.0 0.631578 -8.94862e-08
2.0 7.0 0.763265 -3.72893e-10
2.0 7.0 0.766944 -1.93766e-10
2.0 7.0 0.756734 -1.07507e-08
2.0 7.0 1.64395 -1.17656e-08
2.0 7.0 0.79964 -4.32206e-08
2.0 7.0 0.597987 -6.91866e-08
2.0 7.0 0.59172 -1.18916e-07
2.0 7.0 0.767873 -2.60289e-09
2.0 7.0 0.762185 -6.2362e-09
2.0 7.0 0.730466 -4.91555e-10
2.0 7.0 0.662532 -2.26586e-09
2.0 7.0 0.805449 -5.79431e-09
2.0 7.0 0.589767 -3.11953e-09
2.0 7.0 0.647445 -1.71675e-10
2.0 7.0 0.583478 -5.70913e-12
2.0 8.0 0.737473 -1.76511e-10
2.0 8.0 0.624966 -3.86454e-08
2.0 8.0 0.614569 -1.81166e-09
2.0 8.0 0.614295 -9.25663e-09
2.0 8.0 0.636949 -8.35809e-09
2.0 8.0 0.660026 -4.82148e-09
2.0 8.0 0.664506 -5.64706e-08
2.0 8.0 0.638392 -1.81774e-07
2.0 8.0 0.641718 -1.48644e-07
2.0 8.0 0.647731 -4.72966e-09
2.0 8.0 0.646837 -3.01477e-08
2.0 8.0 0.636458 -1.01755e-15
2.0 8.0 0.610671 -1.88582e-08
2.0 8.0 0.888648 -4.38668e-08
2.0 8.0 1.03579 -8.51151e-14
2.0 8.0 0.582963 -1.14983e-09
2.0 8.0 0.595556 -7.55819e-11
2.0 8.0 0.760262 -1.19665e-08
2.0 8.0 0.61386 -2.1448e-08
2.0 8.0 0.622938 -1.94905e-08
2.0 8.0 0.617345 -8.54001e-08
2.0 8.0 0.63522 -5.22872e-08
2.0 8.0 0.6072 -6.93994e-09
2.0 8.0 0.614236 -3.92279e-08
2.0 8.0 0.605394 -1.16926e-09
2.0 8.0 0.575634 -4.10993e-09
2.0 8.0 0.619579 -1.04573e-10
2.0 8.0 0.651191 -6.95525e-08
2.0 8.0 0.662673 -1.07723e-07
2.0 8.0 0.585389 -1.51461e-08
2.0 8.0 0.596758 -1.72223e-09
2.0 8.0 1.93904 -1.78399e-10
2.0 8.0 0.698977 -2.50106e-09
2.0 8.0 0.607947 -4.11769e-09
2.0 8.0 0.616123 -1.20247e-08
2.0 8.0 0.64712 -6.96158e-09
2.0 8.0 0.659753 -2.1745e-11
2.0 8.0 0.576517 -2.82416e-07
2.0 8.0 0.578602 -8.70508e-09
2.0 8.0 0.652516 -5.0865e-09
2.0 8.0 0.602712 -2.1439e-10
2.0 8.0 0.606478 -5.25841e-09
2.0 8.0 0.599806 -2.7487e-11
2.0 8.0 0.634048 -9.25521e-08
2.0 8.0 0.612923 -1.91359e-09
2.0 8.0 0.609096 -1.39486e-09
2.0 8.0 1.9289 -2.16748e-10
2.0 8.0 2.01951 -1.61273e-12
2.0 8.0 2.01951 -1.61273e-12
2.0 8.0 2.01951 -1.61273e-12
2.0 9.0 0.706418 -5.34343e-09
2.0 9.0 0.710515 -9.01623e-10
2.0 9.0 0.775002 -7.26501e-08
2.0 9.0 0.758979 -8.74862e-12
2.0 9.0 0.717458 -1.49529e-10
2.0 9.0 0.842663 -1.8821e-11
2.0 9.0 0.728767 -1.3798e-07
2.0 9.0 0.891131 -8.51459e-11
2.0 9.0 0.712679 -1.88425e-08
2.0 9.0 0.710049 -1.04187e-10
2.0 9.0 0.841831 -7.51995e-10
2.0 9.0 0.859745 -4.12852e-10
2.0 9.0 0.686104 -2.16432e-07
2.0 9.0 0.701422 -1.39316e-08
2.0 9.0 0.767017 -1.38479e-09
2.0 9.0 0.981755 -6.58413e-08
2.0 9.0 0.739542 -2.01861e-08
2.0 9.0 0.70623 -3.84011e-08
2.0 9.0 0.686448 -1.2108e-07
2.0 9.0 0.770205 -9.36422e-09
2.0 9.0 0.681507 -2.27301e-09
2.0 9.0 0.906472 -5.09935e-09
2.0 9.0 0.755262 -4.51649e-08
2.0 9.0 0.698119 -3.95653e-09
2.0 9.0 0.685074 -6.54121e-10
2.0 9.0 0.699038 -3.54099e-08
2.0 9.0 0.702457 -6.36344e-09
2.0 9.0 0.734872 -3.62443e-09
2.0 9.0 0.707009 -1.73113e-07
2.0 9.0 0.69389 -1.47313e-08
2.0 9.0 0.706171 -1.12445e-07
2.0 9.0 0.846877 -1.19651e-09
2.0 9.0 0.793713 -4.17301e-08
2.0 9.0 0.709289 -1.84309e-09
2.0 9.0 0.764466 -4.7013e-08
2.0 9.0 1.17456 -3.01631e-12
2.0 9.0 0.916783 -1.91281e-09
2.0 9.0 0.709454 -1.97651e-10
2.0 9.0 0.727093 -3.68789e-08
2.0 9.0 0.767526 -2.98013e-10
2.0 9.0 0.683729 -2.57126e-08
2.0 9.0 0.726063 -3.24245e-09
2.0 9.0 0.752464 -3.45518e-08
2.0 9.0 0.797157 -9.56582e-10
2.0 9.0 1.15535 -4.07259e-12
2.0 9.0 1.11565 -1.31152e-07
2.0 9.0 0.702854 -1.80236e-09
2.0 9.0 1.00891 -9.2099e-11
2.0 9.0 1.00891 -9.2099e-11
2.0 9.0 1.00891 -9.2099e-11
2.0 15.0 0.823958 -9.87205e-08
2.0 15.0 0.753331 -1.63707e-08
2.0 15.0 0.828616 -8.44847e-08
2.0 15.0 0.802338 -8.04782e-11
2.0 15.0 0.779773 -3.42176e-09
2.0 15.0 0.834973 -3.8022e-08
2.0 15.0 0.807104 -5.24624e-10
2.0 15.0 0.757254 -1.40916e-08
2.0 15.0 0.737532 -2.80434e-09
2.0 15.0 0.7596 -2.38963e-08
2.0 15.0 0.742896 -1.28773e-12
2.0 15.0 0.755777 -5.43159e-08
2.0 15.0 0.757138 -1.3042e-09
2.0 15.0 1.02108 -1.35121e-09
2.0 15.0 0.773039 -9.65867e-10
2.0 15.0 0.734008 -1.23902e-08
2.0 15.0 0.786711 -3.5942e-10
2.0 15.0 0.837512 -1.2328e-10
2.0 15.0 0.764274 -9.32608e-08
2.0 15.0 1.38437 -6.55557e-10
2.0 15.0 0.774218 -6.42697e-09
2.0 15.0 0.830244 -3.93647e-08
2.0 15.0 0.771691 -2.55425e-09
2.0 15.0 0.766112 -2.40186e-08
2.0 15.0 0.800408 -1.34496e-11
2.0 15.0 0.726815 -1.12952e-08
2.0 15.0 0.774534 -1.17512e-11
2.0 15.0 0.845189 -6.66175e-09
2.0 15.0 0.729637 -1.08884e-08
2.0 15.0 0.750249 -8.51694e-09
2.0 15.0 0.775272 -7.23641e-09
2.0 15.0 0.740998 -1.0961e-08
2.0 15.0 0.800461 -1.94275e-09
2.0 15.0 0.801545 -6.78348e-10
2.0 15.0 0.737663 -6.82969e-11
2.0 15.0 0.789399 -2.24768e-07
2.0 15.0 0.854758 -3.58135e-07
2.0 15.0 0.763149 -8.14918e-10
2.0 15.0 0.747588 -2.72996e-08
2.0 15.0 0.896418 -2.45072e-08
2.0 15.0 0.743722 -9.47041e-08
2.0 15.0 0.751144 -7.33964e-08
2.0 15.0 0.966058 -1.06795e-07
2.0 15.0 0.767186 -3.82509e-09
2.0 15.0 0.785105 -1.51861e-08
2.0 15.0 0.848622 -8.13033e-11
2.0 15.0 0.766857 -3.07478e-08
2.0 15.0 0.735898 -2.98539e-10
2.0 15.0 0.84903 -1.92075e-09
2.0 15.0 0.748061 -1.15319e-09
2.0 16.0 0.752779 -1.24002e-08
2.0 16.0 0.749121 -4.86896e-11
2.0 16.0 0.760354 -4.04841e-09
2.0 16.0 0.862758 -7.75288e-10
2.0 16.0 0.869214 -1.13043e-08
2.0 16.0 0.749538 -3.9738e-11
2.0 16.0 0.814114 -9.17953e-08
2.0 16.0 0.796343 -3.24394e-09
2.0 16.0 0.75826 -5.0175e-08
2.0 16.0 0.761416 -1.28888e-08
2.0 16.0 0.766696 -1.1569e-10
2.0 16.0 0.750071 -6.80634e-10
2.0 16.0 0.780711 -5.1691e-11
2.0 16.0 0.772258 -2.90907e-09
2.0 16.0 0.752955 -1.87643e-09
2.0 16.0 0.749353 -1.6745e-10
2.0 16.0 0.776972 -8.53704e-10
2.0 16.0 0.792681 -6.02673e-09
2.0 16.0 0.734965 -3.84319e-43
2.0 16.0 0.867236 -2.43295e-08
2.0 16.0 0.738458 -9.28446e-10
2.0 16.0 0.742954 -1.77548e-08
2.0 16.0 0.75879 -4.91183e-09
2.0 16.0 0.771904 -7.97386e-10
2.0 16.0 0.77673 -3.65149e-08
2.0 16.0 0.790029 -3.3592e-10
2.0 16.0 0.756881 -1.75606e-09
2.0 16.0 0.747632 -2.08378e-08
2.0 16.0 0.779796 -7.53044e-11
2.0 16.0 0.77758 -3.28779e-08
2.0 16.0 0.76168 -3.05553e-10
2.0 16.0 0.755323 -2.01976e-11
2.0 16.0 0.842559 -1.42564e-08
2.0 16.0 0.736141 -2.0064e-09
2.0 16.0 0.754162 -9.00952e-09
2.0 16.0 0.84186 -9.02337e-11
2.0 16.0 0.773702 -9.92053e-10
2.0 16.0 0.886223 -1.48564e-07
2.0 16.0 0.79386 -1.9865e-09
2.0 16.0 0.737497 -1.79017e-08
2.0 16.0 0.773389 -6.30474e-10
2.0 16.0 0.73586 -1.94229e-11
2.0 16.0 0.782741 -6.49688e-10
2.0 16.0 0.769407 -5.23483e-09
2.0 16.0 0.778188 -2.02176e-10
2.0 16.0 0.968822 -2.79627e-08
2.0 16.0 0.72735 -1.85646e-08
2.0 16.0 0.745151 -9.37133e-11
2.0 16.0 0.830417 -4.38507e-11
2.0 16.0 0.766559 -1.24311e-10
2.0 17.0 0.786406 -5.08565e-10
2.0 17.0 0.863973 -1.07224e-08
2.0 17.0 1.17451 -1.0693e-07
2.0 17.0 0.847109 -6.44903e-08
2.0 17.0 0.919921 -6.87434e-10
2.0 17.0 0.917682 -5.57972e-09
2.0 17.0 0.967179 -1.2736e-08
2.0 17.0 0.97833 -1.40076e-13
2.0 17.0 0.977345 -1.5938e-12
2.0 17.0 0.976725 -5.07861e-10
2.0 17.0 1.20871 -5.61731e-11
2.0 17.0 1.24258 -3.50655e-09
2.0 17.0 1.31318 -1.1288e-08
2.0 17.0 1.29017 -1.45523e-08
2.0 17.0 0.786403 -1.16519e-08
2.0 17.0 0.832477 -6.7939e-10
2.0 17.0 0.877753 -1.27041e-08
2.0 17.0 0.836045 -5.11024e-09
2.0 17.0 0.945136 -3.51742e-09
2.0 17.0 1.15615 -2.25606e-08
2.0 17.0 0.780313 -1.34874e-08
2.0 17.0 0.801354 -2.52828e-07
2.0 17.0 0.794553 -2.46214e-09
2.0 17.0 0.834422 -6.41291e-09
2.0 17.0 1.18669 -3.41438e-10
2.0 17.0 0.926723 -2.31984e-08
2.0 17.0 0.864685 -9.125e-10
2.0 17.0 0.871869 -1.34844e-08
2.0 17.0 0.874604 -5.47753e-10
2.0 17.0 1.15881 -3.13212e-09
2.0 17.0 1.34349 -6.93193e-09
2.0 17.0 0.875791 -8.34722e-10
2.0 17.0 0.835152 -9.8023e-12
2.0 17.0 0.77476 -5.45984e-09
2.0 17.0 0.996714 -2.27726e-10
2.0 17.0 0.871806 -1.28484e-08
2.0 17.0 1.4035 -5.75821e-09
2.0 17.0 1.30815 -6.91637e-09
2.0 17.0 0.949786 -2.92949e-08
2.0 17.0 0.779173 -1.27828e-08
2.0 17.0 0.850648 -4.15195e-09
2.0 17.0 0.927083 -1.66577e-10
2.0 17.0 1.00391 -1.08586e-08
2.0 17.0 1.00432 -6.34137e-10
2.0 17.0 1.24717 -3.2142e-08
2.0 17.0 1.34703 -9.01762e-10
2.0 17.0 0.814157 -7.60793e-08
2.0 17.0 1.18766 -1.95337e-10
2.0 17.0 0.880155 -1.5556e-07
2.0 17.0 0.859459 -7.85665e-09
2.0 31.0 0.918167 -6.49932e-08
2.0 31.0 0.952608 -1.27734e-12
2.0 31.0 0.924015 -5.78167e-08
2.0 31.0 0.825505 -2.0513e-07
2.0 31.0 0.875942 -5.8986e-09
2.0 31.0 0.847056 -4.78444e-08
2.0 31.0 0.927923 -7.18563e-10
2.0 31.0 0.976592 -4.73783e-10
2.0 31.0 0.854873 -2.16432e-07
2.0 31.0 0.981435 -5.57205e-08
2.0 31.0 0.967239 -6.12181e-10
2.0 31.0 0.85593 -3.59894e-07
2.0 31.0 0.947277 -3.31249e-08
2.0 31.0 0.931172 -8.85014e-09
2.0 31.0 0.963785 -5.98256e-09
2.0 31.0 0.844021 -3.68087e-11
2.0 31.0 1.01022 -1.29341e-07
2.0 31.0 0.835448 -1.52072e-09
2.0 31.0 0.866636 -4.78096e-08
2.0 31.0 0.947418 -9.7463e-09
2.0 31.0 0.843733 -9.39724e-08
2.0 31.0 0.810816 -3.09842e-08
2.0 31.0 0.918299 -1.64799e-08
2.0 31.0 0.870456 -2.2218e-09
2.0 31.0 0.904639 -8.4747e-09
2.0 31.0 1.2639 -6.45887e-09
2.0 31.0 0.910091 -1.14389e-08
2.0 31.0 0.850497 -9.39737e-08
2.0 31.0 0.95172 -6.42887e-08
2.0 31.0 0.821259 -1.07352e-12
2.0 31.0 0.910834 -6.39389e-10
2.0 31.0 0.815583 -6.38292e-09
2.0 31.0 1.26811 -7.45255e-09
2.0 31.0 0.823983 -1.03573e-08
2.0 31.0 0.942553 -6.43407e-09
2.0 31.0 0.957559 -9.46109e-08
2.0 31.0 1.08183 -7.26345e-09
2.0 31.0 0.811054 -1.31446e-11
2.0 31.0 0.860849 -1.03982e-07
2.0 31.0 1.21828 -1.03235e-08
2.0 31.0 0.930571 -8.19383e-08
2.0 31.0 0.842633 -5.09877e-08
2.0 31.0 0.904182 -1.17977e-07
2.0 31.0 1.04597 -1.55772e-10
2.0 31.0 0.846687 -3.73744e-08
2.0 31.0 0.854986 -4.88233e-08
2.0 31.0 1.21594 -5.99773e-08
2.0 31.0 0.837487 -1.07467e-08
2.0 31.0 1.05127 -5.21051e-10
2.0 31.0 0.816598 -9.17905e-09
2.0 32.0 0.860934 -4.32802e-18
2.0 32.0 0.911616 -1.75835e-09
2.0 32.0 1.23062 -3.53918e-08
2.0 32.0 1.31069 -2.0085e-08
2.0 32.0 1.29287 -3.16506e-10
2.0 32.0 0.991216 -1.57607e-08
2.0 32.0 0.870293 -9.23563e-08
2.0 32.0 0.932814 -3.54102e-08
2.0 32.0 0.977235 -3.05197e-08
2.0 32.0 0.920766 -6.77384e-09
2.0 32.0 1.18385 -1.72665e-09
2.0 32.0 0.972558 -4.12028e-11
2.0 32.0 0.94446 -6.11761e-12
2.0 32.0 0.971856 -2.78348e-10
2.0 32.0 1.26229 -2.97967e-08
2.0 32.0 0.935438 -1.57537e-07
2.0 32.0 0.961707 -1.9646e-11
2.0 32.0 1.00372 -9.37385e-09
2.0 32.0 0.959842 -6.68492e-08
2.0 32.0 0.947064 -8.85265e-10
2.0 32.0 0.950613 -4.64395e-09
2.0 32.0 1.32508 -1.7866e-07
2.0 32.0 0.858116 -3.62596e-07
2.0 32.0 0.961134 -9.05368e-09
2.0 32.0 0.902788 -4.97009e-08
2.0 32.0 1.02331 -2.16432e-07
2.0 32.0 0.915531 -8.96331e-11
2.0 32.0 0.902448 -3.2791e-10
2.0 32.0 0.953223 -5.50475e-09
2.0 32.0 0.820785 -1.25736e-09
2.0 32.0 0.854932 -2.68279e-10
2.0 32.0 1.01847 -5.52608e-09
2.0 32.0 0.905769 -2.64283e-08
2.0 32.0 0.961142 -8.57156e-12
2.0 32.0 0.901072 -1.98571e-07
2.0 32.0 0.888301 -1.18308e-07
2.0 32.0 0.844505 -7.57241e-10
2.0 32.0 0.892809 -6.67886e-09
2.0 32.0 0.963348 -1.60026e-09
2.0 32.0 0.925323 -3.55035e-08
2.0 32.0 0.959439 -8.08887e-11
2.0 32.0 0.860597 -8.84413e-10
2.0 32.0 1.21421 -3.66968e-10
2.0 32.0 1.35971 -1.29098e-07
2.0 32.0 1.41622 -5.63795e-10
2.0 32.0 0.907257 -1.71255e-09
2.0 32.0 0.950893 -6.52746e-10
2.0 32.0 0.915077 -5.37604e-09
2.0 32.0 0.915077 -5.37604e-09
2.0 32.0 0.915077 -5.37604e-09
2.0 33.0 1.03237 -1.96979e-08
2.0 33.0 0.922577 -2.0713e-08
2.0 33.0 1.48804 -1.84349e-07
2.0 33.0 1.00874 -1.26875e-07
2.0 33.0 1.04439 -3.60095e-08
2.0 33.0 1.07949 -5.24606e-09
2.0 33.0 1.00721 -3.03519e-08
2.0 33.0 1.32603 -1.94171e-10
2.0 33.0 1.4235 -1.02197e-09
2.0 33.0 0.910988 -9.72585e-09
2.0 33.0 0.992838 -1.20507e-07
2.0 33.0 0.916157 -7.24529e-08
2.0 33.0 1.00779 -8.08764e-09
2.0 33.0 0.923807 -5.31119e-09
2.0 33.0 0.937887 -2.84676e-08
2.0 33.0 1.01025 -7.86363e-09
2.0 33.0 1.33551 -1.18226e-07
2.0 33.0 1.05276 -1.60524e-07
2.0 33.0 1.00381 -1.78181e-09
2.0 33.0 1.05164 -2.01713e-09
2.0 33.0 1.3708 -1.76708e-08
2.0 33.0 1.24792 -3.02151e-10
2.0 33.0 0.902113 -4.4984e-09
2.0 33.0 0.989466 -3.88494e-09
2.0 33.0 1.04455 -1.51612e-08
2.0 33.0 0.910771 -2.30811e-10
2.0 33.0 1.01316 -1.11266e-07
2.0 33.0 1.28525 -3.99143e-08
2.0 33.0 0.893194 -1.82808e-09
2.0 33.0 0.922592 -2.19137e-08
2.0 33.0 1.04561 -2.71892e-08
2.0 33.0 1.01438 -1.2855e-07
2.0 33.0 1.40625 -8.53039e-09
2.0 33.0 1.23741 -3.44747e-09
2.0 33.0 0.901042 -6.70997e-11
2.0 33.0 1.01072 -3.95982e-08
2.0 33.0 1.02746 -6.02569e-08
2.0 33.0 1.45576 -1.15835e-08
2.0 33.0 1.0751 -7.93164e-10
2.0 33.0 1.01674 -2.23754e-07
2.0 33.0 1.01092 -2.36446e-07
2.0 33.0 1.0329 -8.60494e-08
2.0 33.0 1.33427 -5.90805e-08
2.0 33.0 1.39073 -1.10595e-08
2.0 33.0 0.8997 -2.19243e-10
2.0 33.0 1.48512 -7.95414e-10
2.0 33.0 1.40909 -2.96338e-08
2.0 33.0 1.36525 -8.29422e-10
2.0 33.0 1.01775 -1.80887e-07
2.0 33.0 1.01775 -1.80887e-07
3.0 3.0 0.456452 211.426
3.0 3.0 0.982602 211.423
3.0 3.0 1.41585 211.422
3.0 3.0 0.384176 211.426
3.0 3.0 0.380283 211.424
3.0 3.0 1.09212 211.425
3.0 3.0 0.528696 211.421
3.0 3.0 0.971794 211.423
3.0 3.0 1.0611 211.426
3.0 3.0 0.461079 211.425
3.0 3.0 1.26547 211.426
3.0 3.0 0.389095 211.426
3.0 3.0 0.386127 211.424
3.0 3.0 1.06858 211.421
3.0 3.0 0.395738 211.424
3.0 3.0 0.485634 211.426
3.0 3.0 0.97019 211.423
3.0 3.0 0.432366 211.424
3.0 3.0 0.460475 211.426
3.0 3.0 0.982281 211.426
3.0 3.0 0.972594 211.426
3.0 3.0 1.0766 211.426
3.0 3.0 1.02982 211.426
3.0 3.0 0.40763 211.424
3.0 3.0 0.401714 211.426
3.0 3.0 0.414217 211.424
3.0 3.0 0.383557 211.424
3.0 3.0 0.488967 211.425
3.0 3.0 0.453145 211.425
3.0 3.0 1.06376 211.426
3.0 3.0 0.484244 211.424
3.0 3.0 0.392803 211.425
3.0 3.0 1.07 211.426
3.0 3.0 1.0545 211.426
3.0 3.0 1.18574 211.423
3.0 3.0 0.459168 211.423
3.0 3.0 0.396628 211.426
3.0 3.0 1.08508 211.424
3.0 3.0 0.413536 211.422
3.0 3.0 1.06046 211.426
3.0 3.0 0.383188 211.424
3.0 3.0 0.401561 211.422
3.0 3.0 0.408375 211.425
3.0 3.0 0.454701 211.425
3.0 3.0 1.10245 211.425
3.0 3.0 1.04354 211.424
3.0 3.0 0.535149 211.422
3.0 3.0 0.395665 211.426
3.0 3.0 0.415513 211.425
3.0 3.0 0.537513 211.423
3.0 4.0 0.771091 211.424
3.0 4.0 0.957997 211.426
3.0 4.0 0.398477 211.425
3.0 4.0 0.404187 211.426
3.0 4.0 0.444267 211.426
3.0 4.0 0.975806 211.423
3.0 4.0 0.412391 211.424
3.0 4.0 0.87549 211.423
3.0 4.0 0.814743 211.426
3.0 4.0 0.425951 211.426
3.0 4.0 0.821305 211.425
3.0 4.0 0.800661 211.423
3.0 4.0 0.815132 211.426
3.0 4.0 0.418487 211.422
3.0 4.0 0.868136 211.426
3.0 4.0 0.839055 211.426
3.0 4.0 0.93857 211.426
3.0 4.0 0.818377 211.426
3.0 4.0 0.963103 211.422
3.0 4.0 0.780584 211.422
3.0 4.0 0.410251 211.425
3.0 4.0 0.432954 211.426
3.0 4.0 0.828505 211.426
3.0 4.0 0.44049 211.426
3.0 4.0 0.437453 211.426
3.0 4.0 0.822207 211.423
3.0 4.0 0.428151 211.426
3.0 4.0 0.821293 211.426
3.0 4.0 0.437381 211.426
3.0 4.0 0.800353 211.426
3.0 4.0 0.461893 211.422
3.0 4.0 0.433539 211.426
3.0 4.0 0.822236 211.426
3.0 4.0 0.441697 211.426
3.0 4.0 0.427765 211.423
3.0 4.0 0.824812 211.426
3.0 4.0 0.43572 211.422
3.0 4.0 0.427202 211.426
3.0 4.0 0.445249 211.426
3.0 4.0 0.799196 211.422
3.0 4.0 0.444593 211.425
3.0 4.0 0.433777 211.426
3.0 4.0 0.842346 211.425
3.0 4.0 0.412614 211.426
3.0 4.0 0.417945 211.424
3.0 4.0 1.45433 211.426
3.0 4.0 0.869995 211.425
3.0 4.0 0.408031 211.426
3.0 4.0 0.44179 211.424
3.0 4.0 0.419612 211.423
3.0 5.0 0.568578 211.426
3.0 5.0 0.69633 211.426
3.0 5.0 0.731 211.424
3.0 5.0 0.720707 211.424
3.0 5.0 0.758096 211.423
3.0 5.0 0.727307 211.426
3.0 5.0 0.727918 211.426
3.0 5.0 0.790991 211.426
3.0 5.0 0.733272 211.425
3.0 5.0 0.716464 211.426
3.0 5.0 0.722337 211.426
3.0 5.0 0.938785 211.426
3.0 5.0 0.694232 211.423
3.0 5.0 0.771622 211.423
3.0 5.0 0.703322 211.426
3.0 5.0 0.726543 211.426
3.0 5.0 0.816116 211.426
3.0 5.0 1.1041 211.425
3.0 5.0 1.31281 211.426
3.0 5.0 0.77071 211.423
3.0 5.0 0.792106 211.426
3.0 5.0 0.719465 211.425
3.0 5.0 0.778672 211.426
3.0 5.0 0.72779 211.423
3.0 5.0 0.700412 211.422
3.0 5.0 0.696171 211.421
3.0 5.0 0.694925 211.424
3.0 5.0 0.697484 211.426
3.0 5.0 0.731266 211.426
3.0 5.0 0.731934 211.423
3.0 5.0 0.711563 211.422
3.0 5.0 0.745327 211.425
3.0 5.0 0.717995 211.426
3.0 5.0 0.687788 211.421
3.0 5.0 0.72774 211.426
3.0 5.0 0.934056 211.426
3.0 5.0 0.708149 211.426
3.0 5.0 0.751793 211.426
3.0 5.0 0.687163 211.426
3.0 5.0 0.576339 211.424
3.0 5.0 0.681419 211.426
3.0 5.0 0.676166 211.426
3.0 5.0 0.575421 211.426
3.0 5.0 0.747666 211.423
3.0 5.0 0.701328 211.413
3.0 5.0 0.938807 211.422
3.0 5.0 0.702714 211.426
3.0 5.0 0.723987 211.425
3.0 5.0 0.914907 211.426
3.0 5.0 0.71907 211.424
3.0 7.0 0.871118 211.426
3.0 7.0 0.613116 211.417
3.0 7.0 0.803135 211.426
3.0 7.0 0.793955 211.426
3.0 7.0 0.806781 211.426
3.0 7.0 0.612939 211.413
3.0 7.0 0.847718 211.424
3.0 7.0 0.846334 211.422
3.0 7.0 0.854749 211.426
3.0 7.0 0.600772 211.423
3.0 7.0 0.872717 211.426
3.0 7.0 0.61055 211.418
3.0 7.0 0.602174 211.426
3.0 7.0 0.620872 211.419
3.0 7.0 0.624398 211.422
3.0 7.0 0.641207 211.421
3.0 7.0 0.787989 211.422
3.0 7.0 0.860069 211.425
3.0 7.0 0.597557 211.413
3.0 7.0 0.795122 211.419
3.0 7.0 0.835884 211.426
3.0 7.0 0.79978 211.424
3.0 7.0 0.862896 211.426
3.0 7.0 0.803926 211.423
3.0 7.0 0.615653 211.426
3.0 7.0 0.62638 211.422
3.0 7.0 0.644036 211.422
3.0 7.0 0.628869 211.425
3.0 7.0 0.701444 211.426
3.0 7.0 0.779614 211.423
3.0 7.0 1.14773 211.413
3.0 7.0 0.612941 211.413
3.0 7.0 0.623355 211.417
3.0 7.0 0.612373 211.422
3.0 7.0 0.630825 211.417
3.0 7.0 0.646049 211.423
3.0 7.0 0.787547 211.426
3.0 7.0 0.787741 211.424
3.0 7.0 0.80099 211.426
3.0 7.0 0.601184 211.424
3.0 7.0 0.836196 211.424
3.0 7.0 0.639924 211.426
3.0 7.0 0.607816 211.426
3.0 7.0 0.808153 211.426
3.0 7.0 0.61586 211.417
3.0 7.0 0.801036 211.425
3.0 7.0 0.804083 211.426
3.0 7.0 0.602281 211.419
3.0 7.0 0.782033 211.426
3.0 7.0 0.782033 211.426
3.0 8.0 0.662863 211.425
3.0 8.0 0.856342 211.426
3.0 8.0 0.638872 211.424
3.0 8.0 0.642157 211.426
3.0 8.0 0.639373 211.424
3.0 8.0 0.637952 211.426
3.0 8.0 0.943517 211.422
3.0 8.0 0.661429 211.425
3.0 8.0 0.638454 211.425
3.0 8.0 0.627768 211.426
3.0 8.0 0.640232 211.424
3.0 8.0 1.03663 211.417
3.0 8.0 0.666308 211.413
3.0 8.0 0.758571 211.426
3.0 8.0 0.641753 211.425
3.0 8.0 0.63618 211.421
3.0 8.0 0.670216 211.424
3.0 8.0 0.658536 211.42
3.0 8.0 0.627455 211.426
3.0 8.0 0.631071 211.42
3.0 8.0 0.656339 211.426
3.0 8.0 0.715546 211.424
3.0 8.0 0.636301 211.424
3.0 8.0 0.658775 211.421
3.0 8.0 0.645334 211.426
3.0 8.0 0.660471 211.425
3.0 8.0 0.669554 211.423
3.0 8.0 0.658456 211.424
3.0 8.0 0.635442 211.419
3.0 8.0 0.623522 211.423
3.0 8.0 0.681693 211.425
3.0 8.0 0.952977 211.425
3.0 8.0 1.10772 211.425
3.0 8.0 0.63806 211.425
3.0 8.0 0.638472 211.426
3.0 8.0 0.666698 211.426
3.0 8.0 0.638063 211.426
3.0 8.0 0.634233 211.425
3.0 8.0 0.670906 211.425
3.0 8.0 0.626185 211.421
3.0 8.0 0.63803 211.425
3.0 8.0 0.630202 211.424
3.0 8.0 0.630546 211.419
3.0 8.0 0.655568 211.424
3.0 8.0 0.658792 211.425
3.0 8.0 0.641784 211.426
3.0 8.0 0.751661 211.423
3.0 8.0 0.639268 211.419
3.0 8.0 0.674327 211.418
3.0 8.0 1.16814 211.426
3.0 9.0 0.675161 211.414
3.0 9.0 0.670333 211.424
3.0 9.0 1.2232 211.426
3.0 9.0 0.815399 211.425
3.0 9.0 0.984396 211.425
3.0 9.0 0.672009 211.423
3.0 9.0 0.89642 211.426
3.0 9.0 0.797135 211.421
3.0 9.0 0.749179 211.425
3.0 9.0 0.747663 211.421
3.0 9.0 1.13733 211.413
3.0 9.0 1.01973 211.421
3.0 9.0 0.769434 211.417
3.0 9.0 1.06144 211.426
3.0 9.0 0.741472 211.426
3.0 9.0 1.01441 211.425
3.0 9.0 0.910181 211.422
3.0 9.0 0.663356 211.424
3.0 9.0 0.743345 211.413
3.0 9.0 0.661039 211.426
3.0 9.0 0.713176 211.426
3.0 9.0 0.675011 211.421
3.0 9.0 0.775638 211.424
3.0 9.0 0.738832 211.423
3.0 9.0 1.11061 211.413
3.0 9.0 0.90801 211.424
3.0 9.0 0.733425 211.425
3.0 9.0 0.735352 211.422
3.0 9.0 0.677287 211.423
3.0 9.0 0.727117 211.425
3.0 9.0 0.753566 211.413
3.0 9.0 0.746983 211.417
3.0 9.0 0.753053 211.419
3.0 9.0 1.01961 211.426
3.0 9.0 1.15873 211.42
3.0 9.0 0.666761 211.416
3.0 9.0 0.74293 211.425
3.0 9.0 0.906329 211.425
3.0 9.0 1.03369 211.426
3.0 9.0 0.679643 211.426
3.0 9.0 0.718345 211.424
3.0 9.0 0.675627 211.425
3.0 9.0 0.715181 211.413
3.0 9.0 0.670534 211.422
3.0 9.0 0.70922 211.425
3.0 9.0 0.670808 211.423
3.0 9.0 0.71819 211.426
3.0 9.0 0.743706 211.413
3.0 9.0 0.717037 211.426
3.0 9.0 0.711073 211.418
3.0 15.0 0.731872 211.42
3.0 15.0 0.747827 211.425
3.0 15.0 0.767884 211.426
3.0 15.0 0.749782 211.423
3.0 15.0 0.726641 211.424
3.0 15.0 0.822084 211.42
3.0 15.0 0.73636 211.419
3.0 15.0 0.794363 211.425
3.0 15.0 0.85554 211.425
3.0 15.0 0.811794 211.423
3.0 15.0 0.773646 211.422
3.0 15.0 0.819166 211.425
3.0 15.0 0.730794 211.425
3.0 15.0 0.789241 211.422
3.0 15.0 0.773605 211.426
3.0 15.0 0.820607 211.415
3.0 15.0 0.778822 211.424
3.0 15.0 0.844429 211.423
3.0 15.0 0.777902 211.426
3.0 15.0 0.788286 211.426
3.0 15.0 0.890638 211.413
3.0 15.0 0.804545 211.424
3.0 15.0 0.782863 211.425
3.0 15.0 0.790628 211.424
3.0 15.0 0.80364 211.426
3.0 15.0 0.816108 211.423
3.0 15.0 0.889405 211.421
3.0 15.0 0.772489 211.425
3.0 15.0 0.726638 211.426
3.0 15.0 0.743297 211.425
3.0 15.0 0.795929 211.42
3.0 15.0 0.79869 211.422
3.0 15.0 0.789197 211.425
3.0 15.0 0.801612 211.425
3.0 15.0 0.806618 211.423
3.0 15.0 0.786288 211.424
3.0 15.0 0.802775 211.424
3.0 15.0 0.899852 211.426
3.0 15.0 0.808293 211.426
3.0 15.0 0.747899 211.426
3.0 15.0 0.831082 211.417
3.0 15.0 0.821738 211.423
3.0 15.0 1.33869 211.426
3.0 15.0 0.752631 211.426
3.0 15.0 0.766276 211.422
3.0 15.0 0.870349 211.418
3.0 15.0 0.792267 211.423
3.0 15.0 0.785134 211.426
3.0 15.0 0.785134 211.426
3.0 15.0 0.785134 211.426
3.0 16.0 0.782696 211.426
3.0 16.0 0.777166 211.426
3.0 16.0 0.850542 211.425
3.0 16.0 0.735396 211.425
3.0 16.0 0.764983 211.425
3.0 16.0 0.839687 211.418
3.0 16.0 0.761878 211.424
3.0 16.0 0.791904 211.422
3.0 16.0 0.7846 211.423
3.0 16.0 0.759648 211.426
3.0 16.0 0.784342 211.422
3.0 16.0 0.817571 211.425
3.0 16.0 0.734575 211.423
3.0 16.0 0.793969 211.426
3.0 16.0 0.76324 211.425
3.0 16.0 0.78446 211.425
3.0 16.0 1.03032 211.426
3.0 16.0 0.770157 211.417
3.0 16.0 1.78026 211.426
3.0 16.0 0.812365 211.419
3.0 16.0 0.775786 211.425
3.0 16.0 0.786721 211.426
3.0 16.0 0.994039 211.425
3.0 16.0 0.886666 211.419
3.0 16.0 0.800991 211.425
3.0 16.0 0.775175 211.426
3.0 16.0 0.749648 211.421
3.0 16.0 0.854635 211.423
3.0 16.0 0.806843 211.425
3.0 16.0 0.942452 211.426
3.0 16.0 0.813663 211.424
3.0 16.0 1.71561 211.424
3.0 16.0 0.833196 211.426
3.0 16.0 0.794063 211.424
3.0 16.0 0.819434 211.426
3.0 16.0 0.761691 211.426
3.0 16.0 0.794495 211.426
3.0 16.0 0.831734 211.423
3.0 16.0 0.868281 211.424
3.0 16.0 0.768793 211.423
3.0 16.0 0.739852 211.42
3.0 16.0 0.814895 211.424
3.0 16.0 0.834547 211.423
3.0 16.0 0.782984 211.426
3.0 16.0 0.843921 211.426
3.0 16.0 0.801946 211.426
3.0 16.0 0.811486 211.426
3.0 16.0 0.80128 211.42
3.0 16.0 0.775264 211.424
3.0 16.0 0.775264 211.424
3.0 17.0 0.919548 211.426
3.0 17.0 0.872117 211.423
3.0 17.0 0.909577 211.422
3.0 17.0 0.912368 211.422
3.0 17.0 1.17364 211.425
3.0 17.0 0.904291 211.413
3.0 17.0 0.874295 211.418
3.0 17.0 0.87771 211.426
3.0 17.0 1.0898 211.422
3.0 17.0 1.31426 211.424
3.0 17.0 0.878731 211.422
3.0 17.0 0.805667 211.425
3.0 17.0 0.934333 211.422
3.0 17.0 0.766867 211.424
3.0 17.0 0.853785 211.418
3.0 17.0 0.867316 211.413
3.0 17.0 1.20384 211.416
3.0 17.0 0.86813 211.426
3.0 17.0 0.879009 211.425
3.0 17.0 0.982035 211.422
3.0 17.0 0.97451 211.424
3.0 17.0 1.03563 211.426
3.0 17.0 1.22427 211.421
3.0 17.0 1.57299 211.421
3.0 17.0 0.779895 211.421
3.0 17.0 0.830159 211.426
3.0 17.0 0.910433 211.426
3.0 17.0 0.87747 211.426
3.0 17.0 1.20003 211.421
3.0 17.0 1.24049 211.419
3.0 17.0 1.28615 211.424
3.0 17.0 0.797486 211.425
3.0 17.0 0.846542 211.423
3.0 17.0 0.881677 211.423
3.0 17.0 1.31515 211.426
3.0 17.0 1.25882 211.415
3.0 17.0 1.07983 211.426
3.0 17.0 1.2054 211.414
3.0 17.0 1.00063 211.425
3.0 17.0 0.9477 211.426
3.0 17.0 0.92006 211.422
3.0 17.0 1.09002 211.426
3.0 17.0 1.04653 211.426
3.0 17.0 0.998018 211.425
3.0 17.0 1.40202 211.423
3.0 17.0 1.35163 211.423
3.0 17.0 1.05577 211.423
3.0 17.0 0.888561 211.417
3.0 17.0 1.0255 211.426
3.0 17.0 1.1876 211.425
3.0 31.0 0.856401 211.426
3.0 31.0 0.847107 211.426
3.0 31.0 0.901053 211.426
3.0 31.0 1.2667 211.413
3.0 31.0 0.864139 211.425
3.0 31.0 0.925633 211.423
3.0 31.0 0.839852 211.426
3.0 31.0 0.857015 211.423
3.0 31.0 0.959831 211.421
3.0 31.0 0.910333 211.426
3.0 31.0 0.944145 211.425
3.0 31.0 0.965692 211.413
3.0 31.0 0.847455 211.424
3.0 31.0 0.822372 211.424
3.0 31.0 0.987175 211.413
3.0 31.0 0.851845 211.413
3.0 31.0 0.960264 211.413
3.0 31.0 0.925832 211.42
3.0 31.0 0.948104 211.423
3.0 31.0 0.949101 211.422
3.0 31.0 0.955258 211.419
3.0 31.0 1.12576 211.413
3.0 31.0 0.84888 211.419
3.0 31.0 0.969587 211.423
3.0 31.0 0.825429 211.422
3.0 31.0 0.861385 211.422
3.0 31.0 0.935607 211.426
3.0 31.0 0.876082 211.422
3.0 31.0 0.847631 211.422
3.0 31.0 0.934879 211.417
3.0 31.0 0.846811 211.424
3.0 31.0 0.850798 211.424
3.0 31.0 0.972856 211.423
3.0 31.0 0.904627 211.423
3.0 31.0 0.856863 211.423
3.0 31.0 1.2396 211.419
3.0 31.0 0.904412 211.42
3.0 31.0 0.87611 211.421
3.0 31.0 0.866977 211.426
3.0 31.0 0.929726 211.418
3.0 31.0 0.968575 211.425
3.0 31.0 0.817434 211.426
3.0 31.0 0.930253 211.421
3.0 31.0 0.920884 211.413
3.0 31.0 1.00647 211.422
3.0 31.0 1.01395 211.413
3.0 31.0 0.9323 211.416
3.0 31.0 0.85972 211.425
3.0 31.0 0.907732 211.425
3.0 31.0 0.93302 211.423
3.0 32.0 0.884247 211.424
3.0 32.0 0.935073 211.419
3.0 32.0 1.18186 211.426
3.0 32.0 0.917846 211.422
3.0 32.0 0.972747 211.426
3.0 32.0 0.938737 211.414
3.0 32.0 0.896242 211.42
3.0 32.0 1.19734 211.418
3.0 32.0 0.896773 211.424
3.0 32.0 0.860244 211.423
3.0 32.0 0.891556 211.424
3.0 32.0 0.907012 211.422
3.0 32.0 0.915782 211.425
3.0 32.0 0.891356 211.42
3.0 32.0 0.907212 211.418
3.0 32.0 0.889017 211.413
3.0 32.0 0.918244 211.425
3.0 32.0 0.846561 211.426
3.0 32.0 0.922059 211.421
3.0 32.0 0.94686 211.426
3.0 32.0 1.36541 211.422
3.0 32.0 1.42034 211.422
3.0 32.0 0.9155 211.425
3.0 32.0 0.921275 211.425
3.0 32.0 0.950087 211.421
3.0 32.0 1.03962 211.425
3.0 32.0 0.889229 211.414
3.0 32.0 0.951001 211.424
3.0 32.0 1.28995 211.423
3.0 32.0 1.35938 211.425
3.0 32.0 0.848479 211.425
3.0 32.0 1.23195 211.42
3.0 32.0 1.37292 211.426
3.0 32.0 1.28805 211.423
3.0 32.0 1.48886 211.413
3.0 32.0 0.961244 211.424
3.0 32.0 0.980299 211.424
3.0 32.0 0.969921 211.425
3.0 32.0 0.969738 211.42
3.0 32.0 0.909384 211.424
3.0 32.0 0.93964 211.424
3.0 32.0 0.98004 211.414
3.0 32.0 1.3353 211.414
3.0 32.0 1.37239 211.426
3.0 32.0 0.915205 211.413
3.0 32.0 1.39081 211.419
3.0 32.0 1.41525 211.426
3.0 32.0 1.2656 211.423
3.0 32.0 0.91525 211.422
3.0 32.0 0.963106 211.413
3.0 33.0 1.06361 211.424
3.0 33.0 1.0147 211.418
3.0 33.0 1.04129 211.423
3.0 33.0 0.902138 211.423
3.0 33.0 1.02124 211.413
3.0 33.0 0.979652 211.42
3.0 33.0 0.916939 211.413
3.0 33.0 1.34091 211.422
3.0 33.0 0.998217 211.426
3.0 33.0 1.03149 211.413
3.0 33.0 0.896301 211.413
3.0 33.0 0.907796 211.423
3.0 33.0 1.02677 211.413
3.0 33.0 1.05488 211.425
3.0 33.0 1.40201 211.426
3.0 33.0 1.39873 211.42
3.0 33.0 1.25347 211.423
3.0 33.0 0.901068 211.421
3.0 33.0 0.926411 211.425
3.0 33.0 0.935288 211.414
3.0 33.0 1.01093 211.423
3.0 33.0 1.34071 211.42
3.0 33.0 1.09728 211.423
3.0 33.0 1.43463 211.426
3.0 33.0 0.899329 211.413
3.0 33.0 1.04959 211.413
3.0 33.0 0.921044 211.422
3.0 33.0 0.990008 211.42
3.0 33.0 1.04459 211.413
3.0 33.0 1.12609 211.423
3.0 33.0 0.9733 211.423
3.0 33.0 1.04477 211.419
3.0 33.0 1.01917 211.424
3.0 33.0 1.38077 211.423
3.0 33.0 1.01121 211.417
3.0 33.0 1.40763 211.426
3.0 33.0 0.984842 211.413
3.0 33.0 1.45349 211.413
3.0 33.0 1.44842 211.425
3.0 33.0 0.989613 211.426
3.0 33.0 1.02325 211.421
3.0 33.0 1.02987 211.416
3.0 33.0 1.00495 211.425
3.0 33.0 0.956239 211.416
3.0 33.0 1.39549 211.421
3.0 33.0 1.02683 211.424
3.0 33.0 1.34857 211.423
3.0 33.0 1.37214 211.422
3.0 33.0 1.46053 211.425
3.0 33.0 1.34503 211.42
4.0 3.0 0.449171 9.99951
4.0 3.0 0.428591 9.99932
4.0 3.0 0.493895 9.99796
4.0 3.0 0.494598 9.99766
4.0 3.0 0.430239 9.99823
4.0 3.0 0.974716 9.99966
4.0 3.0 1.05985 9.99649
4.0 3.0 1.09643 9.99912
4.0 3.0 0.383788 9.99887
4.0 3.0 0.977962 9.99935
4.0 3.0 0.384769 9.99828
4.0 3.0 1.0724 9.99949
4.0 3.0 1.03673 9.99935
4.0 3.0 1.06202 9.99865
4.0 3.0 1.06877 9.9995
4.0 3.0 0.434148 9.99845
4.0 3.0 0.477506 9.9997
4.0 3.0 1.07396 9.99969
4.0 3.0 0.433969 9.99841
4.0 3.0 0.372899 9.99849
4.0 3.0 0.408784 9.99976
4.0 3.0 1.23371 9.99977
4.0 3.0 0.374213 9.99895
4.0 3.0 0.452868 9.99969
4.0 3.0 0.375579 9.99752
4.0 3.0 0.407482 9.99685
4.0 3.0 0.432589 9.9995
4.0 3.0 0.411168 9.99959
4.0 3.0 0.444182 9.99764
4.0 3.0 1.02953 9.99941
4.0 3.0 0.965976 9.99884
4.0 3.0 1.05343 9.99983
4.0 3.0 0.40318 9.99851
4.0 3.0 0.966785 9.9986
4.0 3.0 0.376289 9.99906
4.0 3.0 0.418744 9.99858
4.0 3.0 1.0613 9.99929
4.0 3.0 0.394449 9.99991
4.0 3.0 0.390912 9.99935
4.0 3.0 1.43384 9.99871
4.0 3.0 0.403164 9.99891
4.0 3.0 1.11658 9.99978
4.0 3.0 0.447464 9.99786
4.0 3.0 0.495173 9.99976
4.0 3.0 0.405925 9.99944
4.0 3.0 0.437897 9.99956
4.0 3.0 0.379622 9.99927
4.0 3.0 1.05838 9.99765
4.0 3.0 0.442682 9.99917
4.0 3.0 1.10867 9.99901
4.0 4.0 0.972304 9.99919
4.0 4.0 0.423721 9.99981
4.0 4.0 0.430763 9.99813
4.0 4.0 0.422894 9.99906
4.0 4.0 0.82103 9.99941
4.0 4.0 0.82104 9.99783
4.0 4.0 0.411678 9.99887
4.0 4.0 0.392068 9.99729
4.0 4.0 0.820011 9.99909
4.0 4.0 0.399007 9.99949
4.0 4.0 0.816351 9.99931
4.0 4.0 0.841748 9.99813
4.0 4.0 0.388006 9.99545
4.0 4.0 0.817507 9.99987
4.0 4.0 0.824541 9.99836
4.0 4.0 0.952501 9.99923
4.0 4.0 0.824466 9.99879
4.0 4.0 0.410461 9.9998
4.0 4.0 0.394298 9.9997
4.0 4.0 0.828358 9.99944
4.0 4.0 0.831382 9.99936
4.0 4.0 0.809559 9.99671
4.0 4.0 0.42669 9.99967
4.0 4.0 0.812294 9.99938
4.0 4.0 0.806064 9.99689
4.0 4.0 0.787627 9.99925
4.0 4.0 0.819351 9.99673
4.0 4.0 0.391067 9.99914
4.0 4.0 0.388349 9.99576
4.0 4.0 0.846235 9.9964
4.0 4.0 0.757901 9.99788
4.0 4.0 0.875191 9.99903
4.0 4.0 0.424208 9.99833
4.0 4.0 0.815877 9.99958
4.0 4.0 0.811458 9.99946
4.0 4.0 0.394183 9.9996
4.0 4.0 0.824062 9.99975
4.0 4.0 0.388304 9.99757
4.0 4.0 0.862547 9.99898
4.0 4.0 0.393348 9.99956
4.0 4.0 0.987607 9.99984
4.0 4.0 0.81776 9.99893
4.0 4.0 0.989217 9.99811
4.0 4.0 0.386456 9.99952
4.0 4.0 0.766433 9.99656
4.0 4.0 0.907781 9.99965
4.0 4.0 0.421157 9.99923
4.0 4.0 0.386787 9.99948
4.0 4.0 0.396964 9.9979
4.0 4.0 0.938205 9.99964
4.0 5.0 0.696517 9.99783
4.0 5.0 0.753459 9.99599
4.0 5.0 0.715178 9.99779
4.0 5.0 0.69995 9.9989
4.0 5.0 0.765444 9.9997
4.0 5.0 0.761625 9.99915
4.0 5.0 0.67211 9.99852
4.0 5.0 0.722084 9.99735
4.0 5.0 0.726055 9.99872
4.0 5.0 0.810545 9.99983
4.0 5.0 0.776223 9.99893
4.0 5.0 0.679257 9.9986
4.0 5.0 0.749862 9.99954
4.0 5.0 0.788338 9.99958
4.0 5.0 0.673039 9.99964
4.0 5.0 0.89993 9.99989
4.0 5.0 1.40687 9.99899
4.0 5.0 0.710321 9.99944
4.0 5.0 0.949734 9.99975
4.0 5.0 0.678399 9.99951
4.0 5.0 0.68345 9.99982
4.0 5.0 0.686806 9.99767
4.0 5.0 0.714858 9.99869
4.0 5.0 0.738549 9.99764
4.0 5.0 0.738962 9.99897
4.0 5.0 0.898673 9.99971
4.0 5.0 0.731523 9.99908
4.0 5.0 0.713495 9.99715
4.0 5.0 0.929239 9.99921
4.0 5.0 0.683844 9.9996
4.0 5.0 0.684185 9.9983
4.0 5.0 0.926293 9.99812
4.0 5.0 0.690629 9.9991
4.0 5.0 0.696165 9.99978
4.0 5.0 0.74128 9.99696
4.0 5.0 0.71561 9.99859
4.0 5.0 0.718443 9.99902
4.0 5.0 0.694032 9.9988
4.0 5.0 0.754115 9.99967
4.0 5.0 0.740346 9.99837
4.0 5.0 0.684876 9.99792
4.0 5.0 0.667853 9.99694
4.0 5.0 0.6932 9.99881
4.0 5.0 0.568633 9.99327
4.0 5.0 0.904919 9.99976
4.0 5.0 0.699706 9.99982
4.0 5.0 0.850018 9.99884
4.0 5.0 0.698944 9.99993
4.0 5.0 0.721614 9.99969
4.0 5.0 0.720242 9.99748
4.0 7.0 0.602413 9.99865
4.0 7.0 0.605414 9.99957
4.0 7.0 0.775517 9.9991
4.0 7.0 0.815079 9.99594
4.0 7.0 0.837805 9.99979
4.0 7.0 0.772417 9.99807
4.0 7.0 0.595567 9.99487
4.0 7.0 0.682971 9.99895
4.0 7.0 0.608401 9.99866
4.0 7.0 0.620282 9.99947
4.0 7.0 0.601609 9.9979
4.0 7.0 0.799586 9.99945
4.0 7.0 0.776528 9.99617
4.0 7.0 0.794955 9.99926
4.0 7.0 0.784221 9.99882
4.0 7.0 0.790842 9.99845
4.0 7.0 1.15097 9.9981
4.0 7.0 0.849345 9.99974
4.0 7.0 0.603862 9.99765
4.0 7.0 0.61055 9.99539
4.0 7.0 0.601224 9.99939
4.0 7.0 0.598213 9.99973
4.0 7.0 0.611921 9.99845
4.0 7.0 0.612448 9.99822
4.0 7.0 0.638514 9.99947
4.0 7.0 0.724204 9.99808
4.0 7.0 0.631766 9.9982
4.0 7.0 0.656176 9.99848
4.0 7.0 0.788072 9.99968
4.0 7.0 0.805763 9.99988
4.0 7.0 0.591919 9.99844
4.0 7.0 0.604879 9.99881
4.0 7.0 0.638109 9.99454
4.0 7.0 0.635085 9.99545
4.0 7.0 0.777578 9.99766
4.0 7.0 0.782054 9.9988
4.0 7.0 0.769938 9.99585
4.0 7.0 0.874781 9.99947
4.0 7.0 0.646398 9.9983
4.0 7.0 0.608273 9.9989
4.0 7.0 0.596684 9.99834
4.0 7.0 0.76894 9.99807
4.0 7.0 0.784789 9.99931
4.0 7.0 0.791772 9.99973
4.0 7.0 0.794157 9.99584
4.0 7.0 0.857581 9.9994
4.0 7.0 0.900627 9.99978
4.0 7.0 0.693827 9.99757
4.0 7.0 0.663447 9.99582
4.0 7.0 0.663447 9.99582
4.0 8.0 0.622711 9.99929
4.0 8.0 0.635708 9.99686
4.0 8.0 0.632859 9.99706
4.0 8.0 0.672169 9.99731
4.0 8.0 0.654789 9.99704
4.0 8.0 0.643755 9.99948
4.0 8.0 0.790429 9.99889
4.0 8.0 0.623773 9.99701
4.0 8.0 0.633067 9.9972
4.0 8.0 0.648487 9.99733
4.0 8.0 0.65483 9.99423
4.0 8.0 0.638148 9.99668
4.0 8.0 0.628757 9.99749
4.0 8.0 0.643817 9.99687
4.0 8.0 0.619823 9.99678
4.0 8.0 0.620501 9.99917
4.0 8.0 0.616976 9.99672
4.0 8.0 0.634408 9.99858
4.0 8.0 0.641935 9.99949
4.0 8.0 0.632829 9.99883
4.0 8.0 0.740926 9.99995
4.0 8.0 0.635377 9.99863
4.0 8.0 0.620717 9.99622
4.0 8.0 0.619652 9.99695
4.0 8.0 0.654533 9.99808
4.0 8.0 0.66348 9.99852
4.0 8.0 0.612274 9.99934
4.0 8.0 0.641457 9.99871
4.0 8.0 0.622187 9.99553
4.0 8.0 0.636308 9.99462
4.0 8.0 0.628168 9.99949
4.0 8.0 0.669412 9.99439
4.0 8.0 0.664709 9.99809
4.0 8.0 0.628646 9.99994
4.0 8.0 0.647666 9.99666
4.0 8.0 0.621078 9.99802
4.0 8.0 0.692425 9.99917
4.0 8.0 0.644384 9.99628
4.0 8.0 2.10553 9.99928
4.0 8.0 0.734987 9.99545
4.0 8.0 0.657075 9.99932
4.0 8.0 0.621917 9.99868
4.0 8.0 0.751319 9.99679
4.0 8.0 0.663212 9.99781
4.0 8.0 0.638505 9.99522
4.0 8.0 0.653905 9.99616
4.0 8.0 0.664615 9.99831
4.0 8.0 0.640311 9.99819
4.0 8.0 0.752465 9.99563
4.0 8.0 0.752465 9.99563
4.0 9.0 0.654422 9.99934
4.0 9.0 0.757088 9.99807
4.0 9.0 0.729204 9.99939
4.0 9.0 0.705147 9.99902
4.0 9.0 0.729467 9.99613
4.0 9.0 0.776401 9.99684
4.0 9.0 0.755106 9.99529
4.0 9.0 0.770585 9.99395
4.0 9.0 0.903746 9.99779
4.0 9.0 1.01867 9.9996
4.0 9.0 0.740792 9.99796
4.0 9.0 1.1268 9.99138
4.0 9.0 0.673775 9.99774
4.0 9.0 0.734906 9.99694
4.0 9.0 0.734746 9.99676
4.0 9.0 0.759178 9.9969
4.0 9.0 0.811951 9.99807
4.0 9.0 0.881881 9.99951
4.0 9.0 0.673696 9.99496
4.0 9.0 0.677466 9.99388
4.0 9.0 0.67157 9.99833
4.0 9.0 0.699639 9.99688
4.0 9.0 0.679093 9.99701
4.0 9.0 1.21738 9.99671
4.0 9.0 0.762157 9.99947
4.0 9.0 1.17486 9.99779
4.0 9.0 0.663172 9.9991
4.0 9.0 0.666696 9.99945
4.0 9.0 0.764733 9.99703
4.0 9.0 0.654446 9.99893
4.0 9.0 1.0244 9.99872
4.0 9.0 0.674222 9.99838
4.0 9.0 0.712474 9.9985
4.0 9.0 0.678424 9.99479
4.0 9.0 0.712879 9.99905
4.0 9.0 0.850385 9.99878
4.0 9.0 0.651515 9.99804
4.0 9.0 0.760784 9.99917
4.0 9.0 1.08409 9.999
4.0 9.0 1.13833 9.99916
4.0 9.0 0.662073 9.99645
4.0 9.0 0.662733 9.99875
4.0 9.0 0.714706 9.9957
4.0 9.0 0.674491 9.9949
4.0 9.0 0.775497 9.99694
4.0 9.0 0.665956 9.99784
4.0 9.0 0.666414 9.99865
4.0 9.0 0.916395 9.99975
4.0 9.0 0.752936 9.99847
4.0 9.0 0.715215 9.99888
4.0 15.0 0.742058 9.99839
4.0 15.0 0.77107 9.99786
4.0 15.0 0.846015 9.99751
4.0 15.0 0.789209 9.99802
4.0 15.0 0.739716 9.99815
4.0 15.0 0.757494 9.99969
4.0 15.0 0.756926 9.99873
4.0 15.0 0.768253 9.99912
4.0 15.0 0.789953 9.99932
4.0 15.0 0.803584 9.99849
4.0 15.0 0.796651 9.99935
4.0 15.0 0.82492 9.99846
4.0 15.0 0.745384 9.99855
4.0 15.0 0.789782 9.99959
4.0 15.0 0.734356 9.99802
4.0 15.0 0.73097 9.99764
4.0 15.0 0.843532 9.99902
4.0 15.0 0.77557 9.99657
4.0 15.0 0.96845 9.99963
4.0 15.0 0.752825 9.99584
4.0 15.0 0.777876 9.99877
4.0 15.0 0.767215 9.99934
4.0 15.0 0.844191 9.99688
4.0 15.0 0.735683 9.99658
4.0 15.0 0.882712 9.99818
4.0 15.0 0.949047 9.99851
4.0 15.0 0.728872 9.99922
4.0 15.0 0.765695 9.99882
4.0 15.0 0.761754 9.99946
4.0 15.0 0.923799 9.99752
4.0 15.0 0.837732 9.99852
4.0 15.0 1.31807 9.9971
4.0 15.0 0.769098 9.99708
4.0 15.0 0.84021 9.99771
4.0 15.0 0.891512 9.99813
4.0 15.0 0.796908 9.99876
4.0 15.0 0.822014 9.99929
4.0 15.0 0.763822 9.99906
4.0 15.0 0.823906 9.99657
4.0 15.0 1.69425 9.99903
4.0 15.0 0.722394 9.99782
4.0 15.0 0.734127 9.99785
4.0 15.0 0.841135 9.99873
4.0 15.0 0.754405 9.99898
4.0 15.0 0.818886 9.99918
4.0 15.0 0.939831 9.99658
4.0 15.0 0.803923 9.99439
4.0 15.0 0.811233 9.99983
4.0 15.0 0.79559 9.9985
4.0 15.0 0.770014 9.99897
4.0 16.0 0.820824 9.99979
4.0 16.0 0.781061 9.99899
4.0 16.0 0.758061 9.99925
4.0 16.0 0.853221 9.9969
4.0 16.0 0.791444 9.99598
4.0 16.0 0.749247 9.99825
4.0 16.0 0.804387 9.99706
4.0 16.0 0.748588 9.99711
4.0 16.0 0.74924 9.99838
4.0 16.0 0.73692 9.99957
4.0 16.0 0.742984 9.99688
4.0 16.0 0.779649 9.99492
4.0 16.0 0.782094 9.99872
4.0 16.0 0.740072 9.99814
4.0 16.0 0.805217 9.99941
4.0 16.0 0.759841 9.99925
4.0 16.0 0.821202 9.99917
4.0 16.0 0.921799 9.99846
4.0 16.0 0.756076 9.99959
4.0 16.0 0.770978 9.99776
4.0 16.0 0.785398 9.99893
4.0 16.0 0.795405 9.99921
4.0 16.0 0.91865 9.99564
4.0 16.0 0.769677 9.99791
4.0 16.0 0.786573 9.99893
4.0 16.0 0.809693 9.99742
4.0 16.0 0.759588 9.99872
4.0 16.0 0.781668 9.99586
4.0 16.0 0.815791 9.99847
4.0 16.0 0.750533 9.99719
4.0 16.0 0.759646 9.99888
4.0 16.0 0.779487 9.99895
4.0 16.0 0.733217 9.99843
4.0 16.0 0.751287 9.99914
4.0 16.0 0.791301 9.99515
4.0 16.0 0.768539 9.99871
4.0 16.0 0.757257 9.99931
4.0 16.0 0.837174 9.99904
4.0 16.0 0.782568 9.9997
4.0 16.0 0.746296 9.9974
4.0 16.0 0.797327 9.99834
4.0 16.0 0.813285 9.99711
4.0 16.0 0.756155 9.99716
4.0 16.0 0.766595 9.99688
4.0 16.0 0.7871 9.99565
4.0 16.0 0.743299 9.99717
4.0 16.0 0.913599 9.99978
4.0 16.0 0.757856 9.99776
4.0 16.0 0.757856 9.99776
4.0 16.0 0.757856 9.99776
4.0 17.0 0.915073 9.99273
4.0 17.0 0.997257 9.99867
4.0 17.0 0.894535 9.99438
4.0 17.0 1.24519 9.99594
4.0 17.0 1.1306 9.99851
4.0 17.0 1.27863 9.99959
4.0 17.0 0.892115 9.99903
4.0 17.0 0.842485 9.99792
4.0 17.0 1.21228 9.99955
4.0 17.0 1.01175 9.99954
4.0 17.0 1.01027 9.99868
4.0 17.0 1.14061 9.9984
4.0 17.0 1.23388 9.99525
4.0 17.0 0.782521 9.99917
4.0 17.0 0.917469 9.99439
4.0 17.0 0.860182 9.99668
4.0 17.0 0.878008 9.99722
4.0 17.0 0.966993 9.99936
4.0 17.0 1.23623 9.99835
4.0 17.0 0.848382 9.99856
4.0 17.0 0.878026 9.99671
4.0 17.0 0.841936 9.99851
4.0 17.0 0.831536 9.99989
4.0 17.0 0.942096 9.99796
4.0 17.0 0.953736 9.99924
4.0 17.0 1.08321 9.99903
4.0 17.0 1.14915 9.99674
4.0 17.0 1.15505 9.99729
4.0 17.0 1.20912 9.99984
4.0 17.0 1.19938 9.99935
4.0 17.0 1.34528 9.99965
4.0 17.0 0.782315 9.99923
4.0 17.0 0.961865 9.99924
4.0 17.0 0.878792 9.99293
4.0 17.0 0.839154 9.99837
4.0 17.0 0.857921 9.99901
4.0 17.0 0.847364 9.9992
4.0 17.0 0.878683 9.9985
4.0 17.0 0.888825 9.99624
4.0 17.0 1.0955 9.99178
4.0 17.0 0.951404 9.99936
4.0 17.0 1.26599 9.99826
4.0 17.0 0.912432 9.99317
4.0 17.0 1.06612 9.99867
4.0 17.0 1.24042 9.99698
4.0 17.0 1.03404 9.99939
4.0 17.0 1.05585 9.99882
4.0 17.0 1.29937 9.99703
4.0 17.0 1.26673 9.99351
4.0 17.0 1.26673 9.99351
4.0 31.0 0.965415 9.99524
4.0 31.0 0.901103 9.99967
4.0 31.0 0.841358 9.99751
4.0 31.0 0.83539 9.99489
4.0 31.0 0.909937 9.99805
4.0 31.0 0.955541 9.99458
4.0 31.0 0.851345 9.99465
4.0 31.0 0.854322 9.99918
4.0 31.0 0.839187 9.99922
4.0 31.0 1.0183 9.99904
4.0 31.0 0.910867 9.99728
4.0 31.0 0.924584 9.99603
4.0 31.0 0.828172 9.99315
4.0 31.0 0.94195 9.99376
4.0 31.0 0.843445 9.99614
4.0 31.0 0.921777 9.99889
4.0 31.0 0.93667 9.99899
4.0 31.0 0.964837 9.99703
4.0 31.0 0.919114 9.99762
4.0 31.0 0.857507 9.99973
4.0 31.0 0.870669 9.99611
4.0 31.0 0.915169 9.9977
4.0 31.0 1.05358 9.99684
4.0 31.0 0.820221 9.99907
4.0 31.0 0.898232 9.99766
4.0 31.0 1.1974 9.9969
4.0 31.0 0.961854 9.99792
4.0 31.0 0.965455 9.9991
4.0 31.0 0.92745 9.99795
4.0 31.0 0.943221 9.99138
4.0 31.0 0.856839 9.99315
4.0 31.0 0.870021 9.99929
4.0 31.0 0.877931 9.9969
4.0 31.0 0.8519 9.9952
4.0 31.0 0.960276 9.996
4.0 31.0 0.86193 9.9986
4.0 31.0 0.968149 9.99626
4.0 31.0 1.26359 9.99609
4.0 31.0 0.851979 9.99671
4.0 31.0 0.908372 9.99238
4.0 31.0 0.848477 9.99781
4.0 31.0 0.964436 9.99729
4.0 31.0 0.830144 9.99732
4.0 31.0 0.966052 9.9989
4.0 31.0 1.03361 9.99871
4.0 31.0 0.84142 9.99764
4.0 31.0 1.02065 9.99783
4.0 31.0 1.28033 9.99585
4.0 31.0 0.822103 9.99959
4.0 31.0 0.962135 9.99903
4.0 32.0 0.914993 9.99821
4.0 32.0 0.914822 9.99735
4.0 32.0 0.933696 9.996
4.0 32.0 0.911896 9.9989
4.0 32.0 0.966141 9.996
4.0 32.0 1.06429 9.99802
4.0 32.0 1.25043 9.99979
4.0 32.0 1.25745 9.994
4.0 32.0 1.01477 9.99789
4.0 32.0 0.940575 9.99689
4.0 32.0 0.935098 9.99965
4.0 32.0 0.952377 9.99478
4.0 32.0 0.980977 9.9993
4.0 32.0 0.923156 9.99743
4.0 32.0 0.968079 9.99714
4.0 32.0 0.894031 9.99928
4.0 32.0 0.891327 9.99812
4.0 32.0 1.05353 9.99439
4.0 32.0 0.936583 9.99874
4.0 32.0 0.922116 9.99847
4.0 32.0 0.982613 9.99456
4.0 32.0 1.37311 9.9986
4.0 32.0 0.964397 9.99613
4.0 32.0 0.98763 9.99872
4.0 32.0 0.886993 9.99902
4.0 32.0 0.928861 9.99802
4.0 32.0 0.971219 9.99587
4.0 32.0 0.889917 9.99759
4.0 32.0 1.24599 9.99756
4.0 32.0 0.89818 9.99949
4.0 32.0 0.850944 9.99764
4.0 32.0 1.4706 9.99727
4.0 32.0 1.37384 9.99799
4.0 32.0 0.953247 9.99642
4.0 32.0 0.913953 9.99871
4.0 32.0 0.897046 9.99335
4.0 32.0 0.963756 9.99441
4.0 32.0 0.829012 9.99743
4.0 32.0 0.943736 9.99803
4.0 32.0 1.33082 9.99942
4.0 32.0 0.911349 9.99819
4.0 32.0 0.970077 9.99812
4.0 32.0 0.975314 9.99764
4.0 32.0 0.85453 9.99686
4.0 32.0 0.850925 9.99863
4.0 32.0 0.966924 9.99608
4.0 32.0 0.936058 9.9989
4.0 32.0 1.38873 9.99648
4.0 32.0 0.957753 9.99921
4.0 32.0 1.26845 9.99717
4.0 33.0 1.06276 9.99553
4.0 33.0 0.900294 9.99669
4.0 33.0 1.01049 9.99747
4.0 33.0 1.04205 9.99687
4.0 33.0 1.30546 9.99618
4.0 33.0 0.996655 9.997
4.0 33.0 1.00707 9.99821
4.0 33.0 1.35561 9.99897
4.0 33.0 0.952469 9.99822
4.0 33.0 0.91992 9.9978
4.0 33.0 1.09042 9.99912
4.0 33.0 1.05047 9.9981
4.0 33.0 1.411 9.9993
4.0 33.0 1.0313 9.99544
4.0 33.0 1.09033 9.9994
4.0 33.0 1.02536 9.99698
4.0 33.0 0.944998 9.99747
4.0 33.0 0.982582 9.99959
4.0 33.0 1.37249 9.99686
4.0 33.0 0.934534 9.99737
4.0 33.0 1.03657 9.99892
4.0 33.0 1.40027 9.99742
4.0 33.0 1.43465 9.99892
4.0 33.0 1.42057 9.99762
4.0 33.0 1.08349 9.99485
4.0 33.0 1.06753 9.99923
4.0 33.0 0.931549 9.99556
4.0 33.0 1.02766 9.99496
4.0 33.0 1.04921 9.99312
4.0 33.0 1.02377 9.99957
4.0 33.0 1.05381 9.99269
4.0 33.0 1.06051 9.99725
4.0 33.0 0.903025 9.99712
4.0 33.0 1.05855 9.99496
4.0 33.0 1.0295 9.99575
4.0 33.0 1.0382 9.99833
4.0 33.0 1.02397 9.99597
4.0 33.0 1.02764 9.99808
4.0 33.0 1.32232 9.99912
4.0 33.0 1.01916 9.99624
4.0 33.0 0.961318 9.99268
4.0 33.0 1.01225 9.99615
4.0 33.0 1.06709 9.99612
4.0 33.0 1.29958 9.9992
4.0 33.0 1.35039 9.99606
4.0 33.0 1.32608 9.99689
4.0 33.0 1.44586 9.99979
4.0 33.0 1.42691 9.99961
4.0 33.0 1.37939 9.99796
4.0 33.0 1.54006 9.99748
5.0 3.0 29.1945 25.0222
5.0 3.0 28.9027 25.0222
5.0 3.0 28.6258 25.0222
5.0 3.0 29.3167 25.0222
5.0 3.0 29.0213 25.0222
5.0 3.0 28.1163 25.0222
5.0 3.0 27.8693 25.0222
5.0 3.0 29.2063 25.0222
5.0 3.0 28.7921 25.0222
5.0 3.0 29.1403 25.0222
5.0 3.0 28.0044 25.0222
5.0 3.0 28.7959 25.0222
5.0 3.0 29.0419 25.0222
5.0 3.0 29.2376 25.0222
5.0 3.0 29.3163 25.0222
5.0 3.0 27.9864 25.0222
5.0 3.0 27.9016 25.0222
5.0 3.0 28.7606 25.0222
5.0 3.0 29.0385 25.0222
5.0 3.0 29.1619 25.0222
5.0 3.0 29.1179 25.0222
5.0 3.0 27.9006 25.0222
5.0 3.0 28.0109 25.0222
5.0 3.0 28.8432 25.0222
5.0 3.0 29.1034 25.0222
5.0 3.0 28.8312 25.0222
5.0 3.0 29.139 25.0222
5.0 3.0 27.9106 25.0222
5.0 3.0 28.9454 25.0222
5.0 3.0 28.9057 25.0222
5.0 3.0 29.615 25.0222
5.0 3.0 28.9616 25.0222
5.0 3.0 28.8946 25.0222
5.0 3.0 29.1014 25.0222
5.0 3.0 28.0087 25.0222
5.0 3.0 29.2147 25.0222
5.0 3.0 29.0304 25.0222
5.0 3.0 29.9042 25.0222
5.0 3.0 29.0426 25.0222
5.0 3.0 27.8816 25.0222
5.0 3.0 27.9658 25.0222
5.0 3.0 28.7861 25.0222
5.0 3.0 29.1012 25.0222
5.0 3.0 31.0902 25.0222
5.0 3.0 29.0628 25.0222
5.0 3.0 29.1739 25.0222
5.0 3.0 29.1134 25.0222
5.0 3.0 29.0598 25.0222
5.0 3.0 29.4139 25.0222
5.0 3.0 27.9178 25.0222
5.0 4.0 19.0361 25.0222
5.0 4.0 19.7117 25.0222
5.0 4.0 19.5131 25.0222
5.0 4.0 19.0996 25.0222
5.0 4.0 19.7738 25.0222
5.0 4.0 18.9946 25.0222
5.0 4.0 19.5267 25.0222
5.0 4.0 19.0977 25.0222
5.0 4.0 19.9245 25.0222
5.0 4.0 19.5805 25.0222
5.0 4.0 19.6583 25.0222
5.0 4.0 19.1381 25.0222
5.0 4.0 19.6973 25.0222
5.0 4.0 19.2047 25.0222
5.0 4.0 19.9165 25.0222
5.0 4.0 19.498 25.0222
5.0 4.0 19.6222 25.0222
5.0 4.0 19.1037 25.0222
5.0 4.0 19.5943 25.0222
5.0 4.0 19.049 25.0222
5.0 4.0 19.9003 25.0222
5.0 4.0 19.0879 25.0222
5.0 4.0 19.655 25.0222
5.0 4.0 19.528 25.0222
5.0 4.0 19.6787 25.0222
5.0 4.0 19.499 25.0222
5.0 4.0 19.0629 25.0222
5.0 4.0 19.6151 25.0222
5.0 4.0 19.0785 25.0222
5.0 4.0 19.7404 25.0222
5.0 4.0 19.5148 25.0222
5.0 4.0 19.6743 25.0222
5.0 4.0 19.603 25.0222
5.0 4.0 19.5 25.0222
5.0 4.0 19.5722 25.0222
5.0 4.0 19.4656 25.0222
5.0 4.0 19.888 25.0222
5.0 4.0 19.5896 25.0222
5.0 4.0 19.4857 25.0222
5.0 4.0 19.5519 25.0222
5.0 4.0 19.4252 25.0222
5.0 4.0 19.0673 25.0222
5.0 4.0 19.5978 25.0222
5.0 4.0 19.0638 25.0222
5.0 4.0 19.9129 25.0222
5.0 4.0 19.5567 25.0222
5.0 4.0 19.0737 25.0222
5.0 4.0 19.6062 25.0222
5.0 4.0 19.2464 25.0222
5.0 4.0 19.2165 25.0222
5.0 5.0 15.1765 25.0222
5.0 5.0 14.7363 25.0222
5.0 5.0 14.6265 25.0222
5.0 5.0 14.6551 25.0222
5.0 5.0 14.1561 25.0222
5.0 5.0 14.6531 25.0222
5.0 5.0 14.574 25.0222
5.0 5.0 14.3177 25.0222
5.0 5.0 14.6453 25.0222
5.0 5.0 14.1239 25.0222
5.0 5.0 14.6518 25.0222
5.0 5.0 14.4298 25.0222
5.0 5.0 14.5844 25.0222
5.0 5.0 14.1052 25.0222
5.0 5.0 14.1056 25.0222
5.0 5.0 14.1157 25.0222
5.0 5.0 14.108 25.0222
5.0 5.0 14.5871 25.0222
5.0 5.0 14.1127 25.0222
5.0 5.0 14.4246 25.0222
5.0 5.0 14.4371 25.0222
5.0 5.0 14.1055 25.0222
5.0 5.0 14.4273 25.0222
5.0 5.0 14.101 25.0222
5.0 5.0 14.1008 25.0222
5.0 5.0 14.4 25.0222
5.0 5.0 14.4491 25.0222
5.0 5.0 14.3915 25.0222
5.0 5.0 14.3874 25.0222
5.0 5.0 14.437 25.0222
5.0 5.0 14.4553 25.0222
5.0 5.0 14.3888 25.0222
5.0 5.0 14.4416 25.0222
5.0 5.0 14.5461 25.0222
5.0 5.0 14.5528 25.0222
5.0 5.0 14.4123 25.0222
5.0 5.0 14.098 25.0222
5.0 5.0 14.4164 25.0222
5.0 5.0 14.4319 25.0222
5.0 5.0 14.0994 25.0222
5.0 5.0 14.109 25.0222
5.0 5.0 14.4089 25.0222
5.0 5.0 14.4189 25.0222
5.0 5.0 14.1141 25.0222
5.0 5.0 14.1234 25.0222
5.0 5.0 14.4872 25.0222
5.0 5.0 14.4162 25.0222
5.0 5.0 14.279 25.0222
5.0 5.0 14.1247 25.0222
5.0 5.0 14.4279 25.0222
5.0 7.0 9.71232 25.0222
5.0 7.0 9.87835 25.0222
5.0 7.0 9.68988 25.0222
5.0 7.0 9.70242 25.0222
5.0 7.0 9.78835 25.0222
5.0 7.0 9.78563 25.0222
5.0 7.0 9.63907 25.0222
5.0 7.0 9.67021 25.0222
5.0 7.0 9.68652 25.0222
5.0 7.0 9.71585 25.0222
5.0 7.0 9.80438 25.0222
5.0 7.0 9.80353 25.0222
5.0 7.0 9.78562 25.0222
5.0 7.0 9.66175 25.0222
5.0 7.0 9.84101 25.0222
5.0 7.0 9.67446 25.0222
5.0 7.0 9.65529 25.0222
5.0 7.0 9.71346 25.0222
5.0 7.0 9.77604 25.0222
5.0 7.0 9.82786 25.0222
5.0 7.0 9.68596 25.0222
5.0 7.0 9.60524 25.0222
5.0 7.0 9.61836 25.0222
5.0 7.0 9.78072 25.0222
5.0 7.0 9.78332 25.0222
5.0 7.0 9.82109 25.0222
5.0 7.0 9.80747 25.0222
5.0 7.0 9.83512 25.0222
5.0 7.0 9.76 25.0222
5.0 7.0 9.85345 25.0222
5.0 7.0 9.67364 25.0222
5.0 7.0 9.65892 25.0222
5.0 7.0 9.7883 25.0222
5.0 7.0 9.80814 25.0222
5.0 7.0 9.90598 25.0222
5.0 7.0 9.75031 25.0222
5.0 7.0 9.74769 25.0222
5.0 7.0 9.84083 25.0222
5.0 7.0 9.79648 25.0222
5.0 7.0 9.74583 25.0222
5.0 7.0 9.72481 25.0222
5.0 7.0 9.81974 25.0222
5.0 7.0 9.78521 25.0222
5.0 7.0 9.68149 25.0222
5.0 7.0 9.81469 25.0222
5.0 7.0 9.62807 25.0222
5.0 7.0 9.81175 25.0222
5.0 7.0 9.82321 25.0222
5.0 7.0 9.83496 25.0222
5.0 7.0 9.87231 25.0222
5.0 8.0 8.3365 25.0222
5.0 8.0 8.34481 25.0222
5.0 8.0 8.35748 25.0222
5.0 8.0 8.34996 25.0222
5.0 8.0 8.35397 25.0222
5.0 8.0 8.37526 25.0222
5.0 8.0 8.34478 25.0222
5.0 8.0 8.38195 25.0222
5.0 8.0 8.35277 25.0222
5.0 8.0 8.33356 25.0222
5.0 8.0 8.33105 25.0222
5.0 8.0 8.44159 25.0222
5.0 8.0 8.32152 25.0222
5.0 8.0 8.32071 25.0222
5.0 8.0 8.33297 25.0222
5.0 8.0 8.33387 25.0222
5.0 8.0 8.32164 25.0222
5.0 8.0 8.45277 25.0222
5.0 8.0 8.39478 25.0222
5.0 8.0 8.33198 25.0222
5.0 8.0 8.34201 25.0222
5.0 8.0 8.31753 25.0222
5.0 8.0 8.31672 25.0222
5.0 8.0 8.34563 25.0222
5.0 8.0 8.35661 25.0222
5.0 8.0 8.30884 25.0222
5.0 8.0 8.36831 25.0222
5.0 8.0 8.36174 25.0222
5.0 8.0 8.30881 25.0222
5.0 8.0 8.3338 25.0222
5.0 8.0 8.33446 25.0222
5.0 8.0 8.36752 25.0222
5.0 8.0 8.34063 25.0222
5.0 8.0 8.36862 25.0222
5.0 8.0 8.3297 25.0222
5.0 8.0 8.34151 25.0222
5.0 8.0 8.34389 25.0222
5.0 8.0 8.4764 25.0222
5.0 8.0 8.3072 25.0222
5.0 8.0 8.37124 25.0222
5.0 8.0 8.35079 25.0222
5.0 8.0 8.31673 25.0222
5.0 8.0 8.37973 25.0222
5.0 8.0 8.35403 25.0222
5.0 8.0 8.35004 25.0222
5.0 8.0 8.34776 25.0222
5.0 8.0 8.3762 25.0222
5.0 8.0 8.30534 25.0222
5.0 8.0 8.31871 25.0222
5.0 8.0 9.01074 25.0222
5.0 9.0 7.32691 25.0222
5.0 9.0 7.31753 25.0222
5.0 9.0 7.33903 25.0222
5.0 9.0 7.29703 25.0222
5.0 9.0 7.28723 25.0222
5.0 9.0 7.31248 25.0222
5.0 9.0 7.31776 25.0222
5.0 9.0 7.33532 25.0222
5.0 9.0 7.37772 25.0222
5.0 9.0 7.49776 25.0222
5.0 9.0 7.33334 25.0222
5.0 9.0 7.47958 25.0222
5.0 9.0 7.39705 25.0222
5.0 9.0 7.26965 25.0222
5.0 9.0 7.30059 25.0222
5.0 9.0 7.29486 25.0222
5.0 9.0 7.31803 25.0222
5.0 9.0 7.42506 25.0222
5.0 9.0 7.4498 25.0222
5.0 9.0 7.29342 25.0222
5.0 9.0 7.52597 25.0222
5.0 9.0 7.33214 25.0222
5.0 9.0 7.34211 25.0222
5.0 9.0 7.30394 25.0222
5.0 9.0 7.30948 25.0222
5.0 9.0 7.41311 25.0222
5.0 9.0 7.33756 25.0222
5.0 9.0 7.3492 25.0222
5.0 9.0 7.38629 25.0222
5.0 9.0 7.28025 25.0222
5.0 9.0 7.29117 25.0222
5.0 9.0 7.32498 25.0222
5.0 9.0 7.37614 25.0222
5.0 9.0 7.35422 25.0222
5.0 9.0 7.37307 25.0222
5.0 9.0 7.31112 25.0222
5.0 9.0 7.29507 25.0222
5.0 9.0 7.31936 25.0222
5.0 9.0 7.30341 25.0222
5.0 9.0 7.31843 25.0222
5.0 9.0 7.30374 25.0222
5.0 9.0 7.35963 25.0222
5.0 9.0 7.3564 25.0222
5.0 9.0 7.46014 25.0222
5.0 9.0 7.3318 25.0222
5.0 9.0 7.48209 25.0222
5.0 9.0 7.32034 25.0222
5.0 9.0 7.37687 25.0222
5.0 9.0 7.37687 25.0222
5.0 9.0 7.37687 25.0222
5.0 15.0 4.19575 25.0222
5.0 15.0 4.19413 25.0222
5.0 15.0 4.19511 25.0222
5.0 15.0 4.23519 25.0222
5.0 15.0 4.19536 25.0222
5.0 15.0 4.19373 25.0222
5.0 15.0 4.20516 25.0222
5.0 15.0 4.20532 25.0222
5.0 15.0 4.20154 25.0222
5.0 15.0 4.21841 25.0222
5.0 15.0 4.21346 25.0222
5.0 15.0 4.20912 25.0222
5.0 15.0 4.21019 25.0222
5.0 15.0 4.22062 25.0222
5.0 15.0 4.2346 25.0222
5.0 15.0 4.22861 25.0222
5.0 15.0 4.20012 25.0222
5.0 15.0 4.21346 25.0222
5.0 15.0 4.20616 25.0222
5.0 15.0 4.19623 25.0222
5.0 15.0 4.19201 25.0222
5.0 15.0 4.3172 25.0222
5.0 15.0 4.19308 25.0222
5.0 15.0 4.2004 25.0222
5.0 15.0 4.1962 25.0222
5.0 15.0 4.19655 25.0222
5.0 15.0 4.19767 25.0222
5.0 15.0 4.21432 25.0222
5.0 15.0 4.20286 25.0222
5.0 15.0 4.19729 25.0222
5.0 15.0 4.20572 25.0222
5.0 15.0 4.19585 25.0222
5.0 15.0 4.19183 25.0222
5.0 15.0 4.19677 25.0222
5.0 15.0 4.19399 25.0222
5.0 15.0 4.1925 25.0222
5.0 15.0 4.2425 25.0222
5.0 15.0 4.20519 25.0222
5.0 15.0 4.19797 25.0222
5.0 15.0 4.20806 25.0222
5.0 15.0 4.20198 25.0222
5.0 15.0 4.20476 25.0222
5.0 15.0 4.20352 25.0222
5.0 15.0 4.26138 25.0222
5.0 15.0 4.23827 25.0222
5.0 15.0 4.20179 25.0222
5.0 15.0 4.2161 25.0222
5.0 15.0 4.21436 25.0222
5.0 15.0 4.20276 25.0222
5.0 15.0 4.19554 25.0222
5.0 16.0 3.92335 25.0222
5.0 16.0 3.92391 25.0222
5.0 16.0 3.92861 25.0222
5.0 16.0 3.91245 25.0222
5.0 16.0 3.93271 25.0222
5.0 16.0 3.92175 25.0222
5.0 16.0 3.92031 25.0222
5.0 16.0 3.93001 25.0222
5.0 16.0 4.0274 25.0222
5.0 16.0 3.91838 25.0222
5.0 16.0 3.91777 25.0222
5.0 16.0 3.91053 25.0222
5.0 16.0 3.92737 25.0222
5.0 16.0 3.92389 25.0222
5.0 16.0 3.91983 25.0222
5.0 16.0 3.97966 25.0222
5.0 16.0 3.92401 25.0222
5.0 16.0 3.91997 25.0222
5.0 16.0 3.92147 25.0222
5.0 16.0 3.92679 25.0222
5.0 16.0 3.92041 25.0222
5.0 16.0 3.92816 25.0222
5.0 16.0 3.92304 25.0222
5.0 16.0 3.92007 25.0222
5.0 16.0 3.9341 25.0222
5.0 16.0 4.02119 25.0222
5.0 16.0 3.91965 25.0222
5.0 16.0 3.92095 25.0222
5.0 16.0 3.92181 25.0222
5.0 16.0 3.92073 25.0222
5.0 16.0 3.93527 25.0222
5.0 16.0 3.92219 25.0222
5.0 16.0 3.92097 25.0222
5.0 16.0 3.9199 25.0222
5.0 16.0 3.92722 25.0222
5.0 16.0 3.92389 25.0222
5.0 16.0 3.96495 25.0222
5.0 16.0 3.92012 25.0222
5.0 16.0 3.91835 25.0222
5.0 16.0 3.91569 25.0222
5.0 16.0 3.91779 25.0222
5.0 16.0 3.92429 25.0222
5.0 16.0 3.9516 25.0222
5.0 16.0 3.94495 25.0222
5.0 16.0 3.9174 25.0222
5.0 16.0 3.9211 25.0222
5.0 16.0 3.91946 25.0222
5.0 16.0 3.92717 25.0222
5.0 16.0 3.92333 25.0222
5.0 16.0 3.94944 25.0222
5.0 17.0 3.68162 25.0222
5.0 17.0 3.71743 25.0222
5.0 17.0 3.72174 25.0222
5.0 17.0 3.68031 25.0222
5.0 17.0 3.68264 25.0222
5.0 17.0 3.70387 25.0222
5.0 17.0 3.77301 25.0222
5.0 17.0 3.6769 25.0222
5.0 17.0 3.69292 25.0222
5.0 17.0 3.70329 25.0222
5.0 17.0 3.69764 25.0222
5.0 17.0 3.80401 25.0222
5.0 17.0 3.70931 25.0222
5.0 17.0 3.68124 25.0222
5.0 17.0 3.67848 25.0222
5.0 17.0 3.67918 25.0222
5.0 17.0 3.68668 25.0222
5.0 17.0 3.79127 25.0222
5.0 17.0 3.73815 25.0222
5.0 17.0 3.67874 25.0222
5.0 17.0 3.67595 25.0222
5.0 17.0 3.75319 25.0222
5.0 17.0 3.72164 25.0222
5.0 17.0 3.69969 25.0222
5.0 17.0 3.8012 25.0222
5.0 17.0 3.7749 25.0222
5.0 17.0 3.71002 25.0222
5.0 17.0 3.67329 25.0222
5.0 17.0 3.76027 25.0222
5.0 17.0 3.68782 25.0222
5.0 17.0 3.67799 25.0222
5.0 17.0 3.70977 25.0222
5.0 17.0 3.7225 25.0222
5.0 17.0 3.7373 25.0222
5.0 17.0 3.85649 25.0222
5.0 17.0 3.8085 25.0222
5.0 17.0 3.68901 25.0222
5.0 17.0 3.68005 25.0222
5.0 17.0 3.70772 25.0222
5.0 17.0 3.6779 25.0222
5.0 17.0 3.70608 25.0222
5.0 17.0 3.71533 25.0222
5.0 17.0 3.77498 25.0222
5.0 17.0 3.71518 25.0222
5.0 17.0 3.71633 25.0222
5.0 17.0 3.75394 25.0222
5.0 17.0 3.68032 25.0222
5.0 17.0 3.69093 25.0222
5.0 17.0 3.68546 25.0222
5.0 17.0 3.75521 25.0222
5.0 31.0 1.99719 25.0222
5.0 31.0 1.98229 25.0222
5.0 31.0 1.98897 25.0222
5.0 31.0 2.03471 25.0222
5.0 31.0 1.98309 25.0222
5.0 31.0 1.99336 25.0222
5.0 31.0 1.98831 25.0222
5.0 31.0 1.98151 25.0222
5.0 31.0 2.00019 25.0222
5.0 31.0 1.97264 25.0222
5.0 31.0 1.98713 25.0222
5.0 31.0 1.98293 25.0222
5.0 31.0 1.9851 25.0222
5.0 31.0 1.99637 25.0222
5.0 31.0 1.98551 25.0222
5.0 31.0 1.98384 25.0222
5.0 31.0 1.97625 25.0222
5.0 31.0 1.98959 25.0222
5.0 31.0 1.99271 25.0222
5.0 31.0 1.99217 25.0222
5.0 31.0 1.9808 25.0222
5.0 31.0 2.01906 25.0222
5.0 31.0 1.98635 25.0222
5.0 31.0 1.98262 25.0222
5.0 31.0 1.98331 25.0222
5.0 31.0 1.9965 25.0222
5.0 31.0 1.98879 25.0222
5.0 31.0 1.99871 25.0222
5.0 31.0 2.07506 25.0222
5.0 31.0 1.98512 25.0222
5.0 31.0 1.98753 25.0222
5.0 31.0 1.97426 25.0222
5.0 31.0 1.99071 25.0222
5.0 31.0 2.14949 25.0222
5.0 31.0 1.98573 25.0222
5.0 31.0 1.97567 25.0222
5.0 31.0 1.99297 25.0222
5.0 31.0 1.97708 25.0222
5.0 31.0 1.98822 25.0222
5.0 31.0 1.9815 25.0222
5.0 31.0 1.98873 25.0222
5.0 31.0 1.98742 25.0222
5.0 31.0 1.98847 25.0222
5.0 31.0 1.9729 25.0222
5.0 31.0 1.98292 25.0222
5.0 31.0 2.00906 25.0222
5.0 31.0 1.97685 25.0222
5.0 31.0 1.98277 25.0222
5.0 31.0 1.97232 25.0222
5.0 31.0 2.01894 25.0222
5.0 32.0 1.9136 25.0222
5.0 32.0 1.91991 25.0222
5.0 32.0 1.93096 25.0222
5.0 32.0 1.9295 25.0222
5.0 32.0 1.93903 25.0222
5.0 32.0 2.01851 25.0222
5.0 32.0 1.92849 25.0222
5.0 32.0 1.94627 25.0222
5.0 32.0 1.93308 25.0222
5.0 32.0 2.05551 25.0222
5.0 32.0 1.93064 25.0222
5.0 32.0 2.10463 25.0222
5.0 32.0 1.91679 25.0222
5.0 32.0 1.9325 25.0222
5.0 32.0 1.92415 25.0222
5.0 32.0 1.93581 25.0222
5.0 32.0 1.94705 25.0222
5.0 32.0 1.93192 25.0222
5.0 32.0 1.9268 25.0222
5.0 32.0 1.92831 25.0222
5.0 32.0 1.92024 25.0222
5.0 32.0 1.93693 25.0222
5.0 32.0 1.92076 25.0222
5.0 32.0 1.92848 25.0222
5.0 32.0 1.91248 25.0222
5.0 32.0 1.92926 25.0222
5.0 32.0 2.16032 25.0222
5.0 32.0 2.08057 25.0222
5.0 32.0 1.93576 25.0222
5.0 32.0 1.92546 25.0222
5.0 32.0 1.92003 25.0222
5.0 32.0 2.10187 25.0222
5.0 32.0 1.93122 25.0222
5.0 32.0 1.93351 25.0222
5.0 32.0 1.92197 25.0222
5.0 32.0 1.92415 25.0222
5.0 32.0 1.93855 25.0222
5.0 32.0 1.92334 25.0222
5.0 32.0 1.93027 25.0222
5.0 32.0 1.9419 25.0222
5.0 32.0 1.91786 25.0222
5.0 32.0 1.94303 25.0222
5.0 32.0 1.92122 25.0222
5.0 32.0 1.91579 25.0222
5.0 32.0 1.94482 25.0222
5.0 32.0 1.94146 25.0222
5.0 32.0 1.932 25.0222
5.0 32.0 1.98044 25.0222
5.0 32.0 1.92945 25.0222
5.0 32.0 1.93784 25.0222
5.0 33.0 1.86399 25.0222
5.0 33.0 1.85421 25.0222
5.0 33.0 1.87523 25.0222
5.0 33.0 1.86793 25.0222
5.0 33.0 2.06795 25.0222
5.0 33.0 1.87884 25.0222
5.0 33.0 1.86476 25.0222
5.0 33.0 1.87073 25.0222
5.0 33.0 1.87137 25.0222
5.0 33.0 1.88789 25.0222
5.0 33.0 1.89188 25.0222
5.0 33.0 1.87848 25.0222
5.0 33.0 1.87559 25.0222
5.0 33.0 1.97172 25.0222
5.0 33.0 1.86689 25.0222
5.0 33.0 1.86932 25.0222
5.0 33.0 1.86881 25.0222
5.0 33.0 1.86493 25.0222
5.0 33.0 1.9341 25.0222
5.0 33.0 1.85615 25.0222
5.0 33.0 1.91117 25.0222
5.0 33.0 1.88792 25.0222
5.0 33.0 1.86509 25.0222
5.0 33.0 1.86915 25.0222
5.0 33.0 1.87081 25.0222
5.0 33.0 1.86969 25.0222
5.0 33.0 1.87201 25.0222
5.0 33.0 1.87846 25.0222
5.0 33.0 1.88482 25.0222
5.0 33.0 1.8871 25.0222
5.0 33.0 1.9368 25.0222
5.0 33.0 2.03363 25.0222
5.0 33.0 2.01188 25.0222
5.0 33.0 1.87201 25.0222
5.0 33.0 1.86805 25.0222
5.0 33.0 1.88595 25.0222
5.0 33.0 1.96653 25.0222
5.0 33.0 2.04106 25.0222
5.0 33.0 1.89606 25.0222
5.0 33.0 2.04463 25.0222
5.0 33.0 1.8799 25.0222
5.0 33.0 1.92525 25.0222
5.0 33.0 1.93169 25.0222
5.0 33.0 1.87531 25.0222
5.0 33.0 1.87017 25.0222
5.0 33.0 1.87025 25.0222
5.0 33.0 1.89071 25.0222
5.0 33.0 1.89071 25.0222
5.0 33.0 1.89071 25.0222
5.0 33.0 1.89071 25.0222
